0.00594536 0.481703 0.526923
0.312376 0.457304 0.555769
0.0407923 0.00775302 0.25
0.395464 0.246783 0.498077
0.829741 0.363856 0.751923
0.781506 0.717749 0.844231
0.447773 0.810746 0.769231
0.944923 0.938337 1
0.886521 0.420752 0.792308
0.154418 0.524496 0.555769
0.147002 0.656129 0.630769
0.739471 0.766566 0.844231
0.868302 0.229352 0.746154
0.633632 0.791901 0.815385
0.0872349 0.088495 0.301923
0.101485 0.0361303 0.290385
0.112141 0.0687397 0.301923
0.643672 0.973631 0.907692
0.443214 0.96899 0.85
0.0973502 0.281827 0.411538
0.148212 0.870331 0.751923
0.50541 0.231997 0.55
0.618133 0.430118 0.665385
0.316616 0.409115 0.532692
0.847707 0.894025 0.942308
0.479683 0.863692 0.803846
0.184116 0.104245 0.348077
0.151773 0.224514 0.388462
0.83633 0.555883 0.809615
0.167478 0.839867 0.734615
0.47316 0.637145 0.688462
0.888816 0.799219 0.919231
0.365692 0.31796 0.509615
0.385817 0.827492 0.763462
0.858883 0.297088 0.751923
0.701457 0.961182 0.919231
0.917244 0.155717 0.763462
0.89918 0.457771 0.809615
0.974609 0.474075 0.85
0.918185 0.568663 0.85
0.775618 0.615824 0.798077
0.584639 0.0848118 0.567308
0.315204 0.116277 0.423077
0.544608 0.812275 0.798077
0.645233 0.0142668 0.596154
0.603596 0.0271543 0.573077
0.340025 0.658236 0.665385
0.462356 0.745495 0.740385
0.32536 0.975126 0.832692
0.519482 0.186911 0.544231
0.0781657 0.681496 0.636538
0.160286 0.195303 0.376923
0.977868 0.682552 0.913462
0.528155 0.996816 0.884615
0.221953 0.826743 0.734615
0.308933 0.0533048 0.405769
0.0458599 0.690236 0.642308
0.817156 0.778488 0.878846
0.221664 0.532306 0.567308
0.49662 0.318277 0.567308
0.587182 0.319601 0.613462
0.221611 0.240344 0.417308
0.482597 0.566337 0.659615
0.468747 0.776211 0.757692
0.713496 0.744283 0.826923
0.213187 0.275753 0.434615
0.873377 0.186297 0.740385
0.522484 0.892708 0.832692
0.545672 0.442611 0.636538
0.389664 0.433727 0.567308
0.959229 0.695027 0.913462
0.93654 0.19781 0.780769
0.884846 0.648429 0.861538
0.600838 0.326161 0.619231
0.143351 0.878421 0.757692
0.170087 0.255125 0.411538
0.369639 0.0266291 0.440385
0.625127 0.264661 0.619231
0.891399 0.479852 0.809615
0.686607 0.696602 0.792308
0.099229 0.717561 0.659615
0.825197 0.539644 0.798077
0.485464 0.571155 0.665385
0.220435 0.870823 0.757692
0.895081 0.569459 0.838462
0.634269 0.281159 0.625
0.23077 0.765717 0.7
0.853231 0.0379191 0.717308
0.720198 0.299616 0.676923
0.722869 0.898859 0.896154
0.987388 0.392188 0.838462
0.428813 0.185035 0.498077
0.918223 0.699522 0.896154
0.457736 0.812726 0.775
0.521377 0.56782 0.676923
0.797893 0.805903 0.884615
0.570827 0.11454 0.561538
0.915242 0.177535 0.763462
0.517366 0.20046 0.544231
0.541735 0.288496 0.578846
