0.17462 0.162833
0.259978 0.177701

0.429314 0.23587
0.259978 0.177701

0.429314 0.23587
0.511372 0.214958

0.5085 0.3257
0.511372 0.214958

0.5085 0.3257
0.465057 0.275099

0.372311 0.292176
0.465057 0.275099

0.372311 0.292176
0.435994 0.419146

0.676957 0.195706
0.435994 0.419146

0.676957 0.195706
0.656099 0.105026

0.586412 0.0866749
0.656099 0.105026

0.572991 0.0836382
0.586412 0.0866749

0.572991 0.0836382
0.586412 0.0866749

0.586412 0.0866749
0.731681 0.0320422

0.731681 0.0320422
0.833469 0.0650278

0.934544 0.0902647
0.833469 0.0650278

0.934544 0.0902647
0.959707 0.253293

0.851136 0.284553
0.959707 0.253293

0.851136 0.284553
0.843576 0.371651

0.843576 0.371651
0.787024 0.269122

0.782995 0.3964
0.787024 0.269122

0.832166 0.572981
0.782995 0.3964

0.832166 0.572981
0.803106 0.591561

0.825199 0.754944
0.803106 0.591561

0.940292 0.884363
0.825199 0.754944

0.940292 0.884363
0.889795 0.819682

0.889795 0.819682
0.85834 0.85183

0.80639 0.886134
0.85834 0.85183

0.80639 0.886134
0.85834 0.85183

0.825521 0.898154
0.85834 0.85183

0.684456 0.816824
0.825521 0.898154

0.684456 0.816824
0.673468 0.832416

0.589551 0.787209
0.673468 0.832416

0.589551 0.787209
0.572371 0.883862

0.572371 0.883862
0.675726 0.961239

0.657324 0.960802
0.675726 0.961239

0.657324 0.960802
0.716238 0.942619

0.67077 0.912
0.716238 0.942619

0.476582 0.982901
0.67077 0.912

0.190988 0.974108
0.476582 0.982901

0.219956 0.981365
0.190988 0.974108

0.219956 0.981365
0.236262 0.955166

0.236262 0.955166
0.140652 0.945058

0.140652 0.945058
0.15229 0.877464

0.15229 0.877464
0.120292 0.905306

0.120292 0.905306
0.142334 0.834574

0.163171 0.845385
0.142334 0.834574

0.119594 0.677435
0.163171 0.845385

0.119594 0.677435
0.135529 0.662715

0.135529 0.662715
0.0984408 0.644892

0.135529 0.662715
0.0984408 0.644892

0.135529 0.662715
0.128463 0.675906

0.135529 0.662715
0.128463 0.675906

0.177646 0.724731
0.135529 0.662715

0.177646 0.724731
0.190529 0.72755

0.268876 0.830329
0.190529 0.72755

0.268876 0.830329
0.341699 0.824321

0.374954 0.783888
0.341699 0.824321

0.374954 0.783888
0.341699 0.824321

0.456932 0.761719
0.341699 0.824321

0.456932 0.761719
0.502701 0.726637

0.518844 0.645373
0.502701 0.726637

0.518844 0.645373
0.502701 0.726637

0.477528 0.899798
0.502701 0.726637

0.477528 0.899798
0.456196 0.903271

0.477528 0.899798
0.456196 0.903271

0.528371 0.902321
0.477528 0.899798

0.554596 0.879903
0.528371 0.902321

0.554596 0.879903
0.622883 0.890384

0.622883 0.890384
0.636784 0.912807

0.661561 0.833356
0.636784 0.912807

0.661561 0.833356
0.683588 0.769436

0.745902 0.769018
0.683588 0.769436

0.68382 0.617441
0.745902 0.769018

0.68382 0.617441
0.594192 0.608674

0.579012 0.559005
0.594192 0.608674

0.579012 0.559005
0.582718 0.591667

0.698042 0.680891
0.582718 0.591667

0.86289 0.716038
0.698042 0.680891

0.86289 0.716038
0.898823 0.634549

0.86289 0.716038
0.898823 0.634549

0.86289 0.716038
0.738294 0.671

0.738294 0.671
0.72659 0.547768

0.704405 0.446207
0.72659 0.547768

0.782995 0.3964
0.704405 0.446207

0.750415 0.32456
0.782995 0.3964

0.750415 0.32456
0.606384 0.318826

0.606384 0.318826
0.591392 0.371012

0.546819 0.222979
0.591392 0.371012

0.516994 0.0794034
0.546819 0.222979

0.516994 0.0794034
0.457857 0.0900482

0.457857 0.0900482
0.55396 0.0340107

0.457857 0.0900482
0.55396 0.0340107

0.457857 0.0900482
0.27356 0.061161

0.284489 0.0125396
0.27356 0.061161

0.284489 0.0125396
0.27356 0.061161

0.27356 0.061161
0.298171 0.0531187

0.0901686 0.079431
0.298171 0.0531187

0.00126327 0.00704028
0.0901686 0.079431

0.117704 0.17671
0.00126327 0.00704028

0.117704 0.17671
0.107456 0.347522

0.00801234 0.384875
0.107456 0.347522

0.00801234 0.384875
0.0616198 0.493407

0.19455 0.478951
0.0616198 0.493407

0.19455 0.478951
0.243026 0.509265

0.283048 0.570655
0.243026 0.509265

0.273458 0.398363
0.283048 0.570655

0.273458 0.398363
0.294614 0.362871

0.113042 0.328068
0.294614 0.362871

0.113042 0.328068
0.180439 0.238644

0.17462 0.162833
0.180439 0.238644

