0.311394 0.0491627
0.368141 0.0237956

0.644188 0.0116104
0.368141 0.0237956

0.740292 0.0721202
0.644188 0.0116104

0.735452 0.246301
0.740292 0.0721202

0.738699 0.263639
0.735452 0.246301

0.738699 0.263639
0.667854 0.33665

0.667854 0.33665
0.630378 0.297411

0.607548 0.33773
0.630378 0.297411

0.607548 0.33773
0.611604 0.39097

0.57413 0.413541
0.611604 0.39097

0.661572 0.561095
0.57413 0.413541

0.664371 0.640062
0.661572 0.561095

0.664371 0.640062
0.671705 0.617205

0.671705 0.617205
0.711786 0.576432

0.713473 0.563047
0.711786 0.576432

0.731667 0.558781
0.713473 0.563047

0.761457 0.463088
0.731667 0.558781

0.761457 0.463088
0.786225 0.497939

0.786225 0.497939
0.862528 0.486038

0.862528 0.486038
0.938181 0.518076

0.966332 0.507313
0.938181 0.518076

0.922397 0.511857
0.966332 0.507313

0.922397 0.511857
0.840092 0.566738

0.813148 0.564595
0.840092 0.566738

0.813148 0.564595
0.862528 0.486038

0.865565 0.500514
0.862528 0.486038

0.865565 0.500514
0.860348 0.44581

0.849789 0.324698
0.860348 0.44581

0.849789 0.324698
0.848985 0.250479

0.843686 0.221927
0.848985 0.250479

0.843686 0.221927
0.848985 0.250479

0.902764 0.0824298
0.848985 0.250479

0.902764 0.0824298
0.810987 0.0735494

0.810987 0.0735494
0.748033 0.0599225

0.69159 0.0473595
0.748033 0.0599225

0.69159 0.0473595
0.643364 0.139862

0.63443 0.182837
0.643364 0.139862

0.63443 0.182837
0.589439 0.111818

0.58468 0.0742357
0.589439 0.111818

0.58468 0.0742357
0.589439 0.111818

0.589439 0.111818
0.5447 0.153214

0.5447 0.153214
0.523222 0.183569

0.542092 0.176545
0.523222 0.183569

0.419194 0.221912
0.542092 0.176545

0.419194 0.221912
0.423477 0.228762

0.26078 0.212491
0.423477 0.228762

0.26078 0.212491
0.305824 0.420452

0.335041 0.426109
0.305824 0.420452

0.398952 0.433459
0.335041 0.426109

0.398952 0.433459
0.481273 0.473837

0.48054 0.461165
0.481273 0.473837

0.48054 0.461165
0.481273 0.473837

0.461858 0.610352
0.481273 0.473837

0.461858 0.610352
0.441966 0.655747

0.523123 0.684151
0.441966 0.655747

0.502826 0.723154
0.523123 0.684151

0.502826 0.723154
0.584928 0.807143

0.584928 0.807143
0.672527 0.871609

0.672527 0.871609
0.812879 0.846569

0.847891 0.821716
0.812879 0.846569

0.868273 0.795626
0.847891 0.821716

0.948357 0.726202
0.868273 0.795626

0.946966 0.787133
0.948357 0.726202

0.946966 0.787133
0.97787 0.91903

0.829717 0.926249
0.97787 0.91903

0.805631 0.95478
0.829717 0.926249

0.805631 0.95478
0.811336 0.92322

0.799103 0.926756
0.811336 0.92322

0.640466 0.968734
0.799103 0.926756

0.640466 0.968734
0.541795 0.941719

0.517634 0.955427
0.541795 0.941719

0.517634 0.955427
0.45872 0.962888

0.255922 0.971677
0.45872 0.962888

0.255922 0.971677
0.155267 0.954262

0.067826 0.932304
0.155267 0.954262

0.146053 0.911505
0.067826 0.932304

0.146053 0.911505
0.184108 0.86862

0.184108 0.86862
0.295566 0.823679

0.287306 0.707273
0.295566 0.823679

0.287306 0.707273
0.280197 0.684667

0.220928 0.671554
0.280197 0.684667

0.220928 0.671554
0.0124678 0.735976

0.0551625 0.795862
0.0124678 0.735976

0.011528 0.716118
0.0551625 0.795862

0.011528 0.716118
0.082324 0.52706

0.14519 0.461079
0.082324 0.52706

0.14519 0.461079
0.150769 0.369171

0.158854 0.382918
0.150769 0.369171

0.17574 0.350324
0.158854 0.382918

0.17574 0.350324
0.220955 0.282425

0.220955 0.282425
0.126663 0.292984

0.0584478 0.309487
0.126663 0.292984

0.0584478 0.309487
0.145239 0.302635

0.0173803 0.170349
0.145239 0.302635

0.0092619 0.0784528
0.0173803 0.170349

0.0092619 0.0784528
0.0822254 0.0138585

0.311394 0.0491627
0.0822254 0.0138585

