0.0700798 0.025942 0
0.0780385 0.673546 0
0.61189 0.421218 0
0.123038 0.0714606 0
0.146858 0.868882 0
0.1214 0.0286886 0
0.462737 0.432461 0
0.201652 0.561835 0
0.758906 0.0922203 0
0.742462 0.685151 0
0.0295872 0.402172 0
0.170009 0.0490109 0
0.352593 0.512754 0
0.110649 0.257559 0
0.896443 0.511971 0
0.597864 0.629615 0
0.647557 0.199691 0
0.442362 0.567782 0
0.394217 0.919957 0
0.839705 0.0313498 0
0.609024 0.0532984 0
0.584189 0.787266 0
0.662771 0.135759 0
0.366042 0.444229 0
0.213974 0.180113 0
0.0100515 0.867906 0
0.978267 0.0129285 0
0.0918347 0.189452 0
0.268158 0.953331 0
0.776879 0.00123266 0
0.982874 0.441287 0
0.254604 0.395867 0
0.568367 0.460272 0
0.760838 0.0481812 0
0.260046 0.193396 0
0.652695 0.986245 0
0.876839 0.559792 0
0.400439 0.505482 0
0.344016 0.0303814 0
0.992054 0.490622 0
0.185909 0.469116 0
0.883215 0.98436 0
0.640353 0.232653 0
0.514004 0.6174 0
0.595788 0.347557 0
0.799657 0.43701 0
0.0634773 0.31099 0
0.402892 0.712908 0
0.707875 0.0819822 0
0.801521 0.66739 0
