0.043946 0.451416 0.04
0.140207 0.494751 0.04
0.923756 0.180288 0.04
0.299546 0.324902 0.04
0.381288 0.829944 0.04
0.594823 0.00222534 0.04
0.843903 0.252699 0.04
0.472181 0.273245 0.04
0.384285 0.924686 0.04
0.529292 0.58723 0.04
0.0740155 0.709011 0.04
0.312774 0.356817 0.04
0.804484 0.690981 0.04
0.629066 0.422324 0.04
0.253639 0.646535 0.04
0.971942 0.497295 0.04
0.222174 0.885464 0.04
0.595138 0.912433 0.04
0.56574 0.181201 0.04
0.457438 0.0191991 0.04
0.85686 0.0984547 0.04
0.262882 0.870308 0.04
0.84921 0.835551 0.04
0.399342 0.352695 0.04
0.876056 0.89182 0.04
0.0925655 0.744048 0.04
0.332123 0.0513807 0.04
0.158465 0.105841 0.04
0.304244 0.530819 0.04
0.138721 0.124949 0.04
0.754391 0.246947 0.04
0.674421 0.955291 0.04
0.589428 0.601734 0.04
0.656009 0.597864 0.04
0.156239 0.493434 0.04
0.402207 0.169116 0.04
0.775296 0.335051 0.04
0.322475 0.589597 0.04
0.820803 0.348517 0.04
0.723321 0.890821 0.04
0.0199845 0.390558 0.04
0.964951 0.155201 0.04
0.837272 0.5866 0.04
0.762416 0.148376 0.04
0.718583 0.947414 0.04
0.856553 0.942757 0.04
0.7029 0.0832221 0.04
0.588203 0.762117 0.04
0.714038 0.412549 0.04
