0.841806 0.32382
0.241884 0.671992

0.841806 0.32382
0.246747 0.910628

0.841806 0.32382
0.246797 0.725781

0.841806 0.32382
0.300863 0.721153

0.841806 0.32382
0.826863 0.907407

0.841806 0.32382
0.968275 0.519657

0.841806 0.32382
0.174425 0.827424

0.841806 0.32382
0.733716 0.950216

0.841806 0.32382
0.335267 0.104048

0.841806 0.32382
0.398539 0.532829

0.841806 0.32382
0.664357 0.940154

0.841806 0.32382
0.416087 0.302788

0.841806 0.32382
0.163923 0.74331

0.841806 0.32382
0.0466161 0.831285

0.841806 0.32382
0.083624 0.938591

0.841806 0.32382
0.39561 0.0895515

0.841806 0.32382
0.193457 0.0292695

0.841806 0.32382
0.952383 0.956272

0.841806 0.32382
0.759739 0.75476

0.841806 0.32382
0.859253 0.375816

0.841806 0.32382
0.861247 0.342105

0.841806 0.32382
0.142043 0.14062

0.841806 0.32382
0.751601 0.571997

0.841806 0.32382
0.1753 0.203638

0.841806 0.32382
0.535987 0.599531

0.841806 0.32382
0.91577 0.111518

0.841806 0.32382
0.875814 0.978532

0.241884 0.671992
0.056393 0.49475

0.241884 0.671992
0.733716 0.950216

0.241884 0.671992
0.790047 0.407062

0.241884 0.671992
0.398539 0.532829

0.241884 0.671992
0.848853 0.811679

0.241884 0.671992
0.0466161 0.831285

0.241884 0.671992
0.083624 0.938591

0.241884 0.671992
0.840096 0.950569

0.241884 0.671992
0.517621 0.997511

0.241884 0.671992
0.759739 0.75476

0.241884 0.671992
0.873414 0.714436

0.241884 0.671992
0.92051 0.668805

0.241884 0.671992
0.126789 0.640446

0.241884 0.671992
0.865614 0.49666

0.241884 0.671992
0.413426 0.274149

0.241884 0.671992
0.861247 0.342105

0.241884 0.671992
0.91231 0.902931

0.241884 0.671992
0.134397 0.197588

0.241884 0.671992
0.437184 0.74398

0.241884 0.671992
0.414595 0.295363

0.241884 0.671992
0.742445 0.711728

0.241884 0.671992
0.535987 0.599531

0.241884 0.671992
0.91577 0.111518

0.241884 0.671992
0.875814 0.978532

0.241884 0.671992
0.788395 0.295207

0.60114 0.286304
0.185605 0.170559

0.60114 0.286304
0.301948 0.421623

0.60114 0.286304
0.224413 0.986999

0.60114 0.286304
0.300863 0.721153

0.60114 0.286304
0.826863 0.907407

0.60114 0.286304
0.174425 0.827424

0.60114 0.286304
0.0281356 0.402611

0.60114 0.286304
0.168965 0.932696

0.60114 0.286304
0.790047 0.407062

0.60114 0.286304
0.664357 0.940154

0.60114 0.286304
0.517623 0.387742

0.60114 0.286304
0.416087 0.302788

0.60114 0.286304
0.0466161 0.831285

0.60114 0.286304
0.884529 0.185137

0.60114 0.286304
0.39561 0.0895515

0.60114 0.286304
0.0950542 0.835204

0.60114 0.286304
0.209507 0.206221

0.60114 0.286304
0.458676 0.649838

0.60114 0.286304
0.637659 0.073631

0.60114 0.286304
0.618189 0.360422

0.60114 0.286304
0.414595 0.295363

0.60114 0.286304
0.445584 0.100758

0.60114 0.286304
0.538567 0.68028

0.60114 0.286304
0.875814 0.978532

0.60114 0.286304
0.788395 0.295207

0.60114 0.286304
0.0627965 0.455555

0.246747 0.910628
0.246797 0.725781

0.246747 0.910628
0.524434 0.888541

0.246747 0.910628
0.301948 0.421623

0.246747 0.910628
0.733716 0.950216

0.246747 0.910628
0.718751 0.947097

0.246747 0.910628
0.517623 0.387742

0.246747 0.910628
0.163923 0.74331

0.246747 0.910628
0.0466161 0.831285

0.246747 0.910628
0.083624 0.938591

0.246747 0.910628
0.0950542 0.835204

0.246747 0.910628
0.812953 0.626105

0.246747 0.910628
0.458676 0.649838

0.246747 0.910628
0.798125 0.747771

0.246747 0.910628
0.269894 0.741816

0.246747 0.910628
0.413426 0.274149

0.246747 0.910628
0.861247 0.342105

0.246747 0.910628
0.142043 0.14062

0.246747 0.910628
0.425533 0.719429

0.246747 0.910628
0.812082 0.409967

0.246747 0.910628
0.579716 0.522615

0.246747 0.910628
0.742445 0.711728

0.246747 0.910628
0.538567 0.68028

0.246747 0.910628
0.535987 0.599531

0.246747 0.910628
0.0652673 0.264131

0.246747 0.910628
0.91577 0.111518

0.486921 0.947716
0.710686 0.818698

0.486921 0.947716
0.246797 0.725781

0.486921 0.947716
0.524434 0.888541

0.486921 0.947716
0.301948 0.421623

0.486921 0.947716
0.224413 0.986999

0.486921 0.947716
0.174425 0.827424

0.486921 0.947716
0.168965 0.932696

0.486921 0.947716
0.0937745 0.805559

0.486921 0.947716
0.664357 0.940154

0.486921 0.947716
0.238404 0.705016

0.486921 0.947716
0.590445 0.0669503

0.486921 0.947716
0.626841 0.277116

0.486921 0.947716
0.517623 0.387742

0.486921 0.947716
0.541712 0.879934

0.486921 0.947716
0.0709713 0.0760147

0.486921 0.947716
0.224268 0.153475

0.486921 0.947716
0.812953 0.626105

0.486921 0.947716
0.193457 0.0292695

0.486921 0.947716
0.329037 0.301449

0.486921 0.947716
0.209507 0.206221

0.486921 0.947716
0.458676 0.649838

0.486921 0.947716
0.873414 0.714436

0.486921 0.947716
0.637659 0.073631

0.486921 0.947716
0.859253 0.375816

0.486921 0.947716
0.618189 0.360422

0.486921 0.947716
0.91231 0.902931

0.486921 0.947716
0.579716 0.522615

0.486921 0.947716
0.134397 0.197588

0.486921 0.947716
0.437184 0.74398

0.486921 0.947716
0.742445 0.711728

0.486921 0.947716
0.538567 0.68028

0.486921 0.947716
0.535987 0.599531

0.185605 0.170559
0.710686 0.818698

0.185605 0.170559
0.301948 0.421623

0.185605 0.170559
0.187237 0.455113

0.185605 0.170559
0.826863 0.907407

0.185605 0.170559
0.168965 0.932696

0.185605 0.170559
0.335267 0.104048

0.185605 0.170559
0.0891569 0.852803

0.185605 0.170559
0.664357 0.940154

0.185605 0.170559
0.590445 0.0669503

0.185605 0.170559
0.840096 0.950569

0.185605 0.170559
0.0709713 0.0760147

0.185605 0.170559
0.431822 0.737879

0.185605 0.170559
0.39561 0.0895515

0.185605 0.170559
0.224268 0.153475

0.185605 0.170559
0.812953 0.626105

0.185605 0.170559
0.379076 0.631355

0.185605 0.170559
0.873414 0.714436

0.185605 0.170559
0.0829796 0.847757

0.185605 0.170559
0.798125 0.747771

0.185605 0.170559
0.92051 0.668805

0.185605 0.170559
0.859253 0.375816

0.185605 0.170559
0.91231 0.902931

0.185605 0.170559
0.588614 0.619933

0.185605 0.170559
0.742445 0.711728

0.185605 0.170559
0.0652673 0.264131

0.185605 0.170559
0.91577 0.111518

0.710686 0.818698
0.524434 0.888541

0.710686 0.818698
0.187237 0.455113

0.710686 0.818698
0.224413 0.986999

0.710686 0.818698
0.300863 0.721153

0.710686 0.818698
0.0594651 0.801458

0.710686 0.818698
0.056393 0.49475

0.710686 0.818698
0.174425 0.827424

0.710686 0.818698
0.0281356 0.402611

0.710686 0.818698
0.168965 0.932696

0.710686 0.818698
0.0937745 0.805559

0.710686 0.818698
0.0709713 0.0760147

0.710686 0.818698
0.517621 0.997511

0.710686 0.818698
0.193457 0.0292695

0.710686 0.818698
0.952383 0.956272

0.710686 0.818698
0.329037 0.301449

0.710686 0.818698
0.458676 0.649838

0.710686 0.818698
0.798125 0.747771

0.710686 0.818698
0.269894 0.741816

0.710686 0.818698
0.126789 0.640446

0.710686 0.818698
0.579716 0.522615

0.710686 0.818698
0.895937 0.0966354

0.710686 0.818698
0.377074 0.419868

0.710686 0.818698
0.742445 0.711728

0.710686 0.818698
0.445584 0.100758

0.710686 0.818698
0.538567 0.68028

0.710686 0.818698
0.535987 0.599531

0.710686 0.818698
0.0652673 0.264131

0.710686 0.818698
0.95393 0.228298

0.710686 0.818698
0.788395 0.295207

0.710686 0.818698
0.0627965 0.455555

0.246797 0.725781
0.524434 0.888541

0.246797 0.725781
0.341955 0.552013

0.246797 0.725781
0.056393 0.49475

0.246797 0.725781
0.174425 0.827424

0.246797 0.725781
0.335267 0.104048

0.246797 0.725781
0.590445 0.0669503

0.246797 0.725781
0.167764 0.58516

0.246797 0.725781
0.416087 0.302788

0.246797 0.725781
0.163923 0.74331

0.246797 0.725781
0.0466161 0.831285

0.246797 0.725781
0.083624 0.938591

0.246797 0.725781
0.840096 0.950569

0.246797 0.725781
0.39561 0.0895515

0.246797 0.725781
0.35936 0.886808

0.246797 0.725781
0.812953 0.626105

0.246797 0.725781
0.247016 0.691507

0.246797 0.725781
0.329037 0.301449

0.246797 0.725781
0.209507 0.206221

0.246797 0.725781
0.895313 0.941469

0.246797 0.725781
0.269894 0.741816

0.246797 0.725781
0.865614 0.49666

0.246797 0.725781
0.895937 0.0966354

0.246797 0.725781
0.588614 0.619933

0.246797 0.725781
0.1753 0.203638

0.246797 0.725781
0.414595 0.295363

0.246797 0.725781
0.0652673 0.264131

0.246797 0.725781
0.875814 0.978532

0.246797 0.725781
0.95393 0.228298

0.524434 0.888541
0.301948 0.421623

0.524434 0.888541
0.224413 0.986999

0.524434 0.888541
0.300863 0.721153

0.524434 0.888541
0.968275 0.519657

0.524434 0.888541
0.733716 0.950216

0.524434 0.888541
0.664357 0.940154

0.524434 0.888541
0.351882 0.219693

0.524434 0.888541
0.416087 0.302788

0.524434 0.888541
0.163923 0.74331

0.524434 0.888541
0.0709713 0.0760147

0.524434 0.888541
0.884529 0.185137

0.524434 0.888541
0.379076 0.631355

0.524434 0.888541
0.329037 0.301449

0.524434 0.888541
0.873414 0.714436

0.524434 0.888541
0.0829796 0.847757

0.524434 0.888541
0.637659 0.073631

0.524434 0.888541
0.269894 0.741816

0.524434 0.888541
0.618189 0.360422

0.524434 0.888541
0.425533 0.719429

0.524434 0.888541
0.812082 0.409967

0.524434 0.888541
0.437184 0.74398

0.524434 0.888541
0.0146046 0.66776

0.524434 0.888541
0.742445 0.711728

0.524434 0.888541
0.445584 0.100758

0.524434 0.888541
0.0652673 0.264131

0.524434 0.888541
0.91577 0.111518

0.524434 0.888541
0.95393 0.228298

0.524434 0.888541
0.788395 0.295207

0.524434 0.888541
0.0627965 0.455555

0.341955 0.552013
0.826863 0.907407

0.341955 0.552013
0.968275 0.519657

0.341955 0.552013
0.174425 0.827424

0.341955 0.552013
0.733716 0.950216

0.341955 0.552013
0.335267 0.104048

0.341955 0.552013
0.664357 0.940154

0.341955 0.552013
0.238404 0.705016

0.341955 0.552013
0.848853 0.811679

0.341955 0.552013
0.431822 0.737879

0.341955 0.552013
0.492873 0.355513

0.341955 0.552013
0.39561 0.0895515

0.341955 0.552013
0.0950542 0.835204

0.341955 0.552013
0.0829796 0.847757

0.341955 0.552013
0.798125 0.747771

0.341955 0.552013
0.413426 0.274149

0.341955 0.552013
0.142043 0.14062

0.341955 0.552013
0.425533 0.719429

0.341955 0.552013
0.812082 0.409967

0.341955 0.552013
0.579716 0.522615

0.341955 0.552013
0.751601 0.571997

0.341955 0.552013
0.134397 0.197588

0.341955 0.552013
0.1753 0.203638

0.341955 0.552013
0.788395 0.295207

0.301948 0.421623
0.187237 0.455113

0.301948 0.421623
0.968275 0.519657

0.301948 0.421623
0.168965 0.932696

0.301948 0.421623
0.790047 0.407062

0.301948 0.421623
0.398539 0.532829

0.301948 0.421623
0.590445 0.0669503

0.301948 0.421623
0.626841 0.277116

0.301948 0.421623
0.718751 0.947097

0.301948 0.421623
0.517623 0.387742

0.301948 0.421623
0.848853 0.811679

0.301948 0.421623
0.416087 0.302788

0.301948 0.421623
0.840096 0.950569

0.301948 0.421623
0.884529 0.185137

0.301948 0.421623
0.812953 0.626105

0.301948 0.421623
0.952383 0.956272

0.301948 0.421623
0.604364 0.575675

0.301948 0.421623
0.329037 0.301449

0.301948 0.421623
0.895313 0.941469

0.301948 0.421623
0.873414 0.714436

0.301948 0.421623
0.413426 0.274149

0.301948 0.421623
0.91231 0.902931

0.301948 0.421623
0.579716 0.522615

0.301948 0.421623
0.588614 0.619933

0.301948 0.421623
0.1753 0.203638

0.301948 0.421623
0.414595 0.295363

0.301948 0.421623
0.538567 0.68028

0.301948 0.421623
0.535987 0.599531

0.301948 0.421623
0.91577 0.111518

0.301948 0.421623
0.95393 0.228298

0.301948 0.421623
0.788395 0.295207

0.696873 0.297621
0.224413 0.986999

0.696873 0.297621
0.0594651 0.801458

0.696873 0.297621
0.174425 0.827424

0.696873 0.297621
0.335267 0.104048

0.696873 0.297621
0.398539 0.532829

0.696873 0.297621
0.0891569 0.852803

0.696873 0.297621
0.167764 0.58516

0.696873 0.297621
0.626841 0.277116

0.696873 0.297621
0.541712 0.879934

0.696873 0.297621
0.0466161 0.831285

0.696873 0.297621
0.492873 0.355513

0.696873 0.297621
0.884529 0.185137

0.696873 0.297621
0.39561 0.0895515

0.696873 0.297621
0.0950542 0.835204

0.696873 0.297621
0.517621 0.997511

0.696873 0.297621
0.247016 0.691507

0.696873 0.297621
0.952383 0.956272

0.696873 0.297621
0.329037 0.301449

0.696873 0.297621
0.209507 0.206221

0.696873 0.297621
0.458676 0.649838

0.696873 0.297621
0.873414 0.714436

0.696873 0.297621
0.618189 0.360422

0.696873 0.297621
0.865614 0.49666

0.696873 0.297621
0.142043 0.14062

0.696873 0.297621
0.91231 0.902931

0.696873 0.297621
0.895937 0.0966354

0.696873 0.297621
0.437184 0.74398

0.696873 0.297621
0.742445 0.711728

0.696873 0.297621
0.535987 0.599531

0.696873 0.297621
0.875814 0.978532

0.696873 0.297621
0.788395 0.295207

0.187237 0.455113
0.300863 0.721153

0.187237 0.455113
0.056393 0.49475

0.187237 0.455113
0.968275 0.519657

0.187237 0.455113
0.174425 0.827424

0.187237 0.455113
0.0937745 0.805559

0.187237 0.455113
0.398539 0.532829

0.187237 0.455113
0.351882 0.219693

0.187237 0.455113
0.517623 0.387742

0.187237 0.455113
0.492873 0.355513

0.187237 0.455113
0.517621 0.997511

0.187237 0.455113
0.224268 0.153475

0.187237 0.455113
0.604364 0.575675

0.187237 0.455113
0.329037 0.301449

0.187237 0.455113
0.209507 0.206221

0.187237 0.455113
0.458676 0.649838

0.187237 0.455113
0.798125 0.747771

0.187237 0.455113
0.269894 0.741816

0.187237 0.455113
0.859253 0.375816

0.187237 0.455113
0.126789 0.640446

0.187237 0.455113
0.618189 0.360422

0.187237 0.455113
0.413426 0.274149

0.187237 0.455113
0.91231 0.902931

0.187237 0.455113
0.895937 0.0966354

0.187237 0.455113
0.437184 0.74398

0.187237 0.455113
0.445584 0.100758

0.187237 0.455113
0.535987 0.599531

0.224413 0.986999
0.826863 0.907407

0.224413 0.986999
0.0594651 0.801458

0.224413 0.986999
0.733716 0.950216

0.224413 0.986999
0.0937745 0.805559

0.224413 0.986999
0.351882 0.219693

0.224413 0.986999
0.848853 0.811679

0.224413 0.986999
0.431822 0.737879

0.224413 0.986999
0.492873 0.355513

0.224413 0.986999
0.224268 0.153475

0.224413 0.986999
0.193457 0.0292695

0.224413 0.986999
0.604364 0.575675

0.224413 0.986999
0.329037 0.301449

0.224413 0.986999
0.873414 0.714436

0.224413 0.986999
0.0829796 0.847757

0.224413 0.986999
0.637659 0.073631

0.224413 0.986999
0.618189 0.360422

0.224413 0.986999
0.861247 0.342105

0.224413 0.986999
0.751601 0.571997

0.224413 0.986999
0.134397 0.197588

0.224413 0.986999
0.538567 0.68028

0.224413 0.986999
0.95393 0.228298

0.224413 0.986999
0.20164 0.202696

0.224413 0.986999
0.788395 0.295207

0.300863 0.721153
0.0281356 0.402611

0.300863 0.721153
0.168965 0.932696

0.300863 0.721153
0.335267 0.104048

0.300863 0.721153
0.541712 0.879934

0.300863 0.721153
0.416087 0.302788

0.300863 0.721153
0.840096 0.950569

0.300863 0.721153
0.0950542 0.835204

0.300863 0.721153
0.224268 0.153475

0.300863 0.721153
0.812953 0.626105

0.300863 0.721153
0.193457 0.0292695

0.300863 0.721153
0.379076 0.631355

0.300863 0.721153
0.604364 0.575675

0.300863 0.721153
0.329037 0.301449

0.300863 0.721153
0.759739 0.75476

0.300863 0.721153
0.269894 0.741816

0.300863 0.721153
0.413426 0.274149

0.300863 0.721153
0.812082 0.409967

0.300863 0.721153
0.437184 0.74398

0.300863 0.721153
0.0146046 0.66776

0.300863 0.721153
0.445584 0.100758

0.300863 0.721153
0.20164 0.202696

0.826863 0.907407
0.0594651 0.801458

0.826863 0.907407
0.056393 0.49475

0.826863 0.907407
0.174425 0.827424

0.826863 0.907407
0.733716 0.950216

0.826863 0.907407
0.664357 0.940154

0.826863 0.907407
0.351882 0.219693

0.826863 0.907407
0.517623 0.387742

0.826863 0.907407
0.083624 0.938591

0.826863 0.907407
0.840096 0.950569

0.826863 0.907407
0.431822 0.737879

0.826863 0.907407
0.492873 0.355513

0.826863 0.907407
0.0950542 0.835204

0.826863 0.907407
0.247016 0.691507

0.826863 0.907407
0.193457 0.0292695

0.826863 0.907407
0.759739 0.75476

0.826863 0.907407
0.458676 0.649838

0.826863 0.907407
0.126789 0.640446

0.826863 0.907407
0.134397 0.197588

0.826863 0.907407
0.445584 0.100758

0.826863 0.907407
0.535987 0.599531

0.826863 0.907407
0.875814 0.978532

0.0594651 0.801458
0.968275 0.519657

0.0594651 0.801458
0.174425 0.827424

0.0594651 0.801458
0.0281356 0.402611

0.0594651 0.801458
0.0891569 0.852803

0.0594651 0.801458
0.167764 0.58516

0.0594651 0.801458
0.351882 0.219693

0.0594651 0.801458
0.0466161 0.831285

0.0594651 0.801458
0.083624 0.938591

0.0594651 0.801458
0.840096 0.950569

0.0594651 0.801458
0.431822 0.737879

0.0594651 0.801458
0.884529 0.185137

0.0594651 0.801458
0.0950542 0.835204

0.0594651 0.801458
0.35936 0.886808

0.0594651 0.801458
0.517621 0.997511

0.0594651 0.801458
0.952383 0.956272

0.0594651 0.801458
0.329037 0.301449

0.0594651 0.801458
0.637659 0.073631

0.0594651 0.801458
0.126789 0.640446

0.0594651 0.801458
0.425533 0.719429

0.0594651 0.801458
0.1753 0.203638

0.0594651 0.801458
0.377074 0.419868

0.0594651 0.801458
0.742445 0.711728

0.0594651 0.801458
0.538567 0.68028

0.0594651 0.801458
0.0652673 0.264131

0.0594651 0.801458
0.20164 0.202696

0.056393 0.49475
0.968275 0.519657

0.056393 0.49475
0.0937745 0.805559

0.056393 0.49475
0.167764 0.58516

0.056393 0.49475
0.351882 0.219693

0.056393 0.49475
0.0466161 0.831285

0.056393 0.49475
0.083624 0.938591

0.056393 0.49475
0.492873 0.355513

0.056393 0.49475
0.884529 0.185137

0.056393 0.49475
0.35936 0.886808

0.056393 0.49475
0.812953 0.626105

0.056393 0.49475
0.604364 0.575675

0.056393 0.49475
0.873414 0.714436

0.056393 0.49475
0.0829796 0.847757

0.056393 0.49475
0.142043 0.14062

0.056393 0.49475
0.425533 0.719429

0.056393 0.49475
0.812082 0.409967

0.056393 0.49475
0.579716 0.522615

0.056393 0.49475
0.1753 0.203638

0.056393 0.49475
0.91577 0.111518

0.056393 0.49475
0.875814 0.978532

0.968275 0.519657
0.790047 0.407062

0.968275 0.519657
0.0891569 0.852803

0.968275 0.519657
0.167764 0.58516

0.968275 0.519657
0.351882 0.219693

0.968275 0.519657
0.626841 0.277116

0.968275 0.519657
0.163923 0.74331

0.968275 0.519657
0.431822 0.737879

0.968275 0.519657
0.492873 0.355513

0.968275 0.519657
0.517621 0.997511

0.968275 0.519657
0.193457 0.0292695

0.968275 0.519657
0.952383 0.956272

0.968275 0.519657
0.379076 0.631355

0.968275 0.519657
0.329037 0.301449

0.968275 0.519657
0.209507 0.206221

0.968275 0.519657
0.637659 0.073631

0.968275 0.519657
0.269894 0.741816

0.968275 0.519657
0.859253 0.375816

0.968275 0.519657
0.865614 0.49666

0.968275 0.519657
0.413426 0.274149

0.968275 0.519657
0.751601 0.571997

0.968275 0.519657
0.742445 0.711728

0.968275 0.519657
0.538567 0.68028

0.968275 0.519657
0.20164 0.202696

0.174425 0.827424
0.790047 0.407062

0.174425 0.827424
0.0937745 0.805559

0.174425 0.827424
0.0891569 0.852803

0.174425 0.827424
0.351882 0.219693

0.174425 0.827424
0.626841 0.277116

0.174425 0.827424
0.517623 0.387742

0.174425 0.827424
0.0709713 0.0760147

0.174425 0.827424
0.0950542 0.835204

0.174425 0.827424
0.35936 0.886808

0.174425 0.827424
0.224268 0.153475

0.174425 0.827424
0.247016 0.691507

0.174425 0.827424
0.193457 0.0292695

0.174425 0.827424
0.952383 0.956272

0.174425 0.827424
0.92051 0.668805

0.174425 0.827424
0.637659 0.073631

0.174425 0.827424
0.859253 0.375816

0.174425 0.827424
0.413426 0.274149

0.174425 0.827424
0.425533 0.719429

0.174425 0.827424
0.812082 0.409967

0.174425 0.827424
0.579716 0.522615

0.174425 0.827424
0.1753 0.203638

0.174425 0.827424
0.414595 0.295363

0.174425 0.827424
0.535987 0.599531

0.174425 0.827424
0.788395 0.295207

0.0281356 0.402611
0.0937745 0.805559

0.0281356 0.402611
0.0891569 0.852803

0.0281356 0.402611
0.664357 0.940154

0.0281356 0.402611
0.626841 0.277116

0.0281356 0.402611
0.718751 0.947097

0.0281356 0.402611
0.416087 0.302788

0.0281356 0.402611
0.840096 0.950569

0.0281356 0.402611
0.39561 0.0895515

0.0281356 0.402611
0.0950542 0.835204

0.0281356 0.402611
0.952383 0.956272

0.0281356 0.402611
0.379076 0.631355

0.0281356 0.402611
0.895313 0.941469

0.0281356 0.402611
0.798125 0.747771

0.0281356 0.402611
0.92051 0.668805

0.0281356 0.402611
0.126789 0.640446

0.0281356 0.402611
0.142043 0.14062

0.0281356 0.402611
0.895937 0.0966354

0.0281356 0.402611
0.751601 0.571997

0.0281356 0.402611
0.1753 0.203638

0.0281356 0.402611
0.0652673 0.264131

0.733716 0.950216
0.168965 0.932696

0.733716 0.950216
0.398539 0.532829

0.733716 0.950216
0.664357 0.940154

0.733716 0.950216
0.541712 0.879934

0.733716 0.950216
0.848853 0.811679

0.733716 0.950216
0.163923 0.74331

0.733716 0.950216
0.0466161 0.831285

0.733716 0.950216
0.492873 0.355513

0.733716 0.950216
0.39561 0.0895515

0.733716 0.950216
0.0950542 0.835204

0.733716 0.950216
0.224268 0.153475

0.733716 0.950216
0.269894 0.741816

0.733716 0.950216
0.859253 0.375816

0.733716 0.950216
0.425533 0.719429

0.733716 0.950216
0.588614 0.619933

0.733716 0.950216
0.134397 0.197588

0.733716 0.950216
0.538567 0.68028

0.733716 0.950216
0.95393 0.228298

0.733716 0.950216
0.20164 0.202696

0.168965 0.932696
0.398539 0.532829

0.168965 0.932696
0.0891569 0.852803

0.168965 0.932696
0.664357 0.940154

0.168965 0.932696
0.590445 0.0669503

0.168965 0.932696
0.167764 0.58516

0.168965 0.932696
0.517623 0.387742

0.168965 0.932696
0.083624 0.938591

0.168965 0.932696
0.840096 0.950569

0.168965 0.932696
0.0709713 0.0760147

0.168965 0.932696
0.812953 0.626105

0.168965 0.932696
0.193457 0.0292695

0.168965 0.932696
0.604364 0.575675

0.168965 0.932696
0.329037 0.301449

0.168965 0.932696
0.759739 0.75476

0.168965 0.932696
0.895313 0.941469

0.168965 0.932696
0.798125 0.747771

0.168965 0.932696
0.92051 0.668805

0.168965 0.932696
0.637659 0.073631

0.168965 0.932696
0.865614 0.49666

0.168965 0.932696
0.425533 0.719429

0.168965 0.932696
0.445584 0.100758

0.168965 0.932696
0.538567 0.68028

0.168965 0.932696
0.95393 0.228298

0.790047 0.407062
0.398539 0.532829

0.790047 0.407062
0.664357 0.940154

0.790047 0.407062
0.590445 0.0669503

0.790047 0.407062
0.167764 0.58516

0.790047 0.407062
0.626841 0.277116

0.790047 0.407062
0.517623 0.387742

0.790047 0.407062
0.0466161 0.831285

0.790047 0.407062
0.840096 0.950569

0.790047 0.407062
0.379076 0.631355

0.790047 0.407062
0.458676 0.649838

0.790047 0.407062
0.0829796 0.847757

0.790047 0.407062
0.798125 0.747771

0.790047 0.407062
0.126789 0.640446

0.790047 0.407062
0.618189 0.360422

0.790047 0.407062
0.861247 0.342105

0.790047 0.407062
0.425533 0.719429

0.790047 0.407062
0.91231 0.902931

0.790047 0.407062
0.895937 0.0966354

0.790047 0.407062
0.588614 0.619933

0.790047 0.407062
0.1753 0.203638

0.790047 0.407062
0.0146046 0.66776

0.790047 0.407062
0.377074 0.419868

0.790047 0.407062
0.445584 0.100758

0.790047 0.407062
0.875814 0.978532

0.790047 0.407062
0.95393 0.228298

0.790047 0.407062
0.788395 0.295207

0.0937745 0.805559
0.335267 0.104048

0.0937745 0.805559
0.398539 0.532829

0.0937745 0.805559
0.664357 0.940154

0.0937745 0.805559
0.541712 0.879934

0.0937745 0.805559
0.416087 0.302788

0.0937745 0.805559
0.0466161 0.831285

0.0937745 0.805559
0.884529 0.185137

0.0937745 0.805559
0.0950542 0.835204

0.0937745 0.805559
0.517621 0.997511

0.0937745 0.805559
0.224268 0.153475

0.0937745 0.805559
0.379076 0.631355

0.0937745 0.805559
0.329037 0.301449

0.0937745 0.805559
0.209507 0.206221

0.0937745 0.805559
0.458676 0.649838

0.0937745 0.805559
0.0829796 0.847757

0.0937745 0.805559
0.859253 0.375816

0.0937745 0.805559
0.618189 0.360422

0.0937745 0.805559
0.865614 0.49666

0.0937745 0.805559
0.861247 0.342105

0.0937745 0.805559
0.142043 0.14062

0.0937745 0.805559
0.425533 0.719429

0.0937745 0.805559
0.1753 0.203638

0.0937745 0.805559
0.377074 0.419868

0.0937745 0.805559
0.445584 0.100758

0.0937745 0.805559
0.91577 0.111518

0.0937745 0.805559
0.875814 0.978532

0.0937745 0.805559
0.0627965 0.455555

0.335267 0.104048
0.238404 0.705016

0.335267 0.104048
0.590445 0.0669503

0.335267 0.104048
0.167764 0.58516

0.335267 0.104048
0.517623 0.387742

0.335267 0.104048
0.416087 0.302788

0.335267 0.104048
0.840096 0.950569

0.335267 0.104048
0.884529 0.185137

0.335267 0.104048
0.812953 0.626105

0.335267 0.104048
0.247016 0.691507

0.335267 0.104048
0.952383 0.956272

0.335267 0.104048
0.329037 0.301449

0.335267 0.104048
0.798125 0.747771

0.335267 0.104048
0.92051 0.668805

0.335267 0.104048
0.126789 0.640446

0.335267 0.104048
0.425533 0.719429

0.335267 0.104048
0.895937 0.0966354

0.335267 0.104048
0.751601 0.571997

0.335267 0.104048
0.437184 0.74398

0.335267 0.104048
0.0146046 0.66776

0.335267 0.104048
0.445584 0.100758

0.335267 0.104048
0.535987 0.599531

0.335267 0.104048
0.20164 0.202696

0.335267 0.104048
0.788395 0.295207

0.335267 0.104048
0.0627965 0.455555

0.398539 0.532829
0.238404 0.705016

0.398539 0.532829
0.718751 0.947097

0.398539 0.532829
0.416087 0.302788

0.398539 0.532829
0.0709713 0.0760147

0.398539 0.532829
0.39561 0.0895515

0.398539 0.532829
0.35936 0.886808

0.398539 0.532829
0.812953 0.626105

0.398539 0.532829
0.193457 0.0292695

0.398539 0.532829
0.873414 0.714436

0.398539 0.532829
0.637659 0.073631

0.398539 0.532829
0.425533 0.719429

0.398539 0.532829
0.751601 0.571997

0.398539 0.532829
0.134397 0.197588

0.398539 0.532829
0.437184 0.74398

0.398539 0.532829
0.414595 0.295363

0.398539 0.532829
0.445584 0.100758

0.398539 0.532829
0.788395 0.295207

0.0891569 0.852803
0.664357 0.940154

0.0891569 0.852803
0.517623 0.387742

0.0891569 0.852803
0.541712 0.879934

0.0891569 0.852803
0.416087 0.302788

0.0891569 0.852803
0.163923 0.74331

0.0891569 0.852803
0.083624 0.938591

0.0891569 0.852803
0.0709713 0.0760147

0.0891569 0.852803
0.39561 0.0895515

0.0891569 0.852803
0.329037 0.301449

0.0891569 0.852803
0.873414 0.714436

0.0891569 0.852803
0.92051 0.668805

0.0891569 0.852803
0.269894 0.741816

0.0891569 0.852803
0.865614 0.49666

0.0891569 0.852803
0.413426 0.274149

0.0891569 0.852803
0.751601 0.571997

0.0891569 0.852803
0.134397 0.197588

0.0891569 0.852803
0.437184 0.74398

0.0891569 0.852803
0.875814 0.978532

0.0891569 0.852803
0.95393 0.228298

0.0891569 0.852803
0.788395 0.295207

0.664357 0.940154
0.238404 0.705016

0.664357 0.940154
0.590445 0.0669503

0.664357 0.940154
0.517623 0.387742

0.664357 0.940154
0.848853 0.811679

0.664357 0.940154
0.163923 0.74331

0.664357 0.940154
0.431822 0.737879

0.664357 0.940154
0.604364 0.575675

0.664357 0.940154
0.859253 0.375816

0.664357 0.940154
0.618189 0.360422

0.664357 0.940154
0.413426 0.274149

0.664357 0.940154
0.861247 0.342105

0.664357 0.940154
0.751601 0.571997

0.664357 0.940154
0.437184 0.74398

0.664357 0.940154
0.377074 0.419868

0.664357 0.940154
0.535987 0.599531

0.664357 0.940154
0.95393 0.228298

0.238404 0.705016
0.590445 0.0669503

0.238404 0.705016
0.351882 0.219693

0.238404 0.705016
0.626841 0.277116

0.238404 0.705016
0.416087 0.302788

0.238404 0.705016
0.163923 0.74331

0.238404 0.705016
0.0466161 0.831285

0.238404 0.705016
0.840096 0.950569

0.238404 0.705016
0.0709713 0.0760147

0.238404 0.705016
0.431822 0.737879

0.238404 0.705016
0.492873 0.355513

0.238404 0.705016
0.884529 0.185137

0.238404 0.705016
0.39561 0.0895515

0.238404 0.705016
0.0950542 0.835204

0.238404 0.705016
0.35936 0.886808

0.238404 0.705016
0.224268 0.153475

0.238404 0.705016
0.952383 0.956272

0.238404 0.705016
0.329037 0.301449

0.238404 0.705016
0.873414 0.714436

0.238404 0.705016
0.859253 0.375816

0.238404 0.705016
0.865614 0.49666

0.238404 0.705016
0.142043 0.14062

0.238404 0.705016
0.579716 0.522615

0.238404 0.705016
0.751601 0.571997

0.238404 0.705016
0.437184 0.74398

0.238404 0.705016
0.742445 0.711728

0.238404 0.705016
0.538567 0.68028

0.238404 0.705016
0.535987 0.599531

0.238404 0.705016
0.0652673 0.264131

0.238404 0.705016
0.875814 0.978532

0.590445 0.0669503
0.167764 0.58516

0.590445 0.0669503
0.083624 0.938591

0.590445 0.0669503
0.884529 0.185137

0.590445 0.0669503
0.0950542 0.835204

0.590445 0.0669503
0.35936 0.886808

0.590445 0.0669503
0.379076 0.631355

0.590445 0.0669503
0.759739 0.75476

0.590445 0.0669503
0.458676 0.649838

0.590445 0.0669503
0.269894 0.741816

0.590445 0.0669503
0.865614 0.49666

0.590445 0.0669503
0.861247 0.342105

0.590445 0.0669503
0.425533 0.719429

0.590445 0.0669503
0.588614 0.619933

0.590445 0.0669503
0.377074 0.419868

0.590445 0.0669503
0.445584 0.100758

0.167764 0.58516
0.0466161 0.831285

0.167764 0.58516
0.083624 0.938591

0.167764 0.58516
0.0709713 0.0760147

0.167764 0.58516
0.492873 0.355513

0.167764 0.58516
0.0950542 0.835204

0.167764 0.58516
0.35936 0.886808

0.167764 0.58516
0.517621 0.997511

0.167764 0.58516
0.812953 0.626105

0.167764 0.58516
0.247016 0.691507

0.167764 0.58516
0.379076 0.631355

0.167764 0.58516
0.329037 0.301449

0.167764 0.58516
0.209507 0.206221

0.167764 0.58516
0.759739 0.75476

0.167764 0.58516
0.895313 0.941469

0.167764 0.58516
0.873414 0.714436

0.167764 0.58516
0.0829796 0.847757

0.167764 0.58516
0.269894 0.741816

0.167764 0.58516
0.865614 0.49666

0.167764 0.58516
0.861247 0.342105

0.167764 0.58516
0.579716 0.522615

0.167764 0.58516
0.134397 0.197588

0.167764 0.58516
0.437184 0.74398

0.167764 0.58516
0.414595 0.295363

0.167764 0.58516
0.875814 0.978532

0.167764 0.58516
0.20164 0.202696

0.167764 0.58516
0.788395 0.295207

0.351882 0.219693
0.718751 0.947097

0.351882 0.219693
0.848853 0.811679

0.351882 0.219693
0.0709713 0.0760147

0.351882 0.219693
0.431822 0.737879

0.351882 0.219693
0.884529 0.185137

0.351882 0.219693
0.193457 0.0292695

0.351882 0.219693
0.458676 0.649838

0.351882 0.219693
0.126789 0.640446

0.351882 0.219693
0.618189 0.360422

0.351882 0.219693
0.861247 0.342105

0.351882 0.219693
0.142043 0.14062

0.351882 0.219693
0.812082 0.409967

0.351882 0.219693
0.579716 0.522615

0.351882 0.219693
0.751601 0.571997

0.351882 0.219693
0.588614 0.619933

0.351882 0.219693
0.742445 0.711728

0.351882 0.219693
0.538567 0.68028

0.351882 0.219693
0.91577 0.111518

0.351882 0.219693
0.875814 0.978532

0.351882 0.219693
0.95393 0.228298

0.351882 0.219693
0.20164 0.202696

0.351882 0.219693
0.0627965 0.455555

0.626841 0.277116
0.083624 0.938591

0.626841 0.277116
0.0709713 0.0760147

0.626841 0.277116
0.209507 0.206221

0.626841 0.277116
0.895313 0.941469

0.626841 0.277116
0.92051 0.668805

0.626841 0.277116
0.269894 0.741816

0.626841 0.277116
0.618189 0.360422

0.626841 0.277116
0.861247 0.342105

0.626841 0.277116
0.91231 0.902931

0.626841 0.277116
0.895937 0.0966354

0.626841 0.277116
0.437184 0.74398

0.626841 0.277116
0.377074 0.419868

0.626841 0.277116
0.445584 0.100758

0.626841 0.277116
0.0652673 0.264131

0.718751 0.947097
0.541712 0.879934

0.718751 0.947097
0.0466161 0.831285

0.718751 0.947097
0.884529 0.185137

0.718751 0.947097
0.39561 0.0895515

0.718751 0.947097
0.0950542 0.835204

0.718751 0.947097
0.224268 0.153475

0.718751 0.947097
0.812953 0.626105

0.718751 0.947097
0.873414 0.714436

0.718751 0.947097
0.798125 0.747771

0.718751 0.947097
0.92051 0.668805

0.718751 0.947097
0.637659 0.073631

0.718751 0.947097
0.269894 0.741816

0.718751 0.947097
0.859253 0.375816

0.718751 0.947097
0.126789 0.640446

0.718751 0.947097
0.865614 0.49666

0.718751 0.947097
0.142043 0.14062

0.718751 0.947097
0.425533 0.719429

0.718751 0.947097
0.812082 0.409967

0.718751 0.947097
0.579716 0.522615

0.718751 0.947097
0.751601 0.571997

0.718751 0.947097
0.134397 0.197588

0.718751 0.947097
0.0652673 0.264131

0.718751 0.947097
0.91577 0.111518

0.718751 0.947097
0.20164 0.202696

0.718751 0.947097
0.788395 0.295207

0.517623 0.387742
0.541712 0.879934

0.517623 0.387742
0.840096 0.950569

0.517623 0.387742
0.492873 0.355513

0.517623 0.387742
0.812953 0.626105

0.517623 0.387742
0.247016 0.691507

0.517623 0.387742
0.379076 0.631355

0.517623 0.387742
0.604364 0.575675

0.517623 0.387742
0.759739 0.75476

0.517623 0.387742
0.895313 0.941469

0.517623 0.387742
0.637659 0.073631

0.517623 0.387742
0.269894 0.741816

0.517623 0.387742
0.142043 0.14062

0.517623 0.387742
0.91231 0.902931

0.517623 0.387742
0.812082 0.409967

0.517623 0.387742
0.742445 0.711728

0.517623 0.387742
0.445584 0.100758

0.517623 0.387742
0.538567 0.68028

0.517623 0.387742
0.535987 0.599531

0.517623 0.387742
0.0652673 0.264131

0.517623 0.387742
0.95393 0.228298

0.517623 0.387742
0.788395 0.295207

0.517623 0.387742
0.0627965 0.455555

0.541712 0.879934
0.163923 0.74331

0.541712 0.879934
0.0466161 0.831285

0.541712 0.879934
0.0709713 0.0760147

0.541712 0.879934
0.812953 0.626105

0.541712 0.879934
0.604364 0.575675

0.541712 0.879934
0.895313 0.941469

0.541712 0.879934
0.798125 0.747771

0.541712 0.879934
0.618189 0.360422

0.541712 0.879934
0.425533 0.719429

0.541712 0.879934
0.579716 0.522615

0.541712 0.879934
0.751601 0.571997

0.541712 0.879934
0.134397 0.197588

0.541712 0.879934
0.414595 0.295363

0.541712 0.879934
0.0146046 0.66776

0.541712 0.879934
0.742445 0.711728

0.541712 0.879934
0.91577 0.111518

0.848853 0.811679
0.163923 0.74331

0.848853 0.811679
0.0466161 0.831285

0.848853 0.811679
0.0950542 0.835204

0.848853 0.811679
0.35936 0.886808

0.848853 0.811679
0.224268 0.153475

0.848853 0.811679
0.247016 0.691507

0.848853 0.811679
0.193457 0.0292695

0.848853 0.811679
0.209507 0.206221

0.848853 0.811679
0.895313 0.941469

0.848853 0.811679
0.458676 0.649838

0.848853 0.811679
0.269894 0.741816

0.848853 0.811679
0.859253 0.375816

0.848853 0.811679
0.413426 0.274149

0.848853 0.811679
0.861247 0.342105

0.848853 0.811679
0.142043 0.14062

0.848853 0.811679
0.812082 0.409967

0.848853 0.811679
0.437184 0.74398

0.848853 0.811679
0.1753 0.203638

0.848853 0.811679
0.742445 0.711728

0.416087 0.302788
0.0466161 0.831285

0.416087 0.302788
0.492873 0.355513

0.416087 0.302788
0.0950542 0.835204

0.416087 0.302788
0.35936 0.886808

0.416087 0.302788
0.379076 0.631355

0.416087 0.302788
0.759739 0.75476

0.416087 0.302788
0.458676 0.649838

0.416087 0.302788
0.873414 0.714436

0.416087 0.302788
0.269894 0.741816

0.416087 0.302788
0.126789 0.640446

0.416087 0.302788
0.618189 0.360422

0.416087 0.302788
0.865614 0.49666

0.416087 0.302788
0.425533 0.719429

0.416087 0.302788
0.812082 0.409967

0.416087 0.302788
0.579716 0.522615

0.416087 0.302788
0.895937 0.0966354

0.416087 0.302788
0.134397 0.197588

0.416087 0.302788
0.742445 0.711728

0.416087 0.302788
0.538567 0.68028

0.416087 0.302788
0.91577 0.111518

0.163923 0.74331
0.0466161 0.831285

0.163923 0.74331
0.083624 0.938591

0.163923 0.74331
0.492873 0.355513

0.163923 0.74331
0.39561 0.0895515

0.163923 0.74331
0.0950542 0.835204

0.163923 0.74331
0.193457 0.0292695

0.163923 0.74331
0.329037 0.301449

0.163923 0.74331
0.759739 0.75476

0.163923 0.74331
0.895313 0.941469

0.163923 0.74331
0.458676 0.649838

0.163923 0.74331
0.0829796 0.847757

0.163923 0.74331
0.269894 0.741816

0.163923 0.74331
0.859253 0.375816

0.163923 0.74331
0.126789 0.640446

0.163923 0.74331
0.588614 0.619933

0.163923 0.74331
0.0146046 0.66776

0.163923 0.74331
0.538567 0.68028

0.163923 0.74331
0.535987 0.599531

0.163923 0.74331
0.0652673 0.264131

0.163923 0.74331
0.95393 0.228298

0.163923 0.74331
0.788395 0.295207

0.163923 0.74331
0.0627965 0.455555

0.0466161 0.831285
0.083624 0.938591

0.0466161 0.831285
0.840096 0.950569

0.0466161 0.831285
0.0709713 0.0760147

0.0466161 0.831285
0.492873 0.355513

0.0466161 0.831285
0.0950542 0.835204

0.0466161 0.831285
0.517621 0.997511

0.0466161 0.831285
0.812953 0.626105

0.0466161 0.831285
0.952383 0.956272

0.0466161 0.831285
0.209507 0.206221

0.0466161 0.831285
0.895313 0.941469

0.0466161 0.831285
0.873414 0.714436

0.0466161 0.831285
0.0829796 0.847757

0.0466161 0.831285
0.637659 0.073631

0.0466161 0.831285
0.859253 0.375816

0.0466161 0.831285
0.126789 0.640446

0.0466161 0.831285
0.413426 0.274149

0.0466161 0.831285
0.142043 0.14062

0.0466161 0.831285
0.579716 0.522615

0.0466161 0.831285
0.895937 0.0966354

0.0466161 0.831285
0.588614 0.619933

0.0466161 0.831285
0.134397 0.197588

0.0466161 0.831285
0.1753 0.203638

0.0466161 0.831285
0.414595 0.295363

0.0466161 0.831285
0.445584 0.100758

0.0466161 0.831285
0.538567 0.68028

0.0466161 0.831285
0.0652673 0.264131

0.0466161 0.831285
0.95393 0.228298

0.083624 0.938591
0.840096 0.950569

0.083624 0.938591
0.492873 0.355513

0.083624 0.938591
0.247016 0.691507

0.083624 0.938591
0.193457 0.0292695

0.083624 0.938591
0.952383 0.956272

0.083624 0.938591
0.895313 0.941469

0.083624 0.938591
0.458676 0.649838

0.083624 0.938591
0.865614 0.49666

0.083624 0.938591
0.413426 0.274149

0.083624 0.938591
0.425533 0.719429

0.083624 0.938591
0.91231 0.902931

0.083624 0.938591
0.579716 0.522615

0.083624 0.938591
0.751601 0.571997

0.083624 0.938591
0.0146046 0.66776

0.083624 0.938591
0.742445 0.711728

0.083624 0.938591
0.91577 0.111518

0.083624 0.938591
0.875814 0.978532

0.840096 0.950569
0.431822 0.737879

0.840096 0.950569
0.492873 0.355513

0.840096 0.950569
0.884529 0.185137

0.840096 0.950569
0.0950542 0.835204

0.840096 0.950569
0.224268 0.153475

0.840096 0.950569
0.247016 0.691507

0.840096 0.950569
0.759739 0.75476

0.840096 0.950569
0.458676 0.649838

0.840096 0.950569
0.0829796 0.847757

0.840096 0.950569
0.142043 0.14062

0.840096 0.950569
0.425533 0.719429

0.840096 0.950569
0.579716 0.522615

0.840096 0.950569
0.751601 0.571997

0.840096 0.950569
0.134397 0.197588

0.840096 0.950569
0.437184 0.74398

0.840096 0.950569
0.1753 0.203638

0.840096 0.950569
0.0652673 0.264131

0.840096 0.950569
0.875814 0.978532

0.0709713 0.0760147
0.431822 0.737879

0.0709713 0.0760147
0.492873 0.355513

0.0709713 0.0760147
0.247016 0.691507

0.0709713 0.0760147
0.379076 0.631355

0.0709713 0.0760147
0.329037 0.301449

0.0709713 0.0760147
0.269894 0.741816

0.0709713 0.0760147
0.865614 0.49666

0.0709713 0.0760147
0.413426 0.274149

0.0709713 0.0760147
0.91231 0.902931

0.0709713 0.0760147
0.895937 0.0966354

0.0709713 0.0760147
0.1753 0.203638

0.0709713 0.0760147
0.0146046 0.66776

0.0709713 0.0760147
0.445584 0.100758

0.0709713 0.0760147
0.0652673 0.264131

0.0709713 0.0760147
0.95393 0.228298

0.0709713 0.0760147
0.20164 0.202696

0.431822 0.737879
0.884529 0.185137

0.431822 0.737879
0.224268 0.153475

0.431822 0.737879
0.247016 0.691507

0.431822 0.737879
0.604364 0.575675

0.431822 0.737879
0.329037 0.301449

0.431822 0.737879
0.895313 0.941469

0.431822 0.737879
0.458676 0.649838

0.431822 0.737879
0.865614 0.49666

0.431822 0.737879
0.142043 0.14062

0.431822 0.737879
0.425533 0.719429

0.431822 0.737879
0.91231 0.902931

0.431822 0.737879
0.579716 0.522615

0.431822 0.737879
0.895937 0.0966354

0.431822 0.737879
0.437184 0.74398

0.431822 0.737879
0.414595 0.295363

0.431822 0.737879
0.0146046 0.66776

0.431822 0.737879
0.377074 0.419868

0.431822 0.737879
0.445584 0.100758

0.431822 0.737879
0.538567 0.68028

0.431822 0.737879
0.91577 0.111518

0.492873 0.355513
0.812953 0.626105

0.492873 0.355513
0.379076 0.631355

0.492873 0.355513
0.604364 0.575675

0.492873 0.355513
0.329037 0.301449

0.492873 0.355513
0.873414 0.714436

0.492873 0.355513
0.92051 0.668805

0.492873 0.355513
0.618189 0.360422

0.492873 0.355513
0.865614 0.49666

0.492873 0.355513
0.861247 0.342105

0.492873 0.355513
0.751601 0.571997

0.492873 0.355513
0.588614 0.619933

0.492873 0.355513
0.1753 0.203638

0.492873 0.355513
0.414595 0.295363

0.492873 0.355513
0.377074 0.419868

0.492873 0.355513
0.91577 0.111518

0.492873 0.355513
0.0627965 0.455555

0.884529 0.185137
0.0950542 0.835204

0.884529 0.185137
0.247016 0.691507

0.884529 0.185137
0.329037 0.301449

0.884529 0.185137
0.209507 0.206221

0.884529 0.185137
0.895313 0.941469

0.884529 0.185137
0.873414 0.714436

0.884529 0.185137
0.798125 0.747771

0.884529 0.185137
0.92051 0.668805

0.884529 0.185137
0.859253 0.375816

0.884529 0.185137
0.413426 0.274149

0.884529 0.185137
0.142043 0.14062

0.884529 0.185137
0.91231 0.902931

0.884529 0.185137
0.812082 0.409967

0.884529 0.185137
0.588614 0.619933

0.884529 0.185137
0.414595 0.295363

0.884529 0.185137
0.377074 0.419868

0.884529 0.185137
0.535987 0.599531

0.884529 0.185137
0.20164 0.202696

0.884529 0.185137
0.0627965 0.455555

0.39561 0.0895515
0.224268 0.153475

0.39561 0.0895515
0.812953 0.626105

0.39561 0.0895515
0.247016 0.691507

0.39561 0.0895515
0.193457 0.0292695

0.39561 0.0895515
0.379076 0.631355

0.39561 0.0895515
0.209507 0.206221

0.39561 0.0895515
0.92051 0.668805

0.39561 0.0895515
0.126789 0.640446

0.39561 0.0895515
0.91231 0.902931

0.39561 0.0895515
0.579716 0.522615

0.39561 0.0895515
0.895937 0.0966354

0.39561 0.0895515
0.751601 0.571997

0.39561 0.0895515
0.134397 0.197588

0.39561 0.0895515
0.437184 0.74398

0.39561 0.0895515
0.1753 0.203638

0.39561 0.0895515
0.414595 0.295363

0.39561 0.0895515
0.0146046 0.66776

0.39561 0.0895515
0.377074 0.419868

0.39561 0.0895515
0.535987 0.599531

0.39561 0.0895515
0.875814 0.978532

0.0950542 0.835204
0.224268 0.153475

0.0950542 0.835204
0.458676 0.649838

0.0950542 0.835204
0.0829796 0.847757

0.0950542 0.835204
0.859253 0.375816

0.0950542 0.835204
0.865614 0.49666

0.0950542 0.835204
0.142043 0.14062

0.0950542 0.835204
0.437184 0.74398

0.0950542 0.835204
0.377074 0.419868

0.0950542 0.835204
0.0652673 0.264131

0.0950542 0.835204
0.91577 0.111518

0.35936 0.886808
0.517621 0.997511

0.35936 0.886808
0.193457 0.0292695

0.35936 0.886808
0.952383 0.956272

0.35936 0.886808
0.379076 0.631355

0.35936 0.886808
0.873414 0.714436

0.35936 0.886808
0.861247 0.342105

0.35936 0.886808
0.579716 0.522615

0.35936 0.886808
0.1753 0.203638

0.35936 0.886808
0.414595 0.295363

0.35936 0.886808
0.535987 0.599531

0.517621 0.997511
0.247016 0.691507

0.517621 0.997511
0.329037 0.301449

0.517621 0.997511
0.873414 0.714436

0.517621 0.997511
0.0829796 0.847757

0.517621 0.997511
0.637659 0.073631

0.517621 0.997511
0.269894 0.741816

0.517621 0.997511
0.859253 0.375816

0.517621 0.997511
0.618189 0.360422

0.517621 0.997511
0.865614 0.49666

0.517621 0.997511
0.425533 0.719429

0.517621 0.997511
0.91231 0.902931

0.517621 0.997511
0.812082 0.409967

0.517621 0.997511
0.751601 0.571997

0.517621 0.997511
0.134397 0.197588

0.517621 0.997511
0.445584 0.100758

0.517621 0.997511
0.535987 0.599531

0.517621 0.997511
0.95393 0.228298

0.224268 0.153475
0.759739 0.75476

0.224268 0.153475
0.458676 0.649838

0.224268 0.153475
0.873414 0.714436

0.224268 0.153475
0.0829796 0.847757

0.224268 0.153475
0.425533 0.719429

0.224268 0.153475
0.91231 0.902931

0.224268 0.153475
0.751601 0.571997

0.224268 0.153475
0.134397 0.197588

0.224268 0.153475
0.445584 0.100758

0.224268 0.153475
0.0652673 0.264131

0.224268 0.153475
0.0627965 0.455555

0.812953 0.626105
0.798125 0.747771

0.812953 0.626105
0.92051 0.668805

0.812953 0.626105
0.126789 0.640446

0.812953 0.626105
0.413426 0.274149

0.812953 0.626105
0.812082 0.409967

0.812953 0.626105
0.579716 0.522615

0.812953 0.626105
0.751601 0.571997

0.812953 0.626105
0.134397 0.197588

0.812953 0.626105
0.437184 0.74398

0.812953 0.626105
0.414595 0.295363

0.812953 0.626105
0.538567 0.68028

0.812953 0.626105
0.91577 0.111518

0.812953 0.626105
0.788395 0.295207

0.247016 0.691507
0.193457 0.0292695

0.247016 0.691507
0.209507 0.206221

0.247016 0.691507
0.798125 0.747771

0.247016 0.691507
0.126789 0.640446

0.247016 0.691507
0.413426 0.274149

0.247016 0.691507
0.437184 0.74398

0.247016 0.691507
0.0146046 0.66776

0.247016 0.691507
0.377074 0.419868

0.247016 0.691507
0.445584 0.100758

0.247016 0.691507
0.95393 0.228298

0.247016 0.691507
0.788395 0.295207

0.193457 0.0292695
0.209507 0.206221

0.193457 0.0292695
0.859253 0.375816

0.193457 0.0292695
0.618189 0.360422

0.193457 0.0292695
0.865614 0.49666

0.193457 0.0292695
0.91231 0.902931

0.193457 0.0292695
0.895937 0.0966354

0.193457 0.0292695
0.588614 0.619933

0.193457 0.0292695
0.377074 0.419868

0.193457 0.0292695
0.742445 0.711728

0.193457 0.0292695
0.445584 0.100758

0.193457 0.0292695
0.535987 0.599531

0.193457 0.0292695
0.0652673 0.264131

0.193457 0.0292695
0.95393 0.228298

0.193457 0.0292695
0.20164 0.202696

0.952383 0.956272
0.759739 0.75476

0.952383 0.956272
0.0829796 0.847757

0.952383 0.956272
0.637659 0.073631

0.952383 0.956272
0.618189 0.360422

0.952383 0.956272
0.865614 0.49666

0.952383 0.956272
0.413426 0.274149

0.952383 0.956272
0.895937 0.0966354

0.952383 0.956272
0.0146046 0.66776

0.952383 0.956272
0.0652673 0.264131

0.952383 0.956272
0.875814 0.978532

0.952383 0.956272
0.788395 0.295207

0.379076 0.631355
0.604364 0.575675

0.379076 0.631355
0.209507 0.206221

0.379076 0.631355
0.458676 0.649838

0.379076 0.631355
0.92051 0.668805

0.379076 0.631355
0.637659 0.073631

0.379076 0.631355
0.269894 0.741816

0.379076 0.631355
0.859253 0.375816

0.379076 0.631355
0.126789 0.640446

0.379076 0.631355
0.413426 0.274149

0.379076 0.631355
0.142043 0.14062

0.379076 0.631355
0.579716 0.522615

0.379076 0.631355
0.538567 0.68028

0.379076 0.631355
0.535987 0.599531

0.379076 0.631355
0.0652673 0.264131

0.379076 0.631355
0.91577 0.111518

0.379076 0.631355
0.95393 0.228298

0.379076 0.631355
0.20164 0.202696

0.379076 0.631355
0.788395 0.295207

0.379076 0.631355
0.0627965 0.455555

0.604364 0.575675
0.209507 0.206221

0.604364 0.575675
0.759739 0.75476

0.604364 0.575675
0.895313 0.941469

0.604364 0.575675
0.873414 0.714436

0.604364 0.575675
0.0829796 0.847757

0.604364 0.575675
0.92051 0.668805

0.604364 0.575675
0.637659 0.073631

0.604364 0.575675
0.859253 0.375816

0.604364 0.575675
0.91231 0.902931

0.604364 0.575675
0.812082 0.409967

0.604364 0.575675
0.579716 0.522615

0.604364 0.575675
0.895937 0.0966354

0.604364 0.575675
0.751601 0.571997

0.604364 0.575675
0.134397 0.197588

0.604364 0.575675
0.437184 0.74398

0.604364 0.575675
0.0146046 0.66776

0.604364 0.575675
0.742445 0.711728

0.604364 0.575675
0.538567 0.68028

0.604364 0.575675
0.535987 0.599531

0.604364 0.575675
0.91577 0.111518

0.604364 0.575675
0.95393 0.228298

0.329037 0.301449
0.759739 0.75476

0.329037 0.301449
0.458676 0.649838

0.329037 0.301449
0.873414 0.714436

0.329037 0.301449
0.269894 0.741816

0.329037 0.301449
0.618189 0.360422

0.329037 0.301449
0.865614 0.49666

0.329037 0.301449
0.142043 0.14062

0.329037 0.301449
0.134397 0.197588

0.329037 0.301449
0.437184 0.74398

0.329037 0.301449
0.1753 0.203638

0.329037 0.301449
0.0146046 0.66776

0.329037 0.301449
0.742445 0.711728

0.329037 0.301449
0.535987 0.599531

0.329037 0.301449
0.91577 0.111518

0.329037 0.301449
0.875814 0.978532

0.329037 0.301449
0.20164 0.202696

0.329037 0.301449
0.788395 0.295207

0.209507 0.206221
0.0829796 0.847757

0.209507 0.206221
0.92051 0.668805

0.209507 0.206221
0.269894 0.741816

0.209507 0.206221
0.126789 0.640446

0.209507 0.206221
0.142043 0.14062

0.209507 0.206221
0.812082 0.409967

0.209507 0.206221
0.579716 0.522615

0.209507 0.206221
0.414595 0.295363

0.209507 0.206221
0.377074 0.419868

0.209507 0.206221
0.538567 0.68028

0.759739 0.75476
0.458676 0.649838

0.759739 0.75476
0.798125 0.747771

0.759739 0.75476
0.269894 0.741816

0.759739 0.75476
0.126789 0.640446

0.759739 0.75476
0.865614 0.49666

0.759739 0.75476
0.861247 0.342105

0.759739 0.75476
0.91231 0.902931

0.759739 0.75476
0.812082 0.409967

0.759739 0.75476
0.437184 0.74398

0.759739 0.75476
0.0146046 0.66776

0.759739 0.75476
0.0627965 0.455555

0.895313 0.941469
0.269894 0.741816

0.895313 0.941469
0.859253 0.375816

0.895313 0.941469
0.865614 0.49666

0.895313 0.941469
0.91231 0.902931

0.895313 0.941469
0.812082 0.409967

0.895313 0.941469
0.579716 0.522615

0.895313 0.941469
0.751601 0.571997

0.895313 0.941469
0.134397 0.197588

0.895313 0.941469
0.95393 0.228298

0.895313 0.941469
0.0627965 0.455555

0.458676 0.649838
0.0829796 0.847757

0.458676 0.649838
0.798125 0.747771

0.458676 0.649838
0.126789 0.640446

0.458676 0.649838
0.861247 0.342105

0.458676 0.649838
0.142043 0.14062

0.458676 0.649838
0.91231 0.902931

0.458676 0.649838
0.579716 0.522615

0.458676 0.649838
0.895937 0.0966354

0.458676 0.649838
0.377074 0.419868

0.458676 0.649838
0.445584 0.100758

0.458676 0.649838
0.875814 0.978532

0.458676 0.649838
0.95393 0.228298

0.458676 0.649838
0.20164 0.202696

0.873414 0.714436
0.798125 0.747771

0.873414 0.714436
0.126789 0.640446

0.873414 0.714436
0.413426 0.274149

0.873414 0.714436
0.91231 0.902931

0.873414 0.714436
0.812082 0.409967

0.873414 0.714436
0.579716 0.522615

0.873414 0.714436
0.588614 0.619933

0.873414 0.714436
0.414595 0.295363

0.873414 0.714436
0.377074 0.419868

0.873414 0.714436
0.0652673 0.264131

0.873414 0.714436
0.91577 0.111518

0.873414 0.714436
0.20164 0.202696

0.0829796 0.847757
0.798125 0.747771

0.0829796 0.847757
0.637659 0.073631

0.0829796 0.847757
0.126789 0.640446

0.0829796 0.847757
0.865614 0.49666

0.0829796 0.847757
0.142043 0.14062

0.0829796 0.847757
0.425533 0.719429

0.0829796 0.847757
0.91231 0.902931

0.0829796 0.847757
0.751601 0.571997

0.0829796 0.847757
0.437184 0.74398

0.0829796 0.847757
0.1753 0.203638

0.0829796 0.847757
0.0146046 0.66776

0.0829796 0.847757
0.377074 0.419868

0.0829796 0.847757
0.445584 0.100758

0.0829796 0.847757
0.0652673 0.264131

0.0829796 0.847757
0.788395 0.295207

0.798125 0.747771
0.637659 0.073631

0.798125 0.747771
0.859253 0.375816

0.798125 0.747771
0.618189 0.360422

0.798125 0.747771
0.861247 0.342105

0.798125 0.747771
0.895937 0.0966354

0.798125 0.747771
0.134397 0.197588

0.798125 0.747771
0.377074 0.419868

0.798125 0.747771
0.538567 0.68028

0.798125 0.747771
0.0652673 0.264131

0.798125 0.747771
0.91577 0.111518

0.798125 0.747771
0.95393 0.228298

0.92051 0.668805
0.618189 0.360422

0.92051 0.668805
0.413426 0.274149

0.92051 0.668805
0.751601 0.571997

0.92051 0.668805
0.437184 0.74398

0.92051 0.668805
0.1753 0.203638

0.92051 0.668805
0.742445 0.711728

0.92051 0.668805
0.91577 0.111518

0.92051 0.668805
0.875814 0.978532

0.92051 0.668805
0.788395 0.295207

0.637659 0.073631
0.865614 0.49666

0.637659 0.073631
0.535987 0.599531

0.637659 0.073631
0.0627965 0.455555

0.269894 0.741816
0.895937 0.0966354

0.269894 0.741816
0.751601 0.571997

0.269894 0.741816
0.588614 0.619933

0.269894 0.741816
0.1753 0.203638

0.269894 0.741816
0.377074 0.419868

0.269894 0.741816
0.91577 0.111518

0.269894 0.741816
0.875814 0.978532

0.859253 0.375816
0.142043 0.14062

0.859253 0.375816
0.425533 0.719429

0.859253 0.375816
0.91231 0.902931

0.859253 0.375816
0.579716 0.522615

0.859253 0.375816
0.895937 0.0966354

0.859253 0.375816
0.588614 0.619933

0.859253 0.375816
0.134397 0.197588

0.859253 0.375816
0.437184 0.74398

0.859253 0.375816
0.414595 0.295363

0.859253 0.375816
0.0146046 0.66776

0.859253 0.375816
0.538567 0.68028

0.859253 0.375816
0.535987 0.599531

0.859253 0.375816
0.0652673 0.264131

0.126789 0.640446
0.618189 0.360422

0.126789 0.640446
0.91231 0.902931

0.126789 0.640446
0.812082 0.409967

0.126789 0.640446
0.895937 0.0966354

0.126789 0.640446
0.134397 0.197588

0.126789 0.640446
0.437184 0.74398

0.126789 0.640446
0.1753 0.203638

0.126789 0.640446
0.535987 0.599531

0.126789 0.640446
0.0652673 0.264131

0.126789 0.640446
0.95393 0.228298

0.126789 0.640446
0.20164 0.202696

0.126789 0.640446
0.788395 0.295207

0.618189 0.360422
0.142043 0.14062

0.618189 0.360422
0.812082 0.409967

0.618189 0.360422
0.895937 0.0966354

0.618189 0.360422
0.134397 0.197588

0.618189 0.360422
0.0146046 0.66776

0.618189 0.360422
0.535987 0.599531

0.865614 0.49666
0.861247 0.342105

0.865614 0.49666
0.377074 0.419868

0.865614 0.49666
0.742445 0.711728

0.865614 0.49666
0.538567 0.68028

0.865614 0.49666
0.535987 0.599531

0.865614 0.49666
0.91577 0.111518

0.413426 0.274149
0.861247 0.342105

0.413426 0.274149
0.425533 0.719429

0.413426 0.274149
0.91231 0.902931

0.413426 0.274149
0.579716 0.522615

0.413426 0.274149
0.751601 0.571997

0.413426 0.274149
0.134397 0.197588

0.413426 0.274149
0.414595 0.295363

0.413426 0.274149
0.0146046 0.66776

0.413426 0.274149
0.535987 0.599531

0.413426 0.274149
0.91577 0.111518

0.413426 0.274149
0.20164 0.202696

0.413426 0.274149
0.0627965 0.455555

0.861247 0.342105
0.142043 0.14062

0.861247 0.342105
0.91231 0.902931

0.861247 0.342105
0.812082 0.409967

0.861247 0.342105
0.895937 0.0966354

0.861247 0.342105
0.751601 0.571997

0.861247 0.342105
0.414595 0.295363

0.861247 0.342105
0.0146046 0.66776

0.861247 0.342105
0.742445 0.711728

0.861247 0.342105
0.535987 0.599531

0.861247 0.342105
0.20164 0.202696

0.142043 0.14062
0.425533 0.719429

0.142043 0.14062
0.579716 0.522615

0.142043 0.14062
0.895937 0.0966354

0.142043 0.14062
0.134397 0.197588

0.142043 0.14062
0.414595 0.295363

0.142043 0.14062
0.377074 0.419868

0.142043 0.14062
0.445584 0.100758

0.142043 0.14062
0.0652673 0.264131

0.142043 0.14062
0.875814 0.978532

0.425533 0.719429
0.895937 0.0966354

0.425533 0.719429
0.437184 0.74398

0.425533 0.719429
0.445584 0.100758

0.91231 0.902931
0.134397 0.197588

0.91231 0.902931
0.0146046 0.66776

0.91231 0.902931
0.742445 0.711728

0.91231 0.902931
0.538567 0.68028

0.91231 0.902931
0.535987 0.599531

0.91231 0.902931
0.20164 0.202696

0.91231 0.902931
0.788395 0.295207

0.91231 0.902931
0.0627965 0.455555

0.812082 0.409967
0.0146046 0.66776

0.812082 0.409967
0.742445 0.711728

0.812082 0.409967
0.445584 0.100758

0.812082 0.409967
0.875814 0.978532

0.812082 0.409967
0.95393 0.228298

0.812082 0.409967
0.20164 0.202696

0.579716 0.522615
0.1753 0.203638

0.579716 0.522615
0.445584 0.100758

0.579716 0.522615
0.875814 0.978532

0.579716 0.522615
0.0627965 0.455555

0.895937 0.0966354
0.437184 0.74398

0.895937 0.0966354
0.414595 0.295363

0.895937 0.0966354
0.875814 0.978532

0.895937 0.0966354
0.95393 0.228298

0.895937 0.0966354
0.788395 0.295207

0.751601 0.571997
0.1753 0.203638

0.751601 0.571997
0.91577 0.111518

0.751601 0.571997
0.875814 0.978532

0.588614 0.619933
0.437184 0.74398

0.588614 0.619933
0.1753 0.203638

0.588614 0.619933
0.0146046 0.66776

0.588614 0.619933
0.742445 0.711728

0.588614 0.619933
0.445584 0.100758

0.588614 0.619933
0.788395 0.295207

0.134397 0.197588
0.0146046 0.66776

0.134397 0.197588
0.445584 0.100758

0.134397 0.197588
0.0652673 0.264131

0.134397 0.197588
0.875814 0.978532

0.437184 0.74398
0.742445 0.711728

0.437184 0.74398
0.535987 0.599531

0.437184 0.74398
0.788395 0.295207

0.1753 0.203638
0.742445 0.711728

0.1753 0.203638
0.875814 0.978532

0.1753 0.203638
0.20164 0.202696

0.414595 0.295363
0.0146046 0.66776

0.414595 0.295363
0.535987 0.599531

0.414595 0.295363
0.95393 0.228298

0.0146046 0.66776
0.0652673 0.264131

0.0146046 0.66776
0.95393 0.228298

0.377074 0.419868
0.0652673 0.264131

0.377074 0.419868
0.20164 0.202696

0.377074 0.419868
0.788395 0.295207

0.742445 0.711728
0.538567 0.68028

0.742445 0.711728
0.535987 0.599531

0.742445 0.711728
0.95393 0.228298

0.445584 0.100758
0.0652673 0.264131

0.445584 0.100758
0.95393 0.228298

0.445584 0.100758
0.0627965 0.455555

0.538567 0.68028
0.535987 0.599531

0.538567 0.68028
0.875814 0.978532

0.538567 0.68028
0.20164 0.202696

0.535987 0.599531
0.91577 0.111518

0.535987 0.599531
0.875814 0.978532

0.535987 0.599531
0.20164 0.202696

0.535987 0.599531
0.788395 0.295207

0.0652673 0.264131
0.875814 0.978532

0.0652673 0.264131
0.95393 0.228298

0.91577 0.111518
0.20164 0.202696

0.91577 0.111518
0.0627965 0.455555

0.95393 0.228298
0.20164 0.202696

0.95393 0.228298
0.788395 0.295207

