0.276405 0.3098
0.246743 0.475186

0.276405 0.3098
0.228528 0.260095

0.246693 0.273466
0.228528 0.260095

0.0782479 0.144338
0.246693 0.273466

0.0782479 0.144338
0.0908961 0.173247

0.210393 0.159041
0.0908961 0.173247

0.210393 0.159041
0.270754 0.124505

0.270754 0.124505
0.246693 0.273466

0.246693 0.273466
0.218835 0.408684

0.176054 0.50947
0.218835 0.408684

0.297708 0.525922
0.176054 0.50947

0.297708 0.525922
0.176054 0.50947

0.176054 0.50947
0.0494779 0.679027

0.10448 0.713101
0.0494779 0.679027

0.10448 0.713101
0.405574 0.852338

0.405574 0.852338
0.306081 0.8085

0.306081 0.8085
0.682953 0.814975

0.529 0.883455
0.682953 0.814975

0.657761 0.879285
0.529 0.883455

0.657761 0.879285
0.693066 0.872876

0.682953 0.814975
0.693066 0.872876

0.711986 0.915626
0.682953 0.814975

0.711986 0.915626
0.682953 0.814975

0.803111 0.400841
0.682953 0.814975

0.803111 0.400841
0.826959 0.145529

0.830666 0.140539
0.826959 0.145529

0.830666 0.140539
0.722748 0.101273

0.672422 0.112707
0.722748 0.101273

0.672422 0.112707
0.722748 0.101273

0.862406 0.320067
0.722748 0.101273

0.862406 0.320067
0.803111 0.400841

0.803111 0.400841
0.685835 0.397455

0.685835 0.397455
0.8133 0.40568

0.902787 0.551091
0.8133 0.40568

0.902787 0.551091
0.8133 0.40568

0.578836 0.410464
0.8133 0.40568

0.553196 0.397859
0.578836 0.410464

0.553196 0.397859
0.578836 0.410464

0.578836 0.410464
0.533663 0.381229

0.54981 0.377552
0.533663 0.381229

0.54981 0.377552
0.438481 0.448503

0.246743 0.475186
0.438481 0.448503

