0.419566 0.81712
0.367802 0.631191

0.419566 0.81712
0.47283 0.800782

0.450736 0.0309148
0.743972 0.0104688

0.450736 0.0309148
0.547357 0.0978208

0.959854 0.949269
0.936515 0.79295

0.959854 0.949269
0.988007 0.745492

0.2828 0.977081
0.0530756 0.657373

0.2828 0.977081
0.210864 0.916563

0.493946 0.944564
0.557099 0.717884

0.493946 0.944564
0.45776 0.965729

0.893669 0.721019
0.993717 0.519445

0.893669 0.721019
0.823069 0.479308

0.304237 0.35422
0.674101 0.212346

0.304237 0.35422
0.626886 0.544085

0.276072 0.699853
0.0914206 0.46175

0.276072 0.699853
0.432579 0.17719

0.557099 0.717884
0.626886 0.544085

0.0914206 0.46175
0.432579 0.17719

0.369288 0.746569
0.47283 0.800782

0.369288 0.746569
0.444722 0.687848

0.936515 0.79295
0.828327 0.662502

0.993717 0.519445
0.995909 0.223897

0.0530756 0.657373
0.116062 0.226982

0.367802 0.631191
0.352139 0.917383

0.116062 0.226982
0.122559 0.614172

0.0478702 0.022859
0.743972 0.0104688

0.0478702 0.022859
0.0832732 0.0889315

0.210864 0.916563
0.0819388 0.997102

0.902141 0.469803
0.995909 0.223897

0.902141 0.469803
0.975926 0.410964

0.826061 0.928735
0.868558 0.904601

0.826061 0.928735
0.45776 0.965729

0.0819388 0.997102
0.028032 0.961599

0.868558 0.904601
0.851497 0.890614

0.444722 0.687848
0.352139 0.917383

0.216432 0.652853
0.190473 0.32028

0.216432 0.652853
0.122559 0.614172

0.988007 0.745492
0.851497 0.890614

0.828327 0.662502
0.903269 0.464717

0.903269 0.464717
0.84427 0.503305

0.190473 0.32028
0.1697 0.20412

0.0832732 0.0889315
0.547357 0.0978208

0.84427 0.503305
0.975926 0.410964

0.1697 0.20412
0.028032 0.961599

0.823069 0.479308
0.704644 0.352747

0.674101 0.212346
0.784822 0.304804

0.704644 0.352747
0.784822 0.304804

