100 0.3 0 1 0.1 4950 1485 23
0.0460855 0.767369 8
0.352488 0.722238 8
0.51857 0.285143 6
0.705661 0.316524 7
0.233327 0.547242 6
0.154263 0.493652 5
0.161554 0.229812 3
0.890529 0.117202 9
0.0811511 0.991065 10
0.368551 0.634917 7
0.590076 0.190161 6
0.959806 0.664801 11
0.592448 0.771526 10
0.228102 0.40947 5
0.382945 0.43299 6
0.684301 0.79516 10
0.859231 0.800817 11
0.360568 0.433106 5
0.367173 0.290337 4
0.537691 0.635709 8
0.728512 0.13252 7
0.634775 0.403281 7
0.524982 0.000245372 5
0.182025 0.60132 6
0.926453 0.889965 13
0.238322 0.820929 8
0.307068 0.221854 4
0.592015 0.531737 8
0.313107 0.627183 7
0.292601 0.185917 3
0.80232 0.511975 9
0.833903 0.428355 9
0.657555 0.380742 7
0.908608 0.205642 9
0.816326 0.693476 10
0.955828 0.16156 9
0.057568 0.480561 5
0.902981 0.463502 10
0.3679 0.299646 4
0.481283 0.618602 8
0.0573654 0.445477 4
0.41049 0.646594 7
0.0343695 0.00178147 0
0.96423 0.169966 9
0.169899 0.0501956 1
0.800708 0.59036 10
0.363922 0.381382 5
0.790184 0.571214 9
0.541107 0.632129 8
0.466917 0.486082 6
0.265871 0.138637 3
0.31217 0.720042 8
0.257289 0.342808 4
0.268177 0.762496 8
0.5593 0.984785 11
0.761926 0.616548 10
0.45773 0.156498 5
0.530475 0.821449 10
0.754411 0.174484 7
0.264651 0.566156 6
0.0375591 0.831879 8
0.300936 0.90379 9
0.880629 0.192435 9
0.467177 0.153461 5
0.787278 0.817223 11
0.723637 0.20182 7
0.971708 0.520577 11
0.46208 0.0222572 4
0.31395 0.0814255 3
0.224144 0.851744 9
0.456877 0.601413 7
0.724488 0.725778 10
0.617159 0.130969 6
0.571034 0.102736 5
0.0935161 0.752016 8
0.490475 0.784438 9
0.605735 0.113956 6
0.760827 0.624568 10
0.917508 0.0914221 9
0.411675 0.973268 10
0.367919 0.459141 6
0.965344 0.793971 12
0.595799 0.428382 7
0.87252 0.55647 10
0.693783 0.792111 10
0.592443 0.367528 7
0.609042 0.920094 11
0.962456 0.0606087 9
0.168232 0.239573 3
0.698303 0.804456 10
0.305602 0.275066 4
0.83511 0.0080329 8
0.355079 0.718968 8
0.866675 0.439148 9
0.542082 0.9471 11
0.408852 0.660172 8
0.718273 0.756514 10
0.708418 0.43702 8
0.570579 0.745808 9
0.924719 0.660331 11
0 1 31
0 2 68
0 3 80
0 4 29
0 5 29
0 6 55
0 7 107
0 8 23
0 9 35
0 10 79
0 11 92
0 12 55
0 13 40
0 14 47
0 15 64
0 16 81
0 17 46
0 18 58
0 19 51
0 20 93
0 21 69
0 22 90
0 23 21
0 24 89
0 25 20
0 26 60
0 27 59
0 28 30
0 29 63
0 30 80
0 31 86
0 32 72
0 33 103
0 34 77
0 35 109
0 36 29
0 37 91
0 38 57
0 39 46
0 40 32
0 41 38
0 42 77
0 43 110
0 44 73
0 45 78
0 46 50
0 47 77
0 48 51
0 49 51
0 50 67
0 51 27
0 52 47
0 53 22
0 54 56
0 55 73
0 56 74
0 57 49
0 58 92
0 59 30
0 60 7
0 61 29
0 62 101
0 63 74
0 64 74
0 65 88
0 66 96
0 67 85
0 68 74
0 69 20
0 70 44
0 71 68
0 72 86
0 73 85
0 74 5
0 75 44
0 76 86
0 77 73
0 78 110
0 79 42
0 80 45
0 81 92
0 82 65
0 83 85
0 84 65
0 85 68
0 86 58
0 87 116
0 88 54
0 89 65
0 90 56
0 91 110
0 92 31
0 93 88
0 94 53
0 95 38
0 96 67
0 97 74
0 98 52
0 99 89
1 2 47
1 3 54
1 4 21
1 5 30
1 6 53
1 7 81
1 8 38
1 9 9
1 10 58
1 11 61
1 12 24
1 13 34
1 14 29
1 15 34
1 16 51
1 17 29
1 18 43
1 19 20
1 20 70
1 21 43
1 22 74
1 23 21
1 24 60
1 25 15
1 26 50
1 27 31
1 28 10
1 29 54
1 30 50
1 31 56
1 32 46
1 33 76
1 34 46
1 35 82
1 36 38
1 37 61
1 38 42
1 39 17
1 40 40
1 41 10
1 42 79
1 43 82
1 44 70
1 45 47
1 46 34
1 47 46
1 48 21
1 49 26
1 50 59
1 51 4
1 52 39
1 53 9
1 54 33
1 55 42
1 56 58
1 57 20
1 58 68
1 59 18
1 60 33
1 61 19
1 62 75
1 63 58
1 64 45
1 65 64
1 66 65
1 67 71
1 68 64
1 69 18
1 70 16
1 71 37
1 72 65
1 73 66
1 74 26
1 75 15
1 76 66
1 77 42
1 78 85
1 79 26
1 80 26
1 81 62
1 82 38
1 83 55
1 84 35
1 85 43
1 86 32
1 87 90
1 88 52
1 89 36
1 90 45
1 91 86
1 92 0
1 93 59
1 94 29
1 95 8
1 96 37
1 97 46
1 98 22
1 99 58
2 3 19
2 4 39
2 5 42
2 6 36
2 7 41
2 8 83
2 9 38
2 10 12
2 11 58
2 12 49
2 13 32
2 14 20
2 15 54
2 16 62
2 17 22
2 18 15
2 19 35
2 20 26
2 21 17
2 22 28
2 23 46
2 24 73
2 25 60
2 26 22
2 27 26
2 28 40
2 29 25
2 30 36
2 31 35
2 32 17
2 33 40
2 34 51
2 35 45
2 36 50
2 37 42
2 38 15
2 39 34
2 40 49
2 41 38
2 42 56
2 43 46
2 44 42
2 45 42
2 46 18
2 47 39
2 48 35
2 49 21
2 50 29
2 51 48
2 52 27
2 53 54
2 54 70
2 55 41
2 56 14
2 57 54
2 58 26
2 59 38
2 60 73
2 61 66
2 62 37
2 63 14
2 64 60
2 65 22
2 66 51
2 67 27
2 68 29
2 69 64
2 70 32
2 71 49
2 72 18
2 73 19
2 74 63
2 75 50
2 76 19
2 77 42
2 78 44
2 79 70
2 80 23
2 81 68
2 82 16
2 83 45
2 84 54
2 85 11
2 86 64
2 87 50
2 88 35
2 89 55
2 90 21
2 91 42
2 92 46
2 93 38
2 94 66
2 95 39
2 96 51
2 97 24
2 98 46
2 99 55
3 4 53
3 5 58
3 6 55
3 7 27
3 8 92
3 9 46
3 10 17
3 11 43
3 12 47
3 13 49
3 14 34
3 15 48
3 16 51
3 17 36
3 18 34
3 19 36
3 20 19
3 21 11
3 22 36
3 23 60
3 24 61
3 25 69
3 26 41
3 27 24
3 28 50
3 29 43
3 30 22
3 31 17
3 32 8
3 33 23
3 34 39
3 35 29
3 36 67
3 37 25
3 38 34
3 39 38
3 40 66
3 41 44
3 42 74
3 43 30
3 44 60
3 45 29
3 46 35
3 47 27
3 48 36
3 49 29
3 50 47
3 51 56
3 52 45
3 53 62
3 54 68
3 55 31
3 56 30
3 57 53
3 58 15
3 59 51
3 60 84
3 61 71
3 62 21
3 63 29
3 64 51
3 65 12
3 66 34
3 67 38
3 68 46
3 69 72
3 70 38
3 71 41
3 72 21
3 73 25
3 74 75
3 75 52
3 76 23
3 77 31
3 78 31
3 79 72
3 80 37
3 81 54
3 82 16
3 83 29
3 84 48
3 85 12
3 86 61
3 87 36
3 88 54
3 89 49
3 90 40
3 91 33
3 92 53
3 93 20
3 94 65
3 95 45
3 96 44
3 97 12
3 98 45
3 99 41
4 5 10
4 6 33
4 7 79
4 8 47
4 9 16
4 10 50
4 11 74
4 12 42
4 13 14
4 14 19
4 15 51
4 16 68
4 17 17
4 18 29
4 19 32
4 20 65
4 21 43
4 22 62
4 23 7
4 24 77
4 25 27
4 26 33
4 27 36
4 28 11
4 29 37
4 30 57
4 31 61
4 32 46
4 33 76
4 34 60
4 35 82
4 36 19
4 37 67
4 38 28
4 39 26
4 40 20
4 41 20
4 42 58
4 43 82
4 44 50
4 45 57
4 46 21
4 47 56
4 48 32
4 49 24
4 50 41
4 51 19
4 52 21
4 53 22
4 54 55
4 55 53
4 56 45
4 57 40
4 58 64
4 59 4
4 60 35
4 61 36
4 62 74
4 63 46
4 64 62
4 65 60
4 66 74
4 67 57
4 68 47
4 69 30
4 70 23
4 71 52
4 72 57
4 73 56
4 74 25
4 75 35
4 76 57
4 77 53
4 78 82
4 79 46
4 80 16
4 81 77
4 82 38
4 83 64
4 84 52
4 85 40
4 86 53
4 87 88
4 88 31
4 89 53
4 90 28
4 91 81
4 92 21
4 93 64
4 94 51
4 95 21
4 96 53
4 97 49
4 98 39
4 99 70
5 6 26
5 7 83
5 8 50
5 9 26
5 10 53
5 11 82
5 12 52
5 13 11
5 14 24
5 15 61
5 16 77
5 17 22
5 18 29
5 19 41
5 20 68
5 21 49
5 22 62
5 23 11
5 24 87
5 25 34
5 26 31
5 27 44
5 28 21
5 29 34
5 30 65
5 31 68
5 32 52
5 33 81
5 34 69
5 35 87
5 36 10
5 37 75
5 38 29
5 39 35
5 40 11
5 41 30
5 42 51
5 43 87
5 44 44
5 45 65
5 46 24
5 47 64
5 48 41
5 49 31
5 50 37
5 51 28
5 52 18
5 53 29
5 54 64
5 55 62
5 56 45
5 57 50
5 58 68
5 59 13
5 60 36
5 61 44
5 62 79
5 63 46
5 64 71
5 65 64
5 66 82
5 67 56
5 68 44
5 69 36
5 70 32
5 71 62
5 72 59
5 73 57
5 74 27
5 75 44
5 76 59
5 77 62
5 78 86
5 79 54
5 80 22
5 81 86
5 82 45
5 83 72
5 84 62
5 85 46
5 86 62
5 87 92
5 88 25
5 89 63
5 90 27
5 91 84
5 92 30
5 93 71
5 94 60
5 95 30
5 96 62
5 97 56
5 98 49
5 99 79
6 7 74
6 8 77
6 9 45
6 10 43
6 11 91
6 12 69
6 13 19
6 14 30
6 15 77
6 16 90
6 17 28
6 18 21
6 19 55
6 20 58
6 21 50
6 22 43
6 23 37
6 24 101
6 25 60
6 26 15
6 27 53
6 28 43
6 29 14
6 30 70
6 31 70
6 32 52
6 33 75
6 34 80
6 35 80
6 36 27
6 37 78
6 38 22
6 39 50
6 40 24
6 41 49
6 42 26
6 43 80
6 44 18
6 45 73
6 46 25
6 47 72
6 48 55
6 49 40
6 50 14
6 51 51
6 52 15
6 53 54
6 54 85
6 55 71
6 56 31
6 57 70
6 58 60
6 59 35
6 60 61
6 61 69
6 62 72
6 63 32
6 64 86
6 65 56
6 66 86
6 67 37
6 68 21
6 69 63
6 70 47
6 71 75
6 72 47
6 73 43
6 74 53
6 75 64
6 76 46
6 77 72
6 78 77
6 79 78
6 80 31
6 81 98
6 82 48
6 83 78
6 84 77
6 85 45
6 86 82
6 87 82
6 88 1
6 89 79
6 90 15
6 91 71
6 92 53
6 93 74
6 94 81
6 95 50
6 96 77
6 97 58
6 98 66
6 99 88
7 8 119
7 9 74
7 10 31
7 11 55
7 12 72
7 13 72
7 14 60
7 15 71
7 16 68
7 17 62
7 18 55
7 19 63
7 20 16
7 21 38
7 22 38
7 23 86
7 24 77
7 25 96
7 26 59
7 27 51
7 28 77
7 29 60
7 30 40
7 31 32
7 32 35
7 33 9
7 34 58
7 35 8
7 36 91
7 37 35
7 38 55
7 39 65
7 40 90
7 41 71
7 42 86
7 43 9
7 44 72
7 45 48
7 46 59
7 47 46
7 48 62
7 49 56
7 50 63
7 51 84
7 52 67
7 53 90
7 54 93
7 55 52
7 56 43
7 57 79
7 58 15
7 59 77
7 60 111
7 61 98
7 62 8
7 63 42
7 64 71
7 65 19
7 66 41
7 67 44
7 68 58
7 69 99
7 70 65
7 71 63
7 72 27
7 73 32
7 74 102
7 75 78
7 76 28
7 77 52
7 78 4
7 79 98
7 80 62
7 81 68
7 82 43
7 83 44
7 84 70
7 85 39
7 86 85
7 87 9
7 88 73
7 89 71
7 90 61
7 91 12
7 92 81
7 93 32
7 94 90
7 95 73
7 96 66
7 97 37
7 98 71
7 99 54
8 9 46
8 10 95
8 11 94
8 12 56
8 13 60
8 14 63
8 15 63
8 16 80
8 17 62
8 18 76
8 19 58
8 20 108
8 21 81
8 22 109
8 23 40
8 24 85
8 25 23
8 26 80
8 27 69
8 28 43
8 29 83
8 30 87
8 31 94
8 32 84
8 33 114
8 34 79
8 35 121
8 36 51
8 37 98
8 38 75
8 39 55
8 40 55
8 41 48
8 42 99
8 43 121
8 44 95
8 45 82
8 46 67
8 47 82
8 48 58
8 49 64
8 50 87
8 51 36
8 52 67
8 53 30
8 54 48
8 55 78
8 56 92
8 57 48
8 58 106
8 59 46
8 60 17
8 61 24
8 62 113
8 63 92
8 64 73
8 65 102
8 66 101
8 67 104
8 68 94
8 69 20
8 70 54
8 71 70
8 72 101
8 73 101
8 74 24
8 75 46
8 76 102
8 77 77
8 78 123
8 79 33
8 80 60
8 81 91
8 82 76
8 83 90
8 84 64
8 85 81
8 86 53
8 87 128
8 88 76
8 89 64
8 90 75
8 91 124
8 92 39
8 93 96
8 94 46
8 95 47
8 96 68
8 97 84
8 98 55
8 99 91
9 10 50
9 11 59
9 12 26
9 13 27
9 14 20
9 15 35
9 16 52
9 17 20
9 18 34
9 19 17
9 20 62
9 21 35
9 22 65
9 23 19
9 24 61
9 25 23
9 26 42
9 27 25
9 28 6
9 29 46
9 30 45
9 31 51
9 32 38
9 33 69
9 34 45
9 35 75
9 36 35
9 37 56
9 38 34
9 39 11
9 40 36
9 41 4
9 42 72
9 43 76
9 44 62
9 45 43
9 46 25
9 47 43
9 48 17
9 49 18
9 50 51
9 51 10
9 52 31
9 53 16
9 54 40
9 55 39
9 56 49
9 57 25
9 58 60
9 59 12
9 60 39
9 61 28
9 62 68
9 63 49
9 64 46
9 65 56
9 66 61
9 67 62
9 68 56
9 69 26
9 70 9
9 71 37
9 72 56
9 73 57
9 74 30
9 75 19
9 76 57
9 77 39
9 78 77
9 79 34
9 80 18
9 81 62
9 82 31
9 83 51
9 84 36
9 85 35
9 86 37
9 87 83
9 88 44
9 89 37
9 90 37
9 91 78
9 92 9
9 93 54
9 94 36
9 95 5
9 96 37
9 97 39
9 98 23
9 99 56
10 11 60
10 12 58
10 13 42
10 14 32
10 15 61
10 16 67
10 17 33
10 18 24
10 19 45
10 20 15
10 21 22
10 22 20
10 23 58
10 24 78
10 25 72
10 26 28
10 27 34
10 28 52
10 29 30
10 30 39
10 31 34
10 32 20
10 33 32
10 34 55
10 35 37
10 36 61
10 37 42
10 38 25
10 39 44
10 40 59
10 41 49
10 42 59
10 43 37
10 44 44
10 45 45
10 46 30
10 47 43
10 48 44
10 49 32
10 50 33
10 51 60
10 52 37
10 53 66
10 54 80
10 55 46
10 56 14
10 57 63
10 58 17
10 59 50
10 60 85
10 61 77
10 62 29
10 63 13
10 64 66
10 65 13
10 66 50
10 67 21
10 68 30
10 69 76
10 70 43
10 71 55
10 72 7
10 73 9
10 74 75
10 75 60
10 76 8
10 77 47
10 78 34
10 79 80
10 80 35
10 81 71
10 82 24
10 83 46
10 84 61
10 85 18
10 86 73
10 87 39
10 88 42
10 89 62
10 90 30
10 91 31
10 92 58
10 93 37
10 94 76
10 95 50
10 96 58
10 97 27
10 98 56
10 99 58
11 12 38
11 13 77
11 14 62
11 15 30
11 16 17
11 17 64
11 18 70
11 19 42
11 20 58
11 21 42
11 22 79
11 23 78
11 24 23
11 25 74
11 26 79
11 27 39
11 28 65
11 29 82
11 30 22
11 31 27
11 32 41
11 33 46
11 34 15
11 35 50
11 36 92
11 37 21
11 38 70
11 39 48
11 40 93
11 41 55
11 42 114
11 43 49
11 44 100
11 45 18
11 46 66
11 47 19
11 48 42
11 49 52
11 50 87
11 51 65
11 52 77
11 53 70
11 54 51
11 55 20
11 56 71
11 57 46
11 58 53
11 59 70
11 60 94
11 61 70
11 62 48
11 63 71
11 64 23
11 65 52
11 66 14
11 67 81
11 68 87
11 69 76
11 70 51
11 71 24
11 72 63
11 73 68
11 74 87
11 75 48
11 76 65
11 77 20
11 78 57
11 79 63
11 80 63
11 81 13
11 82 43
11 83 14
11 84 29
11 85 47
11 86 43
11 87 60
11 88 90
11 89 30
11 90 76
11 91 67
11 92 61
11 93 24
11 94 50
11 95 55
11 96 26
11 97 34
11 98 40
11 99 4
12 13 51
12 14 40
12 15 9
12 16 27
12 17 41
12 18 53
12 19 15
12 20 65
12 21 37
12 22 77
12 23 44
12 24 35
12 25 36
12 26 62
12 27 24
12 28 31
12 29 66
12 30 33
12 31 42
12 32 40
12 33 65
12 34 24
12 35 71
12 36 61
12 37 44
12 38 52
12 39 19
12 40 63
12 41 22
12 42 95
12 43 71
12 44 84
12 45 28
12 46 45
12 47 28
12 48 15
12 49 31
12 50 71
12 51 28
12 52 54
12 53 32
12 54 22
12 55 23
12 56 63
12 57 8
12 58 62
12 59 39
12 60 56
12 61 32
12 62 65
12 63 63
12 64 20
12 65 58
12 66 45
12 67 76
12 68 74
12 69 38
12 70 22
12 71 14
12 72 64
12 73 67
12 74 50
12 75 10
12 76 66
12 77 22
12 78 75
12 79 27
12 80 38
12 81 37
12 82 34
12 83 35
12 84 10
12 85 40
12 86 15
12 87 80
12 88 68
12 89 11
12 90 57
12 91 80
12 92 24
12 93 43
12 94 18
12 95 21
12 96 13
12 97 35
12 98 3
12 99 35
13 14 16
13 15 60
13 16 74
13 17 13
13 18 18
13 19 38
13 20 57
13 21 41
13 22 51
13 23 20
13 24 85
13 25 41
13 26 20
13 27 38
13 28 23
13 29 23
13 30 58
13 31 61
13 32 43
13 33 71
13 34 65
13 35 77
13 36 18
13 37 68
13 38 18
13 39 33
13 40 17
13 41 30
13 42 45
13 43 77
13 44 36
13 45 60
13 46 14
13 47 58
13 48 38
13 49 25
13 50 27
13 51 32
13 52 7
13 53 36
13 54 66
13 55 57
13 56 34
13 57 51
13 58 58
13 59 16
13 60 46
13 61 50
13 62 69
13 63 35
13 64 69
13 65 54
13 66 75
13 67 45
13 68 34
13 69 44
13 70 30
13 71 59
13 72 48
13 73 46
13 74 37
13 75 46
13 76 48
13 77 57
13 78 76
13 79 59
13 80 15
13 81 83
13 82 37
13 83 66
13 84 60
13 85 37
13 86 64
13 87 81
13 88 18
13 89 61
13 90 16
13 91 73
13 92 33
13 93 64
13 94 62
13 95 31
13 96 60
13 97 48
13 98 48
13 99 74
14 15 47
14 16 60
14 17 2
14 18 14
14 19 26
14 20 46
14 21 25
14 22 46
14 23 26
14 24 71
14 25 41
14 26 22
14 27 23
14 28 21
14 29 26
14 30 43
14 31 45
14 32 28
14 33 57
14 34 51
14 35 63
14 36 33
14 37 52
14 38 13
14 39 21
14 40 33
14 41 22
14 42 55
14 43 64
14 44 44
14 45 45
14 46 6
14 47 43
14 48 25
14 49 10
14 50 32
14 51 30
14 52 15
14 53 35
14 54 58
14 55 42
14 56 29
14 57 42
14 58 45
14 59 18
14 60 53
14 61 48
14 62 55
14 63 29
14 64 56
14 65 41
14 66 60
14 67 42
14 68 36
14 69 45
14 70 18
14 71 45
14 72 38
14 73 38
14 74 43
14 75 37
14 76 39
14 77 42
14 78 63
14 79 54
14 80 3
14 81 69
14 82 21
14 83 50
14 84 47
14 85 22
14 86 54
14 87 69
14 88 29
14 89 49
14 90 18
14 91 62
14 92 29
14 93 48
14 94 54
14 95 23
14 96 47
14 97 33
14 98 36
14 99 59
15 16 18
15 17 49
15 18 60
15 19 22
15 20 66
15 21 39
15 22 81
15 23 54
15 24 26
15 25 45
15 26 69
15 27 28
15 28 41
15 29 72
15 30 31
15 31 40
15 32 42
15 33 63
15 34 17
15 35 69
15 36 70
15 37 40
15 38 59
15 39 27
15 40 72
15 41 31
15 42 103
15 43 69
15 44 91
15 45 24
15 46 52
15 47 25
15 48 22
15 49 38
15 50 78
15 51 38
15 52 62
15 53 42
15 54 23
15 55 19
15 56 68
15 57 16
15 58 62
15 59 48
15 60 65
15 61 40
15 62 63
15 63 68
15 64 11
15 65 59
15 66 40
15 67 80
15 68 80
15 69 46
15 70 30
15 71 8
15 72 67
15 73 70
15 74 59
15 75 19
15 76 69
15 77 19
15 78 74
15 79 33
15 80 46
15 81 28
15 82 38
15 83 30
15 84 1
15 85 44
15 86 15
15 87 79
15 88 76
15 89 2
15 90 64
15 91 80
15 92 34
15 93 40
15 94 21
15 95 31
15 96 5
15 97 36
15 98 12
15 99 28
16 17 62
16 18 71
16 19 36
16 20 68
16 21 46
16 22 87
16 23 71
16 24 11
16 25 62
16 26 80
16 27 38
16 28 57
16 29 84
16 30 29
16 31 37
16 32 47
16 33 60
16 34 12
16 35 65
16 36 86
16 37 34
16 38 70
16 39 42
16 40 88
16 41 47
16 42 115
16 43 64
16 44 102
16 45 22
16 46 65
16 47 24
16 48 36
16 49 50
16 50 89
16 51 55
16 52 76
16 53 59
16 54 35
16 55 21
16 56 76
16 57 33
16 58 64
16 59 64
16 60 82
16 61 57
16 62 61
16 63 76
16 64 7
16 65 61
16 66 30
16 67 87
16 68 90
16 69 64
16 70 45
16 71 15
16 72 71
16 73 76
16 74 77
16 75 37
16 76 73
16 77 20
16 78 71
16 79 48
16 80 60
16 81 11
16 82 46
16 83 24
16 84 17
16 85 51
16 86 28
16 87 75
16 88 89
16 89 16
16 90 76
16 91 79
16 92 51
16 93 36
16 94 35
16 95 47
16 96 15
16 97 39
16 98 29
16 99 15
17 18 14
17 19 27
17 20 48
17 21 28
17 22 46
17 23 25
17 24 73
17 25 41
17 26 22
17 27 25
17 28 20
17 29 26
17 30 45
17 31 47
17 32 30
17 33 59
17 34 52
17 35 65
17 36 31
17 37 54
17 38 13
17 39 22
17 40 30
17 41 22
17 42 54
17 43 66
17 44 43
17 45 47
17 46 5
17 47 45
17 48 27
17 49 12
17 50 31
17 51 29
17 52 14
17 53 34
17 54 59
17 55 44
17 56 29
17 57 42
17 58 47
17 59 16
17 60 51
17 61 47
17 62 57
17 63 30
17 64 57
17 65 43
17 66 62
17 67 42
17 68 35
17 69 44
17 70 19
17 71 47
17 72 40
17 73 39
17 74 42
17 75 37
17 76 40
17 77 44
17 78 65
17 79 54
17 80 3
17 81 70
17 82 24
17 83 53
17 84 49
17 85 24
17 86 55
17 87 71
17 88 27
17 89 50
17 90 17
17 91 64
17 92 29
17 93 51
17 94 55
17 95 23
17 96 48
17 97 35
17 98 38
17 99 61
18 19 39
18 20 39
18 21 29
18 22 33
18 23 36
18 24 82
18 25 55
18 26 9
18 27 33
18 28 34
18 29 13
18 30 49
18 31 49
18 32 30
18 33 55
18 34 60
18 35 60
18 36 36
18 37 56
18 38 1
18 39 35
18 40 35
18 41 36
18 42 44
18 43 61
18 44 31
18 45 53
18 46 9
18 47 51
18 48 38
18 49 22
18 50 18
18 51 43
18 52 12
18 53 48
18 54 72
18 55 51
18 56 16
18 57 56
18 58 40
18 59 29
18 60 63
18 61 62
18 62 52
18 63 17
18 64 67
18 65 37
18 66 65
18 67 28
18 68 22
18 69 58
18 70 32
18 71 56
18 72 30
18 73 28
18 74 54
18 75 51
18 76 30
18 77 52
18 78 59
18 79 68
18 80 17
18 81 78
18 82 27
18 83 57
18 84 60
18 85 24
18 86 67
18 87 64
18 88 21
18 89 61
18 90 6
18 91 55
18 92 43
18 93 52
18 94 68
18 95 37
18 96 58
18 97 37
18 98 50
18 99 67
19 20 54
19 21 25
19 22 64
19 23 36
19 24 46
19 25 35
19 26 47
19 27 12
19 28 22
19 29 51
19 30 29
19 31 36
19 32 28
19 33 57
19 34 28
19 35 63
19 36 50
19 37 40
19 38 38
19 39 6
19 40 52
19 41 13
19 42 81
19 43 63
19 44 69
19 45 27
19 46 31
19 47 26
19 48 0
19 49 17
19 50 57
19 51 24
19 52 41
19 53 30
19 54 35
19 55 23
19 56 49
19 57 19
19 58 51
19 59 28
19 60 54
19 61 36
19 62 56
19 63 49
19 64 31
19 65 47
19 66 45
19 67 62
19 68 60
19 69 38
19 70 9
19 71 21
19 72 51
19 73 53
19 74 46
19 75 16
19 76 53
19 77 22
19 78 66
19 79 36
19 80 24
19 81 46
19 82 22
19 83 34
19 84 22
19 85 27
19 86 29
19 87 71
19 88 54
19 89 23
19 90 43
19 91 69
19 92 20
19 93 38
19 94 31
19 95 13
19 96 22
19 97 26
19 98 11
19 99 39
20 21 29
20 22 24
20 23 72
20 24 78
20 25 85
20 26 43
20 27 42
20 28 65
20 29 44
20 30 39
20 31 31
20 32 26
20 33 19
20 34 57
20 35 23
20 36 76
20 37 37
20 38 40
20 39 55
20 40 74
20 41 60
20 42 71
20 43 24
20 44 56
20 45 46
20 46 44
20 47 44
20 48 53
20 49 44
20 50 46
20 51 72
20 52 52
20 53 78
20 54 87
20 55 49
20 56 27
20 57 72
20 58 5
20 59 63
20 60 98
20 61 88
20 62 16
20 63 26
20 64 69
20 65 7
20 66 46
20 67 29
20 68 42
20 69 88
20 70 54
20 71 59
20 72 11
20 73 16
20 74 89
20 75 69
20 76 12
20 77 49
20 78 19
20 79 90
20 80 49
20 81 70
20 82 32
20 83 45
20 84 66
20 85 27
20 86 80
20 87 24
20 88 57
20 89 67
20 90 45
20 91 16
20 92 70
20 93 34
20 94 84
20 95 62
20 96 62
20 97 31
20 98 63
20 99 56
21 22 42
21 23 49
21 24 57
21 25 58
21 26 37
21 27 14
21 28 39
21 29 41
21 30 20
21 31 20
21 32 3
21 33 34
21 34 34
21 35 40
21 36 58
21 37 27
21 38 29
21 39 26
21 40 58
21 41 33
21 42 72
21 43 40
21 44 58
21 45 25
21 46 27
21 47 23
21 48 25
21 49 19
21 50 45
21 51 45
21 52 38
21 53 51
21 54 59
21 55 25
21 56 30
21 57 43
21 58 26
21 59 40
21 60 74
21 61 60
21 62 32
21 63 30
21 64 44
21 65 22
21 66 36
21 67 42
21 68 45
21 69 61
21 70 27
21 71 33
21 72 27
21 73 31
21 74 64
21 75 41
21 76 29
21 77 25
21 78 42
21 79 61
21 80 27
21 81 51
21 82 5
21 83 28
21 84 39
21 85 6
21 86 52
21 87 47
21 88 49
21 89 41
21 90 35
21 91 44
21 92 42
21 93 23
21 94 55
21 95 34
21 96 36
21 97 8
21 98 35
21 99 39
22 23 69
22 24 98
22 25 87
22 26 31
22 27 54
22 28 66
22 29 30
22 30 58
22 31 53
22 32 40
22 33 44
22 34 75
22 35 46
22 36 67
22 37 60
22 38 34
22 39 62
22 40 65
22 41 66
22 42 49
22 43 47
22 44 36
22 45 65
22 46 41
22 47 63
22 48 63
22 49 49
22 50 29
22 51 75
22 52 43
22 53 80
22 54 99
22 55 66
22 56 17
22 57 82
22 58 29
22 59 62
22 60 96
22 61 93
22 62 40
22 63 16
22 64 86
22 65 28
22 66 69
22 67 7
22 68 23
22 69 90
22 70 61
22 71 75
22 72 16
22 73 11
22 74 87
22 75 78
22 76 14
22 77 67
22 78 40
22 79 98
22 80 49
22 81 91
22 82 43
22 83 66
22 84 81
22 85 37
22 86 92
22 87 44
22 88 43
22 89 82
22 90 35
22 91 31
22 92 74
22 93 56
22 94 95
22 95 67
22 96 78
22 97 47
22 98 75
22 99 77
23 24 80
23 25 23
23 26 40
23 27 42
23 28 13
23 29 43
23 30 63
23 31 67
23 32 52
23 33 83
23 34 64
23 35 89
23 36 17
23 37 73
23 38 35
23 39 30
23 40 20
23 41 23
23 42 62
23 43 89
23 44 55
23 45 62
23 46 29
23 47 61
23 48 36
23 49 31
23 50 47
23 51 18
23 52 27
23 53 18
23 54 54
23 55 58
23 56 52
23 57 41
23 58 71
23 59 9
23 60 27
23 61 33
23 62 81
23 63 53
23 64 64
23 65 67
23 66 79
23 67 64
23 68 54
23 69 25
23 70 27
23 71 56
23 72 64
23 73 63
23 74 17
23 75 36
23 76 65
23 77 58
23 78 89
23 79 44
23 80 23
23 81 81
23 82 45
23 83 69
23 84 55
23 85 47
23 86 53
23 87 95
23 88 36
23 89 55
23 90 35
23 91 88
23 92 21
23 93 70
23 94 50
23 95 23
23 96 56
23 97 55
23 98 41
23 99 75
24 25 69
24 26 91
24 27 49
24 28 67
24 29 95
24 30 40
24 31 47
24 32 58
24 33 68
24 34 23
24 35 73
24 36 96
24 37 43
24 38 81
24 39 52
24 40 98
24 41 57
24 42 126
24 43 72
24 44 113
24 45 32
24 46 76
24 47 35
24 48 46
24 49 61
24 50 100
24 51 64
24 52 86
24 53 67
24 54 38
24 55 32
24 56 87
24 57 40
24 58 74
24 59 74
24 60 89
24 61 63
24 62 70
24 63 87
24 64 16
24 65 72
24 66 37
24 67 98
24 68 101
24 69 70
24 70 55
24 71 26
24 72 82
24 73 86
24 74 84
24 75 45
24 76 84
24 77 31
24 78 80
24 79 52
24 80 71
24 81 10
24 82 57
24 83 34
24 84 25
24 85 62
24 86 32
24 87 83
24 88 100
24 89 24
24 90 87
24 91 89
24 92 60
24 93 45
24 94 39
24 95 57
24 96 25
24 97 50
24 98 38
24 99 23
25 26 60
25 27 46
25 28 21
25 29 64
25 30 64
25 31 71
25 32 61
25 33 91
25 34 59
25 35 97
25 36 39
25 37 75
25 38 54
25 39 32
25 40 42
25 41 25
25 42 84
25 43 98
25 44 77
25 45 61
25 46 46
25 47 61
25 48 36
25 49 41
25 50 68
25 51 13
25 52 48
25 53 7
25 54 36
25 55 56
25 56 70
25 57 29
25 58 83
25 59 26
25 60 20
25 61 10
25 62 90
25 63 71
25 64 55
25 65 79
25 66 79
25 67 83
25 68 74
25 69 3
25 70 31
25 71 50
25 72 79
25 73 79
25 74 16
25 75 25
25 76 80
25 77 56
25 78 100
25 79 23
25 80 38
25 81 73
25 82 53
25 83 69
25 84 46
25 85 58
25 86 38
25 87 105
25 88 59
25 89 46
25 90 55
25 91 101
25 92 16
25 93 74
25 94 33
25 95 23
25 96 48
25 97 61
25 98 34
25 99 70
26 27 42
26 28 41
26 29 4
26 30 57
26 31 57
26 32 38
26 33 60
26 34 69
26 35 65
26 36 36
26 37 64
26 38 10
26 39 43
26 40 34
26 41 44
26 42 35
26 43 66
26 44 22
26 45 62
26 46 17
26 47 60
26 48 47
26 49 31
26 50 9
26 51 50
26 52 13
26 53 54
26 54 80
26 55 60
26 56 16
26 57 64
26 58 45
26 59 35
26 60 67
26 61 68
26 62 57
26 63 17
26 64 76
26 65 42
26 66 73
26 67 25
26 68 14
26 69 64
26 70 41
26 71 65
26 72 32
26 73 29
26 74 57
26 75 59
26 76 32
26 77 61
26 78 62
26 79 76
26 80 24
26 81 87
26 82 35
26 83 66
26 84 69
26 85 32
26 86 76
26 87 67
26 88 14
26 89 70
26 90 5
26 91 57
26 92 50
26 93 60
26 94 76
26 95 45
26 96 67
26 97 46
26 98 59
26 99 76
27 28 29
27 29 46
27 30 21
27 31 26
27 32 16
27 33 45
27 34 28
27 35 52
27 36 54
27 37 32
27 38 32
27 39 14
27 40 54
27 41 21
27 42 77
27 43 52
27 44 64
27 45 22
27 46 27
27 47 20
27 48 11
27 49 13
27 50 51
27 51 34
27 52 38
27 53 40
27 54 45
27 55 19
27 56 40
27 57 30
27 58 39
27 59 33
27 60 63
27 61 47
27 62 45
27 63 40
27 64 35
27 65 36
27 66 38
27 67 53
27 68 53
27 69 49
27 70 15
27 71 23
27 72 40
27 73 43
27 74 54
27 75 27
27 76 42
27 77 19
27 78 55
27 79 48
27 80 24
27 81 46
27 82 10
27 83 28
27 84 28
27 85 16
27 86 39
27 87 60
27 88 51
27 89 29
27 90 38
27 91 58
27 92 30
27 93 29
27 94 42
27 95 22
27 96 26
27 97 15
27 98 22
27 99 36
28 29 44
28 30 50
28 31 56
28 32 42
28 33 73
28 34 51
28 35 79
28 36 29
28 37 61
28 38 33
28 39 17
28 40 31
28 41 10
28 42 68
28 43 80
28 44 59
28 45 49
28 46 25
28 47 48
28 48 23
28 49 21
28 50 49
28 51 9
28 52 29
28 53 14
28 54 43
28 55 45
28 56 49
28 57 29
28 58 63
28 59 8
28 60 34
28 61 28
28 62 71
28 63 50
28 64 51
28 65 59
28 66 67
28 67 62
28 68 55
28 69 24
28 70 15
28 71 42
28 72 58
28 73 58
28 74 25
28 75 24
28 76 59
28 77 45
28 78 81
28 79 36
28 80 18
28 81 67
28 82 35
28 83 56
28 84 41
28 85 38
28 86 42
28 87 86
28 88 41
28 89 42
28 90 35
28 91 81
28 92 10
28 93 58
28 94 39
28 95 10
28 96 43
28 97 44
28 98 28
28 99 61
29 30 61
29 31 59
29 32 41
29 33 62
29 34 73
29 35 66
29 36 38
29 37 67
29 38 14
29 39 47
29 40 35
29 41 48
29 42 32
29 43 67
29 44 18
29 45 65
29 46 21
29 47 63
29 48 51
29 49 35
29 50 5
29 51 53
29 52 16
29 53 58
29 54 84
29 55 64
29 56 17
29 57 68
29 58 46
29 59 38
29 60 69
29 61 72
29 62 59
29 63 18
29 64 80
29 65 43
29 66 76
29 67 24
29 68 11
29 69 67
29 70 45
29 71 69
29 72 33
29 73 29
29 74 60
29 75 63
29 76 32
29 77 64
29 78 63
29 79 80
29 80 28
29 81 91
29 82 39
29 83 69
29 84 73
29 85 35
29 86 80
29 87 68
29 88 14
29 89 74
29 90 9
29 91 57
29 92 54
29 93 63
29 94 80
29 95 49
29 96 71
29 97 49
29 98 63
29 99 79
30 31 9
30 32 20
30 33 32
30 34 18
30 35 38
30 36 75
30 37 11
30 38 48
30 39 34
30 40 75
30 41 41
30 42 92
30 43 38
30 44 78
30 45 8
30 46 46
30 47 6
30 48 29
30 49 34
30 50 65
30 51 53
30 52 57
30 53 59
30 54 53
30 55 11
30 56 50
30 57 41
30 58 34
30 59 54
30 60 83
30 61 64
30 62 33
30 63 49
30 64 31
30 65 32
30 66 17
30 67 60
30 68 65
30 69 67
30 70 36
30 71 23
30 72 42
30 73 47
30 74 75
30 75 41
30 76 44
30 77 12
30 78 44
30 79 60
30 80 44
30 81 33
30 82 22
30 83 8
30 84 30
30 85 25
30 86 45
30 87 48
30 88 69
30 89 31
30 90 55
30 91 51
30 92 49
30 93 10
30 94 51
30 95 42
30 96 26
30 97 12
30 98 33
30 99 19
31 32 18
31 33 23
31 34 27
31 35 29
31 36 78
31 37 8
31 38 48
31 39 40
31 40 78
31 41 48
31 42 91
31 43 29
31 44 76
31 45 17
31 46 47
31 47 15
31 48 36
31 49 37
31 50 64
31 51 60
31 52 58
31 53 66
31 54 62
31 55 20
31 56 46
31 57 50
31 58 27
31 59 59
31 60 89
31 61 71
31 62 24
31 63 46
31 64 39
31 65 25
31 66 17
31 67 55
31 68 63
31 69 74
31 70 41
31 71 32
31 72 37
31 73 42
31 74 81
31 75 49
31 76 39
31 77 21
31 78 35
31 79 69
31 80 47
31 81 39
31 82 24
31 83 13
31 84 39
31 85 25
31 86 54
31 87 39
31 88 69
31 89 40
31 90 55
31 91 42
31 92 56
31 93 3
31 94 60
31 95 48
31 96 35
31 97 13
31 98 41
31 99 25
32 33 31
32 34 35
32 35 37
32 36 61
32 37 26
32 38 30
32 39 30
32 40 60
32 41 36
32 42 73
32 43 37
32 44 59
32 45 25
32 46 29
32 47 23
32 48 28
32 49 22
32 50 46
32 51 48
32 52 40
32 53 55
32 54 61
32 55 26
32 56 30
32 57 46
32 58 23
32 59 43
32 60 77
32 61 63
32 62 29
32 63 30
32 64 46
32 65 19
32 66 34
32 67 41
32 68 46
32 69 64
32 70 30
32 71 35
32 72 25
32 73 29
32 74 68
32 75 44
32 76 27
32 77 26
32 78 39
32 79 64
32 80 30
32 81 52
32 82 8
32 83 28
32 84 41
32 85 7
32 86 54
32 87 44
32 88 51
32 89 43
32 90 37
32 91 41
32 92 45
32 93 22
32 94 58
32 95 37
32 96 38
32 97 8
32 98 38
32 99 39
33 34 50
33 35 6
33 36 89
33 37 26
33 38 55
33 39 59
33 40 88
33 41 67
33 42 90
33 43 7
33 44 75
33 45 40
33 46 57
33 47 38
33 48 56
33 49 52
33 50 65
33 51 79
33 52 67
33 53 85
33 54 85
33 55 44
33 56 45
33 57 72
33 58 16
33 59 74
33 60 107
33 61 93
33 62 3
33 63 44
33 64 62
33 65 19
33 66 32
33 67 48
33 68 61
33 69 94
33 70 60
33 71 55
33 72 30
33 73 35
33 74 98
33 75 71
33 76 32
33 77 44
33 78 11
33 79 91
33 80 60
33 81 59
33 82 38
33 83 35
33 84 62
33 85 36
33 86 77
33 87 15
33 88 74
33 89 63
33 90 61
33 91 21
33 92 75
33 93 24
33 94 83
33 95 68
33 96 58
33 97 31
33 98 64
33 99 45
34 35 55
34 36 79
34 37 25
34 38 60
34 39 34
34 40 80
34 41 41
34 42 104
34 43 54
34 44 91
34 45 10
34 46 55
34 47 13
34 48 28
34 49 41
34 50 78
34 51 50
34 52 66
34 53 55
34 54 39
34 55 9
34 56 65
34 57 31
34 58 52
34 59 57
34 60 79
34 61 56
34 62 51
34 63 64
34 64 13
34 65 50
34 66 23
34 67 76
34 68 79
34 69 61
34 70 37
34 71 10
34 72 60
34 73 64
34 74 73
34 75 34
34 76 62
34 77 9
34 78 61
34 79 49
34 80 51
34 81 18
34 82 34
34 83 15
34 84 16
34 85 40
34 86 31
34 87 65
34 88 79
34 89 16
34 90 66
34 91 69
34 92 46
34 93 26
34 94 37
34 95 41
34 96 12
34 97 28
34 98 25
34 99 11
35 36 95
35 37 31
35 38 60
35 39 66
35 40 94
35 41 73
35 42 94
35 43 1
35 44 79
35 45 46
35 46 63
35 47 44
35 48 63
35 49 59
35 50 69
35 51 85
35 52 72
35 53 91
35 54 91
35 55 49
35 56 50
35 57 79
35 58 20
35 59 80
35 60 114
35 61 99
35 62 8
35 63 49
35 64 68
35 65 24
35 66 36
35 67 51
35 68 65
35 69 101
35 70 67
35 71 61
35 72 34
35 73 39
35 74 105
35 75 78
35 76 35
35 77 50
35 78 8
35 79 98
35 80 66
35 81 63
35 82 45
35 83 40
35 84 68
35 85 42
35 86 83
35 87 10
35 88 79
35 89 69
35 90 66
35 91 20
35 92 82
35 93 29
35 94 89
35 95 74
35 96 64
35 97 37
35 98 70
35 99 50
36 37 85
36 38 36
36 39 45
36 40 4
36 41 39
36 42 48
36 43 96
36 44 44
36 45 75
36 46 32
36 47 74
36 48 51
36 49 41
36 50 40
36 51 35
36 52 24
36 53 35
36 54 71
36 55 72
36 56 51
36 57 58
36 58 76
36 59 22
36 60 35
36 61 49
36 62 87
36 63 52
36 64 80
36 65 72
36 66 92
36 67 61
36 68 47
36 69 41
36 70 42
36 71 71
36 72 66
36 73 64
36 74 27
36 75 53
36 76 66
36 77 72
36 78 94
36 79 61
36 80 31
36 81 96
36 82 54
36 83 82
36 84 71
36 85 55
36 86 71
36 87 100
36 88 27
36 89 72
36 90 32
36 91 91
36 92 38
36 93 81
36 94 67
36 95 39
36 96 72
36 97 65
36 98 58
36 99 89
37 38 56
37 39 45
37 40 85
37 41 53
37 42 98
37 43 30
37 44 84
37 45 16
37 46 55
37 47 16
37 48 40
37 49 44
37 50 72
37 51 64
37 52 66
37 53 70
37 54 62
37 55 21
37 56 54
37 57 52
37 58 32
37 59 65
37 60 94
37 61 75
37 62 27
37 63 53
37 64 37
37 65 32
37 66 9
37 67 62
37 68 70
37 69 78
37 70 47
37 71 32
37 72 44
37 73 49
37 74 86
37 75 52
37 76 46
37 77 21
37 78 37
37 79 71
37 80 54
37 81 34
37 82 31
37 83 10
37 84 39
37 85 33
37 86 54
37 87 41
37 88 77
37 89 40
37 90 63
37 91 46
37 92 60
37 93 4
37 94 60
37 95 53
37 96 35
37 97 20
37 98 44
37 99 20
38 39 34
38 40 34
38 41 35
38 42 45
38 43 61
38 44 32
38 45 52
38 46 8
38 47 50
38 48 37
38 49 21
38 50 19
38 51 42
38 52 12
38 53 47
38 54 71
38 55 51
38 56 17
38 57 55
38 58 41
38 59 29
38 60 63
38 61 61
38 62 52
38 63 18
38 64 67
38 65 37
38 66 64
38 67 29
38 68 22
38 69 57
38 70 31
38 71 56
38 72 30
38 73 28
38 74 53
38 75 50
38 76 30
38 77 51
38 78 59
38 79 68
38 80 16
38 81 78
38 82 26
38 83 57
38 84 59
38 85 23
38 86 67
38 87 64
38 88 21
38 89 60
38 90 7
38 91 55
38 92 42
38 93 52
38 94 67
38 95 36
38 96 58
38 97 37
38 98 49
38 99 66
39 40 46
39 41 8
39 42 76
39 43 66
39 44 65
39 45 32
39 46 26
39 47 31
39 48 6
39 49 13
39 50 53
39 51 20
39 52 36
39 53 26
39 54 37
39 55 28
39 56 46
39 57 21
39 58 52
39 59 22
39 60 49
39 61 34
39 62 58
39 63 47
39 64 36
39 65 48
39 66 50
39 67 60
39 68 56
39 69 35
39 70 3
39 71 27
39 72 51
39 73 52
39 74 41
39 75 17
39 76 52
39 77 28
39 78 68
39 79 36
39 80 20
39 81 51
39 82 22
39 83 40
39 84 27
39 85 27
39 86 33
39 87 74
39 88 49
39 89 29
39 90 39
39 91 71
39 92 16
39 93 43
39 94 33
39 95 8
39 96 27
39 97 29
39 98 16
39 99 45
40 41 41
40 42 44
40 43 95
40 44 41
40 45 76
40 46 31
40 47 74
40 48 52
40 49 41
40 50 37
40 51 37
40 52 22
40 53 38
40 54 74
40 55 73
40 56 49
40 57 60
40 58 75
40 59 24
40 60 39
40 61 52
40 62 86
40 63 50
40 64 82
40 65 71
40 66 92
40 67 59
40 68 45
40 69 44
40 70 43
40 71 72
40 72 64
40 73 62
40 74 31
40 75 55
40 76 64
40 77 73
40 78 93
40 79 64
40 80 31
40 81 97
40 82 54
40 83 82
40 84 72
40 85 54
40 86 73
40 87 98
40 88 23
40 89 73
40 90 30
40 91 89
40 92 40
40 93 81
40 94 70
40 95 41
40 96 73
40 97 65
40 98 59
40 99 89
41 42 75
41 43 73
41 44 64
41 45 39
41 46 27
41 47 39
41 48 13
41 49 17
41 50 53
41 51 12
41 52 34
41 53 18
41 54 37
41 55 35
41 56 49
41 57 21
41 58 58
41 59 17
41 60 42
41 61 28
41 62 65
41 63 50
41 64 41
41 65 54
41 66 58
41 67 63
41 68 57
41 69 28
41 70 6
41 71 32
41 72 56
41 73 57
41 74 33
41 75 16
41 76 57
41 77 35
41 78 75
41 79 33
41 80 19
41 81 57
41 82 29
41 83 47
41 84 32
41 85 33
41 86 34
41 87 81
41 88 47
41 89 33
41 90 39
41 91 77
41 92 9
41 93 50
41 94 33
41 95 1
41 96 33
41 97 36
41 98 19
41 99 51
42 43 94
42 44 14
42 45 97
42 46 50
42 47 95
42 48 81
42 49 65
42 50 27
42 51 77
42 52 41
42 53 80
42 54 111
42 55 95
42 56 45
42 57 96
42 58 74
42 59 61
42 60 83
42 61 94
42 62 87
42 63 46
42 64 111
42 65 72
42 66 107
42 67 43
42 68 29
42 69 87
42 70 73
42 71 100
42 72 60
42 73 55
42 74 75
42 75 91
42 76 58
42 77 96
42 78 89
42 79 104
42 80 57
42 81 122
42 82 71
42 83 101
42 84 103
42 85 67
42 86 108
42 87 93
42 88 27
42 89 104
42 90 39
42 91 80
42 92 79
42 93 94
42 94 107
42 95 76
42 96 102
42 97 80
42 98 92
42 99 111
43 44 80
43 45 45
43 46 64
43 47 44
43 48 63
43 49 59
43 50 70
43 51 85
43 52 73
43 53 91
43 54 91
43 55 49
43 56 51
43 57 78
43 58 21
43 59 80
43 60 114
43 61 99
43 62 9
43 63 50
43 64 67
43 65 24
43 66 35
43 67 52
43 68 66
43 69 101
43 70 67
43 71 61
43 72 35
43 73 40
43 74 105
43 75 78
43 76 36
43 77 50
43 78 9
43 79 97
43 80 66
43 81 62
43 82 45
43 83 40
43 84 68
43 85 42
43 86 83
43 87 11
43 88 80
43 89 69
43 90 67
43 91 21
43 92 82
43 93 29
43 94 88
43 95 74
43 96 64
43 97 37
43 98 70
43 99 49
44 45 83
44 46 38
44 47 81
44 48 69
44 49 53
44 50 13
44 51 68
44 52 31
44 53 72
44 54 101
44 55 82
44 56 31
44 57 85
44 58 60
44 59 52
44 60 79
44 61 86
44 62 72
44 63 31
44 64 98
44 65 57
44 66 93
44 67 29
44 68 15
44 69 80
44 70 62
44 71 87
44 72 45
44 73 40
44 74 71
44 75 80
44 76 44
44 77 82
44 78 75
44 79 95
44 80 45
44 81 109
44 82 57
44 83 87
44 84 91
44 85 53
44 86 97
44 87 79
44 88 19
44 89 92
44 90 26
44 91 67
44 92 69
44 93 80
44 94 97
44 95 66
44 96 89
44 97 66
44 98 80
44 99 97
45 46 48
45 47 2
45 48 26
45 49 35
45 50 70
45 51 51
45 52 60
45 53 56
45 54 46
45 55 5
45 56 55
45 57 36
45 58 42
45 59 54
45 60 80
45 61 59
45 62 41
45 63 55
45 64 23
45 65 40
45 66 18
45 67 66
45 68 70
45 69 63
45 70 34
45 71 16
45 72 49
45 73 54
45 74 73
45 75 37
45 76 51
45 77 5
45 78 51
45 79 55
45 80 45
45 81 26
45 82 26
45 83 8
45 84 23
45 85 31
45 86 38
45 87 55
45 88 72
45 89 24
45 90 59
45 91 58
45 92 46
45 93 16
45 94 44
45 95 40
45 96 19
45 97 18
45 98 28
45 99 14
46 47 47
46 48 31
46 49 15
46 50 26
46 51 34
46 52 11
46 53 39
46 54 63
46 55 46
46 56 24
46 57 47
46 58 44
46 59 21
46 60 56
46 61 53
46 62 55
46 63 25
46 64 61
46 65 40
46 66 62
46 67 37
46 68 30
46 69 49
46 70 24
46 71 50
46 72 36
46 73 35
46 74 46
46 75 42
46 76 36
46 77 47
46 78 62
46 79 59
46 80 8
46 81 73
46 82 24
46 83 54
46 84 53
46 85 23
46 86 59
46 87 68
46 88 24
46 89 54
46 90 12
46 91 60
46 92 34
46 93 51
46 94 59
46 95 28
46 96 52
46 97 35
46 98 42
46 99 63
47 48 26
47 49 33
47 50 68
47 51 50
47 52 58
47 53 56
47 54 47
47 55 5
47 56 53
47 57 36
47 58 40
47 59 53
47 60 80
47 61 59
47 62 39
47 63 53
47 64 25
47 65 38
47 66 19
47 67 64
47 68 68
47 69 63
47 70 33
47 71 17
47 72 47
47 73 52
47 74 72
47 75 37
47 76 49
47 77 6
47 78 50
47 79 55
47 80 44
47 81 28
47 82 24
47 83 8
47 84 24
47 85 28
47 86 39
47 87 54
47 88 70
47 89 25
47 90 57
47 91 56
47 92 46
47 93 15
47 94 45
47 95 39
47 96 20
47 97 16
47 98 28
47 99 16
48 49 16
48 50 57
48 51 25
48 52 41
48 53 30
48 54 35
48 55 22
48 56 48
48 57 19
48 58 50
48 59 28
48 60 54
48 61 36
48 62 56
48 63 48
48 64 31
48 65 47
48 66 44
48 67 61
48 68 60
48 69 39
48 70 9
48 71 21
48 72 51
48 73 53
48 74 46
48 75 16
48 76 52
48 77 22
48 78 66
48 79 36
48 80 24
48 81 45
48 82 21
48 83 34
48 84 22
48 85 27
48 86 30
48 87 71
48 88 54
48 89 23
48 90 43
48 91 69
48 92 21
48 93 38
48 94 31
48 95 14
48 96 22
48 97 26
48 98 12
48 99 38
49 50 40
49 51 28
49 52 25
49 53 34
49 54 51
49 55 32
49 56 33
49 57 34
49 58 42
49 59 22
49 60 55
49 61 45
49 62 51
49 63 33
49 64 46
49 65 38
49 66 51
49 67 46
49 68 43
49 69 44
49 70 12
49 71 35
49 72 39
49 73 40
49 74 46
49 75 30
49 76 40
49 77 32
49 78 60
49 79 49
49 80 10
49 81 59
49 82 14
49 83 41
49 84 38
49 85 17
49 86 46
49 87 65
49 88 39
49 89 39
49 90 27
49 91 60
49 92 26
49 93 40
49 94 47
49 95 18
49 96 37
49 97 25
49 98 28
49 99 49
50 51 58
50 52 20
50 53 62
50 54 90
50 55 69
50 56 19
50 57 73
50 58 49
50 59 43
50 60 73
50 61 77
50 62 62
50 63 20
50 64 86
50 65 46
50 66 80
50 67 23
50 68 7
50 69 71
50 70 50
50 71 75
50 72 35
50 73 31
50 74 64
50 75 68
50 76 34
50 77 69
50 78 65
50 79 85
50 80 34
50 81 96
50 82 44
50 83 74
50 84 78
50 85 40
50 86 85
50 87 70
50 88 14
50 89 79
50 90 14
50 91 58
50 92 59
50 93 67
50 94 85
50 95 54
50 96 77
50 97 53
50 98 68
50 99 84
51 52 38
51 53 6
51 54 36
51 55 46
51 56 58
51 57 24
51 58 70
51 59 16
51 60 30
51 61 18
51 62 78
51 63 59
51 64 48
51 65 66
51 66 69
51 67 71
51 68 64
51 69 16
51 70 19
51 71 41
51 72 66
51 73 67
51 74 22
51 75 19
51 76 67
51 77 46
51 78 87
51 79 27
51 80 27
51 81 66
51 82 41
51 83 58
51 84 39
51 85 45
51 86 36
51 87 93
51 88 50
51 89 40
51 90 45
51 91 88
51 92 4
51 93 62
51 94 32
51 95 11
51 96 41
51 97 49
51 98 26
51 99 62
52 53 42
52 54 71
52 55 57
52 56 27
52 57 55
52 58 52
52 59 22
52 60 54
52 61 56
52 62 64
52 63 28
52 64 71
52 65 49
52 66 74
52 67 38
52 68 27
52 69 51
52 70 33
52 71 60
52 72 42
52 73 40
52 74 44
52 75 50
52 76 42
52 77 58
52 78 71
52 79 65
52 80 16
52 81 84
52 82 35
52 83 65
52 84 63
52 85 34
52 86 68
52 87 76
52 88 14
52 89 64
52 90 8
52 91 67
52 92 39
52 93 62
52 94 67
52 95 35
52 96 62
52 97 46
52 98 51
52 99 74
53 54 37
53 55 51
53 56 63
53 57 27
53 58 76
53 59 20
53 60 24
53 61 15
53 62 84
53 63 64
53 64 52
53 65 72
53 66 74
53 67 77
53 68 68
53 69 10
53 70 25
53 71 46
53 72 72
53 73 73
53 74 17
53 75 22
53 76 73
53 77 51
53 78 93
53 79 25
53 80 32
53 81 70
53 82 47
53 83 64
53 84 43
53 85 51
53 86 38
53 87 99
53 88 53
53 89 43
53 90 49
53 91 94
53 92 10
53 93 68
53 94 33
53 95 17
53 96 45
53 97 55
53 98 30
53 99 66
54 55 42
54 56 83
54 57 17
54 58 83
54 59 51
54 60 54
54 61 27
54 62 86
54 63 84
54 64 28
54 65 80
54 66 62
54 67 97
54 68 94
54 69 36
54 70 40
54 71 31
54 72 86
54 73 88
54 74 52
54 75 21
54 76 87
54 77 41
54 78 96
54 79 15
54 80 56
54 81 45
54 82 56
54 83 53
54 84 23
54 85 62
54 86 8
54 87 101
54 88 84
54 89 23
54 90 75
54 91 101
54 92 34
54 93 63
54 94 4
54 95 36
54 96 28
54 97 57
54 98 24
54 99 49
55 56 55
55 57 31
55 58 44
55 59 50
55 60 76
55 61 54
55 62 44
55 63 55
55 64 20
55 65 42
55 66 23
55 67 67
55 68 70
55 69 59
55 70 31
55 71 12
55 72 51
55 73 55
55 74 68
55 75 32
55 76 53
55 77 1
55 78 55
55 79 50
55 80 42
55 81 27
55 82 25
55 83 13
55 84 19
55 85 30
55 86 34
55 87 59
55 88 70
55 89 20
55 90 57
55 91 61
55 92 42
55 93 21
55 94 40
55 95 36
55 96 15
55 97 19
55 98 23
55 99 17
56 57 67
56 58 30
56 59 45
56 60 80
56 61 76
56 62 42
56 63 1
56 64 74
56 65 27
56 66 63
56 67 13
56 68 16
56 69 73
56 70 44
56 71 63
56 72 16
56 73 13
56 74 70
56 75 63
56 76 15
56 77 56
56 78 46
56 79 82
56 80 32
56 81 81
56 82 30
56 83 58
56 84 68
56 85 25
56 86 78
56 87 51
56 88 30
56 89 69
56 90 19
56 91 41
56 92 57
56 93 50
56 94 80
56 95 51
56 96 65
56 97 38
56 98 60
56 99 69
57 58 68
57 59 37
57 60 49
57 61 24
57 62 72
57 63 67
57 64 26
57 65 65
57 66 53
57 67 80
57 68 77
57 69 31
57 70 23
57 71 22
57 72 70
57 73 72
57 74 44
57 75 5
57 76 71
57 77 30
57 78 83
57 79 19
57 80 40
57 81 44
57 82 40
57 83 43
57 84 17
57 85 46
57 86 13
57 87 87
57 88 69
57 89 17
57 90 59
57 91 87
57 92 20
57 93 51
57 94 13
57 95 20
57 96 20
57 97 42
57 98 9
57 99 43
58 59 63
58 60 97
58 61 86
58 62 13
58 63 29
58 64 64
58 65 4
58 66 41
58 67 33
58 68 45
58 69 86
58 70 52
58 71 55
58 72 14
58 73 20
58 74 88
58 75 66
58 76 16
58 77 45
58 78 18
58 79 87
58 80 48
58 81 65
58 82 30
58 83 40
58 84 62
58 85 25
58 86 76
58 87 24
58 88 59
58 89 63
58 90 46
58 91 18
58 92 68
58 93 29
58 94 80
58 95 60
58 96 58
58 97 27
58 98 60
58 99 51
59 60 35
59 61 34
59 62 72
59 63 46
59 64 58
59 65 59
59 66 71
59 67 58
59 68 49
59 69 29
59 70 20
59 71 49
59 72 56
59 73 56
59 74 25
59 75 31
59 76 57
59 77 50
59 78 81
59 79 43
59 80 15
59 81 74
59 82 36
59 83 61
59 84 48
59 85 38
59 86 49
59 87 86
59 88 34
59 89 49
59 90 29
59 91 80
59 92 18
59 93 62
59 94 47
59 95 17
59 96 49
59 97 46
59 98 35
59 99 67
60 61 27
60 62 106
60 63 80
60 64 75
60 65 93
60 66 98
60 67 91
60 68 80
60 69 19
60 70 48
60 71 70
60 72 91
60 73 90
60 74 10
60 75 46
60 76 92
60 77 75
60 78 115
60 79 40
60 80 50
60 81 93
60 82 69
60 83 88
60 84 66
60 85 72
60 86 58
60 87 120
60 88 61
60 89 66
60 90 62
60 91 115
60 92 34
60 93 92
60 94 52
60 95 41
60 96 68
60 97 78
60 98 54
60 99 90
61 62 92
61 63 77
61 64 49
61 65 82
61 66 77
61 67 90
61 68 82
61 69 9
61 70 34
61 71 46
61 72 84
61 73 85
61 74 26
61 75 22
61 76 85
61 77 54
61 78 102
61 79 13
61 80 45
61 81 67
61 82 56
61 83 67
61 84 41
61 85 61
61 86 31
61 87 107
61 88 68
61 89 41
61 90 63
61 91 104
61 92 19
61 93 73
61 94 25
61 95 27
61 96 44
61 97 62
61 98 31
61 99 67
62 63 42
62 64 63
62 65 16
62 66 34
62 67 45
62 68 58
62 69 93
62 70 59
62 71 56
62 72 27
62 73 32
62 74 97
62 75 71
62 76 29
62 77 45
62 78 11
62 79 91
62 80 58
62 81 61
62 82 37
62 83 36
62 84 63
62 85 34
62 86 78
62 87 16
62 88 71
62 89 64
62 90 58
62 91 19
62 92 74
62 93 25
62 94 83
62 95 66
62 96 59
62 97 30
62 98 63
62 99 47
63 64 74
63 65 26
63 66 62
63 67 13
63 68 17
63 69 74
63 70 45
63 71 63
63 72 15
63 73 12
63 74 71
63 75 63
63 76 14
63 77 56
63 78 45
63 79 82
63 80 32
63 81 81
63 82 30
63 83 57
63 84 68
63 85 25
63 86 78
63 87 50
63 88 31
63 89 69
63 90 20
63 91 40
63 92 58
63 93 49
63 94 80
63 95 51
63 96 65
63 97 37
63 98 60
63 99 68
64 65 62
64 66 35
64 67 86
64 68 87
64 69 56
64 70 39
64 71 11
64 72 71
64 73 75
64 74 70
64 75 30
64 76 73
64 77 19
64 78 74
64 79 41
64 80 55
64 81 18
64 82 43
64 83 27
64 84 10
64 85 49
64 86 21
64 87 78
64 88 85
64 89 9
64 90 73
64 91 81
64 92 44
64 93 39
64 94 28
64 95 41
64 96 9
64 97 39
64 98 23
64 99 21
65 66 40
65 67 32
65 68 43
65 69 82
65 70 48
65 71 52
65 72 13
65 73 18
65 74 84
65 75 63
65 76 15
65 77 42
65 78 22
65 79 83
65 80 44
65 81 64
65 82 26
65 83 38
65 84 59
65 85 21
65 86 73
65 87 28
65 88 56
65 89 60
65 90 42
65 91 22
65 92 64
65 93 28
65 94 77
65 95 56
65 96 55
65 97 24
65 98 57
65 99 50
66 67 71
66 68 79
66 69 82
66 70 52
66 71 32
66 72 53
66 73 58
66 74 91
66 75 55
66 76 55
66 77 24
66 78 43
66 79 72
66 80 61
66 81 27
66 82 39
66 83 11
66 84 39
66 85 41
66 86 54
66 87 46
66 88 85
66 89 39
66 90 71
66 91 53
66 92 65
66 93 13
66 94 61
66 95 58
66 96 35
66 97 28
66 98 46
66 99 15
67 68 16
67 69 86
67 70 58
67 71 75
67 72 19
67 73 14
67 74 82
67 75 76
67 76 17
67 77 67
67 78 46
67 79 95
67 80 45
67 81 92
67 82 43
67 83 67
67 84 80
67 85 37
67 86 91
67 87 50
67 88 37
67 89 82
67 90 30
67 91 37
67 92 70
67 93 58
67 94 93
67 95 64
67 96 78
67 97 48
67 98 73
67 99 79
68 69 78
68 70 54
68 71 76
68 72 31
68 73 26
68 74 71
68 75 72
68 76 29
68 77 70
68 78 60
68 79 90
68 80 38
68 81 97
68 82 45
68 83 73
68 84 81
68 85 40
68 86 89
68 87 65
68 88 22
68 89 82
68 90 19
68 91 53
68 92 64
68 93 66
68 94 90
68 95 59
68 96 79
68 97 53
68 98 71
68 99 84
69 70 34
69 71 52
69 72 82
69 73 83
69 74 16
69 75 27
69 76 83
69 77 58
69 78 103
69 79 22
69 80 42
69 81 74
69 82 56
69 83 71
69 84 47
69 85 61
69 86 39
69 87 108
69 88 61
69 89 48
69 90 58
69 91 104
69 92 19
69 93 76
69 94 33
69 95 27
69 96 50
69 97 64
69 98 36
69 99 73
70 71 30
70 72 50
70 73 51
70 74 39
70 75 19
70 76 51
70 77 30
70 78 69
70 79 37
70 80 17
70 81 54
70 82 22
70 83 42
70 84 30
70 85 27
70 86 35
70 87 74
70 88 46
70 89 32
70 90 36
70 91 70
70 92 16
70 93 44
70 94 36
70 95 8
70 96 30
70 97 30
70 98 18
70 99 47
71 72 60
71 73 64
71 74 63
71 75 24
71 76 62
71 77 11
71 78 66
71 79 40
71 80 45
71 81 25
71 82 32
71 83 22
71 84 7
71 85 38
71 86 23
71 87 71
71 88 74
71 89 8
71 90 62
71 91 73
71 92 37
71 93 32
71 94 29
71 95 32
71 96 3
71 97 29
71 98 16
71 99 21
72 73 5
72 74 81
72 75 67
72 76 2
72 77 51
72 78 30
72 79 87
72 80 41
72 81 75
72 82 30
72 83 50
72 84 67
72 85 24
72 86 79
72 87 35
72 88 46
72 89 68
72 90 34
72 91 25
72 92 64
72 93 40
72 94 82
72 95 57
72 96 63
72 97 32
72 98 62
72 99 61
73 74 81
73 75 69
73 76 4
73 77 56
73 78 35
73 79 88
73 80 41
73 81 80
73 82 33
73 83 54
73 84 70
73 85 27
73 86 82
73 87 39
73 88 43
73 89 71
73 90 32
73 91 28
73 92 65
73 93 45
73 94 84
73 95 58
73 96 67
73 97 36
73 98 64
73 99 66
74 75 40
74 76 82
74 77 68
74 78 106
74 79 39
74 80 40
74 81 87
74 82 60
74 83 80
74 84 60
74 85 63
74 86 54
74 87 111
74 88 52
74 89 61
74 90 52
74 91 105
74 92 26
74 93 83
74 94 49
74 95 33
74 96 62
74 97 69
74 98 48
74 99 84
75 76 68
75 77 31
75 78 81
75 79 20
75 80 35
75 81 47
75 82 37
75 83 44
75 84 20
75 85 43
75 86 18
75 87 86
75 88 63
75 89 21
75 90 54
75 91 85
75 92 15
75 93 51
75 94 17
75 95 15
75 96 23
75 97 41
75 98 9
75 99 45
76 77 53
76 78 31
76 79 88
76 80 42
76 81 77
76 82 31
76 83 52
76 84 68
76 85 25
76 86 81
76 87 36
76 88 46
76 89 70
76 90 34
76 91 25
76 92 65
76 93 42
76 94 84
76 95 58
76 96 65
76 97 34
76 98 63
76 99 63
77 78 56
77 79 49
77 80 43
77 81 27
77 82 26
77 83 13
77 84 18
77 85 31
77 86 33
77 87 60
77 88 71
77 89 19
77 90 57
77 91 62
77 92 42
77 93 21
77 94 39
77 95 35
77 96 14
77 97 19
77 98 23
77 99 17
78 79 102
78 80 66
78 81 70
78 82 47
78 83 47
78 84 74
78 85 43
78 86 88
78 87 5
78 88 76
78 89 75
78 90 64
78 91 12
78 92 84
78 93 35
78 94 93
78 95 76
78 96 69
78 97 40
78 98 74
78 99 57
79 80 52
79 81 58
79 82 58
79 83 62
79 84 34
79 85 63
79 86 20
79 87 107
79 88 77
79 89 33
79 90 71
79 91 105
79 92 26
79 93 70
79 94 13
79 95 31
79 96 38
79 97 61
79 98 28
79 99 60
80 81 68
80 82 23
80 83 51
80 84 47
80 85 24
80 86 52
80 87 72
80 88 30
80 89 48
80 90 19
80 91 65
80 92 26
80 93 50
80 94 52
80 95 21
80 96 46
80 97 34
80 98 35
80 99 59
81 82 52
81 83 25
81 84 27
81 85 57
81 86 38
81 87 73
81 88 97
81 89 27
81 90 84
81 91 80
81 92 61
81 93 37
81 94 45
81 95 57
81 96 25
81 97 44
81 98 40
81 99 14
82 83 30
82 84 38
82 85 6
82 86 49
82 87 52
82 88 47
82 89 39
82 90 33
82 91 48
82 92 38
82 93 27
82 94 52
82 95 30
82 96 35
82 97 11
82 98 32
82 99 40
83 84 30
83 85 34
83 86 45
83 87 50
83 88 77
83 89 30
83 90 63
83 91 55
83 92 54
83 93 12
83 94 51
83 95 48
83 96 25
83 97 20
83 98 36
83 99 12
84 85 44
84 86 15
84 87 78
84 88 76
84 89 1
84 90 65
84 91 80
84 92 35
84 93 39
84 94 22
84 95 31
84 96 4
84 97 36
84 98 13
84 99 27
85 86 55
85 87 48
85 88 44
85 89 45
85 90 30
85 91 43
85 92 42
85 93 28
85 94 58
85 95 35
85 96 41
85 97 14
85 98 38
85 99 44
86 87 93
86 88 81
86 89 15
86 90 71
86 91 94
86 92 32
86 93 55
86 94 7
86 95 33
86 96 20
86 97 49
86 98 18
86 99 41
87 88 81
87 89 79
87 90 69
87 91 14
87 92 90
87 93 39
87 94 98
87 95 82
87 96 74
87 97 45
87 98 79
87 99 60
88 89 77
88 90 14
88 91 71
88 92 51
88 93 73
88 94 80
88 95 48
88 96 75
88 97 58
88 98 65
88 99 87
89 90 66
89 91 81
89 92 35
89 93 40
89 94 21
89 95 32
89 96 5
89 97 37
89 98 14
89 99 27
90 91 59
90 92 45
90 93 58
90 94 71
90 95 40
90 96 63
90 97 43
90 98 54
90 99 73
91 92 86
91 93 43
91 94 98
91 95 78
91 96 76
91 97 45
91 98 78
91 99 66
92 93 58
92 94 29
92 95 8
92 96 37
92 97 45
92 98 22
92 99 57
93 94 60
93 95 51
93 96 35
93 97 16
93 98 43
93 99 23
94 95 32
94 96 26
94 97 54
94 98 20
94 99 48
95 96 32
95 97 37
95 98 18
95 99 52
96 97 32
96 98 15
96 99 23
97 98 34
97 99 31
98 99 36
0 5 29
0 17 46
0 19 51
0 23 21
0 25 20
0 26 60
0 29 63
0 44 73
0 51 27
0 54 56
0 57 49
0 58 92
0 64 74
0 69 20
0 70 44
0 71 68
0 73 85
0 74 5
0 76 86
0 77 73
0 80 45
0 81 92
0 84 65
0 87 116
0 90 56
0 99 89
1 6 53
1 8 38
1 9 9
1 16 51
1 17 29
1 20 70
1 27 31
1 30 50
1 32 46
1 33 76
1 38 42
1 40 40
1 42 79
1 44 70
1 45 47
1 49 26
1 51 4
1 53 9
1 65 64
1 67 71
1 69 18
1 70 16
1 71 37
1 81 62
1 93 59
1 97 46
1 99 58
2 4 39
2 7 41
2 8 83
2 11 58
2 18 15
2 22 28
2 26 22
2 29 25
2 31 35
2 36 50
2 38 15
2 42 56
2 53 54
2 63 14
2 71 49
2 72 18
2 79 70
2 81 68
2 82 16
2 84 54
2 85 11
2 86 64
2 88 35
2 90 21
2 93 38
2 94 66
2 95 39
2 97 24
3 7 27
3 9 46
3 11 43
3 12 47
3 15 48
3 18 34
3 19 36
3 22 36
3 39 38
3 40 66
3 43 30
3 46 35
3 48 36
3 53 62
3 55 31
3 57 53
3 58 15
3 75 52
3 82 16
3 87 36
3 95 45
4 5 10
4 8 47
4 10 50
4 13 14
4 23 7
4 24 77
4 27 36
4 30 57
4 32 46
4 33 76
4 34 60
4 38 28
4 39 26
4 42 58
4 45 57
4 47 56
4 52 21
4 53 22
4 56 45
4 59 4
4 63 46
4 66 74
4 79 46
4 83 64
4 91 81
4 92 21
4 95 21
5 9 26
5 14 24
5 22 62
5 23 11
5 29 34
5 30 65
5 32 52
5 34 69
5 45 65
5 46 24
5 50 37
5 51 28
5 56 45
5 57 50
5 61 44
5 63 46
5 65 64
5 70 32
5 74 27
5 76 59
5 77 62
5 80 22
5 81 86
5 82 45
5 85 46
5 88 25
5 90 27
5 91 84
5 94 60
5 96 62
5 97 56
5 98 49
6 15 77
6 17 28
6 18 21
6 19 55
6 21 50
6 22 43
6 26 15
6 32 52
6 34 80
6 39 50
6 41 49
6 46 25
6 55 71
6 60 61
6 61 69
6 62 72
6 64 86
6 70 47
6 71 75
6 74 53
6 78 77
6 81 98
6 82 48
6 88 1
6 92 53
6 96 77
6 97 58
6 99 88
7 14 60
7 17 62
7 25 96
7 27 51
7 34 58
7 36 91
7 37 35
7 49 56
7 50 63
7 51 84
7 55 52
7 59 77
7 61 98
7 65 19
7 66 41
7 70 65
7 73 32
7 77 52
7 78 4
7 82 43
7 83 44
7 87 9
7 88 73
7 92 81
7 93 32
7 98 71
8 9 46
8 10 95
8 17 62
8 23 40
8 24 85
8 26 80
8 27 69
8 30 87
8 36 51
8 37 98
8 41 48
8 43 121
8 46 67
8 47 82
8 53 30
8 59 46
8 61 24
8 64 73
8 69 20
8 70 54
8 72 101
8 77 77
8 80 60
8 84 64
8 90 75
8 91 124
8 94 46
8 95 47
8 96 68
8 97 84
8 98 55
9 13 27
9 16 52
9 19 17
9 28 6
9 30 45
9 33 69
9 34 45
9 36 35
9 37 56
9 41 4
9 43 76
9 46 25
9 55 39
9 57 25
9 58 60
9 61 28
9 65 56
9 69 26
9 70 9
9 73 57
9 76 57
9 77 39
9 78 77
9 79 34
9 81 62
9 83 51
9 91 78
9 93 54
9 98 23
10 12 58
10 16 67
10 17 33
10 18 24
10 20 15
10 23 58
10 24 78
10 32 20
10 37 42
10 38 25
10 39 44
10 41 49
10 43 37
10 54 80
10 56 14
10 58 17
10 60 85
10 62 29
10 64 66
10 66 50
10 74 75
10 76 8
10 77 47
10 78 34
10 81 71
10 83 46
10 84 61
10 85 18
10 88 42
10 91 31
10 96 58
10 97 27
10 98 56
11 16 17
11 18 70
11 21 42
11 25 74
11 30 22
11 31 27
11 39 48
11 45 18
11 52 77
11 56 71
11 58 53
11 64 23
11 65 52
11 69 76
11 78 57
11 84 29
11 99 4
12 14 40
12 15 9
12 16 27
12 19 15
12 24 35
12 25 36
12 26 62
12 34 24
12 35 71
12 37 44
12 41 22
12 42 95
12 52 54
12 53 32
12 56 63
12 65 58
12 66 45
12 70 22
12 77 22
12 78 75
12 80 38
12 81 37
12 83 35
12 85 40
12 88 68
12 90 57
12 92 24
12 99 35
13 16 74
13 21 41
13 22 51
13 24 85
13 30 58
13 32 43
13 34 65
13 35 77
13 37 68
13 38 18
13 44 36
13 48 38
13 50 27
13 52 7
13 55 57
13 65 54
13 66 75
13 69 44
13 70 30
13 74 37
13 75 46
13 77 57
13 88 18
13 89 61
13 95 31
13 96 60
14 20 46
14 21 25
14 24 71
14 25 41
14 29 26
14 40 33
14 45 45
14 46 6
14 49 10
14 53 35
14 54 58
14 56 29
14 58 45
14 60 53
14 61 48
14 62 55
14 64 56
14 68 36
14 69 45
14 80 3
14 85 22
14 91 62
14 92 29
14 97 33
14 99 59
15 17 49
15 18 60
15 19 22
15 25 45
15 31 40
15 35 69
15 38 59
15 54 23
15 59 48
15 60 65
15 62 63
15 63 68
15 66 40
15 87 79
15 88 76
15 90 64
15 98 12
16 17 62
16 18 71
16 20 68
16 21 46
16 24 11
16 27 38
16 30 29
16 35 65
16 36 86
16 38 70
16 43 64
16 46 65
16 49 50
16 52 76
16 54 35
16 56 76
16 58 64
16 64 7
16 65 61
16 68 90
16 69 64
16 70 45
16 73 76
16 75 37
16 81 11
16 82 46
16 89 16
16 91 79
16 93 36
16 94 35
16 98 29
17 20 48
17 23 25
17 28 20
17 30 45
17 33 59
17 34 52
17 35 65
17 37 54
17 40 30
17 42 54
17 49 12
17 54 59
17 57 42
17 61 47
17 63 30
17 67 42
17 68 35
17 69 44
17 74 42
17 75 37
17 76 40
17 79 54
17 80 3
17 83 53
17 84 49
17 85 24
17 87 71
17 96 48
17 98 38
18 21 29
18 22 33
18 26 9
18 36 36
18 39 35
18 47 51
18 50 18
18 52 12
18 58 40
18 60 63
18 71 56
18 72 30
18 73 28
18 77 52
18 80 17
18 81 78
18 85 24
18 87 64
18 88 21
18 94 68
18 96 58
18 97 37
18 99 67
19 20 54
19 24 46
19 25 35
19 27 12
19 28 22
19 38 38
19 44 69
19 45 27
19 49 17
19 51 24
19 59 28
19 61 36
19 66 45
19 68 60
19 72 51
19 76 53
19 81 46
19 83 34
19 86 29
19 88 54
19 89 23
19 91 69
19 96 22
19 97 26
19 99 39
20 24 78
20 25 85
20 26 43
20 27 42
20 28 65
20 35 23
20 41 60
20 43 24
20 45 46
20 48 53
20 49 44
20 50 46
20 51 72
20 53 78
20 54 87
20 62 16
20 63 26
20 65 7
20 66 46
20 67 29
20 72 11
20 77 49
20 80 49
20 81 70
20 82 32
20 84 66
20 85 27
20 87 24
20 93 34
20 99 56
21 22 42
21 23 49
21 33 34
21 35 40
21 36 58
21 37 27
21 46 27
21 57 43
21 63 30
21 65 22
21 66 36
21 72 27
21 73 31
21 80 27
21 81 51
21 82 5
21 84 39
21 86 52
21 88 49
21 89 41
21 92 42
21 94 55
21 95 34
21 98 35
21 99 39
22 27 54
22 33 44
22 35 46
22 36 67
22 45 65
22 49 49
22 54 99
22 63 16
22 73 11
22 75 78
22 80 49
22 84 81
22 85 37
22 88 43
22 94 95
22 96 78
23 25 23
23 32 52
23 34 64
23 38 35
23 39 30
23 49 31
23 52 27
23 53 18
23 55 58
23 56 52
23 58 71
23 64 64
23 69 25
23 70 27
23 71 56
23 72 64
23 74 17
23 75 36
23 77 58
23 78 89
23 87 95
23 99 75
24 28 67
24 31 47
24 32 58
24 38 81
24 39 52
24 41 57
24 44 113
24 46 76
24 52 86
24 53 67
24 54 38
24 55 32
24 58 74
24 59 74
24 62 70
24 67 98
24 70 55
24 72 82
24 76 84
24 80 71
24 92 60
24 97 50
24 98 38
25 26 60
25 32 61
25 35 97
25 39 32
25 44 77
25 46 46
25 47 61
25 50 68
25 51 13
25 52 48
25 69 3
25 72 79
25 75 25
25 77 56
25 78 100
25 81 73
25 82 53
25 85 58
25 88 59
25 89 46
25 90 55
25 91 101
25 93 74
25 95 23
25 96 48
25 97 61
25 98 34
26 31 57
26 33 60
26 40 34
26 42 35
26 43 66
26 46 17
26 51 50
26 54 80
26 61 68
26 66 73
26 73 29
26 84 69
26 87 67
26 88 14
26 90 5
26 93 60
26 95 45
26 99 76
27 28 29
27 29 46
27 30 21
27 34 28
27 35 52
27 39 14
27 42 77
27 50 51
27 51 34
27 53 40
27 69 49
27 75 27
27 79 48
27 83 28
27 85 16
27 87 60
27 90 38
27 92 30
27 95 22
27 97 15
27 98 22
28 36 29
28 43 80
28 56 49
28 57 29
28 58 63
28 63 50
28 66 67
28 67 62
28 72 58
28 73 58
28 78 81
28 88 41
28 92 10
28 98 28
29 31 59
29 33 62
29 35 66
29 37 67
29 49 35
29 53 58
29 54 84
29 55 64
29 58 46
29 59 38
29 65 43
29 77 64
29 78 63
29 83 69
29 84 73
29 87 68
29 89 74
29 91 57
29 93 63
29 95 49
29 96 71
30 37 11
30 38 48
30 45 8
30 53 59
30 54 53
30 55 11
30 59 54
30 60 83
30 61 64
30 63 49
30 67 60
30 73 47
30 74 75
30 76 44
30 80 44
30 84 30
30 86 45
30 87 48
30 90 55
30 91 51
30 95 42
30 96 26
30 97 12
30 98 33
31 32 18
31 33 23
31 37 8
31 41 48
31 49 37
31 52 58
31 53 66
31 55 20
31 56 46
31 57 50
31 58 27
31 59 59
31 72 37
31 74 81
31 75 49
31 80 47
31 82 24
31 89 40
31 91 42
31 99 25
32 34 35
32 39 30
32 45 25
32 47 23
32 51 48
32 55 26
32 61 63
32 62 29
32 63 30
32 77 26
32 79 64
32 80 30
32 81 52
32 89 43
32 91 41
32 92 45
32 96 38
32 99 39
33 36 89
33 39 59
33 41 67
33 43 7
33 46 57
33 47 38
33 48 56
33 53 85
33 57 72
33 59 74
33 72 30
33 73 35
33 76 32
33 78 11
33 82 38
33 83 35
33 84 62
33 86 77
33 89 63
33 90 61
33 93 24
34 40 80
34 45 10
34 47 13
34 52 66
34 53 55
34 54 39
34 55 9
34 56 65
34 57 31
34 63 64
34 65 50
34 73 64
34 76 62
34 77 9
34 84 16
34 92 46
34 96 12
34 98 25
35 42 94
35 49 59
35 51 85
35 59 80
35 60 114
35 64 68
35 65 24
35 66 36
35 67 51
35 68 65
35 69 101
35 72 34
35 77 50
35 84 68
35 87 10
35 88 79
35 89 69
35 93 29
35 96 64
35 97 37
35 99 50
36 37 85
36 40 4
36 43 96
36 44 44
36 45 75
36 47 74
36 48 51
36 56 51
36 64 80
36 65 72
36 66 92
36 67 61
36 70 42
36 73 64
36 75 53
36 77 72
36 80 31
36 82 54
36 86 71
36 90 32
36 91 91
36 92 38
36 93 81
36 94 67
37 38 56
37 41 53
37 45 16
37 47 16
37 55 21
37 59 65
37 60 94
37 66 9
37 67 62
37 68 70
37 74 86
37 77 21
37 79 71
37 87 41
37 92 60
37 99 20
38 39 34
38 41 35
38 42 45
38 45 52
38 51 42
38 57 55
38 62 52
38 68 22
38 70 31
38 81 78
38 83 57
38 90 7
38 91 55
38 96 58
39 40 46
39 46 26
39 47 31
39 48 6
39 49 13
39 51 20
39 53 26
39 54 37
39 55 28
39 58 52
39 59 22
39 60 49
39 64 36
39 65 48
39 66 50
39 67 60
39 69 35
39 72 51
39 74 41
39 75 17
39 83 40
39 85 27
39 92 16
39 94 33
40 44 41
40 47 74
40 48 52
40 52 22
40 55 73
40 57 60
40 63 50
40 67 59
40 71 72
40 74 31
40 75 55
40 76 64
40 79 64
40 80 31
40 81 97
40 83 82
40 90 30
40 93 81
40 95 41
40 96 73
40 97 65
41 42 75
41 43 73
41 49 17
41 52 34
41 53 18
41 55 35
41 57 21
41 59 17
41 62 65
41 65 54
41 67 63
41 68 57
41 75 16
41 79 33
41 81 57
41 85 33
41 86 34
41 89 33
41 94 33
41 95 1
42 43 94
42 45 97
42 46 50
42 48 81
42 51 77
42 52 41
42 53 80
42 57 96
42 63 46
42 64 111
42 65 72
42 68 29
42 69 87
42 71 100
42 72 60
42 73 55
42 79 104
42 80 57
42 85 67
42 95 76
42 96 102
43 45 45
43 47 44
43 51 85
43 54 91
43 56 51
43 61 99
43 63 50
43 70 67
43 71 61
43 72 35
43 74 105
43 75 78
43 79 97
43 83 40
43 84 68
43 93 29
44 46 38
44 47 81
44 48 69
44 49 53
44 51 68
44 55 82
44 56 31
44 60 79
44 61 86
44 69 80
44 74 71
44 77 82
44 90 26
44 93 80
44 94 97
44 96 89
44 97 66
44 99 97
45 54 46
45 61 59
45 67 66
45 71 16
45 72 49
45 77 5
45 80 45
45 84 23
45 89 24
45 92 46
46 56 24
46 60 56
46 71 50
46 72 36
46 82 24
46 84 53
46 87 68
46 88 24
46 89 54
46 91 60
46 92 34
46 98 42
46 99 63
47 55 5
47 56 53
47 57 36
47 60 80
47 62 39
47 64 25
47 71 17
47 75 37
47 77 6
47 81 28
47 83 8
47 86 39
47 88 70
47 95 39
47 96 20
47 97 16
48 49 16
48 50 57
48 54 35
48 56 48
48 60 54
48 68 60
48 70 9
48 72 51
48 78 66
49 50 40
49 53 34
49 55 32
49 59 22
49 66 51
49 70 12
49 74 46
49 91 60
49 93 40
50 54 90
50 58 49
50 60 73
50 62 62
50 64 86
50 65 46
50 66 80
50 81 96
50 94 85
50 95 54
51 52 38
51 53 6
51 54 36
51 58 70
51 60 30
51 63 59
51 65 66
51 68 64
51 72 66
51 74 22
51 75 19
51 80 27
51 85 45
51 86 36
51 89 40
51 90 45
51 93 62
51 95 11
51 97 49
51 98 26
52 54 71
52 57 55
52 62 64
52 63 28
52 67 38
52 68 27
52 72 42
52 74 44
52 77 58
52 80 16
52 83 65
52 84 63
52 85 34
52 86 68
52 91 67
52 92 39
52 93 62
52 96 62
52 97 46
53 55 51
53 57 27
53 58 76
53 59 20
53 60 24
53 67 77
53 69 10
53 71 46
53 74 17
53 77 51
53 79 25
53 81 70
53 85 51
53 89 43
53 90 49
53 92 10
53 96 45
53 97 55
54 56 83
54 57 17
54 58 83
54 59 51
54 60 54
54 62 86
54 63 84
54 66 62
54 73 88
54 74 52
54 77 41
54 78 96
54 83 53
54 91 101
54 98 24
54 99 49
55 59 50
55 61 54
55 62 44
55 74 68
55 75 32
55 76 53
55 77 1
55 81 27
55 82 25
55 91 61
55 96 15
55 97 19
56 61 76
56 64 74
56 65 27
56 67 13
56 70 44
56 73 13
56 75 63
56 77 56
56 81 81
56 84 68
56 85 25
56 86 78
56 89 69
56 95 51
56 96 65
57 59 37
57 60 49
57 66 53
57 68 77
57 69 31
57 88 69
57 90 59
57 92 20
57 98 9
58 62 13
58 65 4
58 66 41
58 72 14
58 73 20
58 77 45
58 80 48
58 81 65
58 84 62
58 85 25
58 86 76
58 87 24
58 89 63
58 93 29
58 97 27
58 99 51
59 65 59
59 67 58
59 70 20
59 72 56
59 73 56
59 76 57
59 77 50
59 79 43
59 81 74
59 82 36
59 84 48
59 86 49
59 87 86
59 89 49
59 90 29
59 95 17
59 96 49
60 62 106
60 65 93
60 67 91
60 74 10
60 76 92
60 79 40
60 82 69
60 87 120
60 88 61
60 94 52
60 99 90
61 63 77
61 68 82
61 73 85
61 77 54
61 80 45
61 82 56
61 84 41
61 88 68
61 95 27
61 99 67
62 64 63
62 67 45
62 74 97
62 75 71
62 76 29
62 77 45
62 78 11
62 80 58
62 81 61
62 82 37
62 84 63
62 86 78
62 87 16
62 93 25
62 96 59
62 98 63
62 99 47
63 65 26
63 67 13
63 68 17
63 74 71
63 78 45
63 82 30
63 83 57
63 97 37
64 68 87
64 72 71
64 75 30
64 78 74
64 86 21
64 93 39
64 96 9
64 99 21
65 67 32
65 73 18
65 74 84
65 77 42
65 78 22
65 80 44
65 81 64
66 67 71
66 69 82
66 70 52
66 71 32
66 72 53
66 73 58
66 75 55
66 76 55
66 78 43
66 79 72
66 86 54
66 89 39
66 91 53
66 93 13
66 98 46
67 73 14
67 75 76
67 76 17
67 77 67
67 82 43
67 84 80
67 86 91
67 87 50
67 91 37
68 69 78
68 70 54
68 75 72
68 76 29
68 82 45
68 86 89
68 96 79
68 97 53
69 75 27
69 79 22
69 83 71
69 89 48
69 90 58
69 91 104
69 95 27
69 96 50
70 72 50
70 74 39
70 79 37
70 82 22
70 85 27
70 87 74
70 88 46
70 90 36
70 95 8
71 73 64
71 76 62
71 80 45
71 86 23
71 87 71
71 89 8
71 96 3
71 97 29
71 99 21
72 73 5
72 75 67
72 77 51
72 81 75
72 88 46
72 95 57
72 98 62
73 75 69
73 77 56
73 79 88
73 82 33
73 88 43
73 90 32
73 94 84
73 97 36
73 98 64
74 75 40
74 84 60
74 87 111
74 96 62
74 97 69
74 98 48
75 82 37
75 88 63
75 93 51
75 94 17
75 96 23
75 97 41
75 99 45
76 81 77
76 85 25
76 86 81
76 95 58
76 97 34
77 78 56
77 79 49
77 86 33
77 89 19
77 91 62
77 96 14
77 99 17
78 82 47
78 89 75
78 90 64
78 91 12
78 95 76
78 98 74
79 80 52
79 81 58
79 85 63
79 90 71
79 91 105
79 94 13
79 95 31
79 96 38
80 82 23
80 83 51
80 89 48
80 94 52
80 95 21
80 96 46
80 99 59
81 83 25
81 84 27
81 87 73
81 90 84
81 92 61
81 98 40
82 85 6
82 87 52
82 89 39
82 91 48
82 94 52
82 95 30
82 96 35
83 87 50
83 90 63
83 93 12
83 94 51
83 95 48
84 86 15
84 88 76
84 89 1
84 92 35
84 93 39
84 94 22
84 97 36
85 90 30
85 94 58
87 90 69
87 94 98
87 95 82
87 97 45
87 98 79
87 99 60
88 89 77
88 97 58
89 92 35
89 93 40
89 94 21
89 98 14
90 92 45
91 94 98
92 93 58
92 95 8
92 96 37
92 97 45
92 99 57
93 94 60
93 95 51
93 99 23
95 97 37
96 97 32
97 99 31
98 99 36
