100 0.7 5 1 1 4950 3465 76
0.701548 0.685908 92
0.774108 0.0611578 75
0.921012 0.125503 90
0.906029 0.874621 120
0.640121 0.823421 98
0.619402 0.997623 111
0.183231 0.320633 30
0.0166821 0.302756 24
0.592811 0.518122 73
0.846904 0.246954 84
0.514856 0.488487 65
0.505003 0.070871 48
0.642379 0.875314 102
0.607455 0.0966603 59
0.754225 0.206651 75
0.308553 0.943808 92
0.380154 0.41667 50
0.88747 0.616475 103
0.217048 0.653033 62
0.805534 0.634229 97
0.470083 0.839192 89
0.0254199 0.300637 23
0.960215 0.580851 107
0.794932 0.983641 120
0.838055 0.674389 102
0.231545 0.769616 73
0.0437314 0.508331 44
0.820568 0.0933041 80
0.123104 0.232493 19
0.419118 0.433563 54
0.100795 0.819495 76
0.920705 0.153223 90
0.551597 0.262737 56
0.566733 0.0452326 54
0.391879 0.416527 51
0.519947 0.493963 66
0.222008 0.472636 45
0.324147 0.81356 81
0.858865 0.890779 117
0.951694 0.629421 109
0.197024 0.835867 79
0.940059 0.553073 104
0.529862 0.75636 86
0.72288 0.37944 77
0.0214936 0.678935 61
0.184978 0.587274 55
0.282248 0.326255 37
0.644019 0.117012 62
0.43178 0.205823 43
0.275436 0.12539 26
0.0922738 0.900874 84
0.876226 0.640754 103
0.0166821 0.24551 18
0.619745 0.180171 61
0.967152 0.389597 100
0.230468 0.581675 56
0.322032 0.802275 79
0.621985 0.597038 80
0.816209 0.661785 99
0.235644 0.798003 76
0.36305 0.706547 73
0.264682 0.696122 67
0.884836 0.616281 102
0.915457 0.0815633 89
0.848987 0.514011 94
0.566152 0.348452 61
0.216635 0.128197 20
0.442357 0.777985 83
0.361961 0.424502 49
0.126088 0.444838 39
0.308032 0.363386 41
0.697574 0.995168 115
0.340488 0.671831 68
0.38485 0.0463486 36
0.118781 0.75431 69
0.0105072 0.226661 16
0.650098 0.557834 80
0.00542572 0.127705 6
0.400756 0.877178 89
0.268276 0.436014 44
0.0223389 0.066424 0
0.757163 0.992291 118
0.415682 0.0516115 39
0.291022 0.259014 33
0.166199 0.0851529 15
0.787374 0.333755 81
0.579065 0.214515 58
0.423625 0.252456 44
0.960748 0.302308 97
0.314232 0.331 39
0.218291 0.092355 20
0.530988 0.567261 71
0.0909511 0.885337 82
0.551299 0.941616 102
0.948606 0.075344 93
0.649123 0.912355 105
0.995046 0.66841 114
0.688099 0.341191 72
0.0249171 0.465623 40
0.268046 0.653053 64
0 1 63
0 2 60
0 3 28
0 4 15
0 5 32
0 6 63
0 7 78
0 8 20
0 9 46
0 10 27
0 11 65
0 12 20
0 13 60
0 14 48
0 15 47
0 16 42
0 17 20
0 18 49
0 19 12
0 20 28
0 21 78
0 22 28
0 23 31
0 24 14
0 25 48
0 26 68
0 27 60
0 28 73
0 29 38
0 30 62
0 31 58
0 32 45
0 33 65
0 34 41
0 35 26
0 36 52
0 37 40
0 38 26
0 39 26
0 40 53
0 41 27
0 42 19
0 43 31
0 44 68
0 45 53
0 46 55
0 47 57
0 48 55
0 49 70
0 50 65
0 51 18
0 52 81
0 53 51
0 54 40
0 55 48
0 56 40
0 57 12
0 58 12
0 59 48
0 60 34
0 61 44
0 62 20
0 63 64
0 64 23
0 65 36
0 66 74
0 67 28
0 68 43
0 69 62
0 70 51
0 71 31
0 72 36
0 73 71
0 74 59
0 75 83
0 76 14
0 77 89
0 78 36
0 79 50
0 80 92
0 81 31
0 82 70
0 83 59
0 84 80
0 85 36
0 86 49
0 87 51
0 88 46
0 89 53
0 90 77
0 91 21
0 92 64
0 93 30
0 94 66
0 95 23
0 96 29
0 97 34
0 98 71
0 99 43
1 2 16
1 3 82
1 4 77
1 5 95
1 6 65
1 7 80
1 8 49
1 9 20
1 10 50
1 11 27
1 12 82
1 13 17
1 14 15
1 15 100
1 16 53
1 17 57
1 18 81
1 19 57
1 20 84
1 21 79
1 22 55
1 23 92
1 24 62
1 25 89
1 26 86
1 27 6
1 28 67
1 29 51
1 30 101
1 31 17
1 32 30
1 33 21
1 34 52
1 35 50
1 36 69
1 37 88
1 38 83
1 39 60
1 40 97
1 41 52
1 42 74
1 43 32
1 44 97
1 45 79
1 46 56
1 47 14
1 48 37
1 49 50
1 50 108
1 51 59
1 52 78
1 53 19
1 54 38
1 55 75
1 56 87
1 57 56
1 58 60
1 59 91
1 60 77
1 61 81
1 62 57
1 63 14
1 64 46
1 65 35
1 66 56
1 67 79
1 68 55
1 69 75
1 70 56
1 71 94
1 72 75
1 73 39
1 74 95
1 75 78
1 76 51
1 77 77
1 78 90
1 79 63
1 80 75
1 81 93
1 82 36
1 83 52
1 84 61
1 85 27
1 86 25
1 87 40
1 88 30
1 89 53
1 90 56
1 91 56
1 92 107
1 93 91
1 94 18
1 95 86
1 96 65
1 97 29
1 98 85
1 99 78
2 3 75
2 4 75
2 5 92
2 6 76
2 7 92
2 8 51
2 9 14
2 10 54
2 11 42
2 12 80
2 13 31
2 14 19
2 15 102
2 16 61
2 17 49
2 18 88
2 19 52
2 20 84
2 21 91
2 22 46
2 23 87
2 24 56
2 25 94
2 26 96
2 27 11
2 28 81
2 29 59
2 30 107
2 31 3
2 32 39
2 33 36
2 34 60
2 35 54
2 36 78
2 37 91
2 38 77
2 39 50
2 40 101
2 41 43
2 42 74
2 43 32
2 44 106
2 45 87
2 46 67
2 47 28
2 48 50
2 49 65
2 50 113
2 51 52
2 52 91
2 53 31
2 54 27
2 55 83
2 56 90
2 57 56
2 58 55
2 59 96
2 60 81
2 61 87
2 62 49
2 63 4
2 64 40
2 65 42
2 66 70
2 67 81
2 68 63
2 69 86
2 70 66
2 71 90
2 72 80
2 73 54
2 74 102
2 75 92
2 76 51
2 77 92
2 78 91
2 79 72
2 80 90
2 81 88
2 82 51
2 83 64
2 84 76
2 85 25
2 86 35
2 87 51
2 88 18
2 89 64
2 90 70
2 91 59
2 92 113
2 93 90
2 94 6
2 95 83
2 96 55
2 97 32
2 98 96
2 99 84
3 4 27
3 5 31
3 6 91
3 7 106
3 8 47
3 9 63
3 10 55
3 11 90
3 12 26
3 13 83
3 14 69
3 15 60
3 16 70
3 17 26
3 18 72
3 19 26
3 20 44
3 21 105
3 22 30
3 23 16
3 24 21
3 25 68
3 26 94
3 27 79
3 28 101
3 29 66
3 30 81
3 31 72
3 32 71
3 33 90
3 34 69
3 35 54
3 36 79
3 37 59
3 38 5
3 39 25
3 40 71
3 41 32
3 42 39
3 43 53
3 44 91
3 45 78
3 46 83
3 47 80
3 48 82
3 49 98
3 50 81
3 51 24
3 52 109
3 53 75
3 54 49
3 55 74
3 56 59
3 57 40
3 58 23
3 59 67
3 60 57
3 61 67
3 62 26
3 63 79
3 64 37
3 65 63
3 66 102
3 67 47
3 68 71
3 69 89
3 70 79
3 71 24
3 72 60
3 73 98
3 74 80
3 75 111
3 76 41
3 77 117
3 78 51
3 79 77
3 80 120
3 81 19
3 82 96
3 83 87
3 84 108
3 85 55
3 86 74
3 87 79
3 88 57
3 89 80
3 90 104
3 91 48
3 92 82
3 93 36
3 94 80
3 95 26
3 96 22
3 97 58
3 98 97
3 99 68
4 5 18
4 6 68
4 7 81
4 8 31
4 9 61
4 10 36
4 11 76
4 12 5
4 13 73
4 14 63
4 15 35
4 16 48
4 17 32
4 18 46
4 19 25
4 20 17
4 21 81
4 22 40
4 23 22
4 24 25
4 25 41
4 26 67
4 27 75
4 28 79
4 29 45
4 30 54
4 31 73
4 32 57
4 33 78
4 34 48
4 35 35
4 36 55
4 37 32
4 38 23
4 39 37
4 40 44
4 41 40
4 42 13
4 43 45
4 44 64
4 45 51
4 46 61
4 47 71
4 48 65
4 49 79
4 50 55
4 51 30
4 52 85
4 53 64
4 54 54
4 55 48
4 56 32
4 57 23
4 58 24
4 59 41
4 60 30
4 61 40
4 62 32
4 63 79
4 64 37
4 65 48
4 66 81
4 67 20
4 68 49
4 69 64
4 70 57
4 71 18
4 72 34
4 73 82
4 74 53
4 75 87
4 76 27
4 77 94
4 78 25
4 79 54
4 80 98
4 81 21
4 82 80
4 83 66
4 84 88
4 85 51
4 86 61
4 87 61
4 88 61
4 89 59
4 90 84
4 91 28
4 92 55
4 93 15
4 94 81
4 95 9
4 96 39
4 97 48
4 98 71
4 99 41
5 6 81
5 7 92
5 8 48
5 9 78
5 10 52
5 11 93
5 12 12
5 13 90
5 14 80
5 15 32
5 16 63
5 17 47
5 18 53
5 19 41
5 20 22
5 21 92
5 22 54
5 23 18
5 24 39
5 25 45
5 26 76
5 27 93
5 28 91
5 29 60
5 30 55
5 31 90
5 32 74
5 33 95
5 34 62
5 35 51
5 36 66
5 37 35
5 38 26
5 39 50
5 40 45
5 41 55
5 42 26
5 43 63
5 44 68
5 45 60
5 46 75
5 47 88
5 48 81
5 49 94
5 50 54
5 51 44
5 52 96
5 53 82
5 54 70
5 55 57
5 56 36
5 57 40
5 58 39
5 59 43
5 60 39
5 61 47
5 62 46
5 63 96
5 64 54
5 65 65
5 66 96
5 67 28
5 68 63
5 69 74
5 70 71
5 71 8
5 72 43
5 73 98
5 74 56
5 75 98
5 76 44
5 77 106
5 78 25
5 79 66
5 80 111
5 81 14
5 82 97
5 83 81
5 84 102
5 85 68
5 86 78
5 87 77
5 88 77
5 89 73
5 90 99
5 91 44
5 92 54
5 93 9
5 94 98
5 95 9
5 96 50
5 97 66
5 98 80
5 99 49
6 7 17
6 8 45
6 9 67
6 10 37
6 11 41
6 12 72
6 13 48
6 14 58
6 15 64
6 16 22
6 17 76
6 18 33
6 19 70
6 20 59
6 21 16
6 22 82
6 23 90
6 24 74
6 25 45
6 26 23
6 27 68
6 28 11
6 29 26
6 30 51
6 31 76
6 32 37
6 33 47
6 34 23
6 35 38
6 36 16
6 37 51
6 38 88
6 39 83
6 40 52
6 41 79
6 42 56
6 43 54
6 44 39
6 45 27
6 46 10
6 47 50
6 48 27
6 49 22
6 50 59
6 51 76
6 52 18
6 53 46
6 54 79
6 55 27
6 56 50
6 57 52
6 58 72
6 59 48
6 60 43
6 61 38
6 62 76
6 63 77
6 64 69
6 65 38
6 66 20
6 67 53
6 68 21
6 69 14
6 70 13
6 71 85
6 72 38
6 73 34
6 74 44
6 75 20
6 76 52
6 77 26
6 78 60
6 79 14
6 80 30
6 81 88
6 82 36
6 83 12
6 84 24
6 85 60
6 86 41
6 87 25
6 88 78
6 89 13
6 90 23
6 91 43
6 92 57
6 93 72
6 94 80
6 95 75
6 96 88
6 97 51
6 98 21
6 99 34
7 8 62
7 9 83
7 10 53
7 11 54
7 12 85
7 13 63
7 14 74
7 15 70
7 16 38
7 17 93
7 18 40
7 19 86
7 20 70
7 21 1
7 22 98
7 23 103
7 24 90
7 25 51
7 26 21
7 27 83
7 28 13
7 29 42
7 30 52
7 31 92
7 32 54
7 33 61
7 34 39
7 35 54
7 36 27
7 37 60
7 38 103
7 39 99
7 40 56
7 41 96
7 42 68
7 43 71
7 44 38
7 45 33
7 46 27
7 47 65
7 48 43
7 49 31
7 50 60
7 51 92
7 52 6
7 53 62
7 54 95
7 55 35
7 56 59
7 57 67
7 58 88
7 59 54
7 60 53
7 61 47
7 62 92
7 63 93
7 64 86
7 65 55
7 66 27
7 67 64
7 68 37
7 69 18
7 70 30
7 71 97
7 72 49
7 73 45
7 74 46
7 75 8
7 76 68
7 77 18
7 78 69
7 79 28
7 80 24
7 81 101
7 82 47
7 83 28
7 84 26
7 85 77
7 86 57
7 87 41
7 88 94
7 89 30
7 90 29
7 91 58
7 92 59
7 93 83
7 94 96
7 95 88
7 96 104
7 97 67
7 98 16
7 99 43
8 9 37
8 10 8
8 11 46
8 12 36
8 13 42
8 14 35
8 15 51
8 16 24
8 17 31
8 18 40
8 19 24
8 20 34
8 21 61
8 22 37
8 23 51
8 24 29
8 25 44
8 26 55
8 27 48
8 28 55
8 29 19
8 30 58
8 31 49
8 32 26
8 33 47
8 34 23
8 35 8
8 36 37
8 37 40
8 38 46
8 39 38
8 40 51
8 41 35
8 42 25
8 43 19
8 44 59
8 45 41
8 46 37
8 47 40
8 48 35
8 49 50
8 50 63
8 51 31
8 52 64
8 53 34
8 54 40
8 55 37
8 56 39
8 57 8
8 58 27
8 59 45
8 60 30
8 61 37
8 62 31
8 63 54
8 64 26
8 65 17
8 66 54
8 67 30
8 68 25
8 69 47
8 70 32
8 71 49
8 72 30
8 73 52
8 74 53
8 75 65
8 76 7
8 77 71
8 78 41
8 79 33
8 80 73
8 81 50
8 82 50
8 83 40
8 84 61
8 85 27
8 86 30
8 87 31
8 88 43
8 89 34
8 90 57
8 91 8
8 92 62
8 93 43
8 94 57
8 95 40
8 96 43
8 97 20
8 98 57
8 99 35
9 10 41
9 11 38
9 12 66
9 13 28
9 14 10
9 15 88
9 16 50
9 17 37
9 18 75
9 19 39
9 20 70
9 21 82
9 22 35
9 23 74
9 24 43
9 25 81
9 26 84
9 27 16
9 28 72
9 29 47
9 30 94
9 31 12
9 32 30
9 33 35
9 34 49
9 35 41
9 36 66
9 37 77
9 38 64
9 39 40
9 40 88
9 41 32
9 42 60
9 43 18
9 44 93
9 45 74
9 46 57
9 47 24
9 48 42
9 49 58
9 50 100
9 51 39
9 52 83
9 53 24
9 54 19
9 55 70
9 56 76
9 57 42
9 58 42
9 59 82
9 60 67
9 61 74
9 62 37
9 63 18
9 64 27
9 65 30
9 66 64
9 67 67
9 68 52
9 69 75
9 70 55
9 71 76
9 72 66
9 73 50
9 74 89
9 75 84
9 76 37
9 77 85
9 78 77
9 79 61
9 80 84
9 81 75
9 82 47
9 83 56
9 84 70
9 85 11
9 86 27
9 87 42
9 88 13
9 89 54
9 90 65
9 91 45
9 92 99
9 93 75
9 94 20
9 95 69
9 96 45
9 97 18
9 98 85
9 99 71
10 11 42
10 12 41
10 13 40
10 14 37
10 15 50
10 16 15
10 17 39
10 18 34
10 19 33
10 20 35
10 21 52
10 22 45
10 23 57
10 24 37
10 25 40
10 26 47
10 27 50
10 28 47
10 29 11
10 30 53
10 31 53
10 32 23
10 33 45
10 34 14
10 35 1
10 36 29
10 37 38
10 38 53
10 39 46
10 40 47
10 41 43
10 42 27
10 43 23
10 44 53
10 45 34
10 46 28
10 47 39
10 48 29
10 49 43
10 50 59
10 51 39
10 52 55
10 53 33
10 54 46
10 55 30
10 56 37
10 57 15
10 58 35
10 59 42
10 60 27
10 61 33
10 62 39
10 63 57
10 64 34
10 65 15
10 66 47
10 67 30
10 68 17
10 69 39
10 70 24
10 71 54
10 72 25
10 73 46
10 74 48
10 75 57
10 76 15
10 77 62
10 78 41
10 79 25
10 80 65
10 81 56
10 82 45
10 83 32
10 84 53
10 85 31
10 86 28
10 87 25
10 88 48
10 89 26
10 90 49
10 91 8
10 92 58
10 93 45
10 94 60
10 95 44
10 96 51
10 97 23
10 98 49
10 99 30
11 12 82
11 13 11
11 14 28
11 15 89
11 16 37
11 17 67
11 18 65
11 19 64
11 20 77
11 21 53
11 22 68
11 23 96
11 24 69
11 25 75
11 26 64
11 27 32
11 28 41
11 29 37
11 30 85
11 31 42
11 32 20
11 33 7
11 34 36
11 35 42
11 36 49
11 37 76
11 38 89
11 39 72
11 40 82
11 41 65
11 42 69
11 43 38
11 44 78
11 45 61
11 46 34
11 47 15
11 48 15
11 49 24
11 50 93
11 51 68
11 52 52
11 53 16
11 54 56
11 55 58
11 56 75
11 57 54
11 58 67
11 59 78
11 60 65
11 61 67
11 62 66
11 63 41
11 64 56
11 65 28
11 66 29
11 67 71
11 68 38
11 69 53
11 70 35
11 71 94
11 72 62
11 73 12
11 74 79
11 75 52
11 76 51
11 77 50
11 78 81
11 79 44
11 80 48
11 81 96
11 82 9
11 83 28
11 84 34
11 85 39
11 86 16
11 87 20
11 88 51
11 89 32
11 90 29
11 91 50
11 92 91
11 93 87
11 94 44
11 95 85
11 96 77
11 97 33
11 98 62
11 99 63
12 13 78
12 14 68
12 15 34
12 16 53
12 17 36
12 18 48
12 19 29
12 20 18
12 21 84
12 22 43
12 23 19
12 24 28
12 25 42
12 26 70
12 27 80
12 28 83
12 29 49
12 30 54
12 31 77
12 32 62
12 33 83
12 34 52
12 35 40
12 36 58
12 37 32
12 38 22
12 39 40
12 40 45
12 41 44
12 42 16
12 43 50
12 44 65
12 45 54
12 46 66
12 47 76
12 48 70
12 49 83
12 50 55
12 51 33
12 52 89
12 53 70
12 54 58
12 55 51
12 56 33
12 57 28
12 58 28
12 59 41
12 60 33
12 61 42
12 62 35
12 63 84
12 64 42
12 65 53
12 66 86
12 67 22
12 68 53
12 69 67
12 70 61
12 71 13
12 72 36
12 73 87
12 74 54
12 75 91
12 76 32
12 77 98
12 78 24
12 79 58
12 80 102
12 81 16
12 82 85
12 83 71
12 84 92
12 85 56
12 86 66
12 87 66
12 88 66
12 89 64
12 90 89
12 91 33
12 92 55
12 93 11
12 94 86
12 95 4
12 96 41
12 97 54
12 98 74
12 99 44
13 14 18
13 15 90
13 16 39
13 17 59
13 18 68
13 19 57
13 20 76
13 21 62
13 22 60
13 23 91
13 24 62
13 25 77
13 26 70
13 27 21
13 28 50
13 29 39
13 30 88
13 31 32
13 32 18
13 33 7
13 34 39
13 35 41
13 36 54
13 37 77
13 38 83
13 39 63
13 40 85
13 41 56
13 42 66
13 43 31
13 44 83
13 45 65
13 46 40
13 47 4
13 48 21
13 49 33
13 50 96
13 51 61
13 52 61
13 53 8
13 54 46
13 55 61
13 56 76
13 57 50
13 58 60
13 59 79
13 60 66
13 61 69
13 62 59
13 63 31
13 64 48
13 65 26
13 66 39
13 67 70
13 68 41
13 69 59
13 70 40
13 71 90
13 72 63
13 73 23
13 74 82
13 75 61
13 76 46
13 77 60
13 78 81
13 79 48
13 80 59
13 81 91
13 82 20
13 83 36
13 84 44
13 85 30
13 86 12
13 87 24
13 88 41
13 89 38
13 90 39
13 91 48
13 92 94
13 93 85
13 94 34
13 95 82
13 96 69
13 97 26
13 98 69
13 99 65
14 15 86
14 16 43
14 17 43
14 18 70
14 19 43
14 20 69
14 21 73
14 22 43
14 23 78
14 24 48
14 25 77
14 26 77
14 27 13
14 28 63
14 29 40
14 30 90
14 31 17
14 32 21
14 33 25
14 34 42
14 35 37
14 36 59
14 37 74
14 38 69
14 39 47
14 40 84
14 41 39
14 42 59
14 43 18
14 44 87
14 45 68
14 46 49
14 47 14
14 48 32
14 49 49
14 50 96
14 51 45
14 52 74
14 53 14
14 54 28
14 55 64
14 56 74
14 57 41
14 58 46
14 59 79
14 60 63
14 61 69
14 62 43
14 63 20
14 64 32
14 65 24
14 66 54
14 67 65
14 68 45
14 69 67
14 70 47
14 71 79
14 72 62
14 73 40
14 74 84
14 75 74
14 76 37
14 77 75
14 78 76
14 79 54
14 80 75
14 81 79
14 82 37
14 83 47
14 84 60
14 85 13
14 86 18
14 87 33
14 88 23
14 89 46
14 90 55
14 91 42
14 92 95
14 93 76
14 94 23
14 95 71
14 96 52
14 97 15
14 98 77
14 99 66
15 16 53
15 17 67
15 18 30
15 19 59
15 20 19
15 21 70
15 22 75
15 23 49
15 24 59
15 25 19
15 26 51
15 27 99
15 28 74
15 29 52
15 30 24
15 31 100
15 32 72
15 33 93
15 34 53
15 35 50
15 36 48
15 37 13
15 38 55
15 39 72
15 40 16
15 41 74
15 42 29
15 43 70
15 44 39
15 45 38
15 46 62
15 47 89
15 48 75
15 49 82
15 50 22
15 51 64
15 52 76
15 53 82
15 54 86
15 55 37
15 56 14
15 57 47
15 58 58
15 59 16
15 60 24
15 61 25
15 62 66
15 63 105
15 64 69
15 65 65
15 66 82
15 67 21
15 68 52
15 69 53
15 70 58
15 71 39
15 72 27
15 73 90
15 74 27
15 75 78
15 76 52
15 77 87
15 78 11
15 79 51
15 80 92
15 81 45
15 82 90
15 83 69
15 84 87
15 85 78
15 86 78
15 87 70
15 88 91
15 89 61
15 90 86
15 91 44
15 92 23
15 93 24
15 94 108
15 95 34
15 96 74
15 97 71
15 98 56
15 99 29
16 17 55
16 18 29
16 19 48
16 20 43
16 21 37
16 22 60
16 23 70
16 24 53
16 25 38
16 26 35
16 27 55
16 28 32
16 29 4
16 30 49
16 31 60
16 32 23
16 33 42
16 34 1
16 35 16
16 36 17
16 37 40
16 38 67
16 39 61
16 40 46
16 41 58
16 42 37
16 43 34
16 44 44
16 45 26
16 46 13
16 47 40
16 48 22
16 49 31
16 50 56
16 51 54
16 52 40
16 53 34
16 54 59
16 55 22
16 56 39
16 57 30
16 58 50
16 59 41
16 60 29
16 61 30
16 62 54
16 63 63
16 64 48
16 65 20
16 66 33
16 67 37
16 68 2
16 69 26
16 70 9
16 71 66
16 72 26
16 73 37
16 74 43
16 75 42
16 76 30
16 77 47
16 78 46
16 79 11
16 80 50
16 81 69
16 82 37
16 83 18
16 84 39
16 85 42
16 86 28
16 87 17
16 88 59
16 89 11
16 90 36
16 91 21
16 92 55
16 93 55
16 94 66
16 95 56
16 96 66
16 97 32
16 98 36
16 99 26
17 18 67
17 19 8
17 20 47
17 21 92
17 22 8
17 23 38
17 24 8
17 25 67
17 26 85
17 27 53
17 28 86
17 29 50
17 30 81
17 31 46
17 32 49
17 33 66
17 34 53
17 35 39
17 36 68
17 37 60
17 38 28
17 39 7
17 40 72
17 41 8
17 42 38
17 43 29
17 44 87
17 45 70
17 46 67
17 47 56
17 48 61
17 49 78
17 50 84
17 51 3
17 52 95
17 53 51
17 54 24
17 55 66
17 56 60
17 57 27
17 58 8
17 59 68
17 60 53
17 61 63
17 62 0
17 63 54
17 64 11
17 65 42
17 66 83
17 67 47
17 68 56
17 69 78
17 70 63
17 71 42
17 72 55
17 73 76
17 74 78
17 75 96
17 76 24
17 77 101
17 78 55
17 79 64
17 80 103
17 81 40
17 82 74
17 83 70
17 84 90
17 85 30
17 86 51
17 87 59
17 88 32
17 89 64
17 90 85
17 91 36
17 92 84
17 93 47
17 94 54
17 95 38
17 96 12
17 97 34
17 98 88
17 99 62
18 19 59
18 20 31
18 21 40
18 22 75
18 23 67
18 24 62
18 25 12
18 26 23
18 27 82
18 28 43
18 29 30
18 30 20
18 31 86
18 32 51
18 33 70
18 34 29
18 35 34
18 36 18
18 37 19
18 38 68
18 39 74
18 40 18
18 41 73
18 42 33
18 43 58
18 44 20
18 45 7
18 46 33
18 47 69
18 48 50
18 49 53
18 50 28
18 51 66
18 52 45
18 53 62
18 54 80
18 55 7
18 56 18
18 57 41
18 58 60
18 59 15
18 60 16
18 61 6
18 62 67
18 63 90
18 64 65
18 65 46
18 66 52
18 67 26
18 68 27
18 69 23
18 70 30
18 71 59
18 72 12
18 73 63
18 74 14
18 75 47
18 76 44
18 77 57
18 78 29
18 79 22
18 80 62
18 81 64
18 82 63
18 83 40
18 84 57
18 85 65
18 86 57
18 87 45
18 88 82
18 89 34
18 90 56
18 91 33
18 92 26
18 93 44
18 94 93
18 95 50
18 96 78
18 97 56
18 98 27
18 99 5
19 20 39
19 21 85
19 22 16
19 23 35
19 24 5
19 25 59
19 26 77
19 27 54
19 28 79
19 29 44
19 30 73
19 31 49
19 32 45
19 33 64
19 34 47
19 35 32
19 36 61
19 37 51
19 38 26
19 39 15
19 40 64
19 41 16
19 42 30
19 43 27
19 44 79
19 45 62
19 46 61
19 47 54
19 48 57
19 49 73
19 50 76
19 51 7
19 52 88
19 53 49
19 54 29
19 55 58
19 56 51
19 57 19
19 58 3
19 59 59
19 60 45
19 61 54
19 62 8
19 63 56
19 64 13
19 65 37
19 66 78
19 67 39
19 68 49
19 69 71
19 70 57
19 71 38
19 72 47
19 73 72
19 74 70
19 75 89
19 76 17
19 77 95
19 78 47
19 79 57
19 80 97
19 81 36
19 82 70
19 83 64
19 84 84
19 85 30
19 86 48
19 87 54
19 88 37
19 89 58
19 90 80
19 91 28
19 92 76
19 93 40
19 94 58
19 95 32
19 96 19
19 97 32
19 98 80
19 99 54
20 21 70
20 22 55
20 23 36
20 24 40
20 25 25
20 26 54
20 27 82
20 28 70
20 29 41
20 30 37
20 31 82
20 32 58
20 33 80
20 34 43
20 35 35
20 36 44
20 37 15
20 38 39
20 39 53
20 40 27
20 41 55
20 42 10
20 43 52
20 44 48
20 45 38
20 46 55
20 47 74
20 48 63
20 49 74
20 50 38
20 51 45
20 52 75
20 53 68
20 54 67
20 55 35
20 56 15
20 57 29
20 58 39
20 59 24
20 60 17
20 61 25
20 62 47
20 63 88
20 64 50
20 65 50
20 66 75
20 67 7
20 68 43
20 69 52
20 70 50
20 71 28
20 72 21
20 73 80
20 74 36
20 75 77
20 76 33
20 77 85
20 78 8
20 79 45
20 80 89
20 81 33
20 82 79
20 83 61
20 84 81
20 85 60
20 86 63
20 87 59
20 88 73
20 89 53
20 90 79
20 91 28
20 92 38
20 93 13
20 94 90
20 95 19
20 96 55
20 97 54
20 98 58
20 99 27
21 22 98
21 23 103
21 24 89
21 25 51
21 26 21
21 27 82
21 28 12
21 29 42
21 30 52
21 31 91
21 32 53
21 33 60
21 34 38
21 35 53
21 36 26
21 37 59
21 38 102
21 39 98
21 40 56
21 41 95
21 42 68
21 43 70
21 44 38
21 45 33
21 46 26
21 47 65
21 48 42
21 49 31
21 50 60
21 51 92
21 52 6
21 53 61
21 54 95
21 55 35
21 56 58
21 57 67
21 58 87
21 59 54
21 60 53
21 61 46
21 62 92
21 63 92
21 64 85
21 65 54
21 66 26
21 67 63
21 68 36
21 69 18
21 70 29
21 71 97
21 72 49
21 73 44
21 74 46
21 75 8
21 76 68
21 77 17
21 78 69
21 79 28
21 80 23
21 81 101
21 82 46
21 83 27
21 84 26
21 85 76
21 86 56
21 87 40
21 88 94
21 89 29
21 90 28
21 91 57
21 92 59
21 93 83
21 94 95
21 95 87
21 96 104
21 97 66
21 98 16
21 99 43
22 23 44
22 24 15
22 25 75
22 26 92
22 27 51
22 28 91
22 29 56
22 30 89
22 31 43
22 32 52
22 33 66
22 34 59
22 35 45
22 36 75
22 37 68
22 38 33
22 39 5
22 40 80
22 41 3
22 42 46
22 43 31
22 44 94
22 45 78
22 46 72
22 47 56
22 48 65
22 49 82
22 50 93
22 51 10
22 52 100
22 53 53
22 54 19
22 55 73
22 56 68
22 57 34
22 58 17
22 59 76
22 60 61
22 61 71
22 62 8
22 63 50
22 64 13
22 65 46
22 66 87
22 67 55
22 68 62
22 69 85
22 70 69
22 71 49
22 72 63
22 73 79
22 74 86
22 75 101
22 76 31
22 77 106
22 78 63
22 79 71
22 80 107
22 81 46
22 82 76
22 83 74
22 84 94
22 85 30
22 86 53
22 87 63
22 88 28
22 89 69
22 90 89
22 91 43
22 92 92
22 93 55
22 94 51
22 95 45
22 96 9
22 97 36
22 98 94
22 99 70
23 24 31
23 25 60
23 26 89
23 27 89
23 28 101
23 29 67
23 30 71
23 31 84
23 32 76
23 33 97
23 34 70
23 35 56
23 36 77
23 37 50
23 38 11
23 39 39
23 40 62
23 41 45
23 42 35
23 43 61
23 44 83
23 45 73
23 46 83
23 47 88
23 48 86
23 49 100
23 50 71
23 51 35
23 52 107
23 53 82
23 54 62
23 55 69
23 56 51
23 57 42
23 58 32
23 59 59
23 60 51
23 61 60
23 62 38
23 63 91
23 64 47
23 65 68
23 66 103
23 67 41
23 68 71
23 69 86
23 70 79
23 71 10
23 72 55
23 73 102
23 74 71
23 75 109
23 76 45
23 77 116
23 78 41
23 79 76
23 80 120
23 81 4
23 82 101
23 83 88
23 84 110
23 85 65
23 86 80
23 87 82
23 88 70
23 89 81
23 90 106
23 91 49
23 92 71
23 93 25
23 94 92
23 95 16
23 96 37
23 97 65
23 98 93
23 99 62
24 25 61
24 26 81
24 27 58
24 28 84
24 29 48
24 30 75
24 31 53
24 32 50
24 33 69
24 34 52
24 35 37
24 36 65
24 37 53
24 38 22
24 39 12
24 40 66
24 41 16
24 42 32
24 43 32
24 44 82
24 45 66
24 46 66
24 47 59
24 48 62
24 49 79
24 50 78
24 51 5
24 52 93
24 53 54
24 54 31
24 55 61
24 56 53
24 57 23
24 58 3
24 59 61
24 60 48
24 61 57
24 62 7
24 63 60
24 64 16
24 65 42
24 66 83
24 67 41
24 68 54
24 69 75
24 70 61
24 71 35
24 72 50
24 73 77
24 74 72
24 75 94
24 76 22
24 77 100
24 78 48
24 79 62
24 80 102
24 81 33
24 82 75
24 83 69
24 84 89
24 85 34
24 86 53
24 87 59
24 88 39
24 89 63
24 90 85
24 91 33
24 92 78
24 93 39
24 94 61
24 95 30
24 96 16
24 97 37
24 98 84
24 99 57
25 26 32
25 27 90
25 28 55
25 29 38
25 30 14
25 31 92
25 32 60
25 33 80
25 34 39
25 35 40
25 36 30
25 37 10
25 38 64
25 39 73
25 40 7
25 41 74
25 42 30
25 43 63
25 44 23
25 45 19
25 46 45
25 47 77
25 48 60
25 49 65
25 50 19
25 51 66
25 52 57
25 53 71
25 54 83
25 55 19
25 56 10
25 57 43
25 58 59
25 59 3
25 60 15
25 61 8
25 62 67
25 63 97
25 64 67
25 65 54
25 66 64
25 67 21
25 68 37
25 69 34
25 70 41
25 71 52
25 72 15
25 73 74
25 74 11
25 75 59
25 76 47
25 77 68
25 78 20
25 79 34
25 80 73
25 81 57
25 82 74
25 83 51
25 84 69
25 85 71
25 86 65
25 87 55
25 88 87
25 89 45
25 90 68
25 91 36
25 92 18
25 93 36
25 94 100
25 95 44
25 96 77
25 97 63
25 98 37
25 99 12
26 27 88
26 28 29
26 29 38
26 30 32
26 31 95
26 32 56
26 33 70
26 34 36
26 35 48
26 36 18
26 37 41
26 38 90
26 39 92
26 40 36
26 41 90
26 42 55
26 43 69
26 44 17
26 45 16
26 46 30
26 47 72
26 48 49
26 49 45
26 50 40
26 51 84
26 52 26
26 53 66
26 54 93
26 55 20
26 56 40
26 57 59
26 58 79
26 59 35
26 60 38
26 61 29
26 62 85
26 63 97
26 64 81
26 65 55
26 66 42
26 67 48
26 68 33
26 69 10
26 70 30
26 71 82
26 72 34
26 73 57
26 74 26
26 75 28
26 76 61
26 77 38
26 78 51
26 79 24
26 80 44
26 81 86
26 82 59
26 83 35
26 84 44
26 85 76
26 86 61
26 87 46
26 88 94
26 89 32
26 90 45
26 91 49
26 92 38
26 93 67
26 94 100
26 95 73
26 96 96
26 97 67
26 98 5
26 99 27
27 28 71
27 29 53
27 30 102
27 31 12
27 32 32
27 33 26
27 34 54
27 35 50
27 36 71
27 37 87
27 38 80
27 39 55
27 40 97
27 41 48
27 42 72
27 43 30
27 44 99
27 45 80
27 46 59
27 47 18
27 48 40
27 49 55
27 50 109
27 51 55
27 52 82
27 53 22
27 54 33
27 55 77
27 56 87
27 57 54
27 58 57
27 59 92
27 60 77
27 61 82
27 62 53
27 63 10
27 64 42
27 65 36
27 66 60
27 67 78
27 68 57
27 69 78
27 70 58
27 71 91
27 72 75
27 73 44
27 74 96
27 75 82
27 76 49
27 77 82
27 78 89
27 79 65
27 80 80
27 81 90
27 82 41
27 83 55
27 84 65
27 85 24
27 86 27
27 87 43
27 88 25
27 89 56
27 90 60
27 91 56
27 92 108
27 93 89
27 94 13
27 95 84
27 96 60
27 97 28
27 98 88
27 99 79
28 29 36
28 30 59
28 31 80
28 32 43
28 33 48
28 34 33
28 35 48
28 36 26
28 37 61
28 38 99
28 39 92
28 40 61
28 41 88
28 42 66
28 43 62
28 44 46
28 45 36
28 46 18
28 47 53
28 48 31
28 49 19
28 50 67
28 51 86
28 52 11
28 53 50
28 54 86
28 55 37
28 56 60
28 57 62
28 58 82
28 59 58
28 60 53
28 61 48
28 62 85
28 63 81
28 64 78
28 65 46
28 66 14
28 67 63
28 68 31
28 69 21
28 70 23
28 71 95
28 72 49
28 73 32
28 74 52
28 75 11
28 76 62
28 77 16
28 78 70
28 79 25
28 80 19
28 81 99
28 82 34
28 83 17
28 84 15
28 85 67
28 86 46
28 87 30
28 88 84
28 89 22
28 90 17
28 91 53
28 92 65
28 93 83
28 94 84
28 95 86
28 96 97
28 97 58
28 98 25
28 99 44
29 30 50
29 31 57
29 32 22
29 33 42
29 34 3
29 35 12
29 36 20
29 37 39
29 38 63
29 39 57
29 40 46
29 41 53
29 42 34
29 43 31
29 44 47
29 45 28
29 46 17
29 47 39
29 48 23
29 49 34
29 50 57
29 51 50
29 52 44
29 53 32
29 54 55
29 55 24
29 56 38
29 57 26
29 58 46
29 59 41
29 60 28
29 61 30
29 62 50
29 63 61
29 64 44
29 65 17
29 66 37
29 67 35
29 68 6
29 69 29
29 70 13
29 71 63
29 72 25
29 73 39
29 74 44
29 75 46
29 76 26
29 77 51
29 78 44
29 79 15
29 80 54
29 81 65
29 82 38
29 83 22
29 84 43
29 85 38
29 86 27
29 87 18
29 88 56
29 89 15
29 90 40
29 91 17
29 92 56
29 93 52
29 94 64
29 95 53
29 96 62
29 97 28
29 98 40
29 99 27
30 31 106
30 32 72
30 33 90
30 34 50
30 35 53
30 36 37
30 37 22
30 38 76
30 39 87
30 40 10
30 41 88
30 42 43
30 43 76
30 44 16
30 45 25
30 46 53
30 47 89
30 48 70
30 49 72
30 50 8
30 51 80
30 52 58
30 53 82
30 54 97
30 55 27
30 56 22
30 57 57
30 58 73
30 59 14
30 60 29
30 61 21
30 62 81
30 63 110
30 64 81
30 65 66
30 66 70
30 67 34
30 68 47
30 69 38
30 70 50
30 71 62
30 72 28
30 73 82
30 74 7
30 75 60
30 76 61
30 77 70
30 78 31
30 79 42
30 80 76
30 81 68
30 82 83
30 83 59
30 84 74
30 85 84
30 86 77
30 87 65
30 88 100
30 89 53
30 90 74
30 91 50
30 92 7
30 93 47
30 94 113
30 95 56
30 96 91
30 97 76
30 98 36
30 99 24
31 32 39
31 33 37
31 34 59
31 35 53
31 36 77
31 37 89
31 38 74
31 39 48
31 40 99
31 41 40
31 42 72
31 43 30
31 44 104
31 45 85
31 46 66
31 47 28
31 48 49
31 49 65
31 50 112
31 51 49
31 52 91
31 53 30
31 54 24
31 55 81
31 56 88
31 57 53
31 58 52
31 59 94
31 60 79
31 61 85
31 62 46
31 63 7
31 64 37
31 65 40
31 66 70
31 67 79
31 68 62
31 69 85
31 70 65
31 71 87
31 72 78
31 73 55
31 74 100
31 75 91
31 76 49
31 77 92
31 78 89
31 79 71
31 80 90
31 81 85
31 82 52
31 83 64
31 84 76
31 85 22
31 86 35
31 87 51
31 88 15
31 89 63
31 90 71
31 91 57
31 92 111
31 93 87
31 94 8
31 95 81
31 96 52
31 97 30
31 98 95
31 99 82
32 33 22
32 34 22
32 35 23
32 36 39
32 37 60
32 38 70
32 39 54
32 40 67
32 41 48
32 42 49
32 43 21
32 44 67
32 45 49
32 46 28
32 47 17
32 48 13
32 49 31
32 50 79
32 51 50
32 52 54
32 53 11
32 54 43
32 55 45
32 56 59
32 57 34
32 58 48
32 59 62
32 60 48
32 61 52
32 62 49
32 63 41
32 64 39
32 65 9
32 66 36
32 67 53
32 68 25
32 69 46
32 70 26
32 71 75
32 72 46
32 73 27
32 74 65
32 75 54
32 76 31
32 77 56
32 78 63
32 79 33
32 80 56
32 81 76
32 82 25
32 83 26
32 84 42
32 85 25
32 86 6
32 87 13
32 88 41
32 89 25
32 90 37
32 91 31
32 92 77
32 93 68
32 94 44
32 95 66
32 96 60
32 97 16
32 98 56
32 99 48
33 34 41
33 35 45
33 36 55
33 37 81
33 38 89
33 39 70
33 40 87
33 41 63
33 42 71
33 43 37
33 44 84
33 45 66
33 46 40
33 47 11
33 48 21
33 49 30
33 50 98
33 51 67
33 52 59
33 53 14
33 54 53
33 55 63
33 56 80
33 57 55
33 58 67
33 59 82
33 60 69
33 61 72
33 62 65
33 63 35
33 64 55
33 65 30
33 66 36
33 67 74
33 68 43
33 69 59
33 70 41
33 71 96
33 72 67
33 73 18
33 74 84
33 75 59
33 76 52
33 77 57
33 78 85
33 79 49
33 80 54
33 81 97
33 82 15
33 83 35
33 84 40
33 85 36
33 86 17
33 87 25
33 88 47
33 89 38
33 90 35
33 91 52
33 92 97
33 93 90
33 94 38
33 95 87
33 96 76
33 97 32
33 98 69
33 99 68
34 35 15
34 36 18
34 37 40
34 38 67
34 39 60
34 40 46
34 41 56
34 42 37
34 43 33
34 44 45
34 45 27
34 46 14
34 47 39
34 48 21
34 49 31
34 50 57
34 51 53
34 52 41
34 53 33
34 54 58
34 55 23
34 56 39
34 57 29
34 58 49
34 59 41
34 60 29
34 61 31
34 62 53
34 63 62
34 64 47
34 65 19
34 66 34
34 67 36
34 68 3
34 69 27
34 70 10
34 71 65
34 72 26
34 73 37
34 74 43
34 75 43
34 76 29
34 77 48
34 78 46
34 79 13
34 80 51
34 81 68
34 82 37
34 83 19
34 84 40
34 85 40
34 86 28
34 87 17
34 88 58
34 89 12
34 90 37
34 91 21
34 92 56
34 93 55
34 94 65
34 95 56
34 96 65
34 97 31
34 98 37
34 99 27
35 36 30
35 37 37
35 38 52
35 39 45
35 40 47
35 41 42
35 42 26
35 43 23
35 44 53
35 45 35
35 46 29
35 47 40
35 48 30
35 49 44
35 50 59
35 51 39
35 52 56
35 53 33
35 54 46
35 55 30
35 56 37
35 57 15
35 58 34
35 59 42
35 60 26
35 61 33
35 62 38
35 63 57
35 64 33
35 65 15
35 66 48
35 67 29
35 68 17
35 69 40
35 70 25
35 71 53
35 72 25
35 73 47
35 74 48
35 75 58
35 76 14
35 77 63
35 78 40
35 79 26
35 80 66
35 81 55
35 82 45
35 83 33
35 84 54
35 85 31
35 86 29
35 87 26
35 88 48
35 89 26
35 90 50
35 91 7
35 92 58
35 93 45
35 94 60
35 95 44
35 96 51
35 97 23
35 98 50
35 99 30
36 37 36
36 38 76
36 39 75
36 40 36
36 41 72
36 42 42
36 43 51
36 44 29
36 45 12
36 46 16
36 47 55
36 48 34
36 49 35
36 50 45
36 51 68
36 52 31
36 53 49
36 54 75
36 55 11
36 56 34
36 57 42
36 58 62
36 59 33
36 60 27
36 61 23
36 62 68
36 63 80
36 64 63
36 65 37
36 66 34
36 67 38
36 68 15
36 69 10
36 70 14
36 71 71
36 72 23
36 73 46
36 74 30
36 75 32
36 76 44
36 77 41
36 78 44
36 79 6
36 80 45
36 81 75
36 82 46
36 83 22
36 84 39
36 85 58
36 86 44
36 87 30
36 88 76
36 89 17
36 90 38
36 91 32
36 92 43
36 93 57
36 94 83
36 95 61
36 96 80
36 97 48
36 98 20
36 99 19
37 38 54
37 39 65
37 40 13
37 41 67
37 42 21
37 43 59
37 44 33
37 45 27
37 46 49
37 47 77
37 48 62
37 49 69
37 50 25
37 51 58
37 52 65
37 53 70
37 54 77
37 55 25
37 56 1
37 57 37
37 58 51
37 59 9
37 60 11
37 61 13
37 62 59
37 63 94
37 64 60
37 65 52
37 66 69
37 67 12
37 68 39
37 69 42
37 70 45
37 71 42
37 72 14
37 73 77
37 74 21
37 75 67
37 76 41
37 77 76
37 78 10
37 79 38
37 80 81
37 81 47
37 82 77
37 83 56
37 84 75
37 85 67
37 86 65
37 87 57
37 88 82
37 89 48
37 90 73
37 91 32
37 92 24
37 93 26
37 94 97
37 95 34
37 96 69
37 97 60
37 98 46
37 99 17
38 39 28
38 40 66
38 41 35
38 42 36
38 43 53
38 44 86
38 45 74
38 46 81
38 47 80
38 48 81
38 49 96
38 50 77
38 51 25
38 52 106
38 53 75
38 54 51
38 55 70
38 56 54
38 57 38
38 58 23
38 59 63
38 60 53
38 61 63
38 62 28
38 63 81
38 64 38
38 65 62
38 66 100
38 67 43
38 68 68
38 69 86
38 70 76
38 71 19
38 72 56
38 73 97
38 74 75
38 75 108
38 76 39
38 77 114
38 78 46
38 79 75
38 80 117
38 81 14
38 82 95
38 83 85
38 84 106
38 85 56
38 86 73
38 87 77
38 88 60
38 89 78
38 90 102
38 91 46
38 92 77
38 93 31
38 94 82
38 95 21
38 96 26
38 97 58
38 98 94
38 99 64
39 40 78
39 41 8
39 42 44
39 43 34
39 44 93
39 45 77
39 46 73
39 47 60
39 48 67
39 49 84
39 50 90
39 51 8
39 52 101
39 53 56
39 54 24
39 55 72
39 56 65
39 57 33
39 58 14
39 59 74
39 60 59
39 61 69
39 62 7
39 63 55
39 64 15
39 65 48
39 66 89
39 67 53
39 68 62
39 69 85
39 70 70
39 71 45
39 72 61
39 73 81
39 74 84
39 75 102
39 76 31
39 77 107
39 78 60
39 79 71
39 80 109
39 81 41
39 82 79
39 83 76
39 84 96
39 85 34
39 86 56
39 87 65
39 88 33
39 89 70
39 90 91
39 91 43
39 92 90
39 93 51
39 94 55
39 95 41
39 96 6
39 97 39
39 98 94
39 99 68
40 41 80
40 42 34
40 43 70
40 44 24
40 45 25
40 46 52
40 47 85
40 48 67
40 49 71
40 50 12
40 51 71
40 52 62
40 53 78
40 54 89
40 55 26
40 56 13
40 57 49
40 58 64
40 59 5
40 60 21
40 61 16
40 62 72
40 63 104
40 64 73
40 65 61
40 66 71
40 67 25
40 68 44
40 69 40
40 70 49
40 71 53
40 72 22
40 73 81
40 74 11
40 75 64
40 76 53
40 77 73
40 78 21
40 79 41
40 80 79
40 81 58
40 82 81
40 83 58
40 84 75
40 85 78
40 86 73
40 87 63
40 88 93
40 89 52
40 90 74
40 91 43
40 92 12
40 93 37
40 94 107
40 95 46
40 96 82
40 97 70
40 98 41
40 99 20
41 42 46
41 43 28
41 44 93
41 45 76
41 46 70
41 47 53
41 48 62
41 49 79
41 50 92
41 51 11
41 52 97
41 53 49
41 54 17
41 55 71
41 56 67
41 57 32
41 58 16
41 59 75
41 60 60
41 61 69
41 62 8
41 63 47
41 64 10
41 65 43
41 66 84
41 67 55
41 68 59
41 69 82
41 70 66
41 71 50
41 72 61
41 73 75
41 74 85
41 75 99
41 76 29
41 77 103
41 78 63
41 79 68
41 80 104
41 81 48
41 82 73
41 83 71
41 84 90
41 85 27
41 86 49
41 87 60
41 88 25
41 89 66
41 90 86
41 91 41
41 92 91
41 93 55
41 94 48
41 95 46
41 96 13
41 97 33
41 98 92
41 99 68
42 43 42
42 44 51
42 45 38
42 46 50
42 47 65
42 48 56
42 49 68
42 50 46
42 51 37
42 52 72
42 53 58
42 54 57
42 55 35
42 56 21
42 57 18
42 58 30
42 59 30
42 60 17
42 61 27
42 62 38
42 63 78
42 64 40
42 65 41
42 66 70
42 67 9
42 68 37
42 69 51
42 70 45
42 71 29
42 72 21
42 73 72
42 74 41
42 75 74
42 76 23
42 77 82
42 78 18
42 79 41
42 80 86
42 81 33
42 82 71
42 83 55
42 84 76
42 85 49
42 86 54
42 87 51
42 88 63
42 89 48
42 90 73
42 91 19
42 92 46
42 93 19
42 94 80
42 95 20
42 96 47
42 97 44
42 98 58
42 99 28
43 44 76
43 45 58
43 46 44
43 47 27
43 48 34
43 49 51
43 50 82
43 51 30
43 52 72
43 53 22
43 54 24
43 55 53
43 56 58
43 57 24
43 58 30
43 59 64
43 60 49
43 61 56
43 62 29
43 63 35
43 64 18
43 65 16
43 66 57
43 67 49
43 68 36
43 69 60
43 70 42
43 71 62
43 72 48
43 73 47
43 74 71
43 75 73
43 76 19
43 77 76
43 78 59
43 79 46
43 80 77
43 81 61
43 82 45
43 83 45
43 84 63
43 85 8
43 86 22
43 87 33
43 88 25
43 89 41
43 90 58
43 91 27
43 92 81
43 93 59
43 94 38
43 95 54
43 96 40
43 97 5
43 98 70
43 99 53
44 45 19
44 46 44
44 47 84
44 48 63
44 49 61
44 50 23
44 51 86
44 52 43
44 53 78
44 54 99
44 55 23
44 56 32
44 57 61
44 58 79
44 59 25
44 60 34
44 61 24
44 62 87
44 63 108
44 64 84
44 65 64
44 66 58
44 67 43
44 68 43
44 69 26
44 70 43
44 71 75
44 72 32
44 73 73
44 74 12
44 75 45
44 76 64
44 77 55
44 78 43
44 79 35
44 80 61
44 81 80
44 82 74
44 83 50
44 84 61
44 85 84
44 86 73
44 87 59
44 88 101
44 89 45
44 90 62
44 91 52
44 92 22
44 93 59
44 94 111
44 95 67
44 96 97
44 97 75
44 98 21
44 99 25
45 46 28
45 47 66
45 48 45
45 49 47
45 50 33
45 51 69
45 52 38
45 53 60
45 54 81
45 55 5
45 56 25
45 57 44
45 58 64
45 59 22
45 60 21
45 61 13
45 62 70
45 63 89
45 64 67
45 65 45
45 66 46
45 67 32
45 68 24
45 69 15
45 70 26
45 71 66
45 72 18
45 73 58
45 74 18
45 75 40
45 76 47
45 77 49
45 78 36
45 79 17
45 80 55
45 81 70
45 82 58
45 83 34
45 84 50
45 85 65
45 86 54
45 87 41
45 88 83
45 89 29
45 90 50
45 91 35
45 92 31
45 93 51
45 94 92
45 95 57
45 96 81
45 97 56
45 98 20
45 99 11
46 47 42
46 48 19
46 49 20
46 50 61
46 51 67
46 52 28
46 53 37
46 54 69
46 55 26
46 56 48
46 57 43
46 58 63
46 59 47
46 60 39
46 61 37
46 62 67
46 63 68
46 64 60
46 65 28
46 66 21
46 67 48
46 68 13
46 69 20
46 70 5
46 71 79
46 72 35
46 73 30
46 74 46
46 75 29
46 76 43
46 77 34
46 78 56
46 79 11
46 80 37
46 81 82
46 82 31
46 83 7
46 84 27
46 85 51
46 86 32
46 87 16
46 88 68
46 89 3
46 90 24
46 91 35
46 92 59
46 93 67
46 94 71
46 95 69
46 96 79
46 97 41
46 98 29
46 99 33
47 48 23
47 49 37
47 50 96
47 51 57
47 52 64
47 53 7
47 54 42
47 55 62
47 56 76
47 57 48
47 58 57
47 59 79
47 60 65
47 61 69
47 62 55
47 63 27
47 64 45
47 65 24
47 66 43
47 67 69
47 68 42
47 69 61
47 70 42
47 71 88
47 72 63
47 73 27
47 74 83
47 75 64
47 76 44
47 77 64
47 78 80
47 79 49
47 80 62
47 81 88
47 82 24
47 83 38
47 84 48
47 85 26
47 86 12
47 87 26
47 88 37
47 89 39
47 90 43
47 91 46
47 92 95
47 93 83
47 94 31
47 95 80
47 96 65
47 97 23
47 98 71
47 99 65
48 49 18
48 50 77
48 51 62
48 52 42
48 53 19
48 54 57
48 55 43
48 56 61
48 57 44
48 58 60
48 59 62
48 60 51
48 61 52
48 62 61
48 63 50
48 64 52
48 65 20
48 66 23
48 67 57
48 68 23
48 69 39
48 70 20
48 71 83
48 72 47
48 73 17
48 74 63
48 75 42
48 76 41
48 77 43
48 78 67
48 79 28
48 80 43
48 81 85
48 82 16
48 83 15
48 84 29
48 85 38
48 86 15
48 87 5
48 88 54
48 89 17
48 90 24
48 91 37
48 92 76
48 93 75
48 94 53
48 95 74
48 96 73
48 97 29
48 98 48
48 99 48
49 50 80
49 51 79
49 52 29
49 53 35
49 54 74
49 55 46
49 56 68
49 57 59
49 58 76
49 59 67
49 60 59
49 61 57
49 62 78
49 63 64
49 64 69
49 65 37
49 66 6
49 67 67
49 68 31
49 69 35
49 70 24
49 71 97
49 72 55
49 73 13
49 74 65
49 75 28
49 76 57
49 77 27
49 78 76
49 79 31
49 80 26
49 81 99
49 82 16
49 83 13
49 84 12
49 85 55
49 86 32
49 87 20
49 88 71
49 89 21
49 90 7
49 91 51
49 92 78
49 93 86
49 94 68
49 95 87
49 96 90
49 97 47
49 98 42
49 99 53
50 51 83
50 52 66
50 53 89
50 54 101
50 55 35
50 56 25
50 57 61
50 58 76
50 59 18
50 60 33
50 61 27
50 62 84
50 63 116
50 64 85
50 65 73
50 66 78
50 67 37
50 68 55
50 69 46
50 70 58
50 71 61
50 72 34
50 73 90
50 74 15
50 75 68
50 76 65
50 77 78
50 78 31
50 79 50
50 80 84
50 81 67
50 82 91
50 83 67
50 84 82
50 85 90
50 86 84
50 87 73
50 88 105
50 89 61
50 90 82
50 91 55
50 92 2
50 93 46
50 94 119
50 95 56
50 96 93
50 97 82
50 98 44
50 99 30
51 52 95
51 53 53
51 54 27
51 55 65
51 56 58
51 57 26
51 58 6
51 59 66
51 60 52
51 61 61
51 62 3
51 63 56
51 64 13
51 65 43
51 66 84
51 67 46
51 68 56
51 69 78
51 70 63
51 71 40
51 72 54
51 73 77
51 74 77
51 75 96
51 76 24
51 77 101
51 78 53
51 79 64
51 80 103
51 81 37
51 82 75
51 83 70
51 84 90
51 85 32
51 86 52
51 87 60
51 88 35
51 89 64
51 90 86
51 91 35
51 92 82
51 93 44
51 94 57
51 95 35
51 96 12
51 97 35
51 98 87
51 99 61
52 53 61
52 54 96
52 55 40
52 56 64
52 57 70
52 58 90
52 59 59
52 60 58
52 61 51
52 62 94
52 63 91
52 64 87
52 65 56
52 66 23
52 67 68
52 68 39
52 69 23
52 70 31
52 71 101
52 72 54
52 73 42
52 74 52
52 75 2
52 76 71
52 77 12
52 78 74
52 79 32
52 80 18
52 81 105
52 82 44
52 83 27
52 84 22
52 85 78
52 86 56
52 87 41
52 88 95
52 89 31
52 90 25
52 91 61
52 92 64
52 93 88
52 94 95
52 95 92
52 96 107
52 97 68
52 98 22
52 99 48
53 54 41
53 55 56
53 56 69
53 57 42
53 58 52
53 59 73
53 60 59
53 61 63
53 62 51
53 63 31
53 64 40
53 65 18
53 66 41
53 67 62
53 68 36
53 69 56
53 70 36
53 71 82
53 72 57
53 73 27
53 74 76
53 75 61
53 76 38
53 77 62
53 78 73
53 79 43
53 80 61
53 81 82
53 82 24
53 83 34
53 84 46
53 85 23
53 86 5
53 87 21
53 88 36
53 89 34
53 90 41
53 91 40
53 92 88
53 93 76
53 94 35
53 95 73
53 96 62
53 97 17
53 98 66
53 99 59
54 55 76
54 56 77
54 57 40
54 58 31
54 59 84
54 60 68
54 61 77
54 62 24
54 63 31
54 64 17
54 65 40
54 66 79
54 67 65
54 68 61
54 69 84
54 70 66
54 71 66
54 72 69
54 73 68
54 74 92
54 75 97
54 76 36
54 77 100
54 78 75
54 79 70
54 80 100
54 81 64
54 82 65
54 83 69
54 84 86
54 85 19
54 86 43
54 87 56
54 88 9
54 89 66
54 90 81
54 91 47
54 92 101
54 93 69
54 94 31
54 95 61
54 96 28
54 97 28
54 98 95
54 99 75
55 56 24
55 57 39
55 58 59
55 59 22
55 60 18
55 61 12
55 62 66
55 63 85
55 64 62
55 65 41
55 66 45
55 67 29
55 68 20
55 69 17
55 70 23
55 71 62
55 72 14
55 73 56
55 74 21
55 75 42
55 76 42
55 77 51
55 78 34
55 79 15
55 80 56
55 81 67
55 82 56
55 83 33
55 84 50
55 85 61
55 86 51
55 87 38
55 88 78
55 89 26
55 90 49
55 91 30
55 92 33
55 93 48
55 94 88
55 95 53
55 96 77
55 97 52
55 98 24
55 99 8
56 57 36
56 58 51
56 59 9
56 60 10
56 61 12
56 62 59
56 63 93
56 64 60
56 65 52
56 66 68
56 67 12
56 68 38
56 69 41
56 70 44
56 71 42
56 72 13
56 73 76
56 74 21
56 75 65
56 76 41
56 77 75
56 78 11
56 79 37
56 80 79
56 81 47
56 82 76
56 83 54
56 84 73
56 85 66
56 86 64
56 87 56
56 88 81
56 89 47
56 90 72
56 91 31
56 92 25
56 93 27
56 94 96
56 95 35
56 96 69
56 97 59
56 98 45
56 99 16
57 58 20
57 59 44
57 60 28
57 61 37
57 62 26
57 63 59
57 64 24
57 65 25
57 66 62
57 67 25
57 68 31
57 69 52
57 70 39
57 71 41
57 72 29
57 73 60
57 74 53
57 75 71
57 76 5
57 77 77
57 78 36
57 79 39
57 80 80
57 81 42
57 82 58
57 83 47
57 84 69
57 85 31
57 86 38
57 87 40
57 88 45
57 89 41
57 90 65
57 91 10
57 92 60
57 93 35
57 94 62
57 95 32
57 96 38
57 97 26
57 98 61
57 99 36
58 59 60
58 60 46
58 61 55
58 62 8
58 63 59
58 64 15
58 65 40
58 66 80
58 67 39
58 68 51
58 69 72
58 70 59
58 71 35
58 72 48
58 73 75
58 74 70
58 75 92
58 76 20
58 77 97
58 78 47
58 79 59
58 80 99
58 81 34
58 82 73
58 83 66
58 84 87
58 85 33
58 86 51
58 87 57
58 88 39
58 89 60
58 90 83
58 91 30
58 92 76
58 93 39
58 94 60
58 95 30
58 96 18
58 97 35
58 98 82
58 99 55
59 60 16
59 61 11
59 62 67
59 63 99
59 64 68
59 65 56
59 66 67
59 67 21
59 68 39
59 69 37
59 70 44
59 71 50
59 72 16
59 73 77
59 74 12
59 75 61
59 76 48
59 77 71
59 78 18
59 79 36
59 80 76
59 81 56
59 82 77
59 83 54
59 84 72
59 85 72
59 86 68
59 87 58
59 88 88
59 89 47
59 90 71
59 91 37
59 92 17
59 93 35
59 94 102
59 95 43
59 96 77
59 97 64
59 98 39
59 99 15
60 61 10
60 62 53
60 63 83
60 64 52
60 65 41
60 66 60
60 67 11
60 68 28
60 69 35
60 70 35
60 71 44
60 72 4
60 73 66
60 74 25
60 75 60
60 76 32
60 77 68
60 78 17
60 79 29
60 80 73
60 81 49
60 82 66
60 83 45
60 84 65
60 85 56
60 86 54
60 87 46
60 88 72
60 89 38
60 90 63
60 91 22
60 92 33
60 93 30
60 94 86
60 95 35
60 96 63
60 97 49
60 98 42
60 99 11
61 62 63
61 63 90
61 64 61
61 65 46
61 66 57
61 67 20
61 68 29
61 69 29
61 70 34
61 71 53
61 72 8
61 73 66
61 74 16
61 75 53
61 76 41
61 77 62
61 78 23
61 79 26
61 80 67
61 81 57
61 82 66
61 83 44
61 84 62
61 85 64
61 86 58
61 87 47
61 88 80
61 89 37
61 90 61
61 91 30
61 92 26
61 93 38
61 94 92
61 95 44
61 96 73
61 97 55
61 98 33
61 99 4
62 63 54
62 64 11
62 65 42
62 66 83
62 67 47
62 68 56
62 69 78
62 70 63
62 71 42
62 72 55
62 73 76
62 74 78
62 75 96
62 76 24
62 77 101
62 78 55
62 79 64
62 80 102
62 81 40
62 82 73
62 83 69
62 84 89
62 85 30
62 86 50
62 87 59
62 88 32
62 89 64
62 90 85
62 91 36
62 92 84
62 93 47
62 94 54
62 95 38
62 96 12
62 97 34
62 98 87
62 99 62
63 64 44
63 65 44
63 66 70
63 67 84
63 68 65
63 69 87
63 70 67
63 71 94
63 72 82
63 73 53
63 74 104
63 75 92
63 76 55
63 77 91
63 78 95
63 79 74
63 80 89
63 81 92
63 82 50
63 83 65
63 84 75
63 85 28
63 86 36
63 87 52
63 88 23
63 89 65
63 90 70
63 91 62
63 92 115
63 93 93
63 94 3
63 95 87
63 96 59
63 97 35
63 98 97
63 99 86
64 65 33
64 66 74
64 67 48
64 68 50
64 69 73
64 70 56
64 71 50
64 72 53
64 73 66
64 74 77
64 75 89
64 76 20
64 77 93
64 78 58
64 79 59
64 80 94
64 81 49
64 82 63
64 83 61
64 84 81
64 85 19
64 86 40
64 87 50
64 88 24
64 89 57
64 90 76
64 91 32
64 92 84
64 93 52
64 94 45
64 95 45
64 96 21
64 97 24
64 98 83
64 99 60
65 66 41
65 67 45
65 68 22
65 69 45
65 70 26
65 71 66
65 72 39
65 73 35
65 74 60
65 75 57
65 76 23
65 77 60
65 78 55
65 79 31
65 80 61
65 81 67
65 82 33
65 83 29
65 84 48
65 85 22
65 86 13
65 87 17
65 88 40
65 89 25
65 90 43
65 91 22
65 92 72
65 93 59
65 94 47
65 95 57
65 96 54
65 97 12
65 98 55
65 99 43
66 67 69
66 68 33
66 69 33
66 70 25
66 71 99
66 72 56
66 73 19
66 74 63
66 75 23
66 76 61
66 77 21
66 78 77
66 79 31
66 80 20
66 81 102
66 82 21
66 83 15
66 84 7
66 85 61
66 86 37
66 87 24
66 88 76
66 89 23
66 90 4
66 91 54
66 92 77
66 93 88
66 94 73
66 95 90
66 96 95
66 97 52
66 98 39
66 99 53
67 68 36
67 69 46
67 70 44
67 71 34
67 72 15
67 73 73
67 74 32
67 75 70
67 76 30
67 77 78
67 78 11
67 79 38
67 80 83
67 81 38
67 82 73
67 83 54
67 84 75
67 85 56
67 86 58
67 87 53
67 88 70
67 89 46
67 90 72
67 91 23
67 92 37
67 93 20
67 94 87
67 95 25
67 96 56
67 97 50
67 98 52
67 99 21
68 69 24
68 70 8
68 71 66
68 72 25
68 73 38
68 74 41
68 75 40
68 76 32
68 77 46
68 78 45
68 79 9
68 80 49
68 81 69
68 82 38
68 83 18
68 84 39
68 85 43
68 86 30
68 87 18
68 88 61
68 89 10
68 90 36
68 91 22
68 92 53
68 93 55
68 94 68
68 95 57
68 96 68
68 97 34
68 98 34
68 99 25
69 70 20
69 71 79
69 72 31
69 73 48
69 74 31
69 75 25
69 76 54
69 77 34
69 78 51
69 79 14
69 80 39
69 81 84
69 82 49
69 83 25
69 84 36
69 85 67
69 86 51
69 87 35
69 88 85
69 89 22
69 90 36
69 91 42
69 92 44
69 93 65
69 94 90
69 95 70
69 96 90
69 97 57
69 98 10
69 99 25
70 71 74
70 72 31
70 73 33
70 74 43
70 75 33
70 76 39
70 77 38
70 78 52
70 79 8
70 80 41
70 81 77
70 82 33
70 83 11
70 84 31
70 85 48
70 86 31
70 87 16
70 88 66
70 89 3
70 90 29
70 91 30
70 92 57
70 93 63
70 94 70
70 95 65
70 96 75
70 97 38
70 98 30
70 99 29
71 72 48
71 73 100
71 74 63
71 75 103
71 76 44
71 77 111
71 78 32
71 79 70
71 80 115
71 81 6
71 82 98
71 83 84
71 84 105
71 85 67
71 86 79
71 87 79
71 88 74
71 89 77
71 90 102
71 91 46
71 92 62
71 93 16
71 94 95
71 95 10
71 96 44
71 97 65
71 98 86
71 99 55
72 73 63
72 74 24
72 75 55
72 76 33
72 77 64
72 78 21
72 79 25
72 80 68
72 81 53
72 82 62
72 83 42
72 84 61
72 85 56
72 86 52
72 87 43
72 88 72
72 89 34
72 90 59
72 91 22
72 92 33
72 93 34
72 94 85
72 95 39
72 96 65
72 97 48
72 98 38
72 99 7
73 74 76
73 75 42
73 76 58
73 77 39
73 78 83
73 79 41
73 80 36
73 81 102
73 82 3
73 83 23
73 84 22
73 85 49
73 86 26
73 87 21
73 88 63
73 89 29
73 90 17
73 91 54
73 92 89
73 93 91
73 94 56
73 95 91
73 96 87
73 97 42
73 98 55
73 99 62
74 75 54
74 76 57
74 77 64
74 78 31
74 79 35
74 80 69
74 81 68
74 82 76
74 83 52
74 84 67
74 85 79
74 86 71
74 87 59
74 88 96
74 89 47
74 90 67
74 91 45
74 92 13
74 93 47
74 94 107
74 95 55
74 96 88
74 97 70
74 98 30
74 99 18
75 76 72
75 77 10
75 78 76
75 79 33
75 80 16
75 81 107
75 82 44
75 83 28
75 84 21
75 85 78
75 86 57
75 87 41
75 88 95
75 89 32
75 90 25
75 91 62
75 92 66
75 93 90
75 94 95
75 95 94
75 96 108
75 97 69
75 98 24
75 99 50
76 77 77
76 78 41
76 79 40
76 80 80
76 81 45
76 82 56
76 83 47
76 84 68
76 85 26
76 86 35
76 87 38
76 88 40
76 89 41
76 90 63
76 91 12
76 92 65
76 93 40
76 94 57
76 95 35
76 96 36
76 97 22
76 98 63
76 99 39
77 78 85
77 79 41
77 80 6
77 81 115
77 82 42
77 83 31
77 84 17
77 85 81
77 86 58
77 87 44
77 88 97
77 89 37
77 90 22
77 91 69
77 92 76
77 93 98
77 94 94
77 95 101
77 96 113
77 97 72
77 98 34
77 99 59
78 79 46
78 80 89
78 81 37
78 82 83
78 83 63
78 84 83
78 85 67
78 86 69
78 87 63
78 88 80
78 89 55
78 90 81
78 91 34
78 92 31
78 93 16
78 94 97
78 95 25
78 96 63
78 97 61
78 98 56
78 99 26
79 80 44
79 81 74
79 82 41
79 83 18
79 84 37
79 85 53
79 86 38
79 87 24
79 88 71
79 89 11
79 90 35
79 91 29
79 92 48
79 93 58
79 94 77
79 95 61
79 96 76
79 97 43
79 98 25
79 99 22
80 81 118
80 82 39
80 83 33
80 84 15
80 85 81
80 86 58
80 87 44
80 88 97
80 89 39
80 90 20
80 91 71
80 92 82
80 93 102
80 94 93
80 95 105
80 96 114
80 97 72
80 98 40
80 99 64
81 82 100
81 83 87
81 84 108
81 85 66
81 86 80
81 87 81
81 88 72
81 89 80
81 90 105
81 91 48
81 92 67
81 93 21
81 94 94
81 95 13
81 96 40
81 97 65
81 98 90
81 99 60
82 83 24
82 84 25
82 85 47
82 86 23
82 87 20
82 88 60
82 89 30
82 90 20
82 91 53
82 92 89
82 93 90
82 94 53
82 95 89
82 96 85
82 97 40
82 98 57
82 99 62
83 84 21
83 85 50
83 86 29
83 87 13
83 88 67
83 89 8
83 90 18
83 91 39
83 92 66
83 93 73
83 94 68
83 95 75
83 96 81
83 97 41
83 98 34
83 99 39
84 85 67
84 86 43
84 87 31
84 88 82
84 89 29
84 90 5
84 91 60
84 92 80
84 93 94
84 94 78
84 95 96
84 96 101
84 97 58
84 98 41
84 99 58
85 86 24
85 87 37
85 88 18
85 89 47
85 90 62
85 91 35
85 92 89
85 93 65
85 94 30
85 95 59
85 96 39
85 97 10
85 98 77
85 99 61
86 87 16
86 88 39
86 89 29
86 90 38
86 91 36
86 92 83
86 93 73
86 94 39
86 95 70
86 96 62
86 97 17
86 98 61
86 99 54
87 88 54
87 89 13
87 90 26
87 91 33
87 92 71
87 93 70
87 94 55
87 95 70
87 96 71
87 97 28
87 98 45
87 99 43
88 89 65
88 90 77
88 91 50
88 92 105
88 93 76
88 94 23
88 95 69
88 96 37
88 97 28
88 98 95
88 99 78
89 90 26
89 91 32
89 92 60
89 93 66
89 94 68
89 95 67
89 96 76
89 97 37
89 98 32
89 99 33
90 91 57
90 92 80
90 93 91
90 94 73
90 95 93
90 96 97
90 97 53
90 98 42
90 99 56
91 92 54
91 93 37
91 94 65
91 95 36
91 96 47
91 97 28
91 98 52
91 99 28
92 93 46
92 94 118
92 95 56
92 96 93
92 97 81
92 98 42
92 99 29
93 94 95
93 95 10
93 96 52
93 97 62
93 98 71
93 99 40
94 95 89
94 96 59
94 97 37
94 98 100
94 99 89
95 96 42
95 97 57
95 98 77
95 99 46
96 97 45
96 98 99
96 99 73
97 98 67
97 99 52
98 99 31
0 2 60
0 3 28
0 4 15
0 5 32
0 6 63
0 7 78
0 8 20
0 10 27
0 14 48
0 15 47
0 16 42
0 18 49
0 19 12
0 20 28
0 21 78
0 22 28
0 23 31
0 24 14
0 25 48
0 26 68
0 28 73
0 29 38
0 30 62
0 32 45
0 35 26
0 36 52
0 37 40
0 38 26
0 39 26
0 40 53
0 41 27
0 43 31
0 44 68
0 45 53
0 46 55
0 52 81
0 54 40
0 55 48
0 56 40
0 58 12
0 60 34
0 61 44
0 62 20
0 63 64
0 64 23
0 65 36
0 67 28
0 68 43
0 69 62
0 70 51
0 71 31
0 72 36
0 75 83
0 76 14
0 80 92
0 82 70
0 83 59
0 84 80
0 85 36
0 86 49
0 87 51
0 88 46
0 89 53
0 91 21
0 93 30
0 94 66
0 96 29
0 97 34
0 98 71
0 99 43
1 2 16
1 3 82
1 5 95
1 6 65
1 8 49
1 9 20
1 10 50
1 11 27
1 12 82
1 13 17
1 14 15
1 17 57
1 18 81
1 20 84
1 22 55
1 23 92
1 24 62
1 25 89
1 28 67
1 29 51
1 33 21
1 35 50
1 38 83
1 39 60
1 40 97
1 42 74
1 43 32
1 45 79
1 46 56
1 47 14
1 48 37
1 52 78
1 54 38
1 55 75
1 56 87
1 58 60
1 60 77
1 62 57
1 63 14
1 65 35
1 66 56
1 67 79
1 69 75
1 70 56
1 71 94
1 72 75
1 73 39
1 74 95
1 75 78
1 76 51
1 77 77
1 80 75
1 81 93
1 82 36
1 83 52
1 84 61
1 85 27
1 86 25
1 87 40
1 88 30
1 89 53
1 90 56
1 92 107
1 93 91
1 94 18
1 95 86
1 96 65
1 99 78
2 4 75
2 5 92
2 7 92
2 9 14
2 10 54
2 14 19
2 15 102
2 17 49
2 19 52
2 22 46
2 27 11
2 28 81
2 30 107
2 31 3
2 32 39
2 33 36
2 34 60
2 35 54
2 36 78
2 37 91
2 38 77
2 39 50
2 41 43
2 43 32
2 44 106
2 45 87
2 46 67
2 47 28
2 49 65
2 50 113
2 53 31
2 55 83
2 56 90
2 58 55
2 60 81
2 61 87
2 62 49
2 63 4
2 64 40
2 65 42
2 66 70
2 68 63
2 70 66
2 74 102
2 75 92
2 76 51
2 78 91
2 80 90
2 81 88
2 82 51
2 83 64
2 84 76
2 89 64
2 90 70
2 91 59
2 92 113
2 94 6
2 95 83
2 98 96
2 99 84
3 7 106
3 8 47
3 9 63
3 10 55
3 11 90
3 12 26
3 13 83
3 14 69
3 19 26
3 20 44
3 21 105
3 22 30
3 23 16
3 24 21
3 25 68
3 26 94
3 27 79
3 29 66
3 31 72
3 33 90
3 35 54
3 36 79
3 38 5
3 39 25
3 40 71
3 41 32
3 42 39
3 43 53
3 44 91
3 45 78
3 47 80
3 48 82
3 49 98
3 52 109
3 53 75
3 54 49
3 55 74
3 57 40
3 59 67
3 60 57
3 61 67
3 62 26
3 64 37
3 66 102
3 67 47
3 68 71
3 71 24
3 73 98
3 74 80
3 75 111
3 76 41
3 77 117
3 78 51
3 79 77
3 80 120
3 81 19
3 82 96
3 86 74
3 87 79
3 90 104
3 92 82
3 93 36
3 97 58
3 99 68
4 5 18
4 6 68
4 7 81
4 8 31
4 9 61
4 10 36
4 11 76
4 12 5
4 13 73
4 14 63
4 15 35
4 16 48
4 18 46
4 19 25
4 20 17
4 21 81
4 24 25
4 25 41
4 26 67
4 27 75
4 30 54
4 31 73
4 32 57
4 33 78
4 34 48
4 36 55
4 37 32
4 38 23
4 39 37
4 41 40
4 43 45
4 44 64
4 45 51
4 49 79
4 50 55
4 51 30
4 52 85
4 56 32
4 57 23
4 58 24
4 61 40
4 62 32
4 64 37
4 65 48
4 66 81
4 70 57
4 71 18
4 72 34
4 73 82
4 75 87
4 76 27
4 77 94
4 78 25
4 79 54
4 82 80
4 83 66
4 84 88
4 85 51
4 86 61
4 88 61
4 90 84
4 91 28
4 92 55
4 93 15
4 95 9
4 96 39
4 97 48
4 98 71
4 99 41
5 6 81
5 7 92
5 9 78
5 11 93
5 12 12
5 13 90
5 14 80
5 17 47
5 19 41
5 20 22
5 22 54
5 23 18
5 24 39
5 25 45
5 26 76
5 27 93
5 28 91
5 29 60
5 30 55
5 31 90
5 32 74
5 33 95
5 34 62
5 35 51
5 37 35
5 38 26
5 40 45
5 41 55
5 42 26
5 43 63
5 45 60
5 47 88
5 48 81
5 49 94
5 51 44
5 53 82
5 54 70
5 55 57
5 56 36
5 58 39
5 59 43
5 61 47
5 63 96
5 64 54
5 65 65
5 66 96
5 67 28
5 68 63
5 69 74
5 70 71
5 71 8
5 72 43
5 73 98
5 74 56
5 75 98
5 76 44
5 77 106
5 79 66
5 82 97
5 86 78
5 87 77
5 88 77
5 89 73
5 91 44
5 92 54
5 95 9
5 97 66
5 98 80
5 99 49
6 7 17
6 8 45
6 9 67
6 10 37
6 11 41
6 13 48
6 14 58
6 15 64
6 17 76
6 19 70
6 20 59
6 21 16
6 25 45
6 26 23
6 27 68
6 28 11
6 29 26
6 30 51
6 32 37
6 34 23
6 35 38
6 36 16
6 37 51
6 38 88
6 41 79
6 43 54
6 44 39
6 48 27
6 49 22
6 51 76
6 52 18
6 53 46
6 54 79
6 55 27
6 56 50
6 58 72
6 59 48
6 60 43
6 61 38
6 62 76
6 63 77
6 65 38
6 66 20
6 67 53
6 69 14
6 70 13
6 72 38
6 79 14
6 82 36
6 83 12
6 84 24
6 86 41
6 88 78
6 89 13
6 90 23
6 91 43
6 92 57
6 93 72
6 94 80
6 95 75
6 96 88
6 97 51
6 99 34
7 9 83
7 11 54
7 12 85
7 14 74
7 15 70
7 16 38
7 17 93
7 18 40
7 20 70
7 21 1
7 23 103
7 24 90
7 25 51
7 26 21
7 27 83
7 28 13
7 29 42
7 30 52
7 31 92
7 32 54
7 33 61
7 34 39
7 36 27
7 37 60
7 38 103
7 39 99
7 40 56
7 42 68
7 43 71
7 44 38
7 45 33
7 47 65
7 48 43
7 50 60
7 51 92
7 52 6
7 56 59
7 57 67
7 58 88
7 60 53
7 61 47
7 62 92
7 63 93
7 64 86
7 67 64
7 68 37
7 69 18
7 70 30
7 74 46
7 75 8
7 76 68
7 77 18
7 79 28
7 81 101
7 82 47
7 83 28
7 84 26
7 85 77
7 88 94
7 89 30
7 90 29
7 93 83
7 94 96
7 95 88
7 96 104
7 97 67
7 98 16
7 99 43
8 9 37
8 10 8
8 11 46
8 12 36
8 15 51
8 17 31
8 18 40
8 19 24
8 20 34
8 21 61
8 23 51
8 24 29
8 26 55
8 27 48
8 29 19
8 31 49
8 32 26
8 33 47
8 35 8
8 36 37
8 37 40
8 38 46
8 39 38
8 42 25
8 44 59
8 45 41
8 47 40
8 48 35
8 49 50
8 50 63
8 51 31
8 52 64
8 53 34
8 54 40
8 55 37
8 56 39
8 58 27
8 59 45
8 60 30
8 61 37
8 64 26
8 65 17
8 67 30
8 68 25
8 69 47
8 71 49
8 72 30
8 73 52
8 74 53
8 76 7
8 79 33
8 81 50
8 82 50
8 83 40
8 85 27
8 86 30
8 87 31
8 88 43
8 89 34
8 90 57
8 91 8
8 92 62
8 93 43
8 94 57
8 95 40
8 96 43
8 97 20
8 99 35
9 11 38
9 13 28
9 14 10
9 15 88
9 17 37
9 18 75
9 20 70
9 22 35
9 23 74
9 24 43
9 25 81
9 27 16
9 29 47
9 30 94
9 37 77
9 41 32
9 42 60
9 44 93
9 47 24
9 48 42
9 49 58
9 50 100
9 51 39
9 54 19
9 57 42
9 63 18
9 64 27
9 65 30
9 67 67
9 68 52
9 69 75
9 70 55
9 71 76
9 73 50
9 74 89
9 75 84
9 77 85
9 78 77
9 79 61
9 80 84
9 81 75
9 82 47
9 84 70
9 85 11
9 88 13
9 89 54
9 91 45
9 92 99
9 93 75
9 94 20
9 95 69
9 96 45
9 98 85
10 11 42
10 12 41
10 13 40
10 14 37
10 15 50
10 17 39
10 18 34
10 20 35
10 21 52
10 22 45
10 23 57
10 24 37
10 25 40
10 26 47
10 27 50
10 28 47
10 29 11
10 30 53
10 31 53
10 32 23
10 33 45
10 34 14
10 35 1
10 36 29
10 37 38
10 38 53
10 39 46
10 40 47
10 41 43
10 43 23
10 44 53
10 46 28
10 47 39
10 49 43
10 50 59
10 51 39
10 52 55
10 53 33
10 54 46
10 56 37
10 57 15
10 59 42
10 60 27
10 63 57
10 64 34
10 65 15
10 66 47
10 68 17
10 69 39
10 71 54
10 72 25
10 74 48
10 75 57
10 76 15
10 78 41
10 79 25
10 80 65
10 81 56
10 82 45
10 83 32
10 84 53
10 85 31
10 86 28
10 87 25
10 88 48
10 89 26
10 90 49
10 91 8
10 93 45
10 94 60
10 97 23
10 98 49
10 99 30
11 12 82
11 13 11
11 14 28
11 15 89
11 17 67
11 20 77
11 21 53
11 23 96
11 24 69
11 25 75
11 27 32
11 29 37
11 30 85
11 31 42
11 33 7
11 36 49
11 37 76
11 38 89
11 39 72
11 40 82
11 42 69
11 43 38
11 45 61
11 48 15
11 49 24
11 50 93
11 51 68
11 52 52
11 53 16
11 54 56
11 55 58
11 56 75
11 57 54
11 58 67
11 60 65
11 62 66
11 64 56
11 65 28
11 67 71
11 68 38
11 71 94
11 72 62
11 73 12
11 74 79
11 76 51
11 77 50
11 78 81
11 79 44
11 80 48
11 81 96
11 82 9
11 83 28
11 84 34
11 85 39
11 87 20
11 88 51
11 90 29
11 91 50
11 92 91
11 93 87
11 94 44
11 95 85
11 96 77
11 97 33
12 13 78
12 15 34
12 16 53
12 17 36
12 18 48
12 19 29
12 20 18
12 21 84
12 23 19
12 26 70
12 27 80
12 29 49
12 30 54
12 36 58
12 37 32
12 38 22
12 40 45
12 41 44
12 42 16
12 44 65
12 45 54
12 46 66
12 47 76
12 48 70
12 49 83
12 50 55
12 51 33
12 54 58
12 55 51
12 56 33
12 57 28
12 59 41
12 60 33
12 61 42
12 63 84
12 65 53
12 66 86
12 67 22
12 68 53
12 69 67
12 70 61
12 71 13
12 72 36
12 75 91
12 76 32
12 77 98
12 78 24
12 79 58
12 81 16
12 83 71
12 86 66
12 87 66
12 88 66
12 90 89
12 91 33
12 92 55
12 94 86
12 95 4
12 97 54
12 99 44
13 14 18
13 16 39
13 19 57
13 20 76
13 21 62
13 23 91
13 24 62
13 27 21
13 29 39
13 31 32
13 32 18
13 33 7
13 35 41
13 36 54
13 37 77
13 38 83
13 39 63
13 41 56
13 42 66
13 43 31
13 44 83
13 45 65
13 47 4
13 48 21
13 51 61
13 52 61
13 54 46
13 56 76
13 58 60
13 59 79
13 60 66
13 61 69
13 62 59
13 63 31
13 64 48
13 65 26
13 66 39
13 67 70
13 68 41
13 70 40
13 71 90
13 72 63
13 73 23
13 74 82
13 76 46
13 77 60
13 78 81
13 79 48
13 80 59
13 81 91
13 82 20
13 84 44
13 85 30
13 87 24
13 89 38
13 91 48
13 92 94
13 93 85
13 94 34
13 95 82
13 96 69
13 97 26
13 99 65
14 15 86
14 16 43
14 17 43
14 18 70
14 19 43
14 20 69
14 23 78
14 25 77
14 26 77
14 28 63
14 30 90
14 31 17
14 32 21
14 33 25
14 34 42
14 36 59
14 37 74
14 38 69
14 40 84
14 42 59
14 43 18
14 46 49
14 48 32
14 50 96
14 51 45
14 52 74
14 53 14
14 54 28
14 58 46
14 60 63
14 61 69
14 62 43
14 63 20
14 64 32
14 65 24
14 66 54
14 67 65
14 68 45
14 69 67
14 70 47
14 71 79
14 72 62
14 74 84
14 75 74
14 76 37
14 77 75
14 78 76
14 79 54
14 80 75
14 81 79
14 83 47
14 86 18
14 87 33
14 88 23
14 89 46
14 90 55
14 91 42
14 92 95
14 93 76
14 94 23
14 95 71
14 96 52
14 98 77
15 16 53
15 19 59
15 20 19
15 23 49
15 24 59
15 25 19
15 26 51
15 27 99
15 28 74
15 29 52
15 30 24
15 31 100
15 34 53
15 35 50
15 38 55
15 41 74
15 42 29
15 43 70
15 44 39
15 46 62
15 47 89
15 49 82
15 50 22
15 51 64
15 52 76
15 54 86
15 55 37
15 56 14
15 57 47
15 58 58
15 59 16
15 60 24
15 62 66
15 63 105
15 65 65
15 66 82
15 67 21
15 70 58
15 71 39
15 72 27
15 73 90
15 74 27
15 75 78
15 77 87
15 78 11
15 80 92
15 82 90
15 84 87
15 85 78
15 87 70
15 88 91
15 89 61
15 90 86
15 92 23
15 93 24
15 94 108
15 95 34
15 96 74
15 98 56
15 99 29
16 17 55
16 21 37
16 23 70
16 24 53
16 25 38
16 29 4
16 31 60
16 32 23
16 34 1
16 35 16
16 36 17
16 37 40
16 38 67
16 39 61
16 43 34
16 44 44
16 45 26
16 47 40
16 48 22
16 49 31
16 52 40
16 53 34
16 54 59
16 55 22
16 56 39
16 57 30
16 58 50
16 59 41
16 61 30
16 66 33
16 67 37
16 68 2
16 69 26
16 70 9
16 71 66
16 72 26
16 73 37
16 74 43
16 76 30
16 77 47
16 78 46
16 79 11
16 80 50
16 81 69
16 82 37
16 83 18
16 84 39
16 86 28
16 87 17
16 88 59
16 89 11
16 90 36
16 91 21
16 93 55
16 94 66
16 95 56
16 97 32
16 98 36
17 18 67
17 19 8
17 20 47
17 21 92
17 22 8
17 23 38
17 24 8
17 25 67
17 26 85
17 28 86
17 29 50
17 30 81
17 32 49
17 35 39
17 36 68
17 37 60
17 38 28
17 40 72
17 43 29
17 46 67
17 47 56
17 51 3
17 52 95
17 53 51
17 54 24
17 55 66
17 56 60
17 58 8
17 60 53
17 61 63
17 62 0
17 63 54
17 64 11
17 65 42
17 66 83
17 67 47
17 68 56
17 69 78
17 71 42
17 73 76
17 78 55
17 79 64
17 80 103
17 81 40
17 83 70
17 87 59
17 89 64
17 90 85
17 91 36
17 93 47
17 94 54
17 95 38
17 96 12
17 97 34
17 98 88
17 99 62
18 19 59
18 20 31
18 21 40
18 22 75
18 23 67
18 24 62
18 26 23
18 28 43
18 29 30
18 31 86
18 33 70
18 34 29
18 35 34
18 36 18
18 37 19
18 39 74
18 40 18
18 42 33
18 43 58
18 44 20
18 45 7
18 46 33
18 47 69
18 48 50
18 49 53
18 50 28
18 51 66
18 52 45
18 53 62
18 56 18
18 58 60
18 59 15
18 60 16
18 61 6
18 62 67
18 63 90
18 64 65
18 65 46
18 66 52
18 67 26
18 70 30
18 71 59
18 72 12
18 75 47
18 76 44
18 80 62
18 81 64
18 82 63
18 83 40
18 86 57
18 89 34
18 90 56
18 91 33
18 92 26
18 93 44
18 94 93
18 95 50
18 97 56
18 98 27
19 20 39
19 22 16
19 24 5
19 26 77
19 27 54
19 28 79
19 31 49
19 32 45
19 33 64
19 37 51
19 38 26
19 39 15
19 40 64
19 41 16
19 44 79
19 46 61
19 48 57
19 49 73
19 50 76
19 51 7
19 52 88
19 53 49
19 54 29
19 55 58
19 56 51
19 58 3
19 59 59
19 60 45
19 62 8
19 63 56
19 64 13
19 65 37
19 67 39
19 68 49
19 72 47
19 73 72
19 74 70
19 75 89
19 76 17
19 80 97
19 81 36
19 82 70
19 83 64
19 85 30
19 86 48
19 88 37
19 90 80
19 92 76
19 93 40
19 95 32
19 96 19
19 97 32
20 21 70
20 22 55
20 23 36
20 25 25
20 27 82
20 28 70
20 32 58
20 33 80
20 34 43
20 35 35
20 36 44
20 39 53
20 41 55
20 42 10
20 43 52
20 45 38
20 46 55
20 47 74
20 48 63
20 50 38
20 52 75
20 53 68
20 54 67
20 56 15
20 57 29
20 58 39
20 61 25
20 62 47
20 63 88
20 64 50
20 65 50
20 66 75
20 67 7
20 69 52
20 70 50
20 73 80
20 75 77
20 76 33
20 77 85
20 78 8
20 79 45
20 81 33
20 82 79
20 83 61
20 84 81
20 87 59
20 89 53
20 91 28
20 92 38
20 96 55
20 98 58
20 99 27
21 22 98
21 23 103
21 24 89
21 25 51
21 26 21
21 27 82
21 28 12
21 29 42
21 33 60
21 34 38
21 36 26
21 37 59
21 38 102
21 39 98
21 40 56
21 41 95
21 43 70
21 44 38
21 47 65
21 48 42
21 49 31
21 50 60
21 51 92
21 52 6
21 53 61
21 54 95
21 55 35
21 57 67
21 60 53
21 61 46
21 63 92
21 65 54
21 66 26
21 67 63
21 69 18
21 70 29
21 71 97
21 72 49
21 73 44
21 74 46
21 75 8
21 76 68
21 77 17
21 78 69
21 79 28
21 80 23
21 81 101
21 82 46
21 83 27
21 84 26
21 85 76
21 86 56
21 87 40
21 88 94
21 89 29
21 90 28
21 91 57
21 92 59
21 94 95
21 95 87
21 97 66
22 25 75
22 26 92
22 28 91
22 29 56
22 30 89
22 32 52
22 35 45
22 36 75
22 37 68
22 39 5
22 44 94
22 45 78
22 46 72
22 47 56
22 48 65
22 50 93
22 51 10
22 53 53
22 54 19
22 55 73
22 57 34
22 58 17
22 59 76
22 60 61
22 61 71
22 62 8
22 66 87
22 67 55
22 68 62
22 69 85
22 70 69
22 71 49
22 72 63
22 73 79
22 74 86
22 75 101
22 76 31
22 77 106
22 78 63
22 79 71
22 80 107
22 82 76
22 83 74
22 84 94
22 86 53
22 87 63
22 89 69
22 92 92
22 94 51
22 95 45
22 96 9
22 97 36
22 98 94
22 99 70
23 24 31
23 25 60
23 26 89
23 27 89
23 28 101
23 29 67
23 30 71
23 31 84
23 32 76
23 34 70
23 36 77
23 37 50
23 38 11
23 39 39
23 40 62
23 42 35
23 44 83
23 46 83
23 47 88
23 48 86
23 49 100
23 50 71
23 51 35
23 52 107
23 53 82
23 56 51
23 57 42
23 59 59
23 60 51
23 62 38
23 63 91
23 64 47
23 66 103
23 67 41
23 68 71
23 69 86
23 70 79
23 71 10
23 72 55
23 73 102
23 74 71
23 75 109
23 76 45
23 77 116
23 78 41
23 79 76
23 81 4
23 83 88
23 87 82
23 88 70
23 89 81
23 90 106
23 91 49
23 94 92
23 95 16
23 99 62
24 25 61
24 27 58
24 28 84
24 29 48
24 30 75
24 31 53
24 33 69
24 35 37
24 37 53
24 39 12
24 41 16
24 42 32
24 44 82
24 45 66
24 46 66
24 47 59
24 48 62
24 49 79
24 51 5
24 53 54
24 56 53
24 57 23
24 58 3
24 59 61
24 60 48
24 61 57
24 62 7
24 64 16
24 66 83
24 67 41
24 68 54
24 69 75
24 70 61
24 71 35
24 72 50
24 74 72
24 75 94
24 76 22
24 77 100
24 78 48
24 79 62
24 80 102
24 82 75
24 84 89
24 85 34
24 86 53
24 89 63
24 91 33
24 93 39
24 95 30
24 97 37
24 98 84
25 26 32
25 30 14
25 31 92
25 33 80
25 34 39
25 35 40
25 37 10
25 38 64
25 40 7
25 41 74
25 42 30
25 43 63
25 44 23
25 45 19
25 46 45
25 47 77
25 48 60
25 50 19
25 51 66
25 54 83
25 55 19
25 56 10
25 59 3
25 61 8
25 62 67
25 63 97
25 64 67
25 66 64
25 70 41
25 71 52
25 72 15
25 73 74
25 75 59
25 76 47
25 78 20
25 79 34
25 80 73
25 83 51
25 84 69
25 85 71
25 86 65
25 87 55
25 88 87
25 89 45
25 92 18
25 94 100
25 95 44
25 96 77
25 98 37
25 99 12
26 27 88
26 28 29
26 30 32
26 31 95
26 32 56
26 33 70
26 34 36
26 36 18
26 39 92
26 41 90
26 42 55
26 43 69
26 45 16
26 46 30
26 47 72
26 49 45
26 50 40
26 51 84
26 53 66
26 55 20
26 56 40
26 57 59
26 58 79
26 59 35
26 60 38
26 61 29
26 62 85
26 63 97
26 64 81
26 66 42
26 68 33
26 70 30
26 71 82
26 72 34
26 74 26
26 75 28
26 76 61
26 79 24
26 80 44
26 82 59
26 83 35
26 84 44
26 85 76
26 86 61
26 87 46
26 90 45
26 91 49
26 93 67
26 94 100
26 95 73
26 96 96
26 97 67
26 99 27
27 28 71
27 29 53
27 30 102
27 33 26
27 35 50
27 36 71
27 38 80
27 39 55
27 42 72
27 43 30
27 44 99
27 46 59
27 48 40
27 50 109
27 51 55
27 52 82
27 55 77
27 56 87
27 57 54
27 60 77
27 61 82
27 63 10
27 64 42
27 66 60
27 67 78
27 68 57
27 70 58
27 71 91
27 72 75
27 74 96
27 75 82
27 76 49
27 78 89
27 81 90
27 82 41
27 84 65
27 85 24
27 86 27
27 87 43
27 89 56
27 90 60
27 91 56
27 92 108
27 96 60
27 98 88
28 30 59
28 31 80
28 32 43
28 33 48
28 34 33
28 35 48
28 36 26
28 37 61
28 38 99
28 39 92
28 40 61
28 41 88
28 42 66
28 43 62
28 44 46
28 45 36
28 47 53
28 49 19
28 50 67
28 51 86
28 54 86
28 56 60
28 57 62
28 60 53
28 61 48
28 62 85
28 63 81
28 64 78
28 65 46
28 66 14
28 69 21
28 72 49
28 74 52
28 77 16
28 78 70
28 79 25
28 80 19
28 82 34
28 83 17
28 84 15
28 85 67
28 87 30
28 91 53
28 93 83
28 94 84
28 95 86
28 97 58
28 98 25
28 99 44
29 30 50
29 31 57
29 32 22
29 33 42
29 34 3
29 37 39
29 39 57
29 40 46
29 41 53
29 42 34
29 43 31
29 44 47
29 45 28
29 46 17
29 49 34
29 50 57
29 52 44
29 54 55
29 55 24
29 56 38
29 57 26
29 59 41
29 61 30
29 62 50
29 66 37
29 67 35
29 68 6
29 69 29
29 70 13
29 72 25
29 73 39
29 74 44
29 76 26
29 77 51
29 78 44
29 79 15
29 80 54
29 81 65
29 82 38
29 83 22
29 84 43
29 85 38
29 86 27
29 87 18
29 88 56
29 89 15
29 91 17
29 92 56
29 95 53
29 96 62
29 98 40
30 31 106
30 33 90
30 34 50
30 35 53
30 37 22
30 38 76
30 39 87
30 40 10
30 42 43
30 43 76
30 44 16
30 45 25
30 48 70
30 50 8
30 51 80
30 53 82
30 57 57
30 58 73
30 60 29
30 63 110
30 66 70
30 68 47
30 69 38
30 70 50
30 71 62
30 72 28
30 73 82
30 74 7
30 75 60
30 77 70
30 78 31
30 80 76
30 81 68
30 82 83
30 83 59
30 85 84
30 86 77
30 88 100
30 89 53
30 90 74
30 93 47
30 94 113
30 97 76
30 98 36
31 35 53
31 37 89
31 40 99
31 41 40
31 42 72
31 43 30
31 44 104
31 45 85
31 46 66
31 47 28
31 50 112
31 51 49
31 52 91
31 53 30
31 54 24
31 56 88
31 57 53
31 59 94
31 60 79
31 61 85
31 62 46
31 63 7
31 67 79
31 68 62
31 69 85
31 70 65
31 71 87
31 72 78
31 74 100
31 76 49
31 77 92
31 78 89
31 80 90
31 81 85
31 82 52
31 83 64
31 84 76
31 85 22
31 86 35
31 88 15
31 89 63
31 90 71
31 92 111
31 93 87
31 95 81
31 98 95
31 99 82
32 33 22
32 34 22
32 35 23
32 37 60
32 38 70
32 39 54
32 40 67
32 41 48
32 44 67
32 45 49
32 46 28
32 47 17
32 48 13
32 49 31
32 50 79
32 51 50
32 52 54
32 53 11
32 54 43
32 55 45
32 56 59
32 58 48
32 59 62
32 60 48
32 62 49
32 63 41
32 64 39
32 65 9
32 66 36
32 67 53
32 68 25
32 69 46
32 71 75
32 72 46
32 74 65
32 75 54
32 76 31
32 78 63
32 80 56
32 83 26
32 84 42
32 85 25
32 86 6
32 87 13
32 88 41
32 90 37
32 92 77
32 94 44
32 95 66
32 96 60
32 97 16
32 98 56
33 34 41
33 35 45
33 36 55
33 40 87
33 41 63
33 42 71
33 43 37
33 44 84
33 45 66
33 46 40
33 47 11
33 48 21
33 49 30
33 50 98
33 51 67
33 52 59
33 53 14
33 56 80
33 57 55
33 58 67
33 59 82
33 60 69
33 61 72
33 62 65
33 63 35
33 64 55
33 66 36
33 68 43
33 69 59
33 70 41
33 72 67
33 73 18
33 75 59
33 76 52
33 78 85
33 79 49
33 81 97
33 83 35
33 85 36
33 86 17
33 87 25
33 88 47
33 91 52
33 93 90
33 94 38
33 95 87
33 96 76
33 98 69
33 99 68
34 36 18
34 43 33
34 45 27
34 46 14
34 48 21
34 49 31
34 50 57
34 51 53
34 52 41
34 53 33
34 54 58
34 55 23
34 56 39
34 58 49
34 59 41
34 60 29
34 61 31
34 63 62
34 64 47
34 65 19
34 68 3
34 70 10
34 72 26
34 74 43
34 76 29
34 77 48
34 79 13
34 80 51
34 81 68
34 82 37
34 83 19
34 84 40
34 85 40
34 86 28
34 87 17
34 88 58
34 89 12
34 91 21
34 92 56
34 93 55
34 94 65
34 95 56
34 96 65
34 97 31
34 99 27
35 36 30
35 39 45
35 41 42
35 42 26
35 43 23
35 44 53
35 45 35
35 46 29
35 47 40
35 48 30
35 49 44
35 50 59
35 51 39
35 53 33
35 54 46
35 55 30
35 56 37
35 57 15
35 58 34
35 61 33
35 62 38
35 64 33
35 65 15
35 66 48
35 67 29
35 68 17
35 69 40
35 70 25
35 71 53
35 72 25
35 74 48
35 75 58
35 76 14
35 77 63
35 78 40
35 80 66
35 81 55
35 82 45
35 83 33
35 84 54
35 85 31
35 87 26
35 88 48
35 89 26
35 91 7
35 92 58
35 93 45
35 94 60
35 97 23
35 98 50
35 99 30
36 37 36
36 38 76
36 41 72
36 46 16
36 47 55
36 48 34
36 49 35
36 55 11
36 56 34
36 58 62
36 59 33
36 62 68
36 64 63
36 65 37
36 66 34
36 67 38
36 68 15
36 69 10
36 71 71
36 72 23
36 73 46
36 74 30
36 76 44
36 78 44
36 79 6
36 81 75
36 83 22
36 84 39
36 85 58
36 88 76
36 89 17
36 90 38
36 91 32
36 92 43
36 93 57
36 94 83
36 95 61
36 96 80
36 97 48
36 99 19
37 40 13
37 42 21
37 44 33
37 46 49
37 48 62
37 49 69
37 54 77
37 56 1
37 57 37
37 58 51
37 63 94
37 64 60
37 65 52
37 66 69
37 67 12
37 68 39
37 69 42
37 70 45
37 71 42
37 72 14
37 73 77
37 75 67
37 76 41
37 77 76
37 79 38
37 81 47
37 82 77
37 83 56
37 84 75
37 85 67
37 86 65
37 87 57
37 88 82
37 89 48
37 90 73
37 91 32
37 92 24
37 94 97
37 95 34
37 96 69
37 97 60
37 98 46
38 39 28
38 40 66
38 44 86
38 45 74
38 46 81
38 47 80
38 48 81
38 50 77
38 51 25
38 52 106
38 53 75
38 54 51
38 55 70
38 56 54
38 58 23
38 59 63
38 60 53
38 61 63
38 62 28
38 63 81
38 64 38
38 65 62
38 69 86
38 70 76
38 71 19
38 72 56
38 73 97
38 75 108
38 77 114
38 78 46
38 79 75
38 80 117
38 83 85
38 84 106
38 85 56
38 86 73
38 87 77
38 88 60
38 89 78
38 91 46
38 92 77
38 93 31
38 95 21
38 96 26
38 98 94
39 40 78
39 42 44
39 44 93
39 46 73
39 48 67
39 49 84
39 50 90
39 51 8
39 52 101
39 53 56
39 54 24
39 55 72
39 56 65
39 57 33
39 58 14
39 59 74
39 60 59
39 62 7
39 66 89
39 67 53
39 68 62
39 69 85
39 70 70
39 72 61
39 74 84
39 75 102
39 77 107
39 78 60
39 80 109
39 81 41
39 82 79
39 84 96
39 86 56
39 87 65
39 89 70
39 90 91
39 91 43
39 92 90
39 93 51
39 94 55
39 96 6
39 97 39
39 98 94
39 99 68
40 41 80
40 43 70
40 44 24
40 45 25
40 46 52
40 47 85
40 48 67
40 51 71
40 52 62
40 54 89
40 56 13
40 59 5
40 60 21
40 61 16
40 62 72
40 64 73
40 65 61
40 66 71
40 67 25
40 70 49
40 73 81
40 74 11
40 77 73
40 78 21
40 79 41
40 82 81
40 83 58
40 84 75
40 87 63
40 88 93
40 89 52
40 90 74
40 91 43
40 92 12
40 93 37
40 94 107
40 95 46
40 96 82
40 97 70
40 98 41
41 43 28
41 44 93
41 45 76
41 46 70
41 48 62
41 49 79
41 52 97
41 54 17
41 56 67
41 58 16
41 59 75
41 60 60
41 61 69
41 62 8
41 63 47
41 65 43
41 66 84
41 67 55
41 68 59
41 69 82
41 71 50
41 73 75
41 75 99
41 76 29
41 78 63
41 79 68
41 80 104
41 83 71
41 85 27
41 86 49
41 87 60
41 88 25
41 89 66
41 93 55
41 94 48
41 97 33
41 98 92
42 43 42
42 45 38
42 46 50
42 47 65
42 48 56
42 50 46
42 51 37
42 52 72
42 53 58
42 54 57
42 57 18
42 58 30
42 59 30
42 60 17
42 62 38
42 64 40
42 65 41
42 66 70
42 67 9
42 68 37
42 69 51
42 70 45
42 73 72
42 75 74
42 76 23
42 77 82
42 78 18
42 79 41
42 81 33
42 82 71
42 84 76
42 86 54
42 87 51
42 89 48
42 90 73
42 91 19
42 92 46
42 93 19
42 94 80
42 96 47
42 98 58
42 99 28
43 45 58
43 46 44
43 47 27
43 48 34
43 51 30
43 52 72
43 55 53
43 57 24
43 58 30
43 59 64
43 62 29
43 63 35
43 64 18
43 65 16
43 66 57
43 68 36
43 69 60
43 70 42
43 71 62
43 74 71
43 75 73
43 77 76
43 78 59
43 79 46
43 80 77
43 81 61
43 82 45
43 83 45
43 84 63
43 86 22
43 87 33
43 88 25
43 90 58
43 91 27
43 92 81
43 93 59
43 96 40
43 97 5
43 98 70
43 99 53
44 46 44
44 47 84
44 48 63
44 49 61
44 50 23
44 51 86
44 52 43
44 55 23
44 56 32
44 57 61
44 58 79
44 60 34
44 63 108
44 65 64
44 66 58
44 68 43
44 69 26
44 70 43
44 72 32
44 74 12
44 75 45
44 76 64
44 77 55
44 78 43
44 81 80
44 82 74
44 83 50
44 84 61
44 89 45
44 90 62
44 91 52
44 92 22
44 93 59
44 94 111
44 95 67
44 97 75
44 99 25
45 46 28
45 47 66
45 48 45
45 50 33
45 51 69
45 52 38
45 53 60
45 56 25
45 57 44
45 58 64
45 59 22
45 62 70
45 63 89
45 65 45
45 66 46
45 69 15
45 70 26
45 73 58
45 74 18
45 75 40
45 76 47
45 79 17
45 80 55
45 81 70
45 82 58
45 83 34
45 84 50
45 86 54
45 87 41
45 88 83
45 89 29
45 90 50
45 91 35
45 92 31
45 94 92
45 98 20
46 47 42
46 48 19
46 51 67
46 52 28
46 53 37
46 56 48
46 57 43
46 58 63
46 59 47
46 60 39
46 61 37
46 62 67
46 63 68
46 64 60
46 66 21
46 68 13
46 69 20
46 71 79
46 72 35
46 74 46
46 75 29
46 76 43
46 77 34
46 80 37
46 81 82
46 82 31
46 83 7
46 85 51
46 86 32
46 87 16
46 88 68
46 89 3
46 90 24
46 92 59
46 93 67
46 95 69
46 96 79
46 97 41
46 99 33
47 48 23
47 49 37
47 50 96
47 54 42
47 55 62
47 56 76
47 60 65
47 61 69
47 62 55
47 63 27
47 64 45
47 66 43
47 68 42
47 69 61
47 70 42
47 71 88
47 72 63
47 74 83
47 75 64
47 76 44
47 77 64
47 79 49
47 80 62
47 82 24
47 84 48
47 86 12
47 87 26
47 88 37
47 89 39
47 93 83
47 94 31
47 96 65
47 97 23
47 98 71
47 99 65
48 49 18
48 50 77
48 51 62
48 52 42
48 53 19
48 54 57
48 56 61
48 57 44
48 58 60
48 60 51
48 61 52
48 63 50
48 64 52
48 65 20
48 67 57
48 69 39
48 70 20
48 71 83
48 72 47
48 74 63
48 75 42
48 76 41
48 77 43
48 80 43
48 81 85
48 82 16
48 83 15
48 88 54
48 90 24
48 91 37
48 93 75
48 94 53
48 95 74
48 96 73
48 97 29
48 98 48
48 99 48
49 51 79
49 52 29
49 53 35
49 54 74
49 55 46
49 56 68
49 57 59
49 58 76
49 59 67
49 60 59
49 61 57
49 63 64
49 64 69
49 65 37
49 67 67
49 68 31
49 69 35
49 70 24
49 73 13
49 74 65
49 75 28
49 78 76
49 80 26
49 81 99
49 82 16
49 83 13
49 84 12
49 86 32
49 87 20
49 88 71
49 89 21
49 90 7
49 92 78
49 93 86
49 94 68
49 95 87
49 97 47
49 98 42
50 52 66
50 53 89
50 56 25
50 59 18
50 60 33
50 62 84
50 63 116
50 64 85
50 65 73
50 66 78
50 70 58
50 71 61
50 72 34
50 73 90
50 74 15
50 75 68
50 79 50
50 81 67
50 82 91
50 83 67
50 85 90
50 86 84
50 87 73
50 88 105
50 89 61
50 90 82
50 91 55
50 92 2
50 95 56
50 96 93
50 97 82
50 98 44
51 52 95
51 53 53
51 54 27
51 55 65
51 56 58
51 57 26
51 62 3
51 64 13
51 65 43
51 66 84
51 67 46
51 68 56
51 69 78
51 71 40
51 72 54
51 73 77
51 75 96
51 76 24
51 77 101
51 79 64
51 80 103
51 82 75
51 84 90
51 85 32
51 86 52
51 87 60
51 88 35
51 89 64
51 90 86
51 91 35
51 95 35
51 97 35
51 98 87
51 99 61
52 53 61
52 54 96
52 55 40
52 56 64
52 57 70
52 58 90
52 59 59
52 61 51
52 64 87
52 66 23
52 67 68
52 68 39
52 70 31
52 72 54
52 74 52
52 76 71
52 78 74
52 81 105
52 82 44
52 83 27
52 84 22
52 85 78
52 86 56
52 87 41
52 89 31
52 92 64
52 96 107
52 97 68
52 98 22
52 99 48
53 54 41
53 56 69
53 57 42
53 62 51
53 65 18
53 66 41
53 67 62
53 69 56
53 71 82
53 74 76
53 76 38
53 77 62
53 78 73
53 79 43
53 80 61
53 81 82
53 83 34
53 84 46
53 85 23
53 86 5
53 87 21
53 89 34
53 92 88
53 94 35
53 95 73
53 97 17
53 99 59
54 55 76
54 56 77
54 57 40
54 58 31
54 59 84
54 62 24
54 63 31
54 65 40
54 66 79
54 67 65
54 68 61
54 71 66
54 72 69
54 73 68
54 75 97
54 76 36
54 77 100
54 81 64
54 82 65
54 83 69
54 84 86
54 85 19
54 86 43
54 87 56
54 88 9
54 89 66
54 91 47
54 92 101
54 94 31
54 96 28
54 97 28
54 98 95
54 99 75
55 56 24
55 57 39
55 58 59
55 59 22
55 61 12
55 62 66
55 63 85
55 64 62
55 66 45
55 67 29
55 68 20
55 69 17
55 70 23
55 71 62
55 72 14
55 73 56
55 74 21
55 78 34
55 81 67
55 82 56
55 83 33
55 84 50
55 85 61
55 86 51
55 88 78
55 89 26
55 90 49
55 91 30
55 93 48
55 94 88
55 95 53
55 96 77
55 97 52
55 98 24
56 58 51
56 59 9
56 60 10
56 62 59
56 63 93
56 65 52
56 66 68
56 67 12
56 69 41
56 74 21
56 75 65
56 76 41
56 77 75
56 78 11
56 80 79
56 81 47
56 83 54
56 84 73
56 85 66
56 87 56
56 88 81
56 89 47
56 91 31
56 92 25
56 93 27
56 95 35
56 97 59
56 98 45
56 99 16
57 58 20
57 59 44
57 61 37
57 62 26
57 63 59
57 64 24
57 65 25
57 66 62
57 67 25
57 68 31
57 70 39
57 71 41
57 73 60
57 76 5
57 80 80
57 82 58
57 83 47
57 84 69
57 85 31
57 87 40
57 91 10
57 93 35
57 94 62
57 95 32
57 96 38
57 97 26
57 99 36
58 59 60
58 60 46
58 64 15
58 65 40
58 66 80
58 68 51
58 69 72
58 70 59
58 71 35
58 72 48
58 74 70
58 75 92
58 76 20
58 80 99
58 81 34
58 84 87
58 85 33
58 89 60
58 90 83
58 91 30
58 92 76
58 94 60
58 95 30
58 96 18
58 98 82
59 60 16
59 61 11
59 62 67
59 64 68
59 68 39
59 69 37
59 72 16
59 75 61
59 77 71
59 78 18
59 79 36
59 81 56
59 82 77
59 83 54
59 84 72
59 85 72
59 88 88
59 89 47
59 90 71
59 92 17
59 95 43
59 96 77
59 97 64
59 99 15
60 61 10
60 62 53
60 63 83
60 65 41
60 67 11
60 68 28
60 69 35
60 70 35
60 71 44
60 72 4
60 73 66
60 75 60
60 76 32
60 79 29
60 80 73
60 81 49
60 82 66
60 84 65
60 85 56
60 86 54
60 87 46
60 88 72
60 89 38
60 91 22
60 92 33
60 93 30
60 95 35
60 96 63
60 97 49
60 98 42
60 99 11
61 62 63
61 63 90
61 65 46
61 67 20
61 68 29
61 69 29
61 71 53
61 72 8
61 73 66
61 75 53
61 76 41
61 77 62
61 79 26
61 80 67
61 81 57
61 82 66
61 83 44
61 84 62
61 85 64
61 87 47
61 89 37
61 90 61
61 91 30
61 92 26
61 93 38
61 95 44
61 96 73
61 97 55
61 98 33
61 99 4
62 63 54
62 68 56
62 71 42
62 72 55
62 73 76
62 74 78
62 77 101
62 78 55
62 79 64
62 80 102
62 82 73
62 84 89
62 85 30
62 86 50
62 87 59
62 89 64
62 93 47
62 94 54
62 97 34
62 98 87
63 64 44
63 65 44
63 66 70
63 67 84
63 68 65
63 69 87
63 71 94
63 72 82
63 74 104
63 75 92
63 76 55
63 77 91
63 78 95
63 79 74
63 80 89
63 83 65
63 84 75
63 85 28
63 86 36
63 87 52
63 88 23
63 90 70
63 92 115
63 93 93
63 94 3
63 95 87
63 96 59
63 97 35
63 98 97
63 99 86
64 65 33
64 66 74
64 67 48
64 70 56
64 71 50
64 72 53
64 73 66
64 74 77
64 76 20
64 77 93
64 79 59
64 80 94
64 81 49
64 83 61
64 84 81
64 85 19
64 86 40
64 88 24
64 89 57
64 90 76
64 91 32
64 92 84
64 95 45
64 97 24
64 98 83
64 99 60
65 66 41
65 68 22
65 69 45
65 71 66
65 72 39
65 73 35
65 80 61
65 82 33
65 83 29
65 85 22
65 86 13
65 87 17
65 88 40
65 89 25
65 90 43
65 91 22
65 93 59
65 95 57
65 96 54
65 97 12
65 99 43
66 67 69
66 68 33
66 69 33
66 71 99
66 72 56
66 76 61
66 78 77
66 79 31
66 80 20
66 81 102
66 82 21
66 83 15
66 85 61
66 87 24
66 88 76
66 89 23
66 90 4
66 92 77
66 93 88
66 94 73
66 95 90
66 96 95
66 97 52
66 98 39
66 99 53
67 69 46
67 70 44
67 71 34
67 72 15
67 74 32
67 75 70
67 76 30
67 77 78
67 79 38
67 80 83
67 81 38
67 82 73
67 83 54
67 84 75
67 85 56
67 86 58
67 88 70
67 90 72
67 91 23
67 93 20
67 97 50
67 99 21
68 70 8
68 71 66
68 72 25
68 74 41
68 75 40
68 78 45
68 80 49
68 81 69
68 85 43
68 86 30
68 87 18
68 88 61
68 89 10
68 90 36
68 91 22
68 92 53
68 94 68
68 96 68
68 97 34
68 98 34
68 99 25
69 70 20
69 73 48
69 74 31
69 77 34
69 79 14
69 80 39
69 81 84
69 82 49
69 83 25
69 84 36
69 85 67
69 86 51
69 87 35
69 88 85
69 90 36
69 91 42
69 92 44
69 93 65
69 96 90
69 99 25
70 71 74
70 72 31
70 73 33
70 75 33
70 76 39
70 78 52
70 80 41
70 81 77
70 83 11
70 84 31
70 85 48
70 86 31
70 88 66
70 90 29
70 91 30
70 92 57
70 93 63
70 94 70
70 96 75
70 97 38
70 98 30
70 99 29
71 73 100
71 74 63
71 75 103
71 78 32
71 79 70
71 80 115
71 84 105
71 85 67
71 89 77
71 90 102
71 91 46
71 92 62
71 93 16
72 73 63
72 75 55
72 77 64
72 78 21
72 79 25
72 80 68
72 81 53
72 82 62
72 84 61
72 85 56
72 86 52
72 87 43
72 88 72
72 89 34
72 90 59
72 91 22
72 92 33
72 93 34
72 95 39
72 96 65
72 97 48
72 98 38
72 99 7
73 75 42
73 76 58
73 80 36
73 81 102
73 82 3
73 83 23
73 84 22
73 85 49
73 87 21
73 88 63
73 89 29
73 91 54
73 92 89
73 93 91
73 94 56
73 95 91
73 96 87
73 98 55
74 75 54
74 76 57
74 77 64
74 79 35
74 80 69
74 81 68
74 83 52
74 84 67
74 85 79
74 86 71
74 88 96
74 89 47
74 91 45
74 92 13
74 93 47
74 95 55
74 96 88
74 97 70
74 99 18
75 76 72
75 78 76
75 81 107
75 82 44
75 83 28
75 84 21
75 86 57
75 87 41
75 88 95
75 89 32
75 92 66
75 94 95
75 96 108
76 77 77
76 78 41
76 79 40
76 80 80
76 81 45
76 83 47
76 86 35
76 88 40
76 89 41
76 91 12
76 92 65
76 93 40
76 94 57
76 95 35
76 96 36
76 99 39
77 78 85
77 79 41
77 81 115
77 83 31
77 84 17
77 85 81
77 87 44
77 89 37
77 90 22
77 91 69
77 92 76
77 93 98
77 94 94
77 95 101
77 96 113
77 97 72
77 98 34
77 99 59
78 79 46
78 80 89
78 81 37
78 83 63
78 84 83
78 85 67
78 86 69
78 87 63
78 88 80
78 91 34
78 92 31
78 93 16
78 94 97
78 95 25
78 97 61
78 99 26
79 80 44
79 81 74
79 82 41
79 83 18
79 84 37
79 85 53
79 88 71
79 89 11
79 90 35
79 91 29
79 92 48
79 93 58
79 94 77
79 96 76
79 97 43
79 98 25
79 99 22
80 81 118
80 82 39
80 83 33
80 84 15
80 85 81
80 86 58
80 87 44
80 88 97
80 89 39
80 92 82
80 94 93
80 95 105
80 96 114
80 97 72
80 98 40
80 99 64
81 82 100
81 84 108
81 86 80
81 89 80
81 90 105
81 91 48
81 95 13
81 96 40
81 98 90
81 99 60
82 83 24
82 84 25
82 85 47
82 87 20
82 88 60
82 91 53
82 93 90
82 94 53
82 95 89
82 98 57
82 99 62
83 84 21
83 89 8
83 90 18
83 91 39
83 93 73
83 95 75
83 97 41
83 98 34
83 99 39
84 85 67
84 86 43
84 89 29
84 90 5
84 91 60
84 93 94
84 94 78
84 95 96
84 96 101
84 97 58
84 98 41
85 86 24
85 89 47
85 90 62
85 94 30
85 95 59
85 98 77
86 87 16
86 88 39
86 90 38
86 91 36
86 95 70
86 97 17
86 98 61
86 99 54
87 88 54
87 91 33
87 93 70
87 95 70
87 96 71
87 97 28
88 89 65
88 91 50
88 93 76
88 95 69
88 96 37
88 99 78
89 90 26
89 92 60
89 94 68
89 95 67
89 96 76
89 97 37
89 98 32
89 99 33
90 91 57
90 94 73
90 95 93
90 98 42
90 99 56
91 92 54
91 93 37
91 94 65
91 95 36
91 96 47
91 97 28
91 98 52
92 93 46
92 94 118
92 95 56
92 96 93
93 94 95
93 95 10
93 96 52
93 98 71
93 99 40
94 95 89
94 96 59
94 97 37
94 99 89
95 96 42
95 97 57
95 98 77
95 99 46
96 97 45
96 98 99
96 99 73
97 98 67
97 99 52
98 99 31
