10 0.5 20 1 0.5 45 23 1
0.704523 0.322766 30
0.62385 0.226493 24
0.171017 0.113793 5
0.870004 0.822173 53
0.180477 0.0209755 0
0.182436 0.47334 23
0.0272736 0.228637 13
0.714101 0.336964 31
0.984858 0.47907 46
0.747296 0.404181 34
0 1 13
0 2 57
0 3 53
0 4 60
0 5 54
0 6 68
0 7 2
0 8 32
0 9 9
1 2 47
1 3 64
1 4 49
1 5 51
1 6 60
1 7 14
1 8 44
1 9 22
2 3 100
2 4 9
2 5 36
2 6 18
2 7 59
2 8 89
2 9 65
3 4 106
3 5 77
3 6 103
3 7 51
3 8 36
3 9 44
4 5 45
4 6 26
4 7 62
4 8 93
4 9 68
5 6 29
5 7 55
5 8 80
5 9 57
6 7 70
6 8 99
6 9 74
7 8 31
7 9 7
8 9 25
0 1 13
0 3 53
0 5 54
0 7 2
0 9 9
1 2 47
1 3 64
1 6 60
1 8 44
1 9 22
2 3 100
2 4 9
2 5 36
2 8 89
3 5 77
3 6 103
3 8 36
3 9 44
4 6 26
4 8 93
4 9 68
5 8 80
6 7 70
