50 0.3 0 1 0.1 1225 368 14
0.564958 0.447841 6
0.453462 0.5447 6
0.0858083 0.146054 12
0.672218 0.185256 8
0.221975 0.413529 9
0.52207 0.113985 9
0.342028 0.298795 9
0.55363 0.107286 9
0.37409 0.591168 7
0.00471336 0.255278 12
0.917824 0.708365 2
0.845413 0.811123 2
0.295155 0.0506434 11
0.127187 0.455848 10
0.721408 0.664299 4
0.071609 0.584644 10
0.546673 0.216453 8
0.614714 0.146171 9
0.0708578 0.917078 9
0.706041 0.923578 3
0.861151 0.835634 1
0.964637 0.931117 0
0.693701 0.627236 4
0.3426 0.138253 10
0.846953 0.533438 4
0.520743 0.107492 9
0.82722 0.000390181 9
0.479376 0.43345 7
0.631079 0.15609 8
0.992412 0.434939 5
0.195723 0.498317 9
0.838872 0.720359 2
0.348785 0.61407 7
0.082342 0.213416 11
0.260163 0.499897 8
0.731175 0.364114 6
0.399289 0.578712 7
0.902698 0.663096 3
0.827801 0.251988 7
0.492331 0.311241 8
0.170715 0.275943 10
0.232293 0.507419 8
0.764334 0.0728387 9
0.929632 0.848287 1
0.846916 0.755714 2
0.420365 0.641052 6
0.00674545 0.829572 10
0.119982 0.762671 9
0.77256 0.127624 8
0.376475 0.0101239 11
0 1 15
0 2 57
0 3 28
0 4 34
0 5 34
0 6 27
0 7 34
0 8 24
0 9 59
0 10 44
0 11 46
0 12 48
0 13 44
0 14 27
0 15 51
0 16 23
0 17 31
0 18 68
0 19 50
0 20 49
0 21 63
0 22 22
0 23 38
0 24 29
0 25 34
0 26 52
0 27 9
0 28 30
0 29 43
0 30 37
0 31 39
0 32 27
0 33 54
0 34 31
0 35 19
0 36 21
0 37 40
0 38 33
0 39 15
0 40 43
0 41 34
0 42 42
0 43 54
0 44 42
0 45 24
0 46 68
0 47 55
0 48 38
0 49 48
1 2 54
1 3 42
1 4 27
1 5 44
1 6 27
1 7 45
1 8 9
1 9 53
1 10 49
1 11 47
1 12 52
1 13 34
1 14 29
1 15 38
1 16 34
1 17 43
1 18 53
1 19 46
1 20 50
1 21 64
1 22 25
1 23 42
1 24 39
1 25 44
1 26 66
1 27 11
1 28 43
1 29 55
1 30 26
1 31 42
1 32 13
1 33 50
1 34 20
1 35 33
1 36 6
1 37 46
1 38 48
1 39 24
1 40 39
1 41 22
1 42 57
1 43 56
1 44 45
1 45 10
1 46 53
1 47 40
1 48 53
1 49 54
2 3 59
2 4 30
2 5 44
2 6 30
2 7 47
2 8 53
2 9 14
2 10 100
2 11 101
2 12 23
2 13 31
2 14 82
2 15 44
2 16 47
2 17 53
2 18 77
2 19 99
2 20 104
2 21 118
2 22 78
2 23 26
2 24 85
2 25 44
2 26 76
2 27 49
2 28 55
2 29 95
2 30 37
2 31 95
2 32 54
2 33 7
2 34 39
2 35 68
2 36 53
2 37 97
2 38 75
2 39 44
2 40 16
2 41 39
2 42 68
2 43 110
2 44 98
2 45 60
2 46 69
2 47 62
2 48 69
2 49 32
3 4 50
3 5 17
3 6 35
3 7 14
3 8 50
3 9 67
3 10 58
3 11 65
3 12 40
3 13 61
3 14 48
3 15 72
3 16 13
3 17 7
3 18 95
3 19 74
3 20 68
3 21 80
3 22 44
3 23 33
3 24 39
3 25 17
3 26 24
3 27 31
3 28 5
3 29 41
3 30 57
3 31 56
3 32 54
3 33 59
3 34 52
3 35 19
3 36 48
3 37 53
3 38 17
3 39 22
3 40 51
3 41 55
3 42 15
3 43 71
3 44 60
3 45 52
3 46 93
3 47 80
3 48 12
3 49 34
4 5 42
4 6 17
4 7 45
4 8 23
4 9 27
4 10 76
4 11 74
4 12 37
4 13 10
4 14 56
4 15 23
4 16 38
4 17 48
4 18 53
4 19 70
4 20 77
4 21 91
4 22 52
4 23 30
4 24 64
4 25 43
4 26 73
4 27 26
4 28 48
4 29 77
4 30 9
4 31 69
4 32 24
4 33 24
4 34 9
4 35 51
4 36 24
4 37 73
4 38 63
4 39 29
4 40 15
4 41 9
4 42 64
4 43 83
4 44 71
4 45 30
4 46 47
4 47 36
4 48 62
4 49 43
5 6 26
5 7 3
5 8 50
5 9 54
5 10 71
5 11 77
5 12 24
5 13 52
5 14 59
5 15 65
5 16 11
5 17 10
5 18 92
5 19 83
5 20 80
5 21 93
5 22 54
5 23 18
5 24 53
5 25 1
5 26 33
5 27 32
5 28 12
5 29 57
5 30 50
5 31 68
5 32 53
5 33 45
5 34 47
5 35 33
5 36 48
5 37 67
5 38 34
5 39 20
5 40 39
5 41 49
5 42 25
5 43 84
5 44 72
5 45 54
5 46 88
5 47 76
5 48 25
5 49 18
6 7 29
6 8 29
6 9 34
6 10 71
6 11 72
6 12 25
6 13 27
6 14 53
6 15 39
6 16 22
6 17 31
6 18 68
6 19 72
6 20 75
6 21 89
6 22 48
6 23 16
6 24 56
6 25 26
6 26 57
6 27 19
6 28 32
6 29 66
6 30 25
6 31 65
6 32 32
6 33 27
6 34 22
6 35 39
6 36 29
6 37 67
6 38 49
6 39 15
6 40 17
6 41 24
6 42 48
6 43 80
6 44 68
6 45 35
6 46 63
6 47 51
6 48 46
6 49 29
7 8 52
7 9 57
7 10 70
7 11 76
7 12 26
7 13 55
7 14 58
7 15 68
7 16 11
7 17 7
7 18 94
7 19 83
7 20 79
7 21 92
7 22 54
7 23 21
7 24 52
7 25 3
7 26 29
7 27 33
7 28 9
7 29 55
7 30 53
7 31 68
7 32 55
7 33 48
7 34 49
7 35 31
7 36 50
7 37 66
7 38 31
7 39 21
7 40 42
7 41 51
7 42 21
7 43 83
7 44 71
7 45 55
7 46 91
7 47 79
7 48 22
7 49 20
8 9 50
8 10 56
8 11 52
8 12 55
8 13 28
8 14 35
8 15 30
8 16 41
8 17 51
8 18 45
8 19 47
8 20 54
8 21 68
8 22 32
8 23 45
8 24 48
8 25 51
8 26 74
8 27 19
8 28 51
8 29 64
8 30 20
8 31 48
8 32 3
8 33 48
8 34 15
8 35 42
8 36 3
8 37 53
8 38 57
8 39 30
8 40 38
8 41 16
8 42 65
8 43 61
8 44 50
8 45 7
8 46 44
8 47 31
8 48 61
8 49 58
9 10 102
9 11 101
9 12 36
9 13 24
9 14 83
9 15 34
9 16 54
9 17 62
9 18 67
9 19 97
9 20 103
9 21 117
9 22 78
9 23 36
9 24 89
9 25 54
9 26 86
9 27 51
9 28 63
9 29 100
9 30 31
9 31 96
9 32 50
9 33 9
9 34 35
9 35 73
9 36 51
9 37 99
9 38 82
9 39 49
9 40 17
9 41 34
9 42 78
9 43 110
9 44 98
9 45 57
9 46 57
9 47 52
9 48 78
9 49 45
10 11 13
10 12 91
10 13 83
10 14 20
10 15 86
10 16 62
10 17 64
10 18 87
10 19 30
10 20 14
10 21 23
10 22 24
10 23 81
10 24 19
10 25 72
10 26 71
10 27 52
10 28 62
10 29 28
10 30 75
10 31 8
10 32 58
10 33 97
10 34 69
10 35 39
10 36 53
10 37 5
10 38 47
10 39 58
10 40 86
10 41 71
10 42 65
10 43 14
10 44 9
10 45 50
10 46 92
10 47 80
10 48 60
10 49 88
11 12 94
11 13 80
11 14 19
11 15 81
11 16 67
11 17 70
11 18 78
11 19 18
11 20 3
11 21 17
11 22 24
11 23 84
11 24 28
11 25 77
11 26 81
11 27 53
11 28 69
11 29 40
11 30 72
11 31 9
11 32 53
11 33 97
11 34 66
11 35 46
11 36 50
11 37 16
11 38 56
11 39 61
11 40 86
11 41 68
11 42 74
11 43 9
11 44 6
11 45 46
11 46 84
11 47 73
11 48 69
11 49 93
12 13 44
12 14 75
12 15 58
12 16 30
12 17 33
12 18 89
12 19 96
12 20 97
12 21 111
12 22 70
12 23 10
12 24 73
12 25 23
12 26 53
12 27 42
12 28 35
12 29 80
12 30 46
12 31 86
12 32 57
12 33 27
12 34 45
12 35 54
12 36 54
12 37 86
12 38 57
12 39 33
12 40 26
12 41 46
12 42 47
12 43 102
12 44 90
12 45 60
12 46 83
12 47 73
12 48 48
12 49 9
13 14 63
13 15 14
13 16 48
13 17 58
13 18 46
13 19 74
13 20 83
13 21 96
13 22 59
13 23 38
13 24 72
13 25 53
13 26 84
13 27 35
13 28 59
13 29 87
13 30 8
13 31 76
13 32 27
13 33 25
13 34 14
13 35 61
13 36 30
13 37 80
13 38 73
13 39 39
13 40 19
13 41 12
13 42 74
13 43 89
13 44 78
13 45 35
13 46 39
13 47 31
13 48 72
13 49 51
14 15 65
14 16 48
14 17 53
14 18 70
14 19 26
14 20 22
14 21 36
14 22 5
14 23 65
14 24 18
14 25 59
14 26 67
14 27 33
14 28 52
14 29 36
14 30 55
14 31 13
14 32 38
14 33 78
14 34 49
14 35 30
14 36 33
14 37 18
14 38 43
14 39 42
14 40 67
14 41 51
14 42 59
14 43 28
14 44 16
14 45 30
14 46 73
14 47 61
14 48 54
14 49 74
15 16 60
15 17 70
15 18 33
15 19 72
15 20 83
15 21 96
15 22 62
15 23 52
15 24 78
15 25 66
15 26 96
15 27 43
15 28 70
15 29 93
15 30 15
15 31 78
15 32 28
15 33 37
15 34 21
15 35 70
15 36 33
15 37 83
15 38 83
15 39 50
15 40 32
15 41 18
15 42 86
15 43 90
15 44 79
15 45 35
15 46 25
15 47 18
15 48 84
15 49 65
16 17 10
16 18 85
16 19 72
16 20 69
16 21 83
16 22 44
16 23 22
16 24 44
16 25 11
16 26 35
16 27 23
16 28 10
16 29 50
16 30 45
16 31 58
16 32 44
16 33 46
16 34 40
16 35 24
16 36 39
16 37 57
16 38 28
16 39 11
16 40 38
16 41 43
16 42 26
16 43 74
16 44 62
16 45 44
16 46 82
16 47 69
16 48 24
16 49 27
17 18 94
17 19 78
17 20 73
17 21 86
17 22 49
17 23 27
17 24 45
17 25 10
17 26 26
17 27 32
17 28 2
17 29 48
17 30 55
17 31 62
17 32 54
17 33 54
17 34 50
17 35 25
17 36 48
17 37 59
17 38 24
17 39 21
17 40 46
17 41 53
17 42 17
17 43 77
17 44 65
17 45 53
17 46 91
17 47 79
17 48 16
17 49 27
18 19 64
18 20 79
18 21 89
18 22 69
18 23 82
18 24 87
18 25 93
18 26 119
18 27 63
18 28 94
18 29 104
18 30 44
18 31 79
18 32 41
18 33 70
18 34 46
18 35 86
18 36 47
18 37 87
18 38 101
18 39 74
18 40 65
18 41 44
18 42 109
18 43 86
18 44 79
18 45 45
18 46 11
18 47 16
18 48 106
18 49 96
19 20 18
19 21 26
19 22 30
19 23 87
19 24 41
19 25 84
19 26 93
19 27 54
19 28 77
19 29 57
19 30 66
19 31 24
19 32 47
19 33 95
19 34 62
19 35 56
19 36 46
19 37 33
19 38 68
19 39 65
19 40 84
19 41 63
19 42 85
19 43 24
19 44 22
19 45 40
19 46 71
19 47 61
19 48 80
19 49 97
20 21 14
20 22 27
20 23 87
20 24 30
20 25 80
20 26 84
20 27 55
20 28 72
20 29 42
20 30 75
20 31 12
20 32 56
20 33 100
20 34 69
20 35 49
20 36 53
20 37 18
20 38 58
20 39 64
20 40 89
20 41 71
20 42 77
20 43 7
20 44 8
20 45 48
20 46 85
20 47 74
20 48 71
20 49 96
21 22 41
21 23 101
21 24 41
21 25 94
21 26 94
21 27 70
21 28 84
21 29 50
21 30 88
21 31 25
21 32 69
21 33 114
21 34 83
21 35 61
21 36 67
21 37 28
21 38 69
21 39 78
21 40 103
21 41 85
21 42 88
21 43 9
21 44 21
21 45 62
21 46 96
21 47 86
21 48 83
21 49 109
22 23 60
22 24 18
22 25 55
22 26 64
22 27 29
22 28 48
22 29 36
22 30 51
22 31 17
22 32 35
22 33 74
22 34 45
22 35 27
22 36 30
22 37 21
22 38 40
22 39 37
22 40 63
22 41 48
22 42 56
22 43 32
22 44 20
22 45 27
22 46 72
22 47 59
22 48 51
22 49 69
23 24 64
23 25 18
23 26 50
23 27 33
23 28 29
23 29 71
23 30 39
23 31 76
23 32 48
23 33 27
23 34 37
23 35 45
23 36 44
23 37 77
23 38 50
23 39 23
23 40 22
23 41 39
23 42 43
23 43 92
23 44 80
23 45 51
23 46 77
23 47 66
23 48 43
23 49 13
24 25 54
24 26 53
24 27 38
24 28 43
24 29 18
24 30 65
24 31 19
24 32 50
24 33 83
24 34 59
24 35 21
24 36 45
24 37 14
24 38 28
24 39 42
24 40 72
24 41 62
24 42 47
24 43 33
24 44 22
24 45 44
24 46 89
24 47 76
24 48 41
24 49 70
25 26 32
25 27 33
25 28 12
25 29 57
25 30 51
25 31 69
25 32 53
25 33 45
25 34 47
25 35 33
25 36 49
25 37 67
25 38 34
25 39 21
25 40 39
25 41 49
25 42 25
25 43 85
25 44 73
25 45 54
25 46 89
25 47 77
25 48 25
25 49 17
26 27 56
26 28 25
26 29 46
26 30 80
26 31 72
26 32 78
26 33 77
26 34 76
26 35 38
26 36 72
26 37 67
26 38 25
26 39 46
26 40 71
26 41 78
26 42 10
26 43 85
26 44 76
26 45 76
26 46 117
26 47 104
26 48 14
26 49 45
27 28 32
27 29 51
27 30 29
27 31 46
27 32 22
27 33 45
27 34 23
27 35 26
27 36 17
27 37 48
27 38 39
27 39 12
27 40 35
27 41 26
27 42 46
27 43 61
27 44 49
27 45 22
27 46 62
27 47 49
27 48 42
27 49 44
28 29 46
28 30 55
28 31 60
28 32 54
28 33 55
28 34 51
28 35 23
28 36 48
28 37 58
28 38 22
28 39 21
28 40 48
28 41 53
28 42 16
28 43 75
28 44 64
28 45 53
28 46 92
28 47 79
28 48 14
28 49 29
29 30 80
29 31 32
29 32 67
29 33 94
29 34 74
29 35 27
29 36 61
29 37 25
29 38 25
29 39 52
29 40 84
29 41 76
29 42 43
29 43 42
29 44 35
29 45 61
29 46 106
29 47 93
29 48 38
29 49 75
30 31 68
30 32 19
30 33 31
30 34 6
30 35 55
30 36 22
30 37 73
30 38 68
30 39 35
30 40 22
30 41 4
30 42 71
30 43 81
30 44 70
30 45 27
30 46 38
30 47 27
30 48 69
30 49 52
31 32 50
31 33 91
31 34 62
31 35 37
31 36 46
31 37 9
31 38 47
31 39 54
31 40 80
31 41 64
31 42 65
31 43 16
31 44 4
31 45 43
31 46 84
31 47 72
31 48 60
31 49 85
32 33 48
32 34 14
32 35 46
32 36 6
32 37 56
32 38 60
32 39 34
32 40 38
32 41 16
32 42 68
32 43 63
32 44 52
32 45 8
32 46 40
32 47 27
32 48 65
32 49 60
33 34 34
33 35 67
33 36 48
33 37 94
33 38 75
33 39 42
33 40 11
33 41 33
33 42 70
33 43 106
33 44 94
33 45 55
33 46 62
33 47 55
33 48 70
33 49 36
34 35 49
34 36 16
34 37 66
34 38 62
34 39 30
34 40 24
34 41 3
34 42 66
34 43 75
34 44 64
34 45 21
34 46 42
34 47 30
34 48 63
34 49 50
35 36 40
35 37 34
35 38 15
35 39 24
35 40 57
35 41 52
35 42 29
35 43 52
35 44 41
35 45 42
35 46 86
35 47 73
35 48 24
35 49 50
36 37 51
36 38 54
36 39 28
36 40 38
36 41 18
36 42 62
36 43 59
36 44 48
36 45 7
36 46 47
36 47 33
36 48 59
36 49 57
37 38 42
37 39 54
37 40 83
37 41 69
37 42 61
37 43 19
37 44 11
37 45 48
37 46 91
37 47 79
37 48 55
37 49 84
38 39 34
38 40 66
38 41 65
38 42 19
38 43 60
38 44 50
38 45 56
38 46 100
38 47 87
38 48 14
38 49 51
39 40 32
39 41 33
39 42 36
39 43 69
39 44 57
39 45 34
39 46 71
39 47 59
39 48 34
39 49 32
40 41 24
40 42 63
40 43 95
40 44 83
40 45 44
40 46 58
40 47 49
40 48 62
40 49 34
41 42 69
41 43 78
41 44 66
41 45 23
41 46 39
41 47 28
41 48 66
41 49 52
42 43 79
42 44 69
42 45 66
42 46 107
42 47 94
42 48 6
42 49 39
43 44 12
43 45 55
43 46 92
43 47 81
43 48 74
43 49 100
44 45 44
44 46 84
44 47 73
44 48 63
44 49 88
45 46 45
45 47 32
45 48 62
45 49 63
46 47 13
46 48 104
46 49 90
47 48 91
47 49 80
48 49 41
0 4 34
0 5 34
0 9 59
0 13 44
0 19 50
0 21 63
0 22 22
0 23 38
0 24 29
0 25 34
0 30 37
0 32 27
0 35 19
0 37 40
0 39 15
0 40 43
0 44 42
0 45 24
1 3 42
1 4 27
1 9 53
1 12 52
1 14 29
1 15 38
1 18 53
1 23 42
1 24 39
1 27 11
1 30 26
1 31 42
1 32 13
1 35 33
1 36 6
1 40 39
1 42 57
1 43 56
1 46 53
2 16 47
2 22 78
2 23 26
2 26 76
2 30 37
2 39 44
2 41 39
2 49 32
3 7 14
3 8 50
3 10 58
3 11 65
3 14 48
3 16 13
3 18 95
3 20 68
3 22 44
3 26 24
3 27 31
3 28 5
3 29 41
3 36 48
3 39 22
3 42 15
3 45 52
3 47 80
4 5 42
4 9 27
4 16 38
4 20 77
4 24 64
4 32 24
4 33 24
4 35 51
4 40 15
4 43 83
4 45 30
5 9 54
5 10 71
5 15 65
5 17 10
5 20 80
5 22 54
5 23 18
5 27 32
5 28 12
5 32 53
5 47 76
5 48 25
5 49 18
6 7 29
6 9 34
6 11 72
6 16 22
6 18 68
6 20 75
6 24 56
6 28 32
6 34 22
6 36 29
6 42 48
6 48 46
6 49 29
7 10 70
7 11 76
7 12 26
7 13 55
7 16 11
7 23 21
7 32 55
7 35 31
7 37 66
7 41 51
7 43 83
7 45 55
7 46 91
8 11 52
8 13 28
8 14 35
8 18 45
8 20 54
8 22 32
8 23 45
8 24 48
8 25 51
8 28 51
8 30 20
8 32 3
8 36 3
8 38 57
8 48 61
9 13 24
9 18 67
9 23 36
9 24 89
9 29 100
9 33 9
9 34 35
9 41 34
9 43 110
9 46 57
9 49 45
10 16 62
10 19 30
10 26 71
10 30 75
10 32 58
10 37 5
10 39 58
10 42 65
10 43 14
10 45 50
11 15 81
11 20 3
11 22 24
11 25 77
11 26 81
11 28 69
11 32 53
11 36 50
11 37 16
11 42 74
12 19 96
12 22 70
12 26 53
12 28 35
12 34 45
12 36 54
12 38 57
12 39 33
12 41 46
13 14 63
13 15 14
13 19 74
13 23 38
13 27 35
13 37 80
13 41 12
13 42 74
13 46 39
13 47 31
14 17 53
14 22 5
14 23 65
14 29 36
14 30 55
14 37 18
14 42 59
14 43 28
14 45 30
14 46 73
15 18 33
15 19 72
15 21 96
15 22 62
15 23 52
15 31 78
15 37 83
15 38 83
15 40 32
16 22 44
16 23 22
16 24 44
16 27 23
16 31 58
16 34 40
16 37 57
16 42 26
16 44 62
16 47 69
16 48 24
17 21 86
17 22 49
17 25 10
17 27 32
17 30 55
17 33 54
17 34 50
17 35 25
17 36 48
17 40 46
17 41 53
17 43 77
17 44 65
17 47 79
17 49 27
18 26 119
18 27 63
18 28 94
18 34 46
18 36 47
18 37 87
18 39 74
18 40 65
18 45 45
18 46 11
18 49 96
19 20 18
19 27 54
19 28 77
19 34 62
19 41 63
19 49 97
20 22 27
20 33 100
20 35 49
20 36 53
20 40 89
20 45 48
20 46 85
21 26 94
21 30 88
21 31 25
21 34 83
21 43 9
21 45 62
21 48 83
22 23 60
22 34 45
22 36 30
22 42 56
22 43 32
22 44 20
22 48 51
22 49 69
23 27 33
23 28 29
23 29 71
23 31 76
23 33 27
23 34 37
23 39 23
23 43 92
23 45 51
23 46 77
24 26 53
24 33 83
24 35 21
24 38 28
24 39 42
24 40 72
24 41 62
24 44 22
24 45 44
25 31 69
25 34 47
25 35 33
25 40 39
25 43 85
25 44 73
25 45 54
26 28 25
26 33 77
26 40 71
26 45 76
27 31 46
27 32 22
27 39 12
27 40 35
27 41 26
27 42 46
28 33 55
28 39 21
28 42 16
28 43 75
28 45 53
28 46 92
29 38 25
29 39 52
29 43 42
29 48 38
29 49 75
30 32 19
30 37 73
30 41 4
30 42 71
30 47 27
30 48 69
31 39 54
31 40 80
31 42 65
31 43 16
31 46 84
31 49 85
32 33 48
32 34 14
32 35 46
32 39 34
32 43 63
32 45 8
33 38 75
33 45 55
33 46 62
33 47 55
33 48 70
34 36 16
34 37 66
34 38 62
34 42 66
34 45 21
35 36 40
35 40 57
35 41 52
35 42 29
35 44 41
35 49 50
36 37 51
36 39 28
36 45 7
36 46 47
36 48 59
37 39 54
38 40 66
38 44 50
38 47 87
39 41 33
39 46 71
39 47 59
40 42 63
40 47 49
40 49 34
41 42 69
41 45 23
41 46 39
41 47 28
41 48 66
41 49 52
43 45 55
44 47 73
44 48 63
48 49 41
