50 0.5 5 1 1 1225 613 40
0.797694 0.202036 26
0.62964 0.841594 89
0.558413 0.455842 61
0.995764 0.614839 59
0.101466 0.586782 105
0.557353 0.4404 60
0.988731 0.0250076 0
0.238146 0.296425 80
0.932966 0.0584296 7
0.053634 0.191582 95
0.516532 0.346254 57
0.759692 0.516909 54
0.0588154 0.991899 134
0.245931 0.73703 103
0.837962 0.521344 52
0.84368 0.296084 31
0.00354301 0.274136 102
0.837977 0.101072 17
0.461246 0.563903 75
0.917137 0.244637 23
0.141528 0.0569447 85
0.633411 0.49588 59
0.437698 0.948166 108
0.631554 0.822648 87
0.406 0.589031 81
0.0346968 0.993793 136
0.506272 0.118449 49
0.52063 0.122554 48
0.591961 0.0404137 40
0.950703 0.53982 52
0.120599 0.956894 127
0.697362 0.224736 35
0.894849 0.449383 43
0.12577 0.963326 127
0.521222 0.463346 64
0.00288568 0.964598 136
0.543149 0.553031 69
0.980174 0.545179 52
0.538267 0.872364 96
0.174709 0.877755 118
0.423122 0.321465 64
0.000466604 0.513319 110
0.0206264 0.615254 113
0.43979 0.957062 108
0.359721 0.12004 64
0.739055 0.105719 26
0.714362 0.103485 29
0.670805 0.139318 34
0.0844792 0.737799 115
0.306526 0.95674 115
0 1 66
0 2 35
0 3 46
0 4 80
0 5 34
0 6 26
0 7 57
0 8 20
0 9 74
0 10 32
0 11 32
0 12 108
0 13 77
0 14 32
0 15 10
0 16 80
0 17 11
0 18 49
0 19 13
0 20 67
0 21 34
0 22 83
0 23 64
0 24 55
0 25 110
0 26 30
0 27 29
0 28 26
0 29 37
0 30 101
0 31 10
0 32 27
0 33 102
0 34 38
0 35 110
0 36 43
0 37 39
0 38 72
0 39 92
0 40 39
0 41 86
0 42 88
0 43 84
0 44 45
0 45 11
0 46 13
0 47 14
0 48 89
0 49 90
1 2 39
1 3 43
1 4 59
1 5 41
1 6 89
1 7 67
1 8 84
1 9 87
1 10 51
1 11 35
1 12 59
1 13 40
1 14 38
1 15 59
1 16 84
1 17 77
1 18 32
1 19 66
1 20 92
1 21 35
1 22 22
1 23 2
1 24 34
1 25 61
1 26 73
1 27 73
1 28 80
1 29 44
1 30 52
1 31 62
1 32 47
1 33 52
1 34 39
1 35 64
1 36 30
1 37 46
1 38 10
1 39 46
1 40 56
1 41 71
1 42 65
1 43 22
1 44 77
1 45 74
1 46 74
1 47 70
1 48 55
1 49 34
2 3 47
2 4 48
2 5 2
2 6 61
2 7 36
2 8 55
2 9 57
2 10 12
2 11 21
2 12 73
2 13 42
2 14 29
2 15 33
2 16 58
2 17 45
2 18 15
2 19 42
2 20 58
2 21 9
2 22 51
2 23 37
2 24 20
2 25 75
2 26 34
2 27 34
2 28 42
2 29 40
2 30 67
2 31 27
2 32 34
2 33 67
2 34 4
2 35 75
2 36 10
2 37 43
2 38 42
2 39 57
2 40 19
2 41 56
2 42 56
2 43 52
2 44 39
2 45 39
2 46 39
2 47 34
2 48 55
2 49 56
3 4 89
3 5 47
3 6 59
3 7 82
3 8 56
3 9 103
3 10 55
3 11 26
3 12 101
3 13 76
3 14 18
3 15 35
3 16 105
3 17 54
3 18 54
3 19 38
3 20 102
3 21 38
3 22 65
3 23 42
3 24 59
3 25 103
3 26 70
3 27 68
3 28 70
3 29 9
3 30 94
3 31 49
3 32 19
3 33 94
3 34 50
3 35 105
3 36 46
3 37 7
3 38 52
3 39 86
3 40 64
3 41 100
3 42 98
3 43 65
3 44 81
3 45 57
3 46 58
3 47 58
3 48 92
3 49 77
4 5 48
4 6 105
4 7 32
4 8 99
4 9 40
4 10 48
4 11 66
4 12 41
4 13 21
4 14 74
4 15 80
4 16 33
4 17 88
4 18 36
4 19 88
4 20 53
4 21 54
4 22 49
4 23 58
4 24 30
4 25 41
4 26 62
4 27 63
4 28 73
4 29 85
4 30 37
4 31 70
4 32 81
4 33 38
4 34 44
4 35 39
4 36 44
4 37 88
4 38 52
4 39 30
4 40 42
4 41 12
4 42 9
4 43 50
4 44 53
4 45 80
4 46 78
4 47 72
4 48 15
4 49 42
5 6 60
5 7 35
5 8 54
5 9 56
5 10 10
5 11 22
5 12 74
5 13 43
5 14 29
5 15 32
5 16 58
5 17 44
5 18 16
5 19 41
5 20 57
5 21 9
5 22 52
5 23 39
5 24 21
5 25 76
5 26 33
5 27 32
5 28 40
5 29 41
5 30 68
5 31 26
5 32 34
5 33 68
5 34 4
5 35 76
5 36 11
5 37 44
5 38 43
5 39 58
5 40 18
5 41 56
5 42 56
5 43 53
5 44 38
5 45 38
5 46 37
5 47 32
5 48 56
5 49 57
6 7 80
6 8 7
6 9 95
6 10 57
6 11 54
6 12 134
6 13 103
6 14 52
6 15 31
6 16 102
6 17 17
6 18 75
6 19 23
6 20 85
6 21 59
6 22 108
6 23 87
6 24 81
6 25 136
6 26 49
6 27 48
6 28 40
6 29 52
6 30 127
6 31 35
6 32 43
6 33 127
6 34 64
6 35 136
6 36 69
6 37 52
6 38 96
6 39 118
6 40 64
6 41 110
6 42 113
6 43 108
6 44 64
6 45 26
6 46 29
6 47 34
6 48 115
6 49 115
7 8 73
7 9 21
7 10 28
7 11 57
7 12 72
7 13 44
7 14 64
7 15 61
7 16 24
7 17 63
7 18 35
7 19 68
7 20 26
7 21 44
7 22 68
7 23 66
7 24 34
7 25 73
7 26 32
7 27 33
7 28 44
7 29 75
7 30 67
7 31 46
7 32 67
7 33 68
7 34 33
7 35 71
7 36 40
7 37 78
7 38 65
7 39 58
7 40 19
7 41 32
7 42 39
7 43 69
7 44 21
7 45 54
7 46 51
7 47 46
7 48 47
7 49 66
8 9 89
8 10 51
8 11 49
8 12 128
8 13 97
8 14 47
8 15 25
8 16 95
8 17 10
8 18 69
8 19 19
8 20 79
8 21 53
8 22 102
8 23 82
8 24 75
8 25 130
8 26 43
8 27 42
8 28 34
8 29 48
8 30 121
8 31 29
8 32 39
8 33 121
8 34 58
8 35 130
8 36 63
8 37 49
8 38 90
8 39 112
8 40 57
8 41 104
8 42 107
8 43 103
8 44 58
8 45 20
8 46 22
8 47 27
8 48 109
8 49 110
9 10 49
9 11 78
9 12 80
9 13 58
9 14 85
9 15 80
9 16 10
9 17 79
9 18 55
9 19 87
9 20 16
9 21 65
9 22 85
9 23 86
9 24 53
9 25 80
9 26 46
9 27 47
9 28 56
9 29 96
9 30 77
9 31 64
9 32 88
9 33 78
9 34 54
9 35 77
9 36 61
9 37 99
9 38 84
9 39 70
9 40 39
9 41 33
9 42 42
9 43 86
9 44 31
9 45 69
9 46 67
9 47 62
9 48 55
9 49 81
10 11 30
10 12 79
10 13 48
10 14 37
10 15 33
10 16 52
10 17 40
10 18 22
10 19 41
10 20 47
10 21 19
10 22 61
10 23 49
10 24 27
10 25 81
10 26 23
10 27 22
10 28 32
10 29 48
10 30 73
10 31 22
10 32 39
10 33 73
10 34 12
10 35 80
10 36 21
10 37 50
10 38 53
10 39 63
10 40 10
10 41 54
10 42 56
10 43 62
10 44 28
10 45 33
10 46 31
10 47 26
10 48 58
10 49 65
11 12 85
11 13 56
11 14 8
11 15 24
11 16 79
11 17 42
11 18 30
11 19 31
11 20 77
11 21 13
11 22 54
11 23 33
11 24 36
11 25 87
11 26 47
11 27 46
11 28 51
11 29 19
11 30 78
11 31 30
11 32 15
11 33 78
11 34 24
11 35 88
11 36 22
11 37 22
11 38 42
11 39 69
11 40 39
11 41 76
11 42 75
11 43 54
11 44 56
11 45 41
11 46 42
11 47 39
11 48 71
11 49 63
12 13 32
12 14 91
12 15 105
12 16 72
12 17 118
12 18 59
12 19 114
12 20 94
12 21 76
12 22 38
12 23 60
12 24 53
12 25 2
12 26 98
12 27 98
12 28 109
12 29 100
12 30 7
12 31 100
12 32 100
12 33 7
12 34 70
12 35 6
12 36 65
12 37 102
12 38 49
12 39 16
12 40 76
12 41 48
12 42 38
12 43 38
12 44 92
12 45 112
12 46 110
12 47 105
12 48 26
12 49 25
13 14 63
13 15 74
13 16 52
13 17 87
13 18 28
13 19 83
13 20 69
13 21 46
13 22 29
13 23 40
13 24 22
13 25 33
13 26 67
13 27 67
13 28 78
13 29 73
13 30 25
13 31 68
13 32 71
13 33 26
13 34 39
13 35 33
13 36 35
13 37 76
13 38 32
13 39 16
13 40 45
13 41 33
13 42 26
13 43 29
13 44 63
13 45 80
13 46 79
13 47 73
13 48 16
13 49 23
14 15 23
14 16 87
14 17 42
14 18 38
14 19 29
14 20 84
14 21 21
14 22 59
14 23 37
14 24 44
14 25 93
14 26 52
14 27 51
14 28 54
14 29 11
14 30 84
14 31 33
14 32 9
14 33 84
14 34 32
14 35 95
14 36 30
14 37 14
14 38 46
14 39 75
14 40 46
14 41 84
14 42 82
14 43 59
14 44 62
14 45 43
14 46 44
14 47 42
14 48 78
14 49 69
15 16 84
15 17 20
15 18 47
15 19 9
15 20 74
15 21 29
15 22 77
15 23 57
15 24 53
15 25 107
15 26 38
15 27 37
15 28 36
15 29 27
15 30 98
15 31 16
15 32 16
15 33 98
15 34 36
15 35 107
15 36 40
15 37 28
15 38 65
15 39 89
15 40 42
15 41 87
15 42 88
15 43 77
15 44 51
15 45 22
15 46 23
15 47 23
15 48 88
15 49 85
16 17 85
16 18 54
16 19 91
16 20 26
16 21 67
16 22 80
16 23 83
16 24 51
16 25 72
16 26 53
16 27 54
16 28 63
16 29 98
16 30 69
16 31 70
16 32 91
16 33 70
16 34 55
16 35 69
16 36 61
16 37 101
16 38 80
16 39 63
16 40 42
16 41 24
16 42 34
16 43 81
16 44 39
16 45 75
16 46 73
16 47 68
16 48 47
16 49 75
17 18 60
17 19 16
17 20 70
17 21 44
17 22 94
17 23 75
17 24 65
17 25 120
17 26 33
17 27 32
17 28 25
17 29 45
17 30 112
17 31 19
17 32 35
17 33 112
17 34 48
17 35 120
17 36 54
17 37 47
17 38 83
17 39 102
17 40 47
17 41 93
17 42 97
17 43 94
17 44 48
17 45 10
17 46 12
17 47 17
17 48 99
17 49 101
18 19 56
18 20 60
18 21 19
18 22 38
18 23 31
18 24 6
18 25 61
18 26 45
18 27 45
18 28 54
18 29 49
18 30 52
18 31 41
18 32 45
18 33 52
18 34 12
18 35 61
18 36 8
18 37 52
18 38 32
18 39 42
18 40 25
18 41 46
18 42 44
18 43 39
18 44 46
18 45 54
18 46 53
18 47 47
18 48 41
18 49 42
19 20 80
19 21 38
19 22 85
19 23 64
19 24 62
19 25 116
19 26 43
19 27 41
19 28 38
19 29 30
19 30 107
19 31 22
19 32 21
19 33 107
19 34 45
19 35 116
19 36 48
19 37 31
19 38 73
19 39 98
19 40 50
19 41 96
19 42 97
19 43 86
19 44 57
19 45 23
19 46 25
19 47 27
19 48 97
19 49 94
20 21 66
20 22 94
20 23 91
20 24 59
20 25 94
20 26 37
20 27 38
20 28 45
20 29 94
20 30 90
20 31 58
20 32 85
20 33 91
20 34 56
20 35 92
20 36 64
20 37 97
20 38 91
20 39 82
20 40 39
20 41 48
20 42 57
20 43 95
20 44 23
20 45 60
20 46 57
20 47 54
20 48 68
20 49 91
21 22 49
21 23 33
21 24 25
21 25 78
21 26 40
21 27 39
21 28 46
21 29 32
21 30 69
21 31 28
21 32 27
21 33 69
21 34 12
21 35 79
21 36 11
21 37 35
21 38 39
21 39 60
21 40 27
21 41 63
21 42 62
21 43 50
21 44 46
21 45 40
21 46 40
21 47 36
21 48 60
21 49 57
22 23 23
22 24 36
22 25 41
22 26 83
22 27 83
22 28 92
22 29 66
22 30 32
22 31 77
22 32 68
22 33 31
22 34 49
22 35 44
22 36 41
22 37 68
22 38 13
22 39 27
22 40 63
22 41 62
22 42 53
22 43 1
22 44 83
22 45 89
22 46 89
22 47 84
22 48 41
22 49 13
23 24 32
23 25 62
23 26 72
23 27 71
23 28 78
23 29 43
23 30 53
23 31 60
23 32 46
23 33 52
23 34 38
23 35 64
23 36 28
23 37 45
23 38 11
23 39 46
23 40 54
23 41 70
23 42 65
23 43 23
23 44 75
23 45 72
23 46 72
23 47 68
23 48 55
23 49 35
24 25 55
24 26 48
24 27 48
24 28 58
24 29 55
24 30 47
24 31 47
24 32 51
24 33 47
24 34 17
24 35 55
24 36 14
24 37 58
24 38 31
24 39 37
24 40 27
24 41 41
24 42 39
24 43 37
24 44 47
24 45 59
24 46 58
24 47 52
24 48 35
24 49 38
25 26 99
25 27 100
25 28 110
25 29 102
25 30 9
25 31 102
25 32 102
25 33 10
25 34 72
25 35 4
25 36 67
25 37 105
25 38 52
25 39 18
25 40 78
25 41 48
25 42 38
25 43 41
25 44 93
25 45 113
25 46 112
25 47 107
25 48 26
25 49 27
26 27 1
26 28 12
26 29 61
26 30 92
26 31 22
26 32 51
26 33 93
26 34 35
26 35 98
26 36 44
26 37 64
26 38 75
26 39 83
26 40 22
26 41 64
26 42 69
26 43 84
26 44 15
26 45 23
26 46 21
26 47 17
26 48 75
26 49 86
27 28 11
27 29 60
27 30 93
27 31 20
27 32 50
27 33 93
27 34 34
27 35 99
27 36 43
27 37 62
27 38 75
27 39 83
27 40 22
27 41 65
27 42 70
27 43 84
27 44 16
27 45 22
27 46 19
27 47 15
27 48 75
27 49 86
28 29 61
28 30 103
28 31 21
28 32 51
28 33 103
28 34 43
28 35 110
28 36 51
28 37 64
28 38 83
28 39 94
28 40 33
28 41 76
28 42 81
28 43 93
28 44 25
28 45 16
28 46 14
28 47 13
28 48 86
28 49 96
29 30 93
29 31 40
29 32 11
29 33 93
29 34 44
29 35 104
29 36 41
29 37 3
29 38 53
29 39 85
29 40 57
29 41 95
29 42 93
29 43 66
29 44 72
29 45 48
29 46 50
29 47 49
29 48 89
29 49 77
30 31 93
30 32 93
30 33 1
30 34 64
30 35 12
30 36 58
30 37 95
30 38 43
30 39 10
30 40 70
30 41 46
30 42 36
30 43 32
30 44 87
30 45 105
30 46 104
30 47 99
30 48 22
30 49 19
31 32 30
31 33 93
31 34 30
31 35 101
31 36 36
31 37 43
31 38 67
31 39 84
31 40 29
31 41 75
31 42 78
31 43 78
31 44 35
31 45 13
31 46 12
31 47 9
31 48 80
31 49 83
32 33 92
32 34 37
32 35 103
32 36 37
32 37 13
32 38 55
32 39 84
32 40 49
32 41 90
32 42 89
32 43 68
32 44 63
32 45 38
32 46 39
32 47 38
32 48 86
32 49 78
33 34 64
33 35 12
33 36 59
33 37 95
33 38 42
33 39 10
33 40 71
33 41 47
33 42 36
33 43 31
33 44 88
33 45 105
33 46 104
33 47 99
33 48 23
33 49 18
34 35 72
34 36 9
34 37 47
34 38 41
34 39 54
34 40 17
34 41 52
34 42 52
34 43 50
34 44 38
34 45 42
34 46 41
34 47 36
34 48 52
34 49 54
35 36 68
35 37 106
35 38 54
35 39 19
35 40 77
35 41 45
35 42 35
35 43 44
35 44 92
35 45 113
35 46 112
35 47 106
35 48 24
35 49 30
36 37 44
36 38 32
36 39 49
36 40 26
36 41 54
36 42 53
36 43 42
36 44 47
36 45 49
36 46 48
36 47 43
36 48 49
36 49 47
37 38 55
37 39 87
37 40 60
37 41 98
37 42 96
37 43 68
37 44 75
37 45 50
37 46 52
37 47 51
37 48 92
37 49 79
38 39 36
38 40 56
38 41 65
38 42 58
38 43 13
38 44 77
38 45 79
38 46 79
38 47 74
38 48 47
38 49 25
39 40 61
39 41 40
39 42 30
39 43 28
39 44 78
39 45 96
39 46 94
39 47 89
39 48 17
39 49 15
40 41 46
40 42 50
40 43 64
40 44 21
40 45 38
40 46 36
40 47 31
40 48 54
40 49 65
41 42 10
41 43 62
41 44 53
41 45 84
41 46 82
41 47 77
41 48 24
41 49 54
42 43 54
42 44 60
42 45 88
42 46 86
42 47 81
42 48 14
42 49 45
43 44 84
43 45 90
43 46 90
43 47 85
43 48 42
43 49 13
44 45 38
44 46 36
44 47 31
44 48 68
44 49 84
45 46 2
45 47 8
45 48 91
45 49 95
46 47 6
46 48 89
46 49 95
47 48 84
47 49 89
48 49 31
0 2 35
0 3 46
0 4 80
0 8 20
0 13 77
0 14 32
0 15 10
0 18 49
0 21 34
0 23 64
0 24 55
0 27 29
0 31 10
0 32 27
0 33 102
0 34 38
0 35 110
0 36 43
0 38 72
0 40 39
0 42 88
0 44 45
0 46 13
0 47 14
0 49 90
1 3 43
1 4 59
1 5 41
1 6 89
1 7 67
1 11 35
1 14 38
1 15 59
1 16 84
1 17 77
1 18 32
1 21 35
1 22 22
1 23 2
1 24 34
1 27 73
1 29 44
1 30 52
1 31 62
1 32 47
1 33 52
1 34 39
1 35 64
1 36 30
1 38 10
1 39 46
1 43 22
1 45 74
1 49 34
2 3 47
2 6 61
2 7 36
2 10 12
2 13 42
2 14 29
2 15 33
2 17 45
2 18 15
2 19 42
2 20 58
2 22 51
2 25 75
2 29 40
2 31 27
2 32 34
2 34 4
2 37 43
2 38 42
2 39 57
2 42 56
2 43 52
2 45 39
2 47 34
2 48 55
3 4 89
3 8 56
3 9 103
3 10 55
3 11 26
3 14 18
3 22 65
3 23 42
3 25 103
3 26 70
3 27 68
3 29 9
3 31 49
3 32 19
3 36 46
3 38 52
3 39 86
3 40 64
3 42 98
3 43 65
3 44 81
3 49 77
4 8 99
4 12 41
4 13 21
4 14 74
4 17 88
4 19 88
4 21 54
4 24 30
4 27 63
4 28 73
4 29 85
4 30 37
4 32 81
4 33 38
4 35 39
4 36 44
4 37 88
4 38 52
4 41 12
4 42 9
4 43 50
4 44 53
4 45 80
4 46 78
4 48 15
4 49 42
5 8 54
5 12 74
5 13 43
5 15 32
5 16 58
5 18 16
5 19 41
5 20 57
5 22 52
5 24 21
5 28 40
5 29 41
5 31 26
5 34 4
5 36 11
5 37 44
5 38 43
5 41 56
5 42 56
5 44 38
5 46 37
5 49 57
6 8 7
6 11 54
6 13 103
6 14 52
6 16 102
6 17 17
6 18 75
6 19 23
6 26 49
6 28 40
6 29 52
6 33 127
6 35 136
6 36 69
6 38 96
6 39 118
6 40 64
6 43 108
6 44 64
6 47 34
7 9 21
7 16 24
7 17 63
7 20 26
7 26 32
7 29 75
7 30 67
7 31 46
7 34 33
7 37 78
7 38 65
7 40 19
7 41 32
7 42 39
7 44 21
7 48 47
8 9 89
8 12 128
8 13 97
8 14 47
8 16 95
8 17 10
8 18 69
8 28 34
8 29 48
8 30 121
8 32 39
8 34 58
8 36 63
8 37 49
8 39 112
8 40 57
8 41 104
8 42 107
8 43 103
8 45 20
8 46 22
9 10 49
9 14 85
9 18 55
9 19 87
9 23 86
9 25 80
9 28 56
9 30 77
9 31 64
9 33 78
9 34 54
9 35 77
9 39 70
9 41 33
9 42 42
9 44 31
9 45 69
9 47 62
10 20 47
10 24 27
10 26 23
10 27 22
10 32 39
10 33 73
10 34 12
10 38 53
10 39 63
10 40 10
10 41 54
10 44 28
10 46 31
10 47 26
11 12 85
11 14 8
11 16 79
11 20 77
11 21 13
11 26 47
11 28 51
11 29 19
11 32 15
11 33 78
11 37 22
11 38 42
11 40 39
11 42 75
11 44 56
11 46 42
12 13 32
12 14 91
12 15 105
12 19 114
12 22 38
12 23 60
12 25 2
12 28 109
12 29 100
12 30 7
12 31 100
12 33 7
12 35 6
12 43 38
12 45 112
12 47 105
13 14 63
13 15 74
13 17 87
13 18 28
13 23 40
13 24 22
13 25 33
13 28 78
13 29 73
13 30 25
13 31 68
13 33 26
13 34 39
13 37 76
13 40 45
13 42 26
13 43 29
13 44 63
13 47 73
13 48 16
14 15 23
14 16 87
14 17 42
14 18 38
14 20 84
14 21 21
14 23 37
14 24 44
14 28 54
14 29 11
14 32 9
14 33 84
14 34 32
14 36 30
14 39 75
14 40 46
14 41 84
14 46 44
14 48 78
14 49 69
15 16 84
15 21 29
15 22 77
15 23 57
15 24 53
15 25 107
15 26 38
15 28 36
15 31 16
15 36 40
15 38 65
15 39 89
15 41 87
15 42 88
15 43 77
15 48 88
15 49 85
16 17 85
16 18 54
16 19 91
16 20 26
16 21 67
16 22 80
16 26 53
16 27 54
16 28 63
16 29 98
16 32 91
16 33 70
16 35 69
16 36 61
16 41 24
16 43 81
16 44 39
16 47 68
16 48 47
17 18 60
17 20 70
17 21 44
17 22 94
17 25 120
17 27 32
17 28 25
17 29 45
17 30 112
17 32 35
17 33 112
17 35 120
17 36 54
17 38 83
17 40 47
17 41 93
17 43 94
17 44 48
17 45 10
17 47 17
17 48 99
17 49 101
18 19 56
18 21 19
18 23 31
18 29 49
18 31 41
18 33 52
18 34 12
18 36 8
18 38 32
18 40 25
18 44 46
18 48 41
18 49 42
19 20 80
19 25 116
19 27 41
19 28 38
19 29 30
19 32 21
19 33 107
19 34 45
19 35 116
19 38 73
19 39 98
19 43 86
19 44 57
19 45 23
19 46 25
19 49 94
20 21 66
20 23 91
20 24 59
20 26 37
20 29 94
20 31 58
20 34 56
20 35 92
20 36 64
20 37 97
20 39 82
20 43 95
20 44 23
20 45 60
20 47 54
20 48 68
21 23 33
21 29 32
21 33 69
21 34 12
21 35 79
21 36 11
21 37 35
21 38 39
21 40 27
21 41 63
21 43 50
21 45 40
21 46 40
21 47 36
21 49 57
22 23 23
22 24 36
22 29 66
22 30 32
22 33 31
22 34 49
22 36 41
22 37 68
22 40 63
22 41 62
22 42 53
22 43 1
22 45 89
22 46 89
22 47 84
23 27 71
23 31 60
23 32 46
23 34 38
23 37 45
23 45 72
23 46 72
23 47 68
23 49 35
24 25 55
24 28 58
24 32 51
24 33 47
24 35 55
24 39 37
24 41 41
24 43 37
24 47 52
24 48 35
24 49 38
25 26 99
25 27 100
25 28 110
25 35 4
25 36 67
25 38 52
25 41 48
25 42 38
25 45 113
25 47 107
25 48 26
25 49 27
26 28 12
26 29 61
26 30 92
26 34 35
26 35 98
26 37 64
26 38 75
26 40 22
26 43 84
26 45 23
27 28 11
27 30 93
27 31 20
27 32 50
27 37 62
27 38 75
27 40 22
27 41 65
27 43 84
27 44 16
27 46 19
28 33 103
28 34 43
28 35 110
28 37 64
28 38 83
28 39 94
28 40 33
28 41 76
28 43 93
28 45 16
28 46 14
28 48 86
28 49 96
29 30 93
29 31 40
29 33 93
29 35 104
29 37 3
29 38 53
29 44 72
29 47 49
29 49 77
30 35 12
30 36 58
30 38 43
30 41 46
30 43 32
30 47 99
30 48 22
30 49 19
31 32 30
31 33 93
31 35 101
31 36 36
31 37 43
31 41 75
31 43 78
31 45 13
31 46 12
31 47 9
31 49 83
32 35 103
32 36 37
32 37 13
32 39 84
32 40 49
32 41 90
32 42 89
32 43 68
32 45 38
32 48 86
33 34 64
33 35 12
33 37 95
33 38 42
33 39 10
33 41 47
33 42 36
33 46 104
33 49 18
34 35 72
34 37 47
34 40 17
34 41 52
34 42 52
34 43 50
34 45 42
34 46 41
34 48 52
35 36 68
35 37 106
35 38 54
35 41 45
35 42 35
35 43 44
35 44 92
35 46 112
35 47 106
35 48 24
36 37 44
36 39 49
36 41 54
36 42 53
36 45 49
36 48 49
37 42 96
37 48 92
38 39 36
38 46 79
38 47 74
38 49 25
39 40 61
39 43 28
39 44 78
39 45 96
39 47 89
39 48 17
40 46 36
40 48 54
41 43 62
41 44 53
41 47 77
41 49 54
42 46 86
42 48 14
42 49 45
43 44 84
43 45 90
43 48 42
44 47 31
44 48 68
44 49 84
45 48 91
46 47 6
46 48 89
46 49 95
47 48 84
