10 0.3 10 0 0.5 45 14 1
0.994669 0.50518 26
0.626187 0.747837 19
0.679494 0.759822 21
0.0371192 0.72117 27
0.47637 0.398442 0
0.454142 0.910028 26
0.615669 0.891359 26
0.447587 0.852461 23
0.851032 0.807135 28
0.485286 0.152705 12
0 1 44
0 2 41
0 3 98
0 4 53
0 5 68
0 6 54
0 7 65
0 8 33
0 9 62
1 2 5
1 3 59
1 4 38
1 5 24
1 6 14
1 7 21
1 8 23
1 9 61
2 3 64
2 4 41
2 5 27
2 6 15
2 7 25
2 8 18
2 9 64
3 4 55
3 5 46
3 6 60
3 7 43
3 8 82
3 9 72
4 5 51
4 6 51
4 7 45
4 8 55
4 9 25
5 6 16
5 7 6
5 8 41
5 9 76
6 7 17
6 8 25
6 9 75
7 8 41
7 9 70
8 9 75
0 1 44
0 2 41
0 3 98
0 5 68
0 6 54
1 2 5
1 5 24
2 8 18
3 4 55
3 5 46
3 6 60
4 7 45
7 9 70
8 9 75
