100 0.5 4950 2475 4 1 76 0.25
0.0429288 0.208 30
0.444267 0.716579 14
0.192029 0.00805077 31
0.941033 0.613126 9
0.964414 0.59661 10
0.196221 0.724834 20
0.696516 0.772547 8
0.220498 0.531088 22
0.980058 0.559715 11
0.403481 0.485121 19
0.0856395 0.434951 26
0.45703 0.11 25
0.203615 0.225497 27
0.18023 0.252548 27
0.0165815 0.0702079 33
0.305291 0.727379 17
0.244938 0.315937 24
0.829853 0.458769 14
0.859858 0.590734 10
0.968842 0.851324 3
0.200383 0.0862662 29
0.888818 0.199282 20
0.0226633 0.821599 24
0.39411 0.782925 15
0.737303 0.668607 10
0.234953 0.380224 23
0.165889 0.99757 20
0.234022 0.65987 20
0.479962 0.890135 12
0.509654 0.672067 14
0.40206 0.00520563 28
0.241024 0.591341 20
0.418864 0.118023 25
0.647962 0.838758 8
0.770875 0.0641945 24
0.931088 0.557187 11
0.295319 0.22043 25
0.829138 0.796447 6
0.820742 0.109795 22
0.917031 0.0621453 23
0.412532 0.707431 15
0.453626 0.585342 16
0.489055 0.226745 22
0.1227 0.43928 25
0.163054 0.349134 25
0.721598 0.161249 21
0.0243625 0.696634 24
0.654635 0.0360605 25
0.752632 0.0550791 24
0.446007 0.604503 16
0.245159 0.826735 18
0.639957 0.562339 13
0.826577 0.646064 9
0.478917 0.848912 12
0.620625 0.41388 17
0.329748 0.285831 23
0.596717 0.789646 10
0.393866 0.942286 14
0.896526 0.825981 4
0.466984 0.115661 25
0.236987 0.920476 18
0.316591 0.962958 16
0.778306 0.844416 6
0.272783 0.831307 17
0.829645 0.485529 13
0.0732558 0.280545 28
0.167456 0.993445 20
0.460724 0.753005 14
0.596511 0.199358 22
0.911664 0.104346 22
0.214085 0.47919 22
0.270178 0.160654 27
0.177788 0.2543 27
0.338448 0.0163341 29
0.19842 0.357686 25
0.310056 0.219296 25
0.394345 0.281443 22
0.673575 0.283733 19
0.257389 0.0903787 28
0.217046 0.645989 20
0.943702 0.48449 13
0.0906374 0.602043 24
0.015712 0.293889 29
0.948834 0.988614 0
0.289906 0.0854672 28
0.916693 0.743185 6
0.863662 0.285989 18
0.875212 0.75786 6
0.212636 0.0384919 30
0.530301 0.248188 21
0.693061 0.0126393 25
0.0482858 0.276882 29
0.371404 0.461902 20
0.129071 0.777747 21
0.786347 0.0861706 23
0.797219 0.0667012 23
0.144637 0.310727 26
0.786465 0.73038 8
0.258833 0.482329 21
0.697377 0.181662 21
0 1 65
0 2 25
0 3 99
0 4 100
0 5 54
0 6 86
0 7 37
0 8 100
0 9 45
0 10 23
0 11 43
0 12 16
0 13 14
0 14 14
0 15 58
0 16 23
0 17 83
0 18 90
0 19 113
0 20 20
0 21 85
0 22 61
0 23 67
0 24 83
0 25 26
0 26 80
0 27 49
0 28 81
0 29 66
0 30 41
0 31 43
0 32 39
0 33 87
0 34 74
0 35 95
0 36 25
0 37 98
0 38 78
0 39 89
0 40 62
0 41 56
0 42 45
0 43 24
0 44 19
0 45 68
0 46 49
0 47 64
0 48 73
0 49 57
0 50 65
0 51 69
0 52 90
0 53 78
0 54 61
0 55 30
0 56 80
0 57 81
0 58 105
0 59 43
0 60 74
0 61 80
0 62 97
0 63 66
0 64 83
0 65 8
0 66 80
0 67 69
0 68 55
0 69 87
0 70 32
0 71 23
0 72 14
0 73 35
0 74 22
0 75 27
0 76 36
0 77 64
0 78 24
0 79 47
0 80 94
0 81 40
0 82 9
0 83 120
0 84 28
0 85 102
0 86 82
0 87 100
0 88 24
0 89 49
0 90 68
0 91 7
0 92 42
0 93 58
0 94 75
0 95 77
0 96 14
0 97 91
0 98 35
0 99 65
1 2 75
1 3 51
1 4 53
1 5 25
1 6 26
1 7 29
1 8 56
1 9 24
1 10 46
1 11 61
1 12 55
1 13 53
1 14 78
1 15 14
1 16 45
1 17 46
1 18 43
1 19 54
1 20 68
1 21 68
1 22 43
1 23 8
1 24 30
1 25 40
1 26 40
1 27 22
1 28 18
1 29 8
1 30 71
1 31 24
1 32 60
1 33 24
1 34 73
1 35 51
1 36 52
1 37 39
1 38 71
1 39 81
1 40 3
1 41 13
1 42 49
1 43 42
1 44 46
1 45 62
1 46 42
1 47 71
1 48 73
1 49 11
1 50 23
1 51 25
1 52 39
1 53 14
1 54 35
1 55 45
1 56 17
1 57 23
1 58 47
1 59 60
1 60 29
1 61 28
1 62 36
1 63 21
1 64 45
1 65 57
1 66 39
1 67 4
1 68 54
1 69 77
1 70 33
1 71 58
1 72 53
1 73 71
1 74 44
1 75 52
1 76 44
1 77 49
1 78 65
1 79 24
1 80 55
1 81 37
1 82 60
1 83 57
1 84 65
1 85 47
1 86 60
1 87 43
1 88 72
1 89 48
1 90 75
1 91 59
1 92 26
1 93 32
1 94 72
1 95 74
1 96 50
1 97 34
1 98 30
1 99 59
2 3 96
2 4 97
2 5 72
2 6 92
2 7 52
2 8 96
2 9 52
2 10 44
2 11 28
2 12 22
2 13 24
2 14 19
2 15 73
2 16 31
2 17 78
2 18 89
2 19 115
2 20 8
2 21 72
2 22 83
2 23 80
2 24 86
2 25 37
2 26 99
2 27 65
2 28 93
2 29 74
2 30 21
2 31 59
2 32 25
2 33 95
2 34 58
2 35 92
2 36 24
2 37 101
2 38 64
2 39 73
2 40 73
2 41 63
2 42 37
2 43 44
2 44 34
2 45 55
2 46 71
2 47 46
2 48 56
2 49 65
2 50 82
2 51 71
2 52 90
2 53 89
2 54 59
2 55 31
2 56 88
2 57 96
2 58 108
2 59 30
2 60 91
2 61 96
2 62 102
2 63 83
2 64 80
2 65 30
2 66 99
2 67 79
2 68 45
2 69 73
2 70 47
2 71 17
2 72 25
2 73 15
2 74 35
2 75 24
2 76 34
2 77 55
2 78 11
2 79 64
2 80 89
2 81 60
2 82 34
2 83 124
2 84 12
2 85 103
2 86 73
2 87 101
2 88 4
2 89 41
2 90 50
2 91 30
2 92 49
2 93 77
2 94 60
2 95 61
2 96 31
2 97 94
2 98 48
2 99 53
3 4 3
3 5 75
3 6 29
3 7 73
3 8 7
3 9 55
3 10 87
3 11 70
3 12 83
3 13 84
3 14 107
3 15 65
3 16 76
3 17 19
3 18 8
3 19 24
3 20 91
3 21 42
3 22 94
3 23 57
3 24 21
3 25 74
3 26 87
3 27 71
3 28 54
3 29 44
3 30 81
3 31 70
3 32 72
3 33 37
3 34 57
3 35 6
3 36 76
3 37 21
3 38 52
3 39 55
3 40 54
3 41 49
3 42 59
3 43 84
3 44 82
3 45 50
3 46 92
3 47 64
3 48 59
3 49 50
3 50 73
3 51 31
3 52 12
3 53 52
3 54 38
3 55 69
3 56 39
3 57 64
3 58 22
3 59 69
3 60 77
3 61 72
3 62 28
3 63 70
3 64 17
3 65 93
3 66 86
3 67 50
3 68 54
3 69 51
3 70 74
3 71 81
3 72 84
3 73 85
3 74 79
3 75 74
3 76 64
3 77 42
3 78 86
3 79 72
3 80 13
3 81 85
3 82 98
3 83 38
3 84 84
3 85 13
3 86 34
3 87 16
3 88 93
3 89 55
3 90 65
3 91 95
3 92 59
3 93 83
3 94 55
3 95 57
3 96 85
3 97 19
3 98 69
3 99 50
4 5 78
4 6 32
4 7 75
4 8 4
4 9 57
4 10 89
4 11 70
4 12 85
4 13 86
4 14 108
4 15 67
4 16 77
4 17 19
4 18 10
4 19 25
4 20 92
4 21 40
4 22 97
4 23 60
4 24 24
4 25 76
4 26 89
4 27 73
4 28 57
4 29 46
4 30 82
4 31 72
4 32 73
4 33 40
4 34 57
4 35 5
4 36 77
4 37 24
4 38 51
4 39 54
4 40 56
4 41 51
4 42 60
4 43 86
4 44 84
4 45 50
4 46 95
4 47 64
4 48 58
4 49 52
4 50 76
4 51 33
4 52 15
4 53 55
4 54 39
4 55 71
4 56 42
4 57 67
4 58 24
4 59 69
4 60 80
4 61 74
4 62 31
4 63 73
4 64 17
4 65 95
4 66 89
4 67 53
4 68 54
4 69 50
4 70 76
4 71 82
4 72 86
4 73 85
4 74 80
4 75 76
4 76 65
4 77 43
4 78 87
4 79 75
4 80 11
4 81 87
4 82 100
4 83 39
4 84 85
4 85 15
4 86 33
4 87 18
4 88 94
4 89 56
4 90 64
4 91 97
4 92 61
4 93 85
4 94 54
4 95 56
4 96 87
4 97 22
4 98 71
4 99 49
5 6 50
5 7 20
5 8 80
5 9 32
5 10 31
5 11 67
5 12 50
5 13 47
5 14 68
5 15 11
5 16 41
5 17 69
5 18 68
5 19 78
5 20 64
5 21 87
5 22 20
5 23 21
5 24 54
5 25 35
5 26 27
5 27 8
5 28 33
5 29 32
5 30 75
5 31 14
5 32 65
5 33 47
5 34 88
5 35 75
5 36 51
5 37 64
5 38 88
5 39 98
5 40 22
5 41 29
5 42 58
5 43 29
5 44 38
5 45 77
5 46 17
5 47 83
5 48 87
5 49 28
5 50 11
5 51 47
5 52 64
5 53 31
5 54 53
5 55 46
5 56 41
5 57 29
5 58 71
5 59 67
5 60 20
5 61 27
5 62 59
5 63 13
5 64 68
5 65 46
5 66 27
5 67 27
5 68 66
5 69 95
5 70 25
5 71 57
5 72 47
5 73 72
5 74 37
5 75 52
5 76 49
5 77 65
5 78 64
5 79 8
5 80 79
5 81 16
5 82 47
5 83 80
5 84 65
5 85 72
5 86 80
5 87 68
5 88 69
5 89 58
5 90 87
5 91 47
5 92 32
5 93 9
5 94 87
5 95 89
5 96 42
5 97 59
5 98 25
5 99 74
6 7 53
6 8 35
6 9 41
6 10 70
6 11 70
6 12 74
6 13 73
6 14 98
6 15 39
6 16 64
6 17 34
6 18 24
6 19 28
6 20 85
6 21 60
6 22 68
6 23 30
6 24 11
6 25 61
6 26 58
6 27 48
6 28 25
6 29 21
6 30 82
6 31 49
6 32 71
6 33 8
6 34 71
6 35 32
6 36 68
6 37 13
6 38 67
6 39 74
6 40 29
6 41 31
6 42 58
6 43 66
6 44 68
6 45 61
6 46 68
6 47 74
6 48 72
6 49 30
6 50 45
6 51 22
6 52 18
6 53 23
6 54 37
6 55 61
6 56 10
6 57 35
6 58 21
6 59 70
6 60 48
6 61 42
6 62 11
6 63 43
6 64 32
6 65 79
6 66 57
6 67 24
6 68 58
6 69 70
6 70 56
6 71 75
6 72 73
6 73 84
6 74 65
6 75 67
6 76 58
6 77 49
6 78 81
6 79 50
6 80 38
6 81 63
6 82 83
6 83 33
6 84 80
6 85 22
6 86 51
6 87 18
6 88 88
6 89 55
6 90 76
6 91 82
6 92 45
6 93 57
6 94 69
6 95 71
6 96 72
6 97 10
6 98 53
6 99 59
7 8 76
7 9 19
7 10 17
7 11 48
7 12 31
7 13 28
7 14 50
7 15 21
7 16 22
7 17 61
7 18 64
7 19 81
7 20 45
7 21 75
7 22 35
7 23 31
7 24 53
7 25 15
7 26 47
7 27 13
7 28 44
7 29 32
7 30 56
7 31 6
7 32 46
7 33 53
7 34 72
7 35 71
7 36 32
7 37 66
7 38 73
7 39 84
7 40 26
7 41 24
7 42 41
7 43 13
7 44 19
7 45 62
7 46 26
7 47 66
7 48 71
7 49 24
7 50 30
7 51 42
7 52 62
7 53 41
7 54 42
7 55 27
7 56 46
7 57 45
7 58 74
7 59 48
7 60 39
7 61 44
7 62 64
7 63 30
7 64 61
7 65 29
7 66 47
7 67 33
7 68 50
7 69 81
7 70 5
7 71 37
7 72 28
7 73 53
7 74 17
7 75 32
7 76 30
7 77 52
7 78 44
7 79 11
7 80 72
7 81 15
7 82 31
7 83 86
7 84 45
7 85 73
7 86 69
7 87 69
7 88 49
7 89 42
7 90 70
7 91 31
7 92 17
7 93 26
7 94 72
7 95 74
7 96 23
7 97 60
7 98 6
7 99 59
8 9 58
8 10 90
8 11 69
8 12 85
8 13 86
8 14 108
8 15 70
8 16 77
8 17 18
8 18 12
8 19 29
8 20 91
8 21 37
8 22 99
8 23 63
8 24 27
8 25 77
8 26 92
8 27 75
8 28 60
8 29 48
8 30 80
8 31 74
8 32 71
8 33 43
8 34 54
8 35 5
8 36 76
8 37 28
8 38 48
8 39 50
8 40 59
8 41 53
8 42 59
8 43 87
8 44 84
8 45 47
8 46 97
8 47 62
8 48 55
8 49 54
8 50 78
8 51 34
8 52 18
8 53 58
8 54 39
8 55 71
8 56 45
8 57 70
8 58 28
8 59 68
8 60 83
8 61 78
8 62 35
8 63 76
8 64 17
8 65 95
8 66 92
8 67 55
8 68 53
8 69 46
8 70 77
8 71 81
8 72 86
8 73 84
8 74 81
8 75 75
8 76 65
8 77 41
8 78 86
8 79 77
8 80 8
8 81 89
8 82 100
8 83 43
8 84 84
8 85 19
8 86 30
8 87 22
8 88 93
8 89 55
8 90 62
8 91 97
8 92 62
8 93 88
8 94 51
8 95 53
8 96 87
8 97 26
8 98 73
8 99 47
9 10 32
9 11 38
9 12 33
9 13 32
9 14 57
9 15 26
9 16 23
9 17 43
9 18 47
9 19 67
9 20 45
9 21 56
9 22 51
9 23 30
9 24 38
9 25 20
9 26 56
9 27 24
9 28 41
9 29 21
9 30 48
9 31 19
9 32 37
9 33 43
9 34 56
9 35 53
9 36 29
9 37 53
9 38 56
9 39 67
9 40 22
9 41 11
9 42 27
9 43 28
9 44 28
9 45 45
9 46 43
9 47 51
9 48 55
9 49 13
9 50 38
9 51 25
9 52 45
9 53 37
9 54 23
9 55 21
9 56 36
9 57 46
9 58 60
9 59 37
9 60 47
9 61 49
9 62 52
9 63 37
9 64 43
9 65 39
9 66 56
9 67 27
9 68 34
9 69 64
9 70 19
9 71 35
9 72 32
9 73 47
9 74 24
9 75 28
9 76 20
9 77 34
9 78 42
9 79 25
9 80 54
9 81 33
9 82 43
9 83 74
9 84 42
9 85 57
9 86 50
9 87 54
9 88 49
9 89 27
9 90 55
9 91 41
9 92 4
9 93 40
9 94 55
9 95 57
9 96 31
9 97 45
9 98 14
9 99 42
10 11 49
10 12 24
10 13 21
10 14 37
10 15 37
10 16 20
10 17 74
10 18 79
10 19 98
10 20 37
10 21 84
10 22 39
10 23 47
10 24 69
10 25 16
10 26 57
10 27 27
10 28 60
10 29 49
10 30 53
10 31 22
10 32 46
10 33 69
10 34 78
10 35 85
10 36 30
10 37 83
10 38 80
10 39 91
10 40 43
10 41 40
10 42 45
10 43 4
10 44 12
10 45 69
10 46 27
10 47 69
10 48 77
10 49 40
10 50 42
10 51 57
10 52 77
10 53 57
10 54 54
10 55 29
10 56 62
10 57 59
10 58 90
10 59 50
10 60 51
10 61 58
10 62 80
10 63 44
10 64 75
10 65 15
10 66 56
10 67 49
10 68 56
10 69 89
10 70 14
10 71 33
10 72 20
10 73 49
10 74 14
10 75 31
10 76 34
10 77 61
10 78 39
10 79 25
10 80 86
10 81 17
10 82 16
10 83 103
10 84 40
10 85 89
10 86 79
10 87 85
10 88 42
10 89 48
10 90 74
10 91 16
10 92 29
10 93 35
10 94 78
10 95 80
10 96 14
10 97 76
10 98 18
10 99 66
11 12 28
11 13 31
11 14 44
11 15 64
11 16 30
11 17 51
11 18 63
11 19 90
11 20 26
11 21 44
11 22 83
11 23 68
11 24 62
11 25 35
11 26 93
11 27 59
11 28 78
11 29 56
11 30 12
11 31 53
11 32 4
11 33 75
11 34 32
11 35 65
11 36 20
11 37 78
11 38 36
11 39 46
11 40 60
11 41 48
11 42 12
11 43 47
11 44 38
11 45 27
11 46 73
11 47 21
11 48 30
11 49 49
11 50 75
11 51 49
11 52 65
11 53 74
11 54 35
11 55 22
11 56 69
11 57 83
11 58 84
11 59 1
11 60 84
11 61 86
11 62 80
11 63 74
11 64 53
11 65 42
11 66 93
11 67 64
11 68 17
11 69 45
11 70 44
11 71 19
11 72 31
11 73 15
11 74 36
11 75 18
11 76 18
11 77 28
11 78 20
11 79 59
11 80 61
11 81 61
11 82 48
11 83 101
11 84 17
11 85 78
11 86 44
11 87 77
11 88 25
11 89 16
11 90 26
11 91 44
11 92 36
11 93 74
11 94 33
11 95 34
11 96 37
11 97 70
11 98 42
11 99 25
12 13 4
12 14 24
12 15 51
12 16 10
12 17 67
12 18 75
12 19 99
12 20 14
12 21 69
12 22 62
12 23 59
12 24 69
12 25 16
12 26 77
12 27 44
12 28 72
12 29 54
12 30 30
12 31 37
12 32 24
12 33 76
12 34 59
12 35 80
12 36 9
12 37 85
12 38 63
12 39 73
12 40 53
12 41 44
12 42 29
12 43 23
12 44 13
12 45 52
12 46 50
12 47 49
12 48 57
12 49 45
12 50 60
12 51 55
12 52 75
12 53 68
12 54 46
12 55 14
12 56 69
12 57 74
12 58 92
12 59 29
12 60 70
12 61 75
12 62 84
12 63 61
12 64 68
12 65 14
12 66 77
12 67 59
12 68 39
12 69 72
12 70 25
12 71 9
12 72 4
12 73 25
12 74 13
12 75 11
12 76 20
12 77 47
12 78 15
12 79 42
12 80 78
12 81 39
12 82 20
12 83 107
12 84 16
12 85 88
12 86 66
12 87 86
12 88 19
12 89 33
12 90 53
12 91 16
12 92 29
12 93 56
12 94 60
12 95 61
12 96 10
12 97 77
12 98 26
12 99 50
13 14 25
13 15 49
13 16 9
13 17 68
13 18 76
13 19 99
13 20 17
13 21 71
13 22 59
13 23 57
13 24 70
13 25 14
13 26 75
13 27 41
13 28 70
13 29 53
13 30 33
13 31 34
13 32 27
13 33 75
13 34 62
13 35 81
13 36 12
13 37 85
13 38 66
13 39 76
13 40 51
13 41 43
13 42 31
13 43 20
13 44 10
13 45 55
13 46 47
13 47 52
13 48 61
13 49 44
13 50 58
13 51 55
13 52 76
13 53 67
13 54 47
13 55 15
13 56 68
13 57 72
13 58 92
13 59 32
13 60 67
13 61 72
13 62 84
13 63 59
13 64 69
13 65 11
13 66 74
13 67 57
13 68 42
13 69 75
13 70 23
13 71 13
13 72 0
13 73 28
13 74 11
13 75 13
13 76 22
13 77 49
13 78 18
13 79 40
13 80 80
13 81 36
13 82 17
13 83 106
13 84 20
13 85 88
13 86 68
13 87 86
13 88 22
13 89 35
13 90 57
13 91 13
13 92 28
13 93 53
13 94 63
13 95 64
13 96 7
13 97 77
13 98 24
13 99 52
14 15 72
14 16 34
14 17 90
14 18 99
14 19 123
14 20 18
14 21 88
14 22 75
14 23 81
14 24 94
14 25 38
14 26 94
14 27 63
14 28 94
14 29 78
14 30 39
14 31 57
14 32 41
14 33 99
14 34 75
14 35 104
14 36 32
14 37 109
14 38 81
14 39 90
14 40 75
14 41 68
14 42 50
14 43 38
14 44 32
14 45 71
14 46 63
14 47 64
14 48 74
14 49 69
14 50 79
14 51 79
14 52 99
14 53 91
14 54 69
14 55 38
14 56 92
14 57 95
14 58 116
14 59 45
14 60 88
14 61 94
14 62 109
14 63 80
14 64 91
14 65 22
14 66 94
14 67 81
14 68 59
14 69 90
14 70 45
14 71 27
14 72 24
14 73 33
14 74 34
14 75 33
14 76 43
14 77 69
14 78 24
14 79 61
14 80 102
14 81 54
14 82 22
14 83 131
14 84 27
14 85 112
14 86 87
14 87 110
14 88 20
14 89 54
14 90 68
14 91 21
14 92 53
14 93 72
14 94 77
14 95 78
14 96 27
14 97 101
14 98 48
14 99 69
15 16 42
15 17 59
15 18 57
15 19 68
15 20 65
15 21 79
15 22 30
15 23 10
15 24 44
15 25 35
15 26 30
15 27 10
15 28 24
15 29 21
15 30 73
15 31 15
15 32 62
15 33 36
15 34 81
15 35 65
15 36 51
15 37 53
15 38 80
15 39 90
15 40 11
15 41 21
15 42 53
15 43 34
15 44 40
15 45 70
15 46 28
15 47 77
15 48 81
15 49 19
15 50 12
15 51 37
15 52 53
15 53 21
15 54 44
15 55 44
15 56 30
15 57 23
15 58 60
15 59 63
15 60 20
15 61 24
15 62 49
15 63 11
15 64 58
15 65 50
15 66 30
15 67 16
15 68 60
15 69 87
15 70 26
15 71 57
15 72 49
15 73 71
15 74 38
15 75 51
15 76 45
15 77 58
15 78 64
15 79 12
15 80 68
15 81 25
15 82 52
15 83 69
15 84 64
15 85 61
15 86 71
15 87 57
15 88 70
15 89 53
15 90 81
15 91 52
15 92 27
15 93 18
15 94 80
15 95 82
15 96 45
15 97 48
15 98 25
15 99 67
16 17 60
16 18 67
16 19 90
16 20 23
16 21 65
16 22 55
16 23 49
16 24 61
16 25 7
16 26 69
16 27 34
16 28 62
16 29 44
16 30 35
16 31 28
16 32 26
16 33 66
16 34 58
16 35 73
16 36 11
16 37 76
16 38 61
16 39 72
16 40 43
16 41 34
16 42 26
16 43 17
16 44 9
16 45 50
16 46 44
16 47 50
16 48 57
16 49 35
16 50 51
16 51 47
16 52 67
16 53 58
16 54 39
16 55 9
16 56 59
16 57 64
16 58 83
16 59 30
16 60 60
16 61 65
16 62 75
16 63 52
16 64 61
16 65 18
16 66 68
16 67 49
16 68 37
16 69 70
16 70 17
16 71 16
16 72 9
16 73 31
16 74 6
16 75 12
16 76 15
16 77 43
16 78 23
16 79 33
16 80 72
16 81 33
16 82 23
16 83 97
16 84 23
16 85 80
16 86 62
16 87 77
16 88 28
16 89 29
16 90 54
16 91 20
16 92 19
16 93 48
16 94 59
16 95 61
16 96 10
16 97 68
16 98 17
16 99 47
17 18 14
17 19 42
17 20 73
17 21 27
17 22 88
17 23 54
17 24 23
17 25 60
17 26 86
17 27 63
17 28 56
17 29 38
17 30 62
17 31 60
17 32 53
17 33 42
17 34 40
17 35 14
17 36 59
17 37 34
17 38 35
17 39 41
17 40 49
17 41 40
17 42 41
17 43 71
17 44 68
17 45 32
17 46 84
17 47 46
17 48 41
17 49 41
17 50 69
17 51 22
17 52 19
17 53 52
17 54 21
17 55 53
17 56 40
17 57 65
17 58 37
17 59 50
17 60 75
17 61 72
17 62 39
17 63 67
17 64 3
17 65 78
17 66 85
17 67 47
17 68 35
17 69 36
17 70 62
17 71 63
17 72 68
17 73 66
17 74 64
17 75 57
17 76 47
17 77 23
17 78 68
17 79 64
17 80 12
17 81 75
17 82 83
17 83 54
17 84 66
17 85 30
17 86 18
17 87 30
17 88 75
17 89 37
17 90 47
17 91 80
17 92 46
17 93 77
17 94 38
17 95 39
17 96 70
17 97 28
17 98 57
17 99 31
18 19 28
18 20 83
18 21 39
18 22 87
18 23 50
18 24 15
18 25 66
18 26 80
18 27 63
18 28 48
18 29 36
18 30 74
18 31 62
18 32 65
18 33 33
18 34 53
18 35 8
18 36 68
18 37 21
18 38 48
18 39 53
18 40 46
18 41 41
18 42 52
18 43 75
18 44 74
18 45 45
18 46 84
18 47 59
18 48 55
18 49 41
18 50 66
18 51 22
18 52 6
18 53 46
18 54 30
18 55 61
18 56 33
18 57 58
18 58 24
18 59 62
18 60 70
18 61 66
18 62 27
18 63 63
18 64 11
18 65 85
18 66 80
18 67 43
18 68 47
18 69 49
18 70 66
18 71 73
18 72 76
18 73 78
18 74 70
18 75 66
18 76 56
18 77 36
18 78 78
18 79 65
18 80 14
18 81 77
18 82 89
18 83 41
18 84 76
18 85 16
18 86 30
18 87 17
18 88 85
18 89 48
18 90 60
18 91 87
18 92 51
18 93 75
18 94 51
18 95 53
18 96 77
18 97 16
18 98 61
18 99 44
19 20 108
19 21 66
19 22 95
19 23 58
19 24 29
19 25 87
19 26 82
19 27 76
19 28 49
19 29 49
19 30 102
19 31 77
19 32 92
19 33 32
19 34 81
19 35 30
19 36 92
19 37 15
19 38 76
19 39 79
19 40 57
19 41 58
19 42 79
19 43 94
19 44 95
19 45 73
19 46 96
19 47 87
19 48 83
19 49 58
19 50 72
19 51 44
19 52 25
19 53 49
19 54 56
19 55 85
19 56 38
19 57 58
19 58 8
19 59 89
19 60 74
19 61 66
19 62 19
19 63 70
19 64 39
19 65 106
19 66 81
19 67 52
19 68 75
19 69 75
19 70 84
19 71 98
19 72 99
19 73 105
19 74 92
19 75 91
19 76 81
19 77 64
19 78 104
19 79 78
19 80 37
19 81 91
19 82 110
19 83 14
19 84 102
19 85 12
19 86 58
19 87 13
19 88 111
19 89 75
19 90 88
19 91 109
19 92 71
19 93 84
19 94 79
19 95 80
19 96 99
19 97 22
19 98 80
19 99 72
20 21 70
20 22 76
20 23 72
20 24 79
20 25 30
20 26 91
20 27 57
20 28 85
20 29 66
20 30 22
20 31 51
20 32 22
20 33 88
20 34 57
20 35 87
20 36 16
20 37 95
20 38 62
20 39 72
20 40 66
20 41 56
20 42 32
20 43 36
20 44 27
20 45 53
20 46 64
20 47 46
20 48 55
20 49 57
20 50 74
20 51 65
20 52 84
20 53 81
20 54 53
20 55 24
20 56 81
20 57 88
20 58 102
20 59 27
20 60 84
20 61 88
20 62 95
20 63 75
20 64 75
20 65 23
20 66 91
20 67 72
20 68 41
20 69 71
20 70 39
20 71 10
20 72 17
20 73 15
20 74 27
20 75 17
20 76 28
20 77 51
20 78 6
20 79 56
20 80 84
20 81 53
20 82 28
20 83 117
20 84 9
20 85 97
20 86 69
20 87 95
20 88 5
20 89 37
20 90 50
20 91 24
20 92 41
20 93 70
20 94 59
20 95 60
20 96 23
20 97 87
20 98 40
20 99 51
21 22 107
21 23 77
21 24 49
21 25 68
21 26 108
21 27 80
21 28 80
21 29 61
21 30 52
21 31 76
21 32 48
21 33 68
21 34 18
21 35 36
21 36 59
21 37 60
21 38 11
21 39 14
21 40 70
21 41 58
21 42 40
21 43 80
21 44 74
21 45 17
21 46 100
21 47 29
21 48 20
21 49 60
21 50 90
21 51 44
21 52 45
21 53 77
21 54 34
21 55 57
21 56 66
21 57 89
21 58 63
21 59 43
21 60 97
21 61 95
21 62 65
21 63 88
21 64 29
21 65 82
21 66 107
21 67 70
21 68 29
21 69 10
21 70 73
21 71 62
21 72 71
21 73 58
21 74 71
21 75 58
21 76 50
21 77 23
21 78 64
21 79 81
21 80 29
21 81 89
21 82 88
21 83 79
21 84 61
21 85 54
21 86 9
21 87 56
21 88 70
21 89 36
21 90 27
21 91 84
21 92 58
21 93 95
21 94 15
21 95 16
21 96 75
21 97 54
21 98 69
21 99 19
22 23 37
22 24 73
22 25 49
22 26 23
22 27 27
22 28 46
22 29 51
22 30 90
22 31 32
22 32 81
22 33 63
22 34 106
22 35 95
22 36 66
22 37 81
22 38 107
22 39 117
22 40 41
22 41 49
22 42 76
22 43 40
22 44 49
22 45 96
22 46 12
22 47 101
22 48 106
22 49 48
22 50 22
22 51 67
22 52 82
22 53 46
22 54 72
22 55 62
22 56 57
22 57 39
22 58 87
22 59 83
22 60 24
22 61 33
22 62 76
22 63 25
22 64 87
22 65 54
22 66 22
22 67 44
22 68 85
22 69 114
22 70 39
22 71 71
22 72 59
22 73 86
22 74 50
22 75 67
22 76 66
22 77 84
22 78 77
22 79 26
22 80 98
22 81 23
22 82 53
22 83 94
22 84 78
22 85 90
22 86 100
22 87 85
22 88 81
22 89 77
22 90 105
22 91 55
22 92 50
22 93 12
22 94 106
22 95 108
22 96 53
22 97 77
22 98 41
22 99 93
23 24 36
23 25 43
23 26 31
23 27 20
23 28 14
23 29 16
23 30 78
23 31 25
23 32 67
23 33 26
23 34 81
23 35 58
23 36 57
23 37 44
23 38 80
23 39 89
23 40 8
23 41 21
23 42 56
23 43 44
23 44 49
23 45 70
23 46 38
23 47 79
23 48 81
23 49 19
23 50 16
23 51 33
23 52 45
23 53 11
23 54 43
23 55 50
23 56 20
23 57 16
23 58 50
23 59 67
23 60 21
23 61 20
23 62 39
23 63 13
23 64 53
23 65 60
23 66 31
23 67 7
23 68 62
23 69 85
23 70 35
23 71 63
23 72 57
23 73 77
23 74 47
23 75 57
23 76 50
23 77 57
23 78 71
23 79 22
23 80 63
23 81 35
23 82 62
23 83 59
23 84 71
23 85 52
23 86 68
23 87 48
23 88 77
23 89 55
23 90 83
23 91 61
23 92 32
23 93 27
23 94 80
23 95 82
23 96 53
23 97 40
23 98 33
23 99 67
24 25 58
24 26 66
24 27 50
24 28 34
24 29 23
24 30 74
24 31 50
24 32 64
24 33 19
24 34 61
24 35 22
24 36 63
24 37 16
24 38 57
24 39 63
24 40 33
24 41 30
24 42 51
24 43 66
24 44 66
24 45 51
24 46 71
24 47 64
24 48 61
24 49 30
24 50 52
24 51 14
24 52 9
24 53 32
24 54 28
24 55 56
24 56 19
24 57 44
24 58 22
24 59 62
24 60 56
24 61 51
24 62 18
24 63 49
24 64 21
24 65 77
24 66 66
24 67 29
24 68 49
24 69 59
24 70 56
24 71 69
24 72 70
24 73 76
24 74 62
24 75 62
24 76 52
24 77 39
24 78 75
24 79 52
24 80 28
24 81 65
24 82 81
24 83 38
24 84 73
24 85 19
24 86 40
24 87 16
24 88 82
24 89 47
24 90 66
24 91 79
24 92 42
24 93 62
24 94 58
24 95 60
24 96 69
24 97 8
24 98 51
24 99 49
25 26 62
25 27 28
25 28 57
25 29 40
25 30 41
25 31 21
25 32 32
25 33 62
25 34 62
25 35 72
25 36 17
25 37 73
25 38 65
25 39 75
25 40 37
25 41 30
25 42 30
25 43 13
25 44 8
25 45 53
25 46 38
25 47 54
25 48 61
25 49 31
25 50 45
25 51 44
25 52 65
25 53 53
25 54 39
25 55 13
25 56 55
25 57 58
25 58 80
25 59 35
25 60 54
25 61 59
25 62 71
25 63 45
25 64 60
25 65 19
25 66 62
25 67 44
25 68 40
25 69 73
25 70 10
25 71 22
25 72 14
25 73 38
25 74 4
25 75 18
25 76 19
25 77 45
25 78 29
25 79 27
25 80 72
25 81 26
25 82 24
25 83 94
25 84 30
25 85 77
25 86 64
25 87 74
25 88 34
25 89 32
25 90 59
25 91 21
25 92 16
25 93 41
25 94 62
25 95 64
25 96 11
25 97 65
25 98 10
25 99 50
26 27 34
26 28 33
26 29 47
26 30 102
26 31 41
26 32 92
26 33 51
26 34 111
26 35 88
26 36 79
26 37 69
26 38 110
26 39 120
26 40 38
26 41 50
26 42 84
26 43 56
26 44 65
26 45 100
26 46 33
26 47 108
26 48 111
26 49 48
26 50 19
26 51 64
26 52 75
26 53 35
26 54 74
26 55 73
26 56 48
26 57 23
26 58 75
26 59 93
26 60 10
26 61 15
26 62 63
26 63 20
26 64 84
26 65 72
26 66 0
26 67 38
26 68 91
26 69 116
26 70 52
26 71 84
26 72 74
26 73 100
26 74 64
26 75 79
26 76 75
26 77 88
26 78 91
26 79 36
26 80 93
26 81 40
26 82 72
26 83 78
26 84 92
26 85 79
26 86 100
26 87 75
26 88 96
26 89 83
26 90 112
26 91 73
26 92 57
26 93 22
26 94 110
26 95 112
26 96 69
26 97 68
26 98 52
26 99 97
27 28 34
27 29 28
27 30 68
27 31 7
27 32 57
27 33 45
27 34 80
27 35 70
27 36 44
27 37 61
27 38 80
27 39 91
27 40 18
27 41 23
27 42 50
27 43 25
27 44 32
27 45 70
27 46 21
27 47 75
27 48 80
27 49 22
27 50 17
27 51 42
27 52 59
27 53 31
27 54 46
27 55 39
27 56 39
27 57 32
27 58 68
27 59 59
27 60 26
27 61 31
27 62 57
27 63 18
27 64 62
27 65 41
27 66 34
27 67 25
27 68 59
27 69 88
27 70 18
27 71 50
27 72 41
27 73 65
27 74 30
27 75 45
27 76 41
27 77 58
27 78 57
27 79 2
27 80 73
27 81 15
27 82 43
27 83 79
27 84 58
27 85 69
27 86 73
27 87 65
27 88 62
27 89 51
27 90 79
27 91 43
27 92 24
27 93 16
27 94 80
27 95 82
27 96 36
27 97 56
27 98 18
27 99 67
28 29 22
28 30 89
28 31 38
28 32 77
28 33 18
28 34 88
28 35 56
28 36 69
28 37 36
28 38 85
28 39 94
28 40 19
28 41 31
28 42 66
28 43 58
28 44 63
28 45 77
28 46 49
28 47 87
28 48 88
28 49 29
28 50 24
28 51 36
28 52 42
28 53 4
28 54 50
28 55 62
28 56 15
28 57 10
28 58 42
28 59 77
28 60 24
28 61 18
28 62 30
28 63 22
28 64 53
28 65 73
28 66 33
28 67 14
28 68 70
28 69 90
28 70 49
28 71 76
28 72 70
28 73 89
28 74 60
28 75 69
28 76 61
28 77 64
28 78 83
28 79 36
28 80 62
28 81 48
28 82 76
28 83 48
28 84 83
28 85 46
28 86 72
28 87 42
28 88 89
28 89 64
28 90 90
28 91 75
28 92 44
28 93 37
28 94 86
28 95 88
28 96 67
28 97 35
28 98 46
28 99 74
29 30 68
29 31 28
29 32 56
29 33 22
29 34 66
29 35 44
29 36 50
29 37 34
29 38 64
29 39 73
29 40 10
29 41 10
29 42 45
29 43 45
29 44 47
29 45 55
29 46 49
29 47 65
29 48 66
29 49 9
29 50 31
29 51 17
29 52 32
29 53 18
29 54 28
29 55 43
29 56 15
29 57 29
29 58 42
29 59 56
29 60 37
29 61 35
29 62 32
29 63 29
29 64 37
29 65 59
29 66 47
29 67 9
29 68 48
29 69 70
29 70 35
29 71 56
29 72 53
29 73 68
29 74 44
29 75 49
29 76 41
29 77 42
29 78 63
29 79 29
29 80 47
29 81 42
29 82 62
29 83 54
29 84 63
29 85 41
29 86 52
29 87 38
29 88 70
29 89 42
29 90 68
29 91 61
29 92 25
29 93 39
29 94 65
29 95 67
29 96 51
29 97 28
29 98 31
29 99 53
30 31 61
30 32 11
30 33 87
30 34 37
30 35 76
30 36 24
30 37 90
30 38 43
30 39 52
30 40 70
30 41 58
30 42 24
30 43 52
30 44 42
30 45 36
30 46 79
30 47 25
30 48 35
30 49 60
30 50 84
30 51 61
30 52 77
30 53 85
30 54 46
30 55 29
30 56 81
30 57 94
30 58 96
30 59 13
30 60 93
30 61 96
30 62 92
30 63 84
30 64 64
30 65 43
30 66 102
30 67 75
30 68 27
30 69 52
30 70 51
30 71 20
30 72 34
30 73 6
30 74 41
30 75 23
30 76 28
30 77 39
30 78 17
30 79 67
30 80 72
30 81 67
30 82 48
30 83 113
30 84 14
30 85 90
30 86 54
30 87 89
30 88 19
30 89 27
30 90 29
30 91 45
30 92 46
30 93 82
30 94 39
30 95 40
30 96 40
30 97 82
30 98 50
30 99 34
31 32 51
31 33 48
31 34 75
31 35 69
31 36 37
31 37 62
31 38 75
31 39 86
31 40 21
31 41 21
31 42 44
31 43 19
31 44 25
31 45 64
31 46 24
31 47 69
31 48 74
31 49 21
31 50 24
31 51 40
31 52 59
31 53 35
31 54 42
31 55 32
31 56 41
31 57 38
31 58 70
31 59 53
31 60 33
31 61 38
31 62 59
31 63 24
31 64 60
31 65 35
31 66 41
31 67 27
31 68 53
31 69 83
31 70 12
31 71 43
31 72 34
31 73 58
31 74 24
31 75 38
31 76 35
31 77 53
31 78 50
31 79 6
31 80 71
31 81 15
31 82 37
31 83 81
31 84 51
31 85 69
31 86 69
31 87 66
31 88 55
31 89 45
31 90 73
31 91 37
31 92 18
31 93 22
31 94 74
31 95 76
31 96 30
31 97 56
31 98 11
31 99 61
32 33 76
32 34 36
32 35 67
32 36 16
32 37 79
32 38 40
32 39 50
32 40 59
32 41 47
32 42 13
32 43 44
32 44 34
32 45 31
32 46 70
32 47 25
32 48 34
32 49 49
32 50 73
32 51 50
32 52 67
32 53 73
32 54 36
32 55 19
32 56 69
32 57 82
32 58 85
32 59 5
32 60 82
32 61 85
32 62 81
32 63 73
32 64 55
32 65 38
32 66 91
32 67 64
32 68 20
32 69 49
32 70 42
32 71 15
32 72 28
32 73 13
32 74 33
32 75 15
32 76 17
32 77 30
32 78 16
32 79 57
32 80 64
32 81 58
32 82 44
32 83 102
32 84 13
32 85 80
32 86 48
32 87 79
32 88 22
32 89 17
32 90 29
32 91 40
32 92 35
32 93 72
32 94 37
32 95 38
32 96 34
32 97 71
32 98 40
32 99 29
33 34 78
33 35 40
33 36 71
33 37 19
33 38 75
33 39 82
33 40 27
33 41 32
33 42 63
33 43 66
33 44 69
33 45 68
33 46 64
33 47 80
33 48 79
33 49 31
33 50 40
33 51 28
33 52 26
33 53 17
33 54 43
33 55 64
33 56 7
33 57 27
33 58 25
33 59 75
33 60 42
33 61 35
33 62 13
33 63 38
33 64 40
33 65 80
33 66 50
33 67 21
33 68 64
33 69 78
33 70 56
33 71 78
33 72 75
33 73 88
33 74 66
33 75 71
33 76 61
33 77 56
33 78 84
33 79 47
33 80 46
33 81 61
33 82 83
33 83 34
33 84 83
33 85 29
33 86 59
33 87 24
33 88 91
33 89 60
33 90 83
33 91 82
33 92 47
33 93 52
33 94 77
33 95 79
33 96 73
33 97 18
33 98 53
33 99 66
34 35 52
34 36 50
34 37 73
34 38 7
34 39 15
34 40 74
34 41 61
34 42 33
34 43 75
34 44 67
34 45 11
34 46 98
34 47 12
34 48 2
34 49 63
34 50 93
34 51 52
34 52 58
34 53 84
34 54 38
34 55 49
34 56 75
34 57 96
34 58 77
34 59 31
34 60 101
34 61 101
34 62 78
34 63 91
34 64 43
34 65 73
34 66 111
34 67 76
34 68 22
34 69 15
34 70 69
34 71 51
34 72 62
34 73 44
34 74 64
34 75 49
34 76 43
34 77 24
34 78 51
34 79 80
34 80 45
34 81 87
34 82 79
34 83 94
34 84 48
34 85 69
34 86 24
34 87 70
34 88 56
34 89 30
34 90 9
34 91 75
34 92 56
34 93 96
34 94 3
34 95 3
34 96 67
34 97 67
34 98 66
34 99 14
35 36 72
35 37 26
35 38 46
35 39 50
35 40 54
35 41 48
35 42 55
35 43 82
35 44 80
35 45 45
35 46 92
35 47 59
35 48 53
35 49 49
35 50 74
35 51 29
35 52 14
35 53 54
35 54 34
35 55 66
35 56 41
35 57 66
35 58 27
35 59 64
35 60 78
35 61 74
35 62 33
35 63 71
35 64 12
35 65 90
35 66 88
35 67 51
35 68 49
35 69 45
35 70 72
35 71 77
35 72 81
35 73 80
35 74 76
35 75 71
35 76 60
35 77 38
35 78 82
35 79 72
35 80 7
35 81 84
35 82 95
35 83 43
35 84 80
35 85 19
35 86 28
35 87 21
35 88 89
35 89 51
35 90 59
35 91 93
35 92 57
35 93 83
35 94 49
35 95 51
35 96 82
35 97 23
35 98 68
35 99 44
36 37 79
36 38 54
36 39 64
36 40 50
36 41 40
36 42 19
36 43 28
36 44 18
36 45 43
36 46 55
36 47 40
36 48 49
36 49 41
36 50 61
36 51 49
36 52 68
36 53 65
36 54 38
36 55 7
36 56 64
36 57 73
36 58 85
36 59 20
36 60 70
36 61 74
36 62 79
36 63 61
36 64 60
36 65 23
36 66 78
36 67 56
36 68 30
36 69 63
36 70 27
36 71 6
36 72 12
36 73 21
36 74 17
36 75 1
36 76 12
36 77 38
36 78 14
36 79 43
36 80 70
36 81 43
36 82 29
36 83 101
36 84 14
36 85 81
36 86 57
36 87 79
36 88 20
36 89 24
36 90 45
36 91 25
36 92 25
36 93 58
36 94 51
36 95 52
36 96 18
36 97 71
36 98 26
36 99 40
37 38 69
37 39 74
37 40 43
37 41 43
37 42 66
37 43 79
37 44 80
37 45 64
37 46 81
37 47 78
37 48 75
37 49 43
37 50 58
37 51 30
37 52 15
37 53 35
37 54 44
37 55 71
37 56 23
37 57 46
37 58 7
37 59 77
37 60 61
37 61 54
37 62 7
37 63 56
37 64 31
37 65 92
37 66 69
37 67 37
37 68 64
37 69 70
37 70 69
37 71 85
37 72 85
37 73 92
37 74 77
37 75 78
37 76 67
37 77 54
37 78 91
37 79 63
37 80 33
37 81 76
37 82 96
37 83 23
37 84 89
37 85 10
37 86 51
37 87 6
37 88 98
37 89 62
37 90 80
37 91 94
37 92 57
37 93 70
37 94 71
37 95 73
37 96 84
37 97 8
37 98 65
37 99 63
38 39 11
38 40 72
38 41 60
38 42 35
38 43 77
38 44 70
38 45 11
38 46 99
38 47 18
38 48 9
38 49 62
38 50 92
38 51 49
38 52 54
38 53 81
38 54 36
38 55 52
38 56 72
38 57 94
38 58 72
38 59 35
38 60 100
38 61 99
38 62 74
38 63 91
38 64 38
38 65 77
38 66 110
38 67 74
38 68 24
38 69 9
38 70 71
38 71 55
38 72 66
38 73 49
38 74 67
38 75 52
38 76 46
38 77 23
38 78 56
38 79 81
38 80 39
38 81 88
38 82 83
38 83 89
38 84 53
38 85 64
38 86 18
38 87 65
38 88 61
38 89 32
38 90 16
38 91 79
38 92 57
38 93 96
38 94 4
38 95 5
38 96 71
38 97 62
38 98 67
38 99 14
39 40 82
39 41 70
39 42 46
39 43 88
39 44 81
39 45 22
39 46 110
39 47 26
39 48 16
39 49 72
39 50 102
39 51 57
39 52 59
39 53 90
39 54 46
39 55 63
39 56 79
39 57 102
39 58 76
39 59 45
39 60 110
39 61 108
39 62 79
39 63 100
39 64 43
39 65 87
39 66 120
39 67 83
39 68 35
39 69 4
39 70 82
39 71 65
39 72 76
39 73 58
39 74 78
39 75 63
39 76 57
39 77 33
39 78 66
39 79 91
39 80 42
39 81 99
39 82 93
39 83 93
39 84 63
39 85 68
39 86 23
39 87 70
39 88 70
39 89 43
39 90 23
39 91 89
39 92 68
39 93 106
39 94 13
39 95 12
39 96 81
39 97 68
39 98 78
39 99 25
40 41 13
40 42 49
40 43 39
40 44 44
40 45 63
40 46 39
40 47 71
40 48 74
40 49 11
40 50 21
40 51 27
40 52 42
40 53 16
40 54 36
40 55 43
40 56 20
40 57 24
40 58 50
40 59 59
40 60 28
40 61 27
40 62 39
40 63 19
40 64 47
40 65 55
40 66 38
40 67 7
40 68 54
40 69 78
40 70 30
40 71 57
40 72 51
40 73 70
40 74 41
40 75 50
40 76 43
40 77 50
40 78 64
40 79 20
40 80 58
40 81 34
40 82 57
40 83 61
40 84 63
40 85 51
40 86 62
40 87 47
40 88 70
40 89 47
40 90 75
40 91 56
40 92 25
40 93 29
40 94 73
40 95 75
40 96 48
40 97 37
40 98 27
40 99 60
41 42 36
41 43 36
41 44 37
41 45 50
41 46 44
41 47 58
41 48 61
41 49 2
41 50 32
41 51 19
41 52 38
41 53 26
41 54 24
41 55 32
41 56 25
41 57 36
41 58 50
41 59 47
41 60 40
41 61 40
41 62 42
41 63 31
41 64 39
41 65 49
41 66 50
41 67 17
41 68 41
41 69 66
41 70 26
41 71 46
41 72 43
41 73 58
41 74 34
41 75 39
41 76 31
41 77 37
41 78 53
41 79 24
41 80 50
41 81 36
41 82 53
41 83 64
41 84 53
41 85 49
41 86 51
41 87 46
41 88 60
41 89 35
41 90 62
41 91 51
41 92 15
41 93 38
41 94 60
41 95 62
41 96 41
41 97 36
41 98 22
41 99 47
42 43 42
42 44 35
42 45 24
42 46 66
42 47 25
42 48 31
42 49 38
42 50 65
42 51 37
42 52 54
42 53 62
42 54 23
42 55 17
42 56 57
42 57 72
42 58 72
42 59 11
42 60 74
42 61 76
42 62 68
42 63 64
42 64 43
42 65 42
42 66 83
42 67 53
42 68 11
42 69 44
42 70 37
42 71 23
42 72 31
42 73 26
42 74 32
42 75 18
42 76 11
42 77 19
42 78 27
42 79 50
42 80 52
42 81 55
42 82 48
42 83 89
42 84 24
42 85 67
42 86 38
42 87 66
42 88 33
42 89 5
42 90 30
42 91 44
42 92 26
42 93 66
42 94 33
42 95 35
42 96 35
42 97 58
42 98 34
42 99 21
43 44 10
43 45 66
43 46 28
43 47 67
43 48 74
43 49 36
43 50 41
43 51 53
43 52 73
43 53 54
43 54 50
43 55 26
43 56 59
43 57 57
43 58 87
43 59 47
43 60 49
43 61 56
43 62 77
43 63 42
43 64 71
43 65 17
43 66 56
43 67 46
43 68 53
43 69 86
43 70 10
43 71 32
43 72 19
43 73 47
43 74 11
43 75 29
43 76 31
43 77 57
43 78 37
43 79 23
43 80 82
43 81 17
43 82 18
43 83 99
43 84 39
43 85 85
43 86 76
43 87 82
43 88 41
43 89 45
43 90 71
43 91 18
43 92 25
43 93 34
43 94 75
43 95 77
43 96 13
43 97 72
43 98 14
43 99 63
44 45 59
44 46 37
44 47 58
44 48 66
44 49 38
44 50 48
44 51 52
44 52 73
44 53 59
44 54 46
44 55 18
44 56 62
44 57 64
44 58 87
44 59 38
44 60 58
44 61 63
44 62 79
44 63 49
44 64 68
44 65 11
44 66 64
44 67 50
44 68 46
44 69 79
44 70 14
44 71 22
44 72 10
44 73 38
44 74 4
44 75 20
44 76 24
44 77 51
44 78 28
44 79 30
44 80 79
44 81 26
44 82 16
44 83 101
44 84 29
44 85 85
44 86 70
44 87 82
44 88 31
44 89 38
44 90 63
44 91 14
44 92 24
44 93 43
44 94 68
44 95 69
44 96 4
44 97 73
44 98 16
44 99 56
45 46 88
45 47 14
45 48 11
45 49 52
45 50 82
45 51 41
45 52 50
45 53 73
45 54 27
45 55 41
45 56 64
45 57 85
45 58 69
45 59 26
45 60 90
45 61 90
45 62 69
45 63 81
45 64 34
45 65 66
45 66 100
45 67 65
45 68 13
45 69 20
45 70 60
45 71 45
45 72 55
45 73 41
45 74 56
45 75 42
45 76 35
45 77 13
45 78 47
45 79 70
45 80 39
45 81 77
45 82 72
45 83 86
45 84 44
45 85 61
45 86 19
45 87 62
45 88 52
45 89 21
45 90 15
45 91 68
45 92 46
45 93 86
45 94 10
45 95 12
45 96 60
45 97 57
45 98 56
45 99 3
46 47 91
46 48 97
46 49 43
46 50 26
46 51 63
46 52 80
46 53 48
46 54 66
46 55 51
46 56 58
46 57 44
46 58 88
46 59 73
46 60 31
46 61 40
46 62 77
46 63 28
46 64 83
46 65 42
46 66 33
46 67 44
46 68 76
46 69 107
46 70 29
46 71 59
46 72 47
46 73 75
46 74 38
46 75 56
46 76 56
46 77 77
46 78 65
46 79 20
46 80 94
46 81 12
46 82 40
46 83 97
46 84 67
46 85 89
46 86 93
46 87 85
46 88 68
46 89 68
46 90 96
46 91 42
46 92 42
46 93 13
46 94 98
46 95 100
46 96 40
46 97 76
46 98 32
46 99 85
47 48 10
47 49 61
47 50 89
47 51 53
47 52 63
47 53 83
47 54 38
47 55 41
47 56 76
47 57 94
47 58 83
47 59 20
47 60 98
47 61 99
47 62 82
47 63 88
47 64 48
47 65 63
47 66 107
47 67 74
47 68 17
47 69 27
47 70 62
47 71 40
47 72 52
47 73 32
47 74 56
47 75 39
47 76 36
47 77 25
47 78 40
47 79 75
47 80 53
47 81 80
47 82 69
47 83 100
47 84 37
47 85 75
47 86 33
47 87 75
47 88 44
47 89 25
47 90 5
47 91 65
47 92 51
47 93 91
47 94 14
47 95 15
47 96 58
47 97 71
47 98 60
47 99 15
48 49 63
48 50 92
48 51 52
48 52 60
48 53 84
48 54 38
48 55 48
48 56 75
48 57 96
48 58 78
48 59 29
48 60 101
48 61 101
48 62 79
48 63 91
48 64 44
48 65 72
48 66 111
48 67 76
48 68 21
48 69 17
48 70 69
48 71 49
48 72 61
48 73 42
48 74 63
48 75 47
48 76 42
48 77 24
48 78 50
48 79 80
48 80 47
48 81 86
48 82 77
48 83 95
48 84 46
48 85 71
48 86 26
48 87 71
48 88 54
48 89 29
48 90 7
48 91 74
48 92 56
48 93 95
48 94 5
48 95 5
48 96 66
48 97 68
48 98 65
48 99 14
49 50 30
49 51 20
49 52 38
49 53 25
49 54 26
49 55 34
49 56 24
49 57 34
49 58 50
49 59 49
49 60 38
49 61 38
49 62 41
49 63 29
49 64 40
49 65 49
49 66 48
49 67 15
49 68 43
49 69 68
49 70 26
49 71 48
49 72 44
49 73 60
49 74 35
49 75 41
49 76 33
49 77 39
49 78 55
49 79 23
49 80 51
49 81 36
49 82 53
49 83 63
49 84 54
49 85 49
49 86 53
49 87 46
49 88 61
49 89 37
49 90 64
49 91 52
49 92 16
49 93 36
49 94 62
49 95 64
49 96 42
49 97 36
49 98 22
49 99 49
50 51 48
50 52 61
50 53 23
50 54 56
50 55 55
50 56 35
50 57 19
50 58 65
50 59 74
50 60 9
50 61 15
50 62 53
50 63 3
50 64 68
50 65 57
50 66 18
50 67 23
50 68 72
50 69 98
50 70 35
50 71 67
50 72 58
50 73 82
50 74 47
50 75 61
50 76 57
50 77 69
50 78 74
50 79 18
50 80 78
50 81 27
50 82 58
50 83 72
50 84 74
50 85 68
50 86 82
50 87 63
50 88 79
50 89 64
50 90 93
50 91 58
50 92 39
50 93 13
50 94 92
50 95 94
50 96 53
50 97 55
50 98 34
50 99 79
51 52 20
51 53 33
51 54 15
51 55 42
51 56 23
51 57 45
51 58 37
51 59 48
51 60 54
51 61 51
51 62 31
51 63 46
51 64 20
51 65 63
51 66 64
51 67 26
51 68 37
51 69 53
51 70 43
51 71 55
51 72 56
51 73 62
51 74 49
51 75 48
51 76 37
51 77 28
51 78 61
51 79 43
51 80 31
51 81 55
51 82 68
51 83 53
51 84 59
51 85 33
51 86 36
51 87 31
51 88 68
51 89 33
51 90 55
51 91 66
51 92 29
51 93 55
51 94 50
51 95 52
51 96 56
51 97 22
51 98 39
51 99 38
52 53 40
52 54 31
52 55 61
52 56 27
52 57 52
52 58 19
52 59 64
52 60 65
52 61 60
52 62 20
52 63 58
52 64 16
52 65 84
52 66 75
52 67 38
52 68 50
52 69 55
52 70 63
52 71 74
52 72 76
52 73 80
52 74 69
52 75 67
52 76 57
52 77 39
52 78 80
52 79 61
52 80 20
52 81 74
52 82 88
52 83 36
52 84 78
52 85 13
52 86 36
52 87 12
52 88 86
52 89 50
52 90 65
52 91 86
52 92 49
52 93 71
52 94 56
52 95 58
52 96 76
52 97 9
52 98 59
52 99 48
53 54 46
53 55 58
53 56 13
53 57 13
53 58 42
53 59 73
53 60 25
53 61 20
53 62 30
53 63 21
53 64 51
53 65 70
53 66 34
53 67 10
53 68 66
53 69 86
53 70 45
53 71 72
53 72 67
53 73 84
53 74 57
53 75 65
53 76 57
53 77 60
53 78 79
53 79 33
53 80 59
53 81 46
53 82 72
53 83 49
53 84 79
53 85 45
53 86 68
53 87 41
53 88 85
53 89 60
53 90 86
53 91 72
53 92 40
53 93 36
53 94 82
53 95 84
53 96 63
53 97 33
53 98 43
53 99 70
54 55 32
54 56 38
54 57 58
54 58 50
54 59 34
54 60 64
54 61 63
54 62 46
54 63 54
54 64 22
54 65 56
54 66 74
54 67 37
54 68 22
54 69 42
54 70 41
54 71 43
54 72 47
54 73 49
54 74 43
54 75 37
54 76 26
54 77 14
54 78 49
54 79 47
54 80 33
54 81 56
54 82 62
54 83 66
54 84 47
54 85 44
54 86 27
54 87 43
54 88 55
54 89 19
54 90 41
54 91 59
54 92 25
54 93 61
54 94 37
54 95 39
54 96 49
54 97 36
54 98 37
54 99 24
55 56 57
55 57 66
55 58 78
55 59 22
55 60 64
55 61 68
55 62 72
55 63 55
55 64 54
55 65 26
55 66 73
55 67 49
55 68 28
55 69 61
55 70 23
55 71 14
55 72 16
55 73 27
55 74 15
55 75 7
55 76 6
55 77 34
55 78 21
55 79 38
55 80 65
55 81 40
55 82 31
55 83 94
55 84 20
55 85 74
55 86 53
55 87 72
55 88 27
55 89 20
55 90 45
55 91 28
55 92 18
55 93 53
55 94 50
55 95 52
55 96 19
55 97 64
55 98 21
55 99 38
56 57 25
56 58 30
56 59 69
56 60 38
56 61 33
56 62 19
56 63 33
56 64 38
56 65 73
56 66 48
56 67 14
56 68 59
56 69 75
56 70 49
56 71 71
56 72 68
56 73 82
56 74 59
56 75 64
56 76 55
56 77 51
56 78 78
56 79 41
56 80 46
56 81 54
56 82 76
56 83 40
56 84 77
56 85 32
56 86 57
56 87 28
56 88 84
56 89 55
56 90 78
56 91 75
56 92 40
56 93 47
56 94 73
56 95 75
56 96 66
56 97 20
56 98 46
56 99 62
57 58 52
57 59 83
57 60 16
57 61 8
57 62 40
57 63 16
57 64 63
57 65 74
57 66 23
57 67 20
57 68 77
57 69 99
57 70 50
57 71 79
57 72 72
57 73 93
57 74 62
57 75 73
57 76 66
57 77 72
57 78 86
57 79 35
57 80 72
57 81 46
57 82 75
57 83 56
57 84 86
57 85 56
57 86 81
57 87 52
57 88 92
57 89 71
57 90 98
57 91 75
57 92 48
57 93 31
57 94 94
57 95 96
57 96 68
57 97 45
57 98 48
57 99 82
58 59 83
58 60 67
58 61 60
58 62 12
58 63 62
58 64 35
58 65 99
58 66 75
58 67 44
58 68 69
58 69 72
58 70 77
58 71 91
58 72 92
58 73 98
58 74 84
58 75 84
58 76 74
58 77 59
58 78 97
58 79 70
58 80 34
58 81 84
58 82 103
58 83 17
58 84 96
58 85 9
58 86 54
58 87 7
58 88 104
58 89 68
58 90 84
58 91 101
58 92 64
58 93 77
58 94 75
58 95 77
58 96 91
58 97 15
58 98 72
58 99 67
59 60 84
59 61 86
59 62 79
59 63 74
59 64 52
59 65 43
59 66 93
59 67 64
59 68 15
59 69 44
59 70 44
59 71 20
59 72 32
59 73 16
59 74 36
59 75 19
59 76 18
59 77 27
59 78 21
59 79 59
59 80 60
59 81 61
59 82 49
59 83 100
59 84 18
59 85 77
59 86 43
59 87 76
59 88 27
59 89 15
59 90 25
59 91 45
59 92 36
59 93 74
59 94 32
59 95 33
59 96 38
59 97 69
59 98 42
59 99 24
60 61 9
60 62 55
60 63 10
60 64 74
60 65 66
60 66 10
60 67 28
60 68 81
60 69 106
60 70 44
60 71 76
60 72 67
60 73 91
60 74 56
60 75 70
60 76 66
60 77 77
60 78 83
60 79 28
60 80 83
60 81 35
60 82 66
60 83 72
60 84 84
60 85 70
60 86 89
60 87 66
60 88 88
60 89 73
60 90 102
60 91 67
60 92 48
60 93 18
60 94 100
60 95 102
60 96 62
60 97 58
60 98 44
60 99 87
61 62 48
61 63 14
61 64 70
61 65 72
61 66 15
61 67 25
61 68 81
61 69 104
61 70 49
61 71 80
61 72 72
61 73 95
61 74 62
61 75 74
61 76 69
61 77 77
61 78 87
61 79 33
61 80 79
61 81 43
61 82 73
61 83 63
61 84 88
61 85 64
61 86 87
61 87 60
61 88 93
61 89 75
61 90 102
61 91 74
61 92 50
61 93 26
61 94 99
61 95 102
61 96 67
61 97 52
61 98 48
61 99 87
62 63 51
62 64 36
62 65 90
62 66 63
62 67 33
62 68 67
62 69 75
62 70 67
62 71 85
62 72 84
62 73 94
62 74 76
62 75 78
62 76 68
62 77 57
62 78 92
62 79 60
62 80 40
62 81 73
62 82 94
62 83 22
62 84 90
62 85 17
62 86 56
62 87 13
62 88 98
62 89 65
62 90 84
62 91 92
62 92 56
62 93 65
62 94 76
62 95 78
62 96 83
62 97 11
62 98 63
62 99 67
63 64 66
63 65 59
63 66 19
63 67 20
63 68 71
63 69 97
63 70 36
63 71 67
63 72 58
63 73 82
63 74 48
63 75 61
63 76 56
63 77 68
63 78 74
63 79 19
63 80 76
63 81 29
63 82 60
63 83 69
63 84 75
63 85 65
63 86 80
63 87 61
63 88 80
63 89 64
63 90 92
63 91 60
63 92 38
63 93 15
63 94 90
63 95 93
63 96 54
63 97 52
63 98 35
63 99 78
64 65 78
64 66 83
64 67 46
64 68 37
64 69 39
64 70 62
64 71 65
64 72 69
64 73 68
64 74 64
64 75 58
64 76 48
64 77 26
64 78 70
64 79 63
64 80 11
64 81 75
64 82 84
64 83 52
64 84 67
64 85 27
64 86 20
64 87 28
64 88 76
64 89 38
64 90 49
64 91 81
64 92 46
64 93 76
64 94 40
64 95 42
64 96 71
64 97 25
64 98 57
64 99 33
65 66 72
65 67 61
65 68 53
65 69 86
65 70 24
65 71 23
65 72 11
65 73 37
65 74 15
65 75 24
65 76 32
65 77 60
65 78 26
65 79 39
65 80 89
65 81 32
65 82 6
65 83 113
65 84 29
65 85 96
65 86 79
65 87 93
65 88 28
65 89 46
65 90 68
65 91 3
65 92 35
65 93 50
65 94 74
65 95 75
65 96 8
65 97 84
65 98 27
65 99 63
66 67 38
66 68 90
66 69 116
66 70 52
66 71 84
66 72 74
66 73 99
66 74 64
66 75 79
66 76 75
66 77 87
66 78 91
66 79 35
66 80 93
66 81 40
66 82 72
66 83 78
66 84 92
66 85 79
66 86 99
66 87 75
66 88 96
66 89 83
66 90 111
66 91 73
66 92 57
66 93 22
66 94 110
66 95 112
66 96 68
66 97 67
66 98 52
66 99 97
67 68 57
67 69 79
67 70 37
67 71 62
67 72 57
67 73 75
67 74 47
67 75 55
67 76 48
67 77 52
67 78 69
67 79 27
67 80 55
67 81 40
67 82 64
67 83 54
67 84 69
67 85 46
67 86 62
67 87 41
67 88 76
67 89 51
67 90 78
67 91 63
67 92 30
67 93 33
67 94 74
67 95 76
67 96 54
67 97 33
67 98 34
67 99 62
68 69 33
68 70 47
68 71 33
68 72 42
68 73 32
68 74 43
68 75 29
68 76 22
68 77 11
68 78 36
68 79 59
68 80 45
68 81 65
68 82 59
68 83 86
68 84 33
68 85 63
68 86 28
68 87 62
68 88 42
68 89 8
68 90 21
68 91 55
68 92 35
68 93 74
68 94 22
68 95 24
68 96 47
68 97 56
68 98 44
68 99 10
69 70 79
69 71 64
69 72 75
69 73 58
69 74 76
69 75 61
69 76 55
69 77 30
69 78 65
69 79 88
69 80 38
69 81 96
69 82 92
69 83 89
69 84 62
69 85 64
69 86 19
69 87 65
69 88 70
69 89 41
69 90 24
69 91 88
69 92 65
69 93 103
69 94 13
69 95 12
69 96 79
69 97 64
69 98 75
69 99 23
70 71 32
70 72 23
70 73 48
70 74 12
70 75 28
70 76 27
70 77 50
70 78 39
70 79 17
70 80 73
70 81 17
70 82 27
70 83 89
70 84 40
70 85 75
70 86 68
70 87 72
70 88 44
70 89 39
70 90 67
70 91 26
70 92 16
70 93 31
70 94 69
70 95 71
70 96 18
70 97 63
70 98 4
70 99 57
71 72 13
71 73 16
71 74 21
71 75 7
71 76 17
71 77 42
71 78 7
71 79 49
71 80 75
71 81 48
71 82 29
71 83 107
71 84 8
71 85 87
71 86 61
71 87 85
71 88 14
71 89 27
71 90 45
71 91 25
71 92 32
71 93 63
71 94 52
71 95 54
71 96 20
71 97 77
71 98 32
71 99 43
72 73 29
72 74 11
72 75 14
72 76 22
72 77 50
72 78 18
72 79 39
72 80 80
72 81 36
72 82 17
72 83 106
72 84 20
72 85 89
72 86 69
72 87 86
72 88 22
72 89 35
72 90 57
72 91 13
72 92 28
72 93 53
72 94 63
72 95 65
72 96 7
72 97 77
72 98 24
72 99 52
73 74 37
73 75 20
73 76 27
73 77 43
73 78 11
73 79 64
73 80 77
73 81 64
73 82 43
73 83 115
73 84 8
73 85 93
73 86 59
73 87 92
73 88 13
73 89 30
73 90 35
73 91 39
73 92 45
73 93 79
73 94 45
73 95 46
73 96 35
73 97 84
73 98 47
73 99 40
74 75 18
74 76 21
74 77 48
74 78 27
74 79 29
74 80 76
74 81 27
74 82 19
74 83 98
74 84 29
74 85 82
74 86 67
74 87 79
74 88 32
74 89 35
74 90 60
74 91 17
74 92 20
74 93 43
74 94 65
74 95 67
74 96 7
74 97 70
74 98 14
74 99 53
75 76 10
75 77 37
75 78 14
75 79 44
75 80 69
75 81 44
75 82 30
75 83 100
75 84 14
75 85 80
75 86 56
75 87 78
75 88 21
75 89 22
75 90 44
75 91 27
75 92 25
75 93 59
75 94 49
75 95 51
75 96 19
75 97 70
75 98 27
75 99 39
76 77 28
76 78 24
76 79 41
76 80 59
76 81 44
76 82 38
76 83 90
76 84 22
76 85 70
76 86 47
76 87 68
76 88 30
76 89 14
76 90 40
76 91 35
76 92 18
76 93 56
76 94 44
76 95 46
76 96 25
76 97 60
76 98 24
76 99 32
77 78 46
77 79 58
77 80 34
77 81 66
77 82 66
77 83 76
77 84 43
77 85 52
77 86 19
77 87 52
77 88 52
77 89 15
77 90 27
77 91 63
77 92 35
77 93 74
77 94 23
77 95 25
77 96 53
77 97 46
77 98 46
77 99 10
78 79 56
78 80 79
78 81 54
78 82 32
78 83 113
78 84 3
78 85 93
78 86 64
78 87 91
78 88 7
78 89 32
78 90 44
78 91 28
78 92 39
78 93 70
78 94 53
78 95 54
78 96 25
78 97 83
78 98 39
78 99 45
79 80 74
79 81 13
79 82 41
79 83 81
79 84 57
79 85 71
79 86 74
79 87 67
79 88 61
79 89 51
79 90 79
79 91 41
79 92 24
79 93 16
79 94 80
79 95 82
79 96 34
79 97 58
79 98 17
79 99 67
80 81 86
80 82 95
80 83 50
80 84 77
80 85 26
80 86 21
80 87 28
80 88 86
80 89 48
80 90 53
80 91 92
80 92 57
80 93 87
80 94 43
80 95 44
80 96 82
80 97 29
80 98 68
80 99 39
81 82 32
81 83 94
81 84 55
81 85 84
81 86 84
81 87 80
81 88 58
81 89 56
81 90 84
81 91 33
81 92 31
81 93 18
81 94 87
81 95 89
81 96 30
81 97 71
81 98 21
81 99 74
82 83 116
82 84 34
82 85 101
82 86 85
82 87 98
82 88 32
82 89 52
82 90 73
82 91 4
82 92 39
82 93 50
82 94 80
82 95 81
82 96 13
82 97 89
82 98 31
82 99 69
83 84 112
83 85 25
83 86 71
83 87 24
83 88 120
83 89 85
83 90 101
83 91 115
83 92 78
83 93 85
83 94 92
83 95 93
83 96 105
83 97 31
83 98 86
83 99 85
84 85 91
84 86 61
84 87 89
84 88 9
84 89 29
84 90 41
84 91 31
84 92 39
84 93 71
84 94 50
84 95 51
84 96 27
84 97 81
84 98 40
84 99 42
85 86 46
85 87 4
85 88 100
85 89 63
85 90 76
85 91 99
85 92 61
85 93 79
85 94 67
85 95 69
85 96 88
85 97 13
85 98 71
85 99 60
86 87 47
86 88 70
86 89 34
86 90 32
86 91 82
86 92 52
86 93 88
86 94 21
86 95 23
86 96 72
86 97 45
86 98 64
86 99 20
87 88 98
87 89 62
87 90 77
87 91 96
87 92 58
87 93 75
87 94 68
87 95 70
87 96 86
87 97 9
87 98 68
87 99 60
88 89 38
88 90 48
88 91 29
88 92 45
88 93 74
88 94 58
88 95 59
88 96 28
88 97 90
88 98 45
88 99 51
89 90 29
89 91 48
89 92 27
89 93 66
89 94 30
89 95 32
89 96 39
89 97 55
89 98 36
89 99 18
90 91 70
90 92 55
90 93 95
90 94 12
90 95 12
90 96 62
90 97 72
90 98 64
90 99 17
91 92 37
91 93 51
91 94 76
91 95 78
91 96 10
91 97 87
91 98 29
91 99 66
92 93 40
92 94 56
92 95 58
92 96 27
92 97 49
92 98 11
92 99 43
93 94 95
93 95 98
93 96 47
93 97 66
93 98 32
93 99 82
94 95 2
94 96 68
94 97 64
94 98 66
94 99 13
95 96 70
95 97 66
95 98 68
95 99 15
96 97 77
96 98 21
96 99 57
97 98 58
97 99 56
98 99 53
0 1 65
0 3 99
0 4 100
0 7 37
0 8 100
0 9 45
0 10 23
0 11 43
0 12 16
0 13 14
0 16 23
0 17 83
0 18 90
0 19 113
0 20 20
0 22 61
0 23 67
0 24 83
0 25 26
0 26 80
0 28 81
0 29 66
0 32 39
0 36 25
0 37 98
0 40 62
0 42 45
0 43 24
0 44 19
0 45 68
0 46 49
0 47 64
0 48 73
0 49 57
0 52 90
0 58 105
0 60 74
0 61 80
0 65 8
0 66 80
0 70 32
0 71 23
0 73 35
0 74 22
0 75 27
0 77 64
0 78 24
0 79 47
0 81 40
0 82 9
0 85 102
0 88 24
0 91 7
0 93 58
0 95 77
1 2 75
1 3 51
1 5 25
1 6 26
1 7 29
1 8 56
1 12 55
1 14 78
1 16 45
1 20 68
1 23 8
1 24 30
1 28 18
1 30 71
1 31 24
1 33 24
1 36 52
1 39 81
1 42 49
1 44 46
1 46 42
1 47 71
1 48 73
1 50 23
1 51 25
1 52 39
1 53 14
1 56 17
1 58 47
1 59 60
1 62 36
1 63 21
1 65 57
1 66 39
1 67 4
1 71 58
1 72 53
1 73 71
1 75 52
1 76 44
1 77 49
1 80 55
1 81 37
1 82 60
1 83 57
1 85 47
1 86 60
1 89 48
1 90 75
1 94 72
1 95 74
1 97 34
2 3 96
2 6 92
2 7 52
2 8 96
2 11 28
2 13 24
2 18 89
2 19 115
2 20 8
2 22 83
2 23 80
2 24 86
2 25 37
2 29 74
2 31 59
2 32 25
2 35 92
2 40 73
2 41 63
2 42 37
2 45 55
2 46 71
2 47 46
2 49 65
2 52 90
2 53 89
2 57 96
2 59 30
2 61 96
2 64 80
2 66 99
2 68 45
2 70 47
2 71 17
2 72 25
2 75 24
2 76 34
2 77 55
2 78 11
2 80 89
2 88 4
2 90 50
2 91 30
2 93 77
2 95 61
2 96 31
2 97 94
2 99 53
3 5 75
3 6 29
3 7 73
3 9 55
3 10 87
3 14 107
3 15 65
3 17 19
3 20 91
3 21 42
3 22 94
3 25 74
3 30 81
3 31 70
3 36 76
3 39 55
3 41 49
3 42 59
3 43 84
3 44 82
3 45 50
3 46 92
3 48 59
3 49 50
3 50 73
3 51 31
3 57 64
3 61 72
3 62 28
3 63 70
3 65 93
3 66 86
3 67 50
3 69 51
3 70 74
3 71 81
3 72 84
3 73 85
3 75 74
3 76 64
3 79 72
3 81 85
3 84 84
3 87 16
3 88 93
3 90 65
3 94 55
3 96 85
4 6 32
4 8 4
4 9 57
4 10 89
4 15 67
4 17 19
4 18 10
4 20 92
4 22 97
4 25 76
4 27 73
4 29 46
4 30 82
4 32 73
4 33 40
4 42 60
4 45 50
4 46 95
4 50 76
4 53 55
4 56 42
4 57 67
4 58 24
4 60 80
4 65 95
4 66 89
4 67 53
4 68 54
4 70 76
4 71 82
4 73 85
4 76 65
4 77 43
4 78 87
4 79 75
4 80 11
4 83 39
4 84 85
4 86 33
4 87 18
4 88 94
4 89 56
4 90 64
4 92 61
4 93 85
4 94 54
4 95 56
5 6 50
5 8 80
5 9 32
5 10 31
5 16 41
5 19 78
5 20 64
5 21 87
5 25 35
5 27 8
5 28 33
5 29 32
5 30 75
5 34 88
5 36 51
5 37 64
5 38 88
5 43 29
5 45 77
5 52 64
5 54 53
5 58 71
5 60 20
5 61 27
5 63 13
5 65 46
5 66 27
5 67 27
5 68 66
5 70 25
5 72 47
5 73 72
5 74 37
5 76 49
5 80 79
5 82 47
5 84 65
5 88 69
5 89 58
5 90 87
5 91 47
5 92 32
5 94 87
5 95 89
6 8 35
6 10 70
6 11 70
6 13 73
6 16 64
6 17 34
6 19 28
6 24 11
6 25 61
6 27 48
6 29 21
6 36 68
6 42 58
6 43 66
6 45 61
6 46 68
6 49 30
6 52 18
6 54 37
6 55 61
6 56 10
6 57 35
6 58 21
6 59 70
6 61 42
6 63 43
6 66 57
6 67 24
6 68 58
6 72 73
6 74 65
6 76 58
6 77 49
6 81 63
6 87 18
6 88 88
6 89 55
6 90 76
6 93 57
6 94 69
7 8 76
7 9 19
7 10 17
7 12 31
7 13 28
7 15 21
7 18 64
7 20 45
7 26 47
7 27 13
7 28 44
7 29 32
7 37 66
7 38 73
7 40 26
7 43 13
7 44 19
7 47 66
7 48 71
7 49 24
7 51 42
7 52 62
7 59 48
7 60 39
7 62 64
7 64 61
7 65 29
7 67 33
7 68 50
7 69 81
7 71 37
7 78 44
7 79 11
7 82 31
7 83 86
7 89 42
7 90 70
7 98 6
7 99 59
8 13 86
8 15 70
8 19 29
8 21 37
8 23 63
8 24 27
8 32 71
8 33 43
8 34 54
8 35 5
8 36 76
8 39 50
8 40 59
8 41 53
8 42 59
8 44 84
8 47 62
8 51 34
8 53 58
8 55 71
8 57 70
8 59 68
8 61 78
8 62 35
8 65 95
8 67 55
8 69 46
8 70 77
8 71 81
8 72 86
8 73 84
8 75 75
8 77 41
8 79 77
8 80 8
8 85 19
8 88 93
8 89 55
8 91 97
8 93 88
8 95 53
8 97 26
8 99 47
9 12 33
9 16 23
9 17 43
9 19 67
9 20 45
9 21 56
9 25 20
9 26 56
9 27 24
9 29 21
9 30 48
9 31 19
9 32 37
9 33 43
9 34 56
9 37 53
9 38 56
9 39 67
9 40 22
9 41 11
9 42 27
9 44 28
9 46 43
9 49 13
9 54 23
9 56 36
9 60 47
9 62 52
9 64 43
9 65 39
9 66 56
9 67 27
9 71 35
9 75 28
9 76 20
9 77 34
9 78 42
9 80 54
9 81 33
9 82 43
9 85 57
9 88 49
9 89 27
9 92 4
9 97 45
9 98 14
9 99 42
10 11 49
10 12 24
10 14 37
10 15 37
10 16 20
10 17 74
10 21 84
10 22 39
10 23 47
10 24 69
10 25 16
10 31 22
10 35 85
10 36 30
10 38 80
10 40 43
10 42 45
10 43 4
10 45 69
10 46 27
10 47 69
10 48 77
10 50 42
10 52 77
10 56 62
10 57 59
10 58 90
10 59 50
10 60 51
10 62 80
10 63 44
10 64 75
10 65 15
10 66 56
10 68 56
10 69 89
10 70 14
10 71 33
10 72 20
10 74 14
10 75 31
10 76 34
10 77 61
10 78 39
10 79 25
10 80 86
10 81 17
10 89 48
10 90 74
10 94 78
10 96 14
10 98 18
11 14 44
11 16 30
11 21 44
11 24 62
11 28 78
11 29 56
11 30 12
11 33 75
11 34 32
11 37 78
11 38 36
11 39 46
11 40 60
11 41 48
11 42 12
11 43 47
11 45 27
11 47 21
11 50 75
11 55 22
11 56 69
11 57 83
11 60 84
11 63 74
11 65 42
11 66 93
11 68 17
11 69 45
11 70 44
11 74 36
11 80 61
11 82 48
11 83 101
11 86 44
11 89 16
11 90 26
11 92 36
11 93 74
11 94 33
11 98 42
12 13 4
12 14 24
12 17 67
12 18 75
12 20 14
12 24 69
12 30 30
12 33 76
12 35 80
12 36 9
12 37 85
12 40 53
12 41 44
12 43 23
12 47 49
12 49 45
12 53 68
12 55 14
12 59 29
12 60 70
12 61 75
12 63 61
12 64 68
12 68 39
12 69 72
12 74 13
12 75 11
12 76 20
12 77 47
12 78 15
12 80 78
12 83 107
12 84 16
12 86 66
12 87 86
12 89 33
12 90 53
12 94 60
12 96 10
12 99 50
13 14 25
13 15 49
13 16 9
13 19 99
13 20 17
13 24 70
13 25 14
13 26 75
13 27 41
13 28 70
13 31 34
13 32 27
13 34 62
13 35 81
13 36 12
13 37 85
13 40 51
13 42 31
13 43 20
13 44 10
13 45 55
13 47 52
13 50 58
13 51 55
13 52 76
13 53 67
13 56 68
13 57 72
13 58 92
13 59 32
13 60 67
13 63 59
13 64 69
13 65 11
13 66 74
13 68 42
13 69 75
13 71 13
13 72 0
13 74 11
13 81 36
13 85 88
13 87 86
13 88 22
13 90 57
13 94 63
13 95 64
13 97 77
13 98 24
13 99 52
14 16 34
14 20 18
14 22 75
14 24 94
14 25 38
14 26 94
14 28 94
14 29 78
14 31 57
14 33 99
14 35 104
14 38 81
14 40 75
14 41 68
14 43 38
14 44 32
14 45 71
14 46 63
14 49 69
14 51 79
14 52 99
14 54 69
14 55 38
14 56 92
14 58 116
14 67 81
14 68 59
14 69 90
14 71 27
14 72 24
14 75 33
14 76 43
14 77 69
14 79 61
14 80 102
14 82 22
14 85 112
14 86 87
14 88 20
14 89 54
14 90 68
14 91 21
14 92 53
14 93 72
14 96 27
14 97 101
14 98 48
15 16 42
15 21 79
15 22 30
15 25 35
15 26 30
15 30 73
15 33 36
15 34 81
15 37 53
15 39 90
15 41 21
15 42 53
15 43 34
15 46 28
15 47 77
15 48 81
15 50 12
15 52 53
15 53 21
15 55 44
15 56 30
15 58 60
15 62 49
15 64 58
15 67 16
15 69 87
15 72 49
15 73 71
15 75 51
15 77 58
15 80 68
15 85 61
15 86 71
15 92 27
15 93 18
15 95 82
15 96 45
15 97 48
15 98 25
15 99 67
16 18 67
16 20 23
16 22 55
16 23 49
16 24 61
16 27 34
16 29 44
16 32 26
16 33 66
16 35 73
16 39 72
16 41 34
16 44 9
16 45 50
16 46 44
16 47 50
16 51 47
16 56 59
16 59 30
16 61 65
16 62 75
16 63 52
16 65 18
16 68 37
16 69 70
16 71 16
16 74 6
16 75 12
16 80 72
16 82 23
16 84 23
16 87 77
16 88 28
16 89 29
16 90 54
16 91 20
16 93 48
16 95 61
16 97 68
16 98 17
16 99 47
17 18 14
17 27 63
17 28 56
17 31 60
17 32 53
17 35 14
17 37 34
17 38 35
17 39 41
17 41 40
17 45 32
17 46 84
17 47 46
17 50 69
17 51 22
17 55 53
17 56 40
17 58 37
17 60 75
17 62 39
17 63 67
17 65 78
17 67 47
17 69 36
17 70 62
17 73 66
17 75 57
17 77 23
17 78 68
17 81 75
17 83 54
17 84 66
17 85 30
17 86 18
17 88 75
17 92 46
17 93 77
17 97 28
17 98 57
18 19 28
18 20 83
18 21 39
18 27 63
18 28 48
18 30 74
18 33 33
18 34 53
18 37 21
18 38 48
18 40 46
18 42 52
18 45 45
18 46 84
18 48 55
18 50 66
18 51 22
18 52 6
18 53 46
18 57 58
18 58 24
18 62 27
18 64 11
18 65 85
18 69 49
18 71 73
18 76 56
18 79 65
18 83 41
18 84 76
18 86 30
18 91 87
18 94 51
18 96 77
18 97 16
18 98 61
19 20 108
19 25 87
19 26 82
19 27 76
19 30 102
19 33 32
19 34 81
19 38 76
19 39 79
19 42 79
19 46 96
19 47 87
19 48 83
19 51 44
19 52 25
19 53 49
19 59 89
19 60 74
19 62 19
19 65 106
19 71 98
19 72 99
19 74 92
19 76 81
19 77 64
19 79 78
19 81 91
19 85 12
19 87 13
19 89 75
19 90 88
19 94 79
19 95 80
19 98 80
20 23 72
20 24 79
20 29 66
20 30 22
20 32 22
20 35 87
20 36 16
20 38 62
20 39 72
20 41 56
20 44 27
20 46 64
20 48 55
20 49 57
20 50 74
20 53 81
20 54 53
20 58 102
20 60 84
20 61 88
20 66 91
20 68 41
20 70 39
20 71 10
20 73 15
20 75 17
20 76 28
20 78 6
20 80 84
20 83 117
20 85 97
20 88 5
20 89 37
20 91 24
20 93 70
20 94 59
20 96 23
20 98 40
21 22 107
21 28 80
21 30 52
21 36 59
21 37 60
21 39 14
21 41 58
21 42 40
21 44 74
21 45 17
21 47 29
21 49 60
21 50 90
21 51 44
21 53 77
21 55 57
21 58 63
21 59 43
21 60 97
21 61 95
21 62 65
21 63 88
21 65 82
21 69 10
21 70 73
21 71 62
21 72 71
21 73 58
21 77 23
21 78 64
21 84 61
21 85 54
21 90 27
21 91 84
21 92 58
21 96 75
22 29 51
22 30 90
22 34 106
22 36 66
22 37 81
22 39 117
22 40 41
22 43 40
22 46 12
22 47 101
22 48 106
22 50 22
22 52 82
22 55 62
22 58 87
22 60 24
22 61 33
22 62 76
22 67 44
22 72 59
22 74 50
22 75 67
22 77 84
22 79 26
22 82 53
22 84 78
22 85 90
22 86 100
22 88 81
22 90 105
22 92 50
22 93 12
22 94 106
22 95 108
22 98 41
23 26 31
23 27 20
23 28 14
23 30 78
23 31 25
23 33 26
23 34 81
23 35 58
23 36 57
23 37 44
23 38 80
23 39 89
23 41 21
23 44 49
23 48 81
23 49 19
23 50 16
23 51 33
23 54 43
23 57 16
23 59 67
23 61 20
23 62 39
23 64 53
23 65 60
23 67 7
23 70 35
23 71 63
23 74 47
23 75 57
23 79 22
23 81 35
23 83 59
23 85 52
23 88 77
23 89 55
23 90 83
23 91 61
23 93 27
23 95 82
23 97 40
23 98 33
24 26 66
24 28 34
24 29 23
24 32 64
24 33 19
24 34 61
24 35 22
24 37 16
24 39 63
24 45 51
24 46 71
24 48 61
24 49 30
24 50 52
24 54 28
24 56 19
24 57 44
24 60 56
24 63 49
24 65 77
24 67 29
24 73 76
24 75 62
24 76 52
24 77 39
24 78 75
24 79 52
24 80 28
24 86 40
24 88 82
24 90 66
24 92 42
24 95 60
24 97 8
24 98 51
25 28 57
25 32 32
25 33 62
25 37 73
25 38 65
25 40 37
25 42 30
25 43 13
25 44 8
25 45 53
25 46 38
25 47 54
25 48 61
25 50 45
25 51 44
25 52 65
25 53 53
25 56 55
25 57 58
25 59 35
25 61 59
25 66 62
25 67 44
25 68 40
25 71 22
25 75 18
25 76 19
25 77 45
25 81 26
25 82 24
25 83 94
25 85 77
25 87 74
25 90 59
25 91 21
25 92 16
25 93 41
25 94 62
25 96 11
25 97 65
25 99 50
26 27 34
26 31 41
26 33 51
26 35 88
26 38 110
26 39 120
26 40 38
26 44 65
26 46 33
26 47 108
26 49 48
26 51 64
26 53 35
26 56 48
26 58 75
26 59 93
26 60 10
26 61 15
26 62 63
26 65 72
26 67 38
26 70 52
26 72 74
26 78 91
26 80 93
26 82 72
26 84 92
26 88 96
26 89 83
26 90 112
26 92 57
26 93 22
26 95 112
26 96 69
26 97 68
26 98 52
27 28 34
27 29 28
27 30 68
27 34 80
27 35 70
27 37 61
27 40 18
27 44 32
27 45 70
27 46 21
27 50 17
27 51 42
27 53 31
27 54 46
27 58 68
27 59 59
27 60 26
27 64 62
27 66 34
27 67 25
27 70 18
27 72 41
27 75 45
27 76 41
27 79 2
27 80 73
27 81 15
27 82 43
27 84 58
27 88 62
27 89 51
27 90 79
27 92 24
27 95 82
27 96 36
27 97 56
27 99 67
28 30 89
28 34 88
28 36 69
28 37 36
28 38 85
28 41 31
28 43 58
28 44 63
28 45 77
28 47 87
28 48 88
28 49 29
28 50 24
28 51 36
28 52 42
28 53 4
28 55 62
28 56 15
28 58 42
28 60 24
28 61 18
28 64 53
28 72 70
28 75 69
28 76 61
28 80 62
28 81 48
28 82 76
28 85 46
28 87 42
28 88 89
28 89 64
28 90 90
28 92 44
28 95 88
28 96 67
28 97 35
28 98 46
28 99 74
29 31 28
29 34 66
29 36 50
29 37 34
29 38 64
29 39 73
29 42 45
29 43 45
29 53 18
29 54 28
29 55 43
29 59 56
29 61 35
29 63 29
29 64 37
29 66 47
29 67 9
29 68 48
29 71 56
29 76 41
29 78 63
29 79 29
29 83 54
29 87 38
29 88 70
29 90 68
29 93 39
29 95 67
29 96 51
29 97 28
30 31 61
30 32 11
30 33 87
30 35 76
30 36 24
30 37 90
30 38 43
30 39 52
30 40 70
30 43 52
30 44 42
30 45 36
30 52 77
30 58 96
30 59 13
30 61 96
30 63 84
30 66 102
30 67 75
30 68 27
30 70 51
30 72 34
30 73 6
30 75 23
30 76 28
30 78 17
30 81 67
30 82 48
30 84 14
30 87 89
30 88 19
30 90 29
30 92 46
30 93 82
30 95 40
30 97 82
30 98 50
31 34 75
31 35 69
31 36 37
31 37 62
31 38 75
31 39 86
31 41 21
31 45 64
31 46 24
31 49 21
31 51 40
31 54 42
31 55 32
31 57 38
31 60 33
31 63 24
31 66 41
31 67 27
31 68 53
31 73 58
31 76 35
31 77 53
31 79 6
31 80 71
31 81 15
31 83 81
31 86 69
31 87 66
31 88 55
31 89 45
31 90 73
31 91 37
31 94 74
31 95 76
31 96 30
31 98 11
31 99 61
32 33 76
32 35 67
32 36 16
32 38 40
32 39 50
32 42 13
32 44 34
32 46 70
32 47 25
32 50 73
32 51 50
32 52 67
32 55 19
32 56 69
32 57 82
32 59 5
32 62 81
32 63 73
32 64 55
32 67 64
32 68 20
32 69 49
32 71 15
32 72 28
32 73 13
32 78 16
32 81 58
32 82 44
32 83 102
32 84 13
32 85 80
32 86 48
32 90 29
32 91 40
32 92 35
32 93 72
32 95 38
32 98 40
32 99 29
33 34 78
33 36 71
33 40 27
33 42 63
33 43 66
33 47 80
33 51 28
33 52 26
33 54 43
33 59 75
33 61 35
33 62 13
33 64 40
33 66 50
33 67 21
33 75 71
33 76 61
33 77 56
33 78 84
33 81 61
33 85 29
33 86 59
33 87 24
33 88 91
33 90 83
33 91 82
33 94 77
33 95 79
33 97 18
34 37 73
34 38 7
34 42 33
34 43 75
34 44 67
34 46 98
34 47 12
34 48 2
34 49 63
34 54 38
34 55 49
34 56 75
34 60 101
34 61 101
34 63 91
34 64 43
34 67 76
34 69 15
34 73 44
34 74 64
34 75 49
34 78 51
34 79 80
34 83 94
34 86 24
34 87 70
34 89 30
34 91 75
34 92 56
34 94 3
34 96 67
34 97 67
34 98 66
35 36 72
35 40 54
35 41 48
35 43 82
35 45 45
35 46 92
35 47 59
35 50 74
35 52 14
35 53 54
35 55 66
35 56 41
35 58 27
35 59 64
35 62 33
35 64 12
35 65 90
35 70 72
35 71 77
35 72 81
35 73 80
35 74 76
35 75 71
35 76 60
35 77 38
35 78 82
35 79 72
35 80 7
35 82 95
35 84 80
35 85 19
35 87 21
35 89 51
35 92 57
35 98 68
35 99 44
36 37 79
36 38 54
36 39 64
36 43 28
36 44 18
36 45 43
36 46 55
36 47 40
36 50 61
36 51 49
36 53 65
36 54 38
36 55 7
36 58 85
36 59 20
36 60 70
36 61 74
36 62 79
36 63 61
36 66 78
36 69 63
36 70 27
36 73 21
36 74 17
36 77 38
36 80 70
36 81 43
36 82 29
36 83 101
36 84 14
36 85 81
36 86 57
36 88 20
36 91 25
36 94 51
36 97 71
36 98 26
37 38 69
37 42 66
37 43 79
37 44 80
37 45 64
37 46 81
37 47 78
37 49 43
37 50 58
37 51 30
37 54 44
37 56 23
37 57 46
37 58 7
37 62 7
37 65 92
37 67 37
37 68 64
37 71 85
37 73 92
37 74 77
37 75 78
37 76 67
37 77 54
37 83 23
37 84 89
37 91 94
37 94 71
37 96 84
37 99 63
38 39 11
38 40 72
38 41 60
38 46 99
38 47 18
38 49 62
38 50 92
38 51 49
38 52 54
38 53 81
38 58 72
38 60 100
38 63 91
38 64 38
38 67 74
38 70 71
38 71 55
38 72 66
38 75 52
38 77 23
38 78 56
38 81 88
38 83 89
38 86 18
38 87 65
38 88 61
38 89 32
38 91 79
38 94 4
38 96 71
39 40 82
39 43 88
39 47 26
39 49 72
39 50 102
39 51 57
39 53 90
39 54 46
39 55 63
39 56 79
39 58 76
39 62 79
39 64 43
39 67 83
39 69 4
39 71 65
39 73 58
39 74 78
39 75 63
39 78 66
39 79 91
39 81 99
39 87 70
39 88 70
39 92 68
39 93 106
39 96 81
40 42 49
40 43 39
40 46 39
40 47 71
40 48 74
40 55 43
40 57 24
40 58 50
40 59 59
40 60 28
40 63 19
40 65 55
40 68 54
40 69 78
40 70 30
40 71 57
40 72 51
40 75 50
40 77 50
40 80 58
40 82 57
40 83 61
40 85 51
40 87 47
40 88 70
40 89 47
40 91 56
40 92 25
40 93 29
41 46 44
41 47 58
41 49 2
41 53 26
41 55 32
41 58 50
41 60 40
41 63 31
41 67 17
41 73 58
41 76 31
41 77 37
41 78 53
41 79 24
41 85 49
41 91 51
41 92 15
41 93 38
41 94 60
41 96 41
41 97 36
41 99 47
42 43 42
42 49 38
42 50 65
42 51 37
42 55 17
42 58 72
42 59 11
42 60 74
42 62 68
42 65 42
42 66 83
42 68 11
42 71 23
42 72 31
42 73 26
42 75 18
42 80 52
42 82 48
42 83 89
42 87 66
42 89 5
42 90 30
42 91 44
42 93 66
42 94 33
42 96 35
43 44 10
43 48 74
43 49 36
43 50 41
43 51 53
43 58 87
43 59 47
43 60 49
43 66 56
43 67 46
43 68 53
43 70 10
43 71 32
43 72 19
43 74 11
43 75 29
43 77 57
43 78 37
43 79 23
43 83 99
43 84 39
43 86 76
43 87 82
43 88 41
43 89 45
43 92 25
43 93 34
43 95 77
43 96 13
43 98 14
44 45 59
44 47 58
44 48 66
44 49 38
44 50 48
44 56 62
44 61 63
44 62 79
44 65 11
44 66 64
44 67 50
44 70 14
44 71 22
44 78 28
44 79 30
44 80 79
44 82 16
44 83 101
44 86 70
44 87 82
44 89 38
44 91 14
44 93 43
44 94 68
44 95 69
44 97 73
44 98 16
44 99 56
45 47 14
45 49 52
45 50 82
45 54 27
45 56 64
45 57 85
45 60 90
45 61 90
45 65 66
45 67 65
45 68 13
45 69 20
45 70 60
45 72 55
45 73 41
45 74 56
45 76 35
45 77 13
45 83 86
45 85 61
45 86 19
45 87 62
45 88 52
45 89 21
45 90 15
45 93 86
45 98 56
45 99 3
46 47 91
46 48 97
46 49 43
46 50 26
46 51 63
46 55 51
46 56 58
46 58 88
46 64 83
46 67 44
46 68 76
46 69 107
46 74 38
46 77 77
46 78 65
46 80 94
46 84 67
46 86 93
46 90 96
46 91 42
46 95 100
46 96 40
46 97 76
47 49 61
47 51 53
47 54 38
47 55 41
47 56 76
47 57 94
47 58 83
47 61 99
47 66 107
47 68 17
47 70 62
47 72 52
47 73 32
47 75 39
47 76 36
47 81 80
47 83 100
47 84 37
47 85 75
47 86 33
47 87 75
47 89 25
47 90 5
47 92 51
47 93 91
47 94 14
47 95 15
47 96 58
47 99 15
48 49 63
48 50 92
48 51 52
48 54 38
48 55 48
48 56 75
48 58 78
48 59 29
48 63 91
48 64 44
48 66 111
48 69 17
48 70 69
48 72 61
48 74 63
48 75 47
48 76 42
48 78 50
48 79 80
48 82 77
48 83 95
48 86 26
48 87 71
48 88 54
48 89 29
48 90 7
48 91 74
48 92 56
48 94 5
48 95 5
49 52 38
49 54 26
49 55 34
49 56 24
49 57 34
49 58 50
49 61 38
49 63 29
49 65 49
49 68 43
49 69 68
49 71 48
49 74 35
49 76 33
49 80 51
49 84 54
49 86 53
49 92 16
49 93 36
49 96 42
49 98 22
49 99 49
50 53 23
50 54 56
50 56 35
50 57 19
50 59 74
50 60 9
50 62 53
50 63 3
50 64 68
50 66 18
50 68 72
50 69 98
50 74 47
50 75 61
50 78 74
50 79 18
50 80 78
50 84 74
50 88 79
50 90 93
50 91 58
50 93 13
50 95 94
50 96 53
50 97 55
51 53 33
51 54 15
51 57 45
51 60 54
51 63 46
51 67 26
51 68 37
51 71 55
51 72 56
51 73 62
51 74 49
51 76 37
51 77 28
51 78 61
51 80 31
51 81 55
51 83 53
51 85 33
51 89 33
51 90 55
51 93 55
51 94 50
51 95 52
51 98 39
52 55 61
52 57 52
52 60 65
52 61 60
52 62 20
52 66 75
52 68 50
52 71 74
52 72 76
52 73 80
52 76 57
52 77 39
52 78 80
52 80 20
52 83 36
52 86 36
52 87 12
52 88 86
52 90 65
52 92 49
52 99 48
53 55 58
53 56 13
53 62 30
53 67 10
53 68 66
53 70 45
53 72 67
53 73 84
53 78 79
53 79 33
53 81 46
53 84 79
53 85 45
53 86 68
53 88 85
53 89 60
53 90 86
53 92 40
53 93 36
53 94 82
53 96 63
53 97 33
54 59 34
54 61 63
54 62 46
54 63 54
54 64 22
54 65 56
54 67 37
54 68 22
54 69 42
54 70 41
54 73 49
54 74 43
54 75 37
54 76 26
54 80 33
54 83 66
54 85 44
54 86 27
54 88 55
54 90 41
54 92 25
54 94 37
54 97 36
55 59 22
55 60 64
55 62 72
55 63 55
55 64 54
55 68 28
55 70 23
55 71 14
55 72 16
55 74 15
55 76 6
55 77 34
55 82 31
55 83 94
55 85 74
55 86 53
55 87 72
55 88 27
55 91 28
55 93 53
55 97 64
55 98 21
56 57 25
56 58 30
56 62 19
56 65 73
56 68 59
56 70 49
56 71 71
56 72 68
56 73 82
56 81 54
56 82 76
56 84 77
56 86 57
56 87 28
56 89 55
56 90 78
56 91 75
56 94 73
56 95 75
56 96 66
56 98 46
56 99 62
57 59 83
57 61 8
57 62 40
57 63 16
57 64 63
57 66 23
57 68 77
57 69 99
57 70 50
57 74 62
57 75 73
57 78 86
57 82 75
57 88 92
57 89 71
57 90 98
57 92 48
57 96 68
57 99 82
58 59 83
58 61 60
58 64 35
58 65 99
58 67 44
58 68 69
58 69 72
58 70 77
58 72 92
58 73 98
58 77 59
58 78 97
58 82 103
58 83 17
58 84 96
58 86 54
58 87 7
58 88 104
58 89 68
58 90 84
58 92 64
58 93 77
58 94 75
58 95 77
58 97 15
58 98 72
59 63 74
59 64 52
59 67 64
59 69 44
59 70 44
59 71 20
59 72 32
59 73 16
59 76 18
59 78 21
59 80 60
59 86 43
59 87 76
59 89 15
59 90 25
59 92 36
59 94 32
59 95 33
59 96 38
59 98 42
59 99 24
60 62 55
60 63 10
60 64 74
60 65 66
60 66 10
60 69 106
60 70 44
60 71 76
60 77 77
60 78 83
60 79 28
60 80 83
60 82 66
60 83 72
60 85 70
60 88 88
60 90 102
60 93 18
60 97 58
61 62 48
61 66 15
61 68 81
61 73 95
61 75 74
61 78 87
61 79 33
61 81 43
61 82 73
61 83 63
61 89 75
61 90 102
61 92 50
61 94 99
61 97 52
61 98 48
61 99 87
62 64 36
62 65 90
62 66 63
62 69 75
62 72 84
62 74 76
62 77 57
62 78 92
62 81 73
62 84 90
62 87 13
62 90 84
62 98 63
62 99 67
63 66 19
63 67 20
63 75 61
63 76 56
63 79 19
63 80 76
63 81 29
63 83 69
63 85 65
63 89 64
63 90 92
63 91 60
63 92 38
63 93 15
63 95 93
63 96 54
63 97 52
64 65 78
64 66 83
64 67 46
64 71 65
64 72 69
64 74 64
64 75 58
64 76 48
64 84 67
64 85 27
64 86 20
64 87 28
64 89 38
64 90 49
64 93 76
64 94 40
64 95 42
64 97 25
64 99 33
65 70 24
65 71 23
65 74 15
65 75 24
65 79 39
65 80 89
65 85 96
65 88 28
65 89 46
65 90 68
65 91 3
65 92 35
65 94 74
65 98 27
66 67 38
66 70 52
66 75 79
66 76 75
66 78 91
66 80 93
66 84 92
66 85 79
66 87 75
66 88 96
66 93 22
66 94 110
66 95 112
66 97 67
66 98 52
67 68 57
67 69 79
67 70 37
67 73 75
67 74 47
67 77 52
67 78 69
67 79 27
67 81 40
67 85 46
67 86 62
67 88 76
67 89 51
67 90 78
67 93 33
67 97 33
67 99 62
68 69 33
68 71 33
68 73 32
68 75 29
68 77 11
68 78 36
68 79 59
68 81 65
68 82 59
68 83 86
68 84 33
68 87 62
68 88 42
68 89 8
68 91 55
68 96 47
68 97 56
68 98 44
68 99 10
69 75 61
69 78 65
69 80 38
69 81 96
69 82 92
69 85 64
69 86 19
69 87 65
69 88 70
69 91 88
69 92 65
69 93 103
69 94 13
69 95 12
69 96 79
69 99 23
70 71 32
70 72 23
70 73 48
70 74 12
70 75 28
70 79 17
70 80 73
70 82 27
70 83 89
70 85 75
70 86 68
70 87 72
70 93 31
70 95 71
70 96 18
70 98 4
70 99 57
71 72 13
71 73 16
71 74 21
71 75 7
71 78 7
71 80 75
71 81 48
71 82 29
71 83 107
71 84 8
71 85 87
71 86 61
71 87 85
71 91 25
71 93 63
71 95 54
71 98 32
72 74 11
72 75 14
72 76 22
72 77 50
72 78 18
72 81 36
72 84 20
72 85 89
72 86 69
72 87 86
72 92 28
72 93 53
72 94 63
72 96 7
72 97 77
72 99 52
73 76 27
73 79 64
73 83 115
73 84 8
73 89 30
73 90 35
73 91 39
73 92 45
73 93 79
73 97 84
74 76 21
74 77 48
74 78 27
74 81 27
74 83 98
74 84 29
74 86 67
74 89 35
74 90 60
74 92 20
74 93 43
74 94 65
74 96 7
74 99 53
75 76 10
75 77 37
75 78 14
75 81 44
75 87 78
75 90 44
75 91 27
75 92 25
75 93 59
75 96 19
75 99 39
76 78 24
76 81 44
76 84 22
76 87 68
76 89 14
76 91 35
76 92 18
76 93 56
76 96 25
76 97 60
76 98 24
77 78 46
77 79 58
77 80 34
77 82 66
77 83 76
77 86 19
77 89 15
77 90 27
77 91 63
77 93 74
77 96 53
77 97 46
77 98 46
78 86 64
78 87 91
78 88 7
78 89 32
78 90 44
78 91 28
78 93 70
78 94 53
78 95 54
78 96 25
79 80 74
79 82 41
79 84 57
79 85 71
79 87 67
79 88 61
79 89 51
79 90 79
79 91 41
79 95 82
79 96 34
79 97 58
79 99 67
80 82 95
80 87 28
80 91 92
80 92 57
80 95 44
80 98 68
81 83 94
81 84 55
81 85 84
81 93 18
81 94 87
81 95 89
81 96 30
81 98 21
81 99 74
82 87 98
82 89 52
82 90 73
82 91 4
82 93 50
82 97 89
82 98 31
82 99 69
83 84 112
83 86 71
83 87 24
83 90 101
83 91 115
83 93 85
83 94 92
83 96 105
83 97 31
83 98 86
83 99 85
84 85 91
84 86 61
84 87 89
84 89 29
84 90 41
84 92 39
84 98 40
84 99 42
85 87 4
85 88 100
85 89 63
85 90 76
85 91 99
85 92 61
85 93 79
85 95 69
85 96 88
85 99 60
86 87 47
86 88 70
86 91 82
86 92 52
86 93 88
86 96 72
86 99 20
87 88 98
87 89 62
87 91 96
87 92 58
87 93 75
87 94 68
87 96 86
87 99 60
88 92 45
88 94 58
88 97 90
88 98 45
89 95 32
89 97 55
89 98 36
89 99 18
90 92 55
90 93 95
90 94 12
90 95 12
90 98 64
91 92 37
91 94 76
91 95 78
91 96 10
91 98 29
91 99 66
92 94 56
92 97 49
93 96 47
93 97 66
94 96 68
94 97 64
94 98 66
94 99 13
95 97 66
95 98 68
96 98 21
96 99 57
