10 0.7 20 0 1 45 31 2
0.351571 0.573637 18
0.785575 0.440973 38
0.49999 0.106338 31
0.319484 0.0319171 38
0.123638 0.678387 39
0.516341 0.986818 60
0.638237 0.0496249 42
0.657848 0.820217 49
0.632961 0.39661 23
0.405761 0.402124 0
0 1 45
0 2 49
0 3 54
0 4 25
0 5 44
0 6 60
0 7 39
0 8 33
0 9 18
1 2 44
1 3 62
1 4 70
1 5 61
1 6 42
1 7 40
1 8 16
1 9 38
2 3 20
2 4 68
2 5 88
2 6 15
2 7 73
2 8 32
2 9 31
3 4 68
3 5 97
3 6 32
3 7 86
3 8 48
3 9 38
4 5 50
4 6 81
4 7 55
4 8 58
4 9 39
5 6 95
5 7 22
5 8 60
5 9 60
6 7 77
6 8 35
6 9 42
7 8 42
7 9 49
8 9 23
0 1 45
0 2 49
0 3 54
0 4 25
0 5 44
0 6 60
0 8 33
0 9 18
1 4 70
1 5 61
1 7 40
1 8 16
1 9 38
2 3 20
2 6 15
2 7 73
2 8 32
2 9 31
3 5 97
3 6 32
3 7 86
3 8 48
4 5 50
4 6 81
4 9 39
5 7 22
6 7 77
6 8 35
6 9 42
7 9 49
8 9 23
