20 0.7 0 1 0.1 190 133 9
0.535341 0.92057 5
0.66988 0.61806 8
0.589623 0.169195 10
0.282909 0.100658 9
0.0882483 0.00230722 10
0.00372224 0.988904 0
0.784935 0.771093 8
0.566225 0.926969 6
0.0596278 0.837909 2
0.601969 0.0425257 11
0.406601 0.0510979 10
0.954638 0.885468 10
0.713473 0.43402 9
0.248017 0.303297 7
0.128155 0.103182 9
0.618231 0.685978 7
0.8318 0.796102 9
0.0422741 0.86438 1
0.0526264 0.783449 2
0.760539 0.153772 11
0 1 33
0 2 75
0 3 86
0 4 102
0 5 54
0 6 29
0 7 3
0 8 48
0 9 88
0 10 88
0 11 42
0 12 52
0 13 68
0 14 91
0 15 25
0 16 32
0 17 50
0 18 50
0 19 80
1 2 46
1 3 65
1 4 85
1 5 76
1 6 19
1 7 33
1 8 65
1 9 58
1 10 63
1 11 39
1 12 19
1 13 53
1 14 75
1 15 9
1 16 24
1 17 67
1 18 64
1 19 47
2 3 31
2 4 53
2 5 101
2 6 63
2 7 76
2 8 85
2 9 13
2 10 22
2 11 80
2 12 29
2 13 37
2 14 47
2 15 52
2 16 67
2 17 88
2 18 82
2 19 17
3 4 22
3 5 93
3 6 84
3 7 87
3 8 77
3 9 32
3 10 13
3 11 103
3 12 54
3 13 21
3 14 15
3 15 67
3 16 89
3 17 80
3 18 72
3 19 48
4 5 99
4 6 104
4 7 104
4 8 84
4 9 52
4 10 32
4 11 124
4 12 76
4 13 34
4 14 11
4 15 87
4 16 109
4 17 86
4 18 78
4 19 69
5 6 81
5 7 57
5 8 16
5 9 112
5 10 102
5 11 96
5 12 90
5 13 73
5 14 89
5 15 69
5 16 85
5 17 13
5 18 21
5 19 113
6 7 27
6 8 73
6 9 75
6 10 81
6 11 20
6 12 34
6 13 71
6 14 94
6 15 19
6 16 5
6 17 75
6 18 73
6 19 62
7 8 51
7 9 89
7 10 89
7 11 39
7 12 51
7 13 70
7 14 93
7 15 25
7 16 30
7 17 53
7 18 53
7 19 80
8 9 96
8 10 86
8 11 90
8 12 77
8 13 57
8 14 74
8 15 58
8 16 77
8 17 3
8 18 5
8 19 98
9 10 20
9 11 91
9 12 41
9 13 44
9 14 48
9 15 64
9 16 79
9 17 99
9 18 92
9 19 19
10 11 100
10 12 49
10 13 30
10 14 28
10 15 67
10 16 86
10 17 89
10 18 81
10 19 37
11 12 51
11 13 92
11 14 114
11 15 39
11 16 15
11 17 91
11 18 91
11 19 76
12 13 48
12 14 67
12 15 27
12 16 38
12 17 80
12 18 75
12 19 28
13 14 23
13 15 53
13 16 76
13 17 60
13 18 52
13 19 53
14 15 76
14 16 99
14 17 77
14 18 68
14 19 63
15 16 24
15 17 60
15 18 57
15 19 55
16 17 79
16 18 78
16 19 65
17 18 8
17 19 101
18 19 95
0 3 86
0 5 54
0 6 29
0 7 3
0 8 48
0 9 88
0 11 42
0 13 68
0 14 91
0 15 25
0 16 32
0 17 50
0 18 50
0 19 80
1 2 46
1 3 65
1 4 85
1 5 76
1 6 19
1 7 33
1 9 58
1 10 63
1 12 19
1 15 9
1 16 24
1 17 67
2 3 31
2 4 53
2 7 76
2 8 85
2 9 13
2 10 22
2 11 80
2 13 37
2 15 52
2 17 88
2 18 82
3 4 22
3 5 93
3 6 84
3 7 87
3 9 32
3 10 13
3 11 103
3 13 21
3 14 15
3 15 67
3 16 89
3 18 72
3 19 48
4 5 99
4 6 104
4 7 104
4 8 84
4 9 52
4 10 32
4 11 124
4 13 34
4 14 11
4 15 87
4 16 109
4 18 78
5 7 57
5 8 16
5 9 112
5 10 102
5 11 96
5 13 73
5 14 89
5 16 85
5 17 13
6 7 27
6 8 73
6 10 81
6 11 20
6 12 34
6 15 19
6 16 5
6 17 75
6 19 62
7 8 51
7 9 89
7 10 89
7 13 70
7 14 93
7 17 53
7 18 53
7 19 80
8 12 77
8 13 57
8 14 74
8 15 58
8 16 77
8 18 5
8 19 98
9 10 20
9 11 91
9 12 41
9 14 48
9 15 64
9 18 92
9 19 19
10 11 100
10 12 49
10 14 28
10 16 86
10 17 89
10 18 81
11 13 92
11 15 39
11 16 15
12 14 67
12 15 27
12 16 38
12 17 80
12 19 28
13 14 23
13 15 53
13 17 60
13 18 52
13 19 53
14 16 99
14 17 77
14 18 68
14 19 63
15 17 60
15 18 57
15 19 55
16 17 79
16 18 78
16 19 65
17 19 101
18 19 95
