100 0.7 20 1 0.2 4950 3465 3
0.584936 0.726202 9
0.860882 0.155536 16
0.12969 0.589202 18
0.610863 0.872208 7
0.814352 0.430282 11
0.216803 0.0610172 23
0.744787 0.711919 7
0.964607 0.963485 0
0.359532 0.469599 16
0.645724 0.649988 9
0.128213 0.584389 18
0.399869 0.296213 17
0.175257 0.054483 24
0.733913 0.917174 5
0.647782 0.928782 6
0.327137 0.255145 19
0.437881 0.613544 13
0.025212 0.631839 20
0.149277 0.739114 17
0.669292 0.266115 15
0.552074 0.50239 12
0.416259 0.772016 12
0.808448 0.173545 16
0.949159 0.370839 12
0.305825 0.616033 15
0.901314 0.904947 2
0.668962 0.731325 8
0.880088 0.148997 16
0.646663 0.299802 15
0.367669 0.835657 12
0.020208 0.847457 19
0.364771 0.25408 19
0.246601 0.813181 15
0.930221 0.586311 8
0.937269 0.731895 5
0.83432 0.027748 19
0.338148 0.520394 15
0.58414 0.220253 17
0.994847 0.228776 15
0.444922 0.607559 13
0.406775 0.0543864 21
0.346318 0.482259 16
0.412823 0.748363 12
0.57278 0.639227 10
0.392803 0.375977 16
0.293706 0.0477261 23
0.814238 0.176814 16
0.263231 0.039781 23
0.519083 0.489381 13
0.909974 0.729399 5
0.244859 0.283476 20
0.519858 0.56425 12
0.103603 0.0521464 25
0.487819 0.841536 10
0.279195 0.665164 15
0.941614 0.251845 14
0.123141 0.981083 17
0.806033 0.990037 3
0.407995 0.359607 16
0.911282 0.603896 7
0.814957 0.748569 5
0.277105 0.651584 15
0.0233215 0.790437 19
0.908564 0.832529 3
0.547649 0.833622 9
0.187562 0.619271 17
0.166133 0.430004 19
0.618154 0.259191 16
0.366776 0.97011 12
0.789453 0.40202 12
0.269497 0.254663 20
0.979821 0.833052 3
0.617358 0.759102 8
0.907523 0.12659 17
0.642762 0.00264038 20
0.995448 0.277885 14
0.809871 0.511779 10
0.679599 0.904338 6
0.639457 0.745969 8
0.849751 0.291241 14
0.249042 0.72749 15
0.803675 0.91681 3
0.517651 0.793744 10
0.686503 0.0629998 19
0.417655 0.184122 19
0.662367 0.464309 12
0.223278 0.751493 15
0.784482 0.38145 12
0.367868 0.952053 12
0.434712 0.378855 16
0.540405 0.269674 16
0.702555 0.0990123 18
0.5428 0.503147 12
0.622738 0.82718 7
0.409908 0.197282 19
0.662961 0.0691342 19
0.126791 0.42163 20
0.929377 0.676348 6
0.616335 0.24277 16
0.864293 0.0420377 19
0 1 63
0 2 48
0 3 15
0 4 37
0 5 76
0 6 16
0 7 45
0 8 34
0 9 10
0 10 48
0 11 47
0 12 79
0 13 24
0 14 21
0 15 54
0 16 19
0 17 57
0 18 44
0 19 47
0 20 23
0 21 17
0 22 60
0 23 51
0 24 30
0 25 36
0 26 8
0 27 65
0 28 43
0 29 24
0 30 58
0 31 52
0 32 35
0 33 37
0 34 35
0 35 74
0 36 32
0 37 51
0 38 64
0 39 18
0 40 70
0 41 34
0 42 17
0 43 9
0 44 40
0 45 74
0 46 60
0 47 76
0 48 25
0 49 33
0 50 56
0 51 17
0 52 83
0 53 15
0 54 31
0 55 59
0 56 53
0 57 34
0 58 41
0 59 35
0 60 23
0 61 32
0 62 57
0 63 34
0 64 11
0 65 41
0 66 51
0 67 47
0 68 33
0 69 38
0 70 57
0 71 41
0 72 5
0 73 68
0 74 73
0 75 61
0 76 31
0 77 20
0 78 6
0 79 51
0 80 34
0 81 29
0 82 10
0 83 67
0 84 57
0 85 27
0 86 36
0 87 40
0 88 31
0 89 38
0 90 46
0 91 64
0 92 23
0 93 11
0 94 56
0 95 66
0 96 55
0 97 35
0 98 48
0 99 74
1 2 85
1 3 76
1 4 28
1 5 65
1 6 57
1 7 81
1 8 59
1 9 54
1 10 85
1 11 48
1 12 69
1 13 77
1 14 80
1 15 54
1 16 62
1 17 96
1 18 92
1 19 22
1 20 46
1 21 76
1 22 6
1 23 23
1 24 72
1 25 75
1 26 61
1 27 2
1 28 26
1 29 84
1 30 109
1 31 51
1 32 90
1 33 44
1 34 58
1 35 13
1 36 64
1 37 28
1 38 15
1 39 61
1 40 47
1 41 61
1 42 74
1 43 56
1 44 52
1 45 58
1 46 5
1 47 61
1 48 48
1 49 58
1 50 63
1 51 53
1 52 76
1 53 78
1 54 77
1 55 13
1 56 111
1 57 84
1 58 50
1 59 45
1 60 59
1 61 77
1 62 105
1 63 68
1 64 75
1 65 82
1 66 75
1 67 26
1 68 95
1 69 26
1 70 60
1 71 69
1 72 65
1 73 5
1 74 27
1 75 18
1 76 36
1 77 77
1 78 63
1 79 14
1 80 84
1 81 76
1 82 72
1 83 20
1 84 44
1 85 37
1 86 87
1 87 24
1 88 94
1 89 48
1 90 34
1 91 17
1 92 47
1 93 71
1 94 45
1 95 22
1 96 78
1 97 53
1 98 26
1 99 11
2 3 56
2 4 70
2 5 54
2 6 63
2 7 91
2 8 26
2 9 52
2 10 1
2 11 40
2 12 54
2 13 69
2 14 62
2 15 39
2 16 31
2 17 11
2 18 15
2 19 63
2 20 43
2 21 34
2 22 80
2 23 85
2 24 18
2 25 83
2 26 56
2 27 87
2 28 59
2 29 34
2 30 28
2 31 41
2 32 25
2 33 80
2 34 82
2 35 90
2 36 22
2 37 59
2 38 94
2 39 32
2 40 60
2 41 24
2 42 32
2 43 45
2 44 34
2 45 57
2 46 80
2 47 57
2 48 40
2 49 79
2 50 33
2 51 39
2 52 54
2 53 44
2 54 17
2 55 88
2 56 39
2 57 79
2 58 36
2 59 78
2 60 70
2 61 16
2 62 23
2 63 82
2 64 48
2 65 7
2 66 16
2 67 59
2 68 45
2 69 69
2 70 36
2 71 88
2 72 52
2 73 91
2 74 78
2 75 92
2 76 68
2 77 63
2 78 53
2 79 78
2 80 18
2 81 75
2 82 44
2 83 77
2 84 50
2 85 55
2 86 19
2 87 69
2 88 43
2 89 37
2 90 52
2 91 75
2 92 42
2 93 55
2 94 48
2 95 74
2 96 17
2 97 80
2 98 60
2 99 92
3 4 49
3 5 90
3 6 21
3 7 37
3 8 47
3 9 22
3 10 56
3 11 61
3 12 93
3 13 13
3 14 7
3 15 68
3 16 31
3 17 63
3 18 48
3 19 61
3 20 37
3 21 22
3 22 73
3 23 60
3 24 40
3 25 29
3 26 15
3 27 77
3 28 57
3 29 25
3 30 59
3 31 67
3 32 37
3 33 43
3 34 36
3 35 87
3 36 45
3 37 65
3 38 75
3 39 31
3 40 84
3 41 47
3 42 23
3 43 24
3 44 54
3 45 88
3 46 72
3 47 90
3 48 39
3 49 33
3 50 69
3 51 32
3 52 96
3 53 13
3 54 39
3 55 70
3 56 50
3 57 23
3 58 55
3 59 40
3 60 24
3 61 40
3 62 59
3 63 30
3 64 7
3 65 49
3 66 63
3 67 61
3 68 26
3 69 50
3 70 71
3 71 37
3 72 11
3 73 80
3 74 87
3 75 71
3 76 41
3 77 8
3 78 13
3 79 63
3 80 39
3 81 20
3 82 12
3 83 81
3 84 71
3 85 41
3 86 41
3 87 52
3 88 26
3 89 52
3 90 61
3 91 78
3 92 38
3 93 5
3 94 70
3 95 80
3 96 66
3 97 37
3 98 63
3 99 87
4 5 70
4 6 29
4 7 55
4 8 46
4 9 28
4 10 70
4 11 44
4 12 74
4 13 49
4 14 53
4 15 52
4 16 42
4 17 81
4 18 73
4 19 22
4 20 27
4 21 52
4 22 26
4 23 15
4 24 54
4 25 48
4 26 33
4 27 29
4 28 21
4 29 60
4 30 90
4 31 48
4 32 68
4 33 19
4 34 33
4 35 40
4 36 48
4 37 31
4 38 27
4 39 41
4 40 55
4 41 47
4 42 51
4 43 32
4 44 43
4 45 65
4 46 25
4 47 68
4 48 30
4 49 31
4 50 59
4 51 32
4 52 81
4 53 53
4 54 58
4 55 22
4 56 88
4 57 56
4 58 41
4 59 20
4 60 32
4 61 58
4 62 87
4 63 41
4 64 48
4 65 65
4 66 65
4 67 26
4 68 70
4 69 4
4 70 57
4 71 44
4 72 38
4 73 32
4 74 46
4 75 24
4 76 8
4 77 49
4 78 36
4 79 14
4 80 64
4 81 49
4 82 47
4 83 39
4 84 47
4 85 16
4 86 67
4 87 6
4 88 69
4 89 38
4 90 32
4 91 35
4 92 28
4 93 44
4 94 47
4 95 39
4 96 69
4 97 27
4 98 27
4 99 39
5 6 84
5 7 117
5 8 43
5 9 73
5 10 53
5 11 30
5 12 4
5 13 100
5 14 97
5 15 22
5 16 60
5 17 60
5 18 68
5 19 50
5 20 55
5 21 74
5 22 60
5 23 80
5 24 56
5 25 109
5 26 81
5 27 67
5 28 49
5 29 79
5 30 81
5 31 24
5 32 75
5 33 89
5 34 98
5 35 62
5 36 48
5 37 40
5 38 80
5 39 59
5 40 19
5 41 44
5 42 71
5 43 68
5 44 36
5 45 8
5 46 61
5 47 5
5 48 52
5 49 96
5 50 22
5 51 59
5 52 11
5 53 83
5 54 61
5 55 75
5 56 92
5 57 110
5 58 35
5 59 88
5 60 91
5 61 59
5 62 75
5 63 104
5 64 84
5 65 56
5 66 37
5 67 45
5 68 92
5 69 67
5 70 20
5 71 109
5 72 80
5 73 69
5 74 43
5 75 81
5 76 74
5 77 96
5 78 80
5 79 67
5 80 67
5 81 104
5 82 79
5 83 47
5 84 24
5 85 60
5 86 69
5 87 65
5 88 90
5 89 39
5 90 39
5 91 49
5 92 55
5 93 87
5 94 24
5 95 45
5 96 37
5 97 94
5 98 44
5 99 65
6 7 33
6 8 46
6 9 12
6 10 63
6 11 54
6 12 87
6 13 21
6 14 24
6 15 62
6 16 32
6 17 72
6 18 60
6 19 45
6 20 28
6 21 33
6 22 54
6 23 40
6 24 45
6 25 25
6 26 8
6 27 58
6 28 42
6 29 40
6 30 74
6 31 60
6 32 51
6 33 22
6 34 19
6 35 69
6 36 45
6 37 52
6 38 54
6 39 32
6 40 74
6 41 46
6 42 33
6 43 19
6 44 49
6 45 80
6 46 54
6 47 83
6 48 32
6 49 17
6 50 66
6 51 27
6 52 92
6 53 29
6 54 47
6 55 50
6 56 68
6 57 28
6 58 49
6 59 20
6 60 8
6 61 47
6 62 73
6 63 20
6 64 23
6 65 56
6 66 64
6 67 47
6 68 46
6 69 31
6 70 66
6 71 26
6 72 14
6 73 61
6 74 72
6 75 50
6 76 21
6 77 20
6 78 11
6 79 43
6 80 50
6 81 21
6 82 24
6 83 65
6 84 62
6 85 26
6 86 52
6 87 33
6 88 45
6 89 46
6 90 49
6 91 61
6 92 29
6 93 17
6 94 61
6 95 65
6 96 68
6 97 19
6 98 49
6 99 68
7 8 78
7 9 45
7 10 92
7 11 87
7 12 120
7 13 24
7 14 32
7 15 95
7 16 63
7 17 100
7 18 85
7 19 76
7 20 62
7 21 58
7 22 81
7 23 59
7 24 74
7 25 9
7 26 38
7 27 82
7 28 74
7 29 61
7 30 95
7 31 93
7 32 73
7 33 38
7 34 23
7 35 94
7 36 77
7 37 83
7 38 74
7 39 63
7 40 107
7 41 78
7 42 59
7 43 51
7 44 82
7 45 114
7 46 80
7 47 116
7 48 65
7 49 24
7 50 99
7 51 60
7 52 125
7 53 49
7 54 75
7 55 71
7 56 84
7 57 16
7 58 82
7 59 36
7 60 26
7 61 75
7 62 96
7 63 14
7 64 44
7 65 85
7 66 96
7 67 78
7 68 60
7 69 59
7 70 99
7 71 13
7 72 40
7 73 84
7 74 101
7 75 69
7 76 48
7 77 29
7 78 39
7 79 68
7 80 75
7 81 17
7 82 48
7 83 94
7 84 95
7 85 58
7 86 77
7 87 61
7 88 60
7 89 79
7 90 81
7 91 90
7 92 62
7 93 37
7 94 95
7 95 94
7 96 100
7 97 29
7 98 80
7 99 93
8 9 34
8 10 26
8 11 18
8 12 45
8 13 58
8 14 54
8 15 22
8 16 16
8 17 37
8 18 34
8 19 37
8 20 20
8 21 31
8 22 54
8 23 60
8 24 16
8 25 70
8 26 41
8 27 61
8 28 33
8 29 37
8 30 51
8 31 22
8 32 36
8 33 58
8 34 63
8 35 65
8 36 6
8 37 34
8 38 68
8 39 16
8 40 42
8 41 2
8 42 28
8 43 27
8 44 10
8 45 43
8 46 54
8 47 44
8 48 16
8 49 61
8 50 22
8 51 19
8 52 49
8 53 39
8 54 21
8 55 62
8 56 56
8 57 69
8 58 12
8 59 57
8 60 53
8 61 20
8 62 46
8 63 66
8 64 41
8 65 23
8 66 20
8 67 33
8 68 50
8 69 44
8 70 23
8 71 72
8 72 39
8 73 65
8 74 55
8 75 66
8 76 45
8 77 54
8 78 39
8 79 52
8 80 28
8 81 63
8 82 36
8 83 52
8 84 29
8 85 30
8 86 31
8 87 43
8 88 48
8 89 12
8 90 27
8 91 50
8 92 19
8 93 44
8 94 28
8 95 50
8 96 24
8 97 61
8 98 34
8 99 66
9 10 52
9 11 43
9 12 76
9 13 28
9 14 28
9 15 51
9 16 21
9 17 62
9 18 50
9 19 38
9 20 17
9 21 26
9 22 50
9 23 41
9 24 34
9 25 36
9 26 8
9 27 55
9 28 35
9 29 33
9 30 66
9 31 49
9 32 43
9 33 29
9 34 30
9 35 65
9 36 33
9 37 43
9 38 55
9 39 21
9 40 64
9 41 34
9 42 25
9 43 7
9 44 37
9 45 70
9 46 50
9 47 72
9 48 20
9 49 28
9 50 54
9 51 15
9 52 81
9 53 25
9 54 37
9 55 50
9 56 62
9 57 38
9 58 38
9 59 27
9 60 20
9 61 37
9 62 64
9 63 32
9 64 21
9 65 46
9 66 53
9 67 39
9 68 42
9 69 29
9 70 55
9 71 38
9 72 11
9 73 59
9 74 65
9 75 51
9 76 21
9 77 26
9 78 10
9 79 41
9 80 40
9 81 31
9 82 19
9 83 59
9 84 52
9 85 19
9 86 43
9 87 30
9 88 41
9 89 34
9 90 39
9 91 55
9 92 18
9 93 18
9 94 51
9 95 58
9 96 57
9 97 28
9 98 41
9 99 65
10 11 40
10 12 53
10 13 69
10 14 62
10 15 38
10 16 31
10 17 11
10 18 16
10 19 63
10 20 43
10 21 34
10 22 79
10 23 85
10 24 18
10 25 84
10 26 56
10 27 87
10 28 59
10 29 35
10 30 28
10 31 41
10 32 26
10 33 80
10 34 82
10 35 90
10 36 22
10 37 58
10 38 94
10 39 32
10 40 60
10 41 24
10 42 33
10 43 45
10 44 34
10 45 56
10 46 80
10 47 56
10 48 40
10 49 80
10 50 32
10 51 39
10 52 53
10 53 44
10 54 17
10 55 88
10 56 40
10 57 79
10 58 36
10 59 78
10 60 71
10 61 16
10 62 23
10 63 82
10 64 49
10 65 7
10 66 16
10 67 59
10 68 45
10 69 69
10 70 36
10 71 89
10 72 52
10 73 90
10 74 78
10 75 92
10 76 69
10 77 64
10 78 54
10 79 78
10 80 19
10 81 75
10 82 44
10 83 76
10 84 49
10 85 55
10 86 19
10 87 69
10 88 44
10 89 37
10 90 52
10 91 75
10 92 42
10 93 55
10 94 48
10 95 74
10 96 16
10 97 81
10 98 60
10 99 91
11 12 33
11 13 71
11 14 68
11 15 8
11 16 32
11 17 50
11 18 51
11 19 27
11 20 26
11 21 48
11 22 43
11 23 55
11 24 33
11 25 79
11 26 51
11 27 50
11 28 25
11 29 54
11 30 67
11 31 5
11 32 54
11 33 60
11 34 69
11 35 51
11 36 23
11 37 20
11 38 60
11 39 31
11 40 24
11 41 19
11 42 45
11 43 38
11 44 8
11 45 27
11 46 43
11 47 29
11 48 23
11 49 67
11 50 16
11 51 29
11 52 38
11 53 55
11 54 39
11 55 54
11 56 74
11 57 80
11 58 6
11 59 60
11 60 61
11 61 38
11 62 62
11 63 74
11 64 56
11 65 39
11 66 27
11 67 22
11 68 67
11 69 40
11 70 14
11 71 79
11 72 51
11 73 54
11 74 38
11 75 60
11 76 46
11 77 67
11 78 51
11 79 45
11 80 46
11 81 74
11 82 51
11 83 37
11 84 11
11 85 31
11 86 49
11 87 39
11 88 66
11 89 9
11 90 14
11 91 36
11 92 25
11 93 58
11 94 10
11 95 35
11 96 30
11 97 65
11 98 22
11 99 53
12 13 103
12 14 99
12 15 25
12 16 62
12 17 60
12 18 69
12 19 54
12 20 59
12 21 76
12 22 64
12 23 84
12 24 58
12 25 112
12 26 84
12 27 71
12 28 53
12 29 80
12 30 81
12 31 28
12 32 76
12 33 92
12 34 102
12 35 66
12 36 49
12 37 44
12 38 84
12 39 62
12 40 23
12 41 46
12 42 73
12 43 71
12 44 39
12 45 12
12 46 65
12 47 9
12 48 55
12 49 100
12 50 24
12 51 62
12 52 7
12 53 85
12 54 62
12 55 79
12 56 93
12 57 113
12 58 38
12 59 92
12 60 94
12 61 61
12 62 75
12 63 107
12 64 86
12 65 56
12 66 38
12 67 49
12 68 94
12 69 71
12 70 22
12 71 112
12 72 83
12 73 74
12 74 47
12 75 85
12 76 78
12 77 99
12 78 83
12 79 71
12 80 68
12 81 107
12 82 81
12 83 51
12 84 27
12 85 64
12 86 70
12 87 69
12 88 92
12 89 42
12 90 42
12 91 53
12 92 58
12 93 89
12 94 27
12 95 49
12 96 37
12 97 98
12 98 48
12 99 69
13 14 9
13 15 78
13 16 42
13 17 76
13 18 61
13 19 65
13 20 45
13 21 35
13 22 75
13 23 59
13 24 52
13 25 17
13 26 20
13 27 78
13 28 62
13 29 38
13 30 72
13 31 76
13 32 50
13 33 38
13 34 28
13 35 90
13 36 56
13 37 71
13 38 74
13 39 42
13 40 92
13 41 58
13 42 36
13 43 32
13 44 64
13 45 97
13 46 74
13 47 100
13 48 48
13 49 26
13 50 80
13 51 41
13 52 107
13 53 26
13 54 52
13 55 70
13 56 61
13 57 10
13 58 65
13 59 36
13 60 19
13 61 53
13 62 72
13 63 19
13 64 20
13 65 62
13 66 75
13 67 67
13 68 37
13 69 52
13 70 81
13 71 26
13 72 20
13 73 81
13 74 92
13 75 69
13 76 41
13 77 6
13 78 20
13 79 64
13 80 52
13 81 7
13 82 25
13 83 86
13 84 80
13 85 46
13 86 54
13 87 54
13 88 37
13 89 62
13 90 68
13 91 82
13 92 46
13 93 14
13 94 79
13 95 85
13 96 78
13 97 31
13 98 68
13 99 88
14 15 75
14 16 38
14 17 69
14 18 53
14 19 66
14 20 44
14 21 28
14 22 77
14 23 63
14 24 46
14 25 25
14 26 20
14 27 81
14 28 63
14 29 30
14 30 63
14 31 73
14 32 42
14 33 44
14 34 35
14 35 92
14 36 51
14 37 71
14 38 78
14 39 38
14 40 91
14 41 54
14 42 30
14 43 30
14 44 61
14 45 95
14 46 77
14 47 97
14 48 46
14 49 33
14 50 76
14 51 39
14 52 103
14 53 18
14 54 45
14 55 74
14 56 53
14 57 17
14 58 62
14 59 42
14 60 25
14 61 46
14 62 64
14 63 28
14 64 14
14 65 55
14 66 69
14 67 67
14 68 28
14 69 55
14 70 77
14 71 35
14 72 17
14 73 84
14 74 93
14 75 74
14 76 45
14 77 4
14 78 18
14 79 67
14 80 45
14 81 16
14 82 19
14 83 87
14 84 78
14 85 46
14 86 46
14 87 56
14 88 28
14 89 59
14 90 67
14 91 83
14 92 44
14 93 10
14 94 77
14 95 86
14 96 73
14 97 38
14 98 69
14 99 91
15 16 38
15 17 48
15 18 52
15 19 34
15 20 33
15 21 52
15 22 49
15 23 63
15 24 36
15 25 87
15 26 59
15 27 56
15 28 32
15 29 58
15 30 67
15 31 4
15 32 56
15 33 69
15 34 77
15 35 56
15 36 27
15 37 26
15 38 67
15 39 37
15 40 22
15 41 23
15 42 50
15 43 46
15 44 14
15 45 21
15 46 49
15 47 22
15 48 30
15 49 75
15 50 9
15 51 36
15 52 30
15 53 61
15 54 41
15 55 61
15 56 75
15 57 88
15 58 13
15 59 68
15 60 69
15 61 40
15 62 62
15 63 82
15 64 62
15 65 39
15 66 24
15 67 29
15 68 72
15 69 49
15 70 6
15 71 87
15 72 58
15 73 59
15 74 40
15 75 67
15 76 55
15 77 74
15 78 58
15 79 52
15 80 48
15 81 82
15 82 57
15 83 41
15 84 12
15 85 40
15 86 51
15 87 47
15 88 70
15 89 16
15 90 21
15 91 41
15 92 33
15 93 64
15 94 10
15 95 38
15 96 26
15 97 73
15 98 29
15 99 58
16 17 41
16 18 31
16 19 42
16 20 16
16 21 16
16 22 58
16 23 57
16 24 13
16 25 55
16 26 26
16 27 64
16 28 38
16 29 23
16 30 48
16 31 37
16 32 28
16 33 49
16 34 51
16 35 71
16 36 14
16 37 42
16 38 68
16 39 1
16 40 56
16 41 16
16 42 14
16 43 14
16 44 24
16 45 58
16 46 58
16 47 60
16 48 15
16 49 49
16 50 38
16 51 10
16 52 65
16 53 23
16 54 17
16 55 62
16 56 48
16 57 53
16 58 26
16 59 47
16 60 40
16 61 17
16 62 45
16 63 52
16 64 25
16 65 25
16 66 33
16 67 40
16 68 36
16 69 41
16 70 40
16 71 58
16 72 23
16 73 68
16 74 64
16 75 65
16 76 39
16 77 38
16 78 24
16 79 52
16 80 22
16 81 48
16 82 20
16 83 60
16 84 43
16 85 27
16 86 26
16 87 42
16 88 35
16 89 23
16 90 36
16 91 58
16 92 15
16 93 28
16 94 42
16 95 59
16 96 37
16 97 50
16 98 41
16 99 71
17 18 16
17 19 74
17 20 54
17 21 42
17 22 91
17 23 96
17 24 28
17 25 92
17 26 65
17 27 98
17 28 70
17 29 40
17 30 22
17 31 51
17 32 29
17 33 91
17 34 92
17 35 101
17 36 33
17 37 69
17 38 105
17 39 42
17 40 69
17 41 35
17 42 40
17 43 55
17 44 45
17 45 64
17 46 91
17 47 64
17 48 51
17 49 89
17 50 41
17 51 50
17 52 58
17 53 51
17 54 26
17 55 99
17 56 36
17 57 86
17 58 47
17 59 89
17 60 80
17 61 25
17 62 16
17 63 91
17 64 56
17 65 16
17 66 25
17 67 70
17 68 48
17 69 80
17 70 45
17 71 98
17 72 61
17 73 102
17 74 88
17 75 103
17 76 79
17 77 71
17 78 62
17 79 89
17 80 24
17 81 83
17 82 52
17 83 87
17 84 60
17 85 66
17 86 23
17 87 80
17 88 47
17 89 48
17 90 63
17 91 86
17 92 53
17 93 63
17 94 58
17 95 85
17 96 23
17 97 91
17 98 71
17 99 103
18 19 70
18 20 47
18 21 27
18 22 87
18 23 88
18 24 20
18 25 77
18 26 52
18 27 94
18 28 66
18 29 24
18 30 17
18 31 53
18 32 12
18 33 80
18 34 79
18 35 99
18 36 29
18 37 68
18 38 99
18 39 32
18 40 73
18 41 32
18 42 26
18 43 44
18 44 44
18 45 71
18 46 87
18 47 71
18 48 45
18 49 76
18 50 47
18 51 41
18 52 69
18 53 35
18 54 15
18 55 93
18 56 24
18 57 70
18 58 46
18 59 77
18 60 67
18 61 15
18 62 14
18 63 77
18 64 41
18 65 13
18 66 31
18 67 67
18 68 32
18 69 72
18 70 50
18 71 84
18 72 47
18 73 97
18 74 89
18 75 96
18 76 70
18 77 56
18 78 49
18 79 83
18 80 10
18 81 68
18 82 37
18 83 86
18 84 62
18 85 58
18 86 8
18 87 73
18 88 31
18 89 46
18 90 61
18 91 85
18 92 46
18 93 48
18 94 60
18 95 84
18 96 32
18 97 78
18 98 68
18 99 100
19 20 26
19 21 57
19 22 17
19 23 30
19 24 50
19 25 68
19 26 47
19 27 24
19 28 4
19 29 64
19 30 87
19 31 30
19 32 69
19 33 41
19 34 54
19 35 29
19 36 42
19 37 10
19 38 33
19 39 41
19 40 34
19 41 39
19 42 55
19 43 39
19 44 30
19 45 43
19 46 17
19 47 46
19 48 27
19 49 52
19 50 42
19 51 33
19 52 60
19 53 60
19 54 56
19 55 27
19 56 90
19 57 74
19 58 28
19 59 42
19 60 50
19 61 55
19 62 83
19 63 61
19 64 58
19 65 60
19 66 53
19 67 5
19 68 77
19 69 18
19 70 40
19 71 65
19 72 50
19 73 28
19 74 26
19 75 33
19 76 28
19 77 64
19 78 48
19 79 18
19 80 62
19 81 66
19 82 55
19 83 20
19 84 26
19 85 20
19 86 66
19 87 16
19 88 75
19 89 26
19 90 13
19 91 17
19 92 27
19 93 56
19 94 27
19 95 20
19 96 56
19 97 49
19 98 6
19 99 30
20 21 30
20 22 42
20 23 42
20 24 27
20 25 53
20 26 26
20 27 48
20 28 22
20 29 38
20 30 63
20 31 31
20 32 44
20 33 39
20 34 45
20 35 55
20 36 21
20 37 28
20 38 52
20 39 15
20 40 47
20 41 21
20 42 28
20 43 14
20 44 20
20 45 52
20 46 42
20 47 55
20 48 4
20 49 42
20 50 38
20 51 7
20 52 64
20 53 35
20 54 32
20 55 46
20 56 64
20 57 55
20 58 20
20 59 37
20 60 36
20 61 31
20 62 60
20 63 49
20 64 33
20 65 38
20 66 39
20 67 25
20 68 50
20 69 26
20 70 38
20 71 54
20 72 26
20 73 52
20 74 51
20 75 50
20 76 26
20 77 42
20 78 26
20 79 36
20 80 38
20 81 48
20 82 29
20 83 46
20 84 35
20 85 12
20 86 41
20 87 26
20 88 49
20 89 17
20 90 23
20 91 43
20 92 1
20 93 33
20 94 34
20 95 45
20 96 43
20 97 42
20 98 27
20 99 56
21 22 72
21 23 67
21 24 19
21 25 50
21 26 26
21 27 78
21 28 53
21 29 8
21 30 40
21 31 52
21 32 17
21 33 55
21 34 52
21 35 85
21 36 26
21 37 58
21 38 79
21 39 17
21 40 72
21 41 30
21 42 2
21 43 21
21 44 40
21 45 73
21 46 72
21 47 75
21 48 30
21 49 50
21 50 52
21 51 23
21 52 78
21 53 10
21 54 17
21 55 74
21 56 36
21 57 45
21 58 41
21 59 52
21 60 40
21 61 18
21 62 39
21 63 50
21 64 15
21 65 28
21 66 42
21 67 55
21 68 20
21 69 53
21 70 54
21 71 57
21 72 20
21 73 81
21 74 80
21 75 76
21 76 47
21 77 29
21 78 22
21 79 65
21 80 17
21 81 41
21 82 10
21 83 76
21 84 59
21 85 39
21 86 19
21 87 54
21 88 19
21 89 39
21 90 52
21 91 73
21 92 30
21 93 21
21 94 57
21 95 74
21 96 45
21 97 52
21 98 57
21 99 86
22 23 24
22 24 67
22 25 74
22 26 57
22 27 8
22 28 21
22 29 80
22 30 104
22 31 45
22 32 85
22 33 43
22 34 57
22 35 15
22 36 58
22 37 23
22 38 19
22 39 57
22 40 42
22 41 56
22 42 70
22 43 52
22 44 46
22 45 53
22 46 1
22 47 56
22 48 43
22 49 57
22 50 57
22 51 49
22 52 72
22 53 74
22 54 72
22 55 15
22 56 106
22 57 82
22 58 44
22 59 44
22 60 58
22 61 71
22 62 100
22 63 67
22 64 71
22 65 76
22 66 69
22 67 21
22 68 91
22 69 23
22 70 55
22 71 68
22 72 62
22 73 11
22 74 24
22 75 21
22 76 34
22 77 74
22 78 60
22 79 12
22 80 79
22 81 74
22 82 68
22 83 16
22 84 39
22 85 33
22 86 82
22 87 21
22 88 89
22 89 43
22 90 28
22 91 13
22 92 42
22 93 68
22 94 40
22 95 18
22 96 73
22 97 52
22 98 20
22 99 14
23 24 69
23 25 54
23 26 46
23 27 23
23 28 31
23 29 74
23 30 104
23 31 60
23 32 83
23 33 22
23 34 36
23 35 36
23 36 63
23 37 39
23 38 15
23 39 56
23 40 63
23 41 61
23 42 66
23 43 46
23 44 56
23 45 73
23 46 24
23 47 76
23 48 45
23 49 36
23 50 71
23 51 47
23 52 90
23 53 66
23 54 73
23 55 12
23 56 103
23 57 64
23 58 54
23 59 24
23 60 40
23 61 73
23 62 102
23 63 46
23 64 61
23 65 80
23 66 79
23 67 35
23 68 84
23 69 16
23 70 69
23 71 46
23 72 51
23 73 25
23 74 48
23 75 10
23 76 20
23 77 60
23 78 49
23 79 13
23 80 79
23 81 57
23 82 60
23 83 40
23 84 56
23 85 30
23 86 82
23 87 17
23 88 82
23 89 51
23 90 42
23 91 37
23 92 43
23 93 56
23 94 57
23 95 42
23 96 82
23 97 31
23 98 36
23 99 34
24 25 66
24 26 38
24 27 74
24 28 46
24 29 23
24 30 37
24 31 37
24 32 21
24 33 63
24 34 64
24 35 79
24 36 10
24 37 48
24 38 79
24 39 14
24 40 57
24 41 14
24 42 17
24 43 27
24 44 26
24 45 57
24 46 67
24 47 58
24 48 25
24 49 61
24 50 34
24 51 22
24 52 60
24 53 29
24 54 6
24 55 73
24 56 41
24 57 62
24 58 28
24 59 61
24 60 53
24 61 5
24 62 33
24 63 64
24 64 33
24 65 12
24 66 23
24 67 47
24 68 36
24 69 53
24 70 36
24 71 71
24 72 34
24 73 78
24 74 70
24 75 77
24 76 51
24 77 47
24 78 36
24 79 63
24 80 13
24 81 58
24 82 28
24 83 67
24 84 45
24 85 39
24 86 16
24 87 53
24 88 34
24 89 27
24 90 42
24 91 65
24 92 26
24 93 38
24 94 43
24 95 65
24 96 26
24 97 63
24 98 49
24 99 80
25 26 29
25 27 76
25 28 66
25 29 54
25 30 88
25 31 84
25 32 66
25 33 32
25 34 18
25 35 88
25 36 68
25 37 75
25 38 68
25 39 54
25 40 98
25 41 70
25 42 51
25 43 42
25 44 73
25 45 105
25 46 73
25 47 108
25 48 56
25 49 18
25 50 90
25 51 51
25 52 117
25 53 42
25 54 67
25 55 65
25 56 78
25 57 13
25 58 74
25 59 30
25 60 18
25 61 67
25 62 89
25 63 7
25 64 36
25 65 77
25 66 88
25 67 71
25 68 54
25 69 52
25 70 91
25 71 11
25 72 32
25 73 78
25 74 94
25 75 63
25 76 40
25 77 22
25 78 31
25 79 62
25 80 68
25 81 10
25 82 40
25 83 87
25 84 87
25 85 50
25 86 70
25 87 54
25 88 54
25 89 70
25 90 73
25 91 83
25 92 54
25 93 29
25 94 86
25 95 87
25 96 91
25 97 23
25 98 72
25 99 86
26 27 62
26 28 43
26 29 32
26 30 66
26 31 57
26 32 43
26 33 30
26 34 27
26 35 72
26 36 39
26 37 52
26 38 60
26 39 26
26 40 73
26 41 41
26 42 26
26 43 13
26 44 45
26 45 78
26 46 57
26 47 80
26 48 28
26 49 24
26 50 62
26 51 22
26 52 88
26 53 21
26 54 40
26 55 55
26 56 60
26 57 29
26 58 45
26 59 27
26 60 15
26 61 40
26 62 65
26 63 26
26 64 16
26 65 49
26 66 59
26 67 47
26 68 39
26 69 35
26 70 62
26 71 33
26 72 6
26 73 65
26 74 73
26 75 56
26 76 26
26 77 17
26 78 3
26 79 48
26 80 42
26 81 23
26 82 16
26 83 67
26 84 60
26 85 27
26 86 45
26 87 37
26 88 37
26 89 42
26 90 48
26 91 63
26 92 26
26 93 11
26 94 59
26 95 66
26 96 62
26 97 27
26 98 49
26 99 72
27 28 28
27 29 86
27 30 111
27 31 53
27 32 92
27 33 44
27 34 59
27 35 13
27 36 66
27 37 30
27 38 14
27 39 63
27 40 48
27 41 63
27 42 76
27 43 58
27 44 54
27 45 60
27 46 7
27 47 63
27 48 50
27 49 58
27 50 65
27 51 55
27 52 78
27 53 80
27 54 79
27 55 12
27 56 112
27 57 84
27 58 52
27 59 46
27 60 60
27 61 78
27 62 107
27 63 68
27 64 76
27 65 84
27 66 77
27 67 28
27 68 97
27 69 27
27 70 62
27 71 69
27 72 66
27 73 4
27 74 28
27 75 17
27 76 37
27 77 78
27 78 64
27 79 15
27 80 86
27 81 77
27 82 74
27 83 21
27 84 46
27 85 38
27 86 89
27 87 25
27 88 95
27 89 50
27 90 36
27 91 18
27 92 49
27 93 73
27 94 47
27 95 23
27 96 80
27 97 53
27 98 28
27 99 11
28 29 60
28 30 83
28 31 29
28 32 65
28 33 40
28 34 52
28 35 33
28 36 38
28 37 10
28 38 36
28 39 37
28 40 34
28 41 35
28 42 51
28 43 35
28 44 27
28 45 43
28 46 21
28 47 46
28 48 23
28 49 50
28 50 40
28 51 29
28 52 60
28 53 56
28 54 52
28 55 30
28 56 86
28 57 71
28 58 25
28 59 40
28 60 48
28 61 51
28 62 79
28 63 59
28 64 54
28 65 56
28 66 50
28 67 5
28 68 73
28 69 18
28 70 38
28 71 63
28 72 46
28 73 31
28 74 30
28 75 35
28 76 27
28 77 61
28 78 45
28 79 20
28 80 58
28 81 64
28 82 51
28 83 24
28 84 26
28 85 17
28 86 62
28 87 16
28 88 71
28 89 23
28 90 11
28 91 21
28 92 23
28 93 53
28 94 26
28 95 23
28 96 53
28 97 47
28 98 6
28 99 34
29 30 35
29 31 58
29 32 12
29 33 62
29 34 58
29 35 93
29 36 32
29 37 65
29 38 87
29 39 24
29 40 78
29 41 35
29 42 10
29 43 28
29 44 46
29 45 79
29 46 80
29 47 80
29 48 38
29 49 55
29 50 57
29 51 31
29 52 83
29 53 12
29 54 19
29 55 82
29 56 28
29 57 46
29 58 48
29 59 59
29 60 46
29 61 21
29 62 35
29 63 54
29 64 18
29 65 28
29 66 45
29 67 63
29 68 13
29 69 60
29 70 59
29 71 61
29 72 26
29 73 89
29 74 88
29 75 84
29 76 55
29 77 32
29 78 29
29 79 73
29 80 16
29 81 44
29 82 16
29 83 84
29 84 65
29 85 47
29 86 17
29 87 62
29 88 12
29 89 46
29 90 59
29 91 81
29 92 38
29 93 26
29 94 64
29 95 82
29 96 48
29 97 58
29 98 64
29 99 94
30 31 69
30 32 23
30 33 95
30 34 92
30 35 116
30 36 46
30 37 84
30 38 115
30 39 49
30 40 88
30 41 49
30 42 40
30 43 59
30 44 60
30 45 85
30 46 104
30 47 84
30 48 61
30 49 90
30 50 61
30 51 57
30 52 80
30 53 47
30 54 32
30 55 110
30 56 17
30 57 80
30 58 62
30 59 92
30 60 80
30 61 32
30 62 6
30 63 89
30 64 53
30 65 28
30 66 44
30 67 84
30 68 37
30 69 89
30 70 64
30 71 96
30 72 60
30 73 114
30 74 105
30 75 113
30 76 86
30 77 66
30 78 63
30 79 100
30 80 26
30 81 79
30 82 50
30 83 103
30 84 77
30 85 75
30 86 22
30 87 90
30 88 36
30 89 63
30 90 78
30 91 101
30 92 63
30 93 60
30 94 76
30 95 101
30 96 44
30 97 93
30 98 85
30 99 117
31 32 57
31 33 66
31 34 75
31 35 52
31 36 27
31 37 22
31 38 63
31 39 36
31 40 20
31 41 23
31 42 50
31 43 44
31 44 13
31 45 22
31 46 46
31 47 24
31 48 28
31 49 72
31 50 12
31 51 35
31 52 33
31 53 60
31 54 42
31 55 58
31 56 77
31 57 86
31 58 11
31 59 65
31 60 67
31 61 41
31 62 64
31 63 79
31 64 61
31 65 41
31 66 27
31 67 25
31 68 72
31 69 45
31 70 10
31 71 84
31 72 56
31 73 56
31 74 37
31 75 63
31 76 51
31 77 72
31 78 56
31 79 49
31 80 49
31 81 79
31 82 56
31 83 37
31 84 9
31 85 36
31 86 52
31 87 44
31 88 70
31 89 14
31 90 18
31 91 37
31 92 31
31 93 63
31 94 7
31 95 35
31 96 29
31 97 71
31 98 25
31 99 54
32 33 72
32 34 70
32 35 98
32 36 31
32 37 68
32 38 95
32 39 29
32 40 78
32 41 35
32 42 18
32 43 37
32 44 46
32 45 77
32 46 85
32 47 77
32 48 42
32 49 67
32 50 53
32 51 37
32 52 77
32 53 24
32 54 15
32 55 89
32 56 21
32 57 59
32 58 48
32 59 70
32 60 57
32 61 16
32 62 22
32 63 66
32 64 30
32 65 20
32 66 39
32 67 67
32 68 20
32 69 68
32 70 56
32 71 73
32 72 37
32 73 95
32 74 90
32 75 92
32 76 64
32 77 44
32 78 40
32 79 80
32 80 9
32 81 57
32 82 27
32 83 87
32 84 65
32 85 54
32 86 7
32 87 69
32 88 18
32 89 47
32 90 62
32 91 85
32 92 43
32 93 38
32 94 64
32 95 85
32 96 41
32 97 70
32 98 68
32 99 99
33 34 15
33 35 57
33 36 60
33 37 50
33 38 36
33 39 49
33 40 75
33 41 59
33 42 54
33 43 36
33 44 58
33 45 83
33 46 43
33 47 86
33 48 42
33 49 14
33 50 75
33 51 41
33 52 98
33 53 51
33 54 66
33 55 33
33 56 90
33 57 42
33 58 57
33 59 3
33 60 20
33 61 66
33 62 93
33 63 25
33 64 46
33 65 74
33 66 78
33 67 45
33 68 68
33 69 23
33 70 74
33 71 25
33 72 36
33 73 46
33 74 65
33 75 32
33 76 14
33 77 40
33 78 33
33 79 31
33 80 70
33 81 35
33 82 46
33 83 58
33 84 65
33 85 29
33 86 73
33 87 25
33 88 67
33 89 54
33 90 50
33 91 54
33 92 40
33 93 39
33 94 65
33 95 58
33 96 82
33 97 9
33 98 47
33 99 55
34 35 71
34 36 64
34 37 62
34 38 51
34 39 51
34 40 86
34 41 64
34 42 52
34 43 38
34 44 65
34 45 94
34 46 57
34 47 97
34 48 48
34 49 3
34 50 82
34 51 45
34 52 108
34 53 46
34 54 66
34 55 48
34 56 85
34 57 29
34 58 65
34 59 13
34 60 12
34 61 67
34 62 92
34 63 10
34 64 40
34 65 76
34 66 83
34 67 57
34 68 62
34 69 36
34 70 82
34 71 11
34 72 32
34 73 61
34 74 79
34 75 46
34 76 25
34 77 31
34 78 30
34 79 45
34 80 69
34 81 23
34 82 42
34 83 71
34 84 76
34 85 38
34 86 71
34 87 38
34 88 61
34 89 61
34 90 61
34 91 68
34 92 46
34 93 33
34 94 75
34 95 72
34 96 87
34 97 6
34 98 59
34 99 69
35 36 70
35 37 32
35 38 26
35 39 70
35 40 43
35 41 67
35 42 83
35 43 67
35 44 56
35 45 54
35 46 15
35 47 57
35 48 56
35 49 71
35 50 64
35 51 62
35 52 73
35 53 88
35 54 85
35 55 25
35 56 119
35 57 96
35 58 54
35 59 58
35 60 72
35 61 84
35 62 111
35 63 81
35 64 86
35 65 88
35 66 78
35 67 32
35 68 105
35 69 38
35 70 61
35 71 82
35 72 76
35 73 12
35 74 19
35 75 30
35 76 48
35 77 89
35 78 74
35 79 26
35 80 91
35 81 89
35 82 83
35 83 15
35 84 45
35 85 47
35 86 95
35 87 36
35 88 104
35 89 53
35 90 38
35 91 15
35 92 56
35 93 83
35 94 46
35 95 18
35 96 81
35 97 66
35 98 31
35 99 3
36 37 39
36 38 72
36 39 14
36 40 47
36 41 4
36 42 24
36 43 26
36 44 15
36 45 47
36 46 59
36 47 49
36 48 18
36 49 61
36 50 25
36 51 19
36 52 52
36 53 35
36 54 16
36 55 66
36 56 51
36 57 66
36 58 18
36 59 58
36 60 53
36 61 14
36 62 41
36 63 65
36 64 38
36 65 18
36 66 19
36 67 38
36 68 45
36 69 47
36 70 27
36 71 71
36 72 37
36 73 69
36 74 60
36 75 70
36 76 47
36 77 51
36 78 38
36 79 56
36 80 23
36 81 61
36 82 33
36 83 57
36 84 35
36 85 33
36 86 26
36 87 47
36 88 43
36 89 17
36 90 32
36 91 56
36 92 21
36 93 42
36 94 33
36 95 56
36 96 23
36 97 61
36 98 39
36 99 71
37 38 41
37 39 41
37 40 24
37 41 35
37 42 56
37 43 42
37 44 25
37 45 34
37 46 23
37 47 37
37 48 28
37 49 60
37 50 35
37 51 35
37 52 51
37 53 63
37 54 54
37 55 36
37 56 89
37 57 80
37 58 22
37 59 50
37 60 58
37 61 53
37 62 80
37 63 69
37 64 61
37 65 56
37 66 47
37 67 5
37 68 78
37 69 27
37 70 32
37 71 73
37 72 54
37 73 34
37 74 23
37 75 42
37 76 37
37 77 69
37 78 53
37 79 27
37 80 61
37 81 73
37 82 58
37 83 19
37 84 17
37 85 26
37 86 64
37 87 26
37 88 76
37 89 22
37 90 7
37 91 17
37 92 29
37 93 61
37 94 18
37 95 17
37 96 50
37 97 57
37 98 4
37 99 33
38 39 67
38 40 61
38 41 70
38 42 78
38 43 59
38 44 62
38 45 72
38 46 19
38 47 76
38 48 54
38 49 51
38 50 75
38 51 58
38 52 91
38 53 80
38 54 84
38 55 6
38 56 115
38 57 78
38 58 60
38 59 38
38 60 55
38 61 83
38 62 112
38 63 61
38 64 75
38 65 90
38 66 85
38 67 38
38 68 97
38 69 27
38 70 73
38 71 60
38 72 65
38 73 13
38 74 42
38 75 5
38 76 34
38 77 75
38 78 63
38 79 16
38 80 90
38 81 71
38 82 74
38 83 35
38 84 58
38 85 41
38 86 93
38 87 26
38 88 96
38 89 58
38 90 46
38 91 32
38 92 53
38 93 70
38 94 59
38 95 37
38 96 89
38 97 45
38 98 38
38 99 23
39 40 55
39 41 16
39 42 14
39 43 13
39 44 24
39 45 58
39 46 57
39 47 60
39 48 14
39 49 48
39 50 38
39 51 9
39 52 65
39 53 24
39 54 18
39 55 61
39 56 49
39 57 53
39 58 25
39 59 47
39 60 40
39 61 17
39 62 46
39 63 52
39 64 25
39 65 26
39 66 33
39 67 39
39 68 37
39 69 40
39 70 39
39 71 58
39 72 23
39 73 67
39 74 64
39 75 64
39 76 38
39 77 38
39 78 24
39 79 51
39 80 23
39 81 47
39 82 20
39 83 60
39 84 42
39 85 26
39 86 26
39 87 41
39 88 35
39 89 23
39 90 35
39 91 57
39 92 14
39 93 28
39 94 41
39 95 58
39 96 37
39 97 49
39 98 40
39 99 70
40 41 43
40 42 69
40 43 61
40 44 32
40 45 11
40 46 43
40 47 14
40 48 45
40 49 84
40 50 28
40 51 52
40 52 30
40 53 79
40 54 62
40 55 57
40 56 97
40 57 102
40 58 31
40 59 75
40 60 81
40 61 61
40 62 83
40 63 93
40 64 79
40 65 61
40 66 45
40 67 29
40 68 92
40 69 52
40 70 24
40 71 97
40 72 74
40 73 51
40 74 24
40 75 63
40 76 61
40 77 89
40 78 73
40 79 50
40 80 69
40 81 95
40 82 75
40 83 28
40 84 13
40 85 48
40 86 72
40 87 50
40 88 90
40 89 33
40 90 25
40 91 30
40 92 47
40 93 80
40 94 14
40 95 26
40 96 46
40 97 81
40 98 28
40 99 46
41 42 27
41 43 28
41 44 12
41 45 44
41 46 56
41 47 45
41 48 17
41 49 62
41 50 22
41 51 19
41 52 49
41 53 39
41 54 19
41 55 64
41 56 55
41 57 68
41 58 14
41 59 58
41 60 54
41 61 18
41 62 45
41 63 66
41 64 40
41 65 21
41 66 19
41 67 35
41 68 49
41 69 45
41 70 24
41 71 72
41 72 39
41 73 66
41 74 56
41 75 68
41 76 46
41 77 54
41 78 39
41 79 54
41 80 26
41 81 63
41 82 36
41 83 54
41 84 31
41 85 32
41 86 30
41 87 45
41 88 47
41 89 14
41 90 29
41 91 52
41 92 20
41 93 44
41 94 29
41 95 52
41 96 23
41 97 61
41 98 36
41 99 68
42 43 19
42 44 37
42 45 71
42 46 70
42 47 72
42 48 28
42 49 50
42 50 49
42 51 21
42 52 76
42 53 12
42 54 16
42 55 73
42 56 37
42 57 46
42 58 39
42 59 52
42 60 40
42 61 17
42 62 39
42 63 50
42 64 16
42 65 26
42 66 40
42 67 53
42 68 23
42 69 51
42 70 51
42 71 57
42 72 20
42 73 79
42 74 78
42 75 75
42 76 46
42 77 31
42 78 23
42 79 63
42 80 17
42 81 43
42 82 11
42 83 74
42 84 56
42 85 38
42 86 19
42 87 52
42 88 21
42 89 37
42 90 50
42 91 71
42 92 28
42 93 22
42 94 55
42 95 72
42 96 43
42 97 52
42 98 55
42 99 84
43 44 32
43 45 65
43 46 52
43 47 67
43 48 16
43 49 35
43 50 48
43 51 9
43 52 75
43 53 22
43 54 29
43 55 53
43 56 56
43 57 42
43 58 32
43 59 34
43 60 27
43 61 30
43 62 57
43 63 39
43 64 20
43 65 39
43 66 46
43 67 38
43 68 39
43 69 32
43 70 49
43 71 45
43 72 13
43 73 61
43 74 64
43 75 56
43 76 27
43 77 29
43 78 13
43 79 44
43 80 34
43 81 36
43 82 16
43 83 59
43 84 48
43 85 20
43 86 37
43 87 33
43 88 37
43 89 29
43 90 37
43 91 56
43 92 14
43 93 19
43 94 47
43 95 58
43 96 50
43 97 36
43 98 40
43 99 66
44 45 34
44 46 47
44 47 36
44 48 17
44 49 63
44 50 17
44 51 23
44 52 43
44 53 48
44 54 31
44 55 56
44 56 66
44 57 74
44 58 2
44 59 57
44 60 56
44 61 30
44 62 56
44 63 69
44 64 48
44 65 32
44 66 23
44 67 25
44 68 59
44 69 40
44 70 17
44 71 74
44 72 44
44 73 57
44 74 45
44 75 61
44 76 44
44 77 60
44 78 44
44 79 46
44 80 38
44 81 68
44 82 44
44 83 43
44 84 19
44 85 28
44 86 41
44 87 39
44 88 58
44 89 4
44 90 18
44 91 42
44 92 20
44 93 51
44 94 18
44 95 41
44 96 27
44 97 61
44 98 26
44 99 58
45 46 54
45 47 3
45 48 50
45 49 92
45 50 24
45 51 56
45 52 19
45 53 82
45 54 62
45 55 68
45 56 95
45 57 107
45 58 33
45 59 83
45 60 87
45 61 60
45 62 79
45 63 100
45 64 83
45 65 58
45 66 40
45 67 39
45 68 93
45 69 61
45 70 21
45 71 104
45 72 78
45 73 62
45 74 35
45 75 74
45 76 69
45 77 94
45 78 78
45 79 61
45 80 68
45 81 101
45 82 78
45 83 39
45 84 18
45 85 56
45 86 71
45 87 59
45 88 91
45 89 36
45 90 33
45 91 41
45 92 52
45 93 85
45 94 19
45 95 37
45 96 41
45 97 89
45 98 38
45 99 57
46 47 57
46 48 43
46 49 56
46 50 58
46 51 49
46 52 72
46 53 74
46 54 72
46 55 15
46 56 106
46 57 81
46 58 45
46 59 44
46 60 57
46 61 72
46 62 100
46 63 66
46 64 71
46 65 77
46 66 70
46 67 21
46 68 91
46 69 23
46 70 55
46 71 68
46 72 61
46 73 11
46 74 24
46 75 21
46 76 33
46 77 74
46 78 60
46 79 12
46 80 79
46 81 74
46 82 68
46 83 17
46 84 40
46 85 33
46 86 82
46 87 21
46 88 89
46 89 43
46 90 29
46 91 14
46 92 42
46 93 68
46 94 40
46 95 19
46 96 73
46 97 51
46 98 21
46 99 14
47 48 52
47 49 95
47 50 24
47 51 58
47 52 16
47 53 83
47 54 63
47 55 71
47 56 95
47 57 109
47 58 35
47 59 86
47 60 90
47 61 61
47 62 79
47 63 102
47 64 84
47 65 58
47 66 40
47 67 42
47 68 94
47 69 64
47 70 21
47 71 107
47 72 80
47 73 65
47 74 38
47 75 77
47 76 72
47 77 96
47 78 80
47 79 64
47 80 69
47 81 103
47 82 80
47 83 42
47 84 21
47 85 58
47 86 71
47 87 62
47 88 92
47 89 38
47 90 36
47 91 44
47 92 54
47 93 87
47 94 22
47 95 40
47 96 41
47 97 92
47 98 41
47 99 60
48 49 46
48 50 34
48 51 7
48 52 60
48 53 35
48 54 30
48 55 48
48 56 63
48 57 58
48 58 17
48 59 41
48 60 39
48 61 29
48 62 58
48 63 52
48 64 35
48 65 36
48 66 36
48 67 25
48 68 50
48 69 28
48 70 34
48 71 57
48 72 29
48 73 53
48 74 50
48 75 52
48 76 29
48 77 44
48 78 28
48 79 39
48 80 36
48 81 51
48 82 30
48 83 46
48 84 32
48 85 15
48 86 40
48 87 29
48 88 49
48 89 14
48 90 22
48 91 43
48 92 3
48 93 35
48 94 31
48 95 44
48 96 40
48 97 45
48 98 27
48 99 57
49 50 80
49 51 42
49 52 105
49 53 44
49 54 63
49 55 48
49 56 83
49 57 28
49 58 62
49 59 13
49 60 10
49 61 64
49 62 89
49 63 10
49 64 38
49 65 73
49 66 80
49 67 55
49 68 59
49 69 35
49 70 80
49 71 12
49 72 29
49 73 60
49 74 77
49 75 46
49 76 24
49 77 29
49 78 27
49 79 44
49 80 66
49 81 22
49 82 40
49 83 70
49 84 73
49 85 36
49 86 69
49 87 37
49 88 59
49 89 59
49 90 59
49 91 66
49 92 43
49 93 30
49 94 73
49 95 70
49 96 84
49 97 6
49 98 57
49 99 69
50 51 39
50 52 27
50 53 61
50 54 38
50 55 70
50 56 71
50 57 90
50 58 18
50 59 74
50 60 74
50 61 37
50 62 55
50 63 86
50 64 63
50 65 34
50 66 17
50 67 37
50 68 70
50 69 56
50 70 4
50 71 92
50 72 60
50 73 68
50 74 49
50 75 75
50 76 61
50 77 76
50 78 61
50 79 60
50 80 44
50 81 84
50 82 58
50 83 49
50 84 20
50 85 45
50 86 47
50 87 55
50 88 68
50 89 21
50 90 30
50 91 49
50 92 37
50 93 66
50 94 19
50 95 47
50 96 18
50 97 79
50 98 37
50 99 66
51 52 66
51 53 28
51 54 26
51 55 52
51 56 58
51 57 51
51 58 23
51 59 39
51 60 35
51 61 26
51 62 55
51 63 47
51 64 27
51 65 34
51 66 38
51 67 32
51 68 43
51 69 31
51 70 40
51 71 53
51 72 22
51 73 58
51 74 57
51 75 56
51 76 29
51 77 38
51 78 22
51 79 43
51 80 32
51 81 45
51 82 23
51 83 53
51 84 39
51 85 17
51 86 35
51 87 32
51 88 42
51 89 20
51 90 30
51 91 50
51 92 7
51 93 28
51 94 38
51 95 52
51 96 42
51 97 42
51 98 34
51 99 63
52 53 88
52 54 64
52 55 86
52 56 93
52 57 117
52 58 43
52 59 98
52 60 100
52 61 62
52 62 74
52 63 112
52 64 90
52 65 57
52 66 38
52 67 55
52 68 95
52 69 77
52 70 26
52 71 117
52 72 87
52 73 81
52 74 54
52 75 92
52 76 84
52 77 103
52 78 88
52 79 78
52 80 69
52 81 111
52 82 85
52 83 58
52 84 34
52 85 69
52 86 71
52 87 76
52 88 94
52 89 47
52 90 49
52 91 60
52 92 63
52 93 93
52 94 34
52 95 56
52 96 37
52 97 104
52 98 55
52 99 76
53 54 27
53 55 74
53 56 39
53 57 35
53 58 49
53 59 49
53 60 34
53 61 28
53 62 47
53 63 42
53 64 6
53 65 37
53 66 52
53 67 60
53 68 18
53 69 53
53 70 63
53 71 49
53 72 15
53 73 83
53 74 85
53 75 76
53 76 46
53 77 20
53 78 18
53 79 66
53 80 26
53 81 32
53 82 6
53 83 80
53 84 66
53 85 42
53 86 28
53 87 55
53 88 16
53 89 47
53 90 57
53 91 77
53 92 34
53 93 14
53 94 65
53 95 79
53 96 55
53 97 47
53 98 61
53 99 88
54 55 78
54 56 35
54 57 62
54 58 33
54 59 64
54 60 54
54 61 1
54 62 28
54 63 65
54 64 32
54 65 10
54 66 26
54 67 53
54 68 32
54 69 57
54 70 41
54 71 72
54 72 35
54 73 83
54 74 76
54 75 81
54 76 55
54 77 47
54 78 37
54 79 68
54 80 7
54 81 58
54 82 27
54 83 73
54 84 50
54 85 43
54 86 10
54 87 58
54 88 30
54 89 33
54 90 47
54 91 71
54 92 31
54 93 38
54 94 49
54 95 71
54 96 29
54 97 65
54 98 54
54 99 85
55 56 110
55 57 75
55 58 54
55 59 35
55 60 51
55 61 78
55 62 106
55 63 58
55 64 70
55 65 84
55 66 80
55 67 32
55 68 92
55 69 21
55 70 67
55 71 58
55 72 60
55 73 13
55 74 39
55 75 6
55 76 29
55 77 70
55 78 58
55 79 10
55 80 84
55 81 68
55 82 69
55 83 32
55 84 53
55 85 35
55 86 88
55 87 20
55 88 91
55 89 52
55 90 40
55 91 28
55 92 47
55 93 66
55 94 53
55 95 33
55 96 83
55 97 42
55 98 33
55 99 22
56 57 68
56 58 68
56 59 87
56 60 73
56 61 36
56 62 22
56 63 80
56 64 45
56 65 37
56 66 55
56 67 88
56 68 24
56 69 88
56 70 74
56 71 87
56 72 54
56 73 116
56 74 111
56 75 112
56 76 83
56 77 56
56 78 57
56 79 100
56 80 28
56 81 68
56 82 44
56 83 108
56 84 85
56 85 75
56 86 25
56 87 89
56 88 25
56 89 68
56 90 82
56 91 106
56 92 64
56 93 52
56 94 83
56 95 106
56 96 56
56 97 86
56 98 89
56 99 120
57 58 75
57 59 40
57 60 24
57 61 63
57 62 81
57 63 19
57 64 30
57 65 72
57 66 85
57 67 75
57 68 44
57 69 59
57 70 91
57 71 23
57 72 30
57 73 87
57 74 100
57 75 74
57 76 48
57 77 15
57 78 30
57 79 70
57 80 62
57 81 7
57 82 35
57 83 93
57 84 89
57 85 55
57 86 63
57 87 61
57 88 44
57 89 72
57 90 77
57 91 90
57 92 55
57 93 25
57 94 89
57 95 93
57 96 89
57 97 34
57 98 77
57 99 95
58 59 56
58 60 56
58 61 32
58 62 58
58 63 69
58 64 49
58 65 34
58 66 25
58 67 23
58 68 61
58 69 38
58 70 17
58 71 74
58 72 45
58 73 55
58 74 43
58 75 59
58 76 43
58 77 61
58 78 45
58 79 45
58 80 40
58 81 68
58 82 45
58 83 41
58 84 18
58 85 28
58 86 43
58 87 38
58 88 59
58 89 3
58 90 16
58 91 39
58 92 20
58 93 51
58 94 16
58 95 39
58 96 29
58 97 61
58 98 24
58 99 56
59 60 17
59 61 64
59 62 91
59 63 23
59 64 43
59 65 72
59 66 77
59 67 45
59 68 66
59 69 24
59 70 73
59 71 24
59 72 33
59 73 48
59 74 66
59 75 34
59 76 14
59 77 38
59 78 31
59 79 32
59 80 67
59 81 33
59 82 44
59 83 59
59 84 65
59 85 29
59 86 70
59 87 26
59 88 65
59 89 53
59 90 50
59 91 55
59 92 38
59 93 36
59 94 65
59 95 59
59 96 81
59 97 7
59 98 47
59 99 56
60 61 55
60 62 79
60 63 13
60 64 28
60 65 64
60 66 72
60 67 53
60 68 50
60 69 35
60 70 74
60 71 19
60 72 20
60 73 63
60 74 77
60 75 50
60 76 24
60 77 21
60 78 18
60 79 46
60 80 57
60 81 17
60 82 30
60 83 70
60 84 69
60 85 32
60 86 59
60 87 37
60 88 49
60 89 53
60 90 55
60 91 66
60 92 37
60 93 21
60 94 68
60 95 70
60 96 76
60 97 14
60 98 54
60 99 71
61 62 29
61 63 66
61 64 33
61 65 10
61 66 25
61 67 52
61 68 33
61 69 57
61 70 40
61 71 73
61 72 36
61 73 82
61 74 74
61 75 81
61 76 55
61 77 48
61 78 37
61 79 68
61 80 8
61 81 59
61 82 28
61 83 72
61 84 49
61 85 43
61 86 11
61 87 57
61 88 31
61 89 31
61 90 46
61 91 70
61 92 30
61 93 39
61 94 47
61 95 70
61 96 27
61 97 65
61 98 53
61 99 85
62 63 89
62 64 53
62 65 24
62 66 39
62 67 80
62 68 39
62 69 86
62 70 59
62 71 96
62 72 59
62 73 111
62 74 100
62 75 110
62 76 83
62 77 67
62 78 62
62 79 97
62 80 23
62 81 79
62 82 49
62 83 98
62 84 72
62 85 72
62 86 20
62 87 86
62 88 38
62 89 58
62 90 73
62 91 97
62 92 59
62 93 60
62 94 71
62 95 96
62 96 38
62 97 91
62 98 81
62 99 113
63 64 36
63 65 75
63 66 84
63 67 64
63 68 56
63 69 45
63 70 86
63 71 7
63 72 30
63 73 71
63 74 87
63 75 56
63 76 34
63 77 24
63 78 28
63 79 54
63 80 67
63 81 13
63 82 39
63 83 80
63 84 81
63 85 44
63 86 69
63 87 47
63 88 55
63 89 66
63 90 67
63 91 76
63 92 49
63 93 29
63 94 81
63 95 80
63 96 88
63 97 16
63 98 66
63 99 79
64 65 42
64 66 56
64 67 58
64 68 23
64 69 49
64 70 64
64 71 43
64 72 10
64 73 79
64 74 84
64 75 71
64 76 42
64 77 15
64 78 13
64 79 62
64 80 32
64 81 27
64 82 5
64 83 78
64 84 66
64 85 39
64 86 33
64 87 51
64 88 22
64 89 47
64 90 56
64 91 75
64 92 33
64 93 8
64 94 65
64 95 77
64 96 59
64 97 41
64 98 59
64 99 85
65 66 19
65 67 56
65 68 39
65 69 64
65 70 37
65 71 82
65 72 45
65 73 87
65 74 77
65 75 88
65 76 63
65 77 57
65 78 47
65 79 74
65 80 12
65 81 68
65 82 37
65 83 75
65 84 49
65 85 50
65 86 14
65 87 64
65 88 38
65 89 34
65 90 50
65 91 73
65 92 37
65 93 48
65 94 48
65 95 73
65 96 21
65 97 74
65 98 57
65 99 89
66 67 48
66 68 58
66 69 62
66 70 20
66 71 91
66 72 56
66 73 80
66 74 64
66 75 84
66 76 65
66 77 70
66 78 57
66 79 70
66 80 31
66 81 80
66 82 51
66 83 64
66 84 35
66 85 50
66 86 33
66 87 62
66 88 56
66 89 27
66 90 41
66 91 63
66 92 38
66 93 61
66 94 34
66 95 61
66 96 4
66 97 80
66 98 49
66 99 80
67 68 75
67 69 22
67 70 35
67 71 68
67 72 50
67 73 32
67 74 26
67 75 38
67 76 32
67 77 65
67 78 49
67 79 23
67 80 60
67 81 68
67 82 54
67 83 21
67 84 21
67 85 21
67 86 63
67 87 21
67 88 74
67 89 22
67 90 8
67 91 18
67 92 26
67 93 57
67 94 22
67 95 20
67 96 52
67 97 52
67 98 2
67 99 33
68 69 71
68 70 72
68 71 63
68 72 33
68 73 100
68 74 101
68 75 94
68 76 64
68 77 32
68 78 35
68 79 83
68 80 27
68 81 44
68 82 23
68 83 96
68 84 79
68 85 59
68 86 26
68 87 72
68 88 2
68 89 60
68 90 72
68 91 93
68 92 50
68 93 29
68 94 77
68 95 95
68 96 60
68 97 63
68 98 77
68 99 105
69 70 54
69 71 47
69 72 40
69 73 30
69 74 43
69 75 24
69 76 11
69 77 51
69 78 38
69 79 13
69 80 63
69 81 51
69 82 48
69 83 35
69 84 43
69 85 14
69 86 67
69 87 2
69 88 69
69 89 36
69 90 28
69 91 32
69 92 27
69 93 46
69 94 43
69 95 36
69 96 66
69 97 31
69 98 24
69 99 37
70 71 92
70 72 61
70 73 65
70 74 45
70 75 73
70 76 60
70 77 77
70 78 62
70 79 58
70 80 47
70 81 85
70 82 59
70 83 46
70 84 16
70 85 45
70 86 50
70 87 53
70 88 70
70 89 21
70 90 27
70 91 46
70 92 37
70 93 67
70 94 15
70 95 44
70 96 22
70 97 78
70 98 35
70 99 63
71 72 37
71 73 71
71 74 90
71 75 56
71 76 36
71 77 31
71 78 35
71 79 56
71 80 74
71 81 20
71 82 46
71 83 82
71 84 86
71 85 49
71 86 76
71 87 49
71 88 62
71 89 71
71 90 71
71 91 78
71 92 55
71 93 36
71 94 85
71 95 83
71 96 95
71 97 16
71 98 69
71 99 80
72 73 70
72 74 76
72 75 61
72 76 31
72 77 16
72 78 3
72 79 52
72 80 37
72 81 24
72 82 11
72 83 70
72 84 61
72 85 30
72 86 39
72 87 41
72 88 32
72 89 42
72 90 50
72 91 67
72 92 27
72 93 7
72 94 60
72 95 69
72 96 60
72 97 32
72 98 52
72 99 76
73 74 29
73 75 17
73 76 40
73 77 81
73 78 67
73 79 17
73 80 89
73 81 80
73 82 77
73 83 23
73 84 49
73 85 42
73 86 93
73 87 28
73 88 99
73 89 54
73 90 39
73 91 21
73 92 52
73 93 76
73 94 50
73 95 25
73 96 83
73 97 55
73 98 31
73 99 9
74 75 45
74 76 54
74 77 90
74 78 74
74 79 36
74 80 82
74 81 93
74 82 80
74 83 7
74 84 29
74 85 46
74 86 86
74 87 40
74 88 99
74 89 43
74 90 29
74 91 11
74 92 51
74 93 82
74 94 30
74 95 7
74 96 66
74 97 73
74 98 24
74 99 23
75 76 30
75 77 70
75 78 59
75 79 15
75 80 87
75 81 67
75 82 70
75 83 38
75 84 59
75 85 38
75 86 91
75 87 24
75 88 92
75 89 57
75 90 46
75 91 34
75 92 51
75 93 66
75 94 59
75 95 39
75 96 88
75 97 40
75 98 38
75 99 27
76 77 41
76 78 29
76 79 22
76 80 60
76 81 41
76 82 41
76 83 47
76 84 51
76 85 15
76 86 63
76 87 13
76 88 62
76 89 40
76 90 36
76 91 43
76 92 27
76 93 37
76 94 51
76 95 47
76 96 69
76 97 20
76 98 33
76 99 47
77 78 16
77 79 64
77 80 47
77 81 12
77 82 20
77 83 84
77 84 77
77 85 44
77 86 48
77 87 53
77 88 32
77 89 58
77 90 65
77 91 81
77 92 42
77 93 10
77 94 76
77 95 84
77 96 73
77 97 34
77 98 66
77 99 88
78 79 50
78 80 39
78 81 24
78 82 13
78 83 68
78 84 60
78 85 28
78 86 42
78 87 39
78 88 34
78 89 42
78 90 49
78 91 65
78 92 26
78 93 8
78 94 59
78 95 68
78 96 61
78 97 30
78 98 50
78 99 74
79 80 74
79 81 63
79 82 60
79 83 28
79 84 45
79 85 26
79 86 78
79 87 11
79 88 82
79 89 42
79 90 31
79 91 24
79 92 37
79 93 58
79 94 45
79 95 29
79 96 73
79 97 39
79 98 24
79 99 25
80 81 59
80 82 28
80 83 80
80 84 57
80 85 49
80 86 4
80 87 64
80 88 25
80 89 39
80 90 54
80 91 78
80 92 37
80 93 39
80 94 55
80 95 78
80 96 33
80 97 68
80 98 61
80 99 92
81 82 31
81 83 86
81 84 83
81 85 47
81 86 60
81 87 54
81 88 44
81 89 65
81 90 70
81 91 82
81 92 49
81 93 20
81 94 82
81 95 86
81 96 84
81 97 27
81 98 70
81 99 88
82 83 75
82 84 62
82 85 36
82 86 30
82 87 49
82 88 22
82 89 42
82 90 52
82 91 72
82 92 29
82 93 11
82 94 61
82 95 74
82 96 54
82 97 43
82 98 56
82 99 83
83 84 29
83 85 40
83 86 83
83 87 33
83 88 94
83 89 40
83 90 25
83 91 4
83 92 46
83 93 77
83 94 31
83 95 2
83 96 66
83 97 66
83 98 19
83 99 18
84 85 37
84 86 60
84 87 42
84 88 77
84 89 20
84 90 15
84 91 30
84 92 34
84 93 67
84 94 2
84 95 27
84 96 38
84 97 71
84 98 21
84 99 47
85 86 52
85 87 15
85 88 57
85 89 24
85 90 23
85 91 37
85 92 13
85 93 37
85 94 37
85 95 40
85 96 54
85 97 34
85 98 23
85 99 47
86 87 67
86 88 25
86 89 43
86 90 58
86 91 81
86 92 40
86 93 41
86 94 58
86 95 81
86 96 34
86 97 71
86 98 64
86 99 96
87 88 71
87 89 35
87 90 27
87 91 29
87 92 27
87 93 47
87 94 42
87 95 34
87 96 66
87 97 33
87 98 22
87 99 35
88 89 58
88 90 70
88 91 92
88 92 48
88 93 28
88 94 76
88 95 93
88 96 58
88 97 63
88 98 75
88 99 104
89 90 15
89 91 39
89 92 16
89 93 49
89 94 18
89 95 38
89 96 31
89 97 58
89 98 23
89 99 55
90 91 24
90 92 23
90 93 56
90 94 15
90 95 24
90 96 44
90 97 56
90 98 8
90 99 40
91 92 43
91 93 73
91 94 31
91 95 5
91 96 66
91 97 62
91 98 17
91 99 17
92 93 33
92 94 33
92 95 45
92 96 42
92 97 42
92 98 27
92 99 56
93 94 66
93 95 76
93 96 64
93 97 34
93 98 58
93 99 82
94 95 28
94 96 36
94 97 71
94 98 21
94 99 48
95 96 64
95 97 66
95 98 18
95 99 20
96 97 84
96 98 52
96 99 83
97 98 53
97 99 64
98 99 32
0 2 48
0 3 15
0 6 16
0 9 10
0 10 48
0 12 79
0 14 21
0 15 54
0 17 57
0 18 44
0 20 23
0 21 17
0 24 30
0 26 8
0 28 43
0 29 24
0 30 58
0 31 52
0 34 35
0 35 74
0 36 32
0 37 51
0 38 64
0 39 18
0 40 70
0 43 9
0 44 40
0 45 74
0 47 76
0 48 25
0 49 33
0 50 56
0 52 83
0 54 31
0 55 59
0 57 34
0 58 41
0 59 35
0 60 23
0 61 32
0 62 57
0 63 34
0 66 51
0 67 47
0 68 33
0 70 57
0 71 41
0 73 68
0 74 73
0 76 31
0 77 20
0 78 6
0 80 34
0 82 10
0 83 67
0 84 57
0 86 36
0 87 40
0 88 31
0 90 46
0 91 64
0 92 23
0 95 66
0 96 55
0 97 35
0 98 48
0 99 74
1 2 85
1 3 76
1 4 28
1 6 57
1 8 59
1 9 54
1 10 85
1 11 48
1 12 69
1 13 77
1 15 54
1 16 62
1 18 92
1 20 46
1 23 23
1 24 72
1 25 75
1 26 61
1 27 2
1 28 26
1 29 84
1 30 109
1 34 58
1 35 13
1 37 28
1 38 15
1 39 61
1 40 47
1 42 74
1 47 61
1 48 48
1 50 63
1 51 53
1 55 13
1 57 84
1 58 50
1 59 45
1 60 59
1 61 77
1 63 68
1 64 75
1 65 82
1 66 75
1 67 26
1 68 95
1 69 26
1 70 60
1 71 69
1 72 65
1 73 5
1 74 27
1 75 18
1 78 63
1 80 84
1 81 76
1 82 72
1 83 20
1 85 37
1 87 24
1 88 94
1 89 48
1 90 34
1 92 47
1 94 45
1 95 22
1 96 78
1 97 53
1 98 26
1 99 11
2 3 56
2 8 26
2 10 1
2 11 40
2 12 54
2 13 69
2 14 62
2 15 39
2 16 31
2 17 11
2 19 63
2 20 43
2 21 34
2 22 80
2 23 85
2 24 18
2 25 83
2 26 56
2 28 59
2 29 34
2 30 28
2 31 41
2 33 80
2 34 82
2 36 22
2 38 94
2 39 32
2 41 24
2 42 32
2 43 45
2 44 34
2 46 80
2 47 57
2 49 79
2 52 54
2 53 44
2 54 17
2 55 88
2 56 39
2 57 79
2 58 36
2 61 16
2 63 82
2 64 48
2 67 59
2 70 36
2 71 88
2 72 52
2 74 78
2 76 68
2 77 63
2 78 53
2 79 78
2 80 18
2 82 44
2 85 55
2 86 19
2 87 69
2 88 43
2 89 37
2 90 52
2 91 75
2 93 55
2 94 48
2 96 17
2 98 60
2 99 92
3 4 49
3 6 21
3 8 47
3 10 56
3 12 93
3 13 13
3 14 7
3 15 68
3 16 31
3 18 48
3 20 37
3 21 22
3 22 73
3 23 60
3 24 40
3 25 29
3 26 15
3 27 77
3 28 57
3 29 25
3 30 59
3 31 67
3 33 43
3 34 36
3 36 45
3 38 75
3 39 31
3 40 84
3 42 23
3 43 24
3 45 88
3 47 90
3 49 33
3 50 69
3 52 96
3 53 13
3 54 39
3 56 50
3 57 23
3 58 55
3 59 40
3 60 24
3 62 59
3 63 30
3 64 7
3 65 49
3 66 63
3 68 26
3 69 50
3 70 71
3 71 37
3 72 11
3 73 80
3 75 71
3 76 41
3 79 63
3 81 20
3 85 41
3 86 41
3 87 52
3 89 52
3 90 61
3 92 38
3 94 70
3 95 80
3 96 66
3 97 37
3 98 63
4 5 70
4 10 70
4 11 44
4 14 53
4 17 81
4 18 73
4 19 22
4 20 27
4 21 52
4 22 26
4 23 15
4 24 54
4 26 33
4 28 21
4 29 60
4 31 48
4 33 19
4 34 33
4 35 40
4 36 48
4 37 31
4 38 27
4 40 55
4 41 47
4 42 51
4 43 32
4 44 43
4 45 65
4 46 25
4 47 68
4 51 32
4 53 53
4 54 58
4 55 22
4 56 88
4 57 56
4 58 41
4 60 32
4 63 41
4 64 48
4 66 65
4 67 26
4 68 70
4 69 4
4 71 44
4 72 38
4 73 32
4 75 24
4 77 49
4 78 36
4 79 14
4 80 64
4 81 49
4 82 47
4 85 16
4 86 67
4 87 6
4 88 69
4 91 35
4 94 47
4 96 69
4 98 27
5 6 84
5 8 43
5 9 73
5 10 53
5 11 30
5 15 22
5 17 60
5 19 50
5 20 55
5 21 74
5 22 60
5 23 80
5 24 56
5 25 109
5 27 67
5 28 49
5 31 24
5 32 75
5 34 98
5 35 62
5 36 48
5 39 59
5 40 19
5 41 44
5 46 61
5 47 5
5 48 52
5 49 96
5 51 59
5 54 61
5 56 92
5 57 110
5 58 35
5 60 91
5 61 59
5 62 75
5 63 104
5 65 56
5 66 37
5 67 45
5 68 92
5 69 67
5 71 109
5 72 80
5 73 69
5 74 43
5 75 81
5 76 74
5 77 96
5 78 80
5 80 67
5 83 47
5 85 60
5 86 69
5 87 65
5 89 39
5 90 39
5 92 55
5 95 45
5 96 37
5 97 94
5 99 65
6 7 33
6 8 46
6 9 12
6 12 87
6 13 21
6 16 32
6 17 72
6 20 28
6 24 45
6 25 25
6 26 8
6 27 58
6 28 42
6 29 40
6 30 74
6 32 51
6 33 22
6 34 19
6 35 69
6 36 45
6 37 52
6 40 74
6 41 46
6 42 33
6 43 19
6 44 49
6 46 54
6 48 32
6 49 17
6 50 66
6 51 27
6 52 92
6 53 29
6 56 68
6 57 28
6 58 49
6 60 8
6 61 47
6 62 73
6 63 20
6 64 23
6 65 56
6 66 64
6 68 46
6 70 66
6 72 14
6 73 61
6 74 72
6 76 21
6 78 11
6 80 50
6 81 21
6 82 24
6 83 65
6 85 26
6 86 52
6 87 33
6 88 45
6 92 29
6 93 17
6 94 61
6 97 19
6 98 49
6 99 68
7 8 78
7 10 92
7 11 87
7 12 120
7 13 24
7 14 32
7 15 95
7 16 63
7 17 100
7 18 85
7 19 76
7 21 58
7 22 81
7 23 59
7 24 74
7 25 9
7 26 38
7 27 82
7 28 74
7 29 61
7 31 93
7 33 38
7 34 23
7 35 94
7 36 77
7 38 74
7 39 63
7 40 107
7 41 78
7 42 59
7 43 51
7 44 82
7 46 80
7 47 116
7 48 65
7 50 99
7 53 49
7 55 71
7 56 84
7 57 16
7 58 82
7 59 36
7 60 26
7 61 75
7 62 96
7 63 14
7 65 85
7 68 60
7 69 59
7 70 99
7 72 40
7 73 84
7 74 101
7 76 48
7 78 39
7 79 68
7 80 75
7 82 48
7 83 94
7 84 95
7 85 58
7 88 60
7 89 79
7 92 62
7 93 37
7 95 94
7 96 100
7 97 29
7 99 93
8 10 26
8 12 45
8 13 58
8 15 22
8 16 16
8 17 37
8 19 37
8 20 20
8 22 54
8 23 60
8 24 16
8 25 70
8 26 41
8 27 61
8 28 33
8 29 37
8 30 51
8 31 22
8 36 6
8 38 68
8 39 16
8 40 42
8 41 2
8 42 28
8 43 27
8 44 10
8 46 54
8 47 44
8 48 16
8 49 61
8 51 19
8 52 49
8 53 39
8 54 21
8 56 56
8 57 69
8 58 12
8 59 57
8 61 20
8 62 46
8 63 66
8 64 41
8 65 23
8 66 20
8 70 23
8 72 39
8 73 65
8 75 66
8 76 45
8 77 54
8 80 28
8 81 63
8 82 36
8 83 52
8 86 31
8 87 43
8 89 12
8 90 27
8 91 50
8 93 44
8 94 28
8 95 50
8 96 24
8 97 61
8 99 66
9 10 52
9 11 43
9 12 76
9 13 28
9 14 28
9 15 51
9 16 21
9 17 62
9 18 50
9 20 17
9 22 50
9 24 34
9 26 8
9 27 55
9 28 35
9 29 33
9 30 66
9 33 29
9 35 65
9 36 33
9 39 21
9 42 25
9 43 7
9 45 70
9 46 50
9 49 28
9 50 54
9 51 15
9 53 25
9 54 37
9 56 62
9 57 38
9 58 38
9 60 20
9 61 37
9 62 64
9 63 32
9 64 21
9 66 53
9 70 55
9 72 11
9 73 59
9 74 65
9 75 51
9 76 21
9 77 26
9 79 41
9 80 40
9 81 31
9 82 19
9 83 59
9 84 52
9 88 41
9 91 55
9 92 18
9 94 51
9 97 28
9 98 41
10 11 40
10 12 53
10 13 69
10 14 62
10 17 11
10 18 16
10 20 43
10 23 85
10 24 18
10 25 84
10 26 56
10 27 87
10 28 59
10 31 41
10 32 26
10 33 80
10 34 82
10 35 90
10 36 22
10 39 32
10 41 24
10 43 45
10 44 34
10 45 56
10 46 80
10 47 56
10 48 40
10 49 80
10 51 39
10 52 53
10 53 44
10 54 17
10 55 88
10 58 36
10 60 71
10 61 16
10 62 23
10 63 82
10 64 49
10 67 59
10 69 69
10 70 36
10 73 90
10 74 78
10 75 92
10 76 69
10 77 64
10 78 54
10 79 78
10 80 19
10 82 44
10 84 49
10 87 69
10 89 37
10 90 52
10 91 75
10 92 42
10 94 48
10 96 16
10 97 81
10 98 60
10 99 91
11 12 33
11 15 8
11 16 32
11 17 50
11 21 48
11 23 55
11 24 33
11 25 79
11 28 25
11 29 54
11 30 67
11 31 5
11 32 54
11 33 60
11 34 69
11 35 51
11 36 23
11 37 20
11 40 24
11 42 45
11 43 38
11 45 27
11 46 43
11 47 29
11 49 67
11 50 16
11 52 38
11 53 55
11 54 39
11 55 54
11 56 74
11 57 80
11 58 6
11 59 60
11 60 61
11 62 62
11 63 74
11 65 39
11 66 27
11 67 22
11 68 67
11 70 14
11 71 79
11 72 51
11 73 54
11 76 46
11 77 67
11 80 46
11 81 74
11 82 51
11 84 11
11 89 9
11 90 14
11 92 25
11 95 35
11 96 30
11 97 65
11 98 22
11 99 53
12 13 103
12 15 25
12 19 54
12 21 76
12 22 64
12 23 84
12 24 58
12 25 112
12 26 84
12 29 80
12 30 81
12 31 28
12 32 76
12 33 92
12 34 102
12 35 66
12 36 49
12 37 44
12 38 84
12 40 23
12 42 73
12 44 39
12 45 12
12 46 65
12 49 100
12 50 24
12 51 62
12 54 62
12 56 93
12 58 38
12 61 61
12 62 75
12 63 107
12 64 86
12 65 56
12 66 38
12 67 49
12 68 94
12 69 71
12 70 22
12 71 112
12 74 47
12 76 78
12 77 99
12 78 83
12 79 71
12 80 68
12 81 107
12 82 81
12 83 51
12 86 70
12 89 42
12 90 42
12 91 53
12 92 58
12 93 89
12 94 27
12 95 49
12 96 37
12 97 98
12 98 48
13 14 9
13 15 78
13 16 42
13 17 76
13 19 65
13 20 45
13 21 35
13 22 75
13 26 20
13 28 62
13 29 38
13 33 38
13 34 28
13 35 90
13 36 56
13 37 71
13 39 42
13 41 58
13 43 32
13 47 100
13 48 48
13 50 80
13 52 107
13 54 52
13 55 70
13 56 61
13 57 10
13 58 65
13 60 19
13 62 72
13 63 19
13 64 20
13 65 62
13 66 75
13 67 67
13 69 52
13 70 81
13 71 26
13 72 20
13 74 92
13 75 69
13 76 41
13 77 6
13 79 64
13 82 25
13 84 80
13 86 54
13 87 54
13 90 68
13 91 82
13 92 46
13 94 79
13 95 85
13 96 78
13 97 31
13 99 88
14 15 75
14 16 38
14 17 69
14 18 53
14 19 66
14 20 44
14 21 28
14 22 77
14 23 63
14 24 46
14 25 25
14 26 20
14 27 81
14 29 30
14 32 42
14 35 92
14 36 51
14 37 71
14 38 78
14 39 38
14 40 91
14 41 54
14 43 30
14 44 61
14 45 95
14 47 97
14 48 46
14 49 33
14 50 76
14 51 39
14 52 103
14 55 74
14 56 53
14 57 17
14 58 62
14 59 42
14 61 46
14 62 64
14 63 28
14 64 14
14 65 55
14 66 69
14 67 67
14 68 28
14 69 55
14 71 35
14 73 84
14 74 93
14 75 74
14 76 45
14 77 4
14 78 18
14 79 67
14 80 45
14 81 16
14 82 19
14 83 87
14 86 46
14 89 59
14 90 67
14 91 83
14 93 10
14 94 77
14 97 38
14 98 69
14 99 91
15 16 38
15 17 48
15 18 52
15 19 34
15 20 33
15 21 52
15 22 49
15 24 36
15 26 59
15 27 56
15 28 32
15 31 4
15 33 69
15 35 56
15 36 27
15 39 37
15 40 22
15 42 50
15 43 46
15 44 14
15 45 21
15 46 49
15 48 30
15 49 75
15 51 36
15 54 41
15 56 75
15 57 88
15 58 13
15 59 68
15 60 69
15 61 40
15 62 62
15 63 82
15 65 39
15 66 24
15 67 29
15 69 49
15 70 6
15 72 58
15 73 59
15 75 67
15 76 55
15 77 74
15 78 58
15 79 52
15 80 48
15 81 82
15 82 57
15 83 41
15 84 12
15 85 40
15 86 51
15 88 70
15 89 16
15 90 21
15 92 33
15 93 64
15 94 10
15 95 38
16 17 41
16 18 31
16 20 16
16 21 16
16 22 58
16 24 13
16 25 55
16 26 26
16 27 64
16 28 38
16 30 48
16 32 28
16 33 49
16 34 51
16 35 71
16 37 42
16 38 68
16 39 1
16 40 56
16 41 16
16 42 14
16 43 14
16 44 24
16 45 58
16 46 58
16 47 60
16 49 49
16 50 38
16 51 10
16 52 65
16 54 17
16 56 48
16 57 53
16 58 26
16 59 47
16 62 45
16 63 52
16 65 25
16 66 33
16 68 36
16 69 41
16 70 40
16 71 58
16 72 23
16 73 68
16 75 65
16 76 39
16 77 38
16 78 24
16 79 52
16 83 60
16 85 27
16 87 42
16 88 35
16 92 15
16 93 28
16 94 42
16 96 37
16 98 41
16 99 71
17 18 16
17 19 74
17 20 54
17 21 42
17 22 91
17 23 96
17 25 92
17 27 98
17 28 70
17 29 40
17 32 29
17 33 91
17 34 92
17 35 101
17 36 33
17 37 69
17 38 105
17 39 42
17 41 35
17 42 40
17 43 55
17 44 45
17 45 64
17 46 91
17 47 64
17 48 51
17 49 89
17 51 50
17 52 58
17 53 51
17 54 26
17 55 99
17 56 36
17 57 86
17 58 47
17 59 89
17 60 80
17 61 25
17 62 16
17 63 91
17 64 56
17 66 25
17 67 70
17 68 48
17 70 45
17 71 98
17 72 61
17 74 88
17 76 79
17 77 71
17 78 62
17 79 89
17 80 24
17 81 83
17 82 52
17 83 87
17 84 60
17 85 66
17 89 48
17 91 86
17 92 53
17 93 63
17 94 58
17 95 85
17 96 23
17 97 91
17 99 103
18 19 70
18 20 47
18 21 27
18 22 87
18 24 20
18 25 77
18 26 52
18 27 94
18 28 66
18 29 24
18 30 17
18 31 53
18 32 12
18 35 99
18 36 29
18 37 68
18 38 99
18 40 73
18 41 32
18 43 44
18 44 44
18 45 71
18 46 87
18 47 71
18 48 45
18 51 41
18 52 69
18 55 93
18 56 24
18 57 70
18 58 46
18 60 67
18 61 15
18 63 77
18 64 41
18 65 13
18 66 31
18 67 67
18 68 32
18 70 50
18 72 47
18 73 97
18 74 89
18 79 83
18 80 10
18 81 68
18 83 86
18 86 8
18 88 31
18 89 46
18 91 85
18 92 46
18 94 60
18 97 78
18 98 68
19 20 26
19 21 57
19 23 30
19 24 50
19 26 47
19 27 24
19 28 4
19 29 64
19 31 30
19 33 41
19 34 54
19 35 29
19 38 33
19 39 41
19 40 34
19 43 39
19 44 30
19 45 43
19 46 17
19 47 46
19 48 27
19 49 52
19 50 42
19 51 33
19 52 60
19 53 60
19 55 27
19 56 90
19 57 74
19 58 28
19 63 61
19 64 58
19 65 60
19 66 53
19 69 18
19 70 40
19 71 65
19 74 26
19 75 33
19 76 28
19 78 48
19 79 18
19 80 62
19 81 66
19 83 20
19 84 26
19 85 20
19 86 66
19 89 26
19 90 13
19 91 17
19 92 27
19 93 56
19 94 27
19 99 30
20 21 30
20 23 42
20 24 27
20 25 53
20 26 26
20 29 38
20 30 63
20 32 44
20 33 39
20 34 45
20 35 55
20 36 21
20 37 28
20 38 52
20 41 21
20 44 20
20 45 52
20 47 55
20 48 4
20 50 38
20 52 64
20 53 35
20 54 32
20 55 46
20 57 55
20 58 20
20 59 37
20 60 36
20 61 31
20 62 60
20 63 49
20 67 25
20 68 50
20 70 38
20 72 26
20 73 52
20 74 51
20 77 42
20 78 26
20 79 36
20 80 38
20 81 48
20 82 29
20 83 46
20 84 35
20 85 12
20 87 26
20 88 49
20 91 43
20 92 1
20 94 34
20 95 45
20 96 43
20 97 42
21 22 72
21 23 67
21 27 78
21 28 53
21 29 8
21 31 52
21 32 17
21 33 55
21 34 52
21 35 85
21 37 58
21 39 17
21 41 30
21 42 2
21 43 21
21 44 40
21 45 73
21 48 30
21 49 50
21 50 52
21 51 23
21 52 78
21 54 17
21 55 74
21 56 36
21 57 45
21 58 41
21 59 52
21 60 40
21 61 18
21 62 39
21 63 50
21 65 28
21 67 55
21 68 20
21 70 54
21 71 57
21 72 20
21 73 81
21 74 80
21 75 76
21 76 47
21 77 29
21 79 65
21 80 17
21 81 41
21 83 76
21 85 39
21 87 54
21 88 19
21 89 39
21 90 52
21 91 73
21 93 21
21 94 57
21 98 57
21 99 86
22 24 67
22 25 74
22 26 57
22 27 8
22 28 21
22 29 80
22 30 104
22 32 85
22 34 57
22 35 15
22 36 58
22 39 57
22 41 56
22 42 70
22 44 46
22 46 1
22 47 56
22 48 43
22 49 57
22 51 49
22 53 74
22 54 72
22 56 106
22 58 44
22 59 44
22 62 100
22 64 71
22 66 69
22 67 21
22 68 91
22 69 23
22 72 62
22 74 24
22 75 21
22 76 34
22 79 12
22 80 79
22 83 16
22 84 39
22 85 33
22 86 82
22 87 21
22 90 28
22 92 42
22 93 68
22 94 40
22 96 73
22 97 52
22 98 20
23 25 54
23 26 46
23 27 23
23 30 104
23 32 83
23 34 36
23 35 36
23 36 63
23 38 15
23 39 56
23 40 63
23 41 61
23 42 66
23 43 46
23 44 56
23 45 73
23 46 24
23 47 76
23 51 47
23 52 90
23 58 54
23 60 40
23 61 73
23 62 102
23 64 61
23 65 80
23 70 69
23 71 46
23 72 51
23 74 48
23 75 10
23 76 20
23 78 49
23 79 13
23 80 79
23 81 57
23 82 60
23 84 56
23 85 30
23 87 17
23 88 82
23 89 51
23 90 42
23 91 37
23 92 43
23 93 56
23 96 82
23 97 31
23 99 34
24 27 74
24 28 46
24 29 23
24 30 37
24 31 37
24 32 21
24 33 63
24 34 64
24 35 79
24 36 10
24 37 48
24 39 14
24 41 14
24 42 17
24 43 27
24 44 26
24 47 58
24 49 61
24 50 34
24 51 22
24 52 60
24 53 29
24 54 6
24 56 41
24 57 62
24 58 28
24 59 61
24 60 53
24 63 64
24 65 12
24 66 23
24 67 47
24 69 53
24 70 36
24 73 78
24 74 70
24 75 77
24 76 51
24 77 47
24 78 36
24 80 13
24 82 28
24 84 45
24 85 39
24 86 16
24 87 53
24 89 27
24 92 26
24 93 38
24 94 43
24 95 65
24 96 26
24 97 63
24 98 49
25 26 29
25 27 76
25 28 66
25 30 88
25 31 84
25 34 18
25 36 68
25 38 68
25 40 98
25 41 70
25 42 51
25 43 42
25 44 73
25 45 105
25 46 73
25 48 56
25 49 18
25 50 90
25 51 51
25 52 117
25 54 67
25 56 78
25 57 13
25 58 74
25 59 30
25 60 18
25 61 67
25 62 89
25 63 7
25 65 77
25 66 88
25 68 54
25 70 91
25 71 11
25 74 94
25 75 63
25 77 22
25 78 31
25 79 62
25 81 10
25 82 40
25 83 87
25 84 87
25 85 50
25 87 54
25 90 73
25 91 83
25 93 29
25 94 86
25 95 87
25 96 91
25 97 23
25 98 72
26 27 62
26 28 43
26 30 66
26 31 57
26 32 43
26 33 30
26 35 72
26 36 39
26 37 52
26 38 60
26 39 26
26 40 73
26 42 26
26 43 13
26 44 45
26 45 78
26 46 57
26 47 80
26 49 24
26 51 22
26 52 88
26 53 21
26 55 55
26 57 29
26 58 45
26 59 27
26 60 15
26 61 40
26 63 26
26 64 16
26 66 59
26 69 35
26 71 33
26 72 6
26 73 65
26 74 73
26 75 56
26 76 26
26 79 48
26 80 42
26 81 23
26 82 16
26 83 67
26 84 60
26 85 27
26 86 45
26 87 37
26 90 48
26 94 59
26 95 66
26 96 62
26 97 27
26 98 49
26 99 72
27 29 86
27 30 111
27 31 53
27 33 44
27 34 59
27 35 13
27 36 66
27 39 63
27 40 48
27 41 63
27 43 58
27 46 7
27 47 63
27 48 50
27 49 58
27 50 65
27 51 55
27 53 80
27 54 79
27 55 12
27 57 84
27 59 46
27 60 60
27 61 78
27 62 107
27 63 68
27 64 76
27 67 28
27 71 69
27 73 4
27 75 17
27 76 37
27 78 64
27 81 77
27 84 46
27 85 38
27 87 25
27 88 95
27 90 36
27 91 18
27 93 73
27 95 23
27 96 80
27 97 53
27 98 28
27 99 11
28 29 60
28 30 83
28 33 40
28 34 52
28 35 33
28 36 38
28 37 10
28 38 36
28 40 34
28 41 35
28 42 51
28 43 35
28 44 27
28 45 43
28 46 21
28 47 46
28 48 23
28 50 40
28 51 29
28 52 60
28 53 56
28 55 30
28 56 86
28 57 71
28 58 25
28 60 48
28 61 51
28 62 79
28 63 59
28 65 56
28 66 50
28 67 5
28 68 73
28 69 18
28 73 31
28 76 27
28 79 20
28 80 58
28 81 64
28 82 51
28 83 24
28 84 26
28 85 17
28 88 71
28 89 23
28 90 11
28 91 21
28 92 23
28 93 53
28 94 26
28 96 53
28 97 47
28 98 6
28 99 34
29 33 62
29 34 58
29 36 32
29 37 65
29 38 87
29 39 24
29 40 78
29 42 10
29 43 28
29 44 46
29 47 80
29 48 38
29 50 57
29 51 31
29 52 83
29 53 12
29 56 28
29 57 46
29 59 59
29 60 46
29 62 35
29 63 54
29 64 18
29 65 28
29 66 45
29 67 63
29 68 13
29 70 59
29 71 61
29 72 26
29 76 55
29 77 32
29 78 29
29 79 73
29 80 16
29 81 44
29 82 16
29 85 47
29 87 62
29 89 46
29 91 81
29 93 26
29 96 48
29 97 58
29 98 64
29 99 94
30 33 95
30 35 116
30 36 46
30 37 84
30 39 49
30 40 88
30 42 40
30 43 59
30 45 85
30 46 104
30 47 84
30 49 90
30 50 61
30 54 32
30 55 110
30 56 17
30 57 80
30 58 62
30 60 80
30 63 89
30 64 53
30 66 44
30 68 37
30 70 64
30 72 60
30 73 114
30 75 113
30 76 86
30 77 66
30 78 63
30 79 100
30 82 50
30 83 103
30 84 77
30 85 75
30 87 90
30 88 36
30 89 63
30 90 78
30 91 101
30 92 63
30 93 60
30 95 101
30 97 93
30 98 85
31 33 66
31 36 27
31 37 22
31 39 36
31 40 20
31 42 50
31 43 44
31 45 22
31 46 46
31 48 28
31 49 72
31 51 35
31 52 33
31 54 42
31 55 58
31 56 77
31 59 65
31 60 67
31 61 41
31 62 64
31 64 61
31 65 41
31 66 27
31 67 25
31 68 72
31 69 45
31 70 10
31 71 84
31 72 56
31 75 63
31 76 51
31 77 72
31 78 56
31 79 49
31 81 79
31 82 56
31 85 36
31 86 52
31 87 44
31 88 70
31 89 14
31 90 18
31 91 37
31 93 63
31 94 7
31 96 29
31 98 25
32 33 72
32 34 70
32 35 98
32 38 95
32 39 29
32 41 35
32 42 18
32 43 37
32 45 77
32 46 85
32 47 77
32 48 42
32 49 67
32 50 53
32 52 77
32 53 24
32 54 15
32 55 89
32 56 21
32 59 70
32 60 57
32 61 16
32 62 22
32 63 66
32 64 30
32 66 39
32 67 67
32 68 20
32 70 56
32 71 73
32 72 37
32 74 90
32 76 64
32 77 44
32 78 40
32 80 9
32 83 87
32 85 54
32 86 7
32 87 69
32 90 62
32 91 85
32 92 43
32 93 38
32 96 41
32 97 70
33 34 15
33 37 50
33 38 36
33 39 49
33 40 75
33 41 59
33 42 54
33 43 36
33 45 83
33 46 43
33 48 42
33 49 14
33 50 75
33 51 41
33 53 51
33 54 66
33 55 33
33 56 90
33 57 42
33 58 57
33 59 3
33 61 66
33 62 93
33 63 25
33 64 46
33 65 74
33 67 45
33 68 68
33 69 23
33 70 74
33 71 25
33 72 36
33 74 65
33 75 32
33 76 14
33 78 33
33 79 31
33 81 35
33 82 46
33 84 65
33 85 29
33 86 73
33 87 25
33 88 67
33 89 54
33 90 50
33 91 54
33 92 40
33 93 39
33 95 58
33 97 9
33 98 47
33 99 55
34 37 62
34 38 51
34 39 51
34 40 86
34 41 64
34 42 52
34 44 65
34 45 94
34 46 57
34 50 82
34 51 45
34 52 108
34 53 46
34 54 66
34 56 85
34 57 29
34 59 13
34 61 67
34 62 92
34 63 10
34 67 57
34 68 62
34 69 36
34 71 11
34 72 32
34 76 25
34 77 31
34 78 30
34 80 69
34 82 42
34 84 76
34 85 38
34 86 71
34 87 38
34 88 61
34 91 68
34 94 75
34 95 72
34 96 87
34 97 6
34 98 59
35 36 70
35 37 32
35 38 26
35 39 70
35 43 67
35 44 56
35 45 54
35 46 15
35 48 56
35 50 64
35 51 62
35 52 73
35 54 85
35 55 25
35 56 119
35 57 96
35 59 58
35 60 72
35 61 84
35 62 111
35 63 81
35 64 86
35 65 88
35 67 32
35 68 105
35 69 38
35 71 82
35 72 76
35 73 12
35 74 19
35 75 30
35 79 26
35 80 91
35 82 83
35 83 15
35 84 45
35 85 47
35 86 95
35 87 36
35 90 38
35 91 15
35 92 56
35 93 83
35 94 46
35 95 18
35 96 81
35 97 66
35 99 3
36 37 39
36 38 72
36 39 14
36 40 47
36 41 4
36 42 24
36 44 15
36 45 47
36 47 49
36 48 18
36 49 61
36 52 52
36 53 35
36 54 16
36 55 66
36 56 51
36 58 18
36 59 58
36 60 53
36 61 14
36 62 41
36 63 65
36 65 18
36 66 19
36 68 45
36 70 27
36 71 71
36 72 37
36 73 69
36 74 60
36 75 70
36 76 47
36 78 38
36 79 56
36 80 23
36 81 61
36 82 33
36 83 57
36 84 35
36 86 26
36 87 47
36 88 43
36 90 32
36 91 56
36 94 33
36 96 23
36 97 61
36 98 39
36 99 71
37 38 41
37 39 41
37 40 24
37 41 35
37 43 42
37 44 25
37 45 34
37 48 28
37 50 35
37 51 35
37 52 51
37 53 63
37 55 36
37 56 89
37 57 80
37 58 22
37 59 50
37 60 58
37 63 69
37 64 61
37 65 56
37 66 47
37 67 5
37 69 27
37 71 73
37 72 54
37 73 34
37 76 37
37 81 73
37 82 58
37 83 19
37 84 17
37 85 26
37 86 64
37 87 26
37 88 76
37 89 22
37 90 7
37 91 17
37 94 18
38 39 67
38 41 70
38 42 78
38 43 59
38 45 72
38 50 75
38 51 58
38 52 91
38 53 80
38 55 6
38 56 115
38 57 78
38 58 60
38 60 55
38 61 83
38 62 112
38 63 61
38 64 75
38 65 90
38 67 38
38 68 97
38 69 27
38 70 73
38 71 60
38 72 65
38 73 13
38 74 42
38 75 5
38 77 75
38 79 16
38 80 90
38 81 71
38 82 74
38 83 35
38 84 58
38 85 41
38 87 26
38 89 58
38 91 32
38 92 53
38 93 70
38 94 59
38 95 37
38 96 89
38 97 45
38 98 38
38 99 23
39 40 55
39 42 14
39 43 13
39 44 24
39 46 57
39 47 60
39 48 14
39 49 48
39 51 9
39 52 65
39 53 24
39 54 18
39 57 53
39 58 25
39 60 40
39 61 17
39 63 52
39 64 25
39 65 26
39 67 39
39 69 40
39 70 39
39 71 58
39 72 23
39 73 67
39 75 64
39 76 38
39 77 38
39 78 24
39 79 51
39 82 20
39 83 60
39 84 42
39 85 26
39 86 26
39 87 41
39 88 35
39 89 23
39 90 35
39 92 14
39 93 28
39 94 41
39 95 58
39 97 49
39 99 70
40 41 43
40 42 69
40 43 61
40 44 32
40 45 11
40 46 43
40 47 14
40 48 45
40 49 84
40 50 28
40 51 52
40 52 30
40 54 62
40 56 97
40 57 102
40 61 61
40 64 79
40 65 61
40 66 45
40 68 92
40 69 52
40 70 24
40 71 97
40 73 51
40 74 24
40 77 89
40 78 73
40 81 95
40 82 75
40 83 28
40 84 13
40 85 48
40 86 72
40 87 50
40 89 33
40 90 25
40 91 30
40 92 47
40 93 80
40 94 14
40 97 81
40 98 28
40 99 46
41 42 27
41 43 28
41 44 12
41 45 44
41 46 56
41 48 17
41 49 62
41 50 22
41 51 19
41 52 49
41 53 39
41 54 19
41 55 64
41 56 55
41 58 14
41 59 58
41 60 54
41 62 45
41 63 66
41 64 40
41 65 21
41 67 35
41 68 49
41 69 45
41 71 72
41 74 56
41 75 68
41 78 39
41 79 54
41 80 26
41 82 36
41 85 32
41 87 45
41 89 14
41 90 29
41 92 20
41 93 44
41 95 52
41 96 23
41 97 61
41 98 36
41 99 68
42 43 19
42 45 71
42 46 70
42 47 72
42 48 28
42 49 50
42 51 21
42 52 76
42 55 73
42 56 37
42 57 46
42 60 40
42 61 17
42 62 39
42 65 26
42 66 40
42 68 23
42 69 51
42 70 51
42 71 57
42 72 20
42 73 79
42 74 78
42 75 75
42 77 31
42 78 23
42 79 63
42 81 43
42 82 11
42 83 74
42 84 56
42 86 19
42 88 21
42 89 37
42 90 50
42 92 28
42 93 22
42 94 55
42 96 43
42 97 52
42 98 55
42 99 84
43 44 32
43 45 65
43 46 52
43 47 67
43 49 35
43 51 9
43 52 75
43 54 29
43 55 53
43 56 56
43 57 42
43 59 34
43 60 27
43 61 30
43 63 39
43 64 20
43 65 39
43 68 39
43 69 32
43 70 49
43 72 13
43 73 61
43 74 64
43 79 44
43 80 34
43 82 16
43 83 59
43 84 48
43 85 20
43 87 33
43 91 56
43 92 14
43 94 47
43 95 58
43 96 50
44 45 34
44 46 47
44 47 36
44 48 17
44 49 63
44 50 17
44 51 23
44 52 43
44 53 48
44 56 66
44 58 2
44 59 57
44 60 56
44 61 30
44 63 69
44 64 48
44 65 32
44 66 23
44 67 25
44 68 59
44 70 17
44 71 74
44 75 61
44 76 44
44 77 60
44 79 46
44 81 68
44 82 44
44 83 43
44 85 28
44 86 41
44 88 58
44 90 18
44 91 42
44 92 20
44 93 51
44 94 18
44 95 41
44 96 27
44 98 26
44 99 58
45 46 54
45 47 3
45 49 92
45 50 24
45 51 56
45 52 19
45 53 82
45 54 62
45 55 68
45 56 95
45 57 107
45 58 33
45 61 60
45 63 100
45 64 83
45 65 58
45 68 93
45 69 61
45 70 21
45 72 78
45 73 62
45 74 35
45 75 74
45 76 69
45 77 94
45 78 78
45 79 61
45 81 101
45 84 18
45 86 71
45 87 59
45 90 33
45 91 41
45 93 85
45 94 19
45 96 41
45 97 89
45 98 38
45 99 57
46 47 57
46 48 43
46 49 56
46 50 58
46 51 49
46 52 72
46 53 74
46 54 72
46 56 106
46 57 81
46 58 45
46 59 44
46 60 57
46 61 72
46 62 100
46 63 66
46 65 77
46 66 70
46 67 21
46 68 91
46 69 23
46 70 55
46 71 68
46 72 61
46 73 11
46 75 21
46 76 33
46 77 74
46 78 60
46 81 74
46 83 17
46 85 33
46 86 82
46 88 89
46 89 43
46 90 29
46 93 68
46 94 40
46 95 19
46 96 73
46 97 51
46 98 21
46 99 14
47 48 52
47 50 24
47 51 58
47 52 16
47 53 83
47 56 95
47 59 86
47 60 90
47 61 61
47 63 102
47 65 58
47 66 40
47 67 42
47 68 94
47 69 64
47 71 107
47 72 80
47 74 38
47 75 77
47 77 96
47 78 80
47 79 64
47 80 69
47 81 103
47 82 80
47 84 21
47 85 58
47 86 71
47 87 62
47 88 92
47 89 38
47 90 36
47 92 54
47 93 87
47 94 22
47 95 40
47 98 41
47 99 60
48 49 46
48 51 7
48 52 60
48 55 48
48 56 63
48 58 17
48 60 39
48 61 29
48 62 58
48 63 52
48 64 35
48 66 36
48 67 25
48 68 50
48 70 34
48 72 29
48 73 53
48 74 50
48 75 52
48 76 29
48 79 39
48 81 51
48 82 30
48 83 46
48 87 29
48 88 49
48 89 14
48 90 22
48 91 43
48 92 3
48 93 35
48 94 31
48 98 27
49 50 80
49 51 42
49 52 105
49 53 44
49 54 63
49 55 48
49 56 83
49 57 28
49 58 62
49 60 10
49 61 64
49 62 89
49 63 10
49 64 38
49 65 73
49 66 80
49 68 59
49 69 35
49 71 12
49 72 29
49 74 77
49 75 46
49 76 24
49 80 66
49 83 70
49 84 73
49 87 37
49 89 59
49 90 59
49 91 66
49 94 73
49 95 70
49 96 84
49 97 6
49 99 69
50 51 39
50 53 61
50 55 70
50 59 74
50 61 37
50 62 55
50 63 86
50 64 63
50 65 34
50 67 37
50 68 70
50 71 92
50 74 49
50 75 75
50 76 61
50 77 76
50 78 61
50 79 60
50 80 44
50 81 84
50 82 58
50 83 49
50 84 20
50 87 55
50 88 68
50 90 30
50 91 49
50 92 37
50 93 66
50 94 19
50 95 47
50 97 79
50 98 37
50 99 66
51 55 52
51 56 58
51 58 23
51 60 35
51 61 26
51 62 55
51 63 47
51 65 34
51 66 38
51 67 32
51 68 43
51 73 58
51 74 57
51 75 56
51 77 38
51 79 43
51 80 32
51 81 45
51 86 35
51 87 32
51 88 42
51 90 30
51 91 50
51 92 7
51 93 28
51 94 38
51 96 42
51 98 34
52 54 64
52 56 93
52 57 117
52 59 98
52 61 62
52 62 74
52 65 57
52 66 38
52 67 55
52 68 95
52 69 77
52 70 26
52 71 117
52 72 87
52 73 81
52 74 54
52 76 84
52 77 103
52 78 88
52 79 78
52 80 69
52 83 58
52 84 34
52 85 69
52 86 71
52 87 76
52 88 94
52 89 47
52 90 49
52 91 60
52 92 63
52 93 93
52 95 56
52 96 37
52 97 104
52 98 55
52 99 76
53 54 27
53 56 39
53 57 35
53 58 49
53 60 34
53 61 28
53 62 47
53 65 37
53 67 60
53 68 18
53 69 53
53 73 83
53 74 85
53 75 76
53 76 46
53 77 20
53 80 26
53 81 32
53 83 80
53 84 66
53 85 42
53 86 28
53 87 55
53 88 16
53 89 47
53 91 77
53 92 34
53 93 14
53 94 65
53 95 79
53 97 47
53 98 61
53 99 88
54 56 35
54 59 64
54 61 1
54 62 28
54 64 32
54 67 53
54 70 41
54 71 72
54 72 35
54 73 83
54 74 76
54 75 81
54 76 55
54 77 47
54 78 37
54 79 68
54 80 7
54 81 58
54 82 27
54 83 73
54 84 50
54 86 10
54 87 58
54 89 33
54 91 71
54 92 31
54 93 38
54 94 49
54 95 71
54 96 29
54 97 65
54 98 54
54 99 85
55 57 75
55 59 35
55 60 51
55 63 58
55 64 70
55 65 84
55 66 80
55 70 67
55 71 58
55 73 13
55 74 39
55 75 6
55 76 29
55 77 70
55 78 58
55 79 10
55 80 84
55 82 69
55 86 88
55 88 91
55 90 40
55 92 47
55 93 66
55 96 83
55 97 42
55 98 33
55 99 22
56 58 68
56 59 87
56 60 73
56 65 37
56 66 55
56 67 88
56 68 24
56 71 87
56 72 54
56 73 116
56 74 111
56 75 112
56 78 57
56 79 100
56 82 44
56 83 108
56 84 85
56 85 75
56 86 25
56 87 89
56 88 25
56 90 82
56 91 106
56 92 64
56 94 83
56 96 56
56 97 86
56 98 89
56 99 120
57 58 75
57 59 40
57 60 24
57 61 63
57 62 81
57 65 72
57 67 75
57 68 44
57 69 59
57 71 23
57 72 30
57 73 87
57 74 100
57 75 74
57 76 48
57 77 15
57 78 30
57 79 70
57 81 7
57 82 35
57 84 89
57 85 55
57 86 63
57 87 61
57 88 44
57 89 72
57 90 77
57 93 25
57 94 89
57 96 89
57 97 34
57 98 77
58 61 32
58 62 58
58 63 69
58 65 34
58 67 23
58 68 61
58 69 38
58 70 17
58 71 74
58 72 45
58 73 55
58 75 59
58 76 43
58 77 61
58 78 45
58 79 45
58 83 41
58 84 18
58 85 28
58 88 59
58 90 16
58 92 20
58 93 51
58 96 29
58 98 24
58 99 56
59 60 17
59 61 64
59 62 91
59 63 23
59 64 43
59 65 72
59 67 45
59 68 66
59 70 73
59 71 24
59 72 33
59 74 66
59 81 33
59 82 44
59 83 59
59 84 65
59 87 26
59 88 65
59 89 53
59 90 50
59 91 55
59 94 65
59 95 59
59 96 81
60 61 55
60 63 13
60 64 28
60 65 64
60 66 72
60 68 50
60 69 35
60 70 74
60 72 20
60 73 63
60 80 57
60 81 17
60 82 30
60 83 70
60 85 32
60 86 59
60 87 37
60 88 49
60 89 53
60 90 55
60 92 37
60 93 21
60 94 68
60 95 70
60 96 76
60 97 14
60 98 54
60 99 71
61 62 29
61 63 66
61 64 33
61 66 25
61 67 52
61 68 33
61 69 57
61 70 40
61 71 73
61 73 82
61 75 81
61 76 55
61 78 37
61 79 68
61 80 8
61 81 59
61 82 28
61 83 72
61 85 43
61 89 31
61 90 46
61 91 70
61 92 30
61 93 39
61 94 47
61 95 70
61 96 27
61 97 65
61 98 53
61 99 85
62 64 53
62 67 80
62 68 39
62 69 86
62 70 59
62 72 59
62 73 111
62 74 100
62 76 83
62 77 67
62 78 62
62 80 23
62 82 49
62 84 72
62 85 72
62 87 86
62 88 38
62 90 73
62 91 97
62 92 59
62 94 71
62 95 96
62 96 38
62 98 81
62 99 113
63 64 36
63 65 75
63 66 84
63 67 64
63 69 45
63 71 7
63 72 30
63 73 71
63 74 87
63 76 34
63 77 24
63 80 67
63 81 13
63 82 39
63 83 80
63 84 81
63 85 44
63 90 67
63 92 49
63 93 29
63 94 81
64 65 42
64 67 58
64 68 23
64 69 49
64 71 43
64 72 10
64 73 79
64 74 84
64 75 71
64 76 42
64 78 13
64 79 62
64 80 32
64 82 5
64 84 66
64 85 39
64 86 33
64 87 51
64 89 47
64 90 56
64 93 8
64 94 65
64 97 41
64 98 59
64 99 85
65 68 39
65 69 64
65 70 37
65 71 82
65 74 77
65 77 57
65 78 47
65 79 74
65 80 12
65 81 68
65 82 37
65 83 75
65 84 49
65 86 14
65 89 34
65 90 50
65 91 73
65 92 37
65 93 48
65 94 48
65 95 73
65 97 74
65 99 89
66 67 48
66 68 58
66 70 20
66 71 91
66 73 80
66 74 64
66 75 84
66 76 65
66 77 70
66 78 57
66 83 64
66 87 62
66 88 56
66 89 27
66 90 41
66 91 63
66 92 38
66 93 61
66 94 34
66 95 61
66 96 4
66 97 80
66 99 80
67 70 35
67 71 68
67 72 50
67 75 38
67 77 65
67 78 49
67 79 23
67 80 60
67 81 68
67 83 21
67 84 21
67 85 21
67 87 21
67 88 74
67 90 8
67 92 26
67 93 57
67 95 20
67 96 52
67 97 52
67 99 33
68 69 71
68 72 33
68 74 101
68 75 94
68 76 64
68 77 32
68 78 35
68 81 44
68 84 79
68 85 59
68 87 72
68 88 2
68 90 72
68 91 93
68 92 50
68 93 29
68 95 95
68 96 60
68 97 63
68 98 77
68 99 105
69 71 47
69 72 40
69 74 43
69 75 24
69 76 11
69 78 38
69 79 13
69 80 63
69 81 51
69 82 48
69 83 35
69 86 67
69 88 69
69 89 36
69 91 32
69 92 27
69 93 46
69 95 36
69 96 66
69 97 31
69 99 37
70 71 92
70 72 61
70 73 65
70 74 45
70 75 73
70 76 60
70 78 62
70 79 58
70 80 47
70 81 85
70 82 59
70 87 53
70 88 70
70 89 21
70 91 46
70 93 67
70 98 35
71 72 37
71 77 31
71 78 35
71 79 56
71 80 74
71 81 20
71 82 46
71 85 49
71 86 76
71 87 49
71 89 71
71 90 71
71 91 78
71 92 55
71 93 36
71 95 83
71 96 95
71 97 16
71 98 69
71 99 80
72 74 76
72 75 61
72 76 31
72 77 16
72 78 3
72 79 52
72 80 37
72 81 24
72 82 11
72 83 70
72 86 39
72 87 41
72 90 50
72 91 67
72 92 27
72 93 7
72 95 69
72 97 32
72 98 52
72 99 76
73 74 29
73 76 40
73 77 81
73 79 17
73 80 89
73 81 80
73 83 23
73 84 49
73 86 93
73 87 28
73 88 99
73 89 54
73 90 39
73 91 21
73 92 52
73 93 76
73 94 50
73 95 25
73 98 31
74 75 45
74 76 54
74 78 74
74 82 80
74 83 7
74 85 46
74 86 86
74 87 40
74 88 99
74 90 29
74 91 11
74 92 51
74 93 82
74 94 30
74 97 73
74 98 24
74 99 23
75 76 30
75 78 59
75 79 15
75 80 87
75 81 67
75 82 70
75 83 38
75 85 38
75 86 91
75 87 24
75 88 92
75 90 46
75 92 51
75 93 66
75 94 59
75 95 39
75 96 88
75 97 40
75 98 38
76 77 41
76 78 29
76 81 41
76 82 41
76 83 47
76 84 51
76 87 13
76 89 40
76 90 36
76 92 27
76 93 37
76 94 51
76 95 47
76 96 69
76 97 20
76 98 33
76 99 47
77 79 64
77 80 47
77 82 20
77 85 44
77 86 48
77 88 32
77 90 65
77 92 42
77 93 10
77 94 76
77 95 84
77 96 73
77 99 88
78 80 39
78 81 24
78 84 60
78 86 42
78 88 34
78 89 42
78 90 49
78 92 26
78 95 68
78 97 30
78 99 74
79 81 63
79 82 60
79 85 26
79 86 78
79 87 11
79 89 42
79 91 24
79 93 58
79 94 45
79 95 29
79 96 73
79 97 39
79 98 24
80 82 28
80 84 57
80 85 49
80 86 4
80 87 64
80 88 25
80 91 78
80 96 33
80 97 68
80 98 61
80 99 92
81 83 86
81 84 83
81 87 54
81 88 44
81 90 70
81 91 82
81 92 49
81 94 82
81 95 86
81 96 84
81 97 27
81 98 70
82 83 75
82 86 30
82 87 49
82 88 22
82 89 42
82 90 52
82 91 72
82 93 11
82 94 61
82 95 74
82 97 43
82 98 56
82 99 83
83 84 29
83 85 40
83 86 83
83 87 33
83 91 4
83 93 77
83 97 66
83 98 19
83 99 18
84 85 37
84 86 60
84 88 77
84 89 20
84 90 15
84 91 30
84 92 34
84 94 2
84 95 27
84 96 38
84 97 71
84 99 47
85 87 15
85 88 57
85 90 23
85 91 37
85 93 37
85 94 37
85 95 40
85 96 54
85 98 23
85 99 47
86 87 67
86 88 25
86 90 58
86 92 40
86 93 41
86 94 58
86 95 81
86 97 71
86 98 64
86 99 96
87 89 35
87 90 27
87 91 29
87 92 27
87 94 42
87 95 34
87 96 66
87 97 33
87 98 22
87 99 35
88 89 58
88 91 92
88 92 48
88 93 28
88 94 76
88 95 93
88 96 58
88 97 63
88 98 75
88 99 104
89 90 15
89 92 16
89 94 18
89 95 38
89 96 31
89 97 58
89 99 55
90 92 23
90 93 56
90 94 15
90 95 24
90 98 8
90 99 40
91 92 43
91 94 31
91 95 5
91 96 66
91 97 62
91 98 17
91 99 17
92 93 33
92 94 33
92 95 45
92 98 27
93 94 66
93 96 64
93 97 34
93 98 58
93 99 82
94 96 36
94 97 71
95 96 64
95 97 66
95 98 18
95 99 20
96 97 84
96 98 52
96 99 83
97 98 53
97 99 64
98 99 32
