20 0.7 5 0 1 190 133 12
0.655832 0.0316768 37
0.136272 0.656682 48
0.324469 0.826735 50
0.99384 0.592745 52
0.293096 0.317136 24
0.674758 0.0868731 32
0.132228 0.000827159 54
0.887606 0.0199944 51
0.74102 0.274487 24
0.930639 0.611226 47
0.63541 0.864085 50
0.20233 0.272682 34
0.154975 0.0152844 51
0.671419 0.820223 47
0.433641 0.280123 13
0.523947 0.372847 0
0.815557 0.601769 37
0.263956 0.923466 61
0.387973 0.580386 25
0.693393 0.383843 17
0 1 81
0 2 86
0 3 66
0 4 46
0 5 6
0 6 52
0 7 23
0 8 26
0 9 64
0 10 83
0 11 51
0 12 50
0 13 79
0 14 33
0 15 37
0 16 59
0 17 97
0 18 61
0 19 35
1 2 25
1 3 86
1 4 37
1 5 78
1 6 66
1 7 98
1 8 72
1 9 80
1 10 54
1 11 39
1 12 64
1 13 56
1 14 48
1 15 48
1 16 68
1 17 30
1 18 26
1 19 62
2 3 71
2 4 51
2 5 82
2 6 85
2 7 98
2 8 69
2 9 64
2 10 31
2 11 57
2 12 83
2 13 35
2 14 56
2 15 50
2 16 54
2 17 11
2 18 25
2 19 58
3 4 75
3 5 60
3 6 105
3 7 58
3 8 41
3 9 7
3 10 45
3 11 85
3 12 102
3 13 39
3 14 64
3 15 52
3 16 18
3 17 80
3 18 61
3 19 37
4 5 45
4 6 35
4 7 66
4 8 45
4 9 70
4 10 65
4 11 10
4 12 33
4 13 63
4 14 15
4 15 24
4 16 59
4 17 61
4 18 28
4 19 41
5 6 55
5 7 22
5 8 20
5 9 58
5 10 78
5 11 51
5 12 52
5 13 73
5 14 31
5 15 32
5 16 53
5 17 93
5 18 57
5 19 30
6 7 76
6 8 67
6 9 101
6 10 100
6 11 28
6 12 3
6 13 98
6 14 41
6 15 54
6 16 91
6 17 93
6 18 63
6 19 68
7 8 29
7 9 59
7 10 88
7 11 73
7 12 73
7 13 83
7 14 52
7 15 51
7 16 59
7 17 110
7 18 75
7 19 41
8 9 39
8 10 60
8 11 54
8 12 64
8 13 55
8 14 31
8 15 24
8 16 34
8 17 81
8 18 47
8 19 12
9 10 39
9 11 80
9 12 98
9 13 33
9 14 60
9 15 47
9 16 12
9 17 74
9 18 54
9 19 33
10 11 73
10 12 98
10 13 6
10 14 62
10 15 50
10 16 32
10 17 38
10 18 38
10 19 48
11 12 26
11 13 72
11 14 23
11 15 34
11 16 70
11 17 65
11 18 36
11 19 50
12 13 96
12 14 38
12 15 51
12 16 88
12 17 91
12 18 61
12 19 65
13 14 59
13 15 47
13 16 26
13 17 42
13 18 37
13 19 44
14 15 13
14 16 50
14 17 67
14 18 30
14 19 28
15 16 37
15 17 61
15 18 25
15 19 17
16 17 64
16 18 43
16 19 25
17 18 36
17 19 69
18 19 36
0 2 86
0 3 66
0 4 46
0 5 6
0 6 52
0 7 23
0 8 26
0 9 64
0 10 83
0 11 51
0 12 50
0 13 79
0 14 33
0 16 59
0 17 97
0 18 61
0 19 35
1 2 25
1 5 78
1 7 98
1 11 39
1 12 64
1 13 56
1 14 48
1 15 48
1 16 68
1 17 30
1 18 26
2 5 82
2 6 85
2 7 98
2 8 69
2 9 64
2 11 57
2 13 35
2 14 56
2 15 50
2 16 54
2 18 25
2 19 58
3 4 75
3 6 105
3 7 58
3 8 41
3 9 7
3 10 45
3 12 102
3 13 39
3 14 64
3 16 18
3 17 80
3 18 61
3 19 37
4 6 35
4 10 65
4 11 10
4 12 33
4 14 15
4 15 24
4 17 61
4 18 28
4 19 41
5 7 22
5 9 58
5 10 78
5 12 52
5 13 73
5 14 31
5 15 32
5 16 53
5 17 93
5 19 30
6 7 76
6 8 67
6 9 101
6 10 100
6 11 28
6 12 3
6 13 98
6 15 54
6 18 63
6 19 68
7 8 29
7 9 59
7 10 88
7 15 51
7 16 59
8 9 39
8 10 60
8 11 54
8 12 64
8 13 55
8 14 31
8 15 24
8 16 34
8 18 47
8 19 12
9 10 39
9 11 80
9 12 98
9 14 60
9 15 47
9 17 74
9 18 54
9 19 33
10 16 32
10 17 38
10 18 38
11 12 26
11 13 72
11 14 23
11 17 65
11 18 36
11 19 50
12 14 38
12 17 91
12 18 61
13 14 59
13 16 26
13 18 37
14 15 13
14 16 50
14 17 67
14 18 30
15 17 61
15 18 25
15 19 17
16 17 64
16 19 25
17 15 61
17 18 36
17 19 69
18 19 36
