10 0.5 0 1 1 45 23 8
0.017556 0.160387 19
0.979802 0.84575 119
0.474388 0.61345 70
0.912777 0.377263 86
0.569632 0.667232 79
0.102206 0.208598 21
0.81774 0.471133 83
0.132927 0.00319773 0
0.43359 0.251127 39
0.76637 0.230629 67
0 1 118
0 2 64
0 3 92
0 4 75
0 5 10
0 6 86
0 7 19
0 8 43
0 9 75
1 2 56
1 3 47
1 4 45
1 5 108
1 6 41
1 7 119
1 8 81
1 9 65
2 3 50
2 4 11
2 5 55
2 6 37
2 7 70
2 8 36
2 9 48
3 4 45
3 5 83
3 6 13
3 7 86
3 8 50
3 9 21
4 5 65
4 6 32
4 7 79
4 8 44
4 9 48
5 6 76
5 7 21
5 8 33
5 9 66
6 7 83
6 8 44
6 9 25
7 8 39
7 9 67
8 9 33
0 2 64
0 3 92
0 4 75
0 9 75
1 3 47
1 7 119
1 8 81
2 3 50
2 5 55
2 7 70
2 8 36
2 9 48
3 5 83
3 6 13
3 7 86
4 8 44
4 9 48
5 8 33
6 7 83
6 8 44
6 9 25
7 9 67
8 9 33
