50 0.3 0 1 1 1225 368 19
0.333574 0.950254 98
0.1932 0.224548 25
0.0102758 0.273501 27
0.757748 0.506776 85
0.98063 0.339459 98
0.623825 0.652552 85
0.728024 0.243128 71
0.530455 0.281925 54
0.329783 0.116527 29
0.435427 0.632317 72
0.398464 0.0101862 34
0.360871 0.178882 34
0.555874 0.304091 57
0.990793 0.709457 116
0.703402 0.534398 83
0.0322481 0.947938 94
0.947409 0.129563 89
0.177394 0.998184 99
0.245961 0.0665568 19
0.584638 0.837237 98
0.0172176 0.700421 69
0.180714 0.895526 89
0.957266 0.269555 93
0.798092 0.0620728 74
0.608266 0.589195 80
0.407403 0.346302 48
0.954749 0.471025 101
0.715904 0.99151 118
0.0605889 0.0121647 0
0.301995 0.226282 32
0.527458 0.164746 49
0.523035 0.0129601 46
0.704908 0.524468 82
0.0912362 0.936544 92
0.485982 0.183148 46
0.845017 0.904475 119
0.302768 0.104682 26
0.0762835 0.205672 19
0.919829 0.050231 86
0.858986 0.673032 104
0.657241 0.039507 60
0.934801 0.15562 89
0.382706 0.277423 42
0.938872 0.538016 102
0.00327412 0.666415 66
0.104507 0.99301 98
0.57422 0.3793 63
0.533134 0.778459 90
0.966932 0.593783 108
0.8492 0.222051 82
0 1 74
0 2 75
0 3 61
0 4 89
0 5 42
0 6 81
0 7 70
0 8 83
0 9 33
0 10 94
0 11 77
0 12 68
0 13 70
0 14 56
0 15 30
0 16 102
0 17 16
0 18 89
0 19 28
0 20 40
0 21 16
0 22 92
0 23 100
0 24 45
0 25 61
0 26 78
0 27 38
0 28 98
0 29 72
0 30 81
0 31 96
0 32 56
0 33 24
0 34 78
0 35 51
0 36 85
0 37 79
0 38 107
0 39 59
0 40 97
0 41 100
0 42 67
0 43 73
0 44 44
0 45 23
0 46 62
0 47 26
0 48 73
0 49 89
1 2 19
1 3 63
1 4 80
1 5 61
1 6 54
1 7 34
1 8 17
1 9 47
1 10 30
1 11 17
1 12 37
1 13 93
1 14 60
1 15 74
1 16 76
1 17 77
1 18 17
1 19 73
1 20 51
1 21 67
1 22 77
1 23 63
1 24 55
1 25 25
1 26 80
1 27 93
1 28 25
1 29 11
1 30 34
1 31 39
1 32 59
1 33 72
1 34 30
1 35 94
1 36 16
1 37 12
1 38 75
1 39 80
1 40 50
1 41 74
1 42 20
1 43 81
1 44 48
1 45 77
1 46 41
1 47 65
1 48 86
1 49 66
2 3 78
2 4 97
2 5 72
2 6 72
2 7 52
2 8 36
2 9 56
2 10 47
2 11 36
2 12 55
2 13 107
2 14 74
2 15 67
2 16 95
2 17 74
2 18 31
2 19 80
2 20 43
2 21 64
2 22 95
2 23 82
2 24 68
2 25 40
2 26 96
2 27 101
2 28 27
2 29 30
2 30 53
2 31 58
2 32 74
2 33 67
2 34 48
2 35 105
2 36 34
2 37 9
2 38 94
2 39 94
2 40 69
2 41 93
2 42 37
2 43 97
2 44 39
2 45 73
2 46 57
2 47 73
2 48 101
2 49 84
3 4 28
3 5 20
3 6 27
3 7 32
3 8 58
3 9 35
3 10 61
3 11 51
3 12 29
3 13 31
3 14 6
3 15 85
3 16 42
3 17 76
3 18 68
3 19 37
3 20 77
3 21 70
3 22 31
3 23 45
3 24 17
3 25 39
3 26 20
3 27 49
3 28 85
3 29 54
3 30 41
3 31 55
3 32 6
3 33 79
3 34 42
3 35 41
3 36 61
3 37 75
3 38 48
3 39 19
3 40 48
3 41 39
3 42 44
3 43 18
3 44 77
3 45 81
3 46 22
3 47 35
3 48 23
3 49 30
4 5 47
4 6 27
4 7 45
4 8 69
4 9 62
4 10 67
4 11 64
4 12 43
4 13 37
4 14 34
4 15 113
4 16 21
4 17 104
4 18 78
4 19 64
4 20 103
4 21 97
4 22 7
4 23 33
4 24 45
4 25 57
4 26 13
4 27 70
4 28 98
4 29 69
4 30 49
4 31 56
4 32 33
4 33 107
4 34 52
4 35 58
4 36 72
4 37 91
4 38 30
4 39 36
4 40 44
4 41 19
4 42 60
4 43 20
4 44 103
4 45 109
4 46 41
4 47 63
4 48 25
4 49 18
5 6 42
5 7 38
5 8 61
5 9 19
5 10 68
5 11 54
5 12 36
5 13 37
5 14 14
5 15 66
5 16 61
5 17 56
5 18 70
5 19 19
5 20 61
5 21 51
5 22 51
5 23 62
5 24 7
5 25 38
5 26 38
5 27 35
5 28 85
5 29 53
5 30 50
5 31 65
5 32 15
5 33 60
5 34 49
5 35 34
5 36 64
5 37 71
5 38 67
5 39 24
5 40 61
5 41 59
5 42 45
5 43 34
5 44 62
5 45 62
5 46 28
5 47 16
5 48 35
5 49 49
6 7 20
6 8 42
6 9 49
6 10 40
6 11 37
6 12 18
6 13 54
6 14 29
6 15 99
6 16 25
6 17 93
6 18 51
6 19 61
6 20 85
6 21 85
6 22 23
6 23 19
6 24 37
6 25 34
6 26 32
6 27 75
6 28 71
6 29 43
6 30 22
6 31 31
6 32 28
6 33 94
6 34 25
6 35 67
6 36 45
6 37 65
6 38 27
6 39 45
6 40 22
6 41 22
6 42 35
6 43 36
6 44 84
6 45 98
6 46 21
6 47 57
6 48 42
6 49 12
7 8 26
7 9 36
7 10 30
7 11 20
7 12 3
7 13 63
7 14 31
7 15 83
7 16 44
7 17 80
7 18 36
7 19 56
7 20 66
7 21 71
7 22 43
7 23 35
7 24 32
7 25 14
7 26 46
7 27 73
7 28 54
7 29 24
7 30 12
7 31 27
7 32 30
7 33 79
7 34 11
7 35 70
7 36 29
7 37 46
7 38 45
7 39 51
7 40 27
7 41 42
7 42 15
7 43 48
7 44 65
7 45 83
7 46 11
7 47 50
7 48 54
7 49 32
8 9 53
8 10 13
8 11 7
8 12 29
8 13 89
8 14 56
8 15 88
8 16 62
8 17 89
8 18 10
8 19 76
8 20 66
8 21 79
8 22 65
8 23 47
8 24 55
8 25 24
8 26 72
8 27 96
8 28 29
8 29 11
8 30 20
8 31 22
8 32 55
8 33 85
8 34 17
8 35 94
8 36 3
8 37 27
8 38 59
8 39 77
8 40 34
8 41 61
8 42 17
8 43 74
8 44 64
8 45 90
8 46 36
8 47 69
8 48 80
8 49 53
9 10 62
9 11 46
9 12 35
9 13 56
9 14 29
9 15 51
9 16 72
9 17 45
9 18 60
9 19 25
9 20 42
9 21 37
9 22 64
9 23 68
9 24 18
9 25 29
9 26 54
9 27 46
9 28 72
9 29 43
9 30 48
9 31 63
9 32 29
9 33 46
9 34 45
9 35 49
9 36 54
9 37 56
9 38 76
9 39 43
9 40 63
9 41 69
9 42 36
9 43 51
9 44 43
9 45 49
9 46 29
9 47 18
9 48 53
9 49 58
10 11 17
10 12 33
10 13 92
10 14 61
10 15 101
10 16 56
10 17 101
10 18 16
10 19 85
10 20 79
10 21 91
10 22 62
10 23 40
10 24 62
10 25 34
10 26 72
10 27 103
10 28 34
10 29 24
10 30 20
10 31 12
10 32 60
10 33 98
10 34 19
10 35 100
10 36 13
10 37 38
10 38 52
10 39 81
10 40 26
10 41 56
10 42 27
10 43 76
10 44 77
10 45 103
10 46 41
10 47 78
10 48 81
10 49 50
11 12 23
11 13 82
11 14 49
11 15 84
11 16 59
11 17 84
11 18 16
11 19 70
11 20 62
11 21 74
11 22 60
11 23 45
11 24 48
11 25 17
11 26 66
11 27 89
11 28 34
11 29 8
11 30 17
11 31 23
11 32 49
11 33 80
11 34 13
11 35 87
11 36 9
11 37 29
11 38 57
11 39 70
11 40 33
11 41 57
11 42 10
11 43 68
11 44 60
11 45 85
11 46 29
11 47 62
11 48 73
11 49 49
12 13 59
12 14 27
12 15 83
12 16 43
12 17 79
12 18 39
12 19 53
12 20 67
12 21 70
12 22 40
12 23 34
12 24 29
12 25 15
12 26 43
12 27 71
12 28 57
12 29 27
12 30 14
12 31 29
12 32 27
12 33 78
12 34 14
12 35 67
12 36 32
12 37 49
12 38 44
12 39 48
12 40 28
12 41 41
12 42 18
12 43 45
12 44 66
12 45 82
12 46 8
12 47 47
12 48 50
12 49 30
13 14 34
13 15 99
13 16 58
13 17 86
13 18 98
13 19 43
13 20 97
13 21 83
13 22 44
13 23 68
13 24 40
13 25 69
13 26 24
13 27 39
13 28 116
13 29 84
13 30 72
13 31 84
13 32 34
13 33 93
13 34 73
13 35 24
13 36 92
13 37 104
13 38 66
13 39 14
13 40 75
13 41 56
13 42 75
13 43 18
13 44 99
13 45 93
13 46 53
13 47 46
13 48 12
13 49 51
14 15 79
14 16 47
14 17 70
14 18 65
14 19 33
14 20 71
14 21 64
14 22 37
14 23 48
14 24 11
14 25 35
14 26 26
14 27 46
14 28 83
14 29 51
14 30 41
14 31 55
14 32 1
14 33 73
14 34 41
14 35 40
14 36 59
14 37 71
14 38 53
14 39 21
14 40 50
14 41 44
14 42 41
14 43 24
14 44 71
14 45 75
14 46 20
14 47 30
14 48 27
14 49 34
15 16 123
15 17 15
15 18 91
15 19 56
15 20 25
15 21 16
15 22 115
15 23 117
15 24 68
15 25 71
15 26 104
15 27 69
15 28 94
15 29 77
15 30 93
15 31 106
15 32 79
15 33 6
15 34 89
15 35 81
15 36 89
15 37 74
15 38 126
15 39 87
15 40 110
15 41 120
15 42 76
15 43 99
15 44 28
15 45 9
15 46 79
15 47 53
15 48 100
15 49 109
16 17 116
16 18 70
16 19 80
16 20 109
16 21 108
16 22 14
16 23 16
16 24 57
16 25 58
16 26 34
16 27 89
16 28 89
16 29 65
16 30 42
16 31 44
16 32 46
16 33 118
16 34 46
16 35 78
16 36 65
16 37 87
16 38 8
16 39 55
16 40 30
16 41 3
16 42 58
16 43 41
16 44 109
16 45 121
16 46 45
16 47 77
16 48 46
16 49 13
17 18 93
17 19 44
17 20 34
17 21 10
17 22 107
17 23 112
17 24 59
17 25 69
17 26 94
17 27 54
17 28 99
17 29 78
17 30 90
17 31 104
17 32 71
17 33 11
17 34 87
17 35 67
17 36 90
17 37 80
17 38 120
17 39 76
17 40 107
17 41 113
17 42 75
17 43 89
17 44 37
17 45 7
17 46 74
17 47 42
17 48 89
17 49 103
18 19 84
18 20 67
18 21 83
18 22 74
18 23 55
18 24 64
18 25 32
18 26 82
18 27 104
18 28 19
18 29 17
18 30 30
18 31 28
18 32 65
18 33 88
18 34 27
18 35 103
18 36 7
18 37 22
18 38 67
18 39 86
18 40 41
18 41 69
18 42 25
18 43 84
18 44 65
18 45 94
18 46 45
18 47 77
18 48 89
18 49 62
19 20 58
19 21 41
19 22 68
19 23 80
19 24 25
19 25 52
19 26 52
19 27 20
19 28 98
19 29 67
19 30 67
19 31 83
19 32 34
19 33 50
19 34 66
19 35 27
19 36 78
19 37 81
19 38 86
19 39 32
19 40 80
19 41 77
19 42 60
19 43 46
19 44 61
19 45 50
19 46 46
19 47 8
19 48 45
19 49 67
20 21 25
20 22 103
20 23 101
20 24 60
20 25 53
20 26 97
20 27 76
20 28 69
20 29 55
20 30 74
20 31 85
20 32 71
20 33 25
20 34 70
20 35 85
20 36 66
20 37 50
20 38 111
20 39 84
20 40 92
20 41 107
20 42 56
20 43 94
20 44 4
20 45 31
20 46 64
20 47 52
20 48 96
20 49 96
21 22 100
21 23 104
21 24 53
21 25 59
21 26 88
21 27 54
21 28 89
21 29 68
21 30 81
21 31 95
21 32 64
21 33 10
21 34 78
21 35 66
21 36 80
21 37 70
21 38 112
21 39 71
21 40 98
21 41 106
21 42 65
21 43 84
21 44 29
21 45 12
21 46 65
21 47 37
21 48 84
21 49 95
22 23 26
22 24 47
22 25 56
22 26 20
22 27 76
22 28 93
22 29 66
22 30 44
22 31 50
22 32 36
22 33 109
22 34 48
22 35 64
22 36 67
22 37 88
22 38 22
22 39 42
22 40 38
22 41 12
22 42 57
22 43 27
22 44 103
22 45 112
22 46 40
22 47 66
22 48 32
22 49 12
23 24 56
23 25 48
23 26 44
23 27 93
23 28 74
23 29 52
23 30 29
23 31 28
23 32 47
23 33 112
23 34 33
23 35 84
23 36 50
23 37 74
23 38 12
23 39 61
23 40 14
23 41 17
23 42 47
23 43 50
23 44 100
23 45 116
23 46 39
23 47 76
23 48 56
23 49 17
24 25 32
24 26 37
24 27 42
24 28 80
24 29 47
24 30 43
24 31 58
24 32 12
24 33 62
24 34 42
24 35 39
24 36 57
24 37 66
24 38 62
24 39 26
24 40 55
24 41 54
24 42 38
24 43 33
24 44 61
24 45 65
24 46 21
24 47 20
24 48 36
24 49 44
25 26 56
25 27 72
25 28 48
25 29 16
25 30 22
25 31 35
25 32 35
25 33 67
25 34 18
25 35 71
25 36 26
25 37 36
25 38 59
25 39 56
25 40 40
25 41 56
25 42 7
25 43 56
25 44 52
25 45 71
25 46 17
25 47 45
25 48 61
25 49 46
26 27 57
26 28 101
26 29 70
26 30 53
26 31 63
26 32 26
26 33 98
26 34 55
26 35 45
26 36 75
26 37 92
26 38 42
26 39 22
26 40 52
26 41 32
26 42 60
26 43 7
26 44 97
26 45 100
26 46 39
26 47 52
26 48 12
26 49 27
27 28 118
27 29 87
27 30 85
27 31 100
27 32 47
27 33 63
27 34 84
27 35 16
27 36 98
27 37 101
27 38 96
27 39 35
27 40 95
27 41 86
27 42 79
27 43 51
27 44 78
27 45 61
27 46 63
27 47 28
27 48 47
27 49 78
28 29 32
28 30 49
28 31 46
28 32 82
28 33 92
28 34 46
28 35 119
28 36 26
28 37 19
28 38 86
28 39 104
28 40 60
28 41 89
28 42 42
28 43 102
28 44 66
28 45 98
28 46 63
28 47 90
28 48 108
28 49 82
29 30 23
29 31 31
29 32 50
29 33 74
29 34 19
29 35 87
29 36 12
29 37 23
29 38 64
29 39 71
29 40 40
29 41 64
29 42 10
29 43 71
29 44 53
29 45 79
29 46 31
29 47 60
29 48 76
29 49 55
30 31 15
30 32 40
30 33 89
30 34 5
30 35 81
30 36 23
30 37 45
30 38 41
30 39 61
30 40 18
30 41 41
30 42 18
30 43 56
30 44 73
30 45 93
30 46 22
30 47 61
30 48 61
30 49 33
31 32 54
31 33 102
31 34 17
31 35 95
31 36 24
31 37 49
31 38 40
31 39 74
31 40 14
31 41 44
31 42 30
31 43 67
31 44 83
31 45 107
31 46 37
31 47 77
31 48 73
31 49 39
32 33 74
32 34 41
32 35 41
32 36 58
32 37 70
32 38 52
32 39 21
32 40 49
32 41 43
32 42 41
32 43 23
32 44 72
32 45 76
32 46 20
32 47 31
32 48 27
32 49 34
33 34 85
33 35 75
33 36 86
33 37 73
33 38 121
33 39 81
33 40 106
33 41 115
33 42 72
33 43 94
33 44 28
33 45 6
33 46 74
33 47 47
33 48 94
33 49 104
34 35 81
34 36 20
34 37 41
34 38 45
34 39 62
34 40 22
34 41 45
34 42 14
34 43 58
34 44 68
34 45 90
34 46 22
34 47 60
34 48 63
34 49 37
35 36 97
35 37 104
35 38 86
35 39 23
35 40 89
35 41 75
35 42 78
35 43 38
35 44 87
35 45 75
35 46 59
35 47 34
35 48 33
35 49 68
36 37 25
36 38 62
36 39 80
36 40 36
36 41 63
36 42 19
36 43 77
36 44 64
36 45 91
36 46 39
36 47 71
36 48 82
36 49 56
37 38 86
37 39 91
37 40 60
37 41 86
37 42 31
37 43 92
37 44 47
37 45 79
37 46 53
37 47 73
37 48 97
37 49 77
38 39 63
38 40 26
38 41 11
38 42 58
38 43 49
38 44 110
38 45 125
38 46 48
38 47 82
38 48 55
38 49 19
39 40 66
39 41 52
39 42 62
39 43 16
39 44 86
39 45 82
39 46 41
39 47 34
39 48 13
39 49 45
40 41 30
40 42 36
40 43 57
40 44 91
40 45 110
40 46 35
40 47 75
40 48 63
40 49 26
41 42 57
41 43 38
41 44 106
41 45 118
41 46 42
41 47 74
41 48 44
41 49 11
42 43 61
42 44 54
42 45 77
42 46 22
42 47 52
42 48 66
42 49 47
43 44 94
43 45 95
43 46 40
43 47 47
43 48 6
43 49 33
44 45 34
44 46 64
44 47 54
44 48 97
44 49 96
45 46 77
45 47 48
45 48 95
45 49 107
46 47 40
46 48 45
46 49 32
47 48 47
47 49 64
48 49 39
0 2 75
0 8 83
0 15 30
0 20 40
0 24 45
0 25 61
0 26 78
0 30 81
0 32 56
0 35 51
0 36 85
0 39 59
0 46 62
0 47 26
0 48 73
1 5 61
1 10 30
1 12 37
1 13 93
1 16 76
1 31 39
1 32 59
1 33 72
1 37 12
1 40 50
1 45 77
1 46 41
1 48 86
2 6 72
2 8 36
2 10 47
2 11 36
2 20 43
2 23 82
2 24 68
2 32 74
2 34 48
2 37 9
2 40 69
2 44 39
3 4 28
3 5 20
3 8 58
3 14 6
3 16 42
3 19 37
3 22 31
3 29 54
3 30 41
3 36 61
3 37 75
3 39 19
3 44 77
3 47 35
3 48 23
4 9 62
4 14 34
4 16 21
4 17 104
4 21 97
4 22 7
4 23 33
4 28 98
4 29 69
4 37 91
4 38 30
4 39 36
4 40 44
4 42 60
4 44 103
4 45 109
4 47 63
4 49 18
5 8 61
5 11 54
5 24 7
5 28 85
5 32 15
5 35 34
5 37 71
5 43 34
6 7 20
6 15 99
6 20 85
6 21 85
6 23 19
6 26 32
6 28 71
6 30 22
6 33 94
6 39 45
6 41 22
6 42 35
6 45 98
6 48 42
7 12 3
7 15 83
7 17 80
7 22 43
7 29 24
7 37 46
7 45 83
7 47 50
8 11 7
8 19 76
8 20 66
8 21 79
8 22 65
8 27 96
8 28 29
8 29 11
8 33 85
8 34 17
8 35 94
8 36 3
8 39 77
8 41 61
8 42 17
9 10 62
9 11 46
9 23 68
9 25 29
9 26 54
9 29 43
9 35 49
9 39 43
9 43 51
10 16 56
10 19 85
10 21 91
10 28 34
10 38 52
10 42 27
10 45 103
10 46 41
10 48 81
11 20 62
11 22 60
11 26 66
11 27 89
11 28 34
11 30 17
11 33 80
11 35 87
11 43 68
11 46 29
12 25 15
12 30 14
12 31 29
12 33 78
12 35 67
12 37 49
12 40 28
12 41 41
12 47 47
13 16 58
13 18 98
13 19 43
13 20 97
13 22 44
13 23 68
13 27 39
13 31 84
13 34 73
13 36 92
13 37 104
13 38 66
13 41 56
13 47 46
14 15 79
14 16 47
14 17 70
14 23 48
14 26 26
14 29 51
14 32 1
14 33 73
14 35 40
14 37 71
14 39 21
14 44 71
14 45 75
14 46 20
15 25 71
15 26 104
15 28 94
15 31 106
15 32 79
15 33 6
15 35 81
15 36 89
15 37 74
15 46 79
16 24 57
16 27 89
16 28 89
16 30 42
16 31 44
16 37 87
16 42 58
16 43 41
16 44 109
17 22 107
17 30 90
17 33 11
17 36 90
17 42 75
17 44 37
17 45 7
17 49 103
18 21 83
18 26 82
18 27 104
18 34 27
18 35 103
18 37 22
18 43 84
18 46 45
18 49 62
19 23 80
19 28 98
19 33 50
19 34 66
19 35 27
19 36 78
19 39 32
19 43 46
19 45 50
19 46 46
19 49 67
20 24 60
20 28 69
20 32 71
20 34 70
20 38 111
20 43 94
20 45 31
20 47 52
21 22 100
21 23 104
21 25 59
21 26 88
21 34 78
21 38 112
21 39 71
21 44 29
21 45 12
21 47 37
21 49 95
22 27 76
22 34 48
22 38 22
22 40 38
22 41 12
22 44 103
22 46 40
23 27 93
23 31 28
23 36 50
23 39 61
23 41 17
23 43 50
23 47 76
24 25 32
24 26 37
24 27 42
24 28 80
24 33 62
24 35 39
24 36 57
24 39 26
24 43 33
25 32 35
25 34 18
25 36 26
25 39 56
25 41 56
25 47 45
25 49 46
26 27 57
26 29 70
26 37 92
26 40 52
26 45 100
26 49 27
27 29 87
27 30 85
27 31 100
27 32 47
27 38 96
27 39 35
27 46 63
28 37 19
28 42 42
28 44 66
28 47 90
28 48 108
29 36 12
29 38 64
29 40 40
29 42 10
29 44 53
29 45 79
29 47 60
30 33 89
30 34 5
30 36 23
30 40 18
30 46 22
30 47 61
30 48 61
31 37 49
31 43 67
31 46 37
31 47 77
32 34 41
32 35 41
32 38 52
32 42 41
32 44 72
33 34 85
33 38 121
33 42 72
33 44 28
33 45 6
33 46 74
33 49 104
34 36 20
34 37 41
34 43 58
34 44 68
34 48 63
35 38 86
35 42 78
35 45 75
35 46 59
35 47 34
36 38 62
36 41 63
36 42 19
36 44 64
36 48 82
37 39 91
37 41 86
37 42 31
37 47 73
37 48 97
38 41 11
38 42 58
38 47 82
38 48 55
39 42 62
39 43 16
39 49 45
40 42 36
40 43 57
40 48 63
40 49 26
41 42 57
41 45 118
42 48 66
43 45 95
43 46 40
44 45 34
44 46 64
44 49 96
45 49 107
48 49 39
