50 0.7 0 0 0.1 1225 858 20
0.741407 0.383455 2
0.415731 0.996032 5
0.112725 0.412012 4
0.952332 0.315248 4
0.490492 0.347257 1
0.129271 0.104574 5
0.458359 0.768622 3
0.42144 0.356014 2
0.646799 0.610601 2
0.671482 0.405744 2
0.469443 0.876937 4
0.766548 0.984598 6
0.277855 0.145434 4
0.843119 0.60192 3
0.357188 0.315567 2
0.519779 0.966025 5
0.580395 0.854232 4
0.157341 0.527518 4
0.0793186 0.297356 5
0.414606 0.0699946 4
0.403189 0.685049 3
0.00211481 0.0441113 7
0.284835 0.2689 3
0.499034 0.111278 4
0.837648 0.856039 5
0.76214 0.68887 3
0.0889306 0.928064 6
0.958572 0.0638444 6
0.138835 0.736506 5
0.200237 0.517503 3
0.512831 0.754145 3
0.759589 0.587271 3
0.129276 0.310299 4
0.532155 0.46432 0
0.743556 0.13695 4
0.969173 0.8639 6
0.315626 0.135341 4
0.214381 0.0260232 5
0.323081 0.605414 3
0.27206 0.80081 4
0.888621 0.154291 5
0.0719059 0.127197 6
0.671149 0.0453648 4
0.111831 0.395451 4
0.827244 0.927547 5
0.426811 0.360715 1
0.745461 0.355836 2
0.231795 0.934695 6
0.562816 0.544412 1
0.779874 0.706801 3
0 1 69
0 2 63
0 3 22
0 4 25
0 5 67
0 6 48
0 7 32
0 8 25
0 9 7
0 10 56
0 11 60
0 12 52
0 13 24
0 14 39
0 15 62
0 16 50
0 17 60
0 18 67
0 19 45
0 20 45
0 21 81
0 22 47
0 23 36
0 24 48
0 25 31
0 26 85
0 27 39
0 28 70
0 29 56
0 30 44
0 31 20
0 32 62
0 33 22
0 34 25
0 35 53
0 36 49
0 37 64
0 38 47
0 39 63
0 40 27
0 41 72
0 42 35
0 43 63
0 44 55
0 45 32
0 46 3
0 47 75
0 48 24
0 49 33
1 2 66
1 3 87
1 4 65
1 5 94
1 6 23
1 7 64
1 8 45
1 9 64
1 10 13
1 11 35
1 12 86
1 13 58
1 14 68
1 15 11
1 16 22
1 17 54
1 18 78
1 19 93
1 20 31
1 21 104
1 22 74
1 23 89
1 24 44
1 25 46
1 26 33
1 27 108
1 28 38
1 29 52
1 30 26
1 31 53
1 32 74
1 33 54
1 34 92
1 35 57
1 36 87
1 37 99
1 38 40
1 39 24
1 40 97
1 41 93
1 42 98
1 43 67
1 44 42
1 45 64
1 46 72
1 47 19
1 48 47
1 49 47
2 3 85
2 4 38
2 5 31
2 6 50
2 7 31
2 8 57
2 9 56
2 10 59
2 11 87
2 12 31
2 13 75
2 14 26
2 15 69
2 16 64
2 17 12
2 18 12
2 19 46
2 20 40
2 21 38
2 22 22
2 23 49
2 24 85
2 25 71
2 26 52
2 27 91
2 28 33
2 29 14
2 30 53
2 31 67
2 32 10
2 33 42
2 34 69
2 35 97
2 36 34
2 37 40
2 38 29
2 39 42
2 40 82
2 41 29
2 42 67
2 43 2
2 44 88
2 45 32
2 46 64
2 47 54
2 48 47
2 49 73
3 4 46
3 5 85
3 6 67
3 7 53
3 8 42
3 9 30
3 10 74
3 11 69
3 12 70
3 13 31
3 14 60
3 15 78
3 16 65
3 17 82
3 18 87
3 19 59
3 20 66
3 21 99
3 22 67
3 23 50
3 24 55
3 25 42
3 26 106
3 27 25
3 28 92
3 29 78
3 30 62
3 31 33
3 32 82
3 33 45
3 34 27
3 35 55
3 36 66
3 37 79
3 38 69
3 39 84
3 40 17
3 41 90
3 42 39
3 43 84
3 44 62
3 45 53
3 46 21
3 47 95
3 48 45
3 49 43
4 5 44
4 6 42
4 7 7
4 8 31
4 9 19
4 10 53
4 11 69
4 12 29
4 13 43
4 14 14
4 15 62
4 16 51
4 17 38
4 18 41
4 19 29
4 20 35
4 21 57
4 22 22
4 23 24
4 24 62
4 25 44
4 26 71
4 27 55
4 28 52
4 29 34
4 30 41
4 31 36
4 32 36
4 33 12
4 34 33
4 35 70
4 36 27
4 37 42
4 38 31
4 39 50
4 40 44
4 41 47
4 42 35
4 43 38
4 44 67
4 45 7
4 46 26
4 47 64
4 48 21
4 49 46
5 6 74
5 7 39
5 8 72
5 9 62
5 10 84
5 11 109
5 12 15
5 13 87
5 14 31
5 15 95
5 16 87
5 17 42
5 18 20
5 19 29
5 20 64
5 21 14
5 22 23
5 23 37
5 24 103
5 25 86
5 26 82
5 27 83
5 28 63
5 29 42
5 30 75
5 31 79
5 32 21
5 33 54
5 34 62
5 35 113
5 36 19
5 37 12
5 38 54
5 39 71
5 40 76
5 41 6
5 42 55
5 43 29
5 44 108
5 45 39
5 46 67
5 47 84
5 48 62
5 49 89
6 7 41
6 8 25
6 9 42
6 10 11
6 11 38
6 12 65
6 13 42
6 14 46
6 15 21
6 16 15
6 17 39
6 18 60
6 19 70
6 20 10
6 21 86
6 22 53
6 23 66
6 24 39
6 25 31
6 26 40
6 27 86
6 28 32
6 29 36
6 30 6
6 31 35
6 32 56
6 33 31
6 34 69
6 35 52
6 36 65
6 37 78
6 38 21
6 39 19
6 40 75
6 41 75
6 42 75
6 43 51
6 44 40
6 45 41
6 46 50
6 47 28
6 48 25
6 49 33
7 8 34
7 9 25
7 10 52
7 11 72
7 12 25
7 13 49
7 14 8
7 15 62
7 16 52
7 17 31
7 18 35
7 19 29
7 20 33
7 21 52
7 22 16
7 23 26
7 24 65
7 25 48
7 26 66
7 27 61
7 28 47
7 29 27
7 30 41
7 31 41
7 32 30
7 33 15
7 34 39
7 35 75
7 36 24
7 37 39
7 38 27
7 39 47
7 40 51
7 41 42
7 42 40
7 43 31
7 44 70
7 45 1
7 46 32
7 47 61
7 48 24
7 49 50
8 9 21
8 10 32
8 11 39
8 12 59
8 13 20
8 14 41
8 15 38
8 16 25
8 17 50
8 18 65
8 19 59
8 20 25
8 21 86
8 22 50
8 23 52
8 24 31
8 25 14
8 26 64
8 27 63
8 28 52
8 29 46
8 30 20
8 31 12
8 32 60
8 33 19
8 34 48
8 35 41
8 36 58
8 37 73
8 38 32
8 39 42
8 40 52
8 41 75
8 42 57
8 43 58
8 44 36
8 45 33
8 46 27
8 47 53
8 48 11
8 49 16
9 10 51
9 11 59
9 12 47
9 13 26
9 14 33
9 15 58
9 16 46
9 17 53
9 18 60
9 19 42
9 20 39
9 21 76
9 22 41
9 23 34
9 24 48
9 25 30
9 26 78
9 27 45
9 28 63
9 29 48
9 30 38
9 31 20
9 32 55
9 33 15
9 34 28
9 35 55
9 36 45
9 37 59
9 38 40
9 39 56
9 40 33
9 41 66
9 42 36
9 43 56
9 44 54
9 45 25
9 46 9
9 47 69
9 48 18
9 49 32
10 11 32
10 12 76
10 13 46
10 14 57
10 15 10
10 16 11
10 17 47
10 18 70
10 19 81
10 20 20
10 21 95
10 22 64
10 23 77
10 24 37
10 25 35
10 26 38
10 27 95
10 28 36
10 29 45
10 30 13
10 31 41
10 32 66
10 33 42
10 34 79
10 35 50
10 36 76
10 37 89
10 38 31
10 39 21
10 40 84
10 41 85
10 42 86
10 43 60
10 44 36
10 45 52
10 46 59
10 47 24
10 48 35
10 49 35
11 12 97
11 13 39
11 14 78
11 15 25
11 16 23
11 17 76
11 18 97
11 19 98
11 20 47
11 21 121
11 22 86
11 23 91
11 24 15
11 25 30
11 26 68
11 27 94
11 28 67
11 29 73
11 30 34
11 31 40
11 32 93
11 33 57
11 34 85
11 35 24
11 36 96
11 37 111
11 38 58
11 39 53
11 40 84
11 41 110
11 42 94
11 43 88
11 44 8
11 45 71
11 46 63
11 47 54
11 48 49
11 49 28
12 13 73
12 14 19
12 15 86
12 16 77
12 17 40
12 18 25
12 19 16
12 20 55
12 21 29
12 22 12
12 23 22
12 24 90
12 25 73
12 26 81
12 27 69
12 28 61
12 29 38
12 30 65
12 31 65
12 32 22
12 33 41
12 34 47
12 35 100
12 36 4
12 37 14
12 38 46
12 39 66
12 40 61
12 41 21
12 42 41
12 43 30
12 44 96
12 45 26
12 46 51
12 47 79
12 48 49
12 49 75
13 14 56
13 15 49
13 16 36
13 17 69
13 18 82
13 19 68
13 20 45
13 21 101
13 22 65
13 23 60
13 24 25
13 25 12
13 26 82
13 27 55
13 28 72
13 29 65
13 30 36
13 31 8
13 32 77
13 33 34
13 34 48
13 35 29
13 36 70
13 37 85
13 38 52
13 39 60
13 40 45
13 41 91
13 42 58
13 43 76
13 44 33
13 45 48
13 46 26
13 47 70
13 48 29
13 49 12
14 15 67
14 16 58
14 17 29
14 18 28
14 19 25
14 20 37
14 21 45
14 22 9
14 23 25
14 24 72
14 25 55
14 26 67
14 27 65
14 28 47
14 29 26
14 30 47
14 31 49
14 32 23
14 33 23
14 34 43
14 35 82
14 36 18
14 37 32
14 38 29
14 39 49
14 40 56
14 41 34
14 42 41
14 43 26
14 44 77
14 45 8
14 46 39
14 47 63
14 48 31
14 49 58
15 16 13
15 17 57
15 18 80
15 19 90
15 20 30
15 21 106
15 22 74
15 23 85
15 24 34
15 25 37
15 26 43
15 27 100
15 28 44
15 29 55
15 30 21
15 31 45
15 32 76
15 33 50
15 34 86
15 35 46
15 36 86
15 37 99
15 38 41
15 39 30
15 40 89
15 41 95
15 42 93
15 43 70
15 44 31
15 45 61
15 46 65
15 47 29
15 48 42
15 49 37
16 17 53
16 18 75
16 19 80
16 20 24
16 21 100
16 22 66
16 23 75
16 24 26
16 25 25
16 26 50
16 27 88
16 28 46
16 29 51
16 30 12
16 31 32
16 32 71
16 33 39
16 34 74
16 35 39
16 36 77
16 37 91
16 38 36
16 39 31
16 40 76
16 41 89
16 42 81
16 43 66
16 44 26
16 45 52
16 46 53
16 47 36
16 48 31
16 49 25
17 18 24
17 19 52
17 20 29
17 21 51
17 22 29
17 23 54
17 24 76
17 25 63
17 26 41
17 27 93
17 28 21
17 29 4
17 30 42
17 31 61
17 32 22
17 33 38
17 34 70
17 35 88
17 36 42
17 37 50
17 38 18
17 39 30
17 40 82
17 41 41
17 42 70
17 43 14
17 44 78
17 45 32
17 46 61
17 47 41
17 48 41
17 49 65
18 19 41
18 20 51
18 21 26
18 22 21
18 23 46
18 24 94
18 25 79
18 26 63
18 27 91
18 28 44
18 29 25
18 30 63
18 31 74
18 32 5
18 33 48
18 34 68
18 35 105
18 36 29
18 37 30
18 38 39
18 39 54
18 40 82
18 41 17
18 42 64
18 43 10
18 44 98
18 45 35
18 46 67
18 47 66
18 48 54
18 49 81
19 20 62
19 21 41
19 22 24
19 23 9
19 24 89
19 25 71
19 26 92
19 27 54
19 28 72
19 29 50
19 30 69
19 31 62
19 32 37
19 33 41
19 34 34
19 35 97
19 36 12
19 37 20
19 38 54
19 39 74
19 40 48
19 41 35
19 42 26
19 43 44
19 44 95
19 45 29
19 46 44
19 47 88
19 48 50
19 49 73
20 21 76
20 22 43
20 23 58
20 24 47
20 25 36
20 26 40
20 27 83
20 28 27
20 29 26
20 30 13
20 31 37
20 32 46
20 33 26
20 34 65
20 35 59
20 36 56
20 37 69
20 38 11
20 39 17
20 40 72
20 41 65
20 42 69
20 43 41
20 44 49
20 45 33
20 46 47
20 47 30
20 48 21
20 49 38
21 22 36
21 23 50
21 24 117
21 25 100
21 26 89
21 27 96
21 28 71
21 29 51
21 30 87
21 31 93
21 32 30
21 33 68
21 34 75
21 35 127
21 36 33
21 37 21
21 38 65
21 39 80
21 40 89
21 41 11
21 42 67
21 43 37
21 44 121
21 45 53
21 46 81
21 47 92
21 48 75
21 49 102
22 23 27
22 24 81
22 25 64
22 26 69
22 27 70
22 28 49
22 29 26
22 30 54
22 31 57
22 32 16
22 33 32
22 34 48
22 35 91
22 36 14
22 37 25
22 38 34
22 39 53
22 40 61
22 41 26
22 42 45
22 43 21
22 44 85
22 45 17
22 46 47
22 47 67
22 48 39
22 49 66
23 24 82
23 25 63
23 26 91
23 27 46
23 28 72
23 29 50
23 30 64
23 31 54
23 32 42
23 33 35
23 34 25
23 35 89
23 36 18
23 37 30
23 38 52
23 39 73
23 40 39
23 41 43
23 42 18
23 43 48
23 44 88
23 45 26
23 46 35
23 47 87
23 48 44
23 49 66
24 25 18
24 26 75
24 27 80
24 28 71
24 29 72
24 30 34
24 31 28
24 32 89
24 33 50
24 34 73
24 35 13
24 36 89
24 37 104
24 38 57
24 39 57
24 40 70
24 41 106
24 42 83
24 43 86
24 44 7
24 45 64
24 46 51
24 47 61
24 48 42
24 49 16
25 26 71
25 27 66
25 28 63
25 29 59
25 30 26
25 31 10
25 32 74
25 33 32
25 34 55
25 35 27
25 36 71
25 37 86
25 38 45
25 39 50
25 40 55
25 41 89
25 42 65
25 43 71
25 44 25
25 45 47
25 46 33
25 47 58
25 48 25
25 49 3
26 27 123
26 28 20
26 29 43
26 30 46
26 31 75
26 32 62
26 33 64
26 34 103
26 35 88
26 36 82
26 37 91
26 38 40
26 39 22
26 40 111
26 41 80
26 42 106
26 43 53
26 44 74
26 45 66
26 46 87
26 47 14
26 48 61
26 49 73
27 28 106
27 29 88
27 30 82
27 31 56
27 32 87
27 33 58
27 34 23
27 35 80
27 36 65
27 37 75
27 38 83
27 39 101
27 40 11
27 41 89
27 42 29
27 43 91
27 44 87
27 45 61
27 46 36
27 47 113
27 48 62
27 49 67
28 29 23
28 30 37
28 31 64
28 32 43
28 33 48
28 34 85
28 35 84
28 36 63
28 37 71
28 38 23
28 39 15
28 40 95
28 41 61
28 42 87
28 43 34
28 44 71
28 45 47
28 46 72
28 47 22
28 48 47
28 49 64
29 30 39
29 31 56
29 32 22
29 33 34
29 34 66
29 35 84
29 36 40
29 37 49
29 38 15
29 39 29
29 40 78
29 41 41
29 42 67
29 43 15
29 44 75
29 45 28
29 46 57
29 47 42
29 48 36
29 49 61
30 31 30
30 32 59
30 33 29
30 34 66
30 35 47
30 36 65
30 37 79
30 38 24
30 39 25
30 40 71
30 41 77
30 42 73
30 43 54
30 44 36
30 45 40
30 46 46
30 47 33
30 48 22
30 49 27
31 32 69
31 33 26
31 34 45
31 35 35
31 36 63
31 37 78
31 38 44
31 39 53
31 40 45
31 41 83
31 42 55
31 43 68
31 44 35
31 45 40
31 46 23
31 47 63
31 48 20
31 49 12
32 33 43
32 34 64
32 35 101
32 36 26
32 37 30
32 38 35
32 39 51
32 40 78
32 41 19
32 42 60
32 43 9
32 44 93
32 45 30
32 46 62
32 47 63
32 48 49
32 49 76
33 34 39
33 35 59
33 36 39
33 37 54
33 38 25
33 39 43
33 40 47
33 41 57
33 42 44
33 43 43
33 44 55
33 45 15
33 46 24
33 47 56
33 48 9
33 49 35
34 35 76
34 36 43
34 37 54
34 38 63
34 39 81
34 40 15
34 41 67
34 42 12
34 43 68
34 44 80
34 45 39
34 46 22
34 47 95
34 48 45
34 49 57
35 36 98
35 37 113
35 38 70
35 39 70
35 40 71
35 41 116
35 42 87
35 43 98
35 44 16
35 45 74
35 46 56
35 47 74
35 48 52
35 49 25
36 37 15
36 38 47
36 39 67
36 40 57
36 41 24
36 42 37
36 43 33
36 44 94
36 45 25
36 46 48
36 47 80
36 48 48
36 49 74
37 38 59
37 39 78
37 40 69
37 41 17
37 42 46
37 43 38
37 44 109
37 45 40
37 46 63
37 47 91
37 48 62
37 49 89
38 39 20
38 40 72
38 41 54
38 42 66
38 43 30
38 44 60
38 45 27
38 46 49
38 47 34
38 48 25
38 49 47
39 40 89
39 41 70
39 42 85
39 43 44
39 44 57
39 45 47
39 46 65
39 47 14
39 48 39
39 49 52
40 41 82
40 42 24
40 43 81
40 44 78
40 45 51
40 46 25
40 47 102
40 48 51
40 49 56
41 42 60
41 43 27
41 44 110
41 45 42
41 46 71
41 47 82
41 48 64
41 49 91
42 43 66
42 44 90
42 45 40
42 46 32
42 47 99
42 48 51
42 49 67
43 44 89
43 45 32
43 46 63
43 47 55
43 48 47
43 49 74
44 45 69
44 46 58
44 47 60
44 48 47
44 49 23
45 46 32
45 47 61
45 48 23
45 49 49
46 47 77
46 48 26
46 49 35
47 48 51
47 49 59
48 49 27
0 3 22
0 6 48
0 9 7
0 12 52
0 14 39
0 15 62
0 16 50
0 17 60
0 18 67
0 19 45
0 23 36
0 24 48
0 26 85
0 27 39
0 28 70
0 30 44
0 34 25
0 37 64
0 38 47
0 39 63
0 40 27
0 41 72
0 43 63
0 45 32
0 46 3
0 48 24
0 49 33
1 2 66
1 3 87
1 5 94
1 6 23
1 7 64
1 8 45
1 10 13
1 11 35
1 12 86
1 13 58
1 14 68
1 15 11
1 16 22
1 17 54
1 19 93
1 20 31
1 22 74
1 24 44
1 27 108
1 28 38
1 29 52
1 31 53
1 32 74
1 34 92
1 35 57
1 37 99
1 38 40
1 39 24
1 42 98
2 3 85
2 4 38
2 5 31
2 7 31
2 9 56
2 11 87
2 12 31
2 14 26
2 15 69
2 19 46
2 22 22
2 23 49
2 24 85
2 25 71
2 26 52
2 27 91
2 28 33
2 30 53
2 32 10
2 34 69
2 36 34
2 37 40
2 38 29
2 39 42
2 40 82
2 42 67
2 43 2
2 44 88
2 47 54
2 48 47
2 49 73
3 6 67
3 7 53
3 8 42
3 9 30
3 10 74
3 11 69
3 12 70
3 13 31
3 14 60
3 15 78
3 17 82
3 18 87
3 19 59
3 21 99
3 22 67
3 23 50
3 25 42
3 26 106
3 27 25
3 28 92
3 29 78
3 31 33
3 32 82
3 33 45
3 35 55
3 36 66
3 37 79
3 38 69
3 39 84
3 41 90
3 42 39
3 43 84
3 44 62
3 45 53
4 6 42
4 7 7
4 8 31
4 10 53
4 12 29
4 15 62
4 18 41
4 19 29
4 20 35
4 22 22
4 23 24
4 24 62
4 25 44
4 26 71
4 29 34
4 30 41
4 31 36
4 32 36
4 33 12
4 34 33
4 35 70
4 36 27
4 38 31
4 39 50
4 40 44
4 41 47
4 42 35
4 44 67
4 45 7
4 47 64
4 48 21
5 7 39
5 8 72
5 9 62
5 11 109
5 12 15
5 14 31
5 15 95
5 17 42
5 18 20
5 19 29
5 21 14
5 22 23
5 23 37
5 24 103
5 25 86
5 26 82
5 27 83
5 28 63
5 29 42
5 30 75
5 31 79
5 32 21
5 34 62
5 35 113
5 36 19
5 37 12
5 38 54
5 39 71
5 41 6
5 42 55
5 45 39
5 46 67
5 48 62
5 49 89
6 9 42
6 10 11
6 11 38
6 13 42
6 14 46
6 15 21
6 19 70
6 21 86
6 22 53
6 23 66
6 24 39
6 25 31
6 26 40
6 27 86
6 28 32
6 30 6
6 31 35
6 32 56
6 33 31
6 34 69
6 35 52
6 36 65
6 37 78
6 38 21
6 39 19
6 40 75
6 41 75
6 42 75
6 43 51
6 44 40
6 45 41
6 47 28
6 48 25
6 49 33
7 8 34
7 9 25
7 10 52
7 11 72
7 12 25
7 13 49
7 14 8
7 15 62
7 16 52
7 19 29
7 20 33
7 21 52
7 22 16
7 23 26
7 24 65
7 25 48
7 28 47
7 31 41
7 32 30
7 33 15
7 34 39
7 35 75
7 36 24
7 37 39
7 38 27
7 39 47
7 40 51
7 42 40
7 44 70
7 45 1
7 46 32
7 47 61
7 48 24
8 9 21
8 10 32
8 13 20
8 14 41
8 15 38
8 17 50
8 19 59
8 20 25
8 21 86
8 22 50
8 23 52
8 24 31
8 25 14
8 26 64
8 27 63
8 28 52
8 29 46
8 30 20
8 31 12
8 33 19
8 34 48
8 35 41
8 36 58
8 37 73
8 38 32
8 39 42
8 40 52
8 43 58
8 44 36
8 45 33
8 47 53
8 48 11
8 49 16
9 10 51
9 11 59
9 12 47
9 16 46
9 17 53
9 19 42
9 21 76
9 22 41
9 23 34
9 24 48
9 26 78
9 27 45
9 29 48
9 30 38
9 31 20
9 32 55
9 33 15
9 34 28
9 35 55
9 36 45
9 37 59
9 38 40
9 39 56
9 41 66
9 42 36
9 43 56
9 46 9
9 47 69
9 49 32
10 11 32
10 12 76
10 14 57
10 17 47
10 19 81
10 20 20
10 21 95
10 22 64
10 26 38
10 27 95
10 29 45
10 30 13
10 31 41
10 32 66
10 35 50
10 36 76
10 37 89
10 39 21
10 40 84
10 41 85
10 42 86
10 43 60
10 44 36
10 45 52
10 46 59
10 47 24
10 48 35
11 12 97
11 13 39
11 14 78
11 15 25
11 16 23
11 17 76
11 18 97
11 20 47
11 21 121
11 23 91
11 24 15
11 25 30
11 27 94
11 28 67
11 30 34
11 31 40
11 33 57
11 34 85
11 38 58
11 39 53
11 40 84
11 41 110
11 42 94
11 43 88
11 45 71
11 47 54
11 48 49
12 15 86
12 16 77
12 18 25
12 20 55
12 21 29
12 22 12
12 23 22
12 24 90
12 26 81
12 27 69
12 30 65
12 31 65
12 32 22
12 33 41
12 34 47
12 35 100
12 37 14
12 38 46
12 39 66
12 40 61
12 41 21
12 42 41
12 44 96
13 14 56
13 15 49
13 16 36
13 17 69
13 18 82
13 19 68
13 20 45
13 21 101
13 22 65
13 23 60
13 24 25
13 27 55
13 30 36
13 31 8
13 32 77
13 34 48
13 36 70
13 40 45
13 41 91
13 43 76
13 44 33
13 45 48
13 46 26
13 47 70
13 49 12
14 15 67
14 16 58
14 17 29
14 18 28
14 20 37
14 21 45
14 23 25
14 24 72
14 27 65
14 28 47
14 29 26
14 30 47
14 31 49
14 33 23
14 36 18
14 37 32
14 38 29
14 39 49
14 41 34
14 42 41
14 43 26
14 44 77
14 45 8
14 46 39
14 47 63
14 48 31
14 49 58
15 16 13
15 17 57
15 20 30
15 21 106
15 22 74
15 23 85
15 24 34
15 26 43
15 27 100
15 28 44
15 31 45
15 34 86
15 35 46
15 36 86
15 37 99
15 38 41
15 40 89
15 41 95
15 42 93
15 43 70
15 44 31
15 45 61
15 46 65
15 47 29
15 48 42
16 17 53
16 18 75
16 19 80
16 20 24
16 21 100
16 22 66
16 25 25
16 26 50
16 27 88
16 28 46
16 30 12
16 31 32
16 34 74
16 35 39
16 36 77
16 37 91
16 38 36
16 39 31
16 40 76
16 41 89
16 42 81
16 43 66
16 44 26
16 46 53
16 47 36
16 48 31
17 18 24
17 19 52
17 20 29
17 21 51
17 22 29
17 23 54
17 25 63
17 26 41
17 27 93
17 28 21
17 30 42
17 31 61
17 32 22
17 33 38
17 34 70
17 35 88
17 36 42
17 37 50
17 39 30
17 40 82
17 41 41
17 42 70
17 43 14
17 44 78
17 45 32
17 46 61
17 47 41
17 48 41
18 19 41
18 20 51
18 24 94
18 26 63
18 27 91
18 28 44
18 30 63
18 33 48
18 34 68
18 35 105
18 36 29
18 37 30
18 39 54
18 40 82
18 41 17
18 42 64
18 44 98
18 45 35
18 46 67
18 47 66
18 49 81
19 20 62
19 21 41
19 22 24
19 23 9
19 24 89
19 25 71
19 26 92
19 27 54
19 28 72
19 31 62
19 32 37
19 33 41
19 36 12
19 38 54
19 41 35
19 42 26
19 44 95
19 45 29
19 46 44
19 47 88
19 49 73
20 21 76
20 24 47
20 27 83
20 28 27
20 29 26
20 30 13
20 33 26
20 36 56
20 37 69
20 38 11
20 39 17
20 42 69
20 43 41
20 44 49
20 45 33
20 46 47
20 47 30
20 49 38
21 22 36
21 23 50
21 24 117
21 25 100
21 26 89
21 27 96
21 28 71
21 29 51
21 30 87
21 34 75
21 35 127
21 38 65
21 40 89
21 41 11
21 42 67
21 43 37
21 44 121
21 47 92
22 23 27
22 24 81
22 25 64
22 26 69
22 27 70
22 28 49
22 29 26
22 30 54
22 32 16
22 34 48
22 35 91
22 36 14
22 37 25
22 38 34
22 41 26
22 42 45
22 43 21
22 44 85
22 45 17
22 46 47
22 47 67
22 48 39
23 24 82
23 26 91
23 27 46
23 28 72
23 29 50
23 30 64
23 31 54
23 32 42
23 33 35
23 34 25
23 35 89
23 37 30
23 38 52
23 39 73
23 40 39
23 41 43
23 44 88
23 45 26
23 46 35
23 48 44
24 25 18
24 26 75
24 28 71
24 29 72
24 30 34
24 31 28
24 32 89
24 35 13
24 36 89
24 39 57
24 40 70
24 41 106
24 42 83
24 45 64
24 46 51
24 47 61
24 48 42
24 49 16
25 27 66
25 28 63
25 29 59
25 30 26
25 32 74
25 33 32
25 34 55
25 35 27
25 36 71
25 38 45
25 39 50
25 40 55
25 41 89
25 42 65
25 44 25
25 45 47
25 48 25
25 49 3
26 28 20
26 29 43
26 30 46
26 31 75
26 32 62
26 33 64
26 34 103
26 35 88
26 37 91
26 41 80
26 42 106
26 43 53
26 44 74
26 45 66
26 46 87
26 48 61
27 28 106
27 29 88
27 30 82
27 31 56
27 34 23
27 35 80
27 37 75
27 38 83
27 39 101
27 41 89
27 42 29
27 43 91
27 44 87
27 46 36
27 49 67
28 30 37
28 31 64
28 33 48
28 35 84
28 38 23
28 39 15
28 40 95
28 41 61
28 44 71
28 45 47
28 48 47
28 49 64
29 31 56
29 33 34
29 34 66
29 35 84
29 38 15
29 39 29
29 40 78
29 43 15
29 44 75
29 45 28
29 47 42
29 48 36
29 49 61
30 31 30
30 32 59
30 33 29
30 34 66
30 36 65
30 37 79
30 38 24
30 39 25
30 40 71
30 44 36
30 47 33
30 48 22
30 49 27
31 33 26
31 34 45
31 37 78
31 39 53
31 40 45
31 42 55
31 43 68
31 44 35
31 45 40
31 46 23
31 49 12
32 33 43
32 34 64
32 35 101
32 36 26
32 37 30
32 38 35
32 39 51
32 41 19
32 42 60
32 43 9
32 46 62
32 48 49
32 49 76
33 35 59
33 36 39
33 38 25
33 40 47
33 41 57
33 42 44
33 43 43
33 45 15
33 46 24
33 47 56
33 48 9
33 49 35
34 36 43
34 40 15
34 41 67
34 43 68
34 44 80
34 46 22
34 48 45
34 49 57
35 36 98
35 37 113
35 39 70
35 40 71
35 41 116
35 43 98
35 44 16
35 45 74
35 46 56
35 48 52
35 49 25
36 39 67
36 43 33
36 44 94
36 45 25
37 38 59
37 39 78
37 40 69
37 42 46
37 43 38
37 44 109
37 45 40
37 46 63
37 47 91
37 48 62
37 49 89
38 39 20
38 40 72
38 41 54
38 42 66
38 44 60
38 47 34
38 48 25
39 40 89
39 41 70
39 43 44
39 44 57
39 45 47
39 46 65
39 48 39
40 42 24
40 44 78
40 46 25
40 48 51
40 49 56
41 43 27
41 44 110
41 45 42
41 46 71
41 47 82
41 48 64
41 49 91
42 43 66
42 48 51
42 49 67
44 45 69
44 46 58
44 48 47
44 49 23
45 46 32
45 47 61
45 48 23
46 48 26
46 49 35
47 48 51
48 49 27
