100 0.5 10 1 0.1 4950 2475 41
0.865502 0.402945 9
0.57278 0.814679 10
0.708525 0.504465 8
0.288441 0.789521 8
0.167076 0.0687549 2
0.415514 0.0801555 4
0.657229 0.414338 8
0.855869 0.31524 9
0.405582 0.246212 5
0.0576819 0.722468 7
0.0381402 0.457271 4
0.333693 0.66476 7
0.500504 0.937223 10
0.351408 0.647505 7
0.884487 0.623817 11
0.968088 0.219165 10
0.871166 0.385572 9
0.480225 0.598655 7
0.23971 0.35518 4
0.675244 0.485214 8
0.882443 0.443499 10
0.0906519 0.078955 1
0.362382 0.183473 4
0.0886524 0.545583 5
0.757784 0.793593 11
0.715424 0.998445 12
0.106488 0.547112 5
0.0155148 0.456672 4
0.484782 0.719952 8
0.710937 0.0591737 7
0.0150377 0.183986 2
0.729257 0.452412 8
0.041938 0.319335 3
0.495563 0.976001 11
0.448926 0.662334 8
0.839384 0.587837 10
0.912614 0.111251 9
0.0848678 0.465377 4
0.00602228 0.487012 5
0.513449 0.718926 9
0.621484 0.881308 11
0.387617 0.427623 6
0.776861 0.0783824 8
0.962215 0.639242 11
0.760609 0.643756 10
0.773573 0.806329 11
0.942657 0.340653 10
0.787006 0.954202 12
0.548848 0.0662743 5
0.976735 0.257348 10
0.95112 0.612629 11
0.890687 0.693609 11
0.344941 0.285566 4
0.971019 0.167854 10
0.557525 0.496689 7
0.116833 0.236822 2
0.142092 0.824222 8
0.519883 0.2325 6
0.981875 0.487184 11
0.0569883 0.184648 2
0.455091 0.778117 9
0.00687721 0.881091 9
0.0794477 0.00287744 1
0.534137 0.0612238 5
0.78345 0.955539 12
0.913095 0.522751 10
0.494738 0.911491 10
0.418829 0.489478 6
0.85217 0.291848 9
0.00770747 0.0251258 0
0.141111 0.686968 7
0.418502 0.0864289 4
0.662857 0.497767 8
0.0161948 0.463808 4
0.822107 0.0839753 8
0.747151 0.391258 8
0.922649 0.633056 11
0.0911185 0.291437 3
0.783878 0.0965088 8
0.189573 0.523509 5
0.492587 0.295922 6
0.303636 0.30301 4
0.551608 0.269129 6
0.29328 0.699041 7
0.418017 0.823527 9
0.0921345 0.896383 9
0.635348 0.486614 8
0.295971 0.106072 3
0.453134 0.308491 5
0.558719 0.567106 8
0.21797 0.116732 2
0.899737 0.687591 11
0.239424 0.666077 7
0.245878 0.638053 7
0.515693 0.172973 5
0.178753 0.876471 9
0.377097 0.057284 4
0.0683505 0.636748 6
0.344862 0.825442 9
0.339389 0.652725 7
0 1 51
0 2 19
0 3 69
0 4 77
0 5 55
0 6 21
0 7 9
0 8 49
0 9 87
0 10 83
0 11 59
0 12 65
0 13 57
0 14 22
0 15 21
0 16 2
0 17 43
0 18 63
0 19 21
0 20 4
0 21 84
0 22 55
0 23 79
0 24 41
0 25 61
0 26 77
0 27 85
0 28 50
0 29 38
0 30 88
0 31 14
0 32 83
0 33 68
0 34 49
0 35 19
0 36 30
0 37 78
0 38 86
0 39 47
0 40 54
0 41 48
0 42 34
0 43 26
0 44 26
0 45 41
0 46 10
0 47 56
0 48 46
0 49 18
0 50 23
0 51 29
0 52 53
0 53 26
0 54 32
0 55 77
0 56 84
0 57 39
0 58 14
0 59 84
0 60 56
0 61 98
0 62 88
0 63 48
0 64 56
0 65 13
0 66 63
0 67 45
0 68 11
0 69 94
0 70 78
0 71 55
0 72 22
0 73 85
0 74 32
0 75 12
0 76 24
0 77 78
0 78 32
0 79 69
0 80 39
0 81 57
0 82 34
0 83 64
0 84 61
0 85 92
0 86 24
0 87 64
0 88 42
0 89 35
0 90 71
0 91 29
0 92 68
0 93 66
0 94 42
0 95 83
0 96 60
0 97 83
0 98 67
0 99 58
1 2 34
1 3 29
1 4 85
1 5 75
1 6 41
1 7 57
1 8 59
1 9 52
1 10 64
1 11 28
1 12 14
1 13 28
1 14 37
1 15 71
1 16 52
1 17 24
1 18 57
1 19 35
1 20 48
1 21 88
1 22 67
1 23 55
1 24 19
1 25 23
1 26 54
1 27 66
1 28 13
1 29 77
1 30 84
1 31 39
1 32 73
1 33 18
1 34 20
1 35 35
1 36 78
1 37 60
1 38 65
1 39 11
1 40 8
1 41 43
1 42 76
1 43 43
1 44 25
1 45 20
1 46 60
1 47 26
1 48 75
1 49 69
1 50 43
1 51 34
1 52 58
1 53 76
1 54 32
1 55 74
1 56 43
1 57 58
1 58 52
1 59 81
1 60 12
1 61 57
1 62 95
1 63 75
1 64 25
1 65 45
1 66 12
1 67 36
1 68 59
1 69 97
1 70 45
1 71 74
1 72 33
1 73 66
1 74 77
1 75 46
1 76 39
1 77 71
1 78 75
1 79 48
1 80 52
1 81 58
1 82 55
1 83 30
1 84 16
1 85 49
1 86 33
1 87 76
1 88 52
1 89 25
1 90 78
1 91 35
1 92 36
1 93 37
1 94 64
1 95 40
1 96 78
1 97 53
1 98 23
1 99 28
2 3 51
2 4 69
2 5 52
2 6 10
2 7 24
2 8 40
2 9 69
2 10 67
2 11 41
2 12 48
2 13 38
2 14 21
2 15 39
2 16 20
2 17 25
2 18 49
2 19 4
2 20 18
2 21 75
2 22 47
2 23 62
2 24 29
2 25 49
2 26 60
2 27 69
2 28 31
2 29 45
2 30 76
2 31 6
2 32 69
2 33 52
2 34 30
2 35 16
2 36 44
2 37 62
2 38 70
2 39 29
2 40 39
2 41 33
2 42 43
2 43 29
2 44 15
2 45 31
2 46 29
2 47 46
2 48 47
2 49 36
2 50 27
2 51 26
2 52 42
2 53 43
2 54 15
2 55 65
2 56 65
2 57 33
2 58 27
2 59 73
2 60 37
2 61 80
2 62 80
2 63 48
2 64 46
2 65 21
2 66 46
2 67 29
2 68 26
2 69 85
2 70 60
2 71 51
2 72 5
2 73 69
2 74 44
2 75 12
2 76 25
2 77 65
2 78 41
2 79 52
2 80 30
2 81 45
2 82 28
2 83 46
2 84 43
2 85 73
2 86 8
2 87 57
2 88 32
2 89 16
2 90 63
2 91 26
2 92 50
2 93 48
2 94 38
2 95 65
2 96 56
2 97 65
2 98 49
2 99 40
3 4 73
3 5 72
3 6 53
3 7 74
3 8 56
3 9 24
3 10 42
3 11 13
3 12 26
3 13 16
3 14 62
3 15 89
3 16 71
3 17 27
3 18 44
3 19 49
3 20 69
3 21 74
3 22 61
3 23 32
3 24 47
3 25 48
3 26 30
3 27 43
3 28 21
3 29 84
3 30 66
3 31 55
3 32 53
3 33 28
3 34 20
3 35 59
3 36 92
3 37 38
3 38 41
3 39 24
3 40 35
3 41 38
3 42 86
3 43 69
3 44 49
3 45 49
3 46 79
3 47 53
3 48 77
3 49 87
3 50 69
3 51 61
3 52 51
3 53 92
3 54 40
3 55 58
3 56 15
3 57 60
3 58 76
3 59 65
3 60 17
3 61 30
3 62 81
3 63 77
3 64 52
3 65 68
3 66 24
3 67 33
3 68 75
3 69 81
3 70 18
3 71 72
3 72 47
3 73 42
3 74 88
3 75 61
3 76 65
3 77 54
3 78 85
3 79 28
3 80 53
3 81 49
3 82 58
3 83 9
3 84 13
3 85 22
3 86 46
3 87 68
3 88 51
3 89 35
3 90 68
3 91 62
3 92 13
3 93 16
3 94 66
3 95 14
3 96 74
3 97 27
3 98 7
3 99 15
4 5 25
4 6 60
4 7 73
4 8 30
4 9 66
4 10 41
4 11 62
4 12 93
4 13 61
4 14 91
4 15 82
4 16 77
4 17 62
4 18 30
4 19 66
4 20 81
4 21 8
4 22 23
4 23 48
4 24 94
4 25 108
4 26 48
4 27 42
4 28 72
4 29 54
4 30 19
4 31 68
4 32 28
4 33 96
4 34 66
4 35 85
4 36 75
4 37 41
4 38 45
4 39 74
4 40 93
4 41 42
4 42 61
4 43 98
4 44 83
4 45 95
4 46 82
4 47 108
4 48 38
4 49 83
4 50 95
4 51 96
4 52 28
4 53 81
4 54 58
4 55 18
4 56 76
4 57 39
4 58 92
4 59 16
4 60 77
4 61 83
4 62 11
4 63 37
4 64 108
4 65 87
4 66 90
4 67 49
4 68 72
4 69 17
4 70 62
4 71 25
4 72 66
4 73 42
4 74 66
4 75 66
4 76 94
4 77 24
4 78 62
4 79 46
4 80 40
4 81 27
4 82 43
4 83 64
4 84 80
4 85 83
4 86 63
4 87 13
4 88 37
4 89 63
4 90 7
4 91 96
4 92 60
4 93 57
4 94 36
4 95 81
4 96 21
4 97 58
4 98 78
4 99 61
5 6 41
5 7 50
5 8 17
5 9 74
5 10 53
5 11 59
5 12 86
5 13 57
5 14 72
5 15 57
5 16 55
5 17 52
5 18 33
5 19 48
5 20 59
5 21 32
5 22 12
5 23 57
5 24 79
5 25 97
5 26 56
5 27 55
5 28 64
5 29 30
5 30 41
5 31 49
5 32 44
5 33 90
5 34 58
5 35 66
5 36 50
5 37 51
5 38 58
5 39 65
5 40 83
5 41 35
5 42 36
5 43 78
5 44 66
5 45 81
5 46 59
5 47 95
5 48 13
5 49 59
5 50 76
5 51 78
5 52 22
5 53 56
5 54 44
5 55 34
5 56 79
5 57 18
5 58 70
5 59 37
5 60 70
5 61 90
5 62 34
5 63 12
5 64 95
5 65 67
5 66 84
5 67 41
5 68 49
5 69 41
5 70 67
5 71 1
5 72 49
5 73 55
5 74 41
5 75 45
5 76 75
5 77 39
5 78 37
5 79 50
5 80 23
5 81 25
5 82 23
5 83 63
5 84 74
5 85 88
5 86 46
5 87 12
5 88 23
5 89 51
5 90 20
5 91 78
5 92 61
5 93 58
5 94 14
5 95 83
5 96 4
5 97 66
5 98 75
5 99 58
6 7 22
6 8 30
6 9 67
6 10 62
6 11 41
6 12 55
6 13 38
6 14 31
6 15 37
6 16 22
6 17 26
6 18 42
6 19 7
6 20 23
6 21 66
6 22 37
6 23 58
6 24 39
6 25 59
6 26 57
6 27 64
6 28 35
6 29 36
6 30 68
6 31 8
6 32 62
6 33 58
6 34 32
6 35 25
6 36 40
6 37 57
6 38 66
6 39 34
6 40 47
6 41 27
6 42 36
6 43 38
6 44 25
6 45 41
6 46 29
6 47 56
6 48 36
6 49 36
6 50 35
6 51 36
6 52 34
6 53 40
6 54 13
6 55 57
6 56 66
6 57 23
6 58 33
6 59 64
6 60 42
6 61 80
6 62 71
6 63 37
6 64 56
6 65 28
6 66 52
6 67 25
6 68 23
6 69 76
6 70 58
6 71 41
6 72 8
6 73 64
6 74 37
6 75 9
6 76 34
6 77 58
6 78 34
6 79 48
6 80 20
6 81 37
6 82 18
6 83 46
6 84 47
6 85 74
6 86 8
6 87 47
6 88 23
6 89 18
6 90 53
6 91 37
6 92 49
6 93 47
6 94 28
6 95 67
6 96 45
6 97 63
6 98 52
6 99 40
7 8 46
7 9 90
7 10 83
7 11 63
7 12 72
7 13 60
7 14 31
7 15 15
7 16 7
7 17 47
7 18 62
7 19 25
7 20 13
7 21 80
7 22 51
7 23 80
7 24 49
7 25 70
7 26 78
7 27 85
7 28 55
7 29 29
7 30 85
7 31 19
7 32 81
7 33 75
7 34 53
7 35 27
7 36 21
7 37 79
7 38 87
7 39 53
7 40 61
7 41 48
7 42 25
7 43 34
7 44 34
7 45 50
7 46 9
7 47 64
7 48 40
7 49 13
7 50 31
7 51 38
7 52 51
7 53 19
7 54 35
7 55 74
7 56 88
7 57 35
7 58 21
7 59 81
7 60 61
7 61 102
7 62 84
7 63 41
7 64 64
7 65 22
7 66 70
7 67 47
7 68 2
7 69 90
7 70 81
7 71 49
7 72 27
7 73 85
7 74 23
7 75 13
7 76 32
7 77 77
7 78 23
7 79 70
7 80 36
7 81 55
7 82 31
7 83 68
7 84 67
7 85 96
7 86 28
7 87 60
7 88 40
7 89 39
7 90 67
7 91 37
7 92 71
7 93 69
7 94 37
7 95 88
7 96 54
7 97 85
7 98 72
7 99 62
8 9 59
8 10 42
8 11 42
8 12 70
8 13 40
8 14 61
8 15 56
8 16 49
8 17 36
8 18 20
8 19 36
8 20 52
8 21 36
8 22 8
8 23 44
8 24 65
8 25 81
8 26 42
8 27 44
8 28 48
8 29 36
8 30 40
8 31 38
8 32 37
8 33 74
8 34 42
8 35 55
8 36 52
8 37 39
8 38 47
8 39 48
8 40 67
8 41 18
8 42 41
8 43 68
8 44 53
8 45 67
8 46 55
8 47 80
8 48 23
8 49 57
8 50 66
8 51 66
8 52 7
8 53 57
8 54 29
8 55 29
8 56 64
8 57 12
8 58 62
8 59 35
8 60 53
8 61 75
8 62 41
8 63 23
8 64 80
8 65 58
8 66 67
8 67 24
8 68 45
8 69 46
8 70 51
8 71 16
8 72 36
8 73 45
8 74 45
8 75 37
8 76 65
8 77 32
8 78 41
8 79 35
8 80 10
8 81 12
8 82 15
8 83 47
8 84 58
8 85 72
8 86 33
8 87 18
8 88 8
8 89 36
8 90 23
8 91 66
8 92 45
8 93 42
8 94 13
8 95 67
8 96 19
8 97 52
8 98 58
8 99 41
9 10 27
9 11 28
9 12 49
9 13 30
9 14 83
9 15 104
9 16 88
9 17 44
9 18 41
9 19 66
9 20 87
9 21 64
9 22 62
9 23 18
9 24 70
9 25 71
9 26 18
9 27 27
9 28 43
9 29 93
9 30 54
9 31 72
9 32 40
9 33 51
9 34 40
9 35 79
9 36 105
9 37 26
9 38 24
9 39 46
9 40 59
9 41 44
9 42 97
9 43 91
9 44 71
9 45 72
9 46 96
9 47 77
9 48 82
9 49 103
9 50 90
9 51 83
9 52 52
9 53 107
9 54 55
9 55 49
9 56 13
9 57 67
9 58 95
9 59 54
9 60 40
9 61 17
9 62 72
9 63 82
9 64 76
9 65 88
9 66 48
9 67 43
9 68 90
9 69 70
9 70 9
9 71 73
9 72 65
9 73 26
9 74 100
9 75 76
9 76 87
9 77 43
9 78 96
9 79 24
9 80 61
9 81 49
9 82 67
9 83 24
9 84 37
9 85 18
9 86 62
9 87 66
9 88 57
9 89 52
9 90 63
9 91 84
9 92 19
9 93 21
9 94 72
9 95 20
9 96 74
9 97 9
9 98 31
9 99 29
10 11 36
10 12 67
10 13 37
10 14 86
10 15 96
10 16 84
10 17 46
10 18 23
10 19 64
10 20 84
10 21 38
10 22 42
10 23 10
10 24 79
10 25 87
10 26 11
10 27 2
10 28 52
10 29 78
10 30 27
10 31 69
10 32 14
10 33 69
10 34 46
10 35 81
10 36 94
10 37 5
10 38 4
10 39 54
10 40 72
10 41 35
10 42 83
10 43 94
10 44 75
10 45 81
10 46 91
10 47 90
10 48 64
10 49 96
10 50 93
10 51 88
10 52 35
10 53 98
10 54 52
10 55 23
10 56 38
10 57 53
10 58 94
10 59 27
10 60 53
10 61 42
10 62 46
10 63 63
10 64 90
10 65 88
10 66 64
10 67 38
10 68 83
10 69 43
10 70 25
10 71 53
10 72 63
10 73 2
10 74 87
10 75 71
10 76 90
10 77 17
10 78 83
10 79 17
10 80 48
10 81 31
10 82 55
10 83 35
10 84 53
10 85 44
10 86 60
10 87 44
10 88 44
10 89 53
10 90 39
10 91 89
10 92 29
10 93 28
10 94 56
10 95 44
10 96 52
10 97 18
10 98 48
10 99 36
11 12 32
11 13 2
11 14 55
11 15 78
11 16 61
11 17 16
11 18 32
11 19 39
11 20 59
11 21 63
11 22 48
11 23 27
11 24 44
11 25 51
11 26 26
11 27 38
11 28 16
11 29 71
11 30 58
11 31 45
11 32 45
11 33 35
11 34 12
11 35 51
11 36 80
11 37 32
11 38 37
11 39 19
11 40 36
11 41 24
11 42 74
11 43 63
11 44 43
11 45 46
11 46 69
11 47 54
11 48 64
11 49 76
11 50 62
11 51 56
11 52 38
11 53 81
11 54 28
11 55 48
11 56 25
11 57 47
11 58 67
11 59 55
11 60 17
11 61 39
11 62 71
11 63 64
11 64 54
11 65 60
11 66 29
11 67 19
11 68 64
11 69 72
11 70 19
11 71 58
11 72 37
11 73 38
11 74 76
11 75 50
11 76 59
11 77 45
11 78 72
11 79 20
11 80 40
11 81 36
11 82 45
11 83 5
11 84 18
11 85 33
11 86 35
11 87 56
11 88 38
11 89 25
11 90 56
11 91 57
11 92 9
11 93 9
11 94 52
11 95 26
11 96 61
11 97 27
11 98 16
11 99 1
12 13 33
12 14 50
12 15 86
12 16 66
12 17 34
12 18 64
12 19 48
12 20 62
12 21 95
12 22 77
12 23 57
12 24 29
12 25 22
12 26 55
12 27 68
12 28 22
12 29 90
12 30 90
12 31 54
12 32 77
12 33 4
12 34 28
12 35 49
12 36 92
12 37 63
12 38 67
12 39 22
12 40 13
12 41 52
12 42 90
12 43 55
12 44 39
12 45 30
12 46 74
12 47 29
12 48 87
12 49 83
12 50 56
12 51 46
12 52 67
12 53 90
12 54 44
12 55 80
12 56 38
12 57 70
12 58 66
12 59 87
12 60 17
12 61 50
12 62 102
12 63 88
12 64 28
12 65 58
12 66 3
12 67 46
12 68 73
12 69 104
12 70 44
12 71 85
12 72 47
12 73 68
12 74 91
12 75 60
12 76 52
12 77 76
12 78 89
12 79 52
12 80 64
12 81 66
12 82 67
12 83 32
12 84 14
12 85 41
12 86 47
12 87 86
12 88 63
12 89 37
12 90 87
12 91 47
12 92 38
12 93 39
12 94 76
12 95 33
12 96 89
12 97 53
12 98 19
12 99 33
13 14 53
13 15 75
13 16 58
13 17 14
13 18 31
13 19 36
13 20 57
13 21 63
13 22 46
13 23 28
13 24 43
13 25 51
13 26 26
13 27 39
13 28 15
13 29 69
13 30 57
13 31 43
13 32 45
13 33 36
13 34 10
13 35 49
13 36 78
13 37 32
13 38 38
13 39 18
13 40 36
13 41 22
13 42 71
13 43 61
13 44 41
13 45 45
13 46 67
13 47 53
13 48 61
13 49 74
13 50 60
13 51 54
13 52 36
13 53 78
13 54 26
13 55 47
13 56 27
13 57 45
13 58 65
13 59 55
13 60 17
13 61 42
13 62 70
13 63 61
13 64 53
13 65 58
13 66 30
13 67 17
13 68 61
13 69 71
13 70 21
13 71 57
13 72 35
13 73 38
13 74 73
13 75 47
13 76 57
13 77 44
13 78 70
13 79 20
13 80 38
13 81 35
13 82 43
13 83 8
13 84 19
13 85 36
13 86 33
13 87 54
13 88 35
13 89 22
13 90 55
13 91 55
13 92 11
13 93 11
13 94 50
13 95 29
13 96 59
13 97 28
13 98 18
13 99 1
14 15 41
14 16 24
14 17 41
14 18 70
14 19 25
14 20 18
14 21 96
14 22 68
14 23 80
14 24 21
14 25 41
14 26 78
14 27 88
14 28 41
14 29 59
14 30 97
14 31 23
14 32 90
14 33 52
14 34 44
14 35 6
14 36 51
14 37 82
14 38 89
14 39 38
14 40 37
14 41 53
14 42 56
14 43 8
14 44 13
14 45 21
14 46 29
14 47 34
14 48 65
14 49 38
14 50 7
14 51 7
14 52 64
14 53 46
14 54 35
14 55 86
14 56 77
14 57 53
14 58 17
14 59 94
14 60 46
14 61 91
14 62 102
14 63 66
14 64 35
14 65 11
14 66 48
14 67 48
14 68 33
14 69 106
14 70 75
14 71 71
14 72 25
14 73 88
14 74 54
14 75 27
14 76 4
14 77 86
14 78 54
14 79 70
14 80 51
14 81 66
14 82 49
14 83 60
14 84 51
14 85 84
14 86 28
14 87 78
14 88 53
14 89 33
14 90 84
14 91 7
14 92 65
14 93 64
14 94 58
14 95 75
14 96 76
14 97 82
14 98 58
14 99 55
15 16 19
15 17 62
15 18 74
15 19 40
15 20 24
15 21 89
15 22 61
15 23 94
15 24 61
15 25 82
15 26 92
15 27 98
15 28 70
15 29 30
15 30 95
15 31 33
15 32 93
15 33 89
15 34 68
15 35 39
15 36 12
15 37 92
15 38 100
15 39 68
15 40 75
15 41 62
15 42 24
15 43 42
15 44 47
15 45 62
15 46 12
15 47 76
15 48 45
15 49 4
15 50 39
15 51 48
15 52 63
15 53 5
15 54 50
15 55 85
15 56 102
15 57 45
15 58 27
15 59 91
15 60 76
15 61 117
15 62 91
15 63 46
15 64 76
15 65 31
15 66 84
15 67 61
15 68 14
15 69 98
15 70 95
15 71 57
15 72 41
15 73 98
15 74 20
15 75 28
15 76 42
15 77 88
15 78 22
15 79 84
15 80 48
15 81 67
15 82 42
15 83 83
15 84 82
15 85 111
15 86 43
15 87 68
15 88 52
15 89 54
15 90 76
15 91 47
15 92 85
15 93 83
15 94 45
15 95 103
15 96 61
15 97 99
15 98 87
15 99 76
16 17 45
16 18 63
16 19 22
16 20 6
16 21 84
16 22 55
16 23 80
16 24 42
16 25 63
16 26 78
16 27 86
16 28 51
16 29 36
16 30 88
16 31 16
16 32 83
16 33 70
16 34 50
16 35 20
16 36 28
16 37 79
16 38 87
16 39 49
16 40 56
16 41 49
16 42 32
16 43 27
16 44 28
16 45 43
16 46 8
16 47 57
16 48 45
16 49 17
16 50 24
16 51 31
16 52 54
16 53 24
16 54 33
16 55 77
16 56 85
16 57 38
16 58 15
16 59 84
16 60 57
16 61 100
16 62 88
16 63 47
16 64 58
16 65 14
16 66 65
16 67 46
16 68 10
16 69 94
16 70 79
16 71 54
16 72 24
16 73 86
16 74 31
16 75 12
16 76 25
16 77 79
16 78 30
16 79 70
16 80 39
16 81 57
16 82 34
16 83 66
16 84 63
16 85 93
16 86 26
16 87 64
16 88 43
16 89 36
16 90 71
16 91 30
16 92 69
16 93 67
16 94 41
16 95 85
16 96 59
16 97 84
16 98 69
16 99 60
17 18 34
17 19 23
17 20 43
17 21 65
17 22 43
17 23 40
17 24 34
17 25 46
17 26 38
17 27 49
17 28 12
17 29 59
17 30 62
17 31 29
17 32 52
17 33 38
17 34 7
17 35 36
17 36 65
17 37 42
17 38 49
17 39 12
17 40 32
17 41 19
17 42 60
17 43 48
17 44 28
17 45 36
17 46 53
17 47 47
17 48 54
17 49 60
17 50 47
17 51 42
17 52 34
17 53 65
17 54 13
17 55 51
17 56 41
17 57 37
17 58 51
17 59 59
17 60 18
17 61 55
17 62 72
17 63 54
17 64 47
17 65 44
17 66 31
17 67 13
17 68 48
17 69 74
17 70 35
17 71 52
17 72 21
17 73 48
17 74 62
17 75 34
17 76 44
17 77 50
17 78 59
17 79 30
17 80 30
17 81 34
17 82 34
17 83 21
17 84 23
17 85 49
17 86 19
17 87 53
17 88 29
17 89 8
17 90 55
17 91 43
17 92 25
17 93 24
17 94 43
17 95 41
17 96 55
17 97 41
17 98 26
17 99 15
18 19 45
18 20 65
18 21 31
18 22 21
18 23 24
18 24 68
18 25 80
18 26 23
18 27 25
18 28 44
18 29 56
18 30 28
18 31 50
18 32 20
18 33 67
18 34 37
18 35 64
18 36 72
18 37 19
18 38 27
18 39 46
18 40 65
18 41 16
18 42 60
18 43 78
18 44 60
18 45 70
18 46 70
18 47 81
18 48 42
18 49 74
18 50 76
18 51 73
18 52 13
18 53 75
18 54 35
18 55 17
18 56 48
18 57 31
18 58 75
18 59 25
18 60 47
18 61 58
18 62 39
18 63 42
18 64 81
18 65 69
18 66 61
18 67 22
18 68 62
18 69 40
18 70 35
18 71 32
18 72 45
18 73 25
18 74 64
18 75 51
18 76 74
18 77 16
18 78 60
18 79 18
18 80 26
18 81 8
18 82 32
18 83 35
18 84 50
18 85 56
18 86 42
18 87 26
18 88 22
18 89 38
18 90 24
18 91 74
18 92 31
18 93 28
18 94 33
18 95 52
18 96 33
18 97 33
18 98 48
18 99 31
19 20 21
19 21 71
19 22 43
19 23 59
19 24 32
19 25 51
19 26 57
19 27 66
19 28 30
19 29 43
19 30 73
19 31 6
19 32 65
19 33 52
19 34 29
19 35 19
19 36 44
19 37 59
19 38 67
19 39 28
19 40 40
19 41 29
19 42 42
19 43 33
19 44 18
19 45 34
19 46 30
19 47 48
19 48 44
19 49 38
19 50 30
19 51 30
19 52 39
19 53 43
19 54 12
19 55 61
19 56 63
19 57 30
19 58 31
19 59 69
19 60 37
19 61 78
19 62 77
19 63 45
19 64 48
19 65 24
19 66 46
19 67 26
19 68 26
19 69 81
19 70 57
19 71 47
19 72 2
19 73 66
19 74 43
19 75 12
19 76 29
19 77 62
19 78 40
19 79 49
19 80 26
19 81 41
19 82 25
19 83 44
19 84 42
19 85 71
19 86 4
19 87 54
19 88 28
19 89 14
19 90 59
19 91 30
19 92 47
19 93 46
19 94 35
19 95 63
19 96 52
19 97 63
19 98 47
19 99 38
20 21 87
20 22 58
20 23 80
20 24 37
20 25 58
20 26 78
20 27 87
20 28 48
20 29 42
20 30 91
20 31 15
20 32 85
20 33 66
20 34 49
20 35 15
20 36 33
20 37 80
20 38 88
20 39 46
20 40 51
20 41 50
20 42 38
20 43 21
20 44 23
20 45 38
20 46 12
20 47 52
20 48 50
20 49 21
20 50 18
20 51 25
20 52 56
20 53 29
20 54 33
20 55 79
20 56 83
20 57 42
20 58 11
20 59 87
20 60 54
20 61 98
20 62 92
20 63 52
20 64 52
20 65 8
20 66 61
20 67 47
20 68 15
20 69 97
20 70 78
20 71 59
20 72 23
20 73 87
20 74 36
20 75 15
20 76 19
20 77 81
20 78 36
20 79 70
20 80 42
20 81 60
20 82 37
20 83 64
20 84 60
20 85 91
20 86 25
20 87 68
20 88 45
20 89 35
20 90 74
20 91 24
20 92 68
20 93 67
20 94 46
20 95 83
20 96 64
20 97 84
20 98 66
20 99 58
21 22 29
21 23 47
21 24 98
21 25 111
21 26 47
21 27 39
21 28 75
21 29 62
21 30 13
21 31 74
21 32 25
21 33 98
21 34 68
21 35 91
21 36 82
21 37 39
21 38 42
21 39 77
21 40 96
21 41 46
21 42 69
21 43 104
21 44 88
21 45 100
21 46 89
21 47 112
21 48 46
21 49 90
21 50 101
21 51 101
21 52 33
21 53 88
21 54 63
21 55 16
21 56 75
21 57 46
21 58 98
21 59 11
21 60 79
21 61 81
21 62 8
21 63 44
21 64 112
21 65 93
21 66 93
21 67 53
21 68 79
21 69 10
21 70 61
21 71 33
21 72 71
21 73 39
21 74 73
21 75 73
21 76 100
21 77 21
21 78 69
21 79 46
21 80 46
21 81 31
21 82 50
21 83 65
21 84 81
21 85 82
21 86 68
21 87 21
21 88 43
21 89 68
21 90 13
21 91 101
21 92 61
21 93 58
21 94 44
21 95 80
21 96 29
21 97 56
21 98 79
21 99 63
22 23 45
22 24 73
22 25 89
22 26 44
22 27 44
22 28 55
22 29 37
22 30 35
22 31 45
22 32 35
22 33 80
22 34 49
22 35 63
22 36 55
22 37 40
22 38 47
22 39 56
22 40 74
22 41 25
22 42 43
22 43 75
22 44 61
22 45 75
22 46 60
22 47 88
22 48 22
22 49 62
22 50 73
22 51 73
22 52 10
22 53 61
22 54 37
22 55 25
22 56 68
22 57 16
22 58 69
22 59 31
22 60 60
22 61 78
22 62 34
22 63 21
22 64 88
22 65 65
22 66 74
22 67 31
22 68 50
22 69 39
22 70 55
22 71 11
22 72 43
22 73 45
22 74 47
22 75 44
22 76 72
22 77 29
22 78 43
22 79 38
22 80 17
22 81 13
22 82 21
22 83 52
22 84 64
22 85 76
22 86 41
22 87 10
22 88 15
22 89 43
22 90 16
22 91 74
22 92 50
22 93 47
22 94 15
22 95 72
22 96 13
22 97 54
22 98 64
22 99 47
23 24 71
23 25 77
23 26 2
23 27 12
23 28 43
23 29 79
23 30 37
23 31 65
23 32 23
23 33 59
23 34 38
23 35 75
23 36 93
23 37 8
23 38 10
23 39 46
23 40 63
23 41 32
23 42 83
23 43 88
23 44 68
23 45 73
23 46 88
23 47 81
23 48 66
23 49 93
23 50 87
23 51 82
23 52 37
23 53 96
23 54 47
23 55 31
23 56 28
23 57 53
23 58 90
23 59 36
23 60 43
23 61 35
23 62 54
23 63 66
23 64 81
23 65 82
23 66 55
23 67 33
23 68 80
23 69 53
23 70 15
23 71 57
23 72 58
23 73 11
23 74 87
23 75 68
23 76 84
23 77 25
23 78 83
23 79 10
23 80 47
23 81 32
23 82 54
23 83 26
23 84 43
23 85 35
23 86 55
23 87 49
23 88 43
23 89 47
23 90 45
23 91 82
23 92 19
23 93 18
23 94 57
23 95 34
23 96 57
23 97 9
23 98 38
23 99 27
24 25 21
24 26 70
24 27 82
24 28 28
24 29 74
24 30 96
24 31 34
24 32 86
24 33 32
24 34 34
24 35 22
24 36 70
24 37 75
24 38 81
24 39 26
24 40 16
24 41 52
24 42 72
24 43 26
24 44 15
24 45 2
24 46 49
24 47 16
24 48 76
24 49 58
24 50 26
24 51 17
24 52 65
24 53 66
24 54 36
24 55 85
24 56 62
24 57 61
24 58 38
24 59 93
24 60 30
24 61 76
24 62 104
24 63 77
24 64 16
24 65 31
24 66 29
24 67 46
24 68 51
24 69 107
24 70 63
24 71 78
24 72 31
24 73 81
24 74 71
24 75 40
24 76 23
24 77 83
24 78 70
24 79 63
24 80 56
24 81 67
24 82 56
24 83 47
24 84 34
24 85 67
24 86 33
24 87 83
24 88 57
24 89 30
24 90 87
24 91 18
24 92 53
24 93 54
24 94 67
24 95 58
24 96 83
24 97 71
24 98 41
24 99 44
25 26 76
25 27 89
25 28 36
25 29 94
25 30 107
25 31 55
25 32 96
25 33 22
25 34 43
25 35 43
25 36 91
25 37 83
25 38 87
25 39 34
25 40 15
25 41 66
25 42 92
25 43 44
25 44 36
25 45 20
25 46 70
25 47 8
25 48 95
25 49 79
25 50 45
25 51 35
25 52 80
25 53 87
25 54 53
25 55 97
25 56 60
25 57 79
25 58 58
25 59 105
25 60 34
25 61 72
25 62 118
25 63 95
25 64 8
25 65 52
25 66 24
25 67 59
25 68 72
25 69 120
25 70 65
25 71 96
25 72 50
25 73 88
25 74 92
25 75 61
25 76 42
25 77 94
25 78 90
25 79 71
25 80 74
25 81 81
25 82 75
25 83 52
25 84 35
25 85 63
25 86 52
25 87 99
25 88 74
25 89 46
25 90 101
25 91 36
25 92 58
25 93 59
25 94 85
25 95 55
25 96 100
25 97 74
25 98 41
25 99 51
26 27 13
26 28 42
26 29 78
26 30 37
26 31 63
26 32 24
26 33 58
26 34 36
26 35 73
26 36 92
26 37 8
26 38 12
26 39 44
26 40 61
26 41 31
26 42 82
26 43 86
26 44 66
26 45 72
26 46 86
26 47 79
26 48 65
26 49 92
26 50 85
26 51 80
26 52 35
26 53 94
26 54 45
26 55 31
26 56 28
26 57 52
26 58 88
26 59 37
26 60 42
26 61 35
26 62 54
26 63 65
26 64 79
26 65 81
26 66 53
26 67 32
26 68 79
26 69 53
26 70 14
26 71 56
26 72 56
26 73 12
26 74 85
26 75 66
26 76 82
26 77 26
26 78 81
26 79 9
26 80 46
26 81 31
26 82 52
26 83 24
26 84 42
26 85 35
26 86 53
26 87 48
26 88 42
26 89 45
26 90 44
26 91 81
26 92 18
26 93 17
26 94 55
26 95 34
26 96 56
26 97 10
26 98 37
26 99 26
27 28 54
27 29 80
27 30 27
27 31 71
27 32 14
27 33 71
27 34 48
27 35 83
27 36 96
27 37 7
27 38 3
27 39 56
27 40 74
27 41 37
27 42 85
27 43 96
27 44 77
27 45 83
27 46 93
27 47 92
27 48 66
27 49 98
27 50 95
27 51 91
27 52 37
27 53 100
27 54 54
27 55 24
27 56 39
27 57 55
27 58 97
27 59 28
27 60 54
27 61 42
27 62 46
27 63 65
27 64 92
27 65 90
27 66 66
27 67 40
27 68 85
27 69 43
27 70 26
27 71 55
27 72 65
27 73 1
27 74 89
27 75 73
27 76 92
27 77 18
27 78 85
27 79 19
27 80 50
27 81 33
27 82 57
27 83 37
27 84 54
27 85 45
27 86 62
27 87 45
27 88 46
27 89 55
27 90 40
27 91 91
27 92 31
27 93 29
27 94 58
27 95 45
27 96 54
27 97 19
27 98 49
27 99 38
28 29 70
28 30 71
28 31 36
28 32 60
28 33 26
28 34 7
28 35 38
28 36 74
28 37 47
28 38 53
28 39 3
28 40 21
28 41 31
28 42 70
28 43 48
28 44 29
28 45 30
28 46 59
28 47 38
28 48 66
28 49 68
28 50 48
28 51 41
28 52 46
28 53 74
28 54 23
28 55 61
28 56 36
28 57 49
28 58 55
28 59 69
28 60 7
28 61 50
28 62 82
28 63 66
28 64 38
28 65 47
28 66 19
28 67 24
28 68 56
28 69 84
28 70 35
28 71 64
28 72 28
28 73 53
28 74 72
28 75 42
28 76 45
28 77 58
28 78 69
28 79 35
28 80 42
28 81 45
28 82 46
28 83 19
28 84 12
28 85 43
28 86 28
28 87 64
28 88 41
28 89 17
28 90 66
28 91 42
28 92 25
28 93 25
28 94 55
28 95 34
28 96 67
28 97 42
28 98 18
28 99 16
29 30 71
29 31 39
29 32 72
29 33 94
29 34 66
29 35 54
29 36 21
29 37 75
29 38 82
29 39 69
29 40 83
29 41 49
29 42 7
29 43 63
29 44 59
29 45 75
29 46 36
29 47 90
29 48 16
29 49 33
29 50 60
29 51 66
29 52 43
29 53 28
29 54 46
29 55 62
29 56 95
29 57 26
29 58 51
29 59 67
29 60 76
29 61 108
29 62 63
29 63 18
29 64 90
29 65 51
29 66 88
29 67 52
29 68 27
29 69 70
29 70 85
29 71 29
29 72 44
29 73 80
29 74 11
29 75 33
29 76 61
29 77 66
29 78 8
29 79 70
29 80 32
29 81 47
29 82 26
29 83 76
29 84 82
29 85 104
29 86 43
29 87 42
29 88 36
29 89 53
29 90 50
29 91 66
29 92 77
29 93 74
29 94 23
29 95 98
29 96 33
29 97 86
29 98 85
29 99 70
30 31 76
30 32 14
30 33 93
30 34 65
30 35 92
30 36 90
30 37 29
30 38 30
30 39 73
30 40 92
30 41 45
30 42 77
30 43 105
30 44 88
30 45 98
30 46 94
30 47 109
30 48 55
30 49 96
30 50 103
30 51 101
30 52 35
30 53 96
30 54 63
30 55 11
30 56 65
30 57 51
30 58 101
30 59 4
30 60 74
30 61 70
30 62 19
30 63 53
30 64 109
30 65 96
30 66 87
30 67 51
30 68 84
30 69 16
30 70 52
30 71 42
30 72 72
30 73 28
30 74 81
30 75 76
30 76 101
30 77 13
30 78 77
30 79 38
30 80 49
30 81 31
30 82 54
30 83 59
30 84 76
30 85 72
30 86 69
30 87 29
30 88 46
30 89 67
30 90 21
30 91 102
30 92 53
30 93 51
30 94 50
30 95 71
30 96 38
30 97 46
30 98 72
30 99 57
31 32 70
31 33 57
31 34 35
31 35 17
31 36 39
31 37 64
31 38 72
31 39 34
31 40 44
31 41 34
31 42 38
31 43 30
31 44 19
31 45 36
31 46 24
31 47 51
31 48 43
31 49 32
31 50 27
31 51 29
31 52 42
31 53 37
31 54 18
31 55 65
31 56 69
31 57 30
31 58 26
31 59 72
31 60 43
31 61 84
31 62 79
31 63 44
31 64 51
31 65 20
31 66 52
31 67 31
31 68 20
31 69 84
31 70 63
31 71 48
31 72 8
31 73 71
31 74 38
31 75 6
31 76 26
31 77 66
31 78 36
31 79 54
31 80 28
31 81 45
31 82 26
31 83 50
31 84 48
31 85 78
31 86 10
31 87 55
31 88 31
31 89 21
31 90 61
31 91 29
31 92 53
31 93 52
31 94 35
31 95 69
31 96 53
31 97 69
31 98 54
31 99 44
32 33 80
32 34 53
32 35 84
32 36 90
32 37 15
32 38 17
32 39 62
32 40 81
32 41 36
32 42 77
32 43 97
32 44 79
32 45 88
32 46 90
32 47 98
32 48 57
32 49 94
32 50 96
32 51 93
32 52 30
32 53 94
32 54 55
32 55 11
32 56 51
32 57 49
32 58 95
32 59 14
32 60 62
32 61 56
32 62 32
32 63 56
32 64 98
32 65 89
32 66 75
32 67 41
32 68 81
32 69 30
32 70 38
32 71 44
32 72 65
32 73 15
32 74 81
32 75 71
32 76 93
32 77 6
32 78 77
32 79 25
32 80 45
32 81 26
32 82 51
32 83 46
32 84 63
32 85 58
32 86 62
32 87 33
32 88 41
32 89 57
32 90 27
32 91 93
32 92 40
32 93 38
32 94 50
32 95 57
32 96 43
32 97 32
32 98 59
32 99 45
33 34 32
33 35 52
33 36 96
33 37 66
33 38 69
33 39 26
33 40 16
33 41 56
33 42 94
33 43 58
33 44 43
33 45 33
33 46 78
33 47 29
33 48 91
33 49 86
33 50 58
33 51 49
33 52 71
33 53 94
33 54 48
33 55 83
33 56 38
33 57 74
33 58 69
33 59 90
33 60 20
33 61 50
33 62 106
33 63 92
33 64 29
33 65 62
33 66 6
33 67 49
33 68 77
33 69 107
33 70 46
33 71 89
33 72 51
33 73 70
33 74 95
33 75 64
33 76 55
33 77 80
33 78 93
33 79 55
33 80 68
33 81 70
33 82 71
33 83 34
33 84 17
33 85 41
33 86 51
33 87 89
33 88 67
33 89 41
33 90 90
33 91 50
33 92 40
33 93 42
33 94 80
33 95 33
33 96 93
33 97 55
33 98 21
33 99 36
34 35 40
34 36 72
34 37 41
34 38 48
34 39 9
34 40 28
34 41 24
34 42 67
34 43 51
34 44 31
34 45 36
34 46 59
34 47 45
34 48 60
34 49 67
34 50 50
34 51 44
34 52 39
34 53 72
34 54 20
34 55 54
34 56 35
34 57 44
34 58 56
34 59 62
34 60 12
34 61 49
34 62 76
34 63 61
34 64 44
34 65 48
34 66 25
34 67 18
34 68 55
34 69 78
34 70 31
34 71 58
34 72 27
34 73 48
34 74 69
34 75 40
34 76 47
34 77 52
34 78 66
34 79 29
34 80 37
34 81 39
34 82 41
34 83 16
34 84 16
34 85 43
34 86 26
34 87 58
34 88 35
34 89 15
34 90 59
34 91 45
34 92 21
34 93 20
34 94 49
34 95 34
34 96 61
34 97 38
34 98 19
34 99 11
35 36 48
35 37 76
35 38 84
35 39 35
35 40 37
35 41 48
35 42 51
35 43 13
35 44 10
35 45 23
35 46 27
35 47 37
35 48 60
35 49 36
35 50 11
35 51 12
35 52 58
35 53 44
35 54 30
35 55 80
35 56 74
35 57 48
35 58 17
35 59 88
35 60 43
35 61 88
35 62 96
35 63 61
35 64 37
35 65 10
35 66 47
35 67 43
35 68 30
35 69 100
35 70 71
35 71 65
35 72 20
35 73 83
35 74 50
35 75 22
35 76 9
35 77 80
35 78 49
35 79 65
35 80 45
35 81 61
35 82 43
35 83 56
35 84 48
35 85 81
35 86 23
35 87 73
35 88 48
35 89 28
35 90 78
35 91 12
35 92 61
35 93 60
35 94 53
35 95 72
35 96 70
35 97 77
35 98 55
35 99 50
36 37 90
36 38 98
36 39 73
36 40 82
36 41 61
36 42 14
36 43 53
36 44 55
36 45 71
36 46 23
36 47 85
36 48 37
36 49 16
36 50 50
36 51 58
36 52 59
36 53 8
36 54 52
36 55 81
36 56 105
36 57 41
36 58 38
36 59 86
36 60 81
36 61 119
36 62 84
36 63 38
36 64 85
36 65 41
36 66 90
36 67 62
36 68 19
36 69 91
36 70 96
36 71 49
36 72 46
36 73 96
36 74 9
36 75 33
36 76 52
36 77 84
36 78 13
36 79 83
36 80 46
36 81 64
36 82 39
36 83 85
36 84 87
36 85 114
36 86 47
36 87 62
36 88 50
36 89 58
36 90 69
36 91 58
36 92 87
36 93 85
36 94 40
36 95 106
36 96 54
36 97 99
36 98 91
36 99 79
37 38 8
37 39 50
37 40 68
37 41 31
37 42 79
37 43 89
37 44 70
37 45 77
37 46 87
37 47 86
37 48 61
37 49 92
37 50 88
37 51 84
37 52 32
37 53 93
37 54 47
37 55 23
37 56 36
37 57 49
37 58 90
37 59 28
37 60 48
37 61 42
37 62 46
37 63 60
37 64 85
37 65 83
37 66 61
37 67 33
37 68 79
37 69 45
37 70 23
37 71 50
37 72 58
37 73 7
37 74 83
37 75 67
37 76 85
37 77 17
37 78 79
37 79 12
37 80 44
37 81 27
37 82 51
37 83 31
37 84 49
37 85 43
37 86 55
37 87 42
37 88 40
37 89 48
37 90 37
37 91 84
37 92 25
37 93 24
37 94 52
37 95 42
37 96 50
37 97 17
37 98 44
37 99 32
38 39 56
38 40 73
38 41 39
38 42 87
38 43 97
38 44 77
38 45 83
38 46 95
38 47 91
38 48 69
38 49 100
38 50 95
38 51 91
38 52 39
38 53 102
38 54 55
38 55 27
38 56 36
38 57 57
38 58 98
38 59 31
38 60 54
38 61 39
38 62 49
38 63 68
38 64 91
38 65 91
38 66 65
38 67 41
38 68 87
38 69 46
38 70 24
38 71 57
38 72 66
38 73 3
38 74 91
38 75 75
38 76 93
38 77 21
38 78 87
38 79 19
38 80 52
38 81 35
38 82 59
38 83 36
38 84 53
38 85 42
38 86 63
38 87 48
38 88 48
38 89 56
38 90 43
38 91 92
38 92 29
38 93 28
38 94 60
38 95 43
38 96 57
38 97 16
38 98 48
38 99 37
39 40 20
39 41 32
39 42 69
39 43 46
39 44 26
39 45 27
39 46 57
39 47 36
39 48 65
39 49 65
39 50 45
39 51 38
39 52 46
39 53 72
39 54 23
39 55 62
39 56 39
39 57 49
39 58 52
39 59 70
39 60 8
39 61 53
39 62 84
39 63 66
39 64 36
39 65 45
39 66 19
39 67 25
39 68 55
39 69 86
39 70 37
39 71 64
39 72 27
39 73 56
39 74 71
39 75 40
39 76 42
39 77 60
39 78 68
39 79 38
39 80 42
39 81 47
39 82 45
39 83 22
39 84 14
39 85 46
39 86 26
39 87 65
39 88 41
39 89 16
39 90 67
39 91 39
39 92 28
39 93 28
39 94 55
39 95 37
39 96 68
39 97 45
39 98 20
39 99 19
40 41 51
40 42 82
40 43 42
40 44 28
40 45 17
40 46 63
40 47 18
40 48 82
40 49 72
40 50 43
40 51 33
40 52 66
40 53 79
40 54 39
40 55 82
40 56 48
40 57 66
40 58 53
40 59 90
40 60 20
40 61 61
40 62 103
40 63 82
40 64 18
40 65 46
40 66 13
40 67 44
40 68 63
40 69 105
40 70 52
40 71 82
40 72 39
40 73 74
40 74 82
40 75 51
40 76 39
40 77 79
40 78 80
40 79 56
40 80 60
40 81 66
40 82 62
40 83 38
40 84 21
40 85 53
40 86 39
40 87 84
40 88 60
40 89 32
40 90 86
40 91 34
40 92 44
40 93 45
40 94 72
40 95 44
40 96 86
40 97 60
40 98 28
40 99 36
41 42 52
41 43 61
41 44 43
41 45 54
41 46 56
41 47 66
41 48 40
41 49 61
41 50 59
41 51 57
41 52 15
41 53 64
41 54 18
41 55 33
41 56 47
41 57 24
41 58 60
41 59 41
41 60 36
41 61 59
41 62 52
41 63 39
41 64 66
41 65 53
41 66 50
41 67 7
41 68 48
41 69 55
41 70 36
41 71 34
41 72 28
41 73 37
41 74 55
41 75 36
41 76 57
41 77 33
41 78 52
41 79 22
41 80 17
41 81 15
41 82 23
41 83 29
41 84 40
41 85 55
41 86 25
41 87 33
41 88 14
41 89 22
41 90 35
41 91 57
41 92 28
41 93 25
41 94 29
41 95 50
41 96 37
41 97 38
41 98 40
41 99 23
42 43 59
42 44 57
42 45 73
42 46 31
42 47 88
42 48 23
42 49 27
42 50 56
42 51 63
42 52 48
42 53 21
42 54 47
42 55 68
42 56 98
42 57 30
42 58 46
42 59 73
42 60 77
42 61 111
42 62 70
42 63 24
42 64 88
42 65 46
42 66 88
42 67 55
42 68 23
42 69 77
42 70 88
42 71 36
42 72 43
42 73 85
42 74 5
42 75 31
42 76 57
42 77 72
42 78 2
42 79 74
42 80 36
42 81 52
42 82 30
42 83 79
42 84 83
42 85 107
42 86 43
42 87 48
42 88 40
42 89 54
42 90 56
42 91 62
42 92 80
42 93 77
42 94 28
42 95 100
42 96 40
42 97 90
42 98 86
42 99 72
43 44 20
43 45 25
43 46 30
43 47 36
43 48 71
43 49 38
43 50 3
43 51 9
43 52 71
43 53 47
43 54 43
43 55 94
43 56 84
43 57 60
43 58 15
43 59 101
43 60 53
43 61 99
43 62 109
43 63 72
43 64 36
43 65 13
43 66 54
43 67 56
43 68 36
43 69 113
43 70 82
43 71 78
43 72 33
43 73 96
43 74 57
43 75 33
43 76 4
43 77 94
43 78 57
43 79 78
43 80 58
43 81 74
43 82 55
43 83 67
43 84 57
43 85 91
43 86 36
43 87 85
43 88 61
43 89 41
43 90 91
43 91 8
43 92 72
43 93 72
43 94 65
43 95 82
43 96 83
43 97 89
43 98 64
43 99 62
44 45 16
44 46 35
44 47 31
44 48 62
44 49 44
44 50 19
44 51 14
44 52 55
44 53 52
44 54 25
44 55 76
44 56 64
44 57 48
44 58 27
44 59 84
44 60 33
44 61 79
44 62 94
44 63 63
44 64 31
44 65 19
44 66 38
44 67 37
44 68 36
44 69 97
44 70 62
44 71 65
44 72 18
44 73 77
44 74 56
44 75 25
44 76 16
44 77 76
44 78 55
44 79 58
44 80 44
44 81 57
44 82 43
44 83 47
44 84 39
44 85 71
44 86 20
44 87 71
44 88 45
44 89 22
44 90 76
44 91 15
44 92 52
44 93 51
44 94 53
44 95 63
44 96 70
44 97 69
44 98 45
44 99 42
45 46 50
45 47 15
45 48 77
45 49 59
45 50 26
45 51 16
45 52 67
45 53 67
45 54 38
45 55 87
45 56 63
45 57 63
45 58 38
45 59 95
45 60 32
45 61 77
45 62 106
45 63 78
45 64 15
45 65 32
45 66 30
45 67 48
45 68 52
45 69 109
45 70 64
45 71 80
45 72 33
45 73 83
45 74 72
45 75 42
45 76 23
45 77 85
45 78 71
45 79 65
45 80 58
45 81 69
45 82 58
45 83 49
45 84 36
45 85 69
45 86 35
45 87 85
45 88 59
45 89 32
45 90 89
45 91 17
45 92 55
45 93 55
45 94 68
45 95 60
45 96 85
45 97 73
45 98 43
45 99 46
46 47 63
46 48 48
46 49 9
46 50 27
46 51 36
46 52 60
46 53 18
46 54 42
46 55 83
46 56 94
46 57 44
46 58 15
46 59 90
46 60 66
46 61 108
46 62 93
46 63 49
46 64 64
46 65 18
46 66 73
46 67 54
46 68 10
46 69 99
46 70 87
46 71 58
46 72 32
46 73 93
46 74 28
46 75 20
46 76 29
46 77 85
46 78 29
46 79 77
46 80 45
46 81 64
46 82 40
46 83 74
46 84 71
46 85 102
46 86 34
46 87 69
46 88 49
46 89 45
46 90 76
46 91 35
46 92 77
46 93 76
46 94 46
46 95 93
46 96 63
46 97 92
46 98 77
46 99 68
47 48 92
47 49 72
47 50 38
47 51 28
47 52 80
47 53 81
47 54 51
47 55 98
47 56 66
47 57 77
47 58 51
47 59 106
47 60 38
47 61 78
47 62 119
47 63 93
47 64 0
47 65 45
47 66 30
47 67 59
47 68 67
47 69 121
47 70 70
47 71 94
47 72 47
47 73 91
47 74 87
47 75 56
47 76 35
47 77 96
47 78 86
47 79 74
47 80 72
47 81 81
47 82 72
47 83 56
47 84 39
47 85 70
47 86 49
47 87 98
47 88 73
47 89 45
47 90 101
47 91 29
47 92 62
47 93 63
47 94 83
47 95 61
47 96 99
47 97 79
47 98 46
47 99 54
48 49 47
48 50 68
48 51 71
48 52 30
48 53 43
48 54 43
48 55 46
48 56 86
48 57 17
48 58 60
48 59 51
48 60 72
48 61 98
48 62 47
48 63 2
48 64 92
48 65 58
48 66 85
48 67 44
48 68 38
48 69 54
48 70 74
48 71 13
48 72 45
48 73 66
48 74 27
48 75 38
48 76 68
48 77 51
48 78 24
48 79 58
48 80 24
48 81 34
48 82 20
48 83 68
48 84 77
48 85 95
48 86 43
48 87 26
48 88 26
48 89 50
48 90 33
48 91 71
48 92 67
48 93 65
48 94 11
48 95 89
48 96 17
48 97 75
48 98 79
48 99 62
49 50 36
49 51 44
49 52 63
49 53 9
49 54 48
49 55 86
49 56 101
49 57 46
49 58 23
49 59 92
49 60 74
49 61 115
49 62 93
49 63 48
49 64 72
49 65 27
49 66 81
49 67 60
49 68 13
49 69 100
49 70 94
49 71 58
49 72 40
49 73 98
49 74 23
49 75 27
49 76 38
49 77 89
49 78 25
49 79 83
49 80 49
49 81 67
49 82 43
49 83 81
49 84 80
49 85 109
49 86 41
49 87 70
49 88 53
49 89 52
49 90 77
49 91 44
49 92 84
49 93 82
49 94 47
49 95 101
49 96 63
49 97 98
49 98 85
49 99 75
50 51 10
50 52 69
50 53 45
50 54 41
50 55 92
50 56 84
50 57 57
50 58 13
50 59 99
50 60 52
50 61 98
50 62 106
50 63 69
50 64 38
50 65 10
50 66 55
50 67 55
50 68 34
50 69 111
50 70 81
50 71 75
50 72 31
50 73 95
50 74 54
50 75 30
50 76 4
50 77 92
50 78 54
50 79 77
50 80 56
50 81 72
50 82 53
50 83 66
50 84 57
50 85 90
50 86 34
50 87 83
50 88 58
50 89 40
50 90 89
50 91 9
50 92 71
50 93 71
50 94 62
50 95 82
50 96 80
50 97 88
50 98 64
50 99 61
51 52 68
51 53 53
51 54 39
51 55 90
51 56 76
51 57 59
51 58 23
51 59 98
51 60 44
51 61 90
51 62 107
51 63 73
51 64 28
51 65 17
51 66 45
51 67 51
51 68 40
51 69 111
51 70 75
51 71 77
51 72 30
51 73 90
51 74 61
51 75 33
51 76 7
51 77 90
51 78 61
51 79 72
51 80 56
51 81 71
51 82 54
51 83 60
51 84 49
51 85 82
51 86 33
51 87 84
51 88 58
51 89 36
51 90 89
51 91 1
51 92 65
51 93 65
51 94 64
51 95 74
51 96 82
51 97 82
51 98 56
51 99 55
52 53 64
52 54 30
52 55 23
52 56 58
52 57 18
52 58 67
52 59 31
52 60 50
52 61 68
52 62 39
52 63 29
52 64 80
52 65 62
52 66 64
52 67 22
52 68 51
52 69 43
52 70 45
52 71 21
52 72 38
52 73 37
52 74 52
52 75 42
52 76 67
52 77 25
52 78 48
52 79 28
52 80 15
52 81 4
52 82 21
52 83 42
52 84 54
52 85 66
52 86 35
52 87 19
52 88 11
52 89 35
52 90 21
52 91 69
52 92 39
52 93 37
52 94 20
52 95 61
52 96 23
52 97 45
52 98 54
52 99 37
53 54 53
53 55 86
53 56 106
53 57 46
53 58 32
53 59 91
53 60 80
53 61 120
53 62 91
53 63 45
53 64 81
53 65 36
53 66 88
53 67 64
53 68 17
53 69 97
53 70 98
53 71 56
53 72 45
53 73 100
53 74 17
53 75 32
53 76 47
53 77 89
53 78 20
53 79 86
53 80 50
53 81 68
53 82 43
53 83 86
53 84 86
53 85 114
53 86 46
53 87 68
53 88 54
53 89 57
53 90 75
53 91 52
53 92 89
53 93 86
53 94 46
53 95 106
53 96 60
53 97 102
53 98 91
53 99 80
54 55 51
54 56 53
54 57 27
54 58 42
54 59 59
54 60 30
54 61 67
54 62 69
54 63 44
54 64 51
54 65 36
54 66 42
54 67 14
54 68 36
54 69 72
54 70 46
54 71 43
54 72 11
54 73 54
54 74 49
54 75 22
54 76 39
54 77 51
54 78 46
54 79 37
54 80 21
54 81 32
54 82 23
54 83 33
54 84 36
54 85 61
54 86 8
54 87 47
54 88 22
54 89 7
54 90 51
54 91 39
54 92 36
54 93 34
54 94 33
54 95 54
54 96 48
54 97 51
54 98 39
54 99 27
55 56 59
55 57 40
55 58 90
55 59 8
55 60 64
55 61 65
55 62 24
55 63 45
55 64 98
55 65 85
55 66 77
55 67 39
55 68 74
55 69 24
55 70 45
55 71 34
55 72 61
55 73 25
55 74 72
55 75 65
55 76 90
55 77 6
55 78 68
55 79 30
55 80 38
55 81 20
55 82 44
55 83 49
55 84 66
55 85 66
55 86 58
55 87 22
55 88 34
55 89 55
55 90 16
55 91 90
55 92 45
55 93 42
55 94 40
55 95 64
55 96 32
55 97 40
55 98 63
55 99 47
56 57 70
56 58 90
56 59 65
56 60 32
56 61 15
56 62 82
56 63 86
56 64 65
56 65 83
56 66 36
56 67 43
56 68 89
56 69 81
56 70 14
56 71 79
56 72 61
56 73 38
56 74 101
56 75 74
56 76 80
56 77 54
56 78 97
56 79 30
56 80 63
56 81 55
56 82 69
56 83 20
56 84 28
56 85 9
56 86 60
56 87 73
56 88 60
56 89 49
56 90 71
56 91 77
56 92 19
56 93 21
56 94 75
56 95 6
56 96 80
56 97 20
56 98 20
56 99 26
57 58 53
57 59 47
57 60 55
57 61 83
57 62 50
57 63 17
57 64 77
57 65 49
57 66 68
57 67 28
57 68 34
57 69 55
57 70 59
57 71 18
57 72 30
57 73 55
57 74 34
57 75 28
57 76 57
57 77 43
57 78 30
57 79 44
57 80 7
57 81 23
57 82 5
57 83 52
57 84 60
57 85 79
57 86 28
57 87 26
57 88 10
57 89 34
57 90 32
57 91 59
57 92 52
57 93 49
57 94 6
57 95 73
57 96 23
57 97 61
57 98 62
57 99 46
58 59 97
58 60 60
58 61 105
58 62 102
58 63 62
58 64 51
58 65 8
58 66 65
58 67 56
58 68 23
58 69 108
58 70 86
58 71 69
58 72 32
58 73 97
58 74 43
58 75 25
58 76 16
58 77 91
58 78 44
58 79 79
58 80 53
58 81 70
58 82 48
58 83 72
58 84 66
58 85 98
58 86 35
58 87 78
58 88 56
58 89 43
58 90 85
58 91 22
58 92 76
58 93 75
58 94 56
58 95 89
58 96 74
58 97 93
58 98 72
58 99 66
59 60 71
59 61 70
59 62 18
59 63 49
59 64 106
59 65 92
59 66 85
59 67 47
59 68 80
59 69 17
59 70 51
59 71 37
59 72 68
59 73 28
59 74 77
59 75 72
59 76 97
59 77 11
59 78 73
59 79 36
59 80 45
59 81 27
59 82 50
59 83 57
59 84 73
59 85 71
59 86 65
59 87 25
59 88 42
59 89 63
59 90 17
59 91 98
59 92 51
59 93 49
59 94 46
59 95 70
59 96 34
59 97 45
59 98 70
59 99 55
60 61 46
60 62 86
60 63 72
60 64 37
60 65 52
60 66 14
60 67 29
60 68 63
60 69 88
60 70 33
60 71 69
60 72 35
60 73 54
60 74 79
60 75 48
60 76 49
60 77 61
60 78 76
60 79 37
60 80 48
60 81 50
60 82 52
60 83 18
60 84 6
60 85 38
60 86 34
60 87 69
60 88 47
60 89 24
60 90 70
60 91 45
60 92 24
60 93 25
60 94 61
60 95 29
60 96 73
60 97 41
60 98 12
60 99 17
61 62 88
61 63 97
61 64 78
61 65 97
61 66 49
61 67 57
61 68 103
61 69 86
61 70 24
61 71 89
61 72 76
61 73 42
61 74 114
61 75 89
61 76 95
61 77 60
61 78 110
61 79 40
61 80 76
61 81 65
61 82 82
61 83 34
61 84 42
61 85 9
61 86 74
61 87 83
61 88 73
61 89 63
61 90 79
61 91 91
61 92 32
61 93 34
61 94 87
61 95 17
61 96 90
61 97 25
61 98 34
61 99 40
62 63 46
62 64 118
62 65 98
62 66 100
62 67 59
62 68 82
62 69 8
62 70 69
62 71 35
62 72 77
62 73 47
62 74 75
62 75 77
62 76 105
62 77 29
62 78 71
62 79 53
62 80 51
62 81 37
62 82 54
62 83 73
62 84 89
62 85 89
62 86 74
62 87 24
62 88 48
62 89 74
62 90 18
62 91 107
62 92 68
62 93 66
62 94 47
62 95 88
62 96 30
62 97 63
62 98 86
62 99 70
63 64 93
63 65 60
63 66 85
63 67 44
63 68 39
63 69 53
63 70 74
63 71 12
63 72 46
63 73 66
63 74 29
63 75 39
63 76 69
63 77 50
63 78 25
63 79 58
63 80 24
63 81 33
63 82 21
63 83 68
63 84 77
63 85 94
63 86 44
63 87 24
63 88 26
63 89 51
63 90 32
63 91 73
63 92 67
63 93 64
63 94 11
63 95 89
63 96 16
63 97 74
63 98 79
63 99 62
64 65 45
64 66 29
64 67 59
64 68 67
64 69 121
64 70 70
64 71 94
64 72 47
64 73 91
64 74 87
64 75 57
64 76 35
64 77 96
64 78 86
64 79 73
64 80 72
64 81 81
64 82 72
64 83 55
64 84 39
64 85 69
64 86 49
64 87 98
64 88 73
64 89 45
64 90 101
64 91 29
64 92 62
64 93 62
64 94 83
64 95 61
64 96 99
64 97 78
64 98 46
64 99 54
65 66 57
65 67 50
65 68 24
65 69 103
65 70 79
65 71 66
65 72 25
65 73 90
65 74 45
65 75 21
65 76 11
65 77 85
65 78 45
65 79 72
65 80 48
65 81 65
65 82 44
65 83 64
65 84 58
65 85 90
65 86 28
65 87 74
65 88 51
65 89 36
65 90 81
65 91 17
65 92 69
65 93 68
65 94 53
65 95 82
65 96 71
65 97 85
65 98 64
65 99 59
66 67 43
66 68 72
66 69 101
66 70 42
66 71 83
66 72 45
66 73 66
66 74 89
66 75 58
66 76 51
66 77 74
66 78 86
66 79 49
66 80 62
66 81 64
66 82 64
66 83 29
66 84 12
66 85 40
66 86 45
66 87 83
66 88 60
66 89 35
66 90 84
66 91 46
66 92 35
66 93 37
66 94 74
66 95 32
66 96 86
66 97 51
66 98 17
66 99 30
67 68 48
67 69 62
67 70 34
67 71 40
67 72 24
67 73 40
67 74 57
67 75 34
67 76 52
67 77 38
67 78 54
67 79 23
67 80 21
67 81 22
67 82 26
67 83 24
67 84 33
67 85 52
67 86 22
67 87 40
67 88 18
67 89 16
67 90 42
67 91 52
67 92 25
67 93 23
67 94 33
67 95 46
67 96 43
67 97 38
67 98 34
67 99 18
68 69 89
68 70 81
68 71 48
68 72 28
68 73 85
68 74 21
68 75 14
68 76 35
68 77 76
68 78 21
68 79 70
68 80 36
68 81 55
68 82 30
68 83 69
68 84 69
68 85 97
68 86 29
68 87 59
68 88 40
68 89 40
68 90 66
68 91 40
68 92 72
68 93 70
68 94 36
68 95 89
68 96 53
68 97 86
68 98 74
68 99 63
69 70 68
69 71 42
69 72 81
69 73 44
69 74 82
69 75 83
69 76 110
69 77 28
69 78 78
69 79 53
69 80 56
69 81 41
69 82 60
69 83 73
69 84 90
69 85 88
69 86 78
69 87 30
69 88 53
69 89 77
69 90 23
69 91 111
69 92 68
69 93 66
69 94 53
69 95 87
69 96 37
69 97 61
69 98 87
69 99 71
70 71 66
70 72 55
70 73 26
70 74 91
70 75 67
70 76 78
70 77 40
70 78 87
70 79 17
70 80 53
70 81 42
70 82 59
70 83 15
70 84 31
70 85 22
70 86 53
70 87 60
70 88 49
70 89 43
70 90 58
70 91 76
70 92 10
70 93 12
70 94 64
70 95 19
70 96 67
70 97 9
70 98 25
70 99 20
71 72 48
71 73 55
71 74 40
71 75 45
71 76 74
71 77 39
71 78 37
71 79 49
71 80 22
71 81 25
71 82 23
71 83 63
71 84 74
71 85 87
71 86 46
71 87 12
71 88 22
71 89 50
71 90 20
71 91 77
71 92 61
71 93 58
71 94 13
71 95 83
71 96 5
71 97 65
71 98 74
71 99 57
72 73 65
72 74 44
72 75 14
72 76 29
72 77 61
72 78 42
72 79 47
72 80 26
72 81 41
72 82 25
72 83 42
72 84 41
72 85 70
72 86 3
72 87 54
72 88 28
72 89 13
72 90 59
72 91 30
72 92 46
72 93 44
72 94 36
72 95 61
72 96 53
72 97 61
72 98 46
72 99 36
73 74 89
73 75 73
73 76 92
73 77 19
73 78 85
73 79 18
73 80 51
73 81 33
73 82 57
73 83 36
73 84 54
73 85 44
73 86 62
73 87 45
73 88 46
73 89 55
73 90 40
73 91 91
73 92 30
73 93 29
73 94 58
73 95 44
73 96 54
73 97 18
73 98 49
73 99 37
74 75 32
74 76 56
74 77 76
74 78 4
74 79 77
74 80 39
74 81 56
74 82 33
74 83 81
74 84 84
74 85 109
74 86 44
74 87 53
74 88 43
74 89 55
74 90 61
74 91 61
74 92 82
74 93 80
74 94 32
74 95 102
74 96 45
74 97 93
74 98 88
74 99 75
75 76 30
75 77 66
75 78 30
75 79 57
75 80 27
75 81 45
75 82 23
75 83 55
75 84 54
75 85 83
75 86 15
75 87 53
75 88 31
75 89 26
75 90 60
75 91 33
75 92 58
75 93 56
75 94 32
75 95 75
75 96 50
75 97 72
75 98 59
75 99 48
76 77 90
76 78 55
76 79 74
76 80 55
76 81 70
76 82 52
76 83 63
76 84 54
76 85 87
76 86 32
76 87 82
76 88 57
76 89 37
76 90 87
76 91 6
76 92 68
76 93 68
76 94 61
76 95 78
76 96 79
76 97 85
76 98 61
76 99 58
77 78 72
77 79 25
77 80 40
77 81 21
77 82 46
77 83 45
77 84 62
77 85 60
77 86 58
77 87 28
77 88 36
77 89 54
77 90 22
77 91 90
77 92 40
77 93 38
77 94 44
77 95 59
77 96 37
77 97 35
77 98 59
77 99 44
78 79 73
78 80 35
78 81 52
78 82 29
78 83 78
78 84 81
78 85 106
78 86 42
78 87 49
78 88 39
78 89 52
78 90 57
78 91 60
78 92 79
78 93 76
78 94 28
78 95 99
78 96 41
78 97 90
78 98 85
78 99 71
79 80 38
79 81 25
79 82 44
79 83 20
79 84 38
79 85 39
79 86 45
79 87 43
79 88 34
79 89 37
79 90 41
79 91 73
79 92 15
79 93 13
79 94 48
79 95 35
79 96 50
79 97 17
79 98 34
79 99 20
80 81 19
80 82 6
80 83 45
80 84 53
80 85 72
80 86 24
80 87 27
80 88 4
80 89 28
80 90 33
80 91 56
80 92 45
80 93 42
80 94 13
80 95 66
80 96 27
80 97 54
80 98 55
80 99 39
81 82 25
81 83 40
81 84 53
81 85 63
81 86 38
81 87 20
81 88 15
81 89 37
81 90 21
81 91 71
81 92 37
81 93 34
81 94 25
81 95 59
81 96 26
81 97 41
81 98 52
81 99 35
82 83 50
82 84 57
82 85 78
82 86 23
82 87 30
82 88 11
82 89 30
82 90 37
82 91 54
82 92 51
82 93 48
82 94 10
82 95 71
82 96 27
82 97 61
82 98 59
82 99 44
83 84 18
83 85 28
83 86 40
83 87 59
83 88 42
83 89 30
83 90 59
83 91 61
83 92 6
83 93 8
83 94 57
83 95 21
83 96 65
83 97 23
83 98 14
83 99 7
84 85 33
84 86 40
84 87 73
84 88 52
84 89 29
84 90 73
84 91 50
84 92 24
84 93 25
84 94 66
84 95 25
84 96 77
84 97 40
84 98 7
84 99 19
85 86 68
85 87 82
85 88 69
85 89 57
85 90 79
85 91 83
85 92 27
85 93 30
85 94 84
85 95 9
85 96 89
85 97 26
85 98 26
85 99 35
86 87 51
86 88 25
86 89 11
86 90 56
86 91 33
86 92 43
86 93 42
86 94 34
86 95 60
86 96 50
86 97 59
86 98 45
86 99 34
87 88 26
87 89 53
87 90 8
87 91 84
87 92 56
87 93 53
87 94 23
87 95 78
87 96 9
87 97 58
87 98 72
87 99 55
88 89 28
88 90 30
88 91 59
88 92 42
88 93 39
88 94 15
88 95 63
88 96 26
88 97 51
88 98 53
88 99 36
89 90 56
89 91 36
89 92 33
89 93 32
89 94 40
89 95 49
89 96 54
89 97 50
89 98 34
89 99 24
90 91 89
90 92 55
90 93 52
90 94 30
90 95 76
90 96 17
90 97 54
90 98 72
90 99 55
91 92 66
91 93 66
91 94 64
91 95 75
91 96 82
91 97 83
91 98 57
91 99 56
92 93 3
92 94 57
92 95 22
92 96 62
92 97 17
92 98 19
92 99 10
93 94 54
93 95 25
93 96 60
93 97 18
93 98 21
93 99 9
94 95 78
94 96 18
94 97 64
94 98 67
94 99 51
95 96 84
95 97 26
95 98 17
95 99 28
96 97 66
96 98 77
96 99 60
97 98 33
97 99 27
98 99 17
0 1 51
0 3 69
0 4 77
0 5 55
0 8 49
0 9 87
0 11 59
0 12 65
0 13 57
0 15 21
0 16 2
0 17 43
0 19 21
0 21 84
0 22 55
0 24 41
0 25 61
0 26 77
0 27 85
0 31 14
0 32 83
0 33 68
0 35 19
0 36 30
0 38 86
0 40 54
0 42 34
0 46 10
0 47 56
0 49 18
0 53 26
0 54 32
0 55 77
0 57 39
0 58 14
0 60 56
0 63 48
0 68 11
0 70 78
0 72 22
0 73 85
0 78 32
0 79 69
0 80 39
0 81 57
0 83 64
0 84 61
0 89 35
0 90 71
0 91 29
0 95 83
0 96 60
0 99 58
1 2 34
1 3 29
1 7 57
1 9 52
1 10 64
1 11 28
1 15 71
1 18 57
1 19 35
1 20 48
1 23 55
1 24 19
1 29 77
1 30 84
1 32 73
1 36 78
1 38 65
1 40 8
1 41 43
1 44 25
1 45 20
1 46 60
1 49 69
1 50 43
1 51 34
1 53 76
1 55 74
1 56 43
1 57 58
1 58 52
1 59 81
1 60 12
1 61 57
1 62 95
1 65 45
1 68 59
1 69 97
1 71 74
1 76 39
1 78 75
1 79 48
1 80 52
1 82 55
1 83 30
1 84 16
1 88 52
1 89 25
1 91 35
1 94 64
1 95 40
1 98 23
2 3 51
2 7 24
2 10 67
2 12 48
2 14 21
2 18 49
2 21 75
2 22 47
2 23 62
2 25 49
2 27 69
2 28 31
2 30 76
2 31 6
2 33 52
2 38 70
2 39 29
2 46 29
2 49 36
2 50 27
2 52 42
2 53 43
2 55 65
2 56 65
2 57 33
2 60 37
2 61 80
2 63 48
2 64 46
2 66 46
2 71 51
2 72 5
2 74 44
2 76 25
2 78 41
2 80 30
2 81 45
2 84 43
2 85 73
2 86 8
2 87 57
2 91 26
2 93 48
2 95 65
2 96 56
2 97 65
2 99 40
3 4 73
3 9 24
3 10 42
3 11 13
3 18 44
3 20 69
3 23 32
3 25 48
3 27 43
3 29 84
3 30 66
3 31 55
3 32 53
3 38 41
3 39 24
3 40 35
3 42 86
3 44 49
3 46 79
3 47 53
3 53 92
3 58 76
3 59 65
3 61 30
3 64 52
3 65 68
3 66 24
3 68 75
3 69 81
3 70 18
3 72 47
3 74 88
3 76 65
3 78 85
3 79 28
3 81 49
3 82 58
3 83 9
3 85 22
3 86 46
3 87 68
3 88 51
3 90 68
3 91 62
3 92 13
3 93 16
3 95 14
3 97 27
3 98 7
3 99 15
4 10 41
4 11 62
4 12 93
4 13 61
4 14 91
4 16 77
4 19 66
4 24 94
4 28 72
4 30 19
4 32 28
4 33 96
4 34 66
4 35 85
4 36 75
4 40 93
4 45 95
4 47 108
4 48 38
4 54 58
4 55 18
4 58 92
4 59 16
4 60 77
4 62 11
4 63 37
4 64 108
4 66 90
4 67 49
4 68 72
4 69 17
4 70 62
4 71 25
4 79 46
4 80 40
4 81 27
4 86 63
4 88 37
4 89 63
4 92 60
4 93 57
4 96 21
4 97 58
5 8 17
5 9 74
5 12 86
5 14 72
5 17 52
5 18 33
5 19 48
5 21 32
5 24 79
5 27 55
5 29 30
5 30 41
5 32 44
5 35 66
5 37 51
5 39 65
5 41 35
5 42 36
5 47 95
5 49 59
5 50 76
5 51 78
5 55 34
5 57 18
5 61 90
5 65 67
5 68 49
5 69 41
5 70 67
5 72 49
5 75 45
5 76 75
5 77 39
5 78 37
5 82 23
5 84 74
5 85 88
5 86 46
5 88 23
5 89 51
5 90 20
5 91 78
5 93 58
5 94 14
5 96 4
5 98 75
6 7 22
6 8 30
6 9 67
6 12 55
6 16 22
6 20 23
6 21 66
6 22 37
6 23 58
6 25 59
6 26 57
6 27 64
6 28 35
6 30 68
6 32 62
6 36 40
6 39 34
6 42 36
6 43 38
6 44 25
6 45 41
6 49 36
6 53 40
6 55 57
6 57 23
6 61 80
6 64 56
6 67 25
6 69 76
6 70 58
6 75 9
6 76 34
6 80 20
6 81 37
6 83 46
6 84 47
6 87 47
6 89 18
6 90 53
6 91 37
6 94 28
6 98 52
6 99 40
7 8 46
7 14 31
7 18 62
7 22 51
7 23 80
7 24 49
7 26 78
7 27 85
7 29 29
7 31 19
7 32 81
7 33 75
7 39 53
7 40 61
7 41 48
7 43 34
7 45 50
7 47 64
7 49 13
7 50 31
7 51 38
7 53 19
7 54 35
7 55 74
7 56 88
7 58 21
7 59 81
7 60 61
7 61 102
7 62 84
7 63 41
7 65 22
7 67 47
7 74 23
7 76 32
7 77 77
7 81 55
7 82 31
7 86 28
7 88 40
7 89 39
7 90 67
7 91 37
7 92 71
7 93 69
7 94 37
7 95 88
7 97 85
7 98 72
7 99 62
8 9 59
8 12 70
8 13 40
8 16 49
8 17 36
8 18 20
8 20 52
8 22 8
8 23 44
8 27 44
8 30 40
8 31 38
8 33 74
8 35 55
8 36 52
8 38 47
8 40 67
8 44 53
8 49 57
8 50 66
8 51 66
8 55 29
8 59 35
8 60 53
8 61 75
8 63 23
8 64 80
8 68 45
8 71 16
8 72 36
8 75 37
8 77 32
8 80 10
8 82 15
8 84 58
8 86 33
8 88 8
8 90 23
8 91 66
8 93 42
8 95 67
8 99 41
9 10 27
9 11 28
9 12 49
9 13 30
9 14 83
9 19 66
9 24 70
9 25 71
9 26 18
9 27 27
9 28 43
9 29 93
9 36 105
9 38 24
9 39 46
9 40 59
9 41 44
9 42 97
9 49 103
9 50 90
9 53 107
9 60 40
9 62 72
9 63 82
9 67 43
9 68 90
9 71 73
9 72 65
9 73 26
9 74 100
9 76 87
9 77 43
9 79 24
9 82 67
9 85 18
9 88 57
9 89 52
9 91 84
9 92 19
9 93 21
9 94 72
9 98 31
9 99 29
10 11 36
10 13 37
10 16 84
10 21 38
10 23 10
10 24 79
10 25 87
10 27 2
10 28 52
10 29 78
10 30 27
10 31 69
10 34 46
10 37 5
10 39 54
10 40 72
10 41 35
10 44 75
10 48 64
10 49 96
10 52 35
10 53 98
10 56 38
10 59 27
10 65 88
10 66 64
10 71 53
10 72 63
10 75 71
10 76 90
10 80 48
10 81 31
10 84 53
10 92 29
10 93 28
10 94 56
10 95 44
10 96 52
11 12 32
11 14 55
11 15 78
11 16 61
11 17 16
11 21 63
11 22 48
11 24 44
11 25 51
11 28 16
11 29 71
11 31 45
11 33 35
11 34 12
11 35 51
11 38 37
11 39 19
11 41 24
11 43 63
11 45 46
11 47 54
11 50 62
11 51 56
11 52 38
11 53 81
11 54 28
11 55 48
11 59 55
11 64 54
11 66 29
11 70 19
11 71 58
11 72 37
11 74 76
11 75 50
11 76 59
11 78 72
11 80 40
11 82 45
11 83 5
11 84 18
11 85 33
11 86 35
11 87 56
11 89 25
11 95 26
11 99 1
12 13 33
12 17 34
12 21 95
12 23 57
12 25 22
12 26 55
12 27 68
12 30 90
12 31 54
12 33 4
12 36 92
12 37 63
12 38 67
12 42 90
12 45 30
12 47 29
12 51 46
12 53 90
12 54 44
12 56 38
12 57 70
12 59 87
12 61 50
12 62 102
12 63 88
12 65 58
12 66 3
12 67 46
12 69 104
12 70 44
12 71 85
12 74 91
12 79 52
12 80 64
12 81 66
12 82 67
12 84 14
12 87 86
12 90 87
12 92 38
12 93 39
12 94 76
12 96 89
12 97 53
12 98 19
12 99 33
13 14 53
13 15 75
13 17 14
13 19 36
13 21 63
13 23 28
13 24 43
13 26 26
13 27 39
13 29 69
13 31 43
13 33 36
13 41 22
13 42 71
13 46 67
13 47 53
13 48 61
13 49 74
13 51 54
13 52 36
13 53 78
13 54 26
13 56 27
13 61 42
13 62 70
13 64 53
13 66 30
13 68 61
13 69 71
13 70 21
13 71 57
13 72 35
13 76 57
13 77 44
13 79 20
13 80 38
13 85 36
13 87 54
13 89 22
13 90 55
13 92 11
13 93 11
13 94 50
13 95 29
13 96 59
14 15 41
14 16 24
14 17 41
14 20 18
14 25 41
14 26 78
14 27 88
14 28 41
14 31 23
14 34 44
14 36 51
14 38 89
14 39 38
14 42 56
14 43 8
14 44 13
14 48 65
14 49 38
14 53 46
14 54 35
14 56 77
14 59 94
14 61 91
14 62 102
14 63 66
14 64 35
14 65 11
14 68 33
14 70 75
14 71 71
14 73 88
14 74 54
14 76 4
14 80 51
14 82 49
14 83 60
14 86 28
14 87 78
14 91 7
14 92 65
14 94 58
14 95 75
14 96 76
14 97 82
15 16 19
15 17 62
15 18 74
15 20 24
15 24 61
15 26 92
15 27 98
15 29 30
15 31 33
15 33 89
15 34 68
15 35 39
15 36 12
15 37 92
15 38 100
15 39 68
15 40 75
15 41 62
15 42 24
15 45 62
15 47 76
15 53 5
15 54 50
15 55 85
15 57 45
15 58 27
15 59 91
15 60 76
15 61 117
15 62 91
15 65 31
15 67 61
15 68 14
15 69 98
15 71 57
15 72 41
15 73 98
15 74 20
15 75 28
15 76 42
15 77 88
15 81 67
15 82 42
15 86 43
15 87 68
15 89 54
15 91 47
15 94 45
15 96 61
15 99 76
16 17 45
16 19 22
16 20 6
16 21 84
16 23 80
16 24 42
16 27 86
16 29 36
16 32 83
16 33 70
16 35 20
16 39 49
16 40 56
16 42 32
16 44 28
16 45 43
16 48 45
16 50 24
16 51 31
16 56 85
16 61 100
16 62 88
16 64 58
16 65 14
16 70 79
16 71 54
16 72 24
16 74 31
16 75 12
16 77 79
16 78 30
16 79 70
16 84 63
16 87 64
16 88 43
16 89 36
16 90 71
16 91 30
16 92 69
16 93 67
16 95 85
16 97 84
17 18 34
17 20 43
17 21 65
17 25 46
17 27 49
17 28 12
17 32 52
17 34 7
17 35 36
17 38 49
17 39 12
17 40 32
17 42 60
17 43 48
17 45 36
17 46 53
17 49 60
17 50 47
17 52 34
17 53 65
17 55 51
17 57 37
17 58 51
17 60 18
17 62 72
17 64 47
17 67 13
17 68 48
17 69 74
17 71 52
17 74 62
17 75 34
17 79 30
17 83 21
17 84 23
17 86 19
17 92 25
17 93 24
17 96 55
17 97 41
18 20 65
18 23 24
18 24 68
18 26 23
18 27 25
18 29 56
18 30 28
18 31 50
18 32 20
18 34 37
18 35 64
18 37 19
18 39 46
18 40 65
18 41 16
18 42 60
18 43 78
18 45 70
18 46 70
18 47 81
18 48 42
18 50 76
18 52 13
18 55 17
18 57 31
18 60 47
18 61 58
18 63 42
18 64 81
18 65 69
18 66 61
18 69 40
18 70 35
18 74 64
18 79 18
18 81 8
18 82 32
18 83 35
18 87 26
18 88 22
18 90 24
18 91 74
18 93 28
18 94 33
18 95 52
18 96 33
18 98 48
19 21 71
19 23 59
19 28 30
19 29 43
19 30 73
19 33 52
19 35 19
19 38 67
19 39 28
19 40 40
19 43 33
19 47 48
19 49 38
19 50 30
19 51 30
19 55 61
19 56 63
19 57 30
19 59 69
19 61 78
19 67 26
19 68 26
19 70 57
19 72 2
19 74 43
19 76 29
19 77 62
19 79 49
19 80 26
19 81 41
19 84 42
19 86 4
19 89 14
19 93 46
19 96 52
19 98 47
20 23 80
20 26 78
20 28 48
20 29 42
20 30 91
20 35 15
20 36 33
20 37 80
20 39 46
20 41 50
20 42 38
20 56 83
20 57 42
20 58 11
20 59 87
20 61 98
20 64 52
20 65 8
20 68 15
20 70 78
20 71 59
20 78 36
20 81 60
20 85 91
20 86 25
20 89 35
20 90 74
20 92 68
20 93 67
20 95 83
20 97 84
20 98 66
20 99 58
21 22 29
21 24 98
21 26 47
21 28 75
21 30 13
21 33 98
21 36 82
21 39 77
21 41 46
21 42 69
21 44 88
21 47 112
21 49 90
21 50 101
21 53 88
21 56 75
21 57 46
21 58 98
21 59 11
21 60 79
21 62 8
21 65 93
21 66 93
21 67 53
21 68 79
21 69 10
21 75 73
21 78 69
21 81 31
21 83 65
21 84 81
21 85 82
21 87 21
21 89 68
21 92 61
21 93 58
21 96 29
21 97 56
21 98 79
22 24 73
22 25 89
22 28 55
22 29 37
22 32 35
22 34 49
22 35 63
22 37 40
22 38 47
22 39 56
22 41 25
22 43 75
22 45 75
22 47 88
22 49 62
22 53 61
22 58 69
22 59 31
22 60 60
22 65 65
22 66 74
22 68 50
22 70 55
22 72 43
22 73 45
22 74 47
22 77 29
22 78 43
22 79 38
22 80 17
22 81 13
22 82 21
22 83 52
22 84 64
22 85 76
22 86 41
22 88 15
22 89 43
22 90 16
22 91 74
22 92 50
22 93 47
22 95 72
22 96 13
22 98 64
22 99 47
23 27 12
23 28 43
23 29 79
23 30 37
23 31 65
23 33 59
23 34 38
23 35 75
23 36 93
23 39 46
23 41 32
23 43 88
23 44 68
23 46 88
23 47 81
23 48 66
23 49 93
23 50 87
23 51 82
23 54 47
23 56 28
23 57 53
23 58 90
23 60 43
23 61 35
23 63 66
23 66 55
23 67 33
23 71 57
23 72 58
23 73 11
23 75 68
23 76 84
23 80 47
23 82 54
23 84 43
23 85 35
23 87 49
23 89 47
23 90 45
23 91 82
23 92 19
23 95 34
23 96 57
23 97 9
23 98 38
23 99 27
24 26 70
24 27 82
24 34 34
24 37 75
24 40 16
24 45 2
24 49 58
24 50 26
24 51 17
24 53 66
24 54 36
24 55 85
24 56 62
24 58 38
24 60 30
24 62 104
24 63 77
24 65 31
24 67 46
24 72 31
24 73 81
24 77 83
24 78 70
24 81 67
24 83 47
24 88 57
24 90 87
24 91 18
24 92 53
24 93 54
25 26 76
25 30 107
25 39 34
25 40 15
25 41 66
25 44 36
25 45 20
25 47 8
25 49 79
25 51 35
25 54 53
25 58 58
25 60 34
25 61 72
25 63 95
25 64 8
25 69 120
25 72 50
25 75 61
25 76 42
25 78 90
25 82 75
25 83 52
25 84 35
25 87 99
25 90 101
25 92 58
25 93 59
25 95 55
25 96 100
25 97 74
25 98 41
25 99 51
26 28 42
26 29 78
26 36 92
26 37 8
26 39 44
26 40 61
26 45 72
26 46 86
26 47 79
26 49 92
26 51 80
26 53 94
26 55 31
26 56 28
26 57 52
26 61 35
26 64 79
26 65 81
26 67 32
26 70 14
26 72 56
26 74 85
26 78 81
26 79 9
26 81 31
26 82 52
26 83 24
26 85 35
26 86 53
26 87 48
26 89 45
26 92 18
26 93 17
26 96 56
26 98 37
26 99 26
27 28 54
27 31 71
27 32 14
27 34 48
27 36 96
27 37 7
27 39 56
27 40 74
27 41 37
27 42 85
27 44 77
27 45 83
27 46 93
27 47 92
27 49 98
27 50 95
27 51 91
27 52 37
27 55 24
27 56 39
27 57 55
27 58 97
27 59 28
27 60 54
27 61 42
27 63 65
27 65 90
27 67 40
27 69 43
27 70 26
27 76 92
27 77 18
27 78 85
27 79 19
27 80 50
27 82 57
27 84 54
27 88 46
27 89 55
27 90 40
27 91 91
27 95 45
27 97 19
28 34 7
28 35 38
28 36 74
28 43 48
28 46 59
28 47 38
28 50 48
28 57 49
28 58 55
28 59 69
28 60 7
28 62 82
28 63 66
28 66 19
28 67 24
28 71 64
28 72 28
28 74 72
28 75 42
28 76 45
28 77 58
28 78 69
28 80 42
28 82 46
28 84 12
28 85 43
28 86 28
28 87 64
28 89 17
28 90 66
28 93 25
28 95 34
28 96 67
28 97 42
28 99 16
29 31 39
29 34 66
29 38 82
29 40 83
29 41 49
29 44 59
29 46 36
29 49 33
29 52 43
29 55 62
29 57 26
29 59 67
29 60 76
29 62 63
29 64 90
29 65 51
29 67 52
29 70 85
29 71 29
29 72 44
29 74 11
29 75 33
29 79 70
29 81 47
29 82 26
29 85 104
29 86 43
29 87 42
29 94 23
29 95 98
29 97 86
29 98 85
29 99 70
30 35 92
30 36 90
30 37 29
30 38 30
30 39 73
30 40 92
30 42 77
30 43 105
30 44 88
30 46 94
30 47 109
30 51 101
30 54 63
30 57 51
30 61 70
30 65 96
30 66 87
30 69 16
30 70 52
30 71 42
30 73 28
30 76 101
30 77 13
30 78 77
30 80 49
30 81 31
30 83 59
30 85 72
30 87 29
30 89 67
30 91 102
30 92 53
30 93 51
30 97 46
30 98 72
31 33 57
31 36 39
31 38 72
31 43 30
31 45 36
31 48 43
31 51 29
31 52 42
31 54 18
31 55 65
31 56 69
31 58 26
31 60 43
31 61 84
31 64 51
31 66 52
31 67 31
31 68 20
31 69 84
31 73 71
31 75 6
31 77 66
31 79 54
31 80 28
31 83 50
31 84 48
31 86 10
31 87 55
31 89 21
31 90 61
31 93 52
31 94 35
31 95 69
31 97 69
31 99 44
32 35 84
32 36 90
32 38 17
32 39 62
32 40 81
32 41 36
32 42 77
32 43 97
32 44 79
32 49 94
32 50 96
32 53 94
32 54 55
32 56 51
32 60 62
32 61 56
32 62 32
32 64 98
32 66 75
32 67 41
32 72 65
32 73 15
32 75 71
32 76 93
32 79 25
32 82 51
32 88 41
32 89 57
32 92 40
32 95 57
32 98 59
33 35 52
33 41 56
33 43 58
33 46 78
33 52 71
33 54 48
33 56 38
33 57 74
33 58 69
33 62 106
33 66 6
33 68 77
33 69 107
33 72 51
33 74 95
33 75 64
33 76 55
33 77 80
33 78 93
33 81 70
33 88 67
33 90 90
33 91 50
33 92 40
33 94 80
33 95 33
33 99 36
34 36 72
34 38 48
34 39 9
34 43 51
34 44 31
34 45 36
34 46 59
34 47 45
34 49 67
34 51 44
34 56 35
34 58 56
34 61 49
34 65 48
34 66 25
34 68 55
34 69 78
34 70 31
34 72 27
34 73 48
34 74 69
34 76 47
34 77 52
34 80 37
34 83 16
34 84 16
34 86 26
34 87 58
34 89 15
34 94 49
34 96 61
34 97 38
34 99 11
35 36 48
35 41 48
35 47 37
35 48 60
35 49 36
35 50 11
35 53 44
35 54 30
35 55 80
35 58 17
35 62 96
35 63 61
35 68 30
35 70 71
35 71 65
35 72 20
35 74 50
35 75 22
35 77 80
35 80 45
35 81 61
35 82 43
35 84 48
35 88 48
35 91 12
35 92 61
35 94 53
35 96 70
36 38 98
36 42 14
36 43 53
36 45 71
36 50 50
36 51 58
36 52 59
36 54 52
36 55 81
36 56 105
36 57 41
36 60 81
36 61 119
36 62 84
36 63 38
36 65 41
36 66 90
36 69 91
36 70 96
36 74 9
36 77 84
36 80 46
36 82 39
36 85 114
36 87 62
36 88 50
36 91 58
36 92 87
36 96 54
36 97 99
36 99 79
37 39 50
37 40 68
37 42 79
37 46 87
37 47 86
37 53 93
37 54 47
37 55 23
37 56 36
37 57 49
37 59 28
37 61 42
37 62 46
37 63 60
37 68 79
37 69 45
37 70 23
37 76 85
37 77 17
37 78 79
37 79 12
37 82 51
37 84 49
37 85 43
37 87 42
37 88 40
37 90 37
37 92 25
37 96 50
37 99 32
38 39 56
38 40 73
38 41 39
38 42 87
38 43 97
38 46 95
38 48 69
38 50 95
38 51 91
38 54 55
38 56 36
38 58 98
38 59 31
38 61 39
38 63 68
38 64 91
38 65 91
38 71 57
38 75 75
38 76 93
38 77 21
38 78 87
38 79 19
38 80 52
38 81 35
38 82 59
38 86 63
38 88 48
38 93 28
38 94 60
38 96 57
39 43 46
39 47 36
39 51 38
39 54 23
39 57 49
39 58 52
39 60 8
39 61 53
39 63 66
39 64 36
39 66 19
39 67 25
39 68 55
39 69 86
39 70 37
39 71 64
39 74 71
39 75 40
39 76 42
39 77 60
39 79 38
39 84 14
39 85 46
39 86 26
39 88 41
39 89 16
39 91 39
39 92 28
40 41 51
40 43 42
40 45 17
40 47 18
40 49 72
40 51 33
40 52 66
40 54 39
40 55 82
40 58 53
40 60 20
40 62 103
40 63 82
40 65 46
40 66 13
40 68 63
40 69 105
40 71 82
40 72 39
40 78 80
40 79 56
40 81 66
40 82 62
40 83 38
40 84 21
40 86 39
40 87 84
40 88 60
40 90 86
40 91 34
40 92 44
40 95 44
40 98 28
40 99 36
41 44 43
41 45 54
41 50 59
41 51 57
41 52 15
41 56 47
41 58 60
41 60 36
41 61 59
41 62 52
41 63 39
41 65 53
41 69 55
41 70 36
41 71 34
41 72 28
41 74 55
41 75 36
41 78 52
41 79 22
41 82 23
41 83 29
41 85 55
41 88 14
41 89 22
41 90 35
41 93 25
41 96 37
41 97 38
41 98 40
42 46 31
42 47 88
42 49 27
42 50 56
42 51 63
42 53 21
42 54 47
42 56 98
42 58 46
42 59 73
42 61 111
42 65 46
42 69 77
42 70 88
42 71 36
42 72 43
42 73 85
42 75 31
42 78 2
42 80 36
42 84 83
42 85 107
42 86 43
42 88 40
42 89 54
42 91 62
42 93 77
42 95 100
42 96 40
42 99 72
43 45 25
43 46 30
43 48 71
43 50 3
43 52 71
43 53 47
43 55 94
43 56 84
43 58 15
43 61 99
43 63 72
43 64 36
43 68 36
43 69 113
43 70 82
43 74 57
43 76 4
43 77 94
43 78 57
43 79 78
43 82 55
43 90 91
43 91 8
43 94 65
43 95 82
43 98 64
43 99 62
44 46 35
44 47 31
44 48 62
44 49 44
44 51 14
44 52 55
44 53 52
44 54 25
44 55 76
44 61 79
44 62 94
44 63 63
44 64 31
44 65 19
44 68 36
44 70 62
44 72 18
44 73 77
44 77 76
44 78 55
44 80 44
44 81 57
44 82 43
44 83 47
44 88 45
44 89 22
44 91 15
44 92 52
44 95 63
45 49 59
45 50 26
45 51 16
45 53 67
45 55 87
45 56 63
45 58 38
45 60 32
45 61 77
45 62 106
45 63 78
45 64 15
45 65 32
45 66 30
45 67 48
45 69 109
45 70 64
45 71 80
45 72 33
45 73 83
45 77 85
45 79 65
45 80 58
45 81 69
45 82 58
45 83 49
45 84 36
45 85 69
45 96 85
45 99 46
46 47 63
46 48 48
46 49 9
46 50 27
46 53 18
46 54 42
46 57 44
46 60 66
46 62 93
46 63 49
46 64 64
46 69 99
46 70 87
46 77 85
46 80 45
46 81 64
46 82 40
46 84 71
46 85 102
46 88 49
46 92 77
46 94 46
47 48 92
47 50 38
47 52 80
47 53 81
47 54 51
47 55 98
47 59 106
47 60 38
47 61 78
47 62 119
47 63 93
47 64 0
47 65 45
47 67 59
47 68 67
47 70 70
47 71 94
47 73 91
47 74 87
47 75 56
47 78 86
47 80 72
47 84 39
47 87 98
47 88 73
47 89 45
47 93 63
47 94 83
47 95 61
47 98 46
47 99 54
48 49 47
48 50 68
48 51 71
48 52 30
48 53 43
48 54 43
48 57 17
48 62 47
48 63 2
48 69 54
48 74 27
48 77 51
48 78 24
48 79 58
48 80 24
48 83 68
48 84 77
48 87 26
48 91 71
48 92 67
48 99 62
49 56 101
49 58 23
49 61 115
49 63 48
49 64 72
49 68 13
49 69 100
49 73 98
49 74 23
49 76 38
49 78 25
49 79 83
49 80 49
49 82 43
49 83 81
49 84 80
49 86 41
49 87 70
49 88 53
49 91 44
49 92 84
49 93 82
49 94 47
49 97 98
49 98 85
50 52 69
50 55 92
50 63 69
50 65 10
50 67 55
50 71 75
50 72 31
50 74 54
50 76 4
50 77 92
50 79 77
50 81 72
50 83 66
50 84 57
50 85 90
50 94 62
50 97 88
50 99 61
51 55 90
51 56 76
51 58 23
51 60 44
51 61 90
51 62 107
51 63 73
51 64 28
51 65 17
51 67 51
51 69 111
51 71 77
51 73 90
51 75 33
51 76 7
51 77 90
51 78 61
51 81 71
51 83 60
51 84 49
51 86 33
51 88 58
51 90 89
51 92 65
51 95 74
52 61 68
52 66 64
52 67 22
52 68 51
52 70 45
52 71 21
52 73 37
52 77 25
52 80 15
52 81 4
52 82 21
52 83 42
52 85 66
52 88 11
52 89 35
52 90 21
52 93 37
52 96 23
53 54 53
53 57 46
53 59 91
53 60 80
53 61 120
53 64 81
53 66 88
53 67 64
53 68 17
53 70 98
53 71 56
53 74 17
53 75 32
53 86 46
53 89 57
53 90 75
53 93 86
53 94 46
53 98 91
54 55 51
54 59 59
54 65 36
54 68 36
54 71 43
54 73 54
54 77 51
54 80 21
54 82 23
54 83 33
54 85 61
54 90 51
54 92 36
54 93 34
54 99 27
55 57 40
55 58 90
55 62 24
55 64 98
55 65 85
55 66 77
55 68 74
55 69 24
55 70 45
55 72 61
55 73 25
55 74 72
55 76 90
55 78 68
55 80 38
55 82 44
55 83 49
55 85 66
55 90 16
55 91 90
55 92 45
55 94 40
55 96 32
55 97 40
55 98 63
55 99 47
56 57 70
56 58 90
56 59 65
56 61 15
56 64 65
56 65 83
56 66 36
56 70 14
56 71 79
56 72 61
56 77 54
56 78 97
56 79 30
56 80 63
56 83 20
56 84 28
56 85 9
56 86 60
56 87 73
56 89 49
56 90 71
56 93 21
56 94 75
56 95 6
57 58 53
57 59 47
57 61 83
57 62 50
57 63 17
57 66 68
57 70 59
57 73 55
57 74 34
57 77 43
57 79 44
57 80 7
57 81 23
57 82 5
57 87 26
57 91 59
57 93 49
57 94 6
57 95 73
57 97 61
57 98 62
58 59 97
58 60 60
58 62 102
58 64 51
58 65 8
58 66 65
58 67 56
58 69 108
58 71 69
58 75 25
58 79 79
58 82 48
58 83 72
58 84 66
58 86 35
58 90 85
58 91 22
58 92 76
58 95 89
58 98 72
58 99 66
59 61 70
59 63 49
59 65 92
59 69 17
59 70 51
59 71 37
59 72 68
59 75 72
59 76 97
59 80 45
59 83 57
59 85 71
59 86 65
59 96 34
60 61 46
60 63 72
60 64 37
60 65 52
60 66 14
60 69 88
60 70 33
60 76 49
60 77 61
60 79 37
60 80 48
60 81 50
60 82 52
60 83 18
60 84 6
60 86 34
60 87 69
60 90 70
60 92 24
60 93 25
60 94 61
60 96 73
60 97 41
60 98 12
61 63 97
61 64 78
61 68 103
61 69 86
61 70 24
61 73 42
61 75 89
61 77 60
61 78 110
61 80 76
61 81 65
61 82 82
61 83 34
61 84 42
61 86 74
61 88 73
61 92 32
61 95 17
61 97 25
61 99 40
62 63 46
62 67 59
62 68 82
62 69 8
62 70 69
62 72 77
62 74 75
62 75 77
62 78 71
62 79 53
62 82 54
62 83 73
62 84 89
62 85 89
62 87 24
62 89 74
62 93 66
62 94 47
62 98 86
63 64 93
63 66 85
63 67 44
63 68 39
63 69 53
63 73 66
63 77 50
63 79 58
63 81 33
63 82 21
63 83 68
63 84 77
63 85 94
63 87 24
63 88 26
63 89 51
63 91 73
63 92 67
63 96 16
63 99 62
64 65 45
64 66 29
64 69 121
64 75 57
64 76 35
64 77 96
64 78 86
64 79 73
64 82 72
64 83 55
64 84 39
64 85 69
64 91 29
64 92 62
64 95 61
64 96 99
64 99 54
65 67 50
65 72 25
65 73 90
65 74 45
65 75 21
65 76 11
65 77 85
65 81 65
65 84 58
65 86 28
65 87 74
65 89 36
65 91 17
65 94 53
65 95 82
65 98 64
65 99 59
66 68 72
66 70 42
66 71 83
66 72 45
66 77 74
66 79 49
66 81 64
66 82 64
66 83 29
66 85 40
66 88 60
66 94 74
66 95 32
66 96 86
67 70 34
67 75 34
67 76 52
67 77 38
67 78 54
67 80 21
67 81 22
67 82 26
67 86 22
67 88 18
67 89 16
67 90 42
67 91 52
67 93 23
67 98 34
67 99 18
68 69 89
68 70 81
68 76 35
68 83 69
68 87 59
68 93 70
68 94 36
68 97 86
68 98 74
68 99 63
69 72 81
69 74 82
69 75 83
69 76 110
69 78 78
69 81 41
69 83 73
69 86 78
69 89 77
69 91 111
69 94 53
69 96 37
70 72 55
70 73 26
70 75 67
70 82 59
70 83 15
70 93 12
70 94 64
70 99 20
71 72 48
71 73 55
71 74 40
71 75 45
71 76 74
71 79 49
71 80 22
71 81 25
71 83 63
71 85 87
71 89 50
71 91 77
71 95 83
71 96 5
71 98 74
71 99 57
72 73 65
72 74 44
72 75 14
72 76 29
72 81 41
72 82 25
72 84 41
72 85 70
72 87 54
72 88 28
72 89 13
72 91 30
72 95 61
72 96 53
72 97 61
72 98 46
72 99 36
73 74 89
73 75 73
73 76 92
73 77 19
73 80 51
73 81 33
73 82 57
73 83 36
73 86 62
73 88 46
73 89 55
73 90 40
73 91 91
73 95 44
73 97 18
73 99 37
74 76 56
74 77 76
74 78 4
74 81 56
74 82 33
74 91 61
74 92 82
74 94 32
74 95 102
74 96 45
74 97 93
74 98 88
75 78 30
75 81 45
75 84 54
75 85 83
75 86 15
75 87 53
75 88 31
75 89 26
75 92 58
75 94 32
75 97 72
75 98 59
75 99 48
76 77 90
76 78 55
76 79 74
76 80 55
76 81 70
76 84 54
76 85 87
76 86 32
76 88 57
76 89 37
76 93 68
76 95 78
76 96 79
76 97 85
76 98 61
76 99 58
77 80 40
77 85 60
77 86 58
77 88 36
77 90 22
77 91 90
77 92 40
77 96 37
77 97 35
77 98 59
78 79 73
78 82 29
78 84 81
78 85 106
78 88 39
78 92 79
78 94 28
78 95 99
78 98 85
79 81 25
79 82 44
79 84 38
79 86 45
79 87 43
79 88 34
79 91 73
79 93 13
79 94 48
79 95 35
79 96 50
79 97 17
79 98 34
80 81 19
80 83 45
80 84 53
80 86 24
80 87 27
80 88 4
80 89 28
80 91 56
80 92 45
80 93 42
80 94 13
80 97 54
80 99 39
81 82 25
81 83 40
81 84 53
81 87 20
81 90 21
81 91 71
81 93 34
81 95 59
81 97 41
81 99 35
82 84 57
82 85 78
82 86 23
82 88 11
82 89 30
82 90 37
82 91 54
82 92 51
82 93 48
82 94 10
82 98 59
83 84 18
83 85 28
83 88 42
83 89 30
83 90 59
83 91 61
83 92 6
83 93 8
83 95 21
83 96 65
83 97 23
83 99 7
84 85 33
84 90 73
84 91 50
84 92 24
84 95 25
84 96 77
84 97 40
84 99 19
85 86 68
85 89 57
85 94 84
85 95 9
85 96 89
85 99 35
86 87 51
86 88 25
86 91 33
86 96 50
86 99 34
87 89 53
87 90 8
87 91 84
87 92 56
87 93 53
87 96 9
87 97 58
87 99 55
88 90 30
88 92 42
88 94 15
88 95 63
88 97 51
88 98 53
89 90 56
89 93 32
89 94 40
89 96 54
89 97 50
89 98 34
89 99 24
90 92 55
90 93 52
90 94 30
90 97 54
90 99 55
91 92 66
91 95 75
91 96 82
91 98 57
91 99 56
92 94 57
92 95 22
92 97 17
92 99 10
93 94 54
93 96 60
93 98 21
94 95 78
94 98 67
95 97 26
95 98 17
96 98 77
96 99 60
