50 0.5 0 0 0.5 1225 613 12
0.216215 0.202138 24
0.318537 0.176882 23
0.598953 0.482995 7
0.977811 0.149544 33
0.00349286 0.668463 25
0.980487 0.620886 24
0.473691 0.297353 15
0.610912 0.768378 10
0.667681 0.30046 17
0.837069 0.697114 18
0.20217 0.0784374 30
0.941264 0.150545 31
0.818882 0.028524 32
0.101704 0.741989 21
0.000978087 0.808161 27
0.521736 0.193466 20
0.120646 0.353509 22
0.786862 0.0429669 31
0.780658 0.473044 15
0.195342 0.141168 27
0.172134 0.204331 25
0.194399 0.842094 20
0.587986 0.446558 8
0.478169 0.0480069 27
0.240424 0.493125 14
0.947905 0.332169 26
0.935312 0.953451 28
0.431519 0.376982 11
0.0442245 0.0426745 36
0.656717 0.369718 14
0.341902 0.888732 17
0.746133 0.855399 18
0.0308877 0.970914 30
0.00777549 0.0384255 37
0.208136 0.43032 17
0.150022 0.526636 18
0.936408 0.461973 23
0.391064 0.231536 19
0.739952 0.868675 18
0.299538 0.709492 12
0.697973 0.572932 10
0.749858 0.201571 23
0.219447 0.523296 14
0.500996 0.5919 0
0.948818 0.840515 26
0.510239 0.272305 16
0.403506 0.943113 18
0.966509 0.292202 28
0.822194 0.618833 16
0.548801 0.61376 3
0 1 11
0 2 47
0 3 76
0 4 51
0 5 87
0 6 27
0 7 69
0 8 46
0 9 79
0 10 12
0 11 73
0 12 63
0 13 55
0 14 64
0 15 31
0 16 18
0 17 59
0 18 63
0 19 6
0 20 4
0 21 64
0 22 44
0 23 30
0 24 29
0 25 74
0 26 104
0 27 28
0 28 23
0 29 47
0 30 70
0 31 84
0 32 79
0 33 27
0 34 23
0 35 33
0 36 77
0 37 18
0 38 85
0 39 51
0 40 61
0 41 53
0 42 32
0 43 48
0 44 97
0 45 30
0 46 76
0 47 76
0 48 74
0 49 53
1 2 42
1 3 66
1 4 58
1 5 80
1 6 20
1 7 66
1 8 37
1 9 73
1 10 15
1 11 62
1 12 52
1 13 61
1 14 71
1 15 20
1 16 27
1 17 49
1 18 55
1 19 13
1 20 15
1 21 68
1 22 38
1 23 21
1 24 33
1 25 65
1 26 99
1 27 23
1 28 31
1 29 39
1 30 71
1 31 80
1 32 84
1 33 34
1 34 28
1 35 39
1 36 68
1 37 9
1 38 81
1 39 53
1 40 55
1 41 43
1 42 36
1 43 45
1 44 92
1 45 21
1 46 77
1 47 66
1 48 67
1 49 49
2 3 50
2 4 62
2 5 41
2 6 22
2 7 29
2 8 20
2 9 32
2 10 57
2 11 48
2 12 50
2 13 56
2 14 68
2 15 30
2 16 50
2 17 48
2 18 18
2 19 53
2 20 51
2 21 54
2 22 4
2 23 45
2 24 36
2 25 38
2 26 58
2 27 20
2 28 71
2 29 13
2 30 48
2 31 40
2 32 75
2 33 74
2 34 39
2 35 45
2 36 34
2 37 33
2 38 41
2 39 38
2 40 13
2 41 32
2 42 38
2 43 15
2 44 50
2 45 23
2 46 50
2 47 41
2 48 26
2 49 14
3 4 110
3 5 47
3 6 53
3 7 72
3 8 34
3 9 57
3 10 78
3 11 4
3 12 20
3 13 106
3 14 118
3 15 46
3 16 88
3 17 22
3 18 38
3 19 78
3 20 81
3 21 105
3 22 49
3 23 51
3 24 81
3 25 19
3 26 81
3 27 59
3 28 94
3 29 39
3 30 98
3 31 74
3 32 125
3 33 98
3 34 82
3 35 91
3 36 32
3 37 59
3 38 76
3 39 88
3 40 51
3 41 23
3 42 85
3 43 65
3 44 69
3 45 48
3 46 98
3 47 14
3 48 49
3 49 63
4 5 98
4 6 60
4 7 62
4 8 76
4 9 83
4 10 62
4 11 107
4 12 104
4 13 12
4 14 14
4 15 70
4 16 34
4 17 100
4 18 80
4 19 56
4 20 49
4 21 26
4 22 63
4 23 78
4 24 29
4 25 100
4 26 97
4 27 52
4 28 63
4 29 72
4 30 40
4 31 77
4 32 30
4 33 63
4 34 31
4 35 20
4 36 96
4 37 58
4 38 76
4 39 30
4 40 70
4 41 88
4 42 26
4 43 50
4 44 96
4 45 64
4 46 49
4 47 103
4 48 82
4 49 55
5 6 60
5 7 40
5 8 45
5 9 16
5 10 95
5 11 47
5 12 61
5 13 89
5 14 100
5 15 63
5 16 90
5 17 61
5 18 25
5 19 92
5 20 91
5 21 82
5 22 43
5 23 76
5 24 75
5 25 29
5 26 34
5 27 60
5 28 110
5 29 41
5 30 69
5 31 33
5 32 101
5 33 113
5 34 80
5 35 84
5 36 16
5 37 71
5 38 35
5 39 69
5 40 29
5 41 48
5 42 77
5 43 48
5 44 22
5 45 59
5 46 66
5 47 33
5 48 16
5 49 43
6 7 49
6 8 19
6 9 54
6 10 35
6 11 49
6 12 44
6 13 58
6 14 70
6 15 11
6 16 36
6 17 40
6 18 35
6 19 32
6 20 32
6 21 61
6 22 19
6 23 25
6 24 30
6 25 48
6 26 80
6 27 9
6 28 50
6 29 20
6 30 61
6 31 62
6 32 81
6 33 53
6 34 30
6 35 40
6 36 49
6 37 11
6 38 63
6 39 45
6 40 36
6 41 29
6 42 34
6 43 30
6 44 72
6 45 4
6 46 65
6 47 49
6 48 47
6 49 33
7 8 47
7 9 24
7 10 80
7 11 70
7 12 77
7 13 51
7 14 61
7 15 58
7 16 64
7 17 75
7 18 34
7 19 75
7 20 71
7 21 42
7 22 32
7 23 73
7 24 46
7 25 55
7 26 37
7 27 43
7 28 92
7 29 40
7 30 29
7 31 16
7 32 61
7 33 95
7 34 53
7 35 52
7 36 45
7 37 58
7 38 16
7 39 32
7 40 21
7 41 58
7 42 46
7 43 21
7 44 35
7 45 51
7 46 27
7 47 59
7 48 26
7 49 17
8 9 43
8 10 52
8 11 31
8 12 31
8 13 72
8 14 84
8 15 18
8 16 55
8 17 28
8 18 21
8 19 50
8 20 50
8 21 72
8 22 17
8 23 32
8 24 47
8 25 28
8 26 71
8 27 25
8 28 67
8 29 7
8 30 67
8 31 56
8 32 92
8 33 71
8 34 48
8 35 56
8 36 31
8 37 29
8 38 57
8 39 55
8 40 27
8 41 13
8 42 50
8 43 34
8 44 61
8 45 16
8 46 69
8 47 30
8 48 35
8 49 34
9 10 89
9 11 56
9 12 67
9 13 74
9 14 84
9 15 59
9 16 79
9 17 66
9 18 23
9 19 85
9 20 83
9 21 66
9 22 35
9 23 74
9 24 63
9 25 38
9 26 27
9 27 52
9 28 103
9 29 37
9 30 53
9 31 18
9 32 85
9 33 106
9 34 68
9 35 71
9 36 26
9 37 64
9 38 20
9 39 54
9 40 19
9 41 50
9 42 64
9 43 35
9 44 18
9 45 54
9 46 50
9 47 43
9 48 8
9 49 30
10 11 74
10 12 62
10 13 67
10 14 76
10 15 34
10 16 29
10 17 59
10 18 70
10 19 6
10 20 13
10 21 76
10 22 53
10 23 28
10 24 42
10 25 79
10 26 114
10 27 38
10 28 16
10 29 54
10 30 82
10 31 95
10 32 91
10 33 20
10 34 35
10 35 45
10 36 83
10 37 24
10 38 96
10 39 64
10 40 70
10 41 56
10 42 45
10 43 59
10 44 107
10 45 36
10 46 89
10 47 79
10 48 82
10 49 64
11 12 17
11 13 103
11 14 115
11 15 42
11 16 85
11 17 19
11 18 36
11 19 75
11 20 77
11 21 102
11 22 46
11 23 47
11 24 78
11 25 18
11 26 80
11 27 56
11 28 90
11 29 36
11 30 95
11 31 73
11 32 123
11 33 94
11 34 78
11 35 88
11 36 31
11 37 56
11 38 75
11 39 85
11 40 49
11 41 20
11 42 81
11 43 62
11 44 69
11 45 45
11 46 96
11 47 14
11 48 48
11 49 61
12 13 101
12 14 113
12 15 34
12 16 77
12 17 4
12 18 45
12 19 63
12 20 67
12 21 103
12 22 48
12 23 34
12 24 74
12 25 33
12 26 93
12 27 52
12 28 77
12 29 38
12 30 98
12 31 83
12 32 123
12 33 81
12 34 73
12 35 83
12 36 45
12 37 47
12 38 84
12 39 86
12 40 56
12 41 19
12 42 78
12 43 65
12 44 82
12 45 39
12 46 100
12 47 30
12 48 59
12 49 64
13 14 12
13 15 69
13 16 39
13 17 98
13 18 73
13 19 61
13 20 54
13 21 14
13 22 57
13 23 79
13 24 28
13 25 94
13 26 86
13 27 49
13 28 70
13 29 67
13 30 28
13 31 65
13 32 24
13 33 71
13 34 33
13 35 22
13 36 88
13 37 59
13 38 65
13 39 20
13 40 62
13 41 84
13 42 25
13 43 43
13 44 85
13 45 62
13 46 36
13 47 97
13 48 73
13 49 47
14 15 81
14 16 47
14 17 110
14 18 85
14 19 69
14 20 63
14 21 20
14 22 69
14 23 90
14 24 40
14 25 106
14 26 95
14 27 61
14 28 77
14 29 79
14 30 35
14 31 75
14 32 17
14 33 77
14 34 43
14 35 32
14 36 100
14 37 70
14 38 74
14 39 31
14 40 74
14 41 96
14 42 36
14 43 54
14 44 95
14 45 74
14 46 42
14 47 109
14 48 84
14 49 58
15 16 43
15 17 30
15 18 38
15 19 33
15 20 35
15 21 73
15 22 26
15 23 15
15 24 41
15 25 45
15 26 87
15 27 20
15 28 50
15 29 22
15 30 72
15 31 70
15 32 92
15 33 54
15 34 39
15 35 50
15 36 49
15 37 14
15 38 71
15 39 56
15 40 42
15 41 23
15 42 45
15 43 40
15 44 78
15 45 8
15 46 76
15 47 46
15 48 52
15 49 42
16 17 74
16 18 67
16 19 23
16 20 16
16 21 49
16 22 48
16 23 47
16 24 18
16 25 83
16 26 101
16 27 31
16 28 32
16 29 54
16 30 58
16 31 80
16 32 62
16 33 33
16 34 12
16 35 18
16 36 82
16 37 30
16 38 81
16 39 40
16 40 62
16 41 65
16 42 20
16 43 45
16 44 96
16 45 40
16 46 65
16 47 85
16 48 75
16 49 50
17 18 43
17 19 60
17 20 64
17 21 99
17 22 45
17 23 31
17 24 71
17 25 33
17 26 92
17 27 49
17 28 74
17 29 35
17 30 96
17 31 81
17 32 120
17 33 78
17 34 70
17 35 80
17 36 44
17 37 44
17 38 83
17 39 83
17 40 54
17 41 16
17 42 74
17 43 62
17 44 81
17 45 36
17 46 98
17 47 31
17 48 58
17 49 62
18 19 67
18 20 67
18 21 69
18 22 19
18 23 52
18 24 54
18 25 22
18 26 50
18 27 36
18 28 85
18 29 16
18 30 60
18 31 38
18 32 90
18 33 89
18 34 57
18 35 63
18 36 16
18 37 46
18 38 40
18 39 54
18 40 13
18 41 27
18 42 56
18 43 30
18 44 40
18 45 34
18 46 60
18 47 26
18 48 15
18 49 27
19 20 7
19 21 70
19 22 50
19 23 30
19 24 35
19 25 78
19 26 110
19 27 33
19 28 18
19 29 51
19 30 76
19 31 90
19 32 85
19 33 21
19 34 29
19 35 39
19 36 81
19 37 22
19 38 91
19 39 58
19 40 66
19 41 56
19 42 38
19 43 54
19 44 103
19 45 34
19 46 83
19 47 79
19 48 79
19 49 59
20 21 64
20 22 48
20 23 34
20 24 30
20 25 79
20 26 107
20 27 31
20 28 21
20 29 51
20 30 71
20 31 87
20 32 78
20 33 23
20 34 23
20 35 32
20 36 81
20 37 22
20 38 87
20 39 52
20 40 64
20 41 58
20 42 32
20 43 51
20 44 100
20 45 34
20 46 77
20 47 80
20 48 77
20 49 56
21 22 56
21 23 84
21 24 35
21 25 91
21 26 75
21 27 52
21 28 81
21 29 66
21 30 15
21 31 55
21 32 21
21 33 83
21 34 41
21 35 32
21 36 83
21 37 64
21 38 55
21 39 17
21 40 57
21 41 85
21 42 32
21 43 40
21 44 75
21 45 65
21 46 23
21 47 95
21 48 67
21 49 42
22 23 41
22 24 35
22 25 38
22 26 61
22 27 17
22 28 68
22 29 10
22 30 51
22 31 44
22 32 77
22 33 71
22 34 38
22 35 45
22 36 35
22 37 29
22 38 45
22 39 39
22 40 17
22 41 29
22 42 38
22 43 17
22 44 53
22 45 19
22 46 53
22 47 41
22 48 29
22 49 17
23 24 50
23 25 55
23 26 101
23 27 33
23 28 43
23 29 37
23 30 85
23 31 85
23 32 103
23 33 47
23 34 47
23 35 58
23 36 62
23 37 20
23 38 86
23 39 69
23 40 57
23 41 31
23 42 54
23 43 54
23 44 92
23 45 23
23 46 90
23 47 55
23 48 67
23 49 57
24 25 73
24 26 83
24 27 22
24 28 49
24 29 43
24 30 41
24 31 62
24 32 52
24 33 51
24 34 7
24 35 10
24 36 70
24 37 30
24 38 62
24 39 22
24 40 46
24 41 59
24 42 4
24 43 28
24 44 79
24 45 35
24 46 48
24 47 75
24 48 60
24 49 33
25 26 62
25 27 52
25 28 95
25 29 29
25 30 82
25 31 56
25 32 112
25 33 98
25 34 75
25 35 82
25 36 13
25 37 57
25 38 58
25 39 75
25 40 35
25 41 24
25 42 75
25 43 52
25 44 51
25 45 44
25 46 82
25 47 4
25 48 31
25 49 49
26 27 77
26 28 127
26 29 65
26 30 60
26 31 21
26 32 90
26 33 130
26 34 90
26 35 89
26 36 49
26 37 90
26 38 21
26 39 68
26 40 45
26 41 77
26 42 84
26 43 57
26 44 11
26 45 80
26 46 53
26 47 66
26 48 35
26 49 51
27 28 51
27 29 23
27 30 52
27 31 57
27 32 72
27 33 54
27 34 23
27 35 32
27 36 51
27 37 15
27 38 58
27 39 36
27 40 33
27 41 36
27 42 26
27 43 23
27 44 69
27 45 13
27 46 57
27 47 54
27 48 46
27 49 26
28 29 69
28 30 90
28 31 107
28 32 93
28 33 4
28 34 42
28 35 50
28 36 99
28 37 39
28 38 108
28 39 71
28 40 84
28 41 72
28 42 51
28 43 71
28 44 121
28 45 52
28 46 97
28 47 96
28 48 97
28 49 76
29 30 61
29 31 49
29 32 87
29 33 73
29 34 45
29 35 53
29 36 29
29 37 30
29 38 51
29 39 49
29 40 21
29 41 19
29 42 46
29 43 27
29 44 55
29 45 18
29 46 63
29 47 32
29 48 30
29 49 27
30 31 41
30 32 32
30 33 91
30 34 48
30 35 41
30 36 73
30 37 66
30 38 40
30 39 18
30 40 48
30 41 80
30 42 39
30 43 34
30 44 61
30 45 64
30 46 8
30 47 86
30 48 55
30 49 34
31 32 72
31 33 110
31 34 69
31 35 68
31 36 44
31 37 72
31 38 1
31 39 47
31 40 29
31 41 65
31 42 62
31 43 36
31 44 20
31 45 63
31 46 35
31 47 60
31 48 25
31 49 31
32 33 93
32 34 57
32 35 46
32 36 104
32 37 82
32 38 72
32 39 37
32 40 78
32 41 105
32 42 49
32 43 60
32 44 93
32 45 85
32 46 37
32 47 116
32 48 87
32 49 63
33 34 44
33 35 51
33 36 102
33 37 43
33 38 111
33 39 73
33 40 87
33 41 76
33 42 53
33 43 74
33 44 124
33 45 55
33 46 99
33 47 99
33 48 100
33 49 79
34 35 11
34 36 73
34 37 27
34 38 69
34 39 29
34 40 51
34 41 59
34 42 9
34 43 33
34 44 85
34 45 34
34 46 55
34 47 77
34 48 64
34 49 39
35 36 79
35 37 38
35 38 68
35 39 24
35 40 55
35 41 68
35 42 7
35 43 36
35 44 86
35 45 44
35 46 49
35 47 85
35 48 68
35 49 41
36 37 59
36 38 45
36 39 68
36 40 26
36 41 32
36 42 72
36 43 45
36 44 38
36 45 47
36 46 72
36 47 17
36 48 19
36 49 42
37 38 73
37 39 49
37 40 46
37 41 36
37 42 34
37 43 38
37 44 83
37 45 13
37 46 71
37 47 58
37 48 58
37 49 41
38 39 47
38 40 30
38 41 67
38 42 62
38 43 37
38 44 21
38 45 64
38 46 34
38 47 62
38 48 26
38 49 32
39 40 42
39 41 68
39 42 20
39 43 23
39 44 66
39 45 49
39 46 26
39 47 79
39 48 53
39 49 27
40 41 37
40 42 48
40 43 20
40 44 37
40 45 35
40 46 47
40 47 39
40 48 13
40 49 15
41 42 62
41 43 46
41 44 67
41 45 25
41 46 82
41 47 23
41 48 42
41 49 46
42 43 29
42 44 80
42 45 38
42 46 46
42 47 78
42 48 61
42 49 34
43 44 51
43 45 32
43 46 36
43 47 55
43 48 32
43 49 5
44 45 72
44 46 55
44 47 55
44 48 26
44 49 46
45 46 68
45 47 46
45 48 47
45 49 34
46 47 86
46 48 53
46 49 36
47 48 36
47 49 53
48 49 27
0 1 11
0 2 47
0 7 69
0 9 79
0 10 12
0 11 73
0 15 31
0 16 18
0 17 59
0 18 63
0 19 6
0 21 64
0 22 44
0 23 30
0 24 29
0 26 104
0 33 27
0 38 85
0 41 53
0 42 32
0 43 48
0 44 97
0 45 30
0 46 76
0 49 53
1 5 80
1 7 66
1 11 62
1 14 71
1 15 20
1 16 27
1 17 49
1 18 55
1 19 13
1 20 15
1 22 38
1 23 21
1 25 65
1 26 99
1 28 31
1 29 39
1 30 71
1 31 80
1 33 34
1 37 9
1 43 45
1 47 66
1 48 67
1 49 49
2 3 50
2 8 20
2 9 32
2 16 50
2 18 18
2 20 51
2 21 54
2 22 4
2 23 45
2 24 36
2 25 38
2 27 20
2 28 71
2 29 13
2 32 75
2 33 74
2 35 45
2 37 33
2 38 41
2 39 38
2 40 13
2 42 38
2 43 15
2 46 50
2 49 14
3 4 110
3 8 34
3 9 57
3 11 4
3 12 20
3 14 118
3 15 46
3 17 22
3 18 38
3 19 78
3 20 81
3 21 105
3 22 49
3 23 51
3 24 81
3 25 19
3 27 59
3 28 94
3 29 39
3 35 91
3 36 32
3 38 76
3 40 51
3 43 65
3 44 69
3 48 49
3 49 63
4 6 60
4 7 62
4 8 76
4 10 62
4 12 104
4 14 14
4 16 34
4 17 100
4 18 80
4 19 56
4 20 49
4 21 26
4 22 63
4 24 29
4 25 100
4 26 97
4 30 40
4 32 30
4 36 96
4 38 76
4 42 26
4 43 50
4 45 64
4 46 49
4 47 103
4 49 55
5 7 40
5 8 45
5 9 16
5 13 89
5 18 25
5 21 82
5 24 75
5 25 29
5 26 34
5 27 60
5 28 110
5 30 69
5 31 33
5 32 101
5 37 71
5 39 69
5 42 77
5 43 48
5 45 59
5 46 66
5 47 33
5 48 16
5 49 43
6 8 19
6 9 54
6 11 49
6 13 58
6 15 11
6 16 36
6 17 40
6 18 35
6 19 32
6 22 19
6 27 9
6 31 62
6 34 30
6 36 49
6 38 63
6 39 45
6 40 36
6 47 49
6 48 47
7 8 47
7 9 24
7 11 70
7 12 77
7 14 61
7 16 64
7 18 34
7 19 75
7 21 42
7 22 32
7 23 73
7 24 46
7 25 55
7 26 37
7 27 43
7 28 92
7 31 16
7 32 61
7 34 53
7 36 45
7 40 21
7 41 58
7 45 51
8 9 43
8 10 52
8 11 31
8 14 84
8 15 18
8 16 55
8 17 28
8 18 21
8 20 50
8 22 17
8 25 28
8 28 67
8 30 67
8 32 92
8 34 48
8 36 31
8 38 57
8 39 55
8 41 13
8 42 50
8 43 34
8 44 61
8 45 16
8 46 69
9 16 79
9 18 23
9 19 85
9 22 35
9 24 63
9 25 38
9 28 103
9 30 53
9 31 18
9 34 68
9 36 26
9 39 54
9 40 19
9 41 50
9 45 54
9 46 50
9 48 8
10 11 74
10 14 76
10 19 6
10 21 76
10 22 53
10 25 79
10 28 16
10 30 82
10 32 91
10 33 20
10 36 83
10 37 24
10 39 64
10 40 70
10 41 56
10 42 45
10 44 107
10 45 36
10 47 79
10 48 82
10 49 64
11 13 103
11 14 115
11 21 102
11 22 46
11 24 78
11 25 18
11 26 80
11 27 56
11 28 90
11 29 36
11 30 95
11 33 94
11 34 78
11 35 88
11 38 75
11 39 85
11 40 49
11 41 20
11 43 62
11 49 61
12 15 34
12 16 77
12 19 63
12 20 67
12 21 103
12 23 34
12 24 74
12 26 93
12 29 38
12 32 123
12 34 73
12 36 45
12 37 47
12 38 84
12 39 86
12 40 56
12 43 65
12 44 82
12 45 39
12 49 64
13 17 98
13 20 54
13 21 14
13 23 79
13 24 28
13 26 86
13 29 67
13 32 24
13 33 71
13 35 22
13 38 65
13 41 84
13 42 25
13 43 43
13 44 85
13 45 62
14 15 81
14 16 47
14 17 110
14 19 69
14 22 69
14 23 90
14 24 40
14 25 106
14 28 77
14 29 79
14 31 75
14 34 43
14 47 109
14 48 84
14 49 58
15 16 43
15 18 38
15 19 33
15 20 35
15 26 87
15 29 22
15 30 72
15 31 70
15 38 71
15 40 42
15 43 40
15 45 8
15 47 46
15 49 42
16 17 74
16 19 23
16 21 49
16 26 101
16 28 32
16 29 54
16 31 80
16 32 62
16 33 33
16 34 12
16 36 82
16 37 30
16 43 45
16 44 96
16 45 40
16 46 65
16 47 85
17 19 60
17 20 64
17 25 33
17 26 92
17 29 35
17 30 96
17 31 81
17 36 44
17 37 44
17 38 83
17 39 83
17 41 16
17 42 74
17 43 62
17 45 36
18 21 69
18 23 52
18 24 54
18 25 22
18 27 36
18 29 16
18 30 60
18 31 38
18 32 90
18 34 57
18 35 63
18 36 16
18 38 40
18 39 54
18 41 27
18 43 30
18 44 40
18 45 34
18 46 60
18 47 26
18 49 27
19 20 7
19 23 30
19 24 35
19 27 33
19 29 51
19 33 21
19 35 39
19 37 22
19 38 91
19 40 66
19 42 38
19 43 54
19 45 34
19 47 79
20 21 64
20 22 48
20 23 34
20 25 79
20 26 107
20 27 31
20 30 71
20 32 78
20 33 23
20 35 32
20 36 81
20 37 22
20 38 87
20 39 52
20 46 77
20 49 56
21 23 84
21 24 35
21 25 91
21 26 75
21 27 52
21 29 66
21 33 83
21 34 41
21 36 83
21 40 57
21 41 85
21 43 40
21 47 95
21 48 67
22 23 41
22 24 35
22 25 38
22 26 61
22 29 10
22 33 71
22 34 38
22 35 45
22 38 45
22 41 29
22 44 53
22 45 19
22 48 29
23 24 50
23 26 101
23 27 33
23 28 43
23 38 86
23 39 69
23 41 31
23 42 54
23 43 54
23 47 55
24 25 73
24 26 83
24 28 49
24 29 43
24 31 62
24 33 51
24 34 7
24 36 70
24 38 62
24 39 22
24 41 59
24 43 28
24 44 79
24 45 35
24 47 75
24 48 60
24 49 33
25 26 62
25 27 52
25 28 95
25 30 82
25 31 56
25 33 98
25 36 13
25 37 57
25 41 24
25 42 75
25 46 82
26 27 77
26 29 65
26 33 130
26 37 90
26 39 68
26 41 77
26 42 84
26 43 57
26 45 80
26 48 35
26 49 51
27 30 52
27 31 57
27 33 54
27 36 51
27 38 58
27 42 26
27 44 69
27 45 13
27 46 57
28 29 69
28 33 4
28 35 50
28 38 108
28 40 84
28 41 72
28 42 51
28 44 121
28 46 97
28 47 96
29 30 61
29 33 73
29 34 45
29 35 53
29 36 29
29 38 51
29 40 21
29 44 55
29 45 18
29 46 63
29 47 32
29 48 30
29 49 27
30 34 48
30 35 41
30 36 73
30 37 66
30 41 80
30 43 34
30 48 55
30 49 34
31 33 110
31 35 68
31 37 72
31 45 63
31 46 35
32 34 57
32 37 82
32 38 72
32 48 87
33 34 44
33 36 102
33 37 43
33 39 73
33 40 87
33 44 124
33 46 99
33 48 100
33 49 79
34 35 11
34 40 51
34 43 33
34 44 85
34 46 55
34 48 64
35 41 68
35 42 7
35 43 36
35 44 86
35 45 44
35 46 49
35 48 68
35 49 41
36 37 59
36 39 68
36 40 26
36 43 45
36 44 38
36 49 42
37 38 73
37 41 36
37 42 34
37 43 38
37 45 13
37 46 71
37 47 58
38 40 30
38 41 67
38 42 62
38 43 37
38 47 62
38 48 26
39 40 42
39 42 20
39 47 79
39 49 27
40 42 48
40 43 20
40 44 37
40 46 47
40 47 39
40 48 13
40 49 15
41 43 46
41 47 23
42 45 38
42 47 78
43 45 32
43 46 36
44 46 55
45 46 68
45 48 47
45 49 34
46 48 53
46 49 36
48 49 27
