10 0.5 0 0 1 45 23 3
0.704652 0.322895 24
0.960754 0.563397 49
0.49279 0.435567 0
0.34868 0.300848 20
0.493392 0.33389 10
0.211971 0.502875 29
0.72574 0.927104 54
0.312277 0.93514 53
0.58523 0.079442 37
0.848469 0.505354 36
0 1 35
0 2 24
0 3 36
0 4 21
0 5 52
0 6 60
0 7 73
0 8 27
0 9 23
1 2 49
1 3 67
1 4 52
1 5 75
1 6 43
1 7 75
1 8 61
1 9 13
2 3 20
2 4 10
2 5 29
2 6 54
2 7 53
2 8 37
2 9 36
3 4 15
3 5 24
3 6 73
3 7 64
3 8 32
3 9 54
4 5 33
4 6 64
4 7 63
4 8 27
4 9 39
5 6 67
5 7 44
5 8 56
5 9 64
6 7 41
6 8 86
6 9 44
7 8 90
7 9 69
8 9 50
0 1 35
0 2 24
0 3 36
0 5 52
0 6 60
0 7 73
0 8 27
1 3 67
1 7 75
1 8 61
2 4 10
2 5 29
2 7 53
2 9 36
3 5 24
3 6 73
4 5 33
4 6 64
4 8 27
5 9 64
6 7 41
6 8 86
6 9 44
