10 0.7 5 1 0.5 45 31 5
0.0103729 0.863195 41
0.603606 0.432006 33
0.0664154 0.051947 0
0.0186229 0.308351 13
0.760865 0.00947289 35
0.317781 0.176586 14
0.575573 0.678403 40
0.258078 0.0144516 10
0.196144 0.113757 7
0.216383 0.549591 26
0 1 73
0 2 81
0 3 55
0 4 114
0 5 75
0 6 59
0 7 88
0 8 77
0 9 38
1 2 66
1 3 60
1 4 45
1 5 38
1 6 25
1 7 54
1 8 52
1 9 40
2 3 26
2 4 70
2 5 28
2 6 81
2 7 20
2 8 14
2 9 52
3 4 80
3 5 33
3 6 67
3 7 38
3 8 26
3 9 31
4 5 47
4 6 69
4 7 50
4 8 57
4 9 77
5 6 56
5 7 17
5 8 14
5 9 39
6 7 74
6 8 68
6 9 38
7 8 12
7 9 54
8 9 44
0 1 73
0 2 81
0 4 114
0 5 75
0 6 59
0 8 77
1 2 66
1 3 60
1 4 45
1 5 38
1 6 25
1 7 54
1 8 52
2 3 26
2 4 70
2 5 28
2 6 81
2 7 20
2 8 14
3 4 80
3 7 38
3 9 31
4 6 69
4 7 50
4 8 57
4 9 77
5 8 14
5 9 39
6 7 74
6 9 38
8 9 44
