100 0.5 20 0 1 4950 2475 7
0.639361 0.414512 17
0.997451 0.607697 51
0.939715 0.137512 58
0.664109 0.90903 43
0.92365 0.196778 53
0.655696 0.412594 19
0.8679 0.898994 54
0.668423 0.00409048 53
0.0319232 0.710892 50
0.821848 0.0829464 54
0.732252 0.729156 32
0.735415 0.527315 24
0.744867 0.116082 47
0.391877 0.955676 46
0.49442 0.508747 0
0.203183 0.448101 30
0.151404 0.669054 38
0.629936 0.855447 37
0.97934 0.210189 57
0.753972 0.891829 46
0.756151 0.683651 31
0.0140397 0.18187 58
0.965513 0.260201 53
0.0568577 0.934938 61
0.523935 0.395104 12
0.998481 0.249135 57
0.0410706 0.708651 50
0.428397 0.372903 15
0.246484 0.630872 28
0.863378 0.939764 57
0.23035 0.804318 40
0.415411 0.438874 11
0.00362173 0.907508 63
0.0379867 0.613034 47
0.348748 0.0134257 52
0.529667 0.211134 30
0.864186 0.872655 52
0.598084 0.225231 30
0.736563 0.165789 42
0.977694 0.00887643 70
0.164283 0.791434 43
0.397679 0.980124 48
0.0528399 0.133949 58
0.0741096 0.517485 42
0.0205221 0.243652 54
0.206697 0.806694 41
0.813338 0.432586 33
0.564971 0.966554 46
0.949062 0.794764 54
0.906884 0.46421 41
0.860681 0.695925 41
0.682715 0.740756 30
0.314758 0.250632 31
0.140958 0.643665 38
0.835459 0.306541 40
0.57785 0.983692 48
0.393794 0.370437 17
0.475769 0.505554 2
0.620037 0.657564 19
0.89133 0.280017 46
0.0689371 0.625612 44
0.738985 0.91304 47
0.992805 0.0100238 71
0.257116 0.746076 34
0.965117 0.468875 47
0.0771695 0.993592 64
0.981754 0.0902361 64
0.659874 0.588291 18
0.202169 0.543654 29
0.709125 0.969455 51
0.919248 0.40152 44
0.0915572 0.648301 43
0.342427 0.593237 17
0.494532 0.079273 43
0.573639 0.576702 10
0.627912 0.0890206 44
0.908288 0.423794 42
0.471769 0.457435 6
0.0608967 0.697199 47
0.520011 0.989413 48
0.489949 0.288217 22
0.466382 0.197498 31
0.33131 0.113688 43
0.189407 0.612726 32
0.193442 0.982379 56
0.313451 0.519085 18
0.813947 0.259044 41
0.976911 0.114893 62
0.425134 0.443194 10
0.0535847 0.50052 44
0.60621 0.00666845 51
0.756341 0.979032 54
0.811106 0.717544 38
0.228934 0.53375 27
0.456059 0.035282 48
0.445836 0.51848 5
0.795422 0.306818 36
0.86433 0.725583 43
0.331865 0.524933 16
0.949466 0.944156 63
0 1 41
0 2 41
0 3 50
0 4 36
0 5 2
0 6 54
0 7 41
0 8 68
0 9 38
0 10 33
0 11 15
0 12 32
0 13 60
0 14 17
0 15 44
0 16 55
0 17 44
0 18 40
0 19 49
0 20 29
0 21 67
0 22 36
0 23 78
0 24 12
0 25 40
0 26 67
0 27 22
0 28 45
0 29 57
0 30 57
0 31 23
0 32 80
0 33 63
0 34 50
0 35 23
0 36 51
0 37 19
0 38 27
0 39 53
0 40 61
0 41 62
0 42 65
0 43 57
0 44 64
0 45 58
0 46 17
0 47 56
0 48 49
0 49 27
0 50 36
0 51 33
0 52 36
0 53 55
0 54 22
0 55 57
0 56 25
0 57 19
0 58 24
0 59 29
0 60 61
0 61 51
0 62 54
0 63 51
0 64 33
0 65 81
0 66 47
0 67 17
0 68 46
0 69 56
0 70 28
0 71 60
0 72 35
0 73 37
0 74 18
0 75 33
0 76 27
0 77 17
0 78 64
0 79 59
0 80 20
0 81 28
0 82 43
0 83 49
0 84 72
0 85 34
0 86 23
0 87 45
0 88 22
0 89 59
0 90 41
0 91 58
0 92 35
0 93 43
0 94 42
0 95 22
0 96 19
0 97 38
0 98 33
0 99 61
1 2 47
1 3 45
1 4 42
1 5 39
1 6 32
1 7 69
1 8 97
1 9 55
1 10 29
1 11 27
1 12 55
1 13 70
1 14 51
1 15 81
1 16 85
1 17 44
1 18 40
1 19 37
1 20 25
1 21 107
1 22 35
1 23 100
1 24 52
1 25 36
1 26 96
1 27 62
1 28 75
1 29 36
1 30 79
1 31 61
1 32 104
1 33 96
1 34 88
1 35 61
1 36 30
1 37 55
1 38 51
1 39 60
1 40 85
1 41 71
1 42 106
1 43 93
1 44 104
1 45 82
1 46 25
1 47 56
1 48 19
1 49 17
1 50 16
1 51 34
1 52 77
1 53 86
1 54 34
1 55 56
1 56 65
1 57 53
1 58 38
1 59 34
1 60 93
1 61 40
1 62 60
1 63 75
1 64 14
1 65 100
1 66 52
1 67 34
1 68 80
1 69 46
1 70 22
1 71 91
1 72 66
1 73 73
1 74 42
1 75 64
1 76 20
1 77 55
1 78 94
1 79 61
1 80 60
1 81 67
1 82 83
1 83 81
1 84 89
1 85 69
1 86 39
1 87 49
1 88 60
1 89 95
1 90 72
1 91 44
1 92 22
1 93 77
1 94 79
1 95 56
1 96 36
1 97 18
1 98 67
1 99 34
2 3 82
2 4 6
2 5 40
2 6 76
2 7 30
2 8 107
2 9 13
2 10 63
2 11 44
2 12 20
2 13 98
2 14 58
2 15 80
2 16 95
2 17 78
2 18 8
2 19 78
2 20 58
2 21 93
2 22 13
2 23 119
2 24 49
2 25 13
2 26 106
2 27 56
2 28 85
2 29 81
2 30 97
2 31 60
2 32 121
2 33 102
2 34 60
2 35 42
2 36 74
2 37 35
2 38 21
2 39 13
2 40 101
2 41 100
2 42 89
2 43 95
2 44 93
2 45 99
2 46 32
2 47 91
2 48 66
2 49 33
2 50 56
2 51 66
2 52 64
2 53 95
2 54 20
2 55 92
2 56 59
2 57 59
2 58 61
2 59 15
2 60 100
2 61 80
2 62 14
2 63 91
2 64 33
2 65 122
2 66 6
2 67 53
2 68 84
2 69 86
2 70 26
2 71 99
2 72 75
2 73 45
2 74 57
2 75 32
2 76 29
2 77 57
2 78 104
2 79 95
2 80 47
2 81 48
2 82 61
2 83 89
2 84 113
2 85 73
2 86 17
2 87 4
2 88 60
2 89 96
2 90 36
2 91 86
2 92 59
2 93 81
2 94 49
2 95 62
2 96 22
2 97 59
2 98 72
2 99 81
3 4 76
3 5 50
3 6 20
3 7 90
3 8 66
3 9 84
3 10 19
3 11 39
3 12 80
3 13 28
3 14 43
3 15 65
3 16 57
3 17 6
3 18 77
3 19 9
3 20 24
3 21 98
3 22 72
3 23 61
3 24 53
3 25 74
3 26 65
3 27 59
3 28 50
3 29 20
3 30 45
3 31 53
3 32 66
3 33 69
3 34 95
3 35 71
3 36 20
3 37 69
3 38 75
3 39 95
3 40 51
3 41 28
3 42 99
3 43 71
3 44 93
3 45 47
3 46 50
3 47 11
3 48 31
3 49 51
3 50 29
3 51 17
3 52 75
3 53 59
3 54 63
3 55 11
3 56 60
3 57 45
3 58 26
3 59 67
3 60 66
3 61 7
3 62 96
3 63 44
3 64 53
3 65 59
3 66 88
3 67 32
3 68 59
3 69 8
3 70 57
3 71 63
3 72 45
3 73 85
3 74 34
3 75 82
3 76 54
3 77 49
3 78 64
3 79 17
3 80 64
3 81 74
3 82 86
3 83 56
3 84 48
3 85 52
3 86 67
3 87 85
3 88 52
3 89 73
3 90 90
3 91 12
3 92 24
3 93 57
3 94 90
3 95 45
3 96 62
3 97 27
3 98 51
3 99 29
4 5 34
4 6 70
4 7 32
4 8 103
4 9 15
4 10 57
4 11 38
4 12 20
4 13 93
4 14 53
4 15 76
4 16 91
4 17 72
4 18 6
4 19 72
4 20 51
4 21 91
4 22 8
4 23 114
4 24 45
4 25 9
4 26 102
4 27 53
4 28 80
4 29 75
4 30 92
4 31 56
4 32 116
4 33 98
4 34 60
4 35 39
4 36 68
4 37 33
4 38 19
4 39 20
4 40 96
4 41 94
4 42 87
4 43 91
4 44 90
4 45 94
4 46 26
4 47 85
4 48 60
4 49 27
4 50 50
4 51 59
4 52 61
4 53 90
4 54 14
4 55 86
4 56 56
4 57 54
4 58 55
4 59 9
4 60 96
4 61 74
4 62 20
4 63 86
4 64 28
4 65 116
4 66 12
4 67 47
4 68 80
4 69 80
4 70 20
4 71 95
4 72 70
4 73 44
4 74 52
4 75 31
4 76 23
4 77 52
4 78 100
4 79 89
4 80 44
4 81 46
4 82 60
4 83 84
4 84 107
4 85 69
4 86 13
4 87 10
4 88 56
4 89 92
4 90 37
4 91 80
4 92 53
4 93 77
4 94 49
4 95 58
4 96 17
4 97 53
4 98 68
4 99 75
5 6 53
5 7 41
5 8 69
5 9 37
5 10 33
5 11 14
5 12 31
5 13 60
5 14 19
5 15 45
5 16 57
5 17 44
5 18 38
5 19 49
5 20 29
5 21 68
5 22 35
5 23 79
5 24 13
5 25 38
5 26 68
5 27 23
5 28 46
5 29 57
5 30 58
5 31 24
5 32 82
5 33 65
5 34 50
5 35 24
5 36 51
5 37 20
5 38 26
5 39 52
5 40 62
5 41 62
5 42 66
5 43 59
5 44 66
5 45 60
5 46 16
5 47 56
5 48 48
5 49 26
5 50 35
5 51 33
5 52 38
5 53 56
5 54 21
5 55 58
5 56 27
5 57 20
5 58 25
5 59 27
5 60 62
5 61 51
5 62 53
5 63 52
5 64 31
5 65 82
5 66 46
5 67 18
5 68 47
5 69 56
5 70 26
5 71 61
5 72 36
5 73 37
5 74 18
5 75 32
5 76 25
5 77 19
5 78 66
5 79 59
5 80 21
5 81 29
5 82 44
5 83 51
5 84 73
5 85 36
5 86 22
5 87 44
5 88 23
5 89 61
5 90 41
5 91 58
5 92 34
5 93 44
5 94 43
5 95 24
5 96 18
5 97 38
5 98 34
5 99 61
6 7 92
6 8 86
6 9 82
6 10 22
6 11 39
6 12 79
6 13 48
6 14 54
6 15 80
6 16 75
6 17 24
6 18 70
6 19 11
6 20 24
6 21 112
6 22 65
6 23 81
6 24 61
6 25 66
6 26 85
6 27 69
6 28 68
6 29 4
6 30 64
6 31 65
6 32 86
6 33 88
6 34 103
6 35 77
6 36 3
6 37 73
6 38 74
6 39 90
6 40 71
6 41 48
6 42 112
6 43 88
6 44 107
6 45 67
6 46 47
6 47 31
6 48 13
6 49 44
6 50 20
6 51 24
6 52 85
6 53 77
6 54 59
6 55 30
6 56 71
6 57 56
6 58 35
6 59 62
6 60 84
6 61 13
6 62 90
6 63 63
6 64 44
6 65 80
6 66 82
6 67 37
6 68 75
6 69 17
6 70 50
6 71 82
6 72 61
6 73 90
6 74 44
6 75 84
6 76 48
6 77 59
6 78 83
6 79 36
6 80 72
6 81 81
6 82 95
6 83 74
6 84 68
6 85 67
6 86 64
6 87 79
6 88 64
6 89 91
6 90 93
6 91 14
6 92 19
6 93 74
6 94 96
6 95 57
6 96 60
6 97 17
6 98 65
6 99 9
7 8 95
7 9 17
7 10 73
7 11 53
7 12 14
7 13 99
7 14 53
7 15 64
7 16 84
7 17 85
7 18 37
7 19 89
7 20 69
7 21 68
7 22 39
7 23 111
7 24 42
7 25 41
7 26 94
7 27 44
7 28 76
7 29 96
7 30 91
7 31 50
7 32 112
7 33 88
7 34 32
7 35 25
7 36 89
7 37 23
7 38 18
7 39 31
7 40 93
7 41 101
7 42 63
7 43 79
7 44 69
7 45 93
7 46 45
7 47 97
7 48 84
7 49 52
7 50 72
7 51 74
7 52 43
7 53 83
7 54 35
7 55 98
7 56 46
7 57 54
7 58 66
7 59 35
7 60 86
7 61 91
7 62 32
7 63 85
7 64 55
7 65 115
7 66 32
7 67 58
7 68 71
7 69 97
7 70 47
7 71 86
7 72 67
7 73 19
7 74 58
7 75 9
7 76 48
7 77 49
7 78 92
7 79 100
7 80 34
7 81 28
7 82 35
7 83 77
7 84 109
7 85 63
7 86 29
7 87 33
7 88 50
7 89 79
7 90 6
7 91 98
7 92 73
7 93 69
7 94 21
7 95 56
7 96 33
7 97 75
7 98 62
7 99 98
8 9 101
8 10 70
8 11 73
8 12 93
8 13 44
8 14 50
8 15 31
8 16 13
8 17 62
8 18 107
8 19 74
8 20 72
8 21 53
8 22 104
8 23 23
8 24 58
8 25 107
8 26 1
8 27 52
8 28 23
8 29 86
8 30 22
8 31 47
8 32 20
8 33 10
8 34 77
8 35 71
8 36 85
8 37 75
8 38 89
8 39 118
8 40 15
8 41 45
8 42 58
8 43 20
8 44 47
8 45 20
8 46 83
8 47 59
8 48 92
8 49 91
8 50 83
8 51 65
8 52 54
8 53 13
8 54 90
8 55 61
8 56 50
8 57 49
8 58 59
8 59 96
8 60 9
8 61 74
8 62 119
8 63 23
8 64 96
8 65 29
8 66 113
8 67 64
8 68 24
8 69 72
8 70 94
8 71 9
8 72 33
8 73 78
8 74 56
8 75 86
8 76 92
8 77 51
8 78 3
8 79 56
8 80 62
8 81 67
8 82 67
8 83 19
8 84 32
8 85 34
8 86 90
8 87 112
8 88 48
8 89 21
8 90 91
8 91 77
8 92 78
8 93 26
8 94 80
8 95 46
8 96 86
8 97 83
8 98 35
8 99 95
9 10 65
9 11 45
9 12 8
9 13 97
9 14 54
9 15 72
9 16 89
9 17 80
9 18 20
9 19 81
9 20 60
9 21 81
9 22 23
9 23 115
9 24 43
9 25 24
9 26 100
9 27 49
9 28 79
9 29 86
9 30 93
9 31 54
9 32 116
9 33 95
9 34 48
9 35 32
9 36 79
9 37 27
9 38 12
9 39 17
9 40 97
9 41 99
9 42 77
9 43 86
9 44 82
9 45 95
9 46 35
9 47 92
9 48 72
9 49 39
9 50 61
9 51 67
9 52 53
9 53 88
9 54 22
9 55 93
9 56 52
9 57 55
9 58 61
9 59 21
9 60 93
9 61 83
9 62 19
9 63 87
9 64 41
9 65 118
9 66 16
9 67 53
9 68 77
9 69 89
9 70 33
9 71 92
9 72 70
9 73 33
9 74 55
9 75 19
9 76 35
9 77 51
9 78 98
9 79 96
9 80 39
9 81 37
9 82 49
9 83 83
9 84 110
9 85 67
9 86 18
9 87 16
9 88 54
9 89 87
9 90 23
9 91 90
9 92 63
9 93 74
9 94 37
9 95 58
9 96 23
9 97 64
9 98 66
9 99 87
10 11 20
10 12 61
10 13 41
10 14 32
10 15 60
10 16 58
10 17 16
10 18 57
10 19 16
10 20 5
10 21 90
10 22 52
10 23 71
10 24 39
10 25 55
10 26 69
10 27 47
10 28 50
10 29 25
10 30 51
10 31 43
10 32 75
10 33 70
10 34 81
10 35 56
10 36 19
10 37 52
10 38 56
10 39 76
10 40 57
10 41 42
10 42 90
10 43 69
10 44 86
10 45 53
10 46 31
10 47 29
10 48 23
10 49 32
10 50 13
10 51 5
10 52 64
10 53 60
10 54 44
10 55 30
10 56 49
10 57 34
10 58 13
10 59 48
10 60 67
10 61 18
10 62 76
10 63 48
10 64 35
10 65 71
10 66 69
10 67 16
10 68 56
10 69 24
10 70 38
10 71 65
10 72 41
10 73 69
10 74 22
10 75 65
10 76 35
10 77 38
10 78 67
10 79 34
10 80 50
10 81 59
10 82 73
10 83 56
10 84 60
10 85 47
10 86 48
10 87 66
10 88 42
10 89 72
10 90 73
10 91 25
10 92 8
10 93 54
10 94 75
10 95 36
10 96 43
10 97 13
10 98 45
10 99 31
11 12 41
11 13 55
11 14 24
11 15 54
11 16 60
11 17 34
11 18 40
11 19 36
11 20 16
11 21 80
11 22 35
11 23 79
11 24 25
11 25 38
11 26 72
11 27 34
11 28 50
11 29 43
11 30 58
11 31 33
11 32 82
11 33 70
11 34 64
11 35 38
11 36 37
11 37 33
11 38 36
11 39 57
11 40 63
11 41 56
11 42 79
11 43 66
11 44 77
11 45 60
11 46 12
11 47 47
11 48 34
11 49 18
11 50 21
11 51 22
11 52 50
11 53 61
11 54 24
11 55 48
11 56 38
11 57 26
11 58 17
11 59 29
11 60 67
11 61 39
11 62 58
11 63 53
11 64 24
11 65 81
11 66 50
11 67 10
11 68 53
11 69 44
11 70 22
11 71 66
11 72 40
11 73 51
11 74 17
11 75 45
11 76 20
11 77 27
11 78 70
11 79 51
11 80 34
11 81 43
11 82 58
11 83 55
11 84 71
11 85 42
11 86 28
11 87 48
11 88 32
11 89 68
11 90 54
11 91 45
11 92 20
11 93 51
11 94 57
11 95 29
11 96 23
11 97 24
11 98 40
11 99 47
12 13 91
12 14 47
12 15 64
12 16 81
12 17 75
12 18 25
12 19 78
12 20 57
12 21 73
12 22 26
12 23 107
12 24 36
12 25 29
12 26 92
12 27 41
12 28 72
12 29 83
12 30 86
12 31 46
12 32 108
12 33 86
12 34 41
12 35 24
12 36 77
12 37 18
12 38 5
12 39 26
12 40 89
12 41 93
12 42 69
12 43 78
12 44 74
12 45 88
12 46 32
12 47 87
12 48 71
12 49 38
12 50 59
12 51 63
12 52 45
12 53 80
12 54 21
12 55 88
12 56 43
12 57 47
12 58 56
12 59 22
12 60 85
12 61 80
12 62 27
12 63 80
12 64 42
12 65 110
12 66 24
12 67 48
12 68 69
12 69 85
12 70 33
12 71 84
12 72 62
12 73 25
12 74 49
12 75 12
12 76 35
12 77 44
12 78 90
12 79 90
12 80 31
12 81 29
12 82 41
12 83 75
12 84 103
12 85 59
12 86 16
12 87 23
12 88 46
12 89 79
12 90 18
12 91 86
12 92 61
12 93 66
12 94 30
12 95 50
12 96 20
12 97 62
12 98 58
12 99 85
13 14 46
13 15 54
13 16 37
13 17 26
13 18 95
13 19 37
13 20 45
13 21 86
13 22 90
13 23 34
13 24 58
13 25 93
13 26 43
13 27 58
13 28 36
13 29 47
13 30 22
13 31 52
13 32 39
13 33 49
13 34 94
13 35 76
13 36 48
13 37 76
13 38 86
13 39 111
13 40 28
13 41 3
13 42 89
13 43 54
13 44 80
13 45 24
13 46 67
13 47 17
13 48 58
13 49 71
13 50 54
13 51 36
13 52 71
13 53 40
13 54 79
13 55 19
13 56 59
13 57 46
13 58 38
13 59 84
13 60 46
13 61 35
13 62 112
13 63 25
13 64 75
13 65 32
13 66 105
13 67 45
13 68 45
13 69 32
13 70 76
13 71 43
13 72 37
13 73 88
13 74 42
13 75 90
13 76 74
13 77 50
13 78 42
13 79 13
13 80 67
13 81 76
13 82 84
13 83 40
13 84 20
13 85 44
13 86 81
13 87 102
13 88 51
13 89 57
13 90 97
13 91 37
13 92 48
13 93 45
13 94 92
13 95 44
13 96 76
13 97 53
13 98 43
13 99 56
14 15 30
14 16 38
14 17 37
14 18 57
14 19 46
14 20 31
14 21 58
14 22 53
14 23 61
14 24 12
14 25 57
14 26 50
14 27 15
14 28 28
14 29 57
14 30 40
14 31 11
14 32 63
14 33 47
14 34 52
14 35 30
14 36 52
14 37 30
14 38 42
14 39 70
14 40 43
14 41 48
14 42 58
14 43 42
14 44 54
14 45 41
14 46 33
14 47 46
14 48 54
14 49 41
14 50 41
14 51 30
14 52 31
14 53 38
14 54 40
14 55 48
14 56 17
14 57 2
14 58 19
14 59 46
14 60 44
14 61 47
14 62 71
14 63 34
14 64 47
14 65 64
14 66 64
14 67 18
14 68 29
14 69 51
14 70 44
14 71 43
14 72 17
14 73 43
14 74 10
14 75 44
14 76 42
14 77 6
14 78 47
14 79 48
14 80 22
14 81 31
14 82 43
14 83 32
14 84 56
14 85 18
14 86 41
14 87 62
14 88 10
14 89 44
14 90 51
14 91 54
14 92 38
14 93 27
14 94 48
14 95 5
14 96 36
14 97 43
14 98 16
14 99 63
15 16 23
15 17 59
15 18 81
15 19 71
15 20 60
15 21 33
15 22 79
15 23 51
15 24 33
15 25 82
15 26 31
15 27 24
15 28 19
15 29 82
15 30 36
15 31 21
15 32 50
15 33 23
15 34 46
15 35 40
15 36 79
15 37 45
15 38 60
15 39 89
15 40 35
15 41 57
15 42 35
15 43 15
15 44 27
15 45 36
15 46 61
15 47 63
15 48 82
15 49 70
15 50 70
15 51 56
15 52 23
15 53 21
15 54 65
15 55 65
15 56 21
15 57 28
15 58 47
15 59 71
15 60 22
15 61 71
15 62 90
15 63 30
15 64 76
15 65 56
15 66 86
15 67 48
15 68 10
15 69 73
15 70 72
15 71 23
15 72 20
15 73 47
15 74 39
15 75 56
15 76 71
15 77 27
15 78 29
15 79 63
15 80 33
15 81 36
15 82 36
15 83 17
15 84 53
15 85 13
15 86 64
15 87 84
15 88 22
15 89 16
15 90 60
15 91 77
15 92 66
15 93 9
15 94 48
15 95 25
15 96 61
15 97 72
15 98 15
15 99 90
16 17 51
16 18 95
16 19 64
16 20 60
16 21 51
16 22 91
16 23 28
16 24 46
16 25 95
16 26 12
16 27 41
16 28 10
16 29 76
16 30 16
16 31 35
16 32 28
16 33 13
16 34 68
16 35 59
16 36 74
16 37 63
16 38 77
16 39 106
16 40 12
16 41 40
16 42 54
16 43 17
16 44 45
16 45 15
16 46 70
16 47 51
16 48 81
16 49 78
16 50 71
16 51 54
16 52 45
16 53 3
16 54 77
16 55 53
16 56 38
16 57 36
16 58 47
16 59 84
16 60 9
16 61 64
16 62 107
16 63 13
16 64 84
16 65 33
16 66 101
16 67 51
16 68 14
16 69 63
16 70 81
16 71 6
16 72 21
16 73 68
16 74 43
16 75 75
16 76 80
16 77 38
16 78 9
16 79 49
16 80 51
16 81 57
16 82 58
16 83 7
16 84 32
16 85 22
16 86 78
16 87 99
16 88 35
16 89 19
16 90 80
16 91 68
16 92 66
16 93 16
16 94 70
16 95 33
16 96 74
16 97 72
16 98 23
16 99 84
17 18 73
17 19 13
17 20 21
17 21 91
17 22 68
17 23 58
17 24 47
17 25 71
17 26 61
17 27 52
17 28 44
17 29 25
17 30 40
17 31 47
17 32 63
17 33 64
17 34 89
17 35 65
17 36 23
17 37 63
17 38 70
17 39 92
17 40 47
17 41 26
17 42 92
17 43 65
17 44 86
17 45 43
17 46 46
17 47 13
17 48 32
17 49 48
17 50 28
17 51 13
17 52 68
17 53 53
17 54 59
17 55 14
17 56 54
17 57 38
17 58 20
17 59 63
17 60 61
17 61 12
17 62 92
17 63 39
17 64 51
17 65 57
17 66 84
17 67 27
17 68 53
17 69 14
17 70 54
17 71 58
17 72 39
17 73 79
17 74 28
17 75 77
17 76 51
17 77 43
17 78 59
17 79 17
17 80 58
17 81 68
17 82 80
17 83 50
17 84 45
17 85 46
17 86 62
17 87 82
17 88 46
17 89 68
17 90 85
17 91 18
17 92 23
17 93 51
17 94 84
17 95 38
17 96 57
17 97 27
17 98 45
17 99 33
18 19 72
18 20 52
18 21 97
18 22 5
18 23 117
18 24 49
18 25 4
18 26 106
18 27 57
18 28 85
18 29 74
18 30 96
18 31 61
18 32 120
18 33 102
18 34 66
18 35 45
18 36 67
18 37 38
18 38 25
18 39 20
18 40 100
18 41 96
18 42 93
18 43 96
18 44 96
18 45 98
18 46 28
18 47 86
18 48 59
18 49 26
18 50 50
18 51 61
18 52 67
18 53 94
18 54 17
18 55 87
18 56 61
18 57 58
18 58 57
18 59 11
18 60 100
18 61 74
18 62 20
18 63 90
18 64 26
18 65 119
18 66 12
18 67 49
18 68 85
18 69 81
18 70 20
18 71 99
18 72 74
18 73 50
18 74 55
18 75 37
18 76 23
18 77 56
18 78 104
18 79 90
18 80 50
18 81 51
18 82 66
18 83 89
18 84 110
18 85 73
18 86 17
18 87 10
18 88 60
18 89 97
18 90 43
18 91 80
18 92 53
18 93 82
18 94 55
18 95 62
18 96 21
18 97 53
18 98 72
18 99 73
19 20 21
19 21 103
19 22 67
19 23 70
19 24 55
19 25 69
19 26 74
19 27 61
19 28 57
19 29 12
19 30 53
19 31 57
19 32 75
19 33 77
19 34 97
19 35 72
19 36 11
19 37 68
19 38 73
19 39 91
19 40 60
19 41 37
19 42 103
19 43 78
19 44 98
19 45 55
19 46 46
19 47 20
19 48 22
19 49 45
19 50 22
19 51 17
19 52 78
19 53 66
19 54 59
19 55 20
19 56 63
19 57 48
19 58 27
19 59 63
19 60 73
19 61 3
19 62 91
19 63 52
19 64 47
19 65 68
19 66 83
19 67 32
19 68 65
19 69 9
19 70 52
19 71 71
19 72 51
19 73 85
19 74 36
19 75 81
19 76 49
19 77 52
19 78 72
19 79 25
19 80 66
19 81 75
19 82 89
19 83 63
19 84 57
19 85 58
19 86 64
19 87 81
19 88 56
19 89 80
19 90 90
19 91 9
19 92 18
19 93 64
19 94 91
19 95 48
19 96 59
19 97 20
19 98 56
19 99 20
20 21 90
20 22 47
20 23 74
20 24 37
20 25 50
20 26 72
20 27 45
20 28 51
20 29 28
20 30 54
20 31 42
20 32 79
20 33 72
20 34 78
20 35 52
20 36 22
20 37 48
20 38 52
20 39 71
20 40 60
20 41 47
20 42 89
20 43 70
20 44 86
20 45 56
20 46 26
20 47 34
20 48 22
20 49 27
20 50 11
20 51 9
20 52 62
20 53 62
20 54 39
20 55 35
20 56 48
20 57 33
20 58 14
20 59 43
20 60 69
20 61 23
20 62 71
20 63 50
20 64 30
20 65 75
20 66 63
20 67 14
20 68 57
20 69 29
20 70 33
20 71 67
20 72 42
20 73 66
20 74 21
20 75 61
20 76 30
20 77 36
20 78 70
20 79 39
20 80 48
20 81 57
20 82 71
20 83 57
20 84 64
20 85 47
20 86 43
20 87 61
20 88 41
20 89 73
20 90 69
20 91 30
20 92 6
20 93 55
20 94 71
20 95 35
20 96 38
20 97 12
20 98 45
20 99 32
21 22 95
21 23 75
21 24 55
21 25 99
21 26 53
21 27 46
21 28 51
21 29 114
21 30 66
21 31 48
21 32 73
21 33 43
21 34 37
21 35 52
21 36 110
21 37 59
21 38 72
21 39 98
21 40 63
21 41 89
21 42 6
21 43 34
21 44 6
21 45 65
21 46 84
21 47 96
21 48 112
21 49 94
21 50 99
21 51 87
21 52 31
21 53 48
21 54 83
21 55 98
21 56 42
21 57 56
21 58 77
21 59 88
21 60 45
21 61 103
21 62 99
21 63 61
21 64 99
21 65 81
21 66 97
21 67 76
21 68 41
21 69 105
21 70 93
21 71 47
21 72 53
21 73 49
21 74 68
21 75 62
21 76 93
21 77 53
21 78 52
21 79 95
21 80 49
21 81 45
21 82 32
21 83 47
21 84 82
21 85 45
21 86 80
21 87 97
21 88 49
21 89 32
21 90 62
21 91 109
21 92 96
21 93 41
21 94 47
21 95 55
21 96 79
21 97 101
21 98 47
21 99 121
22 23 113
22 24 46
22 25 3
22 26 103
22 27 55
22 28 81
22 29 69
22 30 91
22 31 58
22 32 116
22 33 99
22 34 66
22 35 44
22 36 62
22 37 37
22 38 25
22 39 25
22 40 96
22 41 92
22 42 92
22 43 93
22 44 95
22 45 94
22 46 23
22 47 81
22 48 53
22 49 21
22 50 45
22 51 56
22 52 65
22 53 91
22 54 14
22 55 82
22 56 58
22 57 55
22 58 53
22 59 8
22 60 97
22 61 69
22 62 25
22 63 86
22 64 21
22 65 115
22 66 17
22 67 45
22 68 81
22 69 75
22 70 15
22 71 96
22 72 71
22 73 50
22 74 50
22 75 38
22 76 17
22 77 53
22 78 100
22 79 85
22 80 48
22 81 50
22 82 65
22 83 85
22 84 106
22 85 70
22 86 15
22 87 15
22 88 57
22 89 94
22 90 44
22 91 75
22 92 48
22 93 79
22 94 56
22 95 58
22 96 18
22 97 48
22 98 69
22 99 68
23 24 71
23 25 116
23 26 23
23 27 67
23 28 36
23 29 81
23 30 22
23 31 61
23 32 6
23 33 32
23 34 97
23 35 86
23 36 81
23 37 89
23 38 103
23 39 131
23 40 18
23 41 34
23 42 80
23 43 42
23 44 69
23 45 20
23 46 91
23 47 51
23 48 90
23 49 97
23 50 84
23 51 66
23 52 73
23 53 30
23 54 100
23 55 52
23 56 66
23 57 60
23 58 63
23 59 106
23 60 31
23 61 68
23 62 132
23 63 28
23 64 102
23 65 6
23 66 125
23 67 70
23 68 42
23 69 65
23 70 101
23 71 29
23 72 45
23 73 96
23 74 63
23 75 102
23 76 99
23 77 63
23 78 24
23 79 47
23 80 78
23 81 84
23 82 87
23 83 35
23 84 14
23 85 49
23 86 101
23 87 123
23 88 61
23 89 43
23 90 108
23 91 70
23 92 78
23 93 44
23 94 98
23 95 57
23 96 97
23 97 83
23 98 49
23 99 89
24 25 50
24 26 58
24 27 10
24 28 36
24 29 64
24 30 50
24 31 12
24 32 73
24 33 53
24 34 42
24 35 18
24 36 59
24 37 19
24 38 31
24 39 60
24 40 54
24 41 60
24 42 54
24 43 47
24 44 53
24 45 52
24 46 29
24 47 57
24 48 58
24 49 39
24 50 45
24 51 38
24 52 25
24 53 46
24 54 32
24 55 59
24 56 13
24 57 12
24 58 28
24 59 38
24 60 51
24 61 56
24 62 61
24 63 44
24 64 45
24 65 75
24 66 55
24 67 24
24 68 35
24 69 60
24 70 40
24 71 50
24 72 27
24 73 32
24 74 19
24 75 32
24 76 39
24 77 8
24 78 55
24 79 59
24 80 11
24 81 21
24 82 34
24 83 40
24 84 67
24 85 24
24 86 32
24 87 53
24 88 11
24 89 48
24 90 40
24 91 63
24 92 43
24 93 33
24 94 37
24 95 15
24 96 29
24 97 47
24 98 23
24 99 69
25 26 106
25 27 58
25 28 84
25 29 70
25 30 95
25 31 61
25 32 119
25 33 103
25 34 69
25 35 47
25 36 64
25 37 40
25 38 27
25 39 24
25 40 99
25 41 95
25 42 95
25 43 96
25 44 98
25 45 97
25 46 26
25 47 84
25 48 55
25 49 23
25 50 47
25 51 58
25 52 68
25 53 94
25 54 17
25 55 85
25 56 62
25 57 58
25 58 56
25 59 11
25 60 100
25 61 71
25 62 24
25 63 89
25 64 22
25 65 118
25 66 16
25 67 48
25 68 85
25 69 78
25 70 17
25 71 99
25 72 74
25 73 53
25 74 54
25 75 40
25 76 20
25 77 57
25 78 104
25 79 88
25 80 51
25 81 53
25 82 68
25 83 89
25 84 109
25 85 74
25 86 18
25 87 14
25 88 61
25 89 98
25 90 46
25 91 77
25 92 50
25 93 82
25 94 58
25 95 61
25 96 21
25 97 49
25 98 72
25 99 70
26 27 51
26 28 22
26 29 85
26 30 21
26 31 46
26 32 20
26 33 10
26 34 76
26 35 70
26 36 84
26 37 74
26 38 88
26 39 117
26 40 15
26 41 45
26 42 57
26 43 19
26 44 47
26 45 19
26 46 82
26 47 58
26 48 91
26 49 90
26 50 82
26 51 64
26 52 53
26 53 12
26 54 89
26 55 60
26 56 49
26 57 48
26 58 58
26 59 95
26 60 9
26 61 73
26 62 118
26 63 22
26 64 95
26 65 29
26 66 113
26 67 63
26 68 23
26 69 72
26 70 93
26 71 8
26 72 32
26 73 78
26 74 55
26 75 85
26 76 91
26 77 50
26 78 2
26 79 56
26 80 62
26 81 66
26 82 66
26 83 18
26 84 31
26 85 33
26 86 89
26 87 111
26 88 47
26 89 21
26 90 90
26 91 76
26 92 77
26 93 26
26 94 79
26 95 45
26 96 85
26 97 82
26 98 34
26 99 94
27 28 32
27 29 71
27 30 47
27 31 7
27 32 68
27 33 46
27 34 37
27 35 19
27 36 66
27 37 22
27 38 37
27 39 66
27 40 49
27 41 61
27 42 45
27 43 38
27 44 43
27 45 49
27 46 39
27 47 61
27 48 67
27 49 49
27 50 54
27 51 45
27 52 17
27 53 39
27 54 41
27 55 63
27 56 3
27 57 14
27 58 34
27 59 47
27 60 44
27 61 62
27 62 67
27 63 41
27 64 55
27 65 71
27 66 62
27 67 32
27 68 28
27 69 66
27 70 49
27 71 44
27 72 24
27 73 30
27 74 25
27 75 35
27 76 48
27 77 10
27 78 49
27 79 62
27 80 10
27 81 18
27 82 28
27 83 34
27 84 65
27 85 19
27 86 40
27 87 61
27 88 7
27 89 40
27 90 41
27 91 69
27 92 52
27 93 26
27 94 34
27 95 15
27 96 37
27 97 56
27 98 18
27 99 77
28 29 69
28 30 17
28 31 26
28 32 37
28 33 21
28 34 63
28 35 51
28 36 66
28 37 54
28 38 68
28 39 96
28 40 18
28 41 38
28 42 53
28 43 21
28 44 45
28 45 18
28 46 60
28 47 46
28 48 72
28 49 68
28 50 62
28 51 45
28 52 39
28 53 11
28 54 67
28 55 48
28 56 30
28 57 26
28 58 37
28 59 73
28 60 18
28 61 57
28 62 97
28 63 12
28 64 74
28 65 40
28 66 91
28 67 42
28 68 10
28 69 57
28 70 71
28 71 16
28 72 10
28 73 60
28 74 33
28 75 66
28 76 69
28 77 28
28 78 20
28 79 45
28 80 42
28 81 49
28 82 52
28 83 6
28 84 36
28 85 13
28 86 68
28 87 89
28 88 26
28 89 23
28 90 72
28 91 62
28 92 57
28 93 10
28 94 63
28 95 23
28 96 64
28 97 63
28 98 14
28 99 77
29 30 65
29 31 67
29 32 86
29 33 89
29 34 106
29 35 80
29 36 7
29 37 76
29 38 78
29 39 94
29 40 71
29 41 47
29 42 114
29 43 90
29 44 109
29 45 67
29 46 51
29 47 30
29 48 17
29 49 48
29 50 24
29 51 27
29 52 88
29 53 78
29 54 63
29 55 29
29 56 74
29 57 58
29 58 37
29 59 66
29 60 85
29 61 13
29 62 94
29 63 64
29 64 48
29 65 79
29 66 86
29 67 41
29 68 77
29 69 16
29 70 54
29 71 83
29 72 63
29 73 94
29 74 46
29 75 88
29 76 52
29 77 62
29 78 84
29 79 35
29 80 75
29 81 84
29 82 98
29 83 75
29 84 67
29 85 69
29 86 68
29 87 83
29 88 66
29 89 92
29 90 97
29 91 11
29 92 23
29 93 75
29 94 99
29 95 59
29 96 64
29 97 21
29 98 67
29 99 9
30 31 41
30 32 25
30 33 27
30 34 80
30 35 66
30 36 64
30 37 69
30 38 81
30 39 109
30 40 7
30 41 24
30 42 69
30 43 33
30 44 60
30 45 2
30 46 69
30 47 37
30 48 72
30 49 76
30 50 64
30 51 46
30 52 56
30 53 18
30 54 78
30 55 39
30 56 46
30 57 39
30 58 42
30 59 84
30 60 24
30 61 52
30 62 110
30 63 6
30 64 81
30 65 24
30 66 104
30 67 48
30 68 26
30 69 51
30 70 80
30 71 21
30 72 24
30 73 77
30 74 41
30 75 82
30 76 78
30 77 42
30 78 20
30 79 34
30 80 58
30 81 65
30 82 70
30 83 20
30 84 18
30 85 30
30 86 80
30 87 102
30 88 41
30 89 35
30 90 88
30 91 55
30 92 59
30 93 27
30 94 80
30 95 36
30 96 75
30 97 64
30 98 30
30 99 73
31 32 62
31 33 42
31 34 43
31 35 25
31 36 62
31 37 28
31 38 42
31 39 71
31 40 43
31 41 54
31 42 47
31 43 35
31 44 44
31 45 42
31 46 40
31 47 55
31 48 64
31 49 49
31 50 51
31 51 40
31 52 21
31 53 34
31 54 44
31 55 57
31 56 7
31 57 9
31 58 30
31 59 50
31 60 39
31 61 57
31 62 72
31 63 35
31 64 55
31 65 65
31 66 67
31 67 29
31 68 24
31 69 61
31 70 51
31 71 39
31 72 17
31 73 37
31 74 21
31 75 41
31 76 49
31 77 6
31 78 44
31 79 56
31 80 17
31 81 25
31 82 34
31 83 29
31 84 59
31 85 13
31 86 44
31 87 65
31 88 1
31 89 37
31 90 47
31 91 64
31 92 48
31 93 21
31 94 41
31 95 9
31 96 40
31 97 53
31 98 12
31 99 74
32 33 30
32 34 96
32 35 87
32 36 86
32 37 90
32 38 104
32 39 133
32 40 20
32 41 40
32 42 78
32 43 40
32 44 66
32 45 23
32 46 94
32 47 56
32 48 95
32 49 101
32 50 88
32 51 70
32 52 73
32 53 30
32 54 103
32 55 58
32 56 66
32 57 62
32 58 67
32 59 109
32 60 29
32 61 74
32 62 134
32 63 30
32 64 106
32 65 11
32 66 127
32 67 73
32 68 41
32 69 71
32 70 105
32 71 27
32 72 46
32 73 96
32 74 66
32 75 103
32 76 103
32 77 65
32 78 22
32 79 52
32 80 79
32 81 85
32 82 86
32 83 35
32 84 20
32 85 50
32 86 104
32 87 126
32 88 63
32 89 41
32 90 108
32 91 76
32 92 83
32 93 44
32 94 98
32 95 59
32 96 99
32 97 88
32 98 50
32 99 95
33 34 68
33 35 64
33 36 87
33 37 68
33 38 83
33 39 112
33 40 22
33 41 51
33 42 48
33 43 10
33 44 37
33 45 26
33 46 80
33 47 63
33 48 93
33 49 88
33 50 83
33 51 66
33 52 46
33 53 11
33 54 85
33 55 65
33 56 43
33 57 45
33 58 58
33 59 92
33 60 3
33 61 76
33 62 113
33 63 26
33 64 94
33 65 38
33 66 108
33 67 62
33 68 18
33 69 76
33 70 91
33 71 6
33 72 31
33 73 70
33 74 54
33 75 79
33 76 89
33 77 46
33 78 9
33 79 61
33 80 56
33 81 60
33 82 58
33 83 15
33 84 40
33 85 29
33 86 85
33 87 106
33 88 42
33 89 11
33 90 83
33 91 81
33 92 78
33 93 21
33 94 71
33 95 42
33 96 82
33 97 83
33 98 31
33 99 97
34 35 27
34 36 100
34 37 33
34 38 42
34 39 63
34 40 80
34 41 97
34 42 32
34 43 57
34 44 40
34 45 81
34 46 63
34 47 98
34 48 99
34 49 72
34 50 85
34 51 80
34 52 24
34 53 66
34 54 57
34 55 100
34 56 36
34 57 51
34 58 70
34 59 60
34 60 67
34 61 98
34 62 64
34 63 74
34 64 77
34 65 102
34 66 64
34 67 65
34 68 55
34 69 102
34 70 69
34 71 68
34 72 58
34 73 16
34 74 61
34 75 29
34 76 69
34 77 46
34 78 74
34 79 99
34 80 31
34 81 22
34 82 10
34 83 62
34 84 98
34 85 51
34 86 53
34 87 64
34 88 44
34 89 57
34 90 26
34 91 105
34 92 84
34 93 53
34 94 11
34 95 51
34 96 53
34 97 88
34 98 51
34 99 111
35 36 74
35 37 7
35 38 21
35 39 49
35 40 69
35 41 78
35 42 48
35 43 55
35 44 51
35 45 68
35 46 36
35 47 76
35 48 72
35 49 45
35 50 59
35 51 55
35 52 22
35 53 58
35 54 32
35 55 77
35 56 21
35 57 30
35 58 46
35 59 37
35 60 62
35 61 73
35 62 50
35 63 60
35 64 51
35 65 90
35 66 47
35 67 40
35 68 47
35 69 78
35 70 43
35 71 62
35 72 43
35 73 14
35 74 37
35 75 16
35 76 43
35 77 25
35 78 68
35 79 78
35 80 9
35 81 6
35 82 22
35 83 53
35 84 84
35 85 38
35 86 29
35 87 46
35 88 25
35 89 56
35 90 22
35 91 80
35 92 58
35 93 44
35 94 19
35 95 32
35 96 28
35 97 61
35 98 37
35 99 84
36 37 70
36 38 72
36 39 87
36 40 70
36 41 48
36 42 110
36 43 87
36 44 105
36 45 66
36 46 44
36 47 31
36 48 12
36 49 41
36 50 18
36 51 22
36 52 83
36 53 76
36 54 57
36 55 31
36 56 69
36 57 53
36 58 33
36 59 59
36 60 83
36 61 13
36 62 87
36 63 62
36 64 42
36 65 80
36 66 79
36 67 35
36 68 74
36 69 18
36 70 47
36 71 80
36 72 59
36 73 88
36 74 41
36 75 82
36 76 45
36 77 57
36 78 82
36 79 36
36 80 69
36 81 78
36 82 93
36 83 72
36 84 68
36 85 65
36 86 62
36 87 77
36 88 61
36 89 89
36 90 90
36 91 15
36 92 16
36 93 72
36 94 93
36 95 55
36 96 57
36 97 15
36 98 64
36 99 11
37 38 15
37 39 44
37 40 71
37 41 78
37 42 55
37 43 60
37 44 58
37 45 70
37 46 30
37 47 74
37 48 67
37 49 39
37 50 54
37 51 52
37 52 28
37 53 62
37 54 25
37 55 76
37 56 25
37 57 31
37 58 43
37 59 30
37 60 66
37 61 70
37 62 45
37 63 62
37 64 44
37 65 93
37 66 41
37 67 37
37 68 51
37 69 75
37 70 37
37 71 66
37 72 45
37 73 18
37 74 35
37 75 14
37 76 37
37 77 26
37 78 72
37 79 77
37 80 13
37 81 13
37 82 29
37 83 56
37 84 86
37 85 41
37 86 22
37 87 39
37 88 28
37 89 61
37 90 22
37 91 77
37 92 54
37 93 48
37 94 24
37 95 33
37 96 21
37 97 57
37 98 40
37 99 80
38 39 29
38 40 85
38 41 88
38 42 68
38 43 75
38 44 72
38 45 83
38 46 28
38 47 82
38 48 66
38 49 34
38 50 54
38 51 58
38 52 43
38 53 76
38 54 17
38 55 83
38 56 40
38 57 43
38 58 51
38 59 19
38 60 81
38 61 75
38 62 30
38 63 75
38 64 38
38 65 106
38 66 26
38 67 43
38 68 65
38 69 80
38 70 30
38 71 81
38 72 58
38 73 26
38 74 44
38 75 13
38 76 31
38 77 39
38 78 86
38 79 85
38 80 28
38 81 27
38 82 41
38 83 71
38 84 98
38 85 55
38 86 12
38 87 25
38 88 42
38 89 76
38 90 21
38 91 81
38 92 56
38 93 63
38 94 31
38 95 46
38 96 15
38 97 57
38 98 54
38 99 81
39 40 113
39 41 113
39 42 93
39 43 104
39 44 99
39 45 111
39 46 45
39 47 104
39 48 79
39 49 46
39 50 70
39 51 79
39 52 71
39 53 105
39 54 33
39 55 105
39 56 69
39 57 71
39 58 74
39 59 28
39 60 110
39 61 94
39 62 2
39 63 103
39 64 46
39 65 133
39 66 8
39 67 66
39 68 94
39 69 100
39 70 40
39 71 109
39 72 86
39 73 49
39 74 70
39 75 36
39 76 42
39 77 68
39 78 115
39 79 108
39 80 56
39 81 54
39 82 65
39 83 99
39 84 125
39 85 84
39 86 30
39 87 11
39 88 70
39 89 105
39 90 37
39 91 100
39 92 73
39 93 91
39 94 52
39 95 74
39 96 35
39 97 73
39 98 83
39 99 94
40 41 30
40 42 67
40 43 29
40 44 57
40 45 5
40 46 74
40 47 44
40 48 78
40 49 81
40 50 70
40 51 52
40 52 56
40 53 15
40 54 83
40 55 46
40 56 48
40 57 42
40 58 48
40 59 89
40 60 19
40 61 59
40 62 114
40 63 10
40 64 86
40 65 22
40 66 108
40 67 54
40 68 25
40 69 57
40 70 85
40 71 16
40 72 27
40 73 79
40 74 46
40 75 84
40 76 83
40 77 45
40 78 14
40 79 41
40 80 60
40 81 67
40 82 70
40 83 18
40 84 19
40 85 31
40 86 84
40 87 106
40 88 44
40 89 31
40 90 90
40 91 62
40 92 65
40 93 27
40 94 81
40 95 39
40 96 80
40 97 70
40 98 31
40 99 80
41 42 91
41 43 56
41 44 83
41 45 26
41 46 69
41 47 17
41 48 58
41 49 72
41 50 54
41 51 37
41 52 73
41 53 42
41 54 80
41 55 18
41 56 61
41 57 48
41 58 39
41 59 86
41 60 48
41 61 35
41 62 114
41 63 27
41 64 76
41 65 32
41 66 106
41 67 47
41 68 48
41 69 31
41 70 78
41 71 45
41 72 39
41 73 91
41 74 44
41 75 92
41 76 76
41 77 53
41 78 44
41 79 12
41 80 70
41 81 79
41 82 87
41 83 42
41 84 20
41 85 47
41 86 83
41 87 104
41 88 54
41 89 59
41 90 100
41 91 36
41 92 49
41 93 48
41 94 95
41 95 46
41 96 78
41 97 53
41 98 46
41 99 55
42 43 38
42 44 11
42 45 69
42 46 82
42 47 98
42 48 111
42 49 92
42 50 98
42 51 87
42 52 29
42 53 52
42 54 80
42 55 100
42 56 41
42 57 56
42 58 77
42 59 85
42 60 49
42 61 104
42 62 95
42 63 65
42 64 97
42 65 86
42 66 93
42 67 76
42 68 44
42 69 106
42 70 91
42 71 52
42 72 54
42 73 45
42 74 68
42 75 58
42 76 90
42 77 53
42 78 56
42 79 97
42 80 46
42 81 42
42 82 28
42 83 50
42 84 86
42 85 47
42 86 77
42 87 92
42 88 48
42 89 37
42 90 57
42 91 110
42 92 96
42 93 44
42 94 42
42 95 55
42 96 76
42 97 100
42 98 48
42 99 121
43 44 28
43 45 32
43 46 74
43 47 67
43 48 92
43 49 83
43 50 81
43 51 65
43 52 36
43 53 14
43 54 79
43 55 69
43 56 35
43 57 40
43 58 56
43 59 85
43 60 11
43 61 77
43 62 105
43 63 29
43 64 89
43 65 48
43 66 100
43 67 59
43 68 13
43 69 78
43 70 85
43 71 13
43 72 28
43 73 61
43 74 50
43 75 70
43 76 84
43 77 40
43 78 18
43 79 65
43 80 47
43 81 51
43 82 48
43 83 15
43 84 48
43 85 24
43 86 78
43 87 99
43 88 36
43 89 3
43 90 74
43 91 82
43 92 76
43 93 16
43 94 62
43 95 37
43 96 75
43 97 82
43 98 26
43 99 97
44 45 59
44 46 82
44 47 90
44 48 108
44 49 91
44 50 95
44 51 83
44 52 29
44 53 42
44 54 82
44 55 93
44 56 39
44 57 53
44 58 73
44 59 87
44 60 39
44 61 98
44 62 100
44 63 56
44 64 97
44 65 75
44 66 97
44 67 73
44 68 35
44 69 100
44 70 91
44 71 41
44 72 48
44 73 50
44 74 65
44 75 63
44 76 91
44 77 50
44 78 46
44 79 90
44 80 47
44 81 45
44 82 34
44 83 41
44 84 76
44 85 40
44 86 79
44 87 97
44 88 45
44 89 26
44 90 63
44 91 104
44 92 92
44 93 36
44 94 48
44 95 51
44 96 78
44 97 97
44 98 42
44 99 116
45 46 71
45 47 39
45 48 74
45 49 78
45 50 66
45 51 48
45 52 57
45 53 18
45 54 80
45 55 41
45 56 47
45 57 40
45 58 44
45 59 86
45 60 23
45 61 54
45 62 112
45 63 8
45 64 83
45 65 23
45 66 106
45 67 50
45 68 26
45 69 53
45 70 82
45 71 20
45 72 25
45 73 78
45 74 43
45 75 83
45 76 80
45 77 44
45 78 18
45 79 36
45 80 59
45 81 66
45 82 70
45 83 19
45 84 18
45 85 31
45 86 82
45 87 104
45 88 42
45 89 34
45 90 89
45 91 58
45 92 61
45 93 27
45 94 81
45 95 37
45 96 77
45 97 66
45 98 31
45 99 76
46 47 59
46 48 39
46 49 10
46 50 27
46 51 33
46 52 53
46 53 70
46 54 13
46 55 60
46 56 42
46 57 35
46 58 30
46 59 17
46 60 77
46 61 49
46 62 46
46 63 64
46 64 16
46 65 93
46 66 38
46 67 22
46 68 62
46 69 55
46 70 11
46 71 75
46 72 50
46 73 48
46 74 28
46 75 39
46 76 10
46 77 34
46 78 80
46 79 63
46 80 35
46 81 42
46 82 58
46 83 65
46 84 83
46 85 51
46 86 17
46 87 36
46 88 39
46 89 76
46 90 47
46 91 55
46 92 28
46 93 59
46 94 53
46 95 38
46 96 13
46 97 30
46 98 49
46 99 53
47 48 42
47 49 61
47 50 40
47 51 25
47 52 76
47 53 53
47 54 71
47 55 2
47 56 62
47 57 47
47 58 31
47 59 76
47 60 60
47 61 18
47 62 105
47 63 38
47 64 64
47 65 49
47 66 97
47 67 39
47 68 56
47 69 14
47 70 67
47 71 57
47 72 43
47 73 89
47 74 39
47 75 88
47 76 64
47 77 52
47 78 57
47 79 5
47 80 68
47 81 78
47 82 88
47 83 52
47 84 37
47 85 51
47 86 75
47 87 95
47 88 54
47 89 69
47 90 96
47 91 19
47 92 35
47 93 55
47 94 94
47 95 46
47 96 70
47 97 38
47 98 50
47 99 39
48 49 33
48 50 13
48 51 27
48 52 84
48 53 82
48 54 50
48 55 42
48 56 70
48 57 55
48 58 36
48 59 52
48 60 90
48 61 24
48 62 79
48 63 69
48 64 33
48 65 89
48 66 71
48 67 36
48 68 79
48 69 30
48 70 39
48 71 87
48 72 64
48 73 85
48 74 43
48 75 78
48 76 37
48 77 58
48 78 89
48 79 47
48 80 68
48 81 77
48 82 92
48 83 78
48 84 78
48 85 69
48 86 55
48 87 68
48 88 63
48 89 94
48 90 86
48 91 27
48 92 16
48 93 77
48 94 91
48 95 57
48 96 51
48 97 11
48 98 67
48 99 15
49 50 24
49 51 36
49 52 63
49 53 79
49 54 17
49 55 61
49 56 52
49 57 43
49 58 35
49 59 18
49 60 85
49 61 48
49 62 46
49 63 71
49 64 6
49 65 98
49 66 38
49 67 28
49 68 71
49 69 54
49 70 6
49 71 84
49 72 58
49 73 56
49 74 35
49 75 47
49 76 4
49 77 44
49 78 88
49 79 65
49 80 45
49 81 51
49 82 67
49 83 73
49 84 88
49 85 60
49 86 23
49 87 36
49 88 48
49 89 85
49 90 55
49 91 54
49 92 27
49 93 68
49 94 62
49 95 46
49 96 19
49 97 26
49 98 58
49 99 48
50 51 18
50 52 70
50 53 72
50 54 39
50 55 40
50 56 57
50 57 43
50 58 24
50 59 42
50 60 79
50 61 25
50 62 70
50 63 61
50 64 25
50 65 84
50 66 62
50 67 23
50 68 68
50 69 31
50 70 30
50 71 77
50 72 53
50 73 72
50 74 31
50 75 65
50 76 28
50 77 46
50 78 80
50 79 45
50 80 55
50 81 64
50 82 79
50 83 68
50 84 73
50 85 58
50 86 44
50 87 59
50 88 50
50 89 83
50 90 73
50 91 30
50 92 5
50 93 65
50 94 77
50 95 45
50 96 39
50 97 3
50 98 56
50 99 26
51 52 61
51 53 55
51 54 46
51 55 26
51 56 47
51 57 31
51 58 10
51 59 51
51 60 62
51 61 18
51 62 79
51 63 43
51 64 39
51 65 66
51 66 72
51 67 15
51 68 52
51 69 23
51 70 41
51 71 60
51 72 37
51 73 69
51 74 20
51 75 65
51 76 39
51 77 35
51 78 62
51 79 30
51 80 49
51 81 58
51 82 72
51 83 51
51 84 55
51 85 43
51 86 50
51 87 69
51 88 39
51 89 67
51 90 74
51 91 25
51 92 13
51 93 50
51 94 74
51 95 32
51 96 45
51 97 18
51 98 41
51 99 34
52 53 43
52 54 52
52 55 78
52 56 14
52 57 30
52 58 51
52 59 58
52 60 45
52 61 79
52 62 72
52 63 50
52 64 69
52 65 78
52 66 69
52 67 48
52 68 31
52 69 82
52 70 62
52 71 46
52 72 34
52 73 25
52 74 42
52 75 35
52 76 62
52 77 26
52 78 51
52 79 77
52 80 18
52 81 16
52 82 14
52 83 38
52 84 74
52 85 27
52 86 50
52 87 68
52 88 22
52 89 36
52 90 38
52 91 85
52 92 68
52 93 30
52 94 26
52 95 30
52 96 48
52 97 73
52 98 27
52 99 94
53 54 77
53 55 55
53 56 37
53 57 36
53 58 48
53 59 83
53 60 7
53 61 66
53 62 106
53 63 15
53 64 84
53 65 36
53 66 101
53 67 52
53 68 12
53 69 65
53 70 82
53 71 5
53 72 21
53 73 67
53 74 44
53 75 74
53 76 80
53 77 38
53 78 10
53 79 51
53 80 50
53 81 55
53 82 56
53 83 6
53 84 34
53 85 21
53 86 78
53 87 99
53 88 35
53 89 17
53 90 79
53 91 70
53 92 67
53 93 14
53 94 69
53 95 33
53 96 74
53 97 73
53 98 22
53 99 86
54 55 72
54 56 45
54 57 41
54 58 41
54 59 6
54 60 83
54 61 61
54 62 34
54 63 73
54 64 21
54 65 102
54 66 26
54 67 33
54 68 68
54 69 67
54 70 13
54 71 82
54 72 57
54 73 41
54 74 38
54 75 30
54 76 14
54 77 39
54 78 87
54 79 75
54 80 35
54 81 38
54 82 54
54 83 71
54 84 93
54 85 56
54 86 5
54 87 24
54 88 43
54 89 81
54 90 38
54 91 68
54 92 41
54 93 65
54 94 47
54 95 44
54 96 4
54 97 42
54 98 55
54 99 65
55 56 64
55 57 49
55 58 33
55 59 77
55 60 62
55 61 18
55 62 106
55 63 40
55 64 64
55 65 50
55 66 98
55 67 40
55 68 58
55 69 13
55 70 67
55 71 59
55 72 46
55 73 91
55 74 41
55 75 90
55 76 65
55 77 54
55 78 59
55 79 6
55 80 70
55 81 79
55 82 90
55 83 54
55 84 38
55 85 53
55 86 76
55 87 96
55 88 56
55 89 71
55 90 98
55 91 18
55 92 35
55 93 57
55 94 96
55 95 48
55 96 71
55 97 39
55 98 52
55 99 37
56 57 16
56 58 37
56 59 51
56 60 41
56 61 64
56 62 70
56 63 40
56 64 58
56 65 70
56 66 65
56 67 34
56 68 26
56 69 68
56 70 53
56 71 41
56 72 23
56 73 31
56 74 27
56 75 37
56 76 52
56 77 12
56 78 47
56 79 63
56 80 13
56 81 19
56 82 26
56 83 32
56 84 64
56 85 17
56 86 43
56 87 64
56 88 8
56 89 36
56 90 42
56 91 71
56 92 54
56 93 23
56 94 34
56 95 16
56 96 41
56 97 59
56 98 17
56 99 80
57 58 21
57 59 47
57 60 42
57 61 49
57 62 72
57 63 33
57 64 49
57 65 63
57 66 65
57 67 20
57 68 28
57 69 52
57 70 46
57 71 41
57 72 16
57 73 43
57 74 12
57 75 44
57 76 44
57 77 5
57 78 46
57 79 49
57 80 22
57 81 31
57 82 42
57 83 31
57 84 55
57 85 16
57 86 42
57 87 64
57 88 8
57 89 42
57 90 52
57 91 55
57 92 40
57 93 25
57 94 47
57 95 3
57 96 38
57 97 45
57 98 15
57 99 65
58 59 46
58 60 55
58 61 28
58 62 75
58 63 37
58 64 39
58 65 64
58 66 67
58 67 8
58 68 43
58 69 32
58 70 39
58 71 53
58 72 28
58 73 59
58 74 9
58 75 57
58 76 37
58 77 25
58 78 56
58 79 35
58 80 39
58 81 49
58 82 62
58 83 43
58 84 54
58 85 34
58 86 44
58 87 65
58 88 29
58 89 59
58 90 65
58 91 35
58 92 20
58 93 41
58 94 64
58 95 22
58 96 39
58 97 25
58 98 32
58 99 44
59 60 89
59 61 65
59 62 29
59 63 79
59 64 20
59 65 108
59 66 21
59 67 39
59 68 74
59 69 71
59 70 12
59 71 88
59 72 63
59 73 44
59 74 43
59 75 33
59 76 14
59 77 46
59 78 93
59 79 80
59 80 40
59 81 43
59 82 58
59 83 78
59 84 99
59 85 63
59 86 8
59 87 19
59 88 49
59 89 87
59 90 39
59 91 71
59 92 44
59 93 71
59 94 50
59 95 51
59 96 10
59 97 45
59 98 61
59 99 67
60 61 73
60 62 111
60 63 22
60 64 91
60 65 37
60 66 106
60 67 59
60 68 16
60 69 73
60 70 88
60 71 3
60 72 28
60 73 69
60 74 51
60 75 77
60 76 86
60 77 44
60 78 7
60 79 58
60 80 54
60 81 58
60 82 58
60 83 12
60 84 38
60 85 27
60 86 83
60 87 104
60 88 40
60 89 13
60 90 82
60 91 77
60 92 75
60 93 18
60 94 71
60 95 39
60 96 79
60 97 80
60 98 28
60 99 94
61 62 94
61 63 51
61 64 50
61 65 67
61 66 86
61 67 33
61 68 65
61 69 6
61 70 54
61 71 70
61 72 51
61 73 87
61 74 37
61 75 83
61 76 52
61 77 53
61 78 71
61 79 23
61 80 67
61 81 77
61 82 90
61 83 63
61 84 55
61 85 58
61 86 66
61 87 83
61 88 57
61 89 80
61 90 92
61 91 7
61 92 21
61 93 64
61 94 92
61 95 49
61 96 61
61 97 23
61 98 56
61 99 21
62 63 104
62 64 46
62 65 134
62 66 8
62 67 67
62 68 95
62 69 100
62 70 40
62 71 110
62 72 87
62 73 50
62 74 70
62 75 37
62 76 42
62 77 69
62 78 116
62 79 109
62 80 57
62 81 56
62 82 67
62 83 100
62 84 126
62 85 85
62 86 31
62 87 11
62 88 71
62 89 106
62 90 39
62 91 100
62 92 73
62 93 93
62 94 54
62 95 75
62 96 36
62 97 73
62 98 84
62 99 94
63 64 76
63 65 31
63 66 98
63 67 43
63 68 21
63 69 50
63 70 75
63 71 19
63 72 18
63 73 71
63 74 36
63 75 75
63 76 73
63 77 36
63 78 20
63 79 36
63 80 51
63 81 59
63 82 64
63 83 15
63 84 24
63 85 23
63 86 74
63 87 96
63 88 35
63 89 32
63 90 82
63 91 55
63 92 55
63 93 21
63 94 74
63 95 30
63 96 69
63 97 61
63 98 23
63 99 72
64 65 103
64 66 38
64 67 33
64 68 77
64 69 56
64 70 8
64 71 89
64 72 63
64 73 61
64 74 41
64 75 51
64 76 7
64 77 49
64 78 93
64 79 68
64 80 51
64 81 57
64 82 73
64 83 79
64 84 93
64 85 65
64 86 26
64 87 35
64 88 54
64 89 91
64 90 59
64 91 55
64 92 29
64 93 74
64 94 67
64 95 52
64 96 23
64 97 28
64 98 64
64 99 48
65 66 128
65 67 71
65 68 47
65 69 63
65 70 103
65 71 35
65 72 48
65 73 101
65 74 65
65 75 106
65 76 101
65 77 67
65 78 30
65 79 44
65 80 82
65 81 89
65 82 92
65 83 40
65 84 12
65 85 53
65 86 104
65 87 126
65 88 65
65 89 49
65 90 112
65 91 68
65 92 78
65 93 48
65 94 103
65 95 60
65 96 99
65 97 83
65 98 53
65 99 87
66 67 59
66 68 90
66 69 92
66 70 32
66 71 105
66 72 81
66 73 49
66 74 63
66 75 35
66 76 34
66 77 63
66 78 110
66 79 101
66 80 53
66 81 53
66 82 65
66 83 95
66 84 119
66 85 79
66 86 24
66 87 3
66 88 66
66 89 101
66 90 38
66 91 92
66 92 65
66 93 87
66 94 53
66 95 69
66 96 29
66 97 65
66 98 78
66 99 85
67 68 46
67 69 38
67 70 32
67 71 57
67 72 32
67 73 54
67 74 9
67 75 50
67 76 30
67 77 23
67 78 61
67 79 42
67 80 34
67 81 44
67 82 58
67 83 47
67 84 61
67 85 35
67 86 36
67 87 57
67 88 28
67 89 61
67 90 58
67 91 40
67 92 20
67 93 43
67 94 59
67 95 23
67 96 31
67 97 25
67 98 33
67 99 46
68 69 66
68 70 73
68 71 15
68 72 15
68 73 55
68 74 37
68 75 62
68 76 72
68 77 28
68 78 21
68 79 55
68 80 38
68 81 44
68 82 45
68 83 7
68 84 44
68 85 11
68 86 67
68 87 89
68 88 24
68 89 15
68 90 67
68 91 70
68 92 63
68 93 3
68 94 57
68 95 24
68 96 64
68 97 69
68 98 13
68 99 85
69 70 61
69 71 70
69 72 53
69 73 92
69 74 42
69 75 88
69 76 58
69 77 56
69 78 70
69 79 19
69 80 72
69 81 81
69 82 94
69 83 63
69 84 52
69 85 60
69 86 72
69 87 90
69 88 60
69 89 81
69 90 97
69 91 5
69 92 27
69 93 65
69 94 97
69 95 52
69 96 67
69 97 29
69 98 58
69 99 24
70 71 86
70 72 61
70 73 53
70 74 39
70 75 43
70 76 2
70 77 45
70 78 91
70 79 71
70 80 44
70 81 50
70 82 65
70 83 76
70 84 93
70 85 62
70 86 18
70 87 29
70 88 50
70 89 87
70 90 50
70 91 60
70 92 33
70 93 70
70 94 59
70 95 49
70 96 16
70 97 33
70 98 60
70 99 54
71 72 26
71 73 70
71 74 49
71 75 77
71 76 85
71 77 43
71 78 6
71 79 55
71 80 54
71 81 59
71 82 59
71 83 10
71 84 35
71 85 26
71 86 82
71 87 103
71 88 39
71 89 15
71 90 82
71 91 74
71 92 72
71 93 18
71 94 71
71 95 38
71 96 78
71 97 78
71 98 27
71 99 91
72 73 54
72 74 23
72 75 58
72 76 59
72 77 19
72 78 30
72 79 43
72 80 34
72 81 41
72 82 48
72 83 15
72 84 42
72 85 8
72 86 58
72 87 79
72 88 17
72 89 30
72 90 64
72 91 57
72 92 48
72 93 13
72 94 57
72 95 13
72 96 54
72 97 54
72 98 7
72 99 70
73 74 50
73 75 13
73 76 54
73 77 38
73 78 75
73 79 91
73 80 21
73 81 12
73 82 17
73 83 61
73 84 95
73 85 48
73 86 37
73 87 48
73 88 37
73 89 61
73 90 13
73 91 94
73 92 71
73 93 53
73 94 6
73 95 44
73 96 38
73 97 74
73 98 47
73 99 98
74 75 49
74 76 37
74 77 16
74 78 53
74 79 42
74 80 30
74 81 39
74 82 52
74 83 39
74 84 56
74 85 27
74 86 40
74 87 61
74 88 20
74 89 53
74 90 57
74 91 44
74 92 28
74 93 35
74 94 55
74 95 14
74 96 35
74 97 33
74 98 25
74 99 53
75 76 44
75 77 40
75 78 83
75 79 91
75 80 24
75 81 19
75 82 30
75 83 68
75 84 99
75 85 53
75 86 25
75 87 35
75 88 41
75 89 71
75 90 9
75 91 90
75 92 65
75 93 60
75 94 18
75 95 47
75 96 27
75 97 68
75 98 53
75 99 91
76 77 44
76 78 89
76 79 69
76 80 44
76 81 50
76 82 66
76 83 74
76 84 91
76 85 60
76 86 19
76 87 32
76 88 48
76 89 86
76 90 52
76 91 58
76 92 31
76 93 69
76 94 60
76 95 47
76 96 16
76 97 30
76 98 59
76 99 52
77 78 48
77 79 53
77 80 17
77 81 26
77 82 37
77 83 32
77 84 59
77 85 17
77 86 40
77 87 61
77 88 5
77 89 42
77 90 47
77 91 59
77 92 43
77 93 25
77 94 42
77 95 7
77 96 36
77 97 48
77 98 16
77 99 68
78 79 54
78 80 59
78 81 64
78 82 64
78 83 15
78 84 31
78 85 31
78 86 87
78 87 109
78 88 44
78 89 20
78 90 88
78 91 75
78 92 75
78 93 23
78 94 77
78 95 42
78 96 83
78 97 80
78 98 32
78 99 92
79 80 70
79 81 79
79 82 90
79 83 50
79 84 33
79 85 51
79 86 79
79 87 99
79 88 55
79 89 68
79 90 99
79 91 24
79 92 40
79 93 54
79 94 96
79 95 48
79 96 74
79 97 43
79 98 50
79 99 43
80 81 9
80 82 24
80 83 44
80 84 75
80 85 29
80 86 33
80 87 52
80 88 17
80 89 49
80 90 30
80 91 74
80 92 54
80 93 36
80 94 26
80 95 23
80 96 31
80 97 58
80 98 28
80 99 80
81 82 16
81 83 50
81 84 83
81 85 36
81 86 35
81 87 52
81 88 25
81 89 51
81 90 24
81 91 83
81 92 62
81 93 41
81 94 16
81 95 32
81 96 35
81 97 66
81 98 35
81 99 89
82 83 52
82 84 88
82 85 41
82 86 50
82 87 65
82 88 34
82 89 48
82 90 29
82 91 96
82 92 77
82 93 43
82 94 15
82 95 42
82 96 50
82 97 81
82 98 41
82 99 104
83 84 37
83 85 16
83 86 72
83 87 93
83 88 29
83 89 18
83 90 74
83 91 67
83 92 63
83 93 9
83 94 64
83 95 27
83 96 68
83 97 68
83 98 17
83 99 83
84 85 48
84 86 95
84 87 117
84 88 59
84 89 50
84 90 106
84 91 56
84 92 67
84 93 45
84 94 98
84 95 53
84 96 90
84 97 72
84 98 48
84 99 76
85 86 56
85 87 78
85 88 14
85 89 26
85 90 59
85 91 64
85 92 54
85 93 9
85 94 50
85 95 13
85 96 53
85 97 59
85 98 2
85 99 76
86 87 22
86 88 43
86 89 80
86 90 33
86 91 72
86 92 46
86 93 65
86 94 42
86 95 45
86 96 5
86 97 47
86 98 55
86 99 70
87 88 64
87 89 100
87 90 39
87 91 89
87 92 63
87 93 86
87 94 53
87 95 67
87 96 26
87 97 62
87 98 76
87 99 83
88 89 38
88 90 47
88 91 63
88 92 47
88 93 22
88 94 41
88 95 8
88 96 39
88 97 52
88 98 12
88 99 73
89 90 74
89 91 85
89 92 79
89 93 18
89 94 62
89 95 39
89 96 77
89 97 84
89 98 28
89 99 100
90 91 98
90 92 74
90 93 65
90 94 15
90 95 54
90 96 35
90 97 76
90 98 59
90 99 100
91 92 27
91 93 69
91 94 99
91 95 56
91 96 67
91 97 28
91 98 62
91 99 20
92 93 61
92 94 77
92 95 42
92 96 41
92 97 5
92 98 52
92 99 27
93 94 55
93 95 22
93 96 61
93 97 66
93 98 10
93 99 83
94 95 48
94 96 43
94 97 80
94 98 51
94 99 103
95 96 41
95 97 47
95 98 11
95 99 66
96 97 42
96 98 51
96 99 66
97 98 57
97 99 23
98 99 75
0 2 41
0 3 50
0 4 36
0 5 2
0 6 54
0 7 41
0 12 32
0 15 44
0 17 44
0 18 40
0 20 29
0 23 78
0 24 12
0 25 40
0 26 67
0 27 22
0 29 57
0 30 57
0 32 80
0 33 63
0 34 50
0 35 23
0 39 53
0 40 61
0 41 62
0 43 57
0 44 64
0 46 17
0 47 56
0 51 33
0 57 19
0 60 61
0 61 51
0 63 51
0 64 33
0 68 46
0 69 56
0 71 60
0 72 35
0 74 18
0 75 33
0 76 27
0 77 17
0 81 28
0 82 43
0 85 34
0 86 23
0 87 45
0 90 41
0 93 43
0 97 38
1 2 47
1 4 42
1 6 32
1 7 69
1 9 55
1 10 29
1 11 27
1 14 51
1 17 44
1 19 37
1 21 107
1 22 35
1 25 36
1 26 96
1 30 79
1 33 96
1 37 55
1 38 51
1 39 60
1 42 106
1 44 104
1 46 25
1 55 56
1 57 53
1 58 38
1 60 93
1 61 40
1 62 60
1 69 46
1 70 22
1 71 91
1 73 73
1 75 64
1 76 20
1 77 55
1 78 94
1 79 61
1 80 60
1 85 69
1 86 39
1 88 60
1 91 44
1 93 77
1 96 36
1 98 67
2 4 6
2 6 76
2 7 30
2 9 13
2 10 63
2 11 44
2 19 78
2 21 93
2 23 119
2 25 13
2 26 106
2 28 85
2 29 81
2 30 97
2 31 60
2 32 121
2 35 42
2 38 21
2 41 100
2 42 89
2 44 93
2 45 99
2 49 33
2 57 59
2 60 100
2 61 80
2 62 14
2 63 91
2 64 33
2 65 122
2 68 84
2 69 86
2 70 26
2 72 75
2 73 45
2 75 32
2 76 29
2 77 57
2 80 47
2 82 61
2 92 59
2 93 81
2 96 22
3 4 76
3 5 50
3 9 84
3 10 19
3 11 39
3 13 28
3 14 43
3 15 65
3 19 9
3 20 24
3 21 98
3 22 72
3 23 61
3 25 74
3 27 59
3 28 50
3 30 45
3 34 95
3 35 71
3 36 20
3 37 69
3 39 95
3 40 51
3 45 47
3 46 50
3 47 11
3 50 29
3 52 75
3 53 59
3 54 63
3 55 11
3 59 67
3 60 66
3 64 53
3 65 59
3 67 32
3 68 59
3 69 8
3 70 57
3 71 63
3 74 34
3 76 54
3 79 17
3 81 74
3 85 52
3 86 67
3 87 85
3 89 73
3 91 12
3 93 57
3 97 27
3 99 29
4 6 70
4 7 32
4 11 38
4 12 20
4 13 93
4 16 91
4 19 72
4 20 51
4 25 9
4 26 102
4 27 53
4 28 80
4 29 75
4 30 92
4 31 56
4 32 116
4 33 98
4 34 60
4 35 39
4 36 68
4 38 19
4 40 96
4 44 90
4 45 94
4 52 61
4 53 90
4 57 54
4 58 55
4 59 9
4 61 74
4 64 28
4 67 47
4 69 80
4 70 20
4 74 52
4 76 23
4 78 100
4 79 89
4 80 44
4 81 46
4 82 60
4 86 13
4 90 37
4 91 80
4 92 53
4 96 17
4 97 53
4 98 68
4 99 75
5 7 41
5 8 69
5 9 37
5 10 33
5 13 60
5 16 57
5 18 38
5 20 29
5 23 79
5 24 13
5 26 68
5 29 57
5 33 65
5 34 50
5 35 24
5 37 20
5 39 52
5 44 66
5 45 60
5 49 26
5 50 35
5 54 21
5 56 27
5 57 20
5 59 27
5 60 62
5 61 51
5 63 52
5 64 31
5 67 18
5 69 56
5 70 26
5 71 61
5 72 36
5 73 37
5 74 18
5 75 32
5 76 25
5 77 19
5 80 21
5 82 44
5 85 36
5 88 23
5 91 58
6 8 86
6 10 22
6 11 39
6 12 79
6 15 80
6 19 11
6 20 24
6 24 61
6 25 66
6 26 85
6 27 69
6 28 68
6 30 64
6 32 86
6 36 3
6 37 73
6 40 71
6 41 48
6 42 112
6 45 67
6 46 47
6 50 20
6 51 24
6 52 85
6 53 77
6 54 59
6 55 30
6 58 35
6 60 84
6 62 90
6 64 44
6 66 82
6 67 37
6 70 50
6 73 90
6 75 84
6 76 48
6 77 59
6 80 72
6 81 81
6 85 67
6 86 64
6 89 91
6 91 14
6 92 19
6 94 96
6 95 57
6 96 60
6 97 17
6 98 65
6 99 9
7 9 17
7 11 53
7 12 14
7 13 99
7 16 84
7 24 42
7 25 41
7 26 94
7 27 44
7 28 76
7 31 50
7 33 88
7 35 25
7 37 23
7 38 18
7 39 31
7 41 101
7 43 79
7 44 69
7 45 93
7 46 45
7 49 52
7 50 72
7 51 74
7 52 43
7 53 83
7 56 46
7 58 66
7 60 86
7 61 91
7 65 115
7 67 58
7 68 71
7 74 58
7 75 9
7 76 48
7 79 100
7 80 34
7 81 28
7 84 109
7 86 29
7 87 33
7 89 79
7 91 98
7 93 69
7 94 21
7 95 56
7 96 33
7 98 62
7 99 98
8 9 101
8 13 44
8 14 50
8 17 62
8 18 107
8 19 74
8 20 72
8 21 53
8 23 23
8 25 107
8 28 23
8 29 86
8 30 22
8 31 47
8 32 20
8 33 10
8 37 75
8 38 89
8 42 58
8 44 47
8 45 20
8 51 65
8 52 54
8 54 90
8 55 61
8 57 49
8 58 59
8 59 96
8 64 96
8 66 113
8 67 64
8 68 24
8 69 72
8 71 9
8 72 33
8 75 86
8 76 92
8 77 51
8 78 3
8 79 56
8 80 62
8 81 67
8 82 67
8 83 19
8 85 34
8 86 90
8 88 48
8 89 21
8 90 91
8 94 80
8 95 46
8 96 86
8 97 83
8 98 35
9 10 65
9 11 45
9 14 54
9 15 72
9 18 20
9 19 81
9 23 115
9 24 43
9 25 24
9 29 86
9 31 54
9 34 48
9 39 17
9 40 97
9 45 95
9 46 35
9 51 67
9 53 88
9 60 93
9 62 19
9 63 87
9 64 41
9 65 118
9 66 16
9 67 53
9 70 33
9 71 92
9 74 55
9 75 19
9 77 51
9 78 98
9 79 96
9 86 18
9 91 90
9 92 63
9 94 37
9 95 58
9 96 23
9 97 64
9 98 66
10 12 61
10 14 32
10 15 60
10 16 58
10 20 5
10 22 52
10 25 55
10 27 47
10 29 25
10 31 43
10 32 75
10 35 56
10 36 19
10 37 52
10 39 76
10 40 57
10 44 86
10 45 53
10 47 29
10 48 23
10 49 32
10 50 13
10 51 5
10 55 30
10 58 13
10 59 48
10 60 67
10 61 18
10 62 76
10 63 48
10 66 69
10 67 16
10 71 65
10 72 41
10 73 69
10 78 67
10 80 50
10 81 59
10 86 48
10 87 66
10 88 42
10 89 72
10 90 73
10 91 25
10 92 8
10 94 75
10 95 36
10 96 43
10 97 13
11 12 41
11 16 60
11 17 34
11 19 36
11 20 16
11 21 80
11 24 25
11 25 38
11 26 72
11 27 34
11 29 43
11 30 58
11 31 33
11 34 64
11 36 37
11 37 33
11 38 36
11 39 57
11 40 63
11 42 79
11 44 77
11 45 60
11 48 34
11 52 50
11 53 61
11 55 48
11 57 26
11 59 29
11 60 67
11 61 39
11 62 58
11 66 50
11 67 10
11 68 53
11 69 44
11 70 22
11 71 66
11 72 40
11 75 45
11 77 27
11 79 51
11 83 55
11 85 42
11 87 48
11 91 45
11 93 51
11 96 23
11 97 24
11 99 47
12 14 47
12 15 64
12 18 25
12 21 73
12 22 26
12 23 107
12 29 83
12 30 86
12 31 46
12 33 86
12 37 18
12 39 26
12 44 74
12 45 88
12 46 32
12 48 71
12 49 38
12 51 63
12 53 80
12 56 43
12 57 47
12 59 22
12 63 80
12 64 42
12 67 48
12 68 69
12 69 85
12 70 33
12 71 84
12 73 25
12 74 49
12 75 12
12 76 35
12 78 90
12 79 90
12 81 29
12 85 59
12 86 16
12 87 23
12 91 86
12 93 66
12 94 30
12 98 58
13 14 46
13 15 54
13 17 26
13 19 37
13 20 45
13 24 58
13 25 93
13 26 43
13 29 47
13 31 52
13 32 39
13 37 76
13 38 86
13 42 89
13 43 54
13 44 80
13 45 24
13 46 67
13 47 17
13 48 58
13 52 71
13 53 40
13 54 79
13 55 19
13 56 59
13 60 46
13 62 112
13 63 25
13 64 75
13 69 32
13 70 76
13 72 37
13 73 88
13 75 90
13 78 42
13 86 81
13 87 102
13 89 57
13 90 97
13 91 37
13 92 48
13 97 53
13 98 43
14 18 57
14 19 46
14 20 31
14 23 61
14 24 12
14 26 50
14 29 57
14 33 47
14 34 52
14 36 52
14 38 42
14 39 70
14 44 54
14 46 33
14 47 46
14 48 54
14 56 17
14 57 2
14 62 71
14 65 64
14 69 51
14 70 44
14 73 43
14 74 10
14 75 44
14 76 42
14 77 6
14 80 22
14 83 32
14 84 56
14 85 18
14 86 41
14 91 54
14 92 38
14 93 27
14 94 48
14 99 63
15 16 23
15 18 81
15 20 60
15 21 33
15 22 79
15 26 31
15 27 24
15 34 46
15 35 40
15 37 45
15 38 60
15 41 57
15 45 36
15 46 61
15 47 63
15 48 82
15 51 56
15 55 65
15 56 21
15 58 47
15 59 71
15 61 71
15 62 90
15 63 30
15 64 76
15 65 56
15 66 86
15 67 48
15 69 73
15 71 23
15 81 36
15 83 17
15 86 64
15 88 22
15 89 16
15 90 60
15 91 77
15 92 66
15 97 72
15 98 15
16 17 51
16 20 60
16 21 51
16 22 91
16 27 41
16 30 16
16 34 68
16 38 77
16 39 106
16 40 12
16 41 40
16 47 51
16 48 81
16 52 45
16 53 3
16 54 77
16 57 36
16 58 47
16 59 84
16 60 9
16 61 64
16 65 33
16 67 51
16 68 14
16 69 63
16 71 6
16 72 21
16 76 80
16 79 49
16 85 22
16 86 78
16 87 99
16 88 35
16 89 19
16 90 80
16 97 72
16 98 23
16 99 84
17 18 73
17 20 21
17 22 68
17 24 47
17 25 71
17 27 52
17 28 44
17 29 25
17 31 47
17 32 63
17 33 64
17 38 70
17 39 92
17 42 92
17 44 86
17 45 43
17 48 32
17 51 13
17 52 68
17 53 53
17 56 54
17 59 63
17 60 61
17 61 12
17 63 39
17 64 51
17 67 27
17 69 14
17 70 54
17 72 39
17 76 51
17 79 17
17 80 58
17 82 80
17 83 50
17 85 46
17 86 62
17 87 82
17 89 68
17 90 85
17 91 18
17 93 51
17 94 84
18 19 72
18 21 97
18 22 5
18 23 117
18 24 49
18 26 106
18 30 96
18 31 61
18 33 102
18 34 66
18 35 45
18 37 38
18 38 25
18 39 20
18 40 100
18 41 96
18 43 96
18 51 61
18 52 67
18 53 94
18 54 17
18 57 58
18 58 57
18 59 11
18 61 74
18 64 26
18 67 49
18 73 50
18 77 56
18 79 90
18 83 89
18 86 17
18 87 10
18 88 60
18 91 80
18 92 53
19 22 67
19 23 70
19 24 55
19 27 61
19 28 57
19 29 12
19 30 53
19 31 57
19 36 11
19 37 68
19 38 73
19 41 37
19 42 103
19 43 78
19 44 98
19 45 55
19 46 46
19 48 22
19 50 22
19 51 17
19 54 59
19 55 20
19 57 48
19 61 3
19 64 47
19 65 68
19 67 32
19 68 65
19 69 9
19 70 52
19 74 36
19 75 81
19 78 72
19 79 25
19 80 66
19 82 89
19 83 63
19 84 57
19 85 58
19 92 18
19 93 64
19 96 59
19 98 56
20 21 90
20 22 47
20 24 37
20 25 50
20 26 72
20 28 51
20 29 28
20 35 52
20 36 22
20 37 48
20 38 52
20 44 86
20 47 34
20 49 27
20 51 9
20 52 62
20 53 62
20 54 39
20 61 23
20 62 71
20 64 30
20 65 75
20 66 63
20 68 57
20 69 29
20 70 33
20 72 42
20 73 66
20 74 21
20 75 61
20 76 30
20 77 36
20 78 70
20 79 39
20 81 57
20 83 57
20 84 64
20 85 47
20 90 69
20 92 6
20 94 71
20 95 35
20 96 38
20 98 45
21 26 53
21 27 46
21 28 51
21 30 66
21 31 48
21 36 110
21 37 59
21 38 72
21 39 98
21 41 89
21 42 6
21 46 84
21 47 96
21 48 112
21 50 99
21 53 48
21 54 83
21 57 56
21 59 88
21 60 45
21 61 103
21 63 61
21 64 99
21 66 97
21 68 41
21 72 53
21 83 47
21 84 82
21 85 45
21 86 80
21 87 97
21 88 49
21 89 32
21 90 62
21 94 47
21 95 55
21 96 79
21 97 101
21 99 121
22 23 113
22 24 46
22 25 3
22 27 55
22 28 81
22 31 58
22 32 116
22 33 99
22 34 66
22 35 44
22 36 62
22 37 37
22 39 25
22 41 92
22 43 93
22 44 95
22 46 23
22 47 81
22 48 53
22 49 21
22 51 56
22 52 65
22 54 14
22 58 53
22 62 25
22 63 86
22 67 45
22 68 81
22 69 75
22 70 15
22 73 50
22 75 38
22 76 17
22 77 53
22 78 100
22 83 85
22 84 106
22 87 15
22 89 94
22 90 44
22 91 75
22 93 79
22 94 56
23 24 71
23 26 23
23 31 61
23 35 86
23 41 34
23 46 91
23 47 51
23 48 90
23 51 66
23 56 66
23 58 63
23 62 132
23 67 70
23 68 42
23 69 65
23 74 63
23 76 99
23 81 84
23 82 87
23 86 101
23 87 123
23 88 61
23 90 108
23 91 70
24 25 50
24 28 36
24 29 64
24 30 50
24 34 42
24 39 60
24 42 54
24 45 52
24 48 58
24 49 39
24 50 45
24 52 25
24 55 59
24 56 13
24 61 56
24 63 44
24 72 27
24 74 19
24 76 39
24 79 59
24 81 21
24 83 40
24 84 67
24 85 24
24 88 11
24 91 63
24 96 29
24 98 23
24 99 69
25 26 106
25 28 84
25 29 70
25 30 95
25 33 103
25 35 47
25 36 64
25 41 95
25 43 96
25 46 26
25 49 23
25 50 47
25 54 17
25 56 62
25 59 11
25 61 71
25 62 24
25 65 118
25 68 85
25 69 78
25 70 17
25 71 99
25 76 20
25 77 57
25 79 88
25 82 68
25 83 89
25 84 109
25 85 74
25 90 46
25 91 77
25 92 50
25 95 61
25 97 49
25 98 72
26 28 22
26 32 20
26 33 10
26 35 70
26 44 47
26 45 19
26 49 90
26 50 82
26 53 12
26 55 60
26 58 58
26 59 95
26 64 95
26 65 29
26 66 113
26 68 23
26 69 72
26 74 55
26 75 85
26 76 91
26 78 2
26 79 56
26 80 62
26 82 66
26 83 18
26 84 31
26 87 111
26 92 77
26 93 26
26 94 79
26 96 85
26 97 82
26 98 34
26 99 94
27 28 32
27 30 47
27 34 37
27 35 19
27 37 22
27 38 37
27 39 66
27 40 49
27 41 61
27 46 39
27 47 61
27 49 49
27 51 45
27 52 17
27 54 41
27 55 63
27 58 34
27 59 47
27 62 67
27 63 41
27 65 71
27 67 32
27 68 28
27 69 66
27 72 24
27 74 25
27 75 35
27 76 48
27 80 10
27 90 41
27 92 52
27 95 15
27 96 37
27 99 77
28 29 69
28 30 17
28 32 37
28 34 63
28 35 51
28 36 66
28 37 54
28 39 96
28 40 18
28 44 45
28 45 18
28 46 60
28 47 46
28 51 45
28 53 11
28 55 48
28 57 26
28 59 73
28 64 74
28 65 40
28 68 10
28 69 57
28 70 71
28 71 16
28 73 60
28 74 33
28 75 66
28 78 20
28 79 45
28 82 52
28 83 6
28 84 36
28 85 13
28 86 68
28 88 26
28 90 72
28 93 10
28 96 64
28 97 63
28 98 14
28 99 77
29 30 65
29 31 67
29 33 89
29 34 106
29 37 76
29 40 71
29 46 51
29 47 30
29 48 17
29 50 24
29 54 63
29 55 29
29 56 74
29 58 37
29 59 66
29 60 85
29 64 48
29 65 79
29 66 86
29 67 41
29 68 77
29 69 16
29 74 46
29 75 88
29 76 52
29 77 62
29 78 84
29 81 84
29 82 98
29 83 75
29 84 67
29 86 68
29 90 97
29 93 75
29 94 99
29 96 64
29 97 21
29 99 9
30 31 41
30 32 25
30 34 80
30 35 66
30 36 64
30 44 60
30 46 69
30 47 37
30 48 72
30 49 76
30 53 18
30 54 78
30 55 39
30 56 46
30 57 39
30 59 84
30 60 24
30 61 52
30 66 104
30 68 26
30 70 80
30 71 21
30 74 41
30 75 82
30 76 78
30 77 42
30 78 20
30 79 34
30 80 58
30 81 65
30 82 70
30 83 20
30 84 18
30 85 30
30 86 80
30 87 102
30 88 41
30 90 88
30 92 59
30 93 27
30 96 75
30 98 30
31 35 25
31 39 71
31 40 43
31 41 54
31 42 47
31 43 35
31 44 44
31 48 64
31 49 49
31 55 57
31 57 9
31 58 30
31 59 50
31 61 57
31 64 55
31 65 65
31 66 67
31 67 29
31 68 24
31 72 17
31 75 41
31 77 6
31 78 44
31 79 56
31 81 25
31 82 34
31 87 65
31 91 64
31 93 21
31 95 9
31 98 12
32 40 20
32 41 40
32 43 40
32 44 66
32 49 101
32 50 88
32 51 70
32 53 30
32 54 103
32 55 58
32 56 66
32 58 67
32 62 134
32 67 73
32 68 41
32 70 105
32 71 27
32 73 96
32 75 103
32 77 65
32 78 22
32 79 52
32 84 20
32 86 104
32 87 126
32 89 41
32 90 108
32 91 76
32 93 44
32 94 98
32 96 99
32 97 88
32 98 50
33 35 64
33 36 87
33 37 68
33 38 83
33 39 112
33 43 10
33 45 26
33 46 80
33 47 63
33 48 93
33 49 88
33 50 83
33 51 66
33 54 85
33 56 43
33 57 45
33 58 58
33 59 92
33 60 3
33 62 113
33 63 26
33 64 94
33 65 38
33 66 108
33 71 6
33 72 31
33 73 70
33 74 54
33 75 79
33 77 46
33 79 61
33 85 29
33 86 85
33 87 106
33 92 78
33 95 42
33 97 83
33 98 31
33 99 97
34 35 27
34 36 100
34 37 33
34 38 42
34 39 63
34 40 80
34 43 57
34 44 40
34 46 63
34 47 98
34 49 72
34 51 80
34 53 66
34 57 51
34 58 70
34 63 74
34 64 77
34 65 102
34 67 65
34 68 55
34 69 102
34 70 69
34 72 58
34 75 29
34 76 69
34 77 46
34 86 53
34 87 64
34 89 57
34 90 26
34 93 53
34 95 51
34 98 51
34 99 111
35 36 74
35 38 21
35 39 49
35 42 48
35 43 55
35 44 51
35 45 68
35 47 76
35 48 72
35 50 59
35 57 30
35 59 37
35 62 50
35 63 60
35 66 47
35 68 47
35 69 78
35 71 62
35 78 68
35 79 78
35 81 6
35 82 22
35 83 53
35 85 38
35 86 29
35 88 25
35 92 58
35 93 44
35 97 61
35 99 84
36 38 72
36 40 70
36 41 48
36 44 105
36 50 18
36 52 83
36 53 76
36 54 57
36 55 31
36 59 59
36 62 87
36 63 62
36 65 80
36 67 35
36 68 74
36 69 18
36 71 80
36 74 41
36 77 57
36 79 36
36 80 69
36 81 78
36 82 93
36 83 72
36 84 68
36 85 65
36 87 77
36 91 15
36 92 16
36 94 93
36 95 55
36 96 57
36 97 15
36 98 64
36 99 11
37 40 71
37 41 78
37 42 55
37 43 60
37 46 30
37 49 39
37 50 54
37 51 52
37 52 28
37 56 25
37 59 30
37 60 66
37 65 93
37 66 41
37 67 37
37 70 37
37 71 66
37 72 45
37 76 37
37 78 72
37 79 77
37 80 13
37 81 13
37 84 86
37 85 41
37 86 22
37 91 77
37 92 54
37 95 33
37 96 21
37 98 40
38 39 29
38 40 85
38 46 28
38 48 66
38 49 34
38 50 54
38 51 58
38 52 43
38 54 17
38 56 40
38 57 43
38 59 19
38 60 81
38 61 75
38 66 26
38 68 65
38 70 30
38 74 44
38 75 13
38 76 31
38 77 39
38 78 86
38 80 28
38 81 27
38 83 71
38 85 55
38 86 12
38 87 25
38 88 42
38 89 76
38 91 81
38 92 56
38 93 63
38 94 31
38 96 15
38 97 57
39 46 45
39 47 104
39 48 79
39 49 46
39 54 33
39 55 105
39 56 69
39 57 71
39 59 28
39 62 2
39 64 46
39 66 8
39 67 66
39 68 94
39 70 40
39 74 70
39 77 68
39 80 56
39 81 54
39 85 84
39 86 30
39 87 11
39 88 70
39 91 100
39 92 73
39 93 91
39 94 52
39 95 74
39 99 94
40 42 67
40 43 29
40 44 57
40 45 5
40 46 74
40 51 52
40 57 42
40 58 48
40 62 114
40 65 22
40 66 108
40 67 54
40 68 25
40 69 57
40 71 16
40 75 84
40 77 45
40 78 14
40 80 60
40 88 44
40 91 62
40 92 65
40 94 81
40 96 80
41 44 83
41 45 26
41 47 17
41 49 72
41 51 37
41 53 42
41 54 80
41 61 35
41 64 76
41 65 32
41 68 48
41 73 91
41 74 44
41 75 92
41 77 53
41 79 12
41 80 70
41 81 79
41 82 87
41 83 42
41 84 20
41 89 59
41 90 100
41 93 48
41 94 95
41 95 46
41 96 78
42 45 69
42 46 82
42 47 98
42 49 92
42 52 29
42 53 52
42 54 80
42 55 100
42 56 41
42 57 56
42 58 77
42 59 85
42 61 104
42 64 97
42 66 93
42 70 91
42 71 52
42 73 45
42 75 58
42 76 90
42 77 53
42 79 97
42 80 46
42 81 42
42 82 28
42 86 77
42 88 48
42 90 57
42 92 96
42 93 44
42 94 42
42 95 55
42 99 121
43 44 28
43 47 67
43 50 81
43 52 36
43 56 35
43 57 40
43 61 77
43 62 105
43 63 29
43 64 89
43 69 78
43 70 85
43 71 13
43 72 28
43 73 61
43 75 70
43 76 84
43 77 40
43 78 18
43 80 47
43 84 48
43 90 74
43 91 82
43 95 37
43 97 82
44 52 29
44 55 93
44 57 53
44 58 73
44 59 87
44 60 39
44 62 100
44 65 75
44 66 97
44 69 100
44 73 50
44 76 91
44 78 46
44 79 90
44 80 47
44 81 45
44 84 76
44 87 97
44 88 45
44 91 104
44 92 92
44 94 48
44 95 51
44 97 97
44 99 116
45 47 39
45 51 48
45 52 57
45 54 80
45 56 47
45 60 23
45 62 112
45 63 8
45 65 23
45 67 50
45 68 26
45 69 53
45 70 82
45 72 25
45 74 43
45 77 44
45 80 59
45 82 70
45 83 19
45 84 18
45 85 31
45 88 42
45 89 34
45 90 89
45 91 58
45 93 27
45 96 77
45 99 76
46 47 59
46 49 10
46 50 27
46 51 33
46 52 53
46 56 42
46 59 17
46 60 77
46 63 64
46 68 62
46 69 55
46 72 50
46 76 10
46 77 34
46 79 63
46 80 35
46 81 42
46 84 83
46 86 17
46 87 36
46 88 39
46 89 76
46 92 28
46 93 59
46 95 38
46 96 13
46 98 49
46 99 53
47 49 61
47 53 53
47 56 62
47 60 60
47 66 97
47 67 39
47 71 57
47 73 89
47 75 88
47 77 52
47 78 57
47 81 78
47 85 51
47 86 75
47 87 95
47 88 54
47 91 19
47 92 35
47 94 94
47 97 38
47 99 39
48 50 13
48 51 27
48 55 42
48 57 55
48 60 90
48 61 24
48 62 79
48 63 69
48 64 33
48 67 36
48 70 39
48 71 87
48 77 58
48 78 89
48 80 68
48 81 77
48 82 92
48 85 69
48 90 86
48 92 16
48 93 77
48 94 91
48 95 57
48 96 51
48 99 15
49 50 24
49 51 36
49 53 79
49 55 61
49 56 52
49 58 35
49 61 48
49 62 46
49 63 71
49 64 6
49 65 98
49 66 38
49 67 28
49 68 71
49 69 54
49 70 6
49 73 56
49 76 4
49 77 44
49 78 88
49 79 65
49 81 51
49 86 23
49 87 36
49 88 48
49 89 85
49 90 55
49 91 54
49 92 27
49 93 68
49 94 62
49 95 46
49 96 19
50 51 18
50 56 57
50 57 43
50 61 25
50 64 25
50 66 62
50 67 23
50 68 68
50 70 30
50 71 77
50 73 72
50 74 31
50 78 80
50 79 45
50 80 55
50 81 64
50 82 79
50 84 73
50 85 58
50 86 44
50 89 83
50 90 73
50 91 30
50 94 77
50 95 45
50 98 56
50 99 26
51 53 55
51 55 26
51 60 62
51 61 18
51 63 43
51 64 39
51 67 15
51 68 52
51 69 23
51 71 60
51 75 65
51 77 35
51 78 62
51 79 30
51 80 49
51 81 58
51 82 72
51 86 50
51 87 69
51 88 39
51 89 67
51 92 13
51 97 18
51 98 41
51 99 34
52 53 43
52 56 14
52 59 58
52 61 79
52 64 69
52 69 82
52 71 46
52 72 34
52 73 25
52 74 42
52 78 51
52 79 77
52 80 18
52 82 14
52 84 74
52 89 36
52 93 30
52 95 30
52 96 48
52 97 73
52 99 94
53 55 55
53 56 37
53 57 36
53 59 83
53 60 7
53 61 66
53 64 84
53 66 101
53 68 12
53 73 67
53 75 74
53 76 80
53 78 10
53 79 51
53 81 55
53 83 6
53 84 34
53 86 78
53 87 99
53 89 17
53 90 79
53 91 70
53 94 69
53 96 74
53 98 22
53 99 86
54 55 72
54 56 45
54 59 6
54 61 61
54 63 73
54 65 102
54 66 26
54 69 67
54 76 14
54 79 75
54 80 35
54 82 54
54 83 71
54 84 93
54 85 56
54 86 5
54 91 68
54 95 44
54 97 42
55 58 33
55 60 62
55 64 64
55 65 50
55 67 40
55 68 58
55 70 67
55 71 59
55 73 91
55 78 59
55 81 79
55 82 90
55 83 54
55 89 71
55 94 96
55 95 48
55 96 71
55 97 39
55 98 52
55 99 37
56 59 51
56 60 41
56 63 40
56 65 70
56 67 34
56 68 26
56 70 53
56 73 31
56 74 27
56 79 63
56 80 13
56 81 19
56 82 26
56 83 32
56 84 64
56 85 17
56 90 42
56 91 71
56 93 23
56 94 34
56 95 16
57 59 47
57 60 42
57 61 49
57 64 49
57 66 65
57 67 20
57 68 28
57 69 52
57 74 12
57 75 44
57 77 5
57 79 49
57 86 42
57 87 64
57 89 42
57 90 52
57 91 55
57 92 40
57 94 47
57 95 3
57 97 45
58 59 46
58 60 55
58 63 37
58 64 39
58 65 64
58 69 32
58 70 39
58 71 53
58 72 28
58 79 35
58 80 39
58 82 62
58 83 43
58 85 34
58 88 29
58 89 59
58 92 20
58 93 41
58 95 22
58 98 32
58 99 44
59 61 65
59 62 29
59 63 79
59 64 20
59 65 108
59 68 74
59 69 71
59 73 44
59 74 43
59 75 33
59 76 14
59 77 46
59 78 93
59 79 80
59 80 40
59 83 78
59 84 99
59 87 19
59 88 49
59 89 87
59 91 71
59 92 44
59 93 71
59 96 10
59 97 45
59 98 61
59 99 67
60 62 111
60 65 37
60 66 106
60 68 16
60 69 73
60 71 3
60 72 28
60 73 69
60 77 44
60 78 7
60 79 58
60 84 38
60 86 83
60 87 104
60 88 40
60 94 71
60 95 39
60 97 80
60 99 94
61 63 51
61 64 50
61 65 67
61 67 33
61 69 6
61 72 51
61 73 87
61 74 37
61 75 83
61 76 52
61 77 53
61 79 23
61 80 67
61 84 55
61 85 58
61 86 66
61 87 83
61 88 57
61 92 21
61 93 64
61 95 49
61 96 61
62 63 104
62 64 46
62 71 110
62 72 87
62 74 70
62 76 42
62 78 116
62 79 109
62 82 67
62 87 11
62 89 106
62 94 54
62 96 36
62 99 94
63 64 76
63 66 98
63 67 43
63 68 21
63 72 18
63 73 71
63 74 36
63 75 75
63 76 73
63 77 36
63 78 20
63 83 15
63 85 23
63 87 96
63 88 35
63 90 82
63 91 55
63 92 55
63 93 21
63 94 74
63 98 23
64 65 103
64 68 77
64 69 56
64 71 89
64 75 51
64 79 68
64 81 57
64 82 73
64 83 79
64 85 65
64 86 26
64 88 54
64 90 59
64 91 55
64 92 29
64 96 23
64 97 28
64 98 64
64 99 48
65 66 128
65 68 47
65 72 48
65 74 65
65 76 101
65 78 30
65 80 82
65 84 12
65 87 126
65 89 49
65 93 48
65 94 103
65 95 60
65 96 99
65 98 53
65 99 87
66 67 59
66 68 90
66 69 92
66 71 105
66 78 110
66 79 101
66 80 53
66 81 53
66 83 95
66 85 79
66 86 24
66 87 3
66 91 92
66 96 29
67 68 46
67 73 54
67 74 9
67 75 50
67 77 23
67 81 44
67 82 58
67 84 61
67 85 35
67 87 57
67 91 40
67 92 20
67 93 43
67 94 59
67 95 23
67 96 31
67 97 25
68 73 55
68 79 55
68 80 38
68 84 44
68 86 67
68 87 89
68 90 67
68 91 70
68 93 3
68 94 57
68 98 13
68 99 85
69 70 61
69 71 70
69 74 42
69 75 88
69 76 58
69 78 70
69 81 81
69 82 94
69 85 60
69 88 60
69 89 81
69 91 5
69 98 58
70 72 61
70 75 43
70 76 2
70 77 45
70 81 50
70 85 62
70 87 29
70 93 70
70 94 59
70 95 49
70 98 60
70 99 54
71 72 26
71 73 70
71 78 6
71 79 55
71 80 54
71 82 59
71 85 26
71 87 103
71 88 39
71 89 15
71 90 82
71 91 74
71 92 72
71 93 18
71 95 38
71 96 78
71 98 27
71 99 91
72 74 23
72 76 59
72 79 43
72 81 41
72 82 48
72 84 42
72 90 64
72 92 48
72 96 54
72 99 70
73 76 54
73 80 21
73 82 17
73 88 37
73 90 13
73 91 94
73 92 71
73 97 74
73 99 98
74 76 37
74 77 16
74 80 30
74 83 39
74 84 56
74 85 27
74 87 61
74 91 44
74 92 28
74 95 14
75 80 24
75 86 25
75 89 71
75 90 9
75 92 65
75 95 47
75 96 27
75 97 68
75 99 91
76 77 44
76 78 89
76 80 44
76 81 50
76 85 60
76 86 19
76 87 32
76 89 86
76 90 52
76 91 58
76 93 69
76 95 47
76 97 30
76 99 52
77 78 48
77 87 61
77 88 5
77 89 42
77 92 43
77 93 25
77 99 68
78 79 54
78 83 15
78 84 31
78 86 87
78 87 109
78 88 44
78 91 75
78 92 75
78 93 23
78 96 83
78 97 80
78 99 92
79 80 70
79 81 79
79 83 50
79 84 33
79 86 79
79 87 99
79 88 55
79 92 40
79 94 96
79 97 43
80 81 9
80 83 44
80 84 75
80 87 52
80 91 74
80 93 36
80 95 23
80 98 28
80 99 80
81 82 16
81 84 83
81 85 36
81 90 24
81 92 62
81 93 41
81 95 32
81 98 35
82 86 50
82 87 65
82 88 34
82 89 48
82 91 96
82 92 77
82 93 43
82 94 15
82 96 50
82 98 41
83 85 16
83 86 72
83 88 29
83 90 74
83 91 67
83 92 63
83 93 9
83 96 68
83 97 68
83 98 17
83 99 83
84 85 48
84 87 117
84 88 59
84 89 50
84 90 106
84 91 56
84 94 98
84 95 53
84 98 48
84 99 76
85 86 56
85 88 14
85 89 26
85 90 59
85 91 64
85 92 54
85 94 50
86 87 22
86 90 33
86 92 46
86 93 65
86 96 5
86 98 55
87 92 63
87 94 53
87 97 62
87 99 83
88 91 63
88 93 22
88 95 8
88 96 39
88 98 12
89 92 79
89 93 18
89 96 77
89 98 28
89 99 100
90 94 15
90 95 54
90 97 76
90 98 59
90 99 100
91 93 69
91 94 99
91 95 56
91 96 67
91 99 20
92 93 61
92 95 42
92 96 41
92 97 5
93 94 55
93 98 10
94 95 48
94 97 80
94 99 103
95 96 41
96 98 51
97 98 57
97 99 23
98 99 75
