50 0.5 0 0 1 1225 613 18
0.379015 0.15573 46
0.666881 0.848421 30
0.671168 0.548515 19
0.64247 0.0905321 54
0.0962943 0.851092 46
0.112121 0.131197 60
0.135461 0.852815 43
0.518889 0.725949 13
0.115564 0.502001 39
0.714415 0.435508 28
0.0697126 0.969253 56
0.742861 0.178174 50
0.230968 0.578889 26
0.490863 0.205742 40
0.244419 0.613504 24
0.164793 0.446185 36
0.536863 0.250863 36
0.885068 0.637678 40
0.97826 0.46551 51
0.676445 0.931433 38
0.52425 0.114839 49
0.765676 0.305985 41
0.593881 0.126505 49
0.607949 0.867159 29
0.871157 0.158693 59
0.607001 0.703848 16
0.920077 0.141197 63
0.388517 0.005749 61
0.737508 0.0109565 64
0.63307 0.408011 24
0.875125 0.277223 51
0.788208 0.68842 31
0.0667514 0.199524 58
0.111222 0.238419 52
0.33485 0.197063 43
0.998227 0.0822931 73
0.61517 0.898577 32
0.398814 0.37702 24
0.341588 0.867623 30
0.408994 0.172403 44
0.647217 0.510483 18
0.924961 0.346104 51
0.180063 0.338523 41
0.180869 0.0585881 63
0.828036 0.285422 47
0.0643954 0.024163 72
0.488271 0.603119 0
0.864532 0.118815 61
0.0243676 0.892666 55
0.470392 0.242723 36
0 1 75
0 2 49
0 3 27
0 4 75
0 5 27
0 6 74
0 7 59
0 8 44
0 9 44
0 10 87
0 11 36
0 12 45
0 13 12
0 14 48
0 15 36
0 16 18
0 17 70
0 18 67
0 19 83
0 20 15
0 21 41
0 22 22
0 23 75
0 24 49
0 25 59
0 26 54
0 27 15
0 28 39
0 29 36
0 30 51
0 31 67
0 32 32
0 33 28
0 34 6
0 35 62
0 36 78
0 37 22
0 38 71
0 39 3
0 40 44
0 41 58
0 42 27
0 43 22
0 44 47
0 45 34
0 46 46
0 47 49
0 48 82
0 49 13
1 2 30
1 3 76
1 4 57
1 5 91
1 6 53
1 7 19
1 8 65
1 9 42
1 10 61
1 11 67
1 12 51
1 13 67
1 14 48
1 15 64
1 16 61
1 17 30
1 18 49
1 19 8
1 20 75
1 21 55
1 22 73
1 23 6
1 24 72
1 25 16
1 26 75
1 27 89
1 28 84
1 29 44
1 30 61
1 31 20
1 32 88
1 33 83
1 34 73
1 35 83
1 36 7
1 37 54
1 38 33
1 39 72
1 40 34
1 41 56
1 42 70
1 43 93
1 44 59
1 45 102
1 46 30
1 47 76
1 48 64
1 49 64
2 3 46
2 4 65
2 5 70
2 6 62
2 7 23
2 8 56
2 9 12
2 10 73
2 11 38
2 12 44
2 13 39
2 14 43
2 15 52
2 16 33
2 17 23
2 18 32
2 19 38
2 20 46
2 21 26
2 22 43
2 23 32
2 24 44
2 25 17
2 26 48
2 27 61
2 28 54
2 29 15
2 30 34
2 31 18
2 32 70
2 33 64
2 34 49
2 35 57
2 36 35
2 37 32
2 38 46
2 39 46
2 40 4
2 41 32
2 42 53
2 43 69
2 44 31
2 45 80
2 46 19
2 47 47
2 48 73
2 49 37
3 4 94
3 5 53
3 6 92
3 7 65
3 8 67
3 9 35
3 10 105
3 11 13
3 12 64
3 13 19
3 14 66
3 15 60
3 16 19
3 17 60
3 18 50
3 19 84
3 20 12
3 21 25
3 22 6
3 23 78
3 24 24
3 25 61
3 26 28
3 27 27
3 28 12
3 29 32
3 30 30
3 31 62
3 32 59
3 33 55
3 34 33
3 35 36
3 36 81
3 37 38
3 38 83
3 39 25
3 40 42
3 41 38
3 42 52
3 43 46
3 44 27
3 45 58
3 46 54
3 47 22
3 48 101
3 49 23
4 5 72
4 6 4
4 7 44
4 8 35
4 9 74
4 10 12
4 11 93
4 12 30
4 13 76
4 14 28
4 15 41
4 16 74
4 17 82
4 18 96
4 19 59
4 20 85
4 21 86
4 22 88
4 23 51
4 24 104
4 25 53
4 26 109
4 27 89
4 28 106
4 29 70
4 30 97
4 31 71
4 32 65
4 33 61
4 34 70
4 35 119
4 36 52
4 37 56
4 38 25
4 39 75
4 40 65
4 41 97
4 42 52
4 43 80
4 44 92
4 45 83
4 46 46
4 47 106
4 48 8
4 49 71
5 6 72
5 7 72
5 8 37
5 9 67
5 10 84
5 11 63
5 12 46
5 13 39
5 14 50
5 15 32
5 16 44
5 17 92
5 18 93
5 19 98
5 20 41
5 21 68
5 22 48
5 23 89
5 24 76
5 25 76
5 26 81
5 27 30
5 28 64
5 29 59
5 30 78
5 31 88
5 32 8
5 33 11
5 34 23
5 35 89
5 36 92
5 37 38
5 38 77
5 39 30
5 40 66
5 41 84
5 42 22
5 43 10
5 44 73
5 45 12
5 46 60
5 47 75
5 48 77
5 49 38
6 7 40
6 8 35
6 9 71
6 10 13
6 11 91
6 12 29
6 13 74
6 14 26
6 15 41
6 16 72
6 17 78
6 18 93
6 19 55
6 20 83
6 21 83
6 22 86
6 23 47
6 24 101
6 25 49
6 26 106
6 27 88
6 28 103
6 29 67
6 30 94
6 31 67
6 32 66
6 33 61
6 34 69
6 35 116
6 36 48
6 37 54
6 38 21
6 39 73
6 40 62
6 41 94
6 42 52
6 43 80
6 44 90
6 45 83
6 46 43
6 47 103
6 48 12
6 49 70
7 8 46
7 9 35
7 10 51
7 11 59
7 12 32
7 13 52
7 14 30
7 15 45
7 16 48
7 17 38
7 18 53
7 19 26
7 20 61
7 21 49
7 22 60
7 23 17
7 24 67
7 25 9
7 26 71
7 27 73
7 28 75
7 29 34
7 30 57
7 31 27
7 32 69
7 33 64
7 34 56
7 35 80
7 36 20
7 37 37
7 38 23
7 39 56
7 40 25
7 41 56
7 42 51
7 43 75
7 44 54
7 45 84
7 46 13
7 47 70
7 48 52
7 49 49
8 9 60
8 10 47
8 11 71
8 12 14
8 13 48
8 14 17
8 15 7
8 16 49
8 17 78
8 18 86
8 19 71
8 20 56
8 21 68
8 22 61
8 23 61
8 24 83
8 25 53
8 26 88
8 27 57
8 28 79
8 29 53
8 30 79
8 31 70
8 32 31
8 33 26
8 34 38
8 35 98
8 36 64
8 37 31
8 38 43
8 39 44
8 40 53
8 41 82
8 42 18
8 43 45
8 44 74
8 45 48
8 46 39
8 47 84
8 48 40
8 49 44
9 10 84
9 11 26
9 12 50
9 13 32
9 14 50
9 15 55
9 16 26
9 17 26
9 18 27
9 19 50
9 20 37
9 21 14
9 22 33
9 23 44
9 24 32
9 25 29
9 26 36
9 27 54
9 28 43
9 29 9
9 30 23
9 31 26
9 32 69
9 33 63
9 34 45
9 35 45
9 36 47
9 37 32
9 38 57
9 39 40
9 40 10
9 41 23
9 42 54
9 43 65
9 44 19
9 45 77
9 46 28
9 47 35
9 48 83
9 49 31
10 11 104
10 12 42
10 13 87
10 14 40
10 15 53
10 16 86
10 17 88
10 18 104
10 19 61
10 20 97
10 21 96
10 22 99
10 23 55
10 24 114
10 25 60
10 26 119
10 27 101
10 28 117
10 29 80
10 30 106
10 31 77
10 32 77
10 33 73
10 34 82
10 35 128
10 36 55
10 37 68
10 38 29
10 39 87
10 40 74
10 41 106
10 42 64
10 43 92
10 44 102
10 45 95
10 46 56
10 47 116
10 48 9
10 49 83
11 12 65
11 13 25
11 14 66
11 15 64
11 16 22
11 17 48
11 18 37
11 19 76
11 20 23
11 21 13
11 22 16
11 23 70
11 24 13
11 25 54
11 26 18
11 27 39
11 28 17
11 29 25
11 30 17
11 31 51
11 32 68
11 33 63
11 34 41
11 35 27
11 36 73
11 37 40
11 38 80
11 39 33
11 40 35
11 41 25
11 42 59
11 43 57
11 44 14
11 45 70
11 46 50
11 47 14
11 48 101
11 49 28
12 13 45
12 14 4
12 15 15
12 16 45
12 17 66
12 18 76
12 19 57
12 20 55
12 21 60
12 22 58
12 23 47
12 24 77
12 25 40
12 26 82
12 27 59
12 28 76
12 29 44
12 30 71
12 31 57
12 32 41
12 33 36
12 34 40
12 35 91
12 36 50
12 37 26
12 38 31
12 39 44
12 40 42
12 41 73
12 42 25
12 43 52
12 44 67
12 45 58
12 46 26
12 47 78
12 48 38
12 49 41
13 14 48
13 15 41
13 16 6
13 17 58
13 18 55
13 19 75
13 20 10
13 21 29
13 22 13
13 23 67
13 24 38
13 25 51
13 26 43
13 27 22
13 28 31
13 29 25
13 30 39
13 31 57
13 32 42
13 33 38
13 34 16
13 35 52
13 36 70
13 37 19
13 38 68
13 39 9
13 40 34
13 41 46
13 42 34
13 43 34
13 44 35
13 45 46
13 46 40
13 47 38
13 48 83
13 49 4
14 15 19
14 16 47
14 17 64
14 18 75
14 19 54
14 20 57
14 21 61
14 22 60
14 23 44
14 24 77
14 25 37
14 26 82
14 27 62
14 28 78
14 29 44
14 30 71
14 31 55
14 32 45
14 33 40
14 34 43
14 35 92
14 36 47
14 37 28
14 38 27
14 39 47
14 40 42
14 41 73
14 42 28
14 43 56
14 44 67
14 45 62
14 46 24
14 47 79
14 48 36
14 49 43
15 16 42
15 17 75
15 18 81
15 19 71
15 20 49
15 21 62
15 22 54
15 23 61
15 24 76
15 25 51
15 26 81
15 27 49
15 28 72
15 29 47
15 30 73
15 31 67
15 32 27
15 33 21
15 34 30
15 35 91
15 36 64
15 37 24
15 38 46
15 39 37
15 40 49
15 41 77
15 42 11
15 43 39
15 44 68
15 45 43
15 46 36
15 47 77
15 48 47
15 49 37
16 17 52
16 18 49
16 19 69
16 20 14
16 21 24
16 22 14
16 23 62
16 24 35
16 25 46
16 26 40
16 27 29
16 28 31
16 29 18
16 30 34
16 31 50
16 32 47
16 33 43
16 34 21
16 35 49
16 36 65
16 37 19
16 38 65
16 39 15
16 40 28
16 41 40
16 42 37
16 43 40
16 44 29
16 45 52
16 46 36
16 47 35
16 48 82
16 49 7
17 18 20
17 19 36
17 20 64
17 21 35
17 22 59
17 23 36
17 24 48
17 25 29
17 26 50
17 27 80
17 28 64
17 29 34
17 30 36
17 31 11
17 32 93
17 33 87
17 34 70
17 35 57
17 36 38
17 37 55
17 38 59
17 39 67
17 40 27
17 41 29
17 42 77
17 43 91
17 44 36
17 45 102
17 46 40
17 47 52
17 48 90
17 49 57
18 19 56
18 20 57
18 21 27
18 22 51
18 23 55
18 24 32
18 25 44
18 26 33
18 27 75
18 28 51
18 29 35
18 30 21
18 31 29
18 32 95
18 33 90
18 34 70
18 35 38
18 36 57
18 37 59
18 38 75
18 39 64
18 40 33
18 41 13
18 42 81
18 43 90
18 44 23
18 45 101
18 46 51
18 47 36
18 48 105
18 49 55
19 20 83
19 21 63
19 22 81
19 23 9
19 24 80
19 25 24
19 26 83
19 27 97
19 28 92
19 29 53
19 30 68
19 31 27
19 32 95
19 33 89
19 34 81
19 35 91
19 36 7
19 37 62
19 38 34
19 39 80
19 40 42
19 41 64
19 42 77
19 43 100
19 44 66
19 45 109
19 46 38
19 47 83
19 48 65
19 49 72
20 21 31
20 22 7
20 23 76
20 24 35
20 25 59
20 26 40
20 27 17
20 28 24
20 29 31
20 30 39
20 31 63
20 32 47
20 33 43
20 34 21
20 35 48
20 36 79
20 37 29
20 38 77
20 39 13
20 40 41
20 41 46
20 42 41
20 43 35
20 44 35
20 45 47
20 46 49
20 47 34
20 48 92
20 49 14
21 22 25
21 23 58
21 24 18
21 25 43
21 26 23
21 27 48
21 28 30
21 29 17
21 30 11
21 31 38
21 32 71
21 33 66
21 34 44
21 35 32
21 36 61
21 37 37
21 38 70
21 39 38
21 40 24
21 41 16
21 42 59
21 43 63
21 44 7
21 45 76
21 46 41
21 47 21
21 48 95
21 49 30
22 23 74
22 24 28
22 25 58
22 26 33
22 27 24
22 28 18
22 29 28
22 30 32
22 31 59
22 32 53
22 33 50
22 34 27
22 35 41
22 36 77
22 37 32
22 38 78
22 39 19
22 40 39
22 41 40
22 42 46
22 43 42
22 44 28
22 45 54
22 46 49
22 47 27
22 48 95
22 49 17
23 24 76
23 25 16
23 26 79
23 27 89
23 28 87
23 29 46
23 30 65
23 31 25
23 32 86
23 33 80
23 34 72
23 35 88
23 36 3
23 37 53
23 38 27
23 39 72
23 40 36
23 41 61
23 42 68
23 43 91
23 44 62
23 45 100
23 46 29
23 47 79
23 48 58
23 49 64
24 25 61
24 26 5
24 27 51
24 28 20
24 29 34
24 30 12
24 31 54
24 32 81
24 33 76
24 34 54
24 35 15
24 36 78
24 37 52
24 38 88
24 39 46
24 40 42
24 41 19
24 42 71
24 43 70
24 44 13
24 45 82
24 46 59
24 47 4
24 48 112
24 49 41
25 26 64
25 27 73
25 28 71
25 29 30
25 30 50
25 31 18
25 32 74
25 33 68
25 34 58
25 35 73
25 36 19
25 37 39
25 38 31
25 39 57
25 40 20
25 41 48
25 42 56
25 43 77
25 44 47
25 45 87
25 46 16
25 47 64
25 48 61
25 49 48
26 27 55
26 28 22
26 29 39
26 30 14
26 31 56
26 32 86
26 33 81
26 34 59
26 35 10
26 36 82
26 37 57
26 38 93
26 39 51
26 40 46
26 41 20
26 42 77
26 43 74
26 44 17
26 45 86
26 46 63
26 47 6
26 48 117
26 49 46
27 28 35
27 29 47
27 30 56
27 31 79
27 32 38
27 33 36
27 34 20
27 35 61
27 36 92
27 37 37
27 38 86
27 39 17
27 40 57
27 41 64
27 42 39
27 43 21
27 44 52
27 45 32
27 46 61
27 47 49
27 48 96
27 49 25
28 29 41
28 30 30
28 31 68
28 32 70
28 33 67
28 34 44
28 35 27
28 36 90
28 37 50
28 38 94
28 39 37
28 40 51
28 41 38
28 42 65
28 43 56
28 44 29
28 45 67
28 46 64
28 47 17
28 48 113
28 49 35
29 30 28
29 31 32
29 32 60
29 33 55
29 34 37
29 35 49
29 36 49
29 37 24
29 38 54
29 39 33
29 40 10
29 41 30
29 42 46
29 43 57
29 44 23
29 45 69
29 46 24
29 47 37
29 48 78
29 49 23
30 31 42
30 32 81
30 33 76
30 34 55
30 35 23
30 36 67
30 37 49
30 38 80
30 39 48
30 40 33
30 41 9
30 42 70
30 43 73
30 44 5
30 45 85
30 46 51
30 47 16
30 48 105
30 49 41
31 32 87
31 33 81
31 34 67
31 35 64
31 36 27
31 37 50
31 38 48
31 39 64
31 40 23
31 41 37
31 42 70
31 43 87
31 44 40
31 45 98
31 46 31
31 47 57
31 48 79
31 49 55
32 33 6
32 34 27
32 35 94
32 36 89
32 37 38
32 38 72
32 39 34
32 40 66
32 41 87
32 42 18
32 43 18
32 44 77
32 45 18
32 46 58
32 47 80
32 48 69
32 49 41
33 34 23
33 35 90
33 36 83
33 37 32
33 38 67
33 39 31
33 40 60
33 41 82
33 42 12
33 43 19
33 44 72
33 45 22
33 46 52
33 47 76
33 48 66
33 49 36
34 35 67
34 36 76
34 37 19
34 38 67
34 39 8
34 40 44
34 41 61
34 42 21
34 43 21
34 44 50
34 45 32
34 46 43
34 47 54
34 48 76
34 49 14
35 36 90
35 37 67
35 38 102
35 39 60
35 40 55
35 41 27
35 42 86
35 43 82
35 44 27
35 45 94
35 46 73
35 47 14
35 48 127
35 49 55
36 37 56
36 38 28
36 39 75
36 40 39
36 41 63
36 42 71
36 43 95
36 44 65
36 45 103
36 46 32
36 47 82
36 48 59
36 49 67
37 38 49
37 39 20
37 40 28
37 41 53
37 42 22
37 43 39
37 44 44
37 45 49
37 46 24
37 47 53
37 48 64
37 49 15
38 39 70
38 40 47
38 41 78
38 42 55
38 43 82
38 44 76
38 45 89
38 46 30
38 47 91
38 48 32
38 49 64
39 40 41
39 41 54
39 42 28
39 43 25
39 44 43
39 45 38
39 46 44
39 47 46
39 48 82
39 49 9
40 41 32
40 42 50
40 43 65
40 44 29
40 45 76
40 46 18
40 47 45
40 48 73
40 49 32
41 42 74
41 43 80
41 44 11
41 45 92
41 46 51
41 47 24
41 48 105
41 49 47
42 43 28
42 44 65
42 45 33
42 46 41
42 47 72
42 48 58
42 49 31
43 44 69
43 45 12
43 46 63
43 47 69
43 48 85
43 49 34
44 45 81
44 46 47
44 47 17
44 48 101
44 49 36
45 46 72
45 47 81
45 48 87
45 49 46
46 47 61
46 48 55
46 49 36
47 48 114
47 49 41
48 49 79
0 2 49
0 3 27
0 4 75
0 6 74
0 7 59
0 12 45
0 13 12
0 15 36
0 16 18
0 17 70
0 18 67
0 19 83
0 20 15
0 21 41
0 24 49
0 27 15
0 28 39
0 31 67
0 33 28
0 35 62
0 37 22
0 38 71
0 44 47
0 45 34
0 46 46
0 49 13
1 3 76
1 4 57
1 6 53
1 8 65
1 10 61
1 11 67
1 13 67
1 14 48
1 15 64
1 21 55
1 23 6
1 25 16
1 27 89
1 29 44
1 31 20
1 32 88
1 34 73
1 35 83
1 37 54
1 40 34
1 41 56
1 43 93
1 45 102
1 48 64
1 49 64
2 6 62
2 8 56
2 10 73
2 11 38
2 13 39
2 16 33
2 17 23
2 18 32
2 20 46
2 22 43
2 23 32
2 24 44
2 27 61
2 30 34
2 32 70
2 33 64
2 34 49
2 35 57
2 36 35
2 38 46
2 39 46
2 40 4
2 47 47
2 48 73
2 49 37
3 8 67
3 11 13
3 15 60
3 17 60
3 18 50
3 19 84
3 20 12
3 21 25
3 25 61
3 27 27
3 31 62
3 37 38
3 39 25
3 40 42
3 42 52
3 43 46
3 45 58
3 46 54
3 47 22
4 5 72
4 8 35
4 9 74
4 12 30
4 13 76
4 14 28
4 16 74
4 17 82
4 18 96
4 21 86
4 23 51
4 24 104
4 30 97
4 31 71
4 32 65
4 34 70
4 37 56
4 39 75
4 41 97
4 42 52
4 43 80
4 46 46
4 48 8
5 6 72
5 7 72
5 8 37
5 9 67
5 11 63
5 12 46
5 13 39
5 16 44
5 18 93
5 19 98
5 22 48
5 24 76
5 26 81
5 27 30
5 29 59
5 30 78
5 31 88
5 33 11
5 34 23
5 37 38
5 38 77
5 39 30
5 43 10
5 44 73
5 49 38
6 9 71
6 10 13
6 11 91
6 13 74
6 15 41
6 17 78
6 19 55
6 20 83
6 21 83
6 25 49
6 26 106
6 27 88
6 29 67
6 33 61
6 34 69
6 36 48
6 40 62
6 48 12
6 49 70
7 8 46
7 9 35
7 10 51
7 11 59
7 13 52
7 15 45
7 18 53
7 19 26
7 20 61
7 22 60
7 24 67
7 26 71
7 30 57
7 31 27
7 34 56
7 35 80
7 38 23
7 40 25
7 44 54
7 48 52
8 12 14
8 14 17
8 16 49
8 17 78
8 20 56
8 21 68
8 22 61
8 24 83
8 26 88
8 30 79
8 33 26
8 35 98
8 36 64
8 37 31
8 38 43
8 40 53
8 42 18
8 46 39
9 10 84
9 13 32
9 15 55
9 18 27
9 19 50
9 21 14
9 24 32
9 25 29
9 26 36
9 28 43
9 33 63
9 34 45
9 35 45
9 37 32
9 38 57
9 39 40
9 40 10
9 42 54
9 43 65
9 44 19
9 45 77
9 46 28
9 47 35
9 48 83
10 12 42
10 13 87
10 15 53
10 18 104
10 19 61
10 21 96
10 25 60
10 29 80
10 30 106
10 32 77
10 33 73
10 35 128
10 37 68
10 39 87
10 45 95
10 49 83
11 12 65
11 15 64
11 16 22
11 17 48
11 19 76
11 20 23
11 22 16
11 26 18
11 32 68
11 33 63
11 35 27
11 36 73
11 38 80
11 41 25
11 43 57
11 44 14
11 46 50
11 49 28
12 17 66
12 18 76
12 20 55
12 21 60
12 22 58
12 23 47
12 24 77
12 25 40
12 26 82
12 31 57
12 32 41
12 33 36
12 34 40
12 35 91
12 39 44
12 41 73
12 43 52
12 44 67
12 46 26
12 47 78
12 49 41
13 15 41
13 16 6
13 19 75
13 20 10
13 21 29
13 24 38
13 25 51
13 29 25
13 35 52
13 39 9
13 41 46
13 42 34
13 47 38
13 49 4
14 15 19
14 17 64
14 18 75
14 21 61
14 22 60
14 23 44
14 26 82
14 27 62
14 28 78
14 29 44
14 34 43
14 35 92
14 36 47
14 39 47
14 40 42
14 41 73
14 43 56
14 47 79
14 48 36
15 16 42
15 19 71
15 20 49
15 21 62
15 22 54
15 23 61
15 24 76
15 25 51
15 28 72
15 30 73
15 31 67
15 32 27
15 35 91
15 36 64
15 39 37
15 40 49
15 41 77
15 44 68
15 45 43
15 46 36
15 47 77
16 18 49
16 19 69
16 22 14
16 23 62
16 24 35
16 28 31
16 29 18
16 30 34
16 31 50
16 35 49
16 36 65
16 39 15
16 40 28
16 41 40
16 42 37
16 43 40
16 47 35
16 48 82
17 23 36
17 24 48
17 28 64
17 29 34
17 31 11
17 32 93
17 33 87
17 34 70
17 35 57
17 36 38
17 38 59
17 39 67
17 42 77
17 45 102
17 46 40
17 48 90
18 19 56
18 21 27
18 23 55
18 24 32
18 25 44
18 26 33
18 27 75
18 28 51
18 29 35
18 31 29
18 32 95
18 34 70
18 35 38
18 36 57
18 37 59
18 40 33
18 42 81
18 44 23
18 47 36
18 48 105
19 21 63
19 22 81
19 23 9
19 24 80
19 33 89
19 36 7
19 37 62
19 38 34
19 39 80
19 41 64
19 42 77
19 46 38
19 49 72
20 23 76
20 24 35
20 26 40
20 30 39
20 31 63
20 32 47
20 34 21
20 37 29
20 39 13
20 42 41
20 48 92
21 24 18
21 25 43
21 26 23
21 27 48
21 28 30
21 30 11
21 32 71
21 34 44
21 36 61
21 37 37
21 39 38
21 40 24
21 42 59
21 45 76
21 46 41
21 49 30
22 25 58
22 26 33
22 27 24
22 30 32
22 32 53
22 33 50
22 34 27
22 36 77
22 40 39
22 41 40
22 43 42
22 45 54
22 46 49
23 25 16
23 28 87
23 31 25
23 32 86
23 34 72
23 35 88
23 44 62
23 45 100
23 47 79
23 49 64
24 25 61
24 26 5
24 29 34
24 30 12
24 33 76
24 34 54
24 35 15
24 38 88
24 42 71
24 43 70
24 45 82
24 46 59
24 47 4
25 26 64
25 31 18
25 35 73
25 37 39
25 38 31
25 39 57
25 43 77
25 44 47
25 47 64
25 48 61
25 49 48
26 30 14
26 31 56
26 32 86
26 33 81
26 34 59
26 38 93
26 41 20
26 42 77
26 47 6
26 49 46
27 28 35
27 30 56
27 31 79
27 33 36
27 34 20
27 36 92
27 37 37
27 41 64
27 43 21
27 47 49
27 49 25
28 29 41
28 30 30
28 31 68
28 32 70
28 35 27
28 36 90
28 37 50
28 39 37
28 40 51
28 44 29
28 46 64
28 49 35
29 31 32
29 33 55
29 37 24
29 38 54
29 39 33
29 42 46
29 43 57
29 44 23
29 45 69
29 46 24
29 47 37
29 48 78
29 49 23
30 33 76
30 35 23
30 36 67
30 38 80
30 42 70
30 43 73
30 46 51
31 32 87
31 35 64
31 36 27
31 38 48
31 39 64
31 40 23
31 41 37
31 44 40
31 48 79
31 49 55
32 36 89
32 37 38
32 38 72
32 40 66
32 42 18
32 44 77
32 45 18
32 47 80
32 48 69
32 49 41
33 34 23
33 37 32
33 45 22
33 47 76
33 48 66
33 49 36
34 35 67
34 37 19
34 43 21
34 46 43
34 48 76
34 49 14
35 36 90
35 37 67
35 41 27
35 42 86
35 43 82
35 44 27
35 46 73
35 49 55
36 38 28
36 39 75
36 44 65
36 49 67
37 38 49
37 41 53
37 42 22
37 43 39
37 44 44
37 45 49
37 48 64
37 49 15
38 39 70
38 40 47
38 41 78
38 43 82
38 44 76
38 45 89
38 47 91
38 49 64
39 42 28
39 43 25
39 44 43
39 45 38
39 47 46
40 41 32
40 42 50
40 43 65
40 49 32
41 42 74
41 43 80
41 44 11
41 47 24
41 48 105
42 43 28
42 45 33
42 49 31
43 44 69
43 48 85
43 49 34
44 49 36
45 47 81
46 47 61
46 48 55
46 49 36
47 49 41
