10 0.7 5 0 0.1 45 31 6
0.0251379 0.169532 8
0.539486 0.976729 7
0.102504 0.921117 9
0.897203 0.56483 2
0.470723 0.0499925 5
0.646247 0.0148169 4
0.959694 0.299346 1
0.159617 0.901281 9
0.838156 0.363161 0
0.949121 0.873375 5
0 1 96
0 2 76
0 3 96
0 4 46
0 5 64
0 6 94
0 7 74
0 8 84
0 9 116
1 2 44
1 3 55
1 4 93
1 5 97
1 6 80
1 7 39
1 8 68
1 9 42
2 3 87
2 4 95
2 5 106
2 6 106
2 7 6
2 8 92
2 9 85
3 4 67
3 5 60
3 6 27
3 7 81
3 8 21
3 9 31
4 5 18
4 6 55
4 7 91
4 8 48
4 9 95
5 6 42
5 7 101
5 8 40
5 9 91
6 7 100
6 8 14
6 9 57
7 8 87
7 9 79
8 9 52
0 1 96
0 3 96
0 5 64
0 6 94
0 7 74
0 8 84
0 9 116
1 2 44
1 3 55
1 4 93
1 5 97
1 6 80
1 9 42
2 3 87
2 4 95
2 7 6
2 8 92
2 9 85
3 5 60
3 6 27
3 8 21
4 5 18
4 7 91
4 8 48
5 6 42
5 8 40
5 9 91
6 7 100
6 9 57
7 9 79
8 9 52
