10 0.7 5 1 0.1 45 31 3
0.62427 0.97631 11
0.759832 0.302585 8
0.717237 0.862993 11
0.565422 0.75358 9
0.664903 0.672675 9
0.223587 0.951303 9
0.937151 0.696851 11
0.744203 0.56488 9
0.000166446 0.0640446 0
0.998532 0.601742 11
0 1 69
0 2 15
0 3 23
0 4 31
0 5 40
0 6 42
0 7 43
0 8 111
0 9 53
1 2 56
1 3 49
1 4 38
1 5 84
1 6 43
1 7 26
1 8 80
1 9 38
2 3 19
2 4 20
2 5 50
2 6 28
2 7 30
2 8 107
2 9 38
3 4 13
3 5 39
3 6 38
3 7 26
3 8 89
3 9 46
4 5 52
4 6 27
4 7 13
4 8 90
4 9 34
5 6 76
5 7 65
5 8 91
5 9 85
6 7 23
6 8 113
6 9 11
7 8 90
7 9 26
8 9 113
0 1 69
0 2 15
0 3 23
0 4 31
0 5 40
0 6 42
0 8 111
0 9 53
1 2 56
1 3 49
1 4 38
1 5 84
1 6 43
1 7 26
1 8 80
1 9 38
2 3 19
2 4 20
2 9 38
3 4 13
3 5 39
3 6 38
4 7 13
4 8 90
5 7 65
5 8 91
5 9 85
6 8 113
6 9 11
7 9 26
8 9 113
