50 0.7 20 1 1 1225 858 18
0.458423 0.547387 61
0.275655 0.901107 28
0.14931 0.857148 18
0.169192 0.99962 18
0.869237 0.00762394 128
0.387631 0.0765141 96
0.195133 0.885689 21
0.973369 0.734646 100
0.324584 0.373065 66
0.553143 0.0226688 108
0.551083 0.513077 70
0.23576 0.688612 35
0.573944 0.23774 92
0.000610209 0.952519 0
0.959112 0.630587 101
0.553974 0.384398 79
0.183193 0.97914 18
0.82909 0.809844 84
0.656541 0.195094 100
0.485787 0.159901 93
0.777645 0.867558 78
0.549149 0.87806 55
0.810986 0.594595 89
0.00383565 0.347859 60
0.577095 0.396012 80
0.00880226 0.190581 76
0.847152 0.710261 88
0.563062 0.499913 72
0.971629 0.443518 110
0.981976 0.96545 98
0.163266 0.954332 16
0.7252 0.0622447 115
0.890538 0.505305 100
0.90886 0.839087 92
0.650759 0.855393 66
0.0331446 0.153435 80
0.598618 0.470325 77
0.607185 0.527732 74
0.615725 0.448982 79
0.393107 0.394107 68
0.772229 0.416918 94
0.366525 0.994825 37
0.365087 0.664281 46
0.342719 0.60587 49
0.864593 0.73919 89
0.23256 0.536005 48
0.963675 0.220061 121
0.655711 0.664409 72
0.820645 0.0588586 121
0.248758 0.745025 32
0 1 40
0 2 44
0 3 54
0 4 68
0 5 48
0 6 43
0 7 55
0 8 22
0 9 53
0 10 10
0 11 26
0 12 33
0 13 61
0 14 51
0 15 19
0 16 51
0 17 45
0 18 40
0 19 39
0 20 45
0 21 34
0 22 36
0 23 50
0 24 19
0 25 57
0 26 42
0 27 11
0 28 52
0 29 67
0 30 50
0 31 55
0 32 43
0 33 54
0 34 36
0 35 58
0 36 16
0 37 15
0 38 19
0 39 17
0 40 34
0 41 46
0 42 15
0 43 13
0 44 45
0 45 23
0 46 60
0 47 23
0 48 61
0 49 29
1 2 13
1 3 15
1 4 107
1 5 83
1 6 8
1 7 72
1 8 53
1 9 92
1 10 48
1 11 22
1 12 73
1 13 28
1 14 74
1 15 59
1 16 12
1 17 56
1 18 80
1 19 77
1 20 50
1 21 27
1 22 62
1 23 62
1 24 59
1 25 76
1 26 60
1 27 49
1 28 83
1 29 71
1 30 12
1 31 95
1 32 73
1 33 64
1 34 38
1 35 79
1 36 54
1 37 50
1 38 57
1 39 52
1 40 69
1 41 13
1 42 25
1 43 30
1 44 61
1 45 37
1 46 97
1 47 45
1 48 100
1 49 16
2 3 14
2 4 111
2 5 82
2 6 5
2 7 83
2 8 51
2 9 93
2 10 53
2 11 19
2 12 75
2 13 18
2 14 84
2 15 62
2 16 13
2 17 68
2 18 83
2 19 77
2 20 63
2 21 40
2 22 71
2 23 53
2 24 63
2 25 68
2 26 71
2 27 55
2 28 92
2 29 84
2 30 10
2 31 98
2 32 82
2 33 76
2 34 50
2 35 71
2 36 59
2 37 56
2 38 62
2 39 52
2 40 76
2 41 26
2 42 29
2 43 32
2 44 72
2 45 33
2 46 103
2 47 54
2 48 104
2 49 15
3 4 121
3 5 95
3 6 12
3 7 85
3 8 65
3 9 105
3 10 62
3 11 32
3 12 86
3 13 18
3 14 87
3 15 73
3 16 2
3 17 69
3 18 94
3 19 90
3 20 62
3 21 40
3 22 76
3 23 67
3 24 73
3 25 82
3 26 74
3 27 64
3 28 98
3 29 81
3 30 5
3 31 109
3 32 87
3 33 76
3 34 50
3 35 86
3 36 68
3 37 64
3 38 71
3 39 65
3 40 84
3 41 20
3 42 39
3 43 43
3 44 74
3 45 47
3 46 111
3 47 59
3 48 114
3 49 27
4 5 49
4 6 111
4 7 73
4 8 66
4 9 32
4 10 60
4 11 93
4 12 37
4 13 128
4 14 63
4 15 49
4 16 119
4 17 80
4 18 28
4 19 41
4 20 86
4 21 93
4 22 59
4 23 93
4 24 49
4 25 88
4 26 70
4 27 58
4 28 45
4 29 96
4 30 118
4 31 15
4 32 50
4 33 83
4 34 88
4 35 85
4 36 54
4 37 58
4 38 51
4 39 61
4 40 42
4 41 111
4 42 83
4 43 80
4 44 73
4 45 83
4 46 23
4 47 69
4 48 7
4 49 96
5 6 83
5 7 88
5 8 30
5 9 17
5 10 47
5 11 63
5 12 25
5 13 96
5 14 80
5 15 35
5 16 93
5 17 86
5 18 29
5 19 13
5 20 88
5 21 82
5 22 67
5 23 47
5 24 37
5 25 40
5 26 78
5 27 46
5 28 69
5 29 107
5 30 91
5 31 34
5 32 66
5 33 92
5 34 82
5 35 36
5 36 45
5 37 50
5 38 44
5 39 32
5 40 51
5 41 92
5 42 59
5 43 53
5 44 82
5 45 48
5 46 59
5 47 65
5 48 43
5 49 68
6 7 79
6 8 53
6 9 93
6 10 52
6 11 20
6 12 75
6 13 21
6 14 81
6 15 62
6 16 9
6 17 64
6 18 83
6 19 78
6 20 58
6 21 35
6 22 68
6 23 57
6 24 62
6 25 72
6 26 68
6 27 53
6 28 89
6 29 79
6 30 8
6 31 98
6 32 79
6 33 72
6 34 46
6 35 75
6 36 58
6 37 55
6 38 61
6 39 53
6 40 74
6 41 20
6 42 28
6 43 32
6 44 69
6 45 35
6 46 102
6 47 51
6 48 104
6 49 15
7 8 74
7 9 83
7 10 48
7 11 74
7 12 64
7 13 100
7 14 11
7 15 55
7 16 83
7 17 16
7 18 63
7 19 75
7 20 24
7 21 45
7 22 21
7 23 104
7 24 52
7 25 111
7 26 13
7 27 47
7 28 29
7 29 23
7 30 84
7 31 72
7 32 24
7 33 12
7 34 34
7 35 111
7 36 46
7 37 42
7 38 46
7 39 67
7 40 38
7 41 66
7 42 61
7 43 64
7 44 11
7 45 77
7 46 51
7 47 33
7 48 69
7 49 72
8 9 42
8 10 27
8 11 33
8 12 28
8 13 66
8 14 68
8 15 23
8 16 62
8 17 67
8 18 38
8 19 27
8 20 67
8 21 55
8 22 53
8 23 32
8 24 25
8 25 36
8 26 62
8 27 27
8 28 65
8 29 88
8 30 60
8 31 51
8 32 58
8 33 75
8 34 58
8 35 36
8 36 29
8 37 32
8 38 30
8 39 7
8 40 45
8 41 62
8 42 29
8 43 23
8 44 65
8 45 19
8 46 66
8 47 44
8 48 59
8 49 38
9 10 49
9 11 74
9 12 22
9 13 108
9 14 73
9 15 36
9 16 103
9 17 83
9 18 20
9 19 15
9 20 87
9 21 86
9 22 63
9 23 64
9 24 37
9 25 57
9 26 75
9 27 48
9 28 59
9 29 104
9 30 101
9 31 18
9 32 59
9 33 89
9 34 84
9 35 54
9 36 45
9 37 51
9 38 43
9 39 40
9 40 45
9 41 99
9 42 67
9 43 62
9 44 78
9 45 61
9 46 46
9 47 65
9 48 27
9 49 78
10 11 36
10 12 28
10 13 70
10 14 42
10 15 13
10 16 59
10 17 41
10 18 34
10 19 36
10 20 42
10 21 36
10 22 27
10 23 57
10 24 12
10 25 63
10 26 36
10 27 2
10 28 43
10 29 62
10 30 59
10 31 48
10 32 34
10 33 48
10 34 36
10 35 63
10 36 6
10 37 6
10 38 9
10 39 20
10 40 24
10 41 52
10 42 24
10 43 23
10 44 39
10 45 32
10 46 51
10 47 18
10 48 53
10 49 38
11 12 56
11 13 35
11 14 73
11 15 44
11 16 30
11 17 61
11 18 65
11 19 58
11 20 57
11 21 37
11 22 58
11 23 41
11 24 45
11 25 55
11 26 61
11 27 38
11 28 78
11 29 80
11 30 28
11 31 79
11 32 68
11 33 69
11 34 45
11 35 57
11 36 42
11 37 40
11 38 45
11 39 33
11 40 60
11 41 33
11 42 13
11 43 14
11 44 63
11 45 15
11 46 87
11 47 42
11 48 86
11 49 6
12 13 92
12 14 55
12 15 15
12 16 84
12 17 63
12 18 9
12 19 12
12 20 66
12 21 64
12 22 43
12 23 58
12 24 16
12 25 57
12 26 55
12 27 26
12 28 45
12 29 83
12 30 83
12 31 23
12 32 41
12 33 69
12 34 62
12 35 55
12 36 23
12 37 29
12 38 22
12 39 24
12 40 27
12 41 78
12 42 47
12 43 43
12 44 58
12 45 45
12 46 39
12 47 43
12 48 30
12 49 60
13 14 101
13 15 79
13 16 18
13 17 84
13 18 100
13 19 93
13 20 78
13 21 55
13 22 89
13 23 60
13 24 80
13 25 76
13 26 88
13 27 72
13 28 110
13 29 98
13 30 16
13 31 115
13 32 100
13 33 92
13 34 66
13 35 80
13 36 77
13 37 74
13 38 79
13 39 68
13 40 94
13 41 37
13 42 46
13 43 49
13 44 89
13 45 48
13 46 121
13 47 72
13 48 121
13 49 32
14 15 47
14 16 85
14 17 22
14 18 53
14 19 67
14 20 30
14 21 48
14 22 15
14 23 100
14 24 45
14 25 105
14 26 14
14 27 42
14 28 19
14 29 34
14 30 86
14 31 61
14 32 14
14 33 21
14 34 38
14 35 104
14 36 39
14 37 37
14 38 39
14 39 61
14 40 28
14 41 70
14 42 59
14 43 62
14 44 14
14 45 73
14 46 41
14 47 31
14 48 59
14 49 72
15 16 70
15 17 51
15 18 22
15 19 23
15 20 53
15 21 49
15 22 33
15 23 55
15 24 3
15 25 58
15 26 44
15 27 12
15 28 42
15 29 72
15 30 69
15 31 36
15 32 36
15 33 58
15 34 48
15 35 57
15 36 10
15 37 15
15 38 9
15 39 16
15 40 22
15 41 64
15 42 34
15 43 31
15 44 47
15 45 36
15 46 44
15 47 30
15 48 42
15 49 47
16 17 67
16 18 92
16 19 87
16 20 60
16 21 38
16 22 74
16 23 66
16 24 70
16 25 81
16 26 72
16 27 61
16 28 95
16 29 80
16 30 3
16 31 107
16 32 85
16 33 74
16 34 48
16 35 84
16 36 66
16 37 62
16 38 68
16 39 62
16 40 81
16 41 18
16 42 36
16 43 41
16 44 72
16 45 45
16 46 109
16 47 57
16 48 112
16 49 24
17 18 64
17 19 74
17 20 8
17 21 29
17 22 22
17 23 95
17 24 48
17 25 103
17 26 10
17 27 41
17 28 39
17 29 22
17 30 68
17 31 75
17 32 31
17 33 8
17 34 18
17 35 103
17 36 41
17 37 36
17 38 42
17 39 60
17 40 40
17 41 50
17 42 49
17 43 53
17 44 8
17 45 66
17 46 60
17 47 23
17 48 75
17 49 58
18 19 17
18 20 68
18 21 69
18 22 43
18 23 67
18 24 22
18 25 65
18 26 55
18 27 32
18 28 40
18 29 84
18 30 91
18 31 15
18 32 39
18 33 69
18 34 66
18 35 62
18 36 28
18 37 34
18 38 26
18 39 33
18 40 25
18 41 85
18 42 55
18 43 52
18 44 58
18 45 54
18 46 31
18 47 47
18 48 21
18 49 68
19 20 77
19 21 72
19 22 54
19 23 52
19 24 25
19 25 48
19 26 66
19 27 35
19 28 56
19 29 95
19 30 86
19 31 26
19 32 53
19 33 80
19 34 71
19 35 45
19 36 33
19 37 39
19 38 32
19 39 25
19 40 38
19 41 84
19 42 52
19 43 47
19 44 69
19 45 45
19 46 48
19 47 53
19 48 35
19 49 63
20 21 23
20 22 27
20 23 93
20 24 51
20 25 102
20 26 17
20 27 43
20 28 47
20 29 23
20 30 62
20 31 81
20 32 38
20 33 13
20 34 13
20 35 103
20 36 44
20 37 38
20 38 45
20 39 61
20 40 45
20 41 43
20 42 46
20 43 51
20 44 16
20 45 64
20 46 67
20 47 24
20 48 81
20 49 54
21 22 39
21 23 76
21 24 48
21 25 87
21 26 34
21 27 38
21 28 61
21 29 44
21 30 39
21 31 83
21 32 51
21 33 36
21 34 10
21 35 89
21 36 41
21 37 36
21 38 43
21 39 51
21 40 51
21 41 22
21 42 28
21 43 34
21 44 34
21 45 47
21 46 78
21 47 24
21 48 86
21 49 33
22 23 84
22 24 31
22 25 90
22 26 12
22 27 27
22 28 22
22 29 41
22 30 74
22 31 54
22 32 12
22 33 26
22 34 31
22 35 89
22 36 25
22 37 21
22 38 24
22 39 46
22 40 18
22 41 60
22 42 45
22 43 47
22 44 15
22 45 58
22 46 40
22 47 17
22 48 54
22 49 58
23 24 58
23 25 16
23 26 92
23 27 58
23 28 97
23 29 116
23 30 63
23 31 78
23 32 90
23 33 103
23 34 82
23 35 20
23 36 61
23 37 63
23 38 62
23 39 39
23 40 77
23 41 74
23 42 48
23 43 43
23 44 95
23 45 30
23 46 97
23 47 72
23 48 87
23 49 47
24 25 60
24 26 41
24 27 10
24 28 40
24 29 70
24 30 69
24 31 37
24 32 33
24 33 55
24 34 47
24 35 60
24 36 8
24 37 14
24 38 7
24 39 18
24 40 20
24 41 63
24 42 34
24 43 31
24 44 45
24 45 37
24 46 42
24 47 28
24 48 42
24 49 48
25 26 99
25 27 63
25 28 100
25 29 124
25 30 78
25 31 73
25 32 94
25 33 111
25 34 92
25 35 4
25 36 65
25 37 69
25 38 66
25 39 43
25 40 80
25 41 88
25 42 59
25 43 53
25 44 102
25 45 41
25 46 96
25 47 80
25 48 82
25 49 60
26 27 35
26 28 29
26 29 29
26 30 73
26 31 66
26 32 21
26 33 14
26 34 24
26 35 99
26 36 35
26 37 30
26 38 35
26 39 55
26 40 30
26 41 56
26 42 48
26 43 52
26 44 3
26 45 64
26 46 50
26 47 20
26 48 65
26 49 60
27 28 41
27 29 63
27 30 61
27 31 47
27 32 33
27 33 48
27 34 37
27 35 63
27 36 5
27 37 5
27 38 7
27 39 20
27 40 23
27 41 53
27 42 26
27 43 24
27 44 38
27 45 33
27 46 49
27 47 19
27 48 51
27 49 40
28 29 52
28 30 96
28 31 45
28 32 10
28 33 40
28 34 52
28 35 98
28 36 37
28 37 37
28 38 36
28 39 58
28 40 20
28 41 82
28 42 65
28 43 65
28 44 31
28 45 74
28 46 22
28 47 39
28 48 41
28 49 78
29 30 82
29 31 94
29 32 47
29 33 15
29 34 35
29 35 125
29 36 63
29 37 58
29 38 63
29 39 82
29 40 59
29 41 62
29 42 69
29 43 73
29 44 25
29 45 86
29 46 75
29 47 44
29 48 92
29 49 77
30 31 105
30 32 85
30 33 75
30 34 50
30 35 81
30 36 65
30 37 62
30 38 68
30 39 61
30 40 81
30 41 21
30 42 35
30 43 39
30 44 73
30 45 42
30 46 109
30 47 57
30 48 111
30 49 23
31 32 47
31 33 80
31 34 80
31 35 70
31 36 43
31 37 48
31 38 40
31 39 47
31 40 36
31 41 100
31 42 70
31 43 66
31 44 69
31 45 68
31 46 29
31 47 61
31 48 10
31 49 83
32 33 33
32 34 42
32 35 93
32 36 29
32 37 28
32 38 28
32 39 51
32 40 15
32 41 72
32 42 55
32 43 56
32 44 24
32 45 66
32 46 29
32 47 28
32 48 45
32 49 69
33 34 26
33 35 111
33 36 48
33 37 43
33 38 49
33 39 68
33 40 44
33 41 56
33 42 57
33 43 61
33 44 11
33 45 74
33 46 62
33 47 31
33 48 79
33 49 67
34 35 93
34 36 39
34 37 33
34 38 41
34 39 53
34 40 45
34 41 32
34 42 34
34 43 40
34 44 24
34 45 53
34 46 71
34 47 19
34 48 81
34 49 42
35 36 65
35 37 69
35 38 65
35 39 43
35 40 78
35 41 91
35 42 61
35 43 55
35 44 102
35 45 43
35 46 93
35 47 81
35 48 79
35 49 63
36 37 6
36 38 3
36 39 22
36 40 18
36 41 57
36 42 30
36 43 29
36 44 38
36 45 37
36 46 44
36 47 20
36 48 47
36 49 44
37 38 8
37 39 25
37 40 20
37 41 53
37 42 28
37 43 28
37 44 33
37 45 37
37 46 47
37 47 15
37 48 52
37 49 42
38 39 23
38 40 16
38 41 60
38 42 33
38 43 31
38 44 38
38 45 39
38 46 42
38 47 22
38 48 44
38 49 47
39 40 38
39 41 60
39 42 27
39 43 22
39 44 58
39 45 21
39 46 60
39 47 38
39 48 54
39 49 38
40 41 71
40 42 48
40 43 47
40 44 34
40 45 55
40 46 27
40 47 27
40 48 36
40 49 62
41 42 33
41 43 39
41 44 56
41 45 48
41 46 98
41 47 44
41 48 104
41 49 28
42 43 6
42 44 51
42 45 18
42 46 75
42 47 29
42 48 76
42 49 14
43 44 54
43 45 13
43 46 73
43 47 32
43 48 73
43 49 17
44 45 66
44 46 53
44 47 22
44 48 68
44 49 62
45 46 80
45 47 44
45 48 76
45 49 21
46 47 54
46 48 22
46 49 89
47 48 63
47 49 41
48 49 89
0 2 44
0 3 54
0 5 48
0 6 43
0 8 22
0 9 53
0 10 10
0 11 26
0 13 61
0 15 19
0 16 51
0 17 45
0 20 45
0 21 34
0 22 36
0 24 19
0 25 57
0 26 42
0 29 67
0 30 50
0 34 36
0 35 58
0 36 16
0 38 19
0 40 34
0 41 46
0 42 15
0 44 45
0 45 23
1 3 15
1 5 83
1 6 8
1 7 72
1 8 53
1 9 92
1 10 48
1 11 22
1 13 28
1 14 74
1 16 12
1 17 56
1 18 80
1 20 50
1 21 27
1 24 59
1 26 60
1 27 49
1 28 83
1 29 71
1 30 12
1 32 73
1 33 64
1 34 38
1 36 54
1 37 50
1 38 57
1 39 52
1 43 30
1 45 37
1 46 97
1 47 45
1 48 100
1 49 16
2 3 14
2 5 82
2 6 5
2 7 83
2 8 51
2 9 93
2 12 75
2 15 62
2 17 68
2 18 83
2 19 77
2 21 40
2 22 71
2 23 53
2 25 68
2 26 71
2 27 55
2 30 10
2 31 98
2 32 82
2 34 50
2 35 71
2 36 59
2 39 52
2 41 26
2 43 32
2 44 72
2 46 103
2 47 54
2 48 104
3 4 121
3 5 95
3 7 85
3 9 105
3 13 18
3 14 87
3 15 73
3 17 69
3 18 94
3 19 90
3 20 62
3 21 40
3 22 76
3 23 67
3 24 73
3 26 74
3 27 64
3 28 98
3 31 109
3 32 87
3 33 76
3 34 50
3 35 86
3 37 64
3 38 71
3 39 65
3 40 84
3 42 39
3 43 43
3 46 111
3 47 59
3 48 114
4 7 73
4 8 66
4 11 93
4 12 37
4 13 128
4 14 63
4 15 49
4 19 41
4 20 86
4 21 93
4 22 59
4 23 93
4 25 88
4 26 70
4 27 58
4 28 45
4 29 96
4 30 118
4 31 15
4 32 50
4 34 88
4 35 85
4 36 54
4 37 58
4 38 51
4 39 61
4 42 83
4 43 80
4 44 73
4 45 83
4 46 23
4 47 69
4 48 7
4 49 96
5 7 88
5 8 30
5 9 17
5 10 47
5 11 63
5 12 25
5 15 35
5 16 93
5 18 29
5 19 13
5 20 88
5 21 82
5 22 67
5 25 40
5 26 78
5 27 46
5 29 107
5 31 34
5 32 66
5 34 82
5 37 50
5 38 44
5 39 32
5 40 51
5 41 92
5 42 59
5 43 53
5 44 82
6 7 79
6 9 93
6 11 20
6 12 75
6 13 21
6 14 81
6 16 9
6 21 35
6 22 68
6 24 62
6 25 72
6 26 68
6 27 53
6 28 89
6 29 79
6 33 72
6 34 46
6 36 58
6 37 55
6 38 61
6 40 74
6 42 28
6 43 32
6 44 69
6 45 35
6 46 102
6 47 51
6 48 104
6 49 15
7 8 74
7 9 83
7 10 48
7 11 74
7 13 100
7 16 83
7 17 16
7 20 24
7 21 45
7 24 52
7 25 111
7 26 13
7 29 23
7 30 84
7 31 72
7 33 12
7 34 34
7 36 46
7 37 42
7 40 38
7 42 61
7 43 64
7 45 77
7 47 33
7 48 69
7 49 72
8 9 42
8 10 27
8 12 28
8 14 68
8 15 23
8 17 67
8 18 38
8 20 67
8 21 55
8 24 25
8 25 36
8 26 62
8 28 65
8 29 88
8 31 51
8 32 58
8 33 75
8 34 58
8 35 36
8 36 29
8 37 32
8 38 30
8 40 45
8 41 62
8 42 29
8 43 23
8 46 66
8 47 44
8 48 59
8 49 38
9 10 49
9 11 74
9 14 73
9 15 36
9 16 103
9 17 83
9 18 20
9 20 87
9 21 86
9 22 63
9 25 57
9 26 75
9 27 48
9 28 59
9 29 104
9 34 84
9 35 54
9 36 45
9 38 43
9 41 99
9 44 78
9 47 65
10 11 36
10 13 70
10 15 13
10 16 59
10 17 41
10 18 34
10 19 36
10 21 36
10 22 27
10 23 57
10 24 12
10 25 63
10 28 43
10 29 62
10 30 59
10 31 48
10 34 36
10 35 63
10 36 6
10 37 6
10 38 9
10 39 20
10 40 24
10 41 52
10 42 24
10 43 23
10 45 32
10 46 51
10 47 18
10 48 53
10 49 38
11 12 56
11 13 35
11 14 73
11 15 44
11 16 30
11 18 65
11 19 58
11 21 37
11 24 45
11 25 55
11 28 78
11 29 80
11 30 28
11 31 79
11 32 68
11 33 69
11 34 45
11 36 42
11 38 45
11 39 33
11 40 60
11 41 33
11 42 13
11 48 86
11 49 6
12 13 92
12 16 84
12 20 66
12 21 64
12 22 43
12 23 58
12 24 16
12 25 57
12 26 55
12 27 26
12 28 45
12 29 83
12 30 83
12 32 41
12 33 69
12 34 62
12 35 55
12 36 23
12 37 29
12 38 22
12 41 78
12 43 43
12 44 58
12 45 45
12 46 39
12 47 43
13 15 79
13 16 18
13 21 55
13 22 89
13 24 80
13 25 76
13 26 88
13 27 72
13 29 98
13 30 16
13 31 115
13 32 100
13 33 92
13 34 66
13 35 80
13 36 77
13 37 74
13 39 68
13 41 37
13 42 46
13 43 49
13 45 48
13 47 72
13 48 121
13 49 32
14 17 22
14 18 53
14 20 30
14 21 48
14 22 15
14 26 14
14 27 42
14 28 19
14 29 34
14 30 86
14 31 61
14 32 14
14 33 21
14 34 38
14 37 37
14 38 39
14 39 61
14 42 59
14 44 14
14 46 41
14 48 59
14 49 72
15 16 70
15 17 51
15 19 23
15 20 53
15 22 33
15 25 58
15 26 44
15 27 12
15 28 42
15 29 72
15 30 69
15 32 36
15 34 48
15 36 10
15 37 15
15 38 9
15 42 34
15 43 31
15 44 47
15 45 36
15 46 44
15 48 42
15 49 47
16 17 67
16 18 92
16 19 87
16 20 60
16 21 38
16 22 74
16 23 66
16 24 70
16 25 81
16 26 72
16 27 61
16 28 95
16 29 80
16 30 3
16 33 74
16 34 48
16 35 84
16 36 66
16 37 62
16 38 68
16 39 62
16 40 81
16 41 18
16 42 36
16 43 41
16 44 72
16 45 45
16 46 109
16 47 57
16 49 24
17 18 64
17 19 74
17 20 8
17 21 29
17 22 22
17 23 95
17 24 48
17 25 103
17 27 41
17 28 39
17 30 68
17 31 75
17 32 31
17 33 8
17 35 103
17 36 41
17 37 36
17 38 42
17 39 60
17 40 40
17 41 50
17 44 8
17 45 66
17 46 60
17 47 23
17 48 75
17 49 58
18 19 17
18 20 68
18 21 69
18 22 43
18 23 67
18 24 22
18 25 65
18 28 40
18 29 84
18 30 91
18 31 15
18 33 69
18 35 62
18 37 34
18 38 26
18 39 33
18 41 85
18 42 55
18 43 52
18 44 58
18 45 54
18 48 21
19 20 77
19 23 52
19 24 25
19 25 48
19 26 66
19 28 56
19 29 95
19 30 86
19 31 26
19 32 53
19 33 80
19 34 71
19 35 45
19 36 33
19 37 39
19 38 32
19 40 38
19 41 84
19 43 47
19 44 69
19 45 45
19 46 48
19 48 35
19 49 63
20 21 23
20 22 27
20 25 102
20 26 17
20 27 43
20 28 47
20 29 23
20 30 62
20 33 13
20 34 13
20 36 44
20 37 38
20 38 45
20 39 61
20 40 45
20 41 43
20 42 46
20 43 51
20 44 16
20 46 67
20 47 24
20 48 81
20 49 54
21 22 39
21 26 34
21 27 38
21 30 39
21 31 83
21 33 36
21 35 89
21 36 41
21 37 36
21 39 51
21 40 51
21 41 22
21 42 28
21 43 34
21 44 34
21 46 78
21 47 24
21 48 86
22 23 84
22 24 31
22 26 12
22 27 27
22 28 22
22 29 41
22 30 74
22 31 54
22 33 26
22 34 31
22 35 89
22 36 25
22 37 21
22 38 24
22 39 46
22 41 60
22 42 45
22 43 47
22 45 58
22 47 17
22 48 54
22 49 58
23 25 16
23 26 92
23 27 58
23 29 116
23 30 63
23 31 78
23 32 90
23 33 103
23 34 82
23 35 20
23 37 63
23 39 39
23 40 77
23 42 48
23 43 43
23 44 95
23 45 30
23 46 97
23 47 72
23 48 87
23 49 47
24 25 60
24 26 41
24 27 10
24 28 40
24 32 33
24 34 47
24 35 60
24 37 14
24 38 7
24 39 18
24 41 63
24 43 31
24 44 45
24 45 37
24 46 42
24 48 42
24 49 48
25 26 99
25 27 63
25 28 100
25 29 124
25 30 78
25 31 73
25 34 92
25 35 4
25 36 65
25 37 69
25 39 43
25 40 80
25 41 88
25 42 59
25 43 53
25 44 102
25 46 96
25 47 80
25 48 82
26 28 29
26 29 29
26 30 73
26 31 66
26 32 21
26 33 14
26 35 99
26 39 55
26 40 30
26 41 56
26 43 52
26 44 3
26 45 64
26 46 50
26 48 65
26 49 60
27 31 47
27 32 33
27 33 48
27 34 37
27 35 63
27 38 7
27 40 23
27 41 53
27 42 26
27 43 24
27 45 33
27 46 49
27 47 19
27 49 40
28 30 96
28 31 45
28 32 10
28 33 40
28 34 52
28 37 37
28 38 36
28 39 58
28 41 82
28 42 65
28 45 74
28 46 22
28 47 39
29 30 82
29 31 94
29 32 47
29 33 15
29 34 35
29 35 125
29 36 63
29 38 63
29 39 82
29 40 59
29 43 73
29 44 25
29 46 75
29 48 92
29 49 77
30 32 85
30 33 75
30 35 81
30 36 65
30 37 62
30 38 68
30 39 61
30 40 81
30 44 73
30 46 109
30 47 57
30 49 23
31 32 47
31 36 43
31 38 40
31 40 36
31 42 70
31 43 66
31 44 69
31 45 68
31 48 10
31 49 83
32 33 33
32 34 42
32 35 93
32 36 29
32 37 28
32 39 51
32 40 15
32 41 72
32 42 55
32 43 56
32 44 24
32 45 66
32 46 29
32 47 28
32 48 45
33 34 26
33 35 111
33 36 48
33 37 43
33 38 49
33 39 68
33 40 44
33 41 56
33 42 57
33 43 61
33 45 74
33 46 62
33 48 79
34 35 93
34 36 39
34 38 41
34 42 34
34 43 40
34 45 53
34 48 81
35 36 65
35 37 69
35 39 43
35 40 78
35 44 102
35 45 43
35 46 93
35 47 81
35 49 63
36 37 6
36 38 3
36 42 30
36 44 38
36 46 44
36 47 20
36 49 44
37 38 8
37 39 25
37 40 20
37 41 53
37 42 28
37 43 28
37 45 37
37 46 47
37 47 15
37 48 52
37 49 42
38 39 23
38 41 60
38 42 33
38 43 31
38 44 38
38 46 42
38 47 22
38 49 47
39 40 38
39 41 60
39 42 27
39 43 22
39 44 58
39 45 21
39 49 38
40 41 71
40 43 47
40 44 34
40 45 55
40 46 27
40 47 27
40 49 62
41 42 33
41 43 39
41 45 48
41 48 104
41 49 28
42 43 6
42 46 75
42 47 29
42 48 76
42 49 14
43 44 54
43 45 13
43 47 32
43 49 17
44 45 66
44 46 53
44 47 22
44 48 68
44 49 62
45 46 80
45 48 76
46 47 54
46 48 22
47 48 63
48 49 89
