10 0.7 0 1 1 45 31 6
0.163247 0.48679 76
0.882656 0.733865 0
0.585809 0.336402 50
0.556306 0.724293 33
0.24203 0.788526 64
0.153678 0.410462 80
0.127793 0.719815 75
0.514445 0.409232 49
0.597063 0.068945 72
0.313987 0.459836 63
0 1 76
0 2 45
0 3 46
0 4 31
0 5 8
0 6 24
0 7 36
0 8 60
0 9 15
1 2 50
1 3 33
1 4 64
1 5 80
1 6 75
1 7 49
1 8 72
1 9 63
2 3 39
2 4 57
2 5 44
2 6 60
2 7 10
2 8 27
2 9 30
3 4 32
3 5 51
3 6 43
3 7 32
3 8 66
3 9 36
4 5 39
4 6 13
4 7 47
4 8 80
4 9 34
5 6 31
5 7 36
5 8 56
5 9 17
6 7 50
6 8 80
6 9 32
7 8 35
7 9 21
8 9 48
0 1 76
0 3 46
0 5 8
0 6 24
0 7 36
0 8 60
1 2 50
1 5 80
1 6 75
1 7 49
1 8 72
1 9 63
2 3 39
2 4 57
2 6 60
2 7 10
2 8 27
3 4 32
3 5 51
3 6 43
4 5 39
4 7 47
4 8 80
5 6 31
5 7 36
5 8 56
5 9 17
6 7 50
6 8 80
7 8 35
7 9 21
