100 0.5 20 1 0.1 4950 2475 36
0.380662 0.970408 6
0.0113866 0.922486 10
0.21305 0.760664 8
0.967305 0.899303 1
0.59179 0.971011 4
0.159875 0.979847 8
0.801285 0.834971 2
0.81375 0.510723 5
0.599226 0.501442 6
0.675623 0.875146 3
0.690477 0.60379 5
0.0081822 0.782741 10
0.206132 0.858281 8
0.265547 0.792996 7
0.706849 0.0557029 10
0.769801 0.118462 9
0.0785107 0.972632 9
0.986062 0.730365 3
0.739895 0.906648 3
0.552121 0.2848 8
0.984644 0.406102 6
0.981774 0.996924 0
0.344793 0.747371 7
0.214337 0.748924 8
0.590283 0.117383 10
0.174398 0.279273 11
0.113575 0.753454 9
0.0850193 0.858234 9
0.0900343 0.506454 10
0.822465 0.655217 4
0.110225 0.315357 11
0.584121 0.859539 4
0.461611 0.690822 6
0.379878 0.586179 7
0.552173 0.355575 8
0.662268 0.483857 6
0.270406 0.779582 7
0.502662 0.598738 6
0.326997 0.208659 10
0.994581 0.361695 6
0.259471 0.522218 9
0.883988 0.431636 6
0.461982 0.799851 6
0.664101 0.144424 9
0.428337 0.420061 8
0.305873 0.789203 7
0.0629183 0.567104 10
0.304211 0.239259 10
0.345684 0.595195 8
0.25709 0.86086 7
0.190416 0.595264 9
0.621703 0.851247 4
0.819466 0.333329 7
0.365538 0.826803 6
0.827297 0.754302 3
0.0364914 0.142821 13
0.651942 0.459972 6
0.842481 0.291415 7
0.213151 0.420472 10
0.889929 0.0610064 9
0.67241 0.192141 9
0.0994675 0.288028 11
0.26951 0.871497 7
0.834936 0.28131 7
0.429428 0.141833 10
0.47625 0.302374 9
0.943727 0.811249 2
0.413041 0.585493 7
0.895676 0.515618 5
0.337425 0.119449 11
0.780035 0.969163 2
0.982499 0.835638 2
0.532721 0.637764 6
0.0734419 0.0402445 13
0.539188 0.709173 5
0.73738 0.0702482 10
0.827511 0.135975 9
0.979942 0.214414 8
0.52395 0.0466108 11
0.0573953 0.815915 9
0.531102 0.145892 10
0.748789 0.374166 7
0.80087 0.731779 3
0.321316 0.863245 7
0.888706 0.57672 4
0.453258 0.342694 8
0.423396 0.572251 7
0.88262 0.615434 4
0.713566 0.649798 4
0.738047 0.388893 7
0.180622 0.697786 9
0.0715601 0.312809 11
0.676484 0.825125 4
0.118437 0.781988 9
0.301661 0.845819 7
0.858472 0.603837 4
0.894649 0.115328 9
0.376431 0.642788 7
0.0870805 0.62957 10
0.876236 0.787151 2
0 1 37
0 2 27
0 3 59
0 4 21
0 5 22
0 6 44
0 7 63
0 8 52
0 9 31
0 10 48
0 11 42
0 12 21
0 13 21
0 14 97
0 15 94
0 16 30
0 17 65
0 18 36
0 19 71
0 20 83
0 21 60
0 22 23
0 23 28
0 24 88
0 25 72
0 26 34
0 27 32
0 28 55
0 29 54
0 30 71
0 31 23
0 32 29
0 33 38
0 34 64
0 35 56
0 36 22
0 37 39
0 38 76
0 39 86
0 40 46
0 41 74
0 42 19
0 43 87
0 44 55
0 45 20
0 46 51
0 47 74
0 48 38
0 49 17
0 50 42
0 51 27
0 52 77
0 53 14
0 54 50
0 55 90
0 56 58
0 57 82
0 58 57
0 59 104
0 60 83
0 61 74
0 62 15
0 63 83
0 64 83
0 65 67
0 66 59
0 67 39
0 68 69
0 69 85
0 70 40
0 71 62
0 72 37
0 73 98
0 74 31
0 75 97
0 76 95
0 77 96
0 78 93
0 79 36
0 80 84
0 81 70
0 82 48
0 83 12
0 84 64
0 85 63
0 86 40
0 87 61
0 88 46
0 89 68
0 90 34
0 91 73
0 92 33
0 93 32
0 94 15
0 95 60
0 96 100
0 97 33
0 98 45
0 99 53
1 2 26
1 3 96
1 4 58
1 5 16
1 6 79
1 7 90
1 8 72
1 9 67
1 10 75
1 11 14
1 12 21
1 13 29
1 14 111
1 15 111
1 16 8
1 17 99
1 18 73
1 19 84
1 20 110
1 21 97
1 22 38
1 23 27
1 24 99
1 25 66
1 26 20
1 27 10
1 28 42
1 29 85
1 30 62
1 31 58
1 32 51
1 33 50
1 34 78
1 35 78
1 36 30
1 37 59
1 38 78
1 39 113
1 40 47
1 41 100
1 42 47
1 43 102
1 44 65
1 45 32
1 46 36
1 47 74
1 48 47
1 49 25
1 50 37
1 51 61
1 52 100
1 53 37
1 54 83
1 55 78
1 56 79
1 57 104
1 58 54
1 59 123
1 60 99
1 61 64
1 62 26
1 63 104
1 64 89
1 65 78
1 66 94
1 67 52
1 68 97
1 69 87
1 70 77
1 71 97
1 72 59
1 73 88
1 74 57
1 75 112
1 76 113
1 77 120
1 78 101
1 79 12
1 80 93
1 81 92
1 82 81
1 83 32
1 84 94
1 85 73
1 86 54
1 87 92
1 88 75
1 89 90
1 90 28
1 91 61
1 92 67
1 93 18
1 94 30
1 95 91
1 96 120
1 97 46
1 98 30
1 99 88
2 3 77
2 4 43
2 5 23
2 6 59
2 7 65
2 8 47
2 9 48
2 10 50
2 11 21
2 12 10
2 13 6
2 14 86
2 15 85
2 16 25
2 17 77
2 18 55
2 19 58
2 20 85
2 21 80
2 22 13
2 23 1
2 24 75
2 25 48
2 26 10
2 27 16
2 28 28
2 29 62
2 30 46
2 31 38
2 32 26
2 33 24
2 34 53
2 35 53
2 36 6
2 37 33
2 38 56
2 39 88
2 40 24
2 41 75
2 42 25
2 43 76
2 44 40
2 45 10
2 46 24
2 47 53
2 48 21
2 49 11
2 50 17
2 51 42
2 52 74
2 53 17
2 54 61
2 55 64
2 56 53
2 57 79
2 58 34
2 59 97
2 60 73
2 61 49
2 62 12
2 63 79
2 64 66
2 65 53
2 66 73
2 67 27
2 68 73
2 69 65
2 70 60
2 71 77
2 72 34
2 73 73
2 74 33
2 75 87
2 76 88
2 77 94
2 78 78
2 79 17
2 80 69
2 81 66
2 82 59
2 83 15
2 84 70
2 85 48
2 86 28
2 87 69
2 88 51
2 89 64
2 90 7
2 91 47
2 92 47
2 93 10
2 94 12
2 95 66
2 96 94
2 97 20
2 98 18
2 99 66
3 4 38
3 5 81
3 6 18
3 7 42
3 8 54
3 9 29
3 10 40
3 11 97
3 12 76
3 13 71
3 14 88
3 15 81
3 16 89
3 17 17
3 18 23
3 19 74
3 20 49
3 21 10
3 22 64
3 23 77
3 24 87
3 25 101
3 26 87
3 27 88
3 28 96
3 29 28
3 30 104
3 31 39
3 32 55
3 33 67
3 34 68
3 35 52
3 36 71
3 37 55
3 38 94
3 39 54
3 40 80
3 41 48
3 42 52
3 43 81
3 44 72
3 45 67
3 46 96
3 47 94
3 48 69
3 49 71
3 50 83
3 51 35
3 52 58
3 53 61
3 54 20
3 55 120
3 56 54
3 57 62
3 58 89
3 59 84
3 60 77
3 61 106
3 62 70
3 63 63
3 64 93
3 65 77
3 66 9
3 67 64
3 68 39
3 69 100
3 70 20
3 71 7
3 72 51
3 73 124
3 74 47
3 75 86
3 76 78
3 77 69
3 78 96
3 79 91
3 80 87
3 81 57
3 82 24
3 83 65
3 84 33
3 85 76
3 86 63
3 87 30
3 88 36
3 89 56
3 90 81
3 91 107
3 92 30
3 93 86
3 94 67
3 95 31
3 96 79
3 97 64
3 98 92
3 99 14
4 5 43
4 6 25
4 7 51
4 8 47
4 9 13
4 10 38
4 11 61
4 12 40
4 13 37
4 14 92
4 15 87
4 16 51
4 17 46
4 18 16
4 19 69
4 20 69
4 21 39
4 22 33
4 23 44
4 24 85
4 25 81
4 26 53
4 27 52
4 28 68
4 29 39
4 30 81
4 31 11
4 32 31
4 33 44
4 34 62
4 35 49
4 36 37
4 37 38
4 38 81
4 39 73
4 40 56
4 41 61
4 42 21
4 43 83
4 44 57
4 45 34
4 46 67
4 47 79
4 48 45
4 49 35
4 50 55
4 51 12
4 52 68
4 53 27
4 54 32
4 55 100
4 56 51
4 57 72
4 58 67
4 59 96
4 60 78
4 61 84
4 62 34
4 63 73
4 64 84
4 65 68
4 66 39
4 67 42
4 68 55
4 69 89
4 70 19
4 71 41
4 72 34
4 73 107
4 74 27
4 75 91
4 76 87
4 77 85
4 78 93
4 79 56
4 80 83
4 81 62
4 82 32
4 83 29
4 84 49
4 85 64
4 86 43
4 87 46
4 88 34
4 89 60
4 90 49
4 91 84
4 92 17
4 93 51
4 94 32
4 95 45
4 96 91
4 97 39
4 98 61
4 99 34
5 6 66
5 7 80
5 8 65
5 9 53
5 10 65
5 11 25
5 12 13
5 13 21
5 14 107
5 15 106
5 16 8
5 17 86
5 18 58
5 19 80
5 20 100
5 21 82
5 22 30
5 23 24
5 24 96
5 25 70
5 26 23
5 27 14
5 28 48
5 29 74
5 30 67
5 31 44
5 32 42
5 33 45
5 34 74
5 35 71
5 36 23
5 37 51
5 38 79
5 39 104
5 40 47
5 41 91
5 42 35
5 43 98
5 44 62
5 45 24
5 46 42
5 47 75
5 48 43
5 49 15
5 50 39
5 51 48
5 52 92
5 53 26
5 54 70
5 55 85
5 56 72
5 57 97
5 58 56
5 59 117
5 60 94
5 61 69
5 62 15
5 63 97
5 64 88
5 65 75
5 66 80
5 67 47
5 68 87
5 69 88
5 70 62
5 71 84
5 72 51
5 73 94
5 74 47
5 75 108
5 76 108
5 77 112
5 78 100
5 79 19
5 80 91
5 81 84
5 82 69
5 83 20
5 84 83
5 85 70
5 86 49
5 87 81
5 88 64
5 89 83
5 90 28
5 91 67
5 92 54
5 93 20
5 94 20
5 95 79
5 96 113
5 97 40
5 98 36
5 99 74
6 7 32
6 8 39
6 9 13
6 10 26
6 11 79
6 12 60
6 13 54
6 14 78
6 15 72
6 16 74
6 17 21
6 18 9
6 19 60
6 20 47
6 21 24
6 22 46
6 23 59
6 24 75
6 25 84
6 26 69
6 27 72
6 28 78
6 29 18
6 30 86
6 31 22
6 32 37
6 33 49
6 34 54
6 35 38
6 36 53
6 37 38
6 38 79
6 39 51
6 40 63
6 41 41
6 42 34
6 43 70
6 44 56
6 45 50
6 46 79
6 47 78
6 48 51
6 49 54
6 50 66
6 51 18
6 52 50
6 53 44
6 54 8
6 55 103
6 56 40
6 57 55
6 58 72
6 59 78
6 60 66
6 61 89
6 62 53
6 63 55
6 64 79
6 65 62
6 66 14
6 67 46
6 68 33
6 69 85
6 70 14
6 71 18
6 72 33
6 73 108
6 74 29
6 75 77
6 76 70
6 77 65
6 78 84
6 79 74
6 80 74
6 81 46
6 82 10
6 83 48
6 84 27
6 85 60
6 86 46
6 87 23
6 88 20
6 89 45
6 90 64
6 91 90
6 92 13
6 93 68
6 94 50
6 95 24
6 96 73
6 97 47
6 98 74
6 99 9
7 8 21
7 9 39
7 10 15
7 11 85
7 12 70
7 13 62
7 14 47
7 15 39
7 16 87
7 17 28
7 18 40
7 19 35
7 20 20
7 21 51
7 22 53
7 23 65
7 24 45
7 25 68
7 26 74
7 27 81
7 28 72
7 29 14
7 30 73
7 31 42
7 32 40
7 33 44
7 34 30
7 35 15
7 36 61
7 37 32
7 38 57
7 39 23
7 40 55
7 41 11
7 42 46
7 43 40
7 44 40
7 45 58
7 46 75
7 47 58
7 48 48
7 49 66
7 50 63
7 51 39
7 52 18
7 53 55
7 54 24
7 55 86
7 56 17
7 57 22
7 58 61
7 59 46
7 60 35
7 61 75
7 62 65
7 63 23
7 64 53
7 65 40
7 66 33
7 67 41
7 68 8
7 69 62
7 70 46
7 71 37
7 72 31
7 73 88
7 74 34
7 75 45
7 76 38
7 77 34
7 78 55
7 79 82
7 80 46
7 81 15
7 82 22
7 83 61
7 84 10
7 85 40
7 86 40
7 87 13
7 88 17
7 89 14
7 90 66
7 91 77
7 92 34
7 93 75
7 94 61
7 95 10
7 96 40
7 97 46
7 98 74
7 99 28
8 9 38
8 10 14
8 11 65
8 12 53
8 13 44
8 14 46
8 15 42
8 16 70
8 17 45
8 18 43
8 19 22
8 20 40
8 21 63
8 22 35
8 23 46
8 24 38
8 25 48
8 26 55
8 27 63
8 28 51
8 29 27
8 30 52
8 31 36
8 32 23
8 33 24
8 34 15
8 35 7
8 36 43
8 37 14
8 38 40
8 39 42
8 40 34
8 41 29
8 42 33
8 43 36
8 44 19
8 45 41
8 46 54
8 47 39
8 48 27
8 49 50
8 50 42
8 51 35
8 52 28
8 53 40
8 54 34
8 55 67
8 56 7
8 57 32
8 58 39
8 59 53
8 60 32
8 61 54
8 62 50
8 63 32
8 64 40
8 65 23
8 66 46
8 67 20
8 68 30
8 69 46
8 70 50
8 71 51
8 72 15
8 73 70
8 74 22
8 75 45
8 76 43
8 77 48
8 78 46
8 79 63
8 80 36
8 81 20
8 82 31
8 83 46
8 84 30
8 85 22
8 86 19
8 87 31
8 88 19
8 89 18
8 90 46
8 91 56
8 92 33
8 93 56
8 94 46
8 95 28
8 96 49
8 97 26
8 98 53
8 99 40
9 10 27
9 11 67
9 12 47
9 13 42
9 14 82
9 15 76
9 16 61
9 17 34
9 18 7
9 19 60
9 20 56
9 21 33
9 22 35
9 23 48
9 24 76
9 25 78
9 26 58
9 27 59
9 28 69
9 29 26
9 30 80
9 31 9
9 32 28
9 33 41
9 34 53
9 35 39
9 36 42
9 37 33
9 38 75
9 39 60
9 40 55
9 41 49
9 42 23
9 43 73
9 44 52
9 45 38
9 46 69
9 47 74
9 48 43
9 49 42
9 50 56
9 51 6
9 52 56
9 53 31
9 54 19
9 55 97
9 56 42
9 57 61
9 58 65
9 59 84
9 60 68
9 61 82
9 62 41
9 63 61
9 64 77
9 65 61
9 66 28
9 67 39
9 68 42
9 69 83
9 70 14
9 71 31
9 72 28
9 73 103
9 74 21
9 75 81
9 76 75
9 77 73
9 78 84
9 79 62
9 80 74
9 81 51
9 82 19
9 83 35
9 84 37
9 85 58
9 86 39
9 87 33
9 88 23
9 89 49
9 90 53
9 91 83
9 92 5
9 93 56
9 94 38
9 95 33
9 96 79
9 97 38
9 98 64
9 99 22
10 11 71
10 12 55
10 13 47
10 14 55
10 15 49
10 16 71
10 17 32
10 18 31
10 19 35
10 20 35
10 21 49
10 22 37
10 23 50
10 24 50
10 25 61
10 26 60
10 27 66
10 28 61
10 29 14
10 30 65
10 31 28
10 32 24
10 33 31
10 34 28
10 35 12
10 36 46
10 37 19
10 38 54
10 39 39
10 40 44
10 41 26
10 42 30
10 43 46
10 44 32
10 45 43
10 46 63
10 47 53
10 48 34
10 49 50
10 50 50
10 51 26
10 52 30
10 53 39
10 54 20
10 55 80
10 56 15
10 57 35
10 58 51
10 59 58
10 60 41
10 61 67
10 62 50
10 63 35
10 64 53
10 65 37
10 66 33
10 67 28
10 68 22
10 69 60
10 70 38
10 71 37
10 72 16
10 73 84
10 74 18
10 75 54
10 76 49
10 77 49
10 78 58
10 79 67
10 80 48
10 81 24
10 82 17
10 83 45
10 84 20
10 85 35
10 86 27
10 87 19
10 88 5
10 89 22
10 90 52
10 91 68
10 92 22
10 93 60
10 94 46
10 95 17
10 96 53
10 97 32
10 98 60
10 99 26
11 12 21
11 13 26
11 14 101
11 15 101
11 16 20
11 17 98
11 18 74
11 19 74
11 20 105
11 21 100
11 22 34
11 23 21
11 24 88
11 25 53
11 26 11
11 27 11
11 28 29
11 29 82
11 30 48
11 31 58
11 32 46
11 33 42
11 34 69
11 35 72
11 36 26
11 37 53
11 38 66
11 39 107
11 40 36
11 41 94
11 42 45
11 43 92
11 44 56
11 45 30
11 46 22
11 47 62
11 48 39
11 49 26
11 50 26
11 51 62
11 52 93
11 53 36
11 54 82
11 55 64
11 56 72
11 57 97
11 58 42
11 59 114
11 60 89
11 61 50
11 62 28
11 63 97
11 64 77
11 65 67
11 66 94
11 67 45
11 68 93
11 69 74
11 70 79
11 71 98
11 72 54
11 73 75
11 74 54
11 75 102
11 76 104
11 77 113
11 78 90
11 79 6
11 80 82
11 81 85
11 82 79
11 83 32
11 84 90
11 85 63
11 86 47
11 87 89
11 88 72
11 89 83
11 90 19
11 91 47
11 92 67
11 93 11
11 94 30
11 95 87
11 96 111
11 97 39
11 98 17
11 99 87
12 13 9
12 14 95
12 15 93
12 16 17
12 17 79
12 18 54
12 19 67
12 20 90
12 21 79
12 22 18
12 23 11
12 24 83
12 25 58
12 26 14
12 27 12
12 28 37
12 29 65
12 30 55
12 31 38
12 32 31
12 33 32
12 34 61
12 35 59
12 36 10
12 37 39
12 38 66
12 39 93
12 40 34
12 41 80
12 42 26
12 43 85
12 44 49
12 45 12
12 46 32
12 47 63
12 48 30
12 49 5
12 50 26
12 51 42
12 52 81
12 53 16
12 54 63
12 55 74
12 56 60
12 57 85
12 58 44
12 59 105
12 60 81
12 61 58
12 62 6
12 63 85
12 64 75
12 65 62
12 66 74
12 67 34
12 68 77
12 69 75
12 70 58
12 71 78
12 72 39
12 73 83
12 74 36
12 75 95
12 76 95
12 77 101
12 78 87
12 79 15
12 80 78
12 81 73
12 82 61
12 83 12
12 84 74
12 85 57
12 86 36
12 87 72
12 88 55
12 89 71
12 90 16
12 91 56
12 92 47
12 93 12
12 94 10
12 95 70
12 96 101
12 97 27
12 98 26
12 99 67
13 14 86
13 15 84
13 16 26
13 17 72
13 18 49
13 19 58
13 20 82
13 21 74
13 22 9
13 23 7
13 24 75
13 25 52
13 26 16
13 27 19
13 28 34
13 29 57
13 30 50
13 31 33
13 32 22
13 33 24
13 34 52
13 35 50
13 36 1
13 37 31
13 38 59
13 39 85
13 40 27
13 41 72
13 42 20
13 43 76
13 44 41
13 45 4
13 46 30
13 47 56
13 48 21
13 49 7
13 50 21
13 51 36
13 52 72
13 53 11
13 54 56
13 55 69
13 56 51
13 57 76
13 58 38
13 59 96
13 60 73
13 61 53
13 62 8
13 63 77
13 64 67
13 65 53
13 66 68
13 67 25
13 68 69
13 69 68
13 70 54
13 71 72
13 72 31
13 73 78
13 74 29
13 75 86
13 76 86
13 77 92
13 78 79
13 79 21
13 80 70
13 81 64
13 82 54
13 83 9
13 84 66
13 85 49
13 86 27
13 87 64
13 88 47
13 89 62
13 90 13
13 91 52
13 92 41
13 93 15
13 94 6
13 95 62
13 96 92
13 97 19
13 98 24
13 99 61
14 15 9
14 16 111
14 17 73
14 18 85
14 19 28
14 20 45
14 21 98
14 22 78
14 23 85
14 24 13
14 25 58
14 26 92
14 27 102
14 28 76
14 29 61
14 30 65
14 31 81
14 32 68
14 33 62
14 34 34
14 35 43
14 36 85
14 37 58
14 38 41
14 39 42
14 40 65
14 41 42
14 42 78
14 43 10
14 44 46
14 45 84
14 46 82
14 47 44
14 48 65
14 49 92
14 50 75
14 51 80
14 52 30
14 53 84
14 54 71
14 55 68
14 56 41
14 57 27
14 58 61
14 59 18
14 60 14
14 61 65
14 62 93
14 63 26
14 64 29
14 65 34
14 66 79
14 67 61
14 68 50
14 69 37
14 70 92
14 71 83
14 72 61
14 73 63
14 74 67
14 75 3
14 76 14
14 77 32
14 78 18
14 79 100
14 80 20
14 81 32
14 82 68
14 83 89
14 84 55
14 85 38
14 86 59
14 87 59
14 88 59
14 89 33
14 90 83
14 91 69
14 92 77
14 93 93
14 94 89
14 95 57
14 96 20
14 97 67
14 98 84
14 99 75
15 16 110
15 17 65
15 18 79
15 19 27
15 20 36
15 21 90
15 22 76
15 23 84
15 24 18
15 25 62
15 26 91
15 27 101
15 28 78
15 29 54
15 30 69
15 31 76
15 32 65
15 33 61
15 34 32
15 35 38
15 36 83
15 37 55
15 38 45
15 39 33
15 40 65
15 41 33
15 42 75
15 43 11
15 44 46
15 45 82
15 46 84
15 47 48
15 48 64
15 49 90
15 50 75
15 51 75
15 52 22
15 53 82
15 54 64
15 55 73
15 56 36
15 57 19
15 58 63
15 59 13
15 60 12
15 61 69
15 62 90
15 63 18
15 64 34
15 65 35
15 66 71
15 67 59
15 68 42
15 69 43
15 70 85
15 71 75
15 72 57
15 73 70
15 74 63
15 75 6
15 76 6
15 77 23
15 78 26
15 79 100
15 80 24
15 81 26
15 82 61
15 83 87
15 84 47
15 85 39
15 86 57
15 87 51
15 88 53
15 89 27
15 90 83
15 91 72
15 92 71
15 93 93
15 94 86
15 95 49
15 96 12
15 97 66
15 98 85
15 99 68
16 17 94
16 18 66
16 19 84
16 20 107
16 21 90
16 22 35
16 23 26
16 24 100
16 25 70
16 26 22
16 27 11
16 28 47
16 29 81
16 30 66
16 31 52
16 32 48
16 33 49
16 34 78
16 35 76
16 36 27
16 37 57
16 38 80
16 39 110
16 40 49
16 41 97
16 42 42
16 43 101
16 44 65
16 45 29
16 46 41
16 47 77
16 48 46
16 49 21
16 50 39
16 51 56
16 52 98
16 53 32
16 54 78
16 55 83
16 56 77
16 57 102
16 58 57
16 59 122
16 60 98
16 61 68
16 62 22
16 63 102
16 64 90
16 65 78
16 66 88
16 67 51
16 68 94
16 69 89
16 70 70
16 71 91
16 72 56
16 73 93
16 74 53
16 75 112
16 76 112
16 77 118
16 78 103
16 79 16
16 80 94
16 81 90
16 82 76
16 83 27
16 84 90
16 85 73
16 86 53
16 87 88
16 88 71
16 89 88
16 90 29
16 91 66
16 92 62
16 93 19
16 94 26
16 95 86
16 96 118
16 97 44
16 98 34
16 99 82
17 18 30
17 19 62
17 20 32
17 21 27
17 22 64
17 23 77
17 24 73
17 25 93
17 26 87
17 27 91
17 28 92
17 29 18
17 30 97
17 31 42
17 32 53
17 33 62
17 34 57
17 35 41
17 36 72
17 37 50
17 38 84
17 39 37
17 40 76
17 41 32
17 42 53
17 43 67
17 44 64
17 45 68
17 46 94
17 47 84
17 48 65
17 49 74
17 50 81
17 51 38
17 52 43
17 53 63
17 54 16
17 55 112
17 56 43
17 57 46
17 58 83
17 59 68
17 60 62
17 61 99
17 62 73
17 63 47
17 64 81
17 65 67
17 66 9
17 67 59
17 68 23
17 69 89
17 70 32
17 71 11
17 72 46
17 73 114
17 74 45
17 75 71
17 76 62
17 77 52
17 78 83
17 79 93
17 80 74
17 81 43
17 82 19
17 83 68
17 84 18
17 85 66
17 86 58
17 87 15
17 88 28
17 89 42
17 90 81
17 91 101
17 92 32
17 93 87
17 94 69
17 95 18
17 96 62
17 97 62
17 98 90
17 99 12
18 19 65
18 20 56
18 21 26
18 22 43
18 23 55
18 24 80
18 25 84
18 26 64
18 27 66
18 28 76
18 29 26
18 30 86
18 31 16
18 32 35
18 33 48
18 34 58
18 35 43
18 36 49
18 37 39
18 38 81
18 39 60
18 40 62
18 41 50
18 42 30
18 43 77
18 44 58
18 45 45
18 46 76
18 47 80
18 48 50
18 49 48
18 50 63
18 51 13
18 52 58
18 53 38
18 54 18
18 55 104
18 56 46
18 57 62
18 58 72
18 59 86
18 60 72
18 61 89
18 62 47
18 63 63
18 64 83
18 65 66
18 66 23
18 67 46
18 68 42
18 69 88
18 70 7
18 71 25
18 72 34
18 73 109
18 74 28
18 75 84
18 76 78
18 77 73
18 78 89
18 79 69
18 80 79
18 81 53
18 82 19
18 83 42
18 84 36
18 85 63
18 86 46
18 87 32
18 88 26
18 89 52
18 90 60
18 91 89
18 92 10
18 93 63
18 94 44
18 95 33
18 96 81
18 97 45
18 98 71
18 99 18
19 20 45
19 21 83
19 22 51
19 23 57
19 24 17
19 25 38
19 26 64
19 27 74
19 28 51
19 29 46
19 30 44
19 31 58
19 32 42
19 33 35
19 34 7
19 35 23
19 36 57
19 37 32
19 38 24
19 39 45
19 40 38
19 41 36
19 42 52
19 43 18
19 44 18
19 45 56
19 46 56
19 47 25
19 48 37
19 49 65
19 50 48
19 51 57
19 52 27
19 53 57
19 54 54
19 55 53
19 56 20
19 57 29
19 58 37
19 59 41
19 60 15
19 61 45
19 62 65
19 63 28
19 64 19
19 65 8
19 66 66
19 67 33
19 68 41
19 69 27
19 70 72
19 71 70
19 72 35
19 73 54
19 74 42
19 75 28
19 76 31
19 77 43
19 78 24
19 79 73
19 80 14
19 81 22
19 82 51
19 83 62
19 84 45
19 85 11
19 86 31
19 87 47
19 88 40
19 89 21
19 90 56
19 91 48
19 92 55
19 93 66
19 94 61
19 95 44
19 96 38
19 97 40
19 98 58
19 99 60
20 21 59
20 22 73
20 23 84
20 24 49
20 25 82
20 26 94
20 27 101
20 28 90
20 29 30
20 30 88
20 31 60
20 32 60
20 33 63
20 34 44
20 35 33
20 36 81
20 37 52
20 38 69
20 39 5
20 40 73
20 41 10
20 42 65
20 43 41
20 44 56
20 45 78
20 46 94
20 47 70
20 48 67
20 49 86
20 50 82
20 51 57
20 52 18
20 53 75
20 54 38
20 55 98
20 56 34
20 57 18
20 58 77
20 59 36
20 60 38
20 61 89
20 62 85
20 63 19
20 64 61
20 65 52
20 66 41
20 67 60
20 68 14
20 69 71
20 70 60
20 71 43
20 72 51
20 73 98
20 74 54
20 75 42
20 76 31
20 77 19
20 78 58
20 79 101
20 80 52
20 81 24
20 82 37
20 83 81
20 84 20
20 85 54
20 86 59
20 87 23
20 88 36
20 89 25
20 90 86
20 91 92
20 92 52
20 93 94
20 94 81
20 95 23
20 96 30
20 97 65
20 98 92
20 99 40
21 22 68
21 23 81
21 24 96
21 25 108
21 26 90
21 27 91
21 28 102
21 29 38
21 30 111
21 31 42
21 32 60
21 33 73
21 34 77
21 35 60
21 36 74
21 37 62
21 38 102
21 39 64
21 40 86
21 41 57
21 42 56
21 43 91
21 44 80
21 45 71
21 46 101
21 47 102
21 48 75
21 49 74
21 50 89
21 51 39
21 52 68
21 53 64
21 54 29
21 55 127
21 56 63
21 57 72
21 58 96
21 59 94
21 60 86
21 61 113
21 62 72
21 63 73
21 64 102
21 65 86
21 66 19
21 67 70
21 68 49
21 69 109
21 70 20
21 71 16
21 72 58
21 73 132
21 74 53
21 75 96
21 76 87
21 77 78
21 78 105
21 79 94
21 80 96
21 81 66
21 82 32
21 83 67
21 84 43
21 85 84
21 86 70
21 87 39
21 88 44
21 89 66
21 90 86
21 91 114
21 92 35
21 93 89
21 94 70
21 95 41
21 96 89
21 97 70
21 98 97
21 99 23
22 23 13
22 24 68
22 25 50
22 26 23
22 27 28
22 28 35
22 29 49
22 30 49
22 31 26
22 32 13
22 33 16
22 34 44
22 35 41
22 36 8
22 37 22
22 38 54
22 39 76
22 40 24
22 41 62
22 42 13
22 43 68
22 44 34
22 45 6
22 46 33
22 47 51
22 48 15
22 49 14
22 50 22
22 51 30
22 52 63
22 53 8
22 54 48
22 55 68
22 56 42
22 57 67
22 58 35
22 59 88
22 60 64
22 61 52
22 62 15
22 63 68
22 64 61
22 65 46
22 66 60
22 67 18
22 68 60
22 69 63
22 70 49
22 71 64
22 72 22
22 73 76
22 74 20
22 75 78
22 76 78
22 77 83
22 78 72
22 79 30
22 80 63
22 81 55
22 82 46
22 83 12
22 84 57
22 85 42
22 86 19
22 87 55
22 88 38
22 89 53
22 90 17
22 91 51
22 92 34
22 93 23
22 94 11
22 95 53
22 96 84
22 97 11
22 98 28
22 99 53
23 24 73
23 25 47
23 26 10
23 27 17
23 28 27
23 29 62
23 30 45
23 31 39
23 32 25
23 33 23
23 34 52
23 35 52
23 36 6
23 37 33
23 38 55
23 39 87
23 40 23
23 41 74
23 42 25
23 43 75
23 44 39
23 45 10
23 46 24
23 47 52
23 48 20
23 49 12
23 50 16
23 51 42
23 52 73
23 53 17
23 54 61
23 55 63
23 56 52
23 57 78
23 58 33
23 59 96
23 60 72
23 61 47
23 62 13
23 63 78
23 64 64
23 65 52
23 66 73
23 67 26
23 68 72
23 69 64
23 70 61
23 71 77
23 72 34
23 73 72
23 74 33
23 75 86
23 76 87
23 77 93
23 78 77
23 79 17
23 80 68
23 81 65
23 82 59
23 83 16
23 84 70
23 85 47
23 86 27
23 87 68
23 88 51
23 89 64
23 90 6
23 91 46
23 92 47
23 93 10
23 94 13
23 95 66
23 96 93
23 97 19
23 98 17
23 99 66
24 25 45
24 26 79
24 27 90
24 28 63
24 29 59
24 30 52
24 31 74
24 32 59
24 33 51
24 34 24
24 35 37
24 36 74
24 37 49
24 38 28
24 39 47
24 40 52
24 41 43
24 42 69
24 43 8
24 44 34
24 45 73
24 46 69
24 47 31
24 48 54
24 49 81
24 50 62
24 51 73
24 52 31
24 53 74
24 54 68
24 55 55
24 56 35
24 57 31
24 58 48
24 59 30
24 60 11
24 61 52
24 62 82
24 63 29
24 64 16
24 65 22
24 66 78
24 67 50
24 68 50
24 69 25
24 70 87
24 71 82
24 72 52
24 73 52
24 74 59
24 75 15
24 76 24
24 77 40
24 78 10
24 79 88
24 80 7
24 81 30
24 82 65
24 83 79
24 84 55
24 85 26
24 86 48
24 87 58
24 88 55
24 89 31
24 90 71
24 91 55
24 92 71
24 93 82
24 94 78
24 95 56
24 96 30
24 97 57
24 98 72
24 99 73
25 26 48
25 27 59
25 28 24
25 29 75
25 30 7
25 31 71
25 32 50
25 33 37
25 34 39
25 35 53
25 36 51
25 37 46
25 38 17
25 39 82
25 40 26
25 41 73
25 42 59
25 43 51
25 44 29
25 45 53
25 46 31
25 47 14
25 48 36
25 49 59
25 50 32
25 51 73
25 52 65
25 53 58
25 54 81
25 55 19
25 56 51
25 57 67
25 58 15
25 59 75
25 60 51
25 61 8
25 62 60
25 63 66
25 64 29
25 65 30
25 66 94
25 67 39
25 68 76
25 69 23
25 70 92
25 71 98
25 72 51
25 73 26
25 74 56
25 75 60
25 76 67
25 77 81
25 78 42
25 79 55
25 80 38
25 81 58
25 82 77
25 83 60
25 84 77
25 85 29
25 86 38
25 87 78
25 88 65
25 89 57
25 90 42
25 91 11
25 92 74
25 93 51
25 94 58
25 95 76
25 96 74
25 97 42
25 98 36
25 99 87
26 27 11
26 28 25
26 29 72
26 30 44
26 31 48
26 32 35
26 33 31
26 34 59
26 35 61
26 36 16
26 37 42
26 38 59
26 39 96
26 40 27
26 41 83
26 42 35
26 43 82
26 44 46
26 45 20
26 46 19
26 47 55
26 48 28
26 49 18
26 50 18
26 51 52
26 52 82
26 53 26
26 54 71
26 55 62
26 56 61
26 57 86
26 58 35
26 59 104
26 60 79
26 61 47
26 62 20
26 63 86
26 64 69
26 65 58
26 66 83
26 67 34
26 68 82
26 69 67
26 70 70
26 71 87
26 72 43
26 73 71
26 74 43
26 75 93
26 76 94
26 77 102
26 78 82
26 79 8
26 80 74
26 81 74
26 82 69
26 83 23
26 84 80
26 85 53
26 86 36
26 87 78
26 88 61
26 89 72
26 90 9
26 91 44
26 92 57
26 93 3
26 94 21
26 95 76
26 96 101
26 97 29
26 98 13
26 99 76
27 28 35
27 29 76
27 30 54
27 31 50
27 32 41
27 33 40
27 34 69
27 35 69
27 36 20
27 37 49
27 38 69
27 39 104
27 40 38
27 41 91
27 42 38
27 43 92
27 44 56
27 45 23
27 46 29
27 47 66
27 48 37
27 49 17
27 50 28
27 51 54
27 52 90
27 53 28
27 54 75
27 55 72
27 56 69
27 57 95
27 58 46
27 59 113
27 60 89
27 61 57
27 62 18
27 63 95
27 64 79
27 65 68
27 66 86
27 67 43
27 68 88
27 69 78
27 70 70
27 71 90
27 72 50
27 73 82
27 74 48
27 75 102
27 76 104
27 77 110
27 78 92
27 79 5
27 80 84
27 81 82
27 82 73
27 83 24
27 84 85
27 85 63
27 86 44
27 87 83
27 88 66
27 89 80
27 90 19
27 91 55
27 92 59
27 93 8
27 94 22
27 95 81
27 96 110
27 97 36
27 98 23
27 99 79
28 29 75
28 30 19
28 31 61
28 32 41
28 33 30
28 34 49
28 35 57
28 36 33
28 37 42
28 38 38
28 39 92
28 40 17
28 41 80
28 42 47
28 43 68
28 44 35
28 45 36
28 46 7
28 47 34
28 48 27
28 49 39
28 50 13
28 51 63
28 52 75
28 53 42
28 54 78
28 55 37
28 56 56
28 57 78
28 58 15
28 59 92
28 60 66
28 61 22
28 62 41
28 63 78
28 64 50
28 65 44
28 66 91
28 67 33
28 68 81
28 69 46
28 70 83
28 71 95
28 72 46
28 73 47
28 74 49
28 75 78
28 76 83
28 77 94
28 78 63
28 79 31
28 80 57
28 81 67
28 82 75
28 83 43
28 84 80
28 85 40
28 86 34
28 87 80
28 88 64
28 89 66
28 90 21
28 91 19
28 92 67
28 93 28
28 94 40
28 95 77
28 96 89
28 97 32
28 98 12
28 99 83
29 30 79
29 31 31
29 32 36
29 33 45
29 34 40
29 35 23
29 36 57
29 37 32
29 38 67
29 39 34
29 40 58
29 41 23
29 42 39
29 43 53
29 44 46
29 45 53
29 46 76
29 47 66
29 48 48
29 49 60
29 50 63
29 51 28
29 52 32
29 53 49
29 54 10
29 55 94
29 56 26
29 57 36
29 58 65
29 59 60
29 60 49
29 61 81
29 62 59
29 63 37
29 64 65
29 65 49
29 66 20
29 67 42
29 68 16
29 69 72
29 70 32
29 71 24
29 72 29
29 73 97
29 74 29
29 75 59
29 76 52
29 77 47
29 78 68
29 79 78
29 80 59
29 81 29
29 82 8
29 83 54
29 84 10
29 85 48
29 86 41
29 87 7
29 88 11
29 89 28
29 90 64
29 91 83
29 92 22
29 93 72
29 94 55
29 95 6
29 96 54
29 97 45
29 98 74
29 99 14
30 31 72
30 32 51
30 33 38
30 34 44
30 35 58
30 36 49
30 37 48
30 38 24
30 39 89
30 40 26
30 41 78
30 42 60
30 43 58
30 44 33
30 45 51
30 46 26
30 47 21
30 48 37
30 49 56
30 50 29
30 51 74
30 52 71
30 53 57
30 54 84
30 55 19
30 56 56
30 57 73
30 58 15
30 59 82
30 60 58
30 61 3
30 62 58
30 63 73
30 64 36
30 65 37
30 66 97
30 67 41
30 68 81
30 69 30
30 70 94
30 71 102
30 72 53
30 73 28
30 74 58
30 75 67
30 76 74
30 77 88
30 78 49
30 79 50
30 80 45
30 81 64
30 82 81
30 83 59
30 84 82
30 85 34
30 86 41
30 87 83
30 88 69
30 89 63
30 90 39
30 91 4
30 92 76
30 93 47
30 94 56
30 95 80
30 96 81
30 97 42
30 98 32
30 99 90
31 32 21
31 33 34
31 34 50
31 35 38
31 36 32
31 37 27
31 38 70
31 39 65
31 40 47
31 41 52
31 42 14
31 43 72
31 44 47
31 45 29
31 46 60
31 47 68
31 48 36
31 49 33
31 50 47
31 51 4
31 52 58
31 53 22
31 54 26
31 55 90
31 56 41
31 57 62
31 58 57
31 59 86
31 60 67
31 61 75
31 62 31
31 63 63
31 64 73
31 65 57
31 66 36
31 67 32
31 68 46
31 69 78
31 70 22
31 71 40
31 72 23
31 73 97
31 74 16
31 75 80
31 76 76
31 77 76
31 78 82
31 79 53
31 80 72
31 81 51
31 82 25
31 83 26
31 84 42
31 85 53
31 86 33
31 87 39
31 88 25
31 89 50
31 90 43
31 91 75
31 92 10
31 93 47
31 94 28
31 95 38
31 96 81
31 97 30
31 98 55
31 99 30
32 33 13
32 34 35
32 35 29
32 36 21
32 37 10
32 38 50
32 39 63
32 40 26
32 41 50
32 42 11
32 43 58
32 44 27
32 45 18
32 46 42
32 47 48
32 48 15
32 49 27
32 50 29
32 51 23
32 52 51
32 53 17
32 54 37
32 55 69
32 56 30
32 57 55
32 58 37
32 59 76
32 60 54
32 61 54
32 62 26
32 63 55
32 64 55
32 65 39
32 66 50
32 67 12
32 68 47
32 69 58
32 70 42
32 71 54
32 72 9
32 73 76
32 74 8
32 75 68
32 76 66
32 77 70
32 78 65
32 79 42
32 80 55
32 81 43
32 82 34
32 83 22
32 84 44
32 85 35
32 86 12
32 87 43
32 88 26
32 89 41
32 90 28
32 91 54
32 92 25
32 93 36
32 94 22
32 95 41
32 96 72
32 97 10
32 98 38
32 99 43
33 34 29
33 35 30
33 36 22
33 37 12
33 38 38
33 39 65
33 40 14
33 41 53
33 42 23
33 43 53
33 44 17
33 45 22
33 46 32
33 47 36
33 48 4
33 49 30
33 50 19
33 51 36
33 52 51
33 53 24
33 54 48
33 55 56
33 56 30
33 57 55
33 58 24
33 59 73
33 60 49
33 61 41
33 62 31
33 63 55
33 64 45
33 65 30
33 66 61
33 67 3
33 68 52
33 69 47
33 70 55
33 71 65
33 72 16
33 73 63
33 74 20
33 75 63
33 76 63
33 77 71
33 78 56
33 79 40
33 80 47
33 81 43
33 82 45
33 83 28
33 84 51
33 85 25
33 86 5
33 87 50
33 88 34
33 89 41
33 90 23
33 91 41
33 92 38
33 93 33
33 94 27
33 95 48
33 96 70
33 97 6
33 98 30
33 99 54
34 35 17
34 36 51
34 37 25
34 38 27
34 39 44
34 40 34
34 41 34
34 42 45
34 43 24
34 44 14
34 45 50
34 46 53
34 47 27
34 48 32
34 49 59
34 50 43
34 51 50
34 52 27
34 53 51
34 54 48
34 55 56
34 56 14
34 57 30
34 58 35
34 59 45
34 60 20
34 61 46
34 62 59
34 63 29
34 64 25
34 65 9
34 66 60
34 67 27
34 68 38
34 69 32
34 70 65
34 71 64
34 72 28
34 73 57
34 74 35
34 75 34
34 76 35
34 77 45
34 78 31
34 79 68
34 80 21
34 81 20
34 82 45
34 83 56
34 84 40
34 85 10
34 86 25
34 87 42
34 88 34
34 89 19
34 90 51
34 91 48
34 92 49
34 93 61
34 94 55
34 95 39
34 96 42
34 97 34
34 98 54
34 99 54
35 36 49
35 37 20
35 38 43
35 39 35
35 40 40
35 41 23
35 42 37
35 43 34
35 44 24
35 45 47
35 46 61
35 47 43
35 48 34
35 49 55
35 50 48
35 51 37
35 52 22
35 53 45
35 54 32
35 55 71
35 56 3
35 57 26
35 58 45
35 59 48
35 60 29
35 61 60
35 62 55
35 63 27
35 64 41
35 65 26
35 66 43
35 67 27
35 68 24
35 69 49
35 70 50
35 71 48
35 72 20
35 73 74
35 74 26
35 75 42
35 76 39
35 77 42
35 78 46
35 79 69
35 80 36
35 81 14
35 82 28
35 83 51
35 84 24
35 85 25
35 86 25
35 87 26
35 88 17
35 89 12
35 90 53
35 91 61
35 92 34
35 93 62
35 94 51
35 95 23
35 96 44
35 97 33
35 98 59
35 99 37
36 37 29
36 38 57
36 39 84
36 40 26
36 41 71
36 42 19
36 43 75
36 44 39
36 45 4
36 46 30
36 47 54
36 48 20
36 49 8
36 50 20
36 51 36
36 52 71
36 53 11
36 54 56
36 55 68
36 56 50
36 57 75
36 58 36
36 59 95
36 60 71
36 61 52
36 62 9
36 63 75
36 64 66
36 65 52
36 66 67
36 67 24
36 68 68
36 69 66
36 70 54
36 71 71
36 72 30
36 73 77
36 74 28
36 75 85
36 76 85
36 77 91
36 78 78
36 79 22
36 80 69
36 81 63
36 82 53
36 83 10
36 84 65
36 85 47
36 86 26
36 87 63
36 88 46
36 89 61
36 90 12
36 91 51
36 92 41
36 93 15
36 94 7
36 95 61
36 96 91
36 97 17
36 98 24
36 99 61
37 38 43
37 39 55
37 40 25
37 41 42
37 42 21
37 43 48
37 44 19
37 45 27
37 46 44
37 47 41
37 48 16
37 49 36
37 50 31
37 51 28
37 52 41
37 53 27
37 54 36
37 55 65
37 56 20
37 57 46
37 58 34
37 59 66
37 60 44
37 61 51
37 62 36
37 63 46
37 64 46
37 65 30
37 66 49
37 67 9
37 68 40
37 69 51
37 70 46
37 71 54
37 72 5
37 73 70
37 74 12
37 75 58
37 76 57
37 77 61
37 78 55
37 79 50
37 80 45
37 81 33
37 82 33
37 83 32
37 84 39
37 85 26
37 86 8
37 87 38
37 88 22
37 89 32
37 90 34
37 91 52
37 92 29
37 93 43
37 94 32
37 95 36
37 96 62
37 97 13
37 98 42
37 99 42
38 39 68
38 40 32
38 41 60
38 42 61
38 43 34
38 44 23
38 45 58
38 46 45
38 47 4
38 48 39
38 49 66
38 50 41
38 51 71
38 52 51
38 53 62
38 54 74
38 55 30
38 56 41
38 57 52
38 58 24
38 59 58
38 60 35
38 61 24
38 62 67
38 63 51
38 64 12
38 65 18
38 66 86
38 67 39
38 68 65
38 69 9
38 70 89
38 71 91
38 72 48
38 73 30
38 74 54
38 75 43
38 76 51
38 77 65
38 78 26
38 79 66
38 80 21
38 81 45
38 82 71
38 83 65
38 84 67
38 85 18
38 86 38
38 87 69
38 88 59
38 89 45
38 90 51
38 91 28
38 92 71
38 93 61
38 94 64
38 95 66
38 96 58
38 97 44
38 98 48
38 99 80
39 40 75
39 41 13
39 42 69
39 43 40
39 44 57
39 45 81
39 46 95
39 47 70
39 48 69
39 49 89
39 50 84
39 51 62
39 52 18
39 53 78
39 54 43
39 55 98
39 56 36
39 57 17
39 58 78
39 59 32
39 60 36
39 61 90
39 62 89
39 63 18
39 64 61
39 65 52
39 66 45
39 67 62
39 68 18
39 69 70
39 70 64
39 71 47
39 72 54
39 73 98
39 74 57
39 75 39
39 76 28
39 77 15
39 78 57
39 79 104
39 80 51
39 81 25
39 82 42
39 83 84
39 84 24
39 85 54
39 86 61
39 87 28
39 88 40
39 89 26
39 90 88
39 91 92
39 92 56
39 93 97
39 94 85
39 95 28
39 96 27
39 97 68
39 98 95
39 99 44
40 41 63
40 42 34
40 43 55
40 44 20
40 45 27
40 46 20
40 47 29
40 48 11
40 49 34
40 50 10
40 51 49
40 52 59
40 53 32
40 54 61
40 55 44
40 56 40
40 57 63
40 58 11
40 59 78
40 60 53
40 61 28
40 62 35
40 63 62
40 64 42
40 65 31
40 66 74
40 67 17
40 68 64
40 69 41
40 70 69
40 71 79
40 72 30
40 73 52
40 74 34
40 75 66
40 76 69
40 77 78
40 78 54
40 79 36
40 80 46
40 81 51
40 82 58
40 83 35
40 84 63
40 85 26
40 86 17
40 87 63
40 88 47
40 89 50
40 90 19
40 91 28
40 92 52
40 93 30
40 94 33
40 95 60
40 96 75
40 97 17
40 98 20
40 99 67
41 42 56
41 43 36
41 44 46
41 45 68
41 46 83
41 47 61
41 48 56
41 49 76
41 50 71
41 51 49
41 52 12
41 53 65
41 54 33
41 55 90
41 56 23
41 57 15
41 58 67
41 59 37
41 60 32
41 61 80
41 62 76
41 63 16
41 64 54
41 65 43
41 66 38
41 67 50
41 68 8
41 69 63
41 70 55
41 71 42
41 72 41
41 73 90
41 74 44
41 75 39
41 76 30
41 77 24
41 78 53
41 79 91
41 80 45
41 81 15
41 82 31
41 83 71
41 84 15
41 85 44
41 86 48
41 87 18
41 88 28
41 89 15
41 90 75
41 91 82
41 92 44
41 93 84
41 94 71
41 95 17
41 96 32
41 97 55
41 98 82
41 99 36
42 43 69
42 44 38
42 45 16
42 46 46
42 47 58
42 48 24
42 49 21
42 50 34
42 51 17
42 52 59
42 53 10
42 54 37
42 55 78
42 56 39
42 57 64
42 58 45
42 59 85
42 60 64
42 61 63
42 62 21
42 63 64
42 64 66
42 65 50
42 66 48
42 67 22
42 68 52
42 69 69
42 70 36
42 71 52
42 72 18
42 73 85
42 74 12
42 75 78
42 76 76
42 77 78
42 78 76
42 79 40
42 80 66
42 81 51
42 82 35
42 83 15
42 84 48
42 85 46
42 86 23
42 87 46
42 88 29
42 89 50
42 90 30
42 91 62
42 92 22
42 93 34
42 94 17
42 95 44
42 96 81
42 97 18
42 98 41
42 99 41
43 44 36
43 45 74
43 46 73
43 47 37
43 48 55
43 49 82
43 50 65
43 51 71
43 52 24
43 53 74
43 54 63
43 55 63
43 56 32
43 57 23
43 58 53
43 59 24
43 60 5
43 61 58
43 62 83
43 63 22
43 64 23
43 65 25
43 66 72
43 67 51
43 68 44
43 69 33
43 70 83
43 71 76
43 72 51
43 73 60
43 74 58
43 75 10
43 76 16
43 77 32
43 78 17
43 79 90
43 80 13
43 81 24
43 82 60
43 83 80
43 84 49
43 85 29
43 86 49
43 87 52
43 88 51
43 89 26
43 90 73
43 91 62
43 92 68
43 93 84
43 94 79
43 95 50
43 96 23
43 97 58
43 98 75
43 99 68
44 45 39
44 46 39
44 47 22
44 48 19
44 49 47
44 50 30
44 51 47
44 52 40
44 53 41
44 54 52
44 55 48
44 56 23
44 57 43
44 58 22
44 59 58
44 60 33
44 61 35
44 62 48
44 63 43
44 64 28
44 65 13
44 66 65
44 67 17
44 68 48
44 69 31
44 70 65
44 71 69
44 72 24
44 73 52
44 74 31
44 75 47
44 76 49
44 77 59
44 78 39
44 79 54
44 80 29
44 81 32
44 82 49
44 83 46
44 84 49
44 85 8
44 86 15
44 87 49
44 88 37
44 89 31
44 90 37
44 91 37
44 92 48
44 93 48
44 94 44
44 95 47
44 96 56
44 97 23
44 98 40
44 99 58
45 46 33
45 47 55
45 48 20
45 49 9
45 50 23
45 51 32
45 52 69
45 53 7
45 54 52
45 55 70
45 56 48
45 57 73
45 58 38
45 59 93
45 60 70
45 61 54
45 62 9
45 63 73
45 64 66
45 65 52
45 66 64
45 67 23
45 68 65
45 69 67
45 70 51
45 71 68
45 72 27
45 73 78
45 74 25
45 75 84
45 76 84
45 77 89
45 78 77
45 79 25
45 80 68
45 81 61
45 82 50
45 83 8
45 84 62
45 85 47
45 86 25
45 87 60
45 88 43
45 89 59
45 90 16
45 91 53
45 92 37
45 93 19
45 94 6
45 95 58
45 96 89
45 97 16
45 98 27
45 99 57
46 47 41
46 48 28
46 49 35
46 50 13
46 51 63
46 52 79
46 53 40
46 54 79
46 55 43
46 56 60
46 57 83
46 58 21
46 59 97
46 60 72
46 61 28
46 62 37
46 63 82
46 64 56
46 65 49
46 66 91
46 67 35
46 68 83
46 69 53
46 70 82
46 71 96
46 72 48
46 73 53
46 74 50
46 75 84
46 76 88
46 77 98
46 78 70
46 79 25
46 80 63
46 81 71
46 82 76
46 83 39
46 84 83
46 85 45
46 86 36
46 87 82
46 88 66
46 89 70
46 90 18
46 91 25
46 92 67
46 93 22
46 94 37
46 95 80
46 96 95
46 97 32
46 98 7
46 99 84
47 48 36
47 49 62
47 50 37
47 51 69
47 52 52
47 53 59
47 54 73
47 55 28
47 56 41
47 57 54
47 58 20
47 59 61
47 60 37
47 61 21
47 62 63
47 63 53
47 64 16
47 65 18
47 66 86
47 67 36
47 68 65
47 69 12
47 70 87
47 71 90
47 72 46
47 73 30
47 74 53
47 75 46
47 76 53
47 77 68
47 78 29
47 79 63
47 80 25
47 81 46
47 82 70
47 83 62
47 84 67
47 85 18
47 86 35
47 87 69
47 88 58
47 89 46
47 90 47
47 91 24
47 92 69
47 93 57
47 94 61
47 95 66
47 96 60
47 97 41
47 98 45
47 99 79
48 49 28
48 50 16
48 51 38
48 52 54
48 53 23
48 54 51
48 55 55
48 56 33
48 57 58
48 58 22
48 59 76
48 60 52
48 61 39
48 62 29
48 63 58
48 64 46
48 65 32
48 66 64
48 67 7
48 68 56
48 69 48
48 70 57
48 71 68
48 72 19
48 73 62
48 74 22
48 75 65
48 76 67
48 77 74
48 78 58
48 79 36
48 80 49
48 81 46
48 82 48
48 83 27
48 84 54
48 85 27
48 86 8
48 87 54
48 88 37
48 89 44
48 90 19
48 91 39
48 92 40
48 93 29
48 94 25
48 95 51
48 96 73
48 97 6
48 98 26
48 99 56
49 50 27
49 51 36
49 52 77
49 53 11
49 54 58
49 55 75
49 56 56
49 57 82
49 58 44
49 59 102
49 60 79
49 61 59
49 62 2
49 63 82
49 64 74
49 65 60
49 66 69
49 67 32
49 68 73
49 69 75
49 70 53
49 71 73
49 72 35
49 73 84
49 74 32
49 75 93
49 76 92
49 77 97
49 78 86
49 79 20
49 80 77
49 81 69
49 82 56
49 83 6
49 84 69
49 85 55
49 86 33
49 87 67
49 88 50
49 89 67
49 90 18
49 91 58
49 92 42
49 93 16
49 94 5
49 95 65
49 96 98
49 97 25
49 98 29
49 99 62
50 51 50
50 52 68
50 53 29
50 54 66
50 55 48
50 56 48
50 57 72
50 58 18
50 59 88
50 60 63
50 61 32
50 62 29
50 63 72
50 64 51
50 65 41
50 66 78
50 67 22
50 68 71
50 69 50
50 70 70
50 71 83
50 72 34
50 73 57
50 74 37
50 75 76
50 76 79
50 77 88
50 78 64
50 79 26
50 80 56
50 81 60
50 82 63
50 83 30
50 84 70
50 85 36
50 86 23
50 87 69
50 88 53
50 89 59
50 90 10
50 91 31
50 92 54
50 93 20
50 94 27
50 95 67
50 96 85
50 97 19
50 98 11
50 99 71
51 52 55
51 53 26
51 54 23
51 55 92
51 56 39
51 57 60
51 58 59
51 59 83
51 60 66
51 61 77
51 62 35
51 63 61
51 64 74
51 65 57
51 66 32
51 67 34
51 68 43
51 69 79
51 70 20
51 71 36
51 72 23
51 73 98
51 74 16
51 75 79
51 76 74
51 77 73
51 78 81
51 79 57
51 80 71
51 81 49
51 82 22
51 83 30
51 84 38
51 85 54
51 86 34
51 87 35
51 88 22
51 89 48
51 90 47
51 91 77
51 92 6
51 93 51
51 94 32
51 95 34
51 96 78
51 97 32
51 98 58
51 99 26
52 53 67
52 54 42
52 55 81
52 56 21
52 57 5
52 58 61
52 59 28
52 60 20
52 61 72
52 62 77
52 63 5
52 64 43
52 65 34
52 66 49
52 67 48
52 68 20
52 69 53
52 70 64
52 71 53
52 72 42
52 73 80
52 74 47
52 75 28
52 76 20
52 77 20
52 78 41
52 79 90
52 80 34
52 81 8
52 82 40
52 83 73
52 84 25
52 85 37
52 86 46
52 87 29
52 88 33
52 89 10
52 90 74
52 91 75
52 92 51
52 93 83
52 94 73
52 95 27
52 96 23
52 97 54
52 98 79
52 99 46
53 54 47
53 55 76
53 56 47
53 57 72
53 58 43
53 59 93
53 60 70
53 61 60
53 62 11
53 63 72
53 64 69
53 65 54
53 66 58
53 67 25
53 68 61
53 69 71
53 70 44
53 71 62
53 72 25
53 73 84
53 74 21
53 75 84
53 76 83
53 77 87
53 78 80
53 79 31
53 80 70
53 81 59
53 82 45
53 83 6
53 84 58
53 85 49
53 86 26
53 87 56
53 88 39
53 89 57
53 90 23
53 91 59
53 92 31
53 93 25
53 94 7
53 95 54
53 96 89
53 97 18
53 98 34
53 99 51
54 55 100
54 56 34
54 57 46
54 58 70
54 59 70
54 60 58
54 61 86
54 62 57
54 63 47
54 64 73
54 65 57
54 66 13
54 67 45
54 68 25
54 69 80
54 70 22
54 71 18
54 72 32
54 73 104
54 74 29
54 75 69
54 76 62
54 77 56
54 78 77
54 79 77
54 80 68
54 81 39
54 82 3
54 83 52
54 84 19
54 85 56
54 86 44
54 87 15
54 88 15
54 89 38
54 90 65
54 91 88
54 92 17
54 93 71
54 94 53
54 95 15
54 96 64
54 97 46
54 98 75
54 99 6
55 56 69
55 57 82
55 58 33
55 59 86
55 60 64
55 61 16
55 62 77
55 63 81
55 64 39
55 65 47
55 66 113
55 67 58
55 68 94
55 69 30
55 70 111
55 71 117
55 72 70
55 73 11
55 74 76
55 75 70
55 76 79
55 77 95
55 78 50
55 79 67
55 80 49
55 81 75
55 82 96
55 83 77
55 84 96
55 85 46
55 86 58
55 87 97
55 88 85
55 89 74
55 90 57
55 91 17
55 92 94
55 93 64
55 94 75
55 95 94
55 96 86
55 97 60
55 98 49
55 99 106
56 57 25
56 58 44
56 59 46
56 60 27
56 61 58
56 62 56
56 63 26
56 64 39
56 65 24
56 66 46
56 67 27
56 68 25
56 69 46
56 70 53
56 71 50
56 72 21
56 73 71
56 74 27
56 75 40
56 76 37
56 77 41
56 78 43
56 79 69
56 80 34
56 81 13
56 82 31
56 83 52
56 84 26
56 85 23
56 86 25
56 87 28
56 88 20
56 89 11
56 90 53
56 91 60
56 92 37
56 93 62
56 94 52
56 95 25
56 96 42
56 97 33
56 98 59
56 99 40
57 58 64
57 59 24
57 60 20
57 61 74
57 62 82
57 63 1
57 64 44
57 65 37
57 66 53
57 67 52
57 68 23
57 69 53
57 70 68
57 71 56
57 72 46
57 73 81
57 74 52
57 75 24
57 76 16
57 77 16
57 78 40
57 79 94
57 80 34
57 81 13
57 82 44
57 83 77
57 84 29
57 85 39
57 86 50
57 87 33
57 88 38
57 89 14
57 90 78
57 91 77
57 92 56
57 93 87
57 94 77
57 95 31
57 96 18
57 97 58
57 98 83
57 99 50
58 59 77
58 60 51
58 61 17
58 62 45
58 63 64
58 64 35
58 65 29
58 66 83
58 67 26
58 68 69
58 69 33
58 70 79
58 71 87
58 72 39
58 73 41
58 74 44
58 75 63
58 76 68
58 77 79
58 78 49
58 79 43
58 80 42
58 81 54
58 82 67
58 83 46
58 84 69
58 85 25
58 86 26
58 87 70
58 88 55
58 89 53
58 90 28
58 91 18
58 92 62
58 93 37
58 94 43
58 95 67
58 96 75
58 97 28
58 98 24
58 99 76
59 60 25
59 61 82
59 62 102
59 63 23
59 64 47
59 65 48
59 66 75
59 67 71
59 68 45
59 69 56
59 70 91
59 71 78
59 72 68
59 73 82
59 74 74
59 75 15
59 76 10
59 77 18
59 78 37
59 79 112
59 80 37
59 81 34
59 82 68
59 83 98
59 84 52
59 85 52
59 86 69
59 87 55
59 88 61
59 89 36
59 90 95
59 91 86
59 92 79
59 93 106
59 94 98
59 95 54
59 96 5
59 97 78
59 98 98
59 99 73
60 61 58
60 62 79
60 63 19
60 64 25
60 65 23
60 66 68
60 67 47
60 68 39
60 69 34
60 70 78
60 71 71
60 72 47
60 73 62
60 74 53
60 75 14
60 76 16
60 77 31
60 78 21
60 79 88
60 80 15
60 81 20
60 82 55
60 83 76
60 84 44
60 85 27
60 86 45
60 87 47
60 88 46
60 89 21
60 90 71
60 91 61
60 92 63
60 93 81
60 94 75
60 95 45
60 96 24
60 97 54
60 98 73
60 99 63
61 62 61
61 63 74
61 64 36
61 65 38
61 66 99
61 67 43
61 68 83
61 69 29
61 70 96
61 71 104
61 72 56
61 73 25
61 74 61
61 75 67
61 76 74
61 77 88
61 78 49
61 79 53
61 80 45
61 81 66
61 82 83
61 83 62
61 84 84
61 85 36
61 86 43
61 87 85
61 88 71
61 89 65
61 90 42
61 91 4
61 92 79
61 93 49
61 94 59
61 95 82
61 96 81
61 97 45
61 98 34
61 99 92
62 63 82
62 64 75
62 65 61
62 66 68
62 67 32
62 68 72
62 69 76
62 70 52
62 71 71
62 72 35
62 73 85
62 74 31
62 75 93
62 76 92
62 77 97
62 78 86
62 79 22
62 80 77
62 81 69
62 82 55
62 83 5
62 84 69
62 85 56
62 86 34
62 87 66
62 88 50
62 89 67
62 90 20
62 91 59
62 92 41
62 93 18
62 94 4
62 95 65
62 96 98
62 97 25
62 98 30
62 99 61
63 64 43
63 65 36
63 66 54
63 67 52
63 68 24
63 69 52
63 70 69
63 71 57
63 72 47
63 73 80
63 74 52
63 75 23
63 76 15
63 77 16
63 78 39
63 79 94
63 80 33
63 81 13
63 82 45
63 83 78
63 84 30
63 85 39
63 86 50
63 87 34
63 88 39
63 89 14
63 90 78
63 91 76
63 92 57
63 93 87
63 94 78
63 95 32
63 96 18
63 97 58
63 98 82
63 99 51
64 65 17
64 66 84
64 67 44
64 68 60
64 69 9
64 70 90
64 71 89
64 72 51
64 73 37
64 74 58
64 75 32
64 76 40
64 77 56
64 78 13
64 79 77
64 80 10
64 81 39
64 82 70
64 83 73
64 84 63
64 85 20
64 86 43
64 87 66
64 88 58
64 89 40
64 90 61
64 91 40
64 92 73
64 93 71
64 94 72
64 95 63
64 96 47
64 97 50
64 98 60
64 99 78
65 66 69
65 67 29
65 68 47
65 69 23
65 70 73
65 71 74
65 72 34
65 73 48
65 74 41
65 75 35
65 76 39
65 77 51
65 78 26
65 79 66
65 80 17
65 81 28
65 82 54
65 83 58
65 84 50
65 85 5
65 86 28
65 87 51
65 88 42
65 89 28
65 90 49
65 91 40
65 92 56
65 93 60
65 94 57
65 95 49
65 96 46
65 97 35
65 98 51
65 99 63
66 67 58
66 68 30
66 69 92
66 70 23
66 71 5
66 72 45
66 73 116
66 74 42
66 75 77
66 76 69
66 77 60
66 78 87
66 79 89
66 80 78
66 81 48
66 82 16
66 83 62
66 84 24
66 85 68
66 86 57
66 87 21
66 88 28
66 89 47
66 90 77
66 91 100
66 92 27
66 93 83
66 94 64
66 95 22
66 96 70
66 97 59
66 98 88
66 99 7
67 68 49
67 69 47
67 70 53
67 71 62
67 72 13
67 73 64
67 74 18
67 75 61
67 76 61
67 77 68
67 78 55
67 79 42
67 80 46
67 81 40
67 82 41
67 83 29
67 84 48
67 85 25
67 86 2
67 87 47
67 88 31
67 89 38
67 90 26
67 91 44
67 92 36
67 93 35
67 94 28
67 95 45
67 96 67
67 97 7
67 98 33
67 99 51
68 69 68
68 70 47
68 71 33
68 72 38
68 73 95
68 74 41
68 75 47
68 76 39
68 77 31
68 78 60
68 79 89
68 80 52
68 81 20
68 82 24
68 83 67
68 84 6
68 85 48
68 86 48
68 87 10
68 88 23
68 89 20
68 90 74
68 91 85
68 92 38
68 93 82
68 94 68
68 95 10
68 96 40
68 97 53
68 98 82
68 99 27
69 70 96
69 71 96
69 72 55
69 73 28
69 74 62
69 75 40
69 76 49
69 77 65
69 78 20
69 79 75
69 80 20
69 81 48
69 82 77
69 83 74
69 84 72
69 85 25
69 86 46
69 87 74
69 88 65
69 89 48
69 90 60
69 91 33
69 92 78
69 93 70
69 94 73
69 95 71
69 96 56
69 97 52
69 98 57
69 99 86
70 71 24
70 72 41
70 73 117
70 74 35
70 75 90
70 76 83
70 77 78
70 78 96
70 79 74
70 80 86
70 81 60
70 82 24
70 83 47
70 84 41
70 85 71
70 86 53
70 87 37
70 88 33
70 89 58
70 90 66
70 91 97
70 92 18
70 93 69
70 94 49
70 95 37
70 96 86
70 97 52
70 98 77
70 99 21
71 72 49
71 73 121
71 74 46
71 75 80
71 76 72
71 77 62
71 78 91
71 79 93
71 80 82
71 81 52
71 82 21
71 83 66
71 84 28
71 85 72
71 86 62
71 87 24
71 88 33
71 89 51
71 90 81
71 91 105
71 92 31
71 93 87
71 94 68
71 95 26
71 96 73
71 97 64
71 98 92
71 99 12
72 73 75
72 74 7
72 75 60
72 76 58
72 77 62
72 78 59
72 79 51
72 80 49
72 81 34
72 82 28
72 83 31
72 84 36
72 85 31
72 86 13
72 87 35
72 88 18
72 89 32
72 90 36
72 91 56
72 92 24
72 93 44
72 94 31
72 95 33
72 96 64
72 97 16
72 98 45
72 99 37
73 74 82
73 75 66
73 76 76
73 77 92
73 78 45
73 79 78
73 80 47
73 81 75
73 82 100
73 83 86
73 84 98
73 85 49
73 86 64
73 87 99
73 88 88
73 89 75
73 90 67
73 91 27
73 92 99
73 93 74
73 94 84
73 95 97
73 96 82
73 97 67
73 98 59
73 99 110
74 75 67
74 76 64
74 77 66
74 78 66
74 79 49
74 80 56
74 81 40
74 82 26
74 83 27
74 84 37
74 85 38
74 86 18
74 87 36
74 88 18
74 89 38
74 90 36
74 91 61
74 92 18
74 93 43
74 94 27
74 95 34
74 96 69
74 97 18
74 98 46
74 99 35
75 76 11
75 77 28
75 78 21
75 79 101
75 80 22
75 81 30
75 82 66
75 83 90
75 84 53
75 85 39
75 86 59
75 87 56
75 88 58
75 89 32
75 90 84
75 91 71
75 92 76
75 93 94
75 94 89
75 95 55
75 96 16
75 97 68
75 98 86
75 99 73
76 77 17
76 78 32
76 79 103
76 80 30
76 81 25
76 82 60
76 83 89
76 84 44
76 85 43
76 86 59
76 87 48
76 88 53
76 89 27
76 90 86
76 91 78
76 92 71
76 93 96
76 94 88
76 95 47
76 96 7
76 97 68
76 98 89
76 99 65
77 78 49
77 79 110
77 80 45
77 81 28
77 82 55
77 83 92
77 84 37
77 85 54
77 86 66
77 87 41
77 88 51
77 89 30
77 90 93
77 91 91
77 92 68
77 93 103
77 94 93
77 95 41
77 96 13
77 97 74
77 98 98
77 99 58
78 79 90
78 80 10
78 81 40
78 82 74
78 83 84
78 84 64
78 85 30
78 86 54
78 87 67
78 88 63
78 89 40
78 90 74
78 91 52
78 92 79
78 93 84
78 94 83
78 95 65
78 96 38
78 97 61
78 98 73
78 99 82
79 80 82
79 81 82
79 82 75
79 83 27
79 84 87
79 85 62
79 86 44
79 87 85
79 88 68
79 89 80
79 90 17
79 91 50
79 92 62
79 93 7
79 94 25
79 95 83
79 96 109
79 97 36
79 98 19
79 99 82
80 81 32
80 82 65
80 83 75
80 84 56
80 85 21
80 86 44
80 87 59
80 88 54
80 89 32
80 90 65
80 91 49
80 92 69
80 93 76
80 94 74
80 95 56
80 96 36
80 97 52
80 98 66
80 99 73
81 82 36
81 83 65
81 84 25
81 85 30
81 86 38
81 87 28
81 88 28
81 89 2
81 90 65
81 91 68
81 92 46
81 93 75
81 94 65
81 95 25
81 96 30
81 97 46
81 98 71
81 99 43
82 83 50
82 84 18
82 85 52
82 86 41
82 87 14
82 88 12
82 89 35
82 90 62
82 91 84
82 92 16
82 93 68
82 94 51
82 95 14
82 96 62
82 97 43
82 98 72
82 99 9
83 84 64
83 85 54
83 86 31
83 87 61
83 88 45
83 89 63
83 90 22
83 91 60
83 92 36
83 93 22
83 94 3
83 95 60
83 96 94
83 97 23
83 98 33
83 99 56
84 85 49
84 86 47
84 87 4
84 88 19
84 89 24
84 90 72
84 91 86
84 92 33
84 93 80
84 94 65
84 95 4
84 96 46
84 97 52
84 98 80
84 99 21
85 86 23
85 87 51
85 88 40
85 89 29
85 90 45
85 91 38
85 92 53
85 93 55
85 94 53
85 95 48
85 96 50
85 97 31
85 98 47
85 99 61
86 87 46
86 88 30
86 89 36
86 90 27
86 91 44
86 92 36
86 93 37
86 94 30
86 95 44
86 96 66
86 97 8
86 98 34
86 99 50
87 88 17
87 89 27
87 90 71
87 91 87
87 92 29
87 93 78
87 94 62
87 95 3
87 96 50
87 97 51
87 98 80
87 99 17
88 89 26
88 90 54
88 91 73
88 92 18
88 93 61
88 94 46
88 95 15
88 96 56
88 97 34
88 98 63
88 99 21
89 90 64
89 91 67
89 92 44
89 93 73
89 94 63
89 95 25
89 96 32
89 97 44
89 98 69
89 99 42
90 91 40
90 92 51
90 93 10
90 94 19
90 95 68
90 96 92
90 97 20
90 98 12
90 99 70
91 92 79
91 93 47
91 94 58
91 95 84
91 96 85
91 97 45
91 98 32
91 99 93
92 93 56
92 94 38
92 95 29
92 96 74
92 97 35
92 98 62
92 99 20
93 94 19
93 95 76
93 96 102
93 97 29
93 98 16
93 99 76
94 95 61
94 96 94
94 97 22
94 98 30
94 99 58
95 96 49
95 97 48
95 98 77
95 99 18
96 97 74
96 98 96
96 99 67
97 98 29
97 99 52
98 99 80
0 1 37
0 2 27
0 5 22
0 6 44
0 7 63
0 9 31
0 11 42
0 14 97
0 16 30
0 22 23
0 25 72
0 27 32
0 29 54
0 30 71
0 31 23
0 34 64
0 37 39
0 40 46
0 43 87
0 45 20
0 46 51
0 47 74
0 49 17
0 50 42
0 51 27
0 53 14
0 55 90
0 56 58
0 58 57
0 59 104
0 61 74
0 62 15
0 63 83
0 67 39
0 68 69
0 70 40
0 71 62
0 72 37
0 76 95
0 79 36
0 81 70
0 82 48
0 86 40
0 87 61
0 89 68
0 91 73
0 92 33
0 93 32
0 94 15
0 96 100
0 97 33
0 99 53
1 3 96
1 4 58
1 5 16
1 9 67
1 10 75
1 14 111
1 15 111
1 16 8
1 17 99
1 21 97
1 22 38
1 23 27
1 24 99
1 28 42
1 29 85
1 32 51
1 33 50
1 35 78
1 36 30
1 37 59
1 38 78
1 42 47
1 45 32
1 47 74
1 48 47
1 49 25
1 52 100
1 54 83
1 56 79
1 57 104
1 58 54
1 61 64
1 62 26
1 64 89
1 66 94
1 68 97
1 71 97
1 74 57
1 76 113
1 77 120
1 78 101
1 81 92
1 82 81
1 83 32
1 86 54
1 89 90
1 90 28
1 91 61
1 93 18
1 94 30
1 96 120
1 97 46
1 98 30
1 99 88
2 3 77
2 5 23
2 6 59
2 7 65
2 10 50
2 13 6
2 18 55
2 19 58
2 21 80
2 23 1
2 25 48
2 29 62
2 31 38
2 33 24
2 36 6
2 37 33
2 38 56
2 43 76
2 44 40
2 48 21
2 50 17
2 54 61
2 55 64
2 57 79
2 61 49
2 64 66
2 65 53
2 67 27
2 68 73
2 69 65
2 70 60
2 71 77
2 72 34
2 76 88
2 78 78
2 79 17
2 83 15
2 84 70
2 87 69
2 90 7
2 91 47
2 92 47
2 95 66
2 97 20
2 99 66
3 8 54
3 13 71
3 14 88
3 15 81
3 16 89
3 19 74
3 20 49
3 22 64
3 23 77
3 25 101
3 26 87
3 27 88
3 29 28
3 33 67
3 34 68
3 35 52
3 41 48
3 42 52
3 45 67
3 46 96
3 48 69
3 50 83
3 52 58
3 53 61
3 55 120
3 59 84
3 63 63
3 65 77
3 66 9
3 67 64
3 69 100
3 71 7
3 72 51
3 76 78
3 77 69
3 78 96
3 80 87
3 85 76
3 86 63
3 88 36
3 91 107
3 93 86
3 98 92
4 5 43
4 6 25
4 7 51
4 8 47
4 9 13
4 10 38
4 11 61
4 12 40
4 13 37
4 14 92
4 16 51
4 22 33
4 24 85
4 26 53
4 28 68
4 30 81
4 31 11
4 32 31
4 36 37
4 37 38
4 39 73
4 40 56
4 41 61
4 42 21
4 43 83
4 46 67
4 48 45
4 52 68
4 53 27
4 58 67
4 59 96
4 64 84
4 66 39
4 69 89
4 70 19
4 71 41
4 73 107
4 75 91
4 76 87
4 77 85
4 78 93
4 80 83
4 81 62
4 83 29
4 85 64
4 86 43
4 91 84
4 92 17
4 94 32
4 97 39
5 6 66
5 7 80
5 10 65
5 11 25
5 13 21
5 14 107
5 19 80
5 20 100
5 21 82
5 23 24
5 24 96
5 28 48
5 29 74
5 30 67
5 32 42
5 34 74
5 36 23
5 43 98
5 50 39
5 51 48
5 56 72
5 57 97
5 58 56
5 60 94
5 61 69
5 62 15
5 63 97
5 65 75
5 66 80
5 67 47
5 69 88
5 70 62
5 71 84
5 72 51
5 74 47
5 75 108
5 76 108
5 78 100
5 80 91
5 81 84
5 82 69
5 85 70
5 88 64
5 90 28
5 91 67
5 94 20
5 95 79
5 97 40
6 10 26
6 13 54
6 14 78
6 15 72
6 16 74
6 18 9
6 19 60
6 21 24
6 22 46
6 25 84
6 26 69
6 27 72
6 28 78
6 31 22
6 32 37
6 33 49
6 34 54
6 35 38
6 36 53
6 38 79
6 39 51
6 40 63
6 41 41
6 43 70
6 45 50
6 49 54
6 50 66
6 59 78
6 63 55
6 67 46
6 68 33
6 69 85
6 71 18
6 73 108
6 74 29
6 77 65
6 78 84
6 81 46
6 82 10
6 84 27
6 87 23
6 90 64
6 92 13
6 95 24
6 96 73
6 97 47
7 11 85
7 12 70
7 13 62
7 14 47
7 22 53
7 23 65
7 25 68
7 27 81
7 29 14
7 31 42
7 32 40
7 36 61
7 38 57
7 39 23
7 42 46
7 43 40
7 44 40
7 46 75
7 47 58
7 49 66
7 51 39
7 57 22
7 59 46
7 64 53
7 66 33
7 67 41
7 69 62
7 72 31
7 74 34
7 76 38
7 77 34
7 79 82
7 81 15
7 82 22
7 84 10
7 85 40
7 88 17
7 90 66
7 91 77
7 92 34
7 95 10
7 97 46
7 99 28
8 11 65
8 12 53
8 13 44
8 14 46
8 17 45
8 18 43
8 21 63
8 26 55
8 30 52
8 33 24
8 35 7
8 38 40
8 41 29
8 44 19
8 45 41
8 51 35
8 53 40
8 58 39
8 60 32
8 61 54
8 62 50
8 65 23
8 66 46
8 68 30
8 69 46
8 70 50
8 71 51
8 72 15
8 74 22
8 75 45
8 77 48
8 78 46
8 81 20
8 82 31
8 83 46
8 84 30
8 85 22
8 91 56
8 92 33
8 93 56
8 94 46
8 96 49
9 11 67
9 12 47
9 13 42
9 15 76
9 17 34
9 18 7
9 21 33
9 22 35
9 26 58
9 27 59
9 35 39
9 38 75
9 39 60
9 40 55
9 41 49
9 44 52
9 47 74
9 49 42
9 51 6
9 52 56
9 53 31
9 54 19
9 55 97
9 57 61
9 62 41
9 63 61
9 65 61
9 66 28
9 68 42
9 69 83
9 72 28
9 78 84
9 79 62
9 81 51
9 82 19
9 83 35
9 85 58
9 86 39
9 87 33
9 89 49
9 90 53
9 92 5
9 94 38
9 96 79
9 98 64
10 12 55
10 13 47
10 17 32
10 23 50
10 25 61
10 26 60
10 29 14
10 30 65
10 31 28
10 32 24
10 34 28
10 37 19
10 38 54
10 41 26
10 42 30
10 43 46
10 45 43
10 49 50
10 50 50
10 51 26
10 52 30
10 59 58
10 62 50
10 63 35
10 65 37
10 66 33
10 72 16
10 73 84
10 75 54
10 76 49
10 77 49
10 80 48
10 81 24
10 83 45
10 85 35
10 90 52
10 91 68
10 93 60
10 95 17
10 98 60
11 12 21
11 15 101
11 16 20
11 17 98
11 18 74
11 20 105
11 24 88
11 27 11
11 33 42
11 34 69
11 37 53
11 41 94
11 44 56
11 45 30
11 47 62
11 48 39
11 54 82
11 55 64
11 56 72
11 61 50
11 62 28
11 63 97
11 68 93
11 72 54
11 73 75
11 76 104
11 77 113
11 80 82
11 81 85
11 82 79
11 83 32
11 84 90
11 85 63
11 88 72
11 92 67
11 93 11
11 97 39
12 13 9
12 16 17
12 17 79
12 18 54
12 19 67
12 21 79
12 22 18
12 23 11
12 25 58
12 26 14
12 27 12
12 28 37
12 29 65
12 30 55
12 31 38
12 34 61
12 36 10
12 37 39
12 39 93
12 41 80
12 42 26
12 47 63
12 48 30
12 54 63
12 55 74
12 56 60
12 57 85
12 61 58
12 62 6
12 67 34
12 69 75
12 70 58
12 72 39
12 73 83
12 76 95
12 77 101
12 80 78
12 81 73
12 83 12
12 84 74
12 85 57
12 87 72
12 88 55
12 89 71
12 90 16
12 91 56
12 92 47
12 94 10
12 97 27
12 98 26
12 99 67
13 15 84
13 16 26
13 18 49
13 19 58
13 22 9
13 27 19
13 30 50
13 33 24
13 34 52
13 35 50
13 36 1
13 38 59
13 40 27
13 41 72
13 42 20
13 44 41
13 46 30
13 49 7
13 50 21
13 51 36
13 52 72
13 53 11
13 54 56
13 55 69
13 56 51
13 57 76
13 59 96
13 61 53
13 62 8
13 63 77
13 64 67
13 65 53
13 66 68
13 68 69
13 69 68
13 70 54
13 71 72
13 72 31
13 77 92
13 80 70
13 81 64
13 93 15
13 94 6
13 95 62
13 96 92
13 99 61
14 16 111
14 19 28
14 21 98
14 22 78
14 23 85
14 26 92
14 33 62
14 37 58
14 38 41
14 40 65
14 41 42
14 44 46
14 45 84
14 47 44
14 48 65
14 49 92
14 51 80
14 53 84
14 54 71
14 58 61
14 63 26
14 64 29
14 66 79
14 67 61
14 68 50
14 69 37
14 76 14
14 78 18
14 79 100
14 84 55
14 85 38
14 86 59
14 87 59
14 88 59
14 91 69
14 92 77
14 93 93
14 94 89
14 97 67
14 98 84
14 99 75
15 21 90
15 23 84
15 24 18
15 26 91
15 29 54
15 33 61
15 34 32
15 37 55
15 39 33
15 42 75
15 43 11
15 44 46
15 49 90
15 51 75
15 54 64
15 56 36
15 57 19
15 60 12
15 64 34
15 65 35
15 66 71
15 69 43
15 70 85
15 77 23
15 80 24
15 81 26
15 83 87
15 84 47
15 85 39
15 88 53
15 89 27
15 96 12
15 99 68
16 17 94
16 19 84
16 20 107
16 21 90
16 22 35
16 24 100
16 25 70
16 28 47
16 30 66
16 32 48
16 34 78
16 37 57
16 38 80
16 40 49
16 41 97
16 42 42
16 45 29
16 47 77
16 50 39
16 53 32
16 55 83
16 56 77
16 58 57
16 60 98
16 64 90
16 66 88
16 67 51
16 70 70
16 71 91
16 72 56
16 74 53
16 77 118
16 81 90
16 82 76
16 84 90
16 85 73
16 89 88
16 90 29
16 91 66
16 92 62
16 95 86
16 96 118
16 98 34
17 23 77
17 24 73
17 26 87
17 30 97
17 32 53
17 33 62
17 35 41
17 36 72
17 37 50
17 39 37
17 40 76
17 48 65
17 50 81
17 51 38
17 55 112
17 56 43
17 57 46
17 58 83
17 59 68
17 61 99
17 62 73
17 63 47
17 66 9
17 69 89
17 71 11
17 72 46
17 73 114
17 77 52
17 78 83
17 79 93
17 80 74
17 81 43
17 83 68
17 87 15
17 89 42
17 90 81
17 92 32
17 93 87
17 94 69
17 97 62
18 19 65
18 20 56
18 21 26
18 22 43
18 24 80
18 26 64
18 27 66
18 29 26
18 35 43
18 38 81
18 39 60
18 45 45
18 46 76
18 50 63
18 52 58
18 54 18
18 60 72
18 62 47
18 63 63
18 64 83
18 66 23
18 71 25
18 72 34
18 73 109
18 74 28
18 75 84
18 76 78
18 77 73
18 79 69
18 81 53
18 84 36
18 88 26
18 92 10
18 94 44
18 95 33
18 96 81
18 98 71
18 99 18
19 25 38
19 26 64
19 27 74
19 31 58
19 33 35
19 34 7
19 35 23
19 38 24
19 41 36
19 47 25
19 49 65
19 50 48
19 53 57
19 56 20
19 57 29
19 59 41
19 64 19
19 66 66
19 68 41
19 71 70
19 72 35
19 73 54
19 74 42
19 75 28
19 77 43
19 78 24
19 80 14
19 81 22
19 82 51
19 83 62
19 85 11
19 89 21
19 90 56
19 92 55
19 93 66
19 94 61
19 97 40
20 21 59
20 22 73
20 23 84
20 26 94
20 27 101
20 28 90
20 35 33
20 39 5
20 43 41
20 44 56
20 45 78
20 46 94
20 48 67
20 49 86
20 51 57
20 54 38
20 57 18
20 58 77
20 59 36
20 61 89
20 62 85
20 64 61
20 65 52
20 67 60
20 72 51
20 77 19
20 81 24
20 86 59
20 88 36
20 90 86
20 91 92
20 94 81
20 95 23
20 96 30
20 97 65
20 99 40
21 23 81
21 26 90
21 27 91
21 28 102
21 34 77
21 35 60
21 36 74
21 37 62
21 39 64
21 41 57
21 46 101
21 48 75
21 49 74
21 51 39
21 52 68
21 53 64
21 54 29
21 55 127
21 60 86
21 61 113
21 62 72
21 63 73
21 64 102
21 65 86
21 66 19
21 68 49
21 71 16
21 73 132
21 74 53
21 77 78
21 78 105
21 79 94
21 80 96
21 82 32
21 83 67
21 85 84
21 86 70
21 87 39
21 89 66
21 91 114
21 92 35
21 94 70
21 95 41
21 96 89
22 23 13
22 24 68
22 27 28
22 29 49
22 30 49
22 31 26
22 34 44
22 37 22
22 38 54
22 39 76
22 45 6
22 49 14
22 50 22
22 52 63
22 53 8
22 54 48
22 58 35
22 59 88
22 60 64
22 61 52
22 62 15
22 65 46
22 66 60
22 68 60
22 72 22
22 73 76
22 74 20
22 75 78
22 76 78
22 78 72
22 79 30
22 80 63
22 83 12
22 85 42
22 86 19
22 88 38
22 89 53
22 91 51
22 93 23
22 94 11
22 95 53
22 98 28
22 99 53
23 25 47
23 26 10
23 31 39
23 33 23
23 34 52
23 36 6
23 40 23
23 42 25
23 43 75
23 45 10
23 48 20
23 49 12
23 50 16
23 52 73
23 55 63
23 56 52
23 57 78
23 60 72
23 61 47
23 64 64
23 65 52
23 67 26
23 69 64
23 70 61
23 72 34
23 73 72
23 76 87
23 79 17
23 80 68
23 83 16
23 86 27
23 89 64
23 90 6
23 92 47
23 93 10
23 94 13
23 96 93
23 97 19
24 29 59
24 31 74
24 34 24
24 40 52
24 41 43
24 43 8
24 46 69
24 48 54
24 49 81
24 51 73
24 52 31
24 53 74
24 56 35
24 58 48
24 59 30
24 61 52
24 62 82
24 63 29
24 64 16
24 71 82
24 77 40
24 79 88
24 80 7
24 83 79
24 85 26
24 89 31
24 91 55
24 92 71
24 93 82
24 94 78
24 96 30
24 97 57
25 28 24
25 30 7
25 32 50
25 33 37
25 34 39
25 37 46
25 39 82
25 42 59
25 43 51
25 44 29
25 48 36
25 50 32
25 51 73
25 52 65
25 53 58
25 54 81
25 56 51
25 57 67
25 58 15
25 59 75
25 64 29
25 67 39
25 68 76
25 69 23
25 70 92
25 74 56
25 76 67
25 77 81
25 78 42
25 79 55
25 81 58
25 86 38
25 87 78
25 88 65
25 90 42
25 93 51
25 94 58
25 97 42
25 98 36
26 27 11
26 28 25
26 29 72
26 30 44
26 31 48
26 34 59
26 35 61
26 36 16
26 37 42
26 38 59
26 41 83
26 42 35
26 45 20
26 46 19
26 47 55
26 48 28
26 52 82
26 54 71
26 55 62
26 60 79
26 61 47
26 62 20
26 63 86
26 64 69
26 68 82
26 73 71
26 75 93
26 76 94
26 78 82
26 79 8
26 81 74
26 82 69
26 83 23
26 85 53
26 86 36
26 87 78
26 88 61
26 89 72
26 93 3
26 95 76
26 98 13
26 99 76
27 29 76
27 30 54
27 34 69
27 37 49
27 39 104
27 40 38
27 43 92
27 44 56
27 45 23
27 46 29
27 47 66
27 50 28
27 54 75
27 55 72
27 58 46
27 61 57
27 62 18
27 66 86
27 67 43
27 74 48
27 76 104
27 77 110
27 78 92
27 80 84
27 83 24
27 84 85
27 85 63
27 87 83
27 89 80
27 90 19
27 92 59
27 94 22
27 95 81
27 96 110
27 97 36
27 99 79
28 30 19
28 33 30
28 34 49
28 37 42
28 40 17
28 42 47
28 47 34
28 48 27
28 51 63
28 56 56
28 57 78
28 58 15
28 59 92
28 61 22
28 63 78
28 69 46
28 70 83
28 72 46
28 73 47
28 74 49
28 75 78
28 78 63
28 79 31
28 80 57
28 82 75
28 83 43
28 84 80
28 85 40
28 92 67
28 95 77
28 96 89
28 97 32
28 98 12
28 99 83
29 31 31
29 32 36
29 34 40
29 35 23
29 37 32
29 38 67
29 42 39
29 43 53
29 44 46
29 46 76
29 48 48
29 49 60
29 50 63
29 51 28
29 53 49
29 54 10
29 56 26
29 57 36
29 58 65
29 59 60
29 60 49
29 62 59
29 63 37
29 65 49
29 66 20
29 67 42
29 68 16
29 69 72
29 72 29
29 76 52
29 77 47
29 78 68
29 81 29
29 83 54
29 89 28
29 91 83
29 93 72
29 94 55
29 96 54
29 99 14
30 31 72
30 32 51
30 33 38
30 34 44
30 35 58
30 38 24
30 44 33
30 45 51
30 46 26
30 49 56
30 50 29
30 52 71
30 58 15
30 61 3
30 64 36
30 66 97
30 71 102
30 72 53
30 73 28
30 74 58
30 76 74
30 77 88
30 79 50
30 81 64
30 82 81
30 83 59
30 86 41
30 91 4
30 96 81
30 97 42
31 32 21
31 35 38
31 38 70
31 40 47
31 41 52
31 44 47
31 47 68
31 49 33
31 50 47
31 54 26
31 55 90
31 56 41
31 57 62
31 58 57
31 60 67
31 61 75
31 62 31
31 63 63
31 64 73
31 65 57
31 66 36
31 69 78
31 74 16
31 77 76
31 79 53
31 83 26
31 84 42
31 85 53
31 87 39
31 88 25
31 90 43
31 91 75
31 94 28
31 97 30
31 98 55
32 33 13
32 36 21
32 37 10
32 39 63
32 44 27
32 46 42
32 48 15
32 49 27
32 56 30
32 58 37
32 59 76
32 62 26
32 63 55
32 65 39
32 69 58
32 70 42
32 71 54
32 73 76
32 74 8
32 75 68
32 80 55
32 82 34
32 84 44
32 85 35
32 86 12
32 88 26
32 91 54
32 92 25
32 93 36
32 94 22
32 96 72
32 99 43
33 34 29
33 36 22
33 39 65
33 43 53
33 52 51
33 56 30
33 58 24
33 60 49
33 61 41
33 62 31
33 64 45
33 66 61
33 68 52
33 69 47
33 72 16
33 73 63
33 74 20
33 76 63
33 77 71
33 83 28
33 86 5
33 87 50
33 89 41
33 91 41
33 93 33
33 94 27
33 95 48
33 96 70
33 98 30
34 36 51
34 38 27
34 39 44
34 40 34
34 43 24
34 45 50
34 46 53
34 47 27
34 48 32
34 50 43
34 52 27
34 57 30
34 58 35
34 59 45
34 61 46
34 62 59
34 63 29
34 65 9
34 69 32
34 70 65
34 77 45
34 79 68
34 82 45
34 83 56
34 84 40
34 86 25
34 88 34
34 89 19
34 90 51
34 92 49
34 93 61
34 95 39
34 97 34
35 36 49
35 37 20
35 38 43
35 39 35
35 43 34
35 45 47
35 46 61
35 50 48
35 53 45
35 55 71
35 56 3
35 57 26
35 59 48
35 60 29
35 61 60
35 67 27
35 74 26
35 75 42
35 76 39
35 77 42
35 78 46
35 82 28
35 85 25
35 87 26
35 88 17
35 89 12
35 91 61
35 92 34
35 93 62
35 96 44
35 99 37
36 37 29
36 39 84
36 40 26
36 42 19
36 43 75
36 44 39
36 46 30
36 47 54
36 48 20
36 51 36
36 53 11
36 55 68
36 56 50
36 57 75
36 62 9
36 63 75
36 69 66
36 70 54
36 71 71
36 74 28
36 77 91
36 79 22
36 84 65
36 85 47
36 86 26
36 88 46
36 95 61
36 96 91
36 97 17
36 98 24
37 38 43
37 39 55
37 40 25
37 41 42
37 43 48
37 44 19
37 46 44
37 47 41
37 48 16
37 49 36
37 50 31
37 51 28
37 53 27
37 54 36
37 55 65
37 57 46
37 61 51
37 65 30
37 69 51
37 71 54
37 73 70
37 75 58
37 85 26
37 86 8
37 89 32
37 90 34
37 91 52
37 94 32
37 95 36
37 97 13
37 98 42
38 42 61
38 43 34
38 44 23
38 45 58
38 46 45
38 47 4
38 48 39
38 50 41
38 51 71
38 54 74
38 55 30
38 57 52
38 58 24
38 59 58
38 65 18
38 67 39
38 70 89
38 72 48
38 74 54
38 75 43
38 78 26
38 80 21
38 84 67
38 86 38
38 89 45
38 90 51
38 91 28
38 93 61
38 95 66
38 96 58
38 98 48
38 99 80
39 48 69
39 50 84
39 51 62
39 54 43
39 57 17
39 58 78
39 60 36
39 62 89
39 63 18
39 65 52
39 66 45
39 69 70
39 70 64
39 71 47
39 73 98
39 75 39
39 77 15
39 78 57
39 79 104
39 81 25
39 82 42
39 83 84
39 84 24
39 85 54
39 86 61
39 88 40
39 89 26
39 91 92
39 93 97
39 95 28
39 96 27
39 97 68
39 98 95
39 99 44
40 42 34
40 44 20
40 47 29
40 48 11
40 49 34
40 50 10
40 52 59
40 54 61
40 55 44
40 57 63
40 59 78
40 62 35
40 63 62
40 64 42
40 66 74
40 68 64
40 75 66
40 76 69
40 78 54
40 80 46
40 81 51
40 82 58
40 85 26
40 87 63
40 88 47
40 90 19
40 91 28
40 92 52
40 94 33
40 96 75
40 97 17
40 98 20
41 49 76
41 50 71
41 51 49
41 52 12
41 54 33
41 58 67
41 61 80
41 62 76
41 63 16
41 66 38
41 70 55
41 72 41
41 73 90
41 74 44
41 77 24
41 78 53
41 79 91
41 82 31
41 83 71
41 85 44
41 86 48
41 88 28
41 90 75
41 91 82
41 93 84
41 95 17
41 96 32
42 43 69
42 44 38
42 46 46
42 48 24
42 49 21
42 50 34
42 51 17
42 52 59
42 54 37
42 55 78
42 61 63
42 63 64
42 64 66
42 65 50
42 66 48
42 68 52
42 74 12
42 79 40
42 80 66
42 82 35
42 87 46
42 88 29
42 89 50
42 91 62
42 92 22
42 96 81
42 97 18
42 98 41
43 44 36
43 45 74
43 48 55
43 49 82
43 50 65
43 51 71
43 60 5
43 62 83
43 63 22
43 64 23
43 66 72
43 67 51
43 68 44
43 69 33
43 70 83
43 72 51
43 74 58
43 75 10
43 77 32
43 79 90
43 80 13
43 81 24
43 82 60
43 84 49
43 87 52
43 90 73
43 92 68
43 94 79
43 95 50
43 97 58
43 98 75
43 99 68
44 48 19
44 52 40
44 53 41
44 54 52
44 56 23
44 59 58
44 60 33
44 63 43
44 65 13
44 66 65
44 68 48
44 70 65
44 73 52
44 76 49
44 77 59
44 78 39
44 79 54
44 80 29
44 82 49
44 84 49
44 85 8
44 86 15
44 88 37
44 89 31
44 90 37
44 91 37
44 94 44
44 95 47
44 96 56
44 97 23
44 98 40
44 99 58
45 48 20
45 50 23
45 51 32
45 52 69
45 53 7
45 56 48
45 57 73
45 58 38
45 59 93
45 64 66
45 66 64
45 68 65
45 69 67
45 73 78
45 76 84
45 77 89
45 78 77
45 83 8
45 85 47
45 87 60
45 88 43
45 90 16
45 93 19
45 94 6
45 97 16
46 47 41
46 49 35
46 52 79
46 56 60
46 57 83
46 58 21
46 59 97
46 60 72
46 61 28
46 63 82
46 65 49
46 66 91
46 67 35
46 70 82
46 71 96
46 72 48
46 75 84
46 77 98
46 78 70
46 79 25
46 82 76
46 83 39
46 84 83
46 85 45
46 86 36
46 89 70
46 91 25
46 92 67
46 95 80
46 96 95
46 99 84
47 48 36
47 49 62
47 50 37
47 52 52
47 53 59
47 56 41
47 58 20
47 59 61
47 60 37
47 62 63
47 69 12
47 73 30
47 74 53
47 76 53
47 77 68
47 78 29
47 81 46
47 85 18
47 87 69
47 93 57
47 96 60
47 98 45
47 99 79
48 50 16
48 51 38
48 54 51
48 55 55
48 56 33
48 57 58
48 58 22
48 59 76
48 60 52
48 61 39
48 62 29
48 63 58
48 65 32
48 66 64
48 67 7
48 68 56
48 69 48
48 70 57
48 72 19
48 73 62
48 74 22
48 75 65
48 79 36
48 81 46
48 87 54
48 88 37
48 89 44
48 92 40
48 96 73
48 97 6
49 50 27
49 51 36
49 54 58
49 55 75
49 59 102
49 60 79
49 63 82
49 64 74
49 66 69
49 67 32
49 70 53
49 71 73
49 72 35
49 75 93
49 76 92
49 77 97
49 78 86
49 82 56
49 85 55
49 87 67
49 88 50
49 89 67
49 90 18
49 91 58
49 93 16
49 94 5
50 52 68
50 56 48
50 58 18
50 60 63
50 63 72
50 65 41
50 66 78
50 67 22
50 70 70
50 74 37
50 75 76
50 76 79
50 79 26
50 80 56
50 82 63
50 83 30
50 84 70
50 85 36
50 86 23
50 87 69
50 90 10
50 96 85
50 98 11
51 55 92
51 56 39
51 57 60
51 58 59
51 60 66
51 61 77
51 67 34
51 68 43
51 70 20
51 72 23
51 73 98
51 76 74
51 78 81
51 79 57
51 80 71
51 81 49
51 83 30
51 84 38
51 89 48
51 91 77
51 92 6
51 94 32
51 95 34
51 96 78
51 97 32
52 53 67
52 54 42
52 57 5
52 60 20
52 65 34
52 67 48
52 69 53
52 70 64
52 71 53
52 72 42
52 76 20
52 77 20
52 80 34
52 82 40
52 84 25
52 86 46
52 88 33
52 89 10
52 92 51
52 93 83
52 94 73
52 95 27
52 96 23
52 97 54
52 99 46
53 54 47
53 56 47
53 57 72
53 58 43
53 61 60
53 62 11
53 65 54
53 69 71
53 70 44
53 71 62
53 72 25
53 74 21
53 75 84
53 76 83
53 78 80
53 79 31
53 80 70
53 83 6
53 84 58
53 85 49
53 87 56
53 89 57
53 90 23
53 93 25
53 95 54
53 99 51
54 57 46
54 58 70
54 59 70
54 60 58
54 62 57
54 66 13
54 70 22
54 73 104
54 76 62
54 78 77
54 79 77
54 80 68
54 83 52
54 84 19
54 87 15
54 91 88
54 93 71
54 94 53
54 95 15
54 98 75
55 57 82
55 58 33
55 59 86
55 61 16
55 64 39
55 65 47
55 66 113
55 67 58
55 69 30
55 71 117
55 72 70
55 73 11
55 76 79
55 77 95
55 80 49
55 81 75
55 85 46
55 86 58
55 87 97
55 88 85
55 90 57
55 95 94
55 96 86
55 97 60
56 57 25
56 59 46
56 63 26
56 66 46
56 68 25
56 71 50
56 73 71
56 75 40
56 76 37
56 77 41
56 78 43
56 79 69
56 81 13
56 85 23
56 86 25
56 88 20
56 94 52
56 99 40
57 65 37
57 66 53
57 67 52
57 68 23
57 71 56
57 72 46
57 73 81
57 75 24
57 76 16
57 77 16
57 79 94
57 82 44
57 83 77
57 85 39
57 88 38
57 89 14
57 90 78
57 93 87
57 95 31
57 96 18
57 98 83
58 60 51
58 64 35
58 71 87
58 73 41
58 76 68
58 78 49
58 83 46
58 84 69
58 86 26
58 87 70
58 88 55
58 90 28
58 91 18
58 92 62
58 93 37
58 94 43
58 95 67
58 97 28
58 99 76
59 61 82
59 62 102
59 64 47
59 66 75
59 71 78
59 72 68
59 74 74
59 75 15
59 78 37
59 79 112
59 84 52
59 89 36
59 90 95
59 91 86
59 93 106
59 96 5
59 99 73
60 61 58
60 62 79
60 65 23
60 66 68
60 67 47
60 69 34
60 71 71
60 73 62
60 74 53
60 75 14
60 76 16
60 78 21
60 81 20
60 82 55
60 83 76
60 85 27
60 87 47
60 88 46
60 90 71
60 91 61
60 92 63
60 93 81
60 95 45
60 96 24
61 63 74
61 66 99
61 67 43
61 70 96
61 74 61
61 75 67
61 78 49
61 80 45
61 81 66
61 82 83
61 83 62
61 87 85
61 88 71
61 89 65
61 90 42
61 92 79
61 93 49
61 94 59
61 95 82
62 63 82
62 67 32
62 69 76
62 73 85
62 76 92
62 78 86
62 79 22
62 80 77
62 82 55
62 83 5
62 84 69
62 86 34
62 87 66
62 88 50
62 89 67
62 90 20
62 91 59
62 94 4
62 95 65
62 96 98
62 98 30
63 64 43
63 65 36
63 66 54
63 67 52
63 68 24
63 70 69
63 71 57
63 72 47
63 73 80
63 75 23
63 81 13
63 82 45
63 83 78
63 84 30
63 85 39
63 87 34
63 88 39
63 89 14
63 90 78
63 92 57
63 93 87
63 94 78
63 99 51
64 67 44
64 68 60
64 69 9
64 71 89
64 72 51
64 73 37
64 75 32
64 77 56
64 78 13
64 80 10
64 82 70
64 84 63
64 87 66
64 89 40
64 90 61
64 91 40
64 93 71
64 94 72
64 97 50
65 66 69
65 67 29
65 69 23
65 72 34
65 73 48
65 74 41
65 79 66
65 83 58
65 84 50
65 85 5
65 86 28
65 90 49
65 92 56
65 96 46
65 98 51
65 99 63
66 67 58
66 69 92
66 71 5
66 72 45
66 73 116
66 74 42
66 84 24
66 85 68
66 88 28
66 90 77
66 91 100
66 92 27
66 94 64
66 96 70
66 97 59
67 70 53
67 72 13
67 75 61
67 78 55
67 79 42
67 81 40
67 82 41
67 83 29
67 84 48
67 85 25
67 86 2
67 87 47
67 88 31
67 89 38
67 91 44
67 92 36
67 93 35
67 94 28
67 96 67
67 99 51
68 69 68
68 71 33
68 72 38
68 74 41
68 77 31
68 78 60
68 79 89
68 80 52
68 81 20
68 82 24
68 83 67
68 84 6
68 88 23
68 89 20
68 92 38
68 97 53
68 98 82
68 99 27
69 70 96
69 74 62
69 79 75
69 81 48
69 82 77
69 83 74
69 90 60
69 92 78
69 95 71
69 96 56
69 97 52
70 71 24
70 73 117
70 75 90
70 77 78
70 79 74
70 80 86
70 82 24
70 83 47
70 87 37
70 91 97
70 93 69
70 94 49
70 95 37
70 97 52
70 99 21
71 72 49
71 75 80
71 84 28
71 85 72
71 87 24
71 90 81
71 91 105
71 94 68
71 95 26
71 96 73
71 97 64
71 98 92
71 99 12
72 73 75
72 75 60
72 79 51
72 81 34
72 82 28
72 83 31
72 86 13
72 87 35
72 90 36
72 91 56
72 92 24
72 95 33
72 96 64
72 97 16
72 98 45
72 99 37
73 75 66
73 78 45
73 80 47
73 85 49
73 86 64
73 92 99
73 97 67
74 75 67
74 77 66
74 78 66
74 79 49
74 81 40
74 83 27
74 86 18
74 87 36
74 88 18
74 92 18
74 93 43
74 96 69
74 98 46
75 79 101
75 84 53
75 86 59
75 88 58
75 90 84
75 93 94
75 95 55
75 96 16
75 97 68
75 98 86
75 99 73
76 77 17
76 78 32
76 84 44
76 86 59
76 88 53
76 89 27
76 90 86
76 91 78
76 92 71
76 99 65
77 78 49
77 79 110
77 80 45
77 83 92
77 85 54
77 87 41
77 89 30
77 92 68
77 93 103
77 97 74
77 98 98
77 99 58
78 81 40
78 84 64
78 86 54
78 87 67
78 91 52
78 92 79
78 93 84
78 94 83
78 96 38
78 97 61
78 99 82
79 80 82
79 83 27
79 84 87
79 85 62
79 86 44
79 92 62
79 96 109
79 98 19
80 82 65
80 83 75
80 84 56
80 85 21
80 86 44
80 90 65
80 91 49
80 92 69
80 94 74
80 96 36
80 97 52
80 99 73
81 82 36
81 83 65
81 84 25
81 87 28
81 88 28
81 89 2
81 90 65
81 91 68
81 92 46
81 94 65
81 96 30
81 98 71
81 99 43
82 86 41
82 90 62
82 92 16
82 93 68
82 94 51
82 95 14
82 97 43
82 99 9
83 85 54
83 86 31
83 90 22
83 94 3
83 95 60
84 85 49
84 86 47
84 87 4
84 94 65
84 95 4
84 98 80
84 99 21
85 86 23
85 88 40
85 92 53
85 93 55
85 94 53
85 96 50
85 97 31
86 87 46
86 88 30
86 89 36
86 91 44
86 97 8
86 99 50
87 88 17
87 90 71
87 93 78
87 98 80
88 95 15
88 96 56
88 98 63
88 99 21
89 90 64
89 94 63
89 95 25
89 99 42
90 93 10
90 94 19
90 96 92
90 98 12
90 99 70
91 92 79
91 93 47
91 95 84
91 96 85
91 99 93
92 94 38
92 95 29
92 97 35
92 98 62
92 99 20
93 95 76
93 97 29
94 95 61
94 97 22
94 99 58
95 97 48
95 98 77
96 97 74
96 98 96
