100 0.5 4 0 2 0.5 4950 247522
0.622163 0.419554 6
0.617052 0.633661 13
0.862212 0.736969 25
0.870696 0.323224 18
0.239313 0.0470376 22
0.12267 0.301789 20
0.305173 0.758907 21
0.516245 0.292231 5
0.462394 0.903484 26
0.497311 0.375791 1
0.742802 0.730204 21
0.643773 0.548886 10
0.866089 0.403253 18
0.117022 0.418799 20
0.737769 0.169965 16
0.962974 0.665498 27
0.772137 0.988775 33
0.270922 0.991621 32
0.750209 0.865696 27
0.519702 0.826088 22
0.307907 0.507885 12
0.643675 0.393734 7
0.0176347 0.508224 25
0.235243 0.699329 21
0.17368 0.249579 18
0.636082 0.182181 12
0.129489 0.0128465 27
0.507762 0.936481 27
0.796292 0.0486524 22
0.128164 0.200418 21
0.17226 0.693994 23
0.605876 0.2136 10
0.453815 0.261393 7
0.27536 0.832964 25
0.325418 0.291255 10
0.831964 0.543504 18
0.970108 0.446505 23
0.766414 0.373698 13
0.897905 0.285445 20
0.278534 0.559966 14
0.957345 0.995668 38
0.513305 0.252825 7
0.331303 0.737211 19
0.138914 0.398077 18
0.97088 0.162659 26
0.0476588 0.973517 37
0.601875 0.0352197 18
0.982606 0.136363 27
0.304793 0.460049 11
0.964528 0.645921 26
0.29888 0.457944 11
0.0733476 0.785831 29
0.132397 0.662097 23
0.371781 0.146809 14
0.553627 0.37424 2
0.265354 0.752169 22
0.767512 0.927166 30
0.455518 0.847225 23
0.619941 0.719868 17
0.845461 0.146447 21
0.795756 0.536658 16
0.388233 0.577322 11
0.706542 0.9959 32
0.132836 0.372966 19
0.415816 0.355989 5
0.839516 0.309749 17
0.553919 0.115677 14
0.525587 0.838813 22
0.0275508 0.974803 38
0.0594706 0.0317904 29
0.783875 0.85162 27
0.686223 0.909972 27
0.879435 0.598147 21
0.184453 0.694163 22
0.289542 0.655546 17
0.0395073 0.649035 27
0.528336 0.819805 21
0.655243 0.938556 28
0.68118 0.791603 22
0.859039 0.832668 28
0.0537092 0.0187251 29
0.267059 0.119959 18
0.274538 0.322592 12
0.983387 0.466788 24
0.340581 0.750508 20
0.508075 0.392897 0
0.670374 0.173127 14
0.875629 0.182175 21
0.751086 0.144974 17
0.156352 0.678708 23
0.0590125 0.237188 24
0.800167 0.258624 16
0.205445 0.421473 15
0.969477 0.25756 24
0.807881 0.612227 19
0.50009 0.662366 13
0.377649 0.827632 23
0.560326 0.183832 11
0.387052 0.221251 11
0.667477 0.307209 9
0 1 21
0 2 40
0 3 27
0 4 53
0 5 51
0 6 46
0 7 17
0 8 51
0 9 13
0 10 33
0 11 13
0 12 24
0 13 51
0 14 28
0 15 42
0 16 59
0 17 67
0 18 46
0 19 42
0 20 33
0 21 3
0 22 61
0 23 48
0 24 48
0 25 24
0 26 64
0 27 53
0 28 41
0 29 54
0 30 53
0 31 21
0 32 23
0 33 54
0 34 32
0 35 24
0 36 35
0 37 15
0 38 31
0 39 37
0 40 67
0 41 20
0 42 43
0 43 48
0 44 43
0 45 80
0 46 38
0 47 46
0 48 32
0 49 41
0 50 33
0 51 66
0 52 55
0 53 37
0 54 8
0 55 49
0 56 53
0 57 46
0 58 30
0 59 35
0 60 21
0 61 28
0 62 58
0 63 49
0 64 22
0 65 24
0 66 31
0 67 43
0 68 81
0 69 68
0 70 46
0 71 49
0 72 31
0 73 52
0 74 41
0 75 63
0 76 41
0 77 52
0 78 38
0 79 48
0 80 70
0 81 46
0 82 36
0 83 36
0 84 43
0 85 12
0 86 25
0 87 35
0 88 30
0 89 53
0 90 59
0 91 24
0 92 42
0 93 38
0 94 27
0 95 27
0 96 48
0 97 24
0 98 31
0 99 12
1 2 27
1 3 40
1 4 70
1 5 60
1 6 34
1 7 36
1 8 31
1 9 28
1 10 16
1 11 9
1 12 34
1 13 54
1 14 48
1 15 35
1 16 39
1 17 50
1 18 27
1 19 22
1 20 33
1 21 24
1 22 61
1 23 39
1 24 59
1 25 45
1 26 79
1 27 32
1 28 61
1 29 65
1 30 45
1 31 42
1 32 41
1 33 40
1 34 45
1 35 23
1 36 40
1 37 30
1 38 45
1 39 35
1 40 50
1 41 39
1 42 30
1 43 53
1 44 59
1 45 66
1 46 60
1 47 62
1 48 36
1 49 35
1 50 36
1 51 56
1 52 49
1 53 55
1 54 27
1 55 37
1 56 33
1 57 27
1 58 9
1 59 54
1 60 20
1 61 24
1 62 37
1 63 55
1 64 34
1 65 39
1 66 52
1 67 22
1 68 68
1 69 82
1 70 27
1 71 28
1 72 26
1 73 44
1 74 33
1 75 58
1 76 21
1 77 31
1 78 17
1 79 31
1 80 83
1 81 62
1 82 46
1 83 40
1 84 30
1 85 26
1 86 46
1 87 52
1 88 51
1 89 46
1 90 68
1 91 42
1 92 46
1 93 52
1 94 19
1 95 12
1 96 31
1 97 45
1 98 47
1 99 33
2 3 41
2 4 93
2 5 86
2 6 56
2 7 56
2 8 43
2 9 51
2 10 12
2 11 29
2 12 33
2 13 81
2 14 58
2 15 12
2 16 27
2 17 64
2 18 17
2 19 35
2 20 60
2 21 41
2 22 88
2 23 63
2 24 84
2 25 60
2 26 103
2 27 41
2 28 69
2 29 91
2 30 69
2 31 58
2 32 63
2 33 59
2 34 70
2 35 20
2 36 31
2 37 38
2 38 45
2 39 61
2 40 28
2 41 60
2 42 53
2 43 80
2 44 58
2 45 85
2 46 75
2 47 61
2 48 62
2 49 14
2 50 63
2 51 79
2 52 73
2 53 77
2 54 48
2 55 60
2 56 21
2 57 42
2 58 24
2 59 59
2 60 21
2 61 50
2 62 30
2 63 82
2 64 59
2 65 43
2 66 69
2 67 35
2 68 87
2 69 107
2 70 14
2 71 25
2 72 14
2 73 68
2 74 58
2 75 83
2 76 34
2 77 29
2 78 19
2 79 10
2 80 108
2 81 86
2 82 72
2 83 30
2 84 52
2 85 49
2 86 60
2 87 55
2 88 60
2 89 71
2 90 95
2 91 48
2 92 73
2 93 49
2 94 14
2 95 37
2 96 49
2 97 63
2 98 70
2 99 47
3 4 69
3 5 75
3 6 71
3 7 36
3 8 71
3 9 38
3 10 43
3 11 32
3 12 8
3 13 76
3 14 20
3 15 35
3 16 67
3 17 90
3 18 56
3 19 61
3 20 59
3 21 24
3 22 87
3 23 74
3 24 70
3 25 27
3 26 80
3 27 71
3 28 28
3 29 75
3 30 79
3 31 29
3 32 42
3 33 78
3 34 55
3 35 22
3 36 16
3 37 12
3 38 5
3 39 64
3 40 68
3 41 36
3 42 68
3 43 74
3 44 19
3 45 105
3 46 39
3 47 22
3 48 58
3 49 34
3 50 59
3 51 92
3 52 81
3 53 53
3 54 32
3 55 74
3 56 61
3 57 67
3 58 47
3 59 18
3 60 23
3 61 55
3 62 69
3 63 74
3 64 46
3 65 3
3 66 38
3 67 62
3 68 107
3 69 86
3 70 54
3 71 62
3 72 28
3 73 78
3 74 67
3 75 89
3 76 60
3 77 65
3 78 51
3 79 51
3 80 87
3 81 64
3 82 60
3 83 18
3 84 68
3 85 37
3 86 25
3 87 14
3 88 21
3 89 80
3 90 82
3 91 10
3 92 67
3 93 12
3 94 30
3 95 50
3 96 71
3 97 34
3 98 49
3 99 20
4 5 28
4 6 71
4 7 37
4 8 89
4 9 42
4 10 85
4 11 64
4 12 72
4 13 39
4 14 51
4 15 95
4 16 108
4 17 95
4 18 96
4 19 83
4 20 47
4 21 53
4 22 51
4 23 65
4 24 21
4 25 42
4 26 12
4 27 93
4 28 56
4 29 19
4 30 65
4 31 40
4 32 30
4 33 79
4 34 26
4 35 77
4 36 83
4 37 62
4 38 70
4 39 51
4 40 119
4 41 34
4 42 70
4 43 37
4 44 74
4 45 95
4 46 36
4 47 75
4 48 42
4 49 94
4 50 42
4 51 76
4 52 62
4 53 17
4 54 45
4 55 71
4 56 103
4 57 83
4 58 77
4 59 61
4 60 74
4 61 55
4 62 106
4 63 34
4 64 36
4 65 66
4 66 32
4 67 84
4 68 95
4 69 18
4 70 97
4 71 97
4 72 84
4 73 65
4 74 61
4 75 63
4 76 83
4 77 98
4 78 87
4 79 100
4 80 19
4 81 8
4 82 28
4 83 85
4 84 71
4 85 44
4 86 45
4 87 65
4 88 52
4 89 64
4 90 26
4 91 60
4 92 38
4 93 76
4 94 80
4 95 67
4 96 79
4 97 35
4 98 23
4 99 50
5 6 49
5 7 39
5 8 69
5 9 38
5 10 75
5 11 58
5 12 75
5 13 12
5 14 63
5 15 92
5 16 95
5 17 71
5 18 84
5 19 66
5 20 28
5 21 53
5 22 23
5 23 41
5 24 7
5 25 53
5 26 29
5 27 74
5 28 72
5 29 10
5 30 40
5 31 49
5 32 33
5 33 55
5 34 20
5 35 75
5 36 86
5 37 65
5 38 78
5 39 30
5 40 109
5 41 39
5 42 48
5 43 10
5 44 86
5 45 68
5 46 55
5 47 88
5 48 24
5 49 91
5 50 24
5 51 49
5 52 36
5 53 29
5 54 44
5 55 47
5 56 90
5 57 64
5 58 65
5 59 74
5 60 71
5 61 38
5 62 91
5 63 7
5 64 30
5 65 72
5 66 47
5 67 67
5 68 68
5 69 28
5 70 86
5 71 83
5 72 81
5 73 40
5 74 39
5 75 36
5 76 66
5 77 83
5 78 74
5 79 91
5 80 29
5 81 23
5 82 15
5 83 88
5 84 50
5 85 40
5 86 56
5 87 76
5 88 65
5 89 38
5 90 9
5 91 68
5 92 15
5 93 85
5 94 75
5 95 52
5 96 58
5 97 45
5 98 28
5 99 54
6 7 51
6 8 21
6 9 43
6 10 44
6 11 40
6 12 66
6 13 39
6 14 73
6 15 66
6 16 52
6 17 24
6 18 46
6 19 22
6 20 25
6 21 50
6 22 38
6 23 9
6 24 53
6 25 66
6 26 77
6 27 27
6 28 86
6 29 59
6 30 15
6 31 62
6 32 52
6 33 8
6 34 47
6 35 57
6 36 73
6 37 60
6 38 76
6 39 20
6 40 69
6 41 55
6 42 3
6 43 40
6 44 89
6 45 34
6 46 78
6 47 92
6 48 30
6 49 67
6 50 30
6 51 23
6 52 20
6 53 62
6 54 46
6 55 4
6 56 49
6 57 17
6 58 32
6 59 82
6 60 54
6 61 20
6 62 47
6 63 42
6 64 42
6 65 70
6 66 69
6 67 23
6 68 35
6 69 77
6 70 49
6 71 41
6 72 60
6 73 14
6 74 10
6 75 29
6 76 23
6 77 39
6 78 38
6 79 56
6 80 78
6 81 64
6 82 44
6 83 74
6 84 4
6 85 42
6 86 69
6 87 81
6 88 76
6 89 17
6 90 58
6 91 70
6 92 35
6 93 83
6 94 52
6 95 22
6 96 10
6 97 63
6 98 54
6 99 58
7 8 61
7 9 9
7 10 49
7 11 29
7 12 37
7 13 42
7 14 25
7 15 58
7 16 74
7 17 74
7 18 62
7 19 53
7 20 30
7 21 16
7 22 54
7 23 49
7 24 35
7 25 16
7 26 48
7 27 64
7 28 37
7 29 40
7 30 53
7 31 12
7 32 7
7 33 59
7 34 19
7 35 40
7 36 48
7 37 26
7 38 38
7 39 36
7 40 83
7 41 4
7 42 48
7 43 39
7 44 47
7 45 83
7 46 27
7 47 49
7 48 27
7 49 57
7 50 27
7 51 66
7 52 53
7 53 20
7 54 9
7 55 52
7 56 68
7 57 56
7 58 44
7 59 36
7 60 37
7 61 31
7 62 73
7 63 39
7 64 12
7 65 32
7 66 18
7 67 55
7 68 84
7 69 53
7 70 62
7 71 64
7 72 47
7 73 52
7 74 43
7 75 60
7 76 53
7 77 66
7 78 53
7 79 64
7 80 54
7 81 30
7 82 24
7 83 50
7 84 49
7 85 10
7 86 19
7 87 38
7 88 28
7 89 53
7 90 46
7 91 29
7 92 34
7 93 45
7 94 43
7 95 37
7 96 55
7 97 12
7 98 15
7 99 15
8 9 53
8 10 33
8 11 40
8 12 64
8 13 60
8 14 78
8 15 55
8 16 32
8 17 21
8 18 29
8 19 10
8 20 42
8 21 54
8 22 60
8 23 31
8 24 71
8 25 74
8 26 95
8 27 6
8 28 92
8 29 78
8 30 36
8 31 70
8 32 64
8 33 20
8 34 63
8 35 52
8 36 68
8 37 61
8 38 76
8 39 39
8 40 50
8 41 65
8 42 21
8 43 60
8 44 90
8 45 42
8 46 88
8 47 93
8 48 47
8 49 56
8 50 47
8 51 41
8 52 41
8 53 76
8 54 54
8 55 25
8 56 31
8 57 6
8 58 24
8 59 85
8 60 50
8 61 33
8 62 26
8 63 62
8 64 55
8 65 70
8 66 79
8 67 9
8 68 44
8 69 96
8 70 33
8 71 22
8 72 52
8 73 35
8 74 30
8 75 49
8 76 11
8 77 20
8 78 25
8 79 40
8 80 97
8 81 81
8 82 61
8 83 68
8 84 20
8 85 51
8 86 76
8 87 83
8 88 81
8 89 38
8 90 78
8 91 73
8 92 55
8 93 82
8 94 45
8 95 24
8 96 11
8 97 73
8 98 69
8 99 63
9 10 43
9 11 23
9 12 37
9 13 38
9 14 32
9 15 55
9 16 67
9 17 66
9 18 55
9 19 45
9 20 23
9 21 15
9 22 50
9 23 42
9 24 35
9 25 24
9 26 52
9 27 56
9 28 44
9 29 41
9 30 45
9 31 20
9 32 12
9 33 51
9 34 19
9 35 37
9 36 48
9 37 27
9 38 41
9 39 29
9 40 77
9 41 12
9 42 40
9 43 36
9 44 52
9 45 75
9 46 36
9 47 54
9 48 21
9 49 54
9 50 21
9 51 59
9 52 46
9 53 26
9 54 6
9 55 44
9 56 61
9 57 47
9 58 37
9 59 42
9 60 34
9 61 23
9 62 65
9 63 36
9 64 8
9 65 35
9 66 27
9 67 46
9 68 76
9 69 56
9 70 56
9 71 57
9 72 44
9 73 45
9 74 35
9 75 53
9 76 45
9 77 58
9 78 45
9 79 58
9 80 57
9 81 34
9 82 23
9 83 49
9 84 41
9 85 2
9 86 27
9 87 42
9 88 34
9 89 46
9 90 46
9 91 32
9 92 30
9 93 49
9 94 39
9 95 29
9 96 47
9 97 20
9 98 19
9 99 18
10 11 21
10 12 35
10 13 70
10 14 56
10 15 23
10 16 26
10 17 54
10 18 14
10 19 24
10 20 49
10 21 35
10 22 76
10 23 51
10 24 74
10 25 56
10 26 94
10 27 31
10 28 68
10 29 81
10 30 57
10 31 53
10 32 55
10 33 48
10 34 61
10 35 21
10 36 36
10 37 36
10 38 47
10 39 49
10 40 34
10 41 53
10 42 41
10 43 69
10 44 61
10 45 74
10 46 71
10 47 64
10 48 51
10 49 24
10 50 52
10 51 67
10 52 61
10 53 69
10 54 40
10 55 48
10 56 20
10 57 31
10 58 12
10 59 59
10 60 20
10 61 39
10 62 27
10 63 71
10 64 50
10 65 43
10 66 64
10 67 24
10 68 76
10 69 98
10 70 13
10 71 19
10 72 19
10 73 56
10 74 46
10 75 71
10 76 23
10 77 23
10 78 9
10 79 15
10 80 99
10 81 77
10 82 62
10 83 36
10 84 40
10 85 41
10 86 56
10 87 56
10 88 59
10 89 59
10 90 84
10 91 48
10 92 62
10 93 52
10 94 13
10 95 25
10 96 38
10 97 58
10 98 62
10 99 43
11 12 27
11 13 54
11 14 39
11 15 34
11 16 46
11 17 58
11 18 33
11 19 30
11 20 34
11 21 16
11 22 63
11 23 44
11 24 56
11 25 37
11 26 74
11 27 41
11 28 52
11 29 62
11 30 49
11 31 34
11 32 34
11 33 47
11 34 41
11 35 19
11 36 34
11 37 21
11 38 37
11 39 37
11 40 55
11 41 32
11 42 36
11 43 53
11 44 51
11 45 73
11 46 52
11 47 53
11 48 35
11 49 34
11 50 36
11 51 62
11 52 52
11 53 49
11 54 20
11 55 43
11 56 40
11 57 35
11 58 17
11 59 45
11 60 15
11 61 26
11 62 45
11 63 54
11 64 30
11 65 31
11 66 44
11 67 31
11 68 75
11 69 78
11 70 33
11 71 36
11 72 24
11 73 48
11 74 37
11 75 61
11 76 29
11 77 39
11 78 25
11 79 36
11 80 79
11 81 57
11 82 43
11 83 35
11 84 36
11 85 21
11 86 38
11 87 43
11 88 42
11 89 50
11 90 66
11 91 33
11 92 46
11 93 44
11 94 18
11 95 18
11 96 39
11 97 37
11 98 42
11 99 24
12 13 75
12 14 27
12 15 28
12 16 59
12 17 84
12 18 48
12 19 55
12 20 57
12 21 22
12 22 85
12 23 70
12 24 71
12 25 32
12 26 83
12 27 64
12 28 36
12 29 77
12 30 75
12 31 32
12 32 44
12 33 73
12 34 55
12 35 14
12 36 11
12 37 10
12 38 12
12 39 61
12 40 60
12 41 38
12 42 63
12 43 73
12 44 26
12 45 100
12 46 45
12 47 29
12 48 56
12 49 26
12 50 57
12 51 88
12 52 78
12 53 56
12 54 31
12 55 69
12 56 53
12 57 60
12 58 40
12 59 26
12 60 15
12 61 51
12 62 61
12 63 73
12 64 45
12 65 10
12 66 42
12 67 55
12 68 101
12 69 89
12 70 46
12 71 54
12 72 20
12 73 74
12 74 63
12 75 86
12 76 54
12 77 58
12 78 43
12 79 43
12 80 90
12 81 66
12 82 60
12 83 13
12 84 63
12 85 36
12 86 30
12 87 22
12 88 28
12 89 76
12 90 82
12 91 16
12 92 66
12 93 18
12 94 22
12 95 45
12 96 65
12 97 38
12 98 51
12 99 22
13 14 67
13 15 88
13 16 87
13 17 59
13 18 78
13 19 57
13 20 21
13 21 53
13 22 13
13 23 30
13 24 18
13 25 57
13 26 41
13 27 65
13 28 77
13 29 22
13 30 28
13 31 53
13 32 37
13 33 44
13 34 24
13 35 73
13 36 85
13 37 65
13 38 79
13 39 21
13 40 102
13 41 43
13 42 38
13 43 3
13 44 89
13 45 56
13 46 62
13 47 91
13 48 19
13 49 88
13 50 19
13 51 37
13 52 24
13 53 37
13 54 44
13 55 36
13 56 83
13 57 55
13 58 59
13 59 78
13 60 69
13 61 31
13 62 82
13 63 5
13 64 31
13 65 73
13 66 53
13 67 59
13 68 56
13 69 39
13 70 80
13 71 75
13 72 78
13 73 28
13 74 29
13 75 24
13 76 57
13 77 75
13 78 68
13 79 85
13 80 41
13 81 33
13 82 18
13 83 87
13 84 40
13 85 39
13 86 61
13 87 79
13 88 69
13 89 26
13 90 19
13 91 70
13 92 9
13 93 87
13 94 72
13 95 45
13 96 48
13 97 50
13 98 33
13 99 56
14 15 54
14 16 82
14 17 95
14 18 70
14 19 69
14 20 55
14 21 24
14 22 80
14 23 73
14 24 57
14 25 10
14 26 63
14 27 80
14 28 13
14 29 61
14 30 77
14 31 14
14 32 30
14 33 81
14 34 43
14 35 39
14 36 36
14 37 21
14 38 20
14 39 60
14 40 85
14 41 24
14 42 70
14 43 64
14 44 23
14 45 106
14 46 19
14 47 25
14 48 52
14 49 53
14 50 52
14 51 91
14 52 78
14 53 37
14 54 28
14 55 75
14 56 76
14 57 73
14 58 56
14 59 11
14 60 37
14 61 54
14 62 83
14 63 64
14 64 37
14 65 17
14 66 19
14 67 70
14 68 107
14 69 69
14 70 68
14 71 74
14 72 45
14 73 76
14 74 66
14 75 85
14 76 68
14 77 77
14 78 62
14 79 67
14 80 70
14 81 47
14 82 49
14 83 39
14 84 70
14 85 32
14 86 7
14 87 14
14 88 3
14 89 77
14 90 68
14 91 11
14 92 59
14 93 25
14 94 45
14 95 55
14 96 75
14 97 18
14 98 35
14 99 15
15 16 38
15 17 77
15 18 29
15 19 47
15 20 67
15 21 42
15 22 96
15 23 73
15 24 89
15 25 58
15 26 106
15 27 53
15 28 64
15 29 96
15 30 79
15 31 58
15 32 65
15 33 71
15 34 74
15 35 18
15 36 22
15 37 35
15 38 39
15 39 69
15 40 33
15 41 61
15 42 64
15 43 87
15 44 50
15 45 97
15 46 73
15 47 53
15 48 69
15 49 2
15 50 70
15 51 90
15 52 83
15 53 79
15 54 50
15 55 70
15 56 33
15 57 54
15 58 35
15 59 53
15 60 21
15 61 58
15 62 42
15 63 88
15 64 63
15 65 38
15 66 69
15 67 47
15 68 99
15 69 110
15 70 26
15 71 37
15 72 11
15 73 78
15 74 67
15 75 92
15 76 46
15 77 41
15 78 31
15 79 20
15 80 112
15 81 88
15 82 77
15 83 20
15 84 63
15 85 53
15 86 57
15 87 49
15 88 56
15 89 81
15 90 100
15 91 44
15 92 80
15 93 41
15 94 16
15 95 46
15 96 61
15 97 63
15 98 73
15 99 46
16 17 50
16 18 13
16 19 30
16 20 67
16 21 61
16 22 89
16 23 61
16 24 95
16 25 82
16 26 117
16 27 27
16 28 94
16 29 102
16 30 67
16 31 79
16 32 79
16 33 52
16 34 83
16 35 45
16 36 58
16 37 62
16 38 71
16 39 65
16 40 19
16 41 78
16 42 51
16 43 87
16 44 85
16 45 72
16 46 97
16 47 88
16 48 71
16 49 39
16 50 71
16 51 73
16 52 72
16 53 93
16 54 65
16 55 56
16 56 6
16 57 35
16 58 31
16 59 85
16 60 45
16 61 56
16 62 7
16 63 89
16 64 73
16 65 68
16 66 90
16 67 29
16 68 74
16 69 119
16 70 14
16 71 12
16 72 41
16 73 66
16 74 59
16 75 81
16 76 30
16 77 13
16 78 22
16 79 18
16 80 121
16 81 100
16 82 83
16 83 56
16 84 49
16 85 65
16 86 82
16 87 81
16 88 84
16 89 69
16 90 104
16 91 73
16 92 80
16 93 76
16 94 38
16 95 42
16 96 43
16 97 83
16 98 86
16 99 69
17 18 50
17 19 30
17 20 49
17 21 70
17 22 55
17 23 29
17 24 75
17 25 89
17 26 99
17 27 24
17 28 108
17 29 80
17 30 31
17 31 85
17 32 75
17 33 16
17 34 70
17 35 72
17 36 89
17 37 79
17 38 94
17 39 43
17 40 69
17 41 78
17 42 26
17 43 61
17 44 108
17 45 22
17 46 101
17 47 111
17 48 53
17 49 77
17 50 53
17 51 29
17 52 36
17 53 85
17 54 68
17 55 24
17 56 50
17 57 23
17 58 44
17 59 102
17 60 69
17 61 43
17 62 44
17 63 63
17 64 65
17 65 89
17 66 92
17 67 30
17 68 24
17 69 98
17 70 53
17 71 42
17 72 72
17 73 31
17 74 34
17 75 41
17 76 31
17 77 39
17 78 46
17 79 61
17 80 100
17 81 87
17 82 67
17 83 88
17 84 25
17 85 64
17 86 91
17 87 101
17 88 97
17 89 33
17 90 78
17 91 90
17 92 57
17 93 101
17 94 66
17 95 40
17 96 20
17 97 86
17 98 78
17 99 79
18 19 23
18 20 57
18 21 48
18 22 82
18 23 54
18 24 84
18 25 69
18 26 105
18 27 25
18 28 82
18 29 91
18 30 60
18 31 67
18 32 67
18 33 48
18 34 71
18 35 33
18 36 47
18 37 49
18 38 60
18 39 56
18 40 24
18 41 66
18 42 44
18 43 77
18 44 74
18 45 71
18 46 84
18 47 77
18 48 60
18 49 31
18 50 61
18 51 68
18 52 65
18 53 81
18 54 53
18 55 50
18 56 6
18 57 30
18 58 20
18 59 73
18 60 33
18 61 46
18 62 14
18 63 79
18 64 61
18 65 56
18 66 78
18 67 23
18 68 73
18 69 108
18 70 4
18 71 8
18 72 30
18 73 59
18 74 51
18 75 74
18 76 23
18 77 12
18 78 10
18 79 11
18 80 110
18 81 89
18 82 72
18 83 46
18 84 43
18 85 53
18 86 70
18 87 69
18 88 72
18 89 62
18 90 93
18 91 61
18 92 70
18 93 65
18 94 26
18 95 32
18 96 37
18 97 71
18 98 74
18 99 56
19 20 38
19 21 45
19 22 59
19 23 31
19 24 67
19 25 65
19 26 90
19 27 11
19 28 83
19 29 74
19 30 37
19 31 62
19 32 57
19 33 24
19 34 57
19 35 42
19 36 59
19 37 52
19 38 66
19 39 36
19 40 47
19 41 57
19 42 21
19 43 57
19 44 80
19 45 49
19 46 80
19 47 83
19 48 42
19 49 48
19 50 43
19 51 45
19 52 42
19 53 70
19 54 45
19 55 26
19 56 27
19 57 7
19 58 15
19 59 75
19 60 40
19 61 28
19 62 25
19 63 60
19 64 48
19 65 61
19 66 71
19 67 1
19 68 51
19 69 92
19 70 27
19 71 19
19 72 43
19 73 36
19 74 29
19 75 51
19 76 1
19 77 18
19 78 17
19 79 34
19 80 93
19 81 75
19 82 56
19 83 59
19 84 19
19 85 43
19 86 67
19 87 74
19 88 72
19 89 39
19 90 75
19 91 63
19 92 51
19 93 72
19 94 36
19 95 16
19 96 14
19 97 64
19 98 62
19 99 54
20 21 35
20 22 29
20 23 20
20 24 29
20 25 46
20 26 53
20 27 47
20 28 67
20 29 36
20 30 23
20 31 42
20 32 29
20 33 33
20 34 22
20 35 53
20 36 67
20 37 48
20 38 63
20 39 6
20 40 81
20 41 33
20 42 23
20 43 20
20 44 75
20 45 53
20 46 56
20 47 77
20 48 5
20 49 67
20 50 5
20 51 36
20 52 23
20 53 37
20 54 28
20 55 25
20 56 62
20 57 37
20 58 38
20 59 65
20 60 49
20 61 11
20 62 63
20 63 22
20 64 19
20 65 57
20 66 46
20 67 40
20 68 54
20 69 54
20 70 59
20 71 55
20 72 58
20 73 22
20 74 15
20 75 30
20 76 38
20 77 55
20 78 47
20 79 64
20 80 55
20 81 39
20 82 19
20 83 68
20 84 24
20 85 23
20 86 49
20 87 65
20 88 57
20 89 23
20 90 37
20 91 55
20 92 13
20 93 71
20 94 51
20 95 25
20 96 33
20 97 41
20 98 30
20 99 41
21 22 64
21 23 51
21 24 49
21 25 21
21 26 64
21 27 56
21 28 38
21 29 55
21 30 56
21 31 18
21 32 23
21 33 57
21 34 33
21 35 24
21 36 33
21 37 12
21 38 28
21 39 40
21 40 68
21 41 19
21 42 46
21 43 50
21 44 40
21 45 83
21 46 36
21 47 43
21 48 35
21 49 41
21 50 35
21 51 69
21 52 58
21 53 37
21 54 9
21 55 52
21 56 55
21 57 49
21 58 33
21 59 32
21 60 21
21 61 31
21 62 61
21 63 51
21 64 23
21 65 21
21 66 29
21 67 46
21 68 85
21 69 69
21 70 48
21 71 52
21 72 31
21 73 55
21 74 44
21 75 66
21 76 44
21 77 54
21 78 40
21 79 49
21 80 70
21 81 47
21 82 38
21 83 35
21 84 47
21 85 14
21 86 22
21 87 31
21 88 27
21 89 56
21 90 61
21 91 21
21 92 44
21 93 35
21 94 27
21 95 30
21 96 51
21 97 23
21 98 31
21 99 9
22 23 29
22 24 30
22 25 70
22 26 51
22 27 65
22 28 90
22 29 33
22 30 24
22 31 66
22 32 50
22 33 41
22 34 38
22 35 82
22 36 95
22 37 76
22 38 91
22 39 27
22 40 106
22 41 56
22 42 39
22 43 16
22 44 101
22 45 47
22 46 75
22 47 103
22 48 29
22 49 96
22 50 29
22 51 28
22 52 19
22 53 51
22 54 55
22 55 35
22 56 86
22 57 55
22 58 64
22 59 90
22 60 78
22 61 38
22 62 84
22 63 18
22 64 43
22 65 85
22 66 66
22 67 61
22 68 47
22 69 48
22 70 84
22 71 78
22 72 87
22 73 25
22 74 31
22 75 14
22 76 60
22 77 77
22 78 72
22 79 90
22 80 49
22 81 46
22 82 32
22 83 97
22 84 40
22 85 50
22 86 73
22 87 92
22 88 82
22 89 22
22 90 27
22 91 82
22 92 21
22 93 98
22 94 80
22 95 51
22 96 48
22 97 63
22 98 47
22 99 68
23 24 45
23 25 65
23 26 69
23 27 36
23 28 86
23 29 51
23 30 6
23 31 61
23 32 49
23 33 14
23 34 42
23 35 62
23 36 78
23 37 62
23 38 78
23 39 15
23 40 78
23 41 53
23 42 10
23 43 32
23 44 91
23 45 33
23 46 76
23 47 94
23 48 25
23 49 73
23 50 25
23 51 18
23 52 11
23 53 57
23 54 46
23 55 6
23 56 58
23 57 27
23 58 39
23 59 82
23 60 58
23 61 20
23 62 56
23 63 34
23 64 39
23 65 72
23 66 66
23 67 32
23 68 34
23 69 69
23 70 57
23 71 50
23 72 65
23 73 5
23 74 7
23 75 20
23 76 32
23 77 48
23 78 46
23 79 64
23 80 70
23 81 58
23 82 38
23 83 78
23 84 12
23 85 41
23 86 68
23 87 82
23 88 76
23 89 8
23 90 49
23 91 72
23 92 28
23 93 86
23 94 58
23 95 27
23 96 19
23 97 61
23 98 50
23 99 58
24 25 47
24 26 24
24 27 76
24 28 65
24 29 7
24 30 44
24 31 43
24 32 28
24 33 59
24 34 16
24 35 72
24 36 82
24 37 61
24 38 73
24 39 33
24 40 108
24 41 34
24 42 51
24 43 15
24 44 80
24 45 73
24 46 48
24 47 82
24 48 25
24 49 88
24 50 24
24 51 55
24 52 41
24 53 22
24 54 40
24 55 51
24 56 90
24 57 66
24 58 65
24 59 68
24 60 69
24 61 39
24 62 92
24 63 13
24 64 26
24 65 67
24 66 40
24 67 69
24 68 74
24 69 25
24 70 86
24 71 84
24 72 79
24 73 44
24 74 42
24 75 42
24 76 67
24 77 84
24 78 74
24 79 90
24 80 26
24 81 16
24 82 12
24 83 84
24 84 53
24 85 36
24 86 50
24 87 71
24 88 59
24 89 43
24 90 12
24 91 63
24 92 17
24 93 80
24 94 73
24 95 53
24 96 61
24 97 39
24 98 22
24 99 50
25 26 53
25 27 77
25 28 21
25 29 51
25 30 69
25 31 4
25 32 20
25 33 74
25 34 33
25 35 41
25 36 43
25 37 23
25 38 28
25 39 52
25 40 87
25 41 14
25 42 63
25 43 54
25 44 34
25 45 99
25 46 15
25 47 35
25 48 43
25 49 57
25 50 44
25 51 83
25 52 70
25 53 27
25 54 21
25 55 68
25 56 76
25 57 69
25 58 54
25 59 21
25 60 39
25 61 47
25 62 82
25 63 54
25 64 28
25 65 24
25 66 11
25 67 67
25 68 100
25 69 60
25 70 69
25 71 73
25 72 48
25 73 68
25 74 59
25 75 76
25 76 65
25 77 76
25 78 61
25 79 69
25 80 60
25 81 37
25 82 39
25 83 45
25 84 64
25 85 25
25 86 4
25 87 24
25 88 12
25 89 69
25 90 58
25 91 18
25 92 49
25 93 34
25 94 46
25 95 50
25 96 70
25 97 8
25 98 25
25 99 13
26 27 100
26 28 67
26 29 19
26 30 68
26 31 52
26 32 41
26 33 83
26 34 34
26 35 88
26 36 95
26 37 73
26 38 82
26 39 57
26 40 129
26 41 45
26 42 75
26 43 39
26 44 85
26 45 96
26 46 47
26 47 86
26 48 48
26 49 105
26 50 48
26 51 78
26 52 65
26 53 28
26 54 56
26 55 75
26 56 111
26 57 90
26 58 86
26 59 73
26 60 85
26 61 62
26 62 114
26 63 36
26 64 45
26 65 77
26 66 44
26 67 92
26 68 97
26 69 7
26 70 106
26 71 106
26 72 95
26 73 68
26 74 66
26 75 64
26 76 90
26 77 106
26 78 95
26 79 110
26 80 8
26 81 17
26 82 34
26 83 97
26 84 77
26 85 54
26 86 56
26 87 77
26 88 64
26 89 67
26 90 24
26 91 71
26 92 42
26 93 87
26 94 91
26 95 75
26 96 85
26 97 46
26 98 33
26 99 61
27 28 93
27 29 83
27 30 41
27 31 73
27 32 68
27 33 25
27 34 67
27 35 51
27 36 67
27 37 62
27 38 76
27 39 44
27 40 45
27 41 68
27 42 27
27 43 65
27 44 90
27 45 46
27 46 91
27 47 93
27 48 52
27 49 54
27 50 52
27 51 46
27 52 46
27 53 80
27 54 56
27 55 30
27 56 26
27 57 10
27 58 24
27 59 86
27 60 49
27 61 38
27 62 21
27 63 68
27 64 59
27 65 71
27 66 82
27 67 10
27 68 48
27 69 101
27 70 29
27 71 18
27 72 50
27 73 40
27 74 36
27 75 55
27 76 12
27 77 15
27 78 23
27 79 37
27 80 102
27 81 85
27 82 66
27 83 67
27 84 25
27 85 54
27 86 78
27 87 84
27 88 83
27 89 44
27 90 83
27 91 74
27 92 60
27 93 82
27 94 44
27 95 27
27 96 17
27 97 75
27 98 73
27 99 65
28 29 69
28 30 90
28 31 25
28 32 40
28 33 94
28 34 53
28 35 50
28 36 43
28 37 33
28 38 26
28 39 73
28 40 96
28 41 35
28 42 83
28 43 74
28 44 21
28 45 119
28 46 19
28 47 21
28 48 64
28 49 62
28 50 64
28 51 103
28 52 90
28 53 44
28 54 41
28 55 88
28 56 88
28 57 87
28 58 69
28 59 11
28 60 49
28 61 67
28 62 95
28 63 74
28 64 49
28 65 26
28 66 25
28 67 84
28 68 120
28 69 74
28 70 80
28 71 87
28 72 56
28 73 89
28 74 79
28 75 97
28 76 82
28 77 90
28 78 75
28 79 79
28 80 74
28 81 53
28 82 59
28 83 46
28 84 84
28 85 45
28 86 18
28 87 16
28 88 11
28 89 90
28 90 76
28 91 21
28 92 70
28 93 27
28 94 56
28 95 68
28 96 88
28 97 27
28 98 44
28 99 29
29 30 50
29 31 48
29 32 33
29 33 65
29 34 22
29 35 78
29 36 88
29 37 66
29 38 77
29 39 39
29 40 115
29 41 39
29 42 57
29 43 20
29 44 84
29 45 78
29 46 50
29 47 86
29 48 31
29 49 95
29 50 31
29 51 59
29 52 46
29 53 25
29 54 46
29 55 57
29 56 97
29 57 72
29 58 72
29 59 72
29 60 75
29 61 46
29 62 98
29 63 17
29 64 33
29 65 72
29 66 43
29 67 75
29 68 78
29 69 18
29 70 92
29 71 90
29 72 85
29 73 50
29 74 48
29 75 46
29 76 74
29 77 91
29 78 81
29 79 97
29 80 20
29 81 16
29 82 19
29 83 90
29 84 59
29 85 43
29 86 54
29 87 75
29 88 63
29 89 48
29 90 8
29 91 67
29 92 23
29 93 84
29 94 79
29 95 59
29 96 68
29 97 43
29 98 26
29 99 55
30 31 65
30 32 52
30 33 17
30 34 43
30 35 68
30 36 84
30 37 67
30 38 83
30 39 17
30 40 84
30 41 56
30 42 16
30 43 30
30 44 96
30 45 31
30 46 79
30 47 98
30 48 27
30 49 79
30 50 27
30 51 13
30 52 5
30 53 58
30 54 50
30 55 11
30 56 64
30 57 32
30 58 45
30 59 87
30 60 64
30 61 25
30 62 61
30 63 32
30 64 42
30 65 77
30 66 69
30 67 38
30 68 32
30 69 67
30 70 63
30 71 56
30 72 71
30 73 1
30 74 12
30 75 14
30 76 38
30 77 54
30 78 52
30 79 70
30 80 69
30 81 58
30 82 39
30 83 84
30 84 18
30 85 45
30 86 72
30 87 87
30 88 80
30 89 2
30 90 47
30 91 76
30 92 27
30 93 91
30 94 64
30 95 33
30 96 25
30 97 64
30 98 52
30 99 63
31 32 16
31 33 70
31 34 29
31 35 40
31 36 43
31 37 23
31 38 30
31 39 48
31 40 86
31 41 10
31 42 59
31 43 50
31 44 37
31 45 94
31 46 18
31 47 38
31 48 39
31 49 56
31 50 39
31 51 78
31 52 65
31 53 24
31 54 17
31 55 64
31 56 73
31 57 65
31 58 51
31 59 25
31 60 37
31 61 42
31 62 79
31 63 50
31 64 24
31 65 25
31 66 11
31 67 63
31 68 96
31 69 58
31 70 66
31 71 70
31 72 47
31 73 64
31 74 54
31 75 71
31 76 61
31 77 73
31 78 58
31 79 67
31 80 59
31 81 35
31 82 35
31 83 45
31 84 60
31 85 20
31 86 8
31 87 27
31 88 16
31 89 65
31 90 55
31 91 20
31 92 45
31 93 37
31 94 45
31 95 46
31 96 66
31 97 5
31 98 22
31 99 11
32 33 60
32 34 13
32 35 47
32 36 55
32 37 33
32 38 44
32 39 35
32 40 89
32 41 6
32 42 49
32 43 34
32 44 53
32 45 82
32 46 27
32 47 54
32 48 25
32 49 64
32 50 25
32 51 65
32 52 51
32 53 14
32 54 15
32 55 53
32 56 74
32 57 59
32 58 49
32 59 41
32 60 44
32 61 32
32 62 78
32 63 34
32 64 10
32 65 39
32 66 18
32 67 58
32 68 83
32 69 46
32 70 68
32 71 69
32 72 54
32 73 51
32 74 43
32 75 57
32 76 56
32 77 71
32 78 58
32 79 70
32 80 47
32 81 23
32 82 19
32 83 57
32 84 50
32 85 14
32 86 23
32 87 43
32 88 32
32 89 51
32 90 40
32 91 35
32 92 30
32 93 52
32 94 50
32 95 40
32 96 57
32 97 13
32 98 8
32 99 22
33 34 54
33 35 63
33 36 80
33 37 67
33 38 83
33 39 27
33 40 70
33 41 63
33 42 11
33 43 46
33 44 97
33 45 27
33 46 86
33 47 99
33 48 37
33 49 71
33 50 38
33 51 21
33 52 22
33 53 69
33 54 54
33 55 8
33 56 50
33 57 18
33 58 36
33 59 89
33 60 60
33 61 28
33 62 46
33 63 48
33 64 50
33 65 77
33 66 77
33 67 25
33 68 29
33 69 83
33 70 51
33 71 42
33 72 65
33 73 17
33 74 18
33 75 30
33 76 25
33 77 39
33 78 41
33 79 58
33 80 84
33 81 71
33 82 51
33 83 80
33 84 11
33 85 50
33 86 77
33 87 89
33 88 84
33 89 19
33 90 63
33 91 78
33 92 42
33 93 90
33 94 58
33 95 28
33 96 10
33 97 71
33 98 62
33 99 66
34 35 57
34 36 66
34 37 45
34 38 57
34 39 27
34 40 95
34 41 19
34 42 45
34 43 21
34 44 66
34 45 74
34 46 38
34 47 68
34 48 17
34 49 73
34 50 17
34 51 56
34 52 42
34 53 15
34 54 24
34 55 46
34 56 77
34 57 57
34 58 52
34 59 54
34 60 53
34 61 29
34 62 80
34 63 21
34 64 11
34 65 51
34 66 29
34 67 58
34 68 75
34 69 37
34 70 72
34 71 72
34 72 63
34 73 43
34 74 37
34 75 46
34 76 57
34 77 73
34 78 61
34 79 76
34 80 38
34 81 18
34 82 6
34 83 68
34 84 46
34 85 21
34 86 36
34 87 56
34 88 45
34 89 42
34 90 27
34 91 48
34 92 18
34 93 64
34 94 58
34 95 41
34 96 54
34 97 26
34 98 9
34 99 34
35 36 17
35 37 18
35 38 27
35 39 55
35 40 47
35 41 43
35 42 54
35 43 71
35 44 41
35 45 89
35 46 56
35 47 43
35 48 53
35 49 17
35 50 54
35 51 80
35 52 71
35 53 61
35 54 33
35 55 60
35 56 39
35 57 48
35 58 28
35 59 40
35 60 4
35 61 45
35 62 47
35 63 72
35 64 46
35 65 23
35 66 51
35 67 43
35 68 91
35 69 93
35 70 31
35 71 39
35 72 7
35 73 66
35 74 55
35 75 80
35 76 41
35 77 43
35 78 29
35 79 29
35 80 94
35 81 71
35 82 60
35 83 17
35 84 53
35 85 36
35 86 40
35 87 36
35 88 41
35 89 69
35 90 83
35 91 29
35 92 64
35 93 32
35 94 7
35 95 35
35 96 54
35 97 45
35 98 55
35 99 29
36 37 22
36 38 18
36 39 70
36 40 55
36 41 50
36 42 70
36 43 83
36 44 28
36 45 106
36 46 55
36 47 31
36 48 67
36 49 20
36 50 67
36 51 96
36 52 87
36 53 67
36 54 42
36 55 77
36 56 52
36 57 65
36 58 44
36 59 32
36 60 20
36 61 60
36 62 61
36 63 84
36 64 56
36 65 19
36 66 53
36 67 59
36 68 108
36 69 100
36 70 45
36 71 54
36 72 18
36 73 82
36 74 71
36 75 95
36 76 58
36 77 58
36 78 45
36 79 40
36 80 101
36 81 78
36 82 71
36 83 2
36 84 70
36 85 47
36 86 41
36 87 28
36 88 37
36 89 85
36 90 93
36 91 25
36 92 77
36 93 19
36 94 23
36 95 52
36 96 70
36 97 49
36 98 63
36 99 33
37 38 16
37 39 52
37 40 65
37 41 28
37 42 57
37 43 63
37 44 29
37 45 94
37 46 38
37 47 32
37 48 47
37 49 34
37 50 48
37 51 81
37 52 70
37 53 46
37 54 21
37 55 63
37 56 55
37 57 57
37 58 38
37 59 24
37 60 17
37 61 43
37 62 63
37 63 63
37 64 35
37 65 10
37 66 33
37 67 52
37 68 95
37 69 79
37 70 48
37 71 54
37 72 25
37 73 66
37 74 55
37 75 78
37 76 51
37 77 58
37 78 43
37 79 47
37 80 80
37 81 56
37 82 49
37 83 24
37 84 57
37 85 26
37 86 22
37 87 22
37 88 23
37 89 68
37 90 72
37 91 12
37 92 56
37 93 23
37 94 24
37 95 39
37 96 60
37 97 28
37 98 41
37 99 12
38 39 68
38 40 71
38 41 39
38 42 72
38 43 77
38 44 14
38 45 109
38 46 39
38 47 17
38 48 62
38 49 37
38 50 62
38 51 96
38 52 85
38 53 54
38 54 36
38 55 79
38 56 65
38 57 72
38 58 52
38 59 15
38 60 27
38 61 59
38 62 74
38 63 77
38 64 49
38 65 6
38 66 38
38 67 67
38 68 111
38 69 88
38 70 58
38 71 66
38 72 31
38 73 82
38 74 71
38 75 93
38 76 65
38 77 70
38 78 55
38 79 55
38 80 89
38 81 65
38 82 62
38 83 20
38 84 73
38 85 40
38 86 25
38 87 11
38 88 20
38 89 84
38 90 84
38 91 10
38 92 71
38 93 8
38 94 34
38 95 55
38 96 75
38 97 35
38 98 51
38 99 23
39 40 81
39 41 39
39 42 18
39 43 21
39 44 80
39 45 47
39 46 62
39 47 82
39 48 10
39 49 69
39 50 10
39 51 31
39 52 18
39 53 42
39 54 33
39 55 19
39 56 61
39 57 34
39 58 38
39 59 70
39 60 52
39 61 11
39 62 61
39 63 24
39 64 25
39 65 61
39 66 52
39 67 37
39 68 48
39 69 57
39 70 58
39 71 54
39 72 60
39 73 16
39 74 10
39 75 26
39 76 36
39 77 53
39 78 46
39 79 64
39 80 59
39 81 44
39 82 24
39 83 71
39 84 20
39 85 28
39 86 55
39 87 71
39 88 63
39 89 17
39 90 39
39 91 60
39 92 16
39 93 75
39 94 53
39 95 24
39 96 29
39 97 47
39 98 36
39 99 46
40 41 87
40 42 68
40 43 101
40 44 83
40 45 91
40 46 102
40 47 86
40 48 84
40 49 35
40 50 85
40 51 91
40 52 89
40 53 103
40 54 74
40 55 73
40 56 20
40 57 52
40 58 44
40 59 86
40 60 49
40 61 71
40 62 25
40 63 103
40 64 84
40 65 70
40 66 97
40 67 46
40 68 93
40 69 132
40 70 23
40 71 28
40 72 41
40 73 83
40 74 75
40 75 98
40 76 46
40 77 31
40 78 34
40 79 19
40 80 133
40 81 112
40 82 96
40 83 53
40 84 66
40 85 75
40 86 87
40 87 82
40 88 88
40 89 86
40 90 118
40 91 75
40 92 95
40 93 74
40 94 41
40 95 57
40 96 60
40 97 90
40 98 96
40 99 75
41 42 52
41 43 40
41 44 47
41 45 86
41 46 23
41 47 48
41 48 29
41 49 60
41 50 30
41 51 69
41 52 56
41 53 18
41 54 13
41 55 56
41 56 72
41 57 60
41 58 48
41 59 35
41 60 40
41 61 35
41 62 77
41 63 40
41 64 14
41 65 33
41 66 14
41 67 59
41 68 87
41 69 50
41 70 66
41 71 68
41 72 50
41 73 55
41 74 46
41 75 62
41 76 57
41 77 70
41 78 56
41 79 68
41 80 52
41 81 28
41 82 25
41 83 52
41 84 53
41 85 14
41 86 18
41 87 37
41 88 26
41 89 56
41 90 45
41 91 29
41 92 35
41 93 46
41 94 46
41 95 41
41 96 59
41 97 8
41 98 13
41 99 16
42 43 39
42 44 86
42 45 37
42 46 75
42 47 89
42 48 28
42 49 64
42 50 28
42 51 26
42 52 21
42 53 59
42 54 43
42 55 7
42 56 48
42 57 17
42 58 29
42 59 78
42 60 51
42 61 17
42 62 46
42 63 41
42 64 39
42 65 66
42 66 66
42 67 22
42 68 39
42 69 76
42 70 47
42 71 39
42 72 57
42 73 15
42 74 9
42 75 30
42 76 21
42 77 38
42 78 35
42 79 54
42 80 77
42 81 62
42 82 42
42 83 71
42 84 2
42 85 39
42 86 66
42 87 78
42 88 73
42 89 18
42 90 57
42 91 67
42 92 34
42 93 80
42 94 49
42 95 18
42 96 10
42 97 60
42 98 52
42 99 55
43 44 86
43 45 58
43 46 59
43 47 88
43 48 18
43 49 86
43 50 17
43 51 39
43 52 26
43 53 34
43 54 42
43 55 38
43 56 82
43 57 55
43 58 58
43 59 75
43 60 67
43 61 31
43 62 82
43 63 3
43 64 28
43 65 71
43 66 50
43 67 59
43 68 59
43 69 37
43 70 79
43 71 75
43 72 77
43 73 30
43 74 30
43 75 27
43 76 57
43 77 75
43 78 67
43 79 84
43 80 39
43 81 31
43 82 16
43 83 85
43 84 41
43 85 37
43 86 58
43 87 77
43 88 66
43 89 28
43 90 18
43 91 68
43 92 7
43 93 84
43 94 70
43 95 45
43 96 49
43 97 47
43 98 30
43 99 54
44 45 123
44 46 39
44 47 3
44 48 73
44 49 48
44 50 73
44 51 109
44 52 98
44 53 60
44 54 47
44 55 92
44 56 79
44 57 86
44 58 66
44 59 13
44 60 41
44 61 72
44 62 87
44 63 86
44 64 59
44 65 20
44 66 42
44 67 81
44 68 124
44 69 92
44 70 71
44 71 80
44 72 44
44 73 95
44 74 84
44 75 105
44 76 79
44 77 84
44 78 69
44 79 68
44 80 93
44 81 71
44 82 71
44 83 30
44 84 86
44 85 52
44 86 30
44 87 10
44 88 22
44 89 96
44 90 91
44 91 20
44 92 81
44 93 9
44 94 48
44 95 69
44 96 89
44 97 41
44 98 59
44 99 34
45 46 109
45 47 125
45 48 57
45 49 97
45 50 57
45 51 19
45 52 32
45 53 89
45 54 78
45 55 31
45 56 72
45 57 43
45 58 63
45 59 115
45 60 87
45 61 52
45 62 66
45 63 61
45 64 72
45 65 103
45 66 100
45 67 50
45 68 2
45 69 94
45 70 75
45 71 64
45 72 91
45 73 31
45 74 40
45 75 32
45 76 50
45 77 61
45 78 66
45 79 82
45 80 95
45 81 88
45 82 69
45 83 106
45 84 37
45 85 74
45 86 101
45 87 115
45 88 109
45 89 31
45 90 74
45 91 104
45 92 57
45 93 117
45 94 84
45 95 55
45 96 36
45 97 94
45 98 83
45 99 91
46 47 39
46 48 52
46 49 71
46 50 52
46 51 92
46 52 78
46 53 26
46 54 34
46 55 79
46 56 91
46 57 83
46 58 68
46 59 27
46 60 54
46 61 58
46 62 97
46 63 58
46 64 37
46 65 36
46 66 9
46 67 81
46 68 110
46 69 54
46 70 84
46 71 88
46 72 63
46 73 78
46 74 69
46 75 83
46 76 79
46 77 90
46 78 76
46 79 84
46 80 55
46 81 35
46 82 44
46 83 58
46 84 76
46 85 37
46 86 15
46 87 31
46 88 19
46 89 78
46 90 58
46 91 30
46 92 55
46 93 43
46 94 61
46 95 64
46 96 82
46 97 15
46 98 28
46 99 28
47 48 75
47 49 51
47 50 76
47 51 112
47 52 100
47 53 61
47 54 49
47 55 95
47 56 82
47 57 88
47 58 69
47 59 14
47 60 44
47 61 74
47 62 90
47 63 88
47 64 61
47 65 22
47 66 43
47 67 84
47 68 127
47 69 93
47 70 74
47 71 83
47 72 47
47 73 97
47 74 87
47 75 107
47 76 82
47 77 87
47 78 72
47 79 71
47 80 94
47 81 72
47 82 73
47 83 33
47 84 89
47 85 54
47 86 31
47 87 12
47 88 23
47 89 99
47 90 93
47 91 22
47 92 83
47 93 12
47 94 51
47 95 71
47 96 92
47 97 42
47 98 60
47 99 36
48 49 69
48 50 1
48 51 40
48 52 27
48 53 32
48 54 26
48 55 29
48 56 66
48 57 42
48 58 41
48 59 63
48 60 50
48 61 14
48 62 67
48 63 19
48 64 15
48 65 56
48 66 43
48 67 44
48 68 58
48 69 49
48 70 62
48 71 59
48 72 59
48 73 26
48 74 20
48 75 33
48 76 42
48 77 59
48 78 50
48 79 67
48 80 51
48 81 34
48 82 14
48 83 68
48 84 29
48 85 21
48 86 46
48 87 63
48 88 55
48 89 26
48 90 33
48 91 53
48 92 11
48 93 69
48 94 53
48 95 28
48 96 37
48 97 38
48 98 25
48 99 39
49 50 69
49 51 90
49 52 83
49 53 77
49 54 49
49 55 71
49 56 34
49 57 55
49 58 35
49 59 51
49 60 20
49 61 58
49 62 43
49 63 88
49 64 62
49 65 36
49 66 67
49 67 48
49 68 99
49 69 109
49 70 27
49 71 38
49 72 10
49 73 78
49 74 68
49 75 93
49 76 47
49 77 43
49 78 32
49 79 21
49 80 111
49 81 87
49 82 76
49 83 18
49 84 63
49 85 52
49 86 56
49 87 47
49 88 54
49 89 81
49 90 99
49 91 42
49 92 79
49 93 39
49 94 16
49 95 46
49 96 61
49 97 61
49 98 72
49 99 45
50 51 40
50 52 26
50 53 32
50 54 27
50 55 30
50 56 66
50 57 42
50 58 41
50 59 63
50 60 50
50 61 15
50 62 67
50 63 19
50 64 16
50 65 56
50 66 43
50 67 44
50 68 58
50 69 49
50 70 62
50 71 60
50 72 60
50 73 26
50 74 20
50 75 32
50 76 43
50 77 60
50 78 51
50 79 67
50 80 50
50 81 34
50 82 14
50 83 68
50 84 30
50 85 22
50 86 47
50 87 64
50 88 55
50 89 26
50 90 33
50 91 54
50 92 10
50 93 70
50 94 53
50 95 29
50 96 38
50 97 38
50 98 25
50 99 40
51 52 14
51 53 71
51 54 63
51 55 19
51 56 71
51 57 39
51 58 55
51 59 100
51 60 76
51 61 38
51 62 67
51 63 42
51 64 55
51 65 90
51 66 82
51 67 46
51 68 19
51 69 75
51 70 71
51 71 63
51 72 83
51 73 14
51 74 25
51 75 14
51 76 46
51 77 60
51 78 61
51 79 79
51 80 77
51 81 69
51 82 51
51 83 96
51 84 27
51 85 59
51 86 86
51 87 100
51 88 93
51 89 14
51 90 55
51 91 90
51 92 39
51 93 104
51 94 75
51 95 44
51 96 31
51 97 77
51 98 65
51 99 76
52 53 57
52 54 51
52 55 16
52 56 69
52 57 37
52 58 49
52 59 88
52 60 68
52 61 27
52 62 66
52 63 29
52 64 42
52 65 79
52 66 69
52 67 43
52 68 33
52 69 63
52 70 68
52 71 61
52 72 75
52 73 6
52 74 16
52 75 9
52 76 43
52 77 59
52 78 56
52 79 75
52 80 65
52 81 56
52 82 37
52 83 87
52 84 23
52 85 46
52 86 73
52 87 88
52 88 81
52 89 3
52 90 43
52 91 78
52 92 25
52 93 93
52 94 68
52 95 37
52 96 30
52 97 64
52 98 51
52 99 64
53 54 29
53 55 61
53 56 87
53 57 71
53 58 62
53 59 47
53 60 58
53 61 43
53 62 91
53 63 33
53 64 21
53 65 50
53 66 18
53 67 71
53 68 90
53 69 33
53 70 82
53 71 83
53 72 68
53 73 58
53 74 52
53 75 60
53 76 69
53 77 84
53 78 72
53 79 84
53 80 34
53 81 11
53 82 20
53 83 69
53 84 60
53 85 28
53 86 30
53 87 51
53 88 38
53 89 57
53 90 33
53 91 44
53 92 32
53 93 61
53 94 64
53 95 53
53 96 68
53 97 19
53 98 8
53 99 34
54 55 48
54 56 59
54 57 48
54 58 35
54 59 37
54 60 29
54 61 26
54 62 64
54 63 42
54 64 14
54 65 29
54 66 26
54 67 47
54 68 80
54 69 60
54 70 53
54 71 55
54 72 40
54 73 49
54 74 39
54 75 58
54 76 45
54 77 57
54 78 44
54 79 55
54 80 61
54 81 38
54 82 28
54 83 44
54 84 43
54 85 5
54 86 23
54 87 37
54 88 30
54 89 50
54 90 51
54 91 27
54 92 35
54 93 43
54 94 35
54 95 29
54 96 49
54 97 19
54 98 23
54 99 13
55 56 53
55 57 21
55 58 36
55 59 84
55 60 57
55 61 21
55 62 50
55 63 40
55 64 42
55 65 72
55 66 70
55 67 27
55 68 33
55 69 75
55 70 53
55 71 45
55 72 63
55 73 10
55 74 10
55 75 25
55 76 27
55 77 43
55 78 42
55 79 60
55 80 76
55 81 63
55 82 43
55 83 77
55 84 8
55 85 43
55 86 71
55 87 84
55 88 78
55 89 13
55 90 55
55 91 73
55 92 34
55 93 86
55 94 56
55 95 25
55 96 14
55 97 64
55 98 54
55 99 60
56 57 32
56 58 25
56 59 78
56 60 39
56 61 52
56 62 9
56 63 84
56 64 67
56 65 62
56 66 84
56 67 26
56 68 74
56 69 114
56 70 8
56 71 8
56 72 35
56 73 63
56 74 55
56 75 78
56 76 26
56 77 11
56 78 16
56 79 13
56 80 116
56 81 95
56 82 78
56 83 51
56 84 46
56 85 59
56 86 76
56 87 75
56 88 78
56 89 66
56 90 99
56 91 67
56 92 76
56 93 70
56 94 32
56 95 38
56 96 40
56 97 77
56 98 80
56 99 63
57 58 21
57 59 80
57 60 46
57 61 28
57 62 29
57 63 57
57 64 49
57 65 66
57 66 74
57 67 7
57 68 45
57 69 91
57 70 33
57 71 24
57 72 49
57 73 31
57 74 25
57 75 46
57 76 8
57 77 22
57 78 23
57 79 40
57 80 92
57 81 75
57 82 55
57 83 65
57 84 15
57 85 46
57 86 71
57 87 79
57 88 76
57 89 34
57 90 73
57 91 68
57 92 49
57 93 78
57 94 42
57 95 19
57 96 8
57 97 67
57 98 63
57 99 58
58 59 62
58 60 25
58 61 27
58 62 29
58 63 60
58 64 42
58 65 47
58 66 61
58 67 15
58 68 64
58 69 89
58 70 21
58 71 20
58 72 29
58 73 44
58 74 34
58 75 58
58 76 14
58 77 22
58 78 9
58 79 26
58 80 90
58 81 70
58 82 53
58 83 44
58 84 28
58 85 35
58 86 55
58 87 60
58 88 59
58 89 47
58 90 74
58 91 50
58 92 51
58 93 58
58 94 22
58 95 13
58 96 27
58 97 54
58 98 55
58 99 42
59 60 39
59 61 63
59 62 86
59 63 75
59 64 48
59 65 16
59 66 29
59 67 76
59 68 116
59 69 79
59 70 71
59 71 78
59 72 45
59 73 86
59 74 75
59 75 95
59 76 74
59 77 81
59 78 67
59 79 69
59 80 80
59 81 58
59 82 60
59 83 35
59 84 79
59 85 42
59 86 18
59 87 5
59 88 9
59 89 87
59 90 79
59 91 12
59 92 70
59 93 17
59 94 47
59 95 62
59 96 83
59 97 29
59 98 46
59 99 24
60 61 41
60 62 47
60 63 68
60 64 42
60 65 23
60 66 49
60 67 41
60 68 88
60 69 89
60 70 32
60 71 39
60 72 10
60 73 63
60 74 52
60 75 76
60 76 39
60 77 43
60 78 28
60 79 30
60 80 90
60 81 67
60 82 56
60 83 20
60 84 50
60 85 32
60 86 38
60 87 36
60 88 39
60 89 65
60 90 80
60 91 28
60 92 60
60 93 33
60 94 8
60 95 32
60 96 51
60 97 42
60 98 52
60 99 26
61 62 53
61 63 33
61 64 22
61 65 52
61 66 49
61 67 30
61 68 54
61 69 64
61 70 48
61 71 45
61 72 49
61 73 23
61 74 13
61 75 36
61 76 28
61 77 45
61 78 36
61 79 54
61 80 65
61 81 47
61 82 28
61 83 61
61 84 18
61 85 22
61 86 49
61 87 63
61 88 56
61 89 25
61 90 47
61 91 52
61 92 24
61 93 66
61 94 42
61 95 14
61 96 25
61 97 43
61 98 36
61 99 39
62 63 85
62 64 70
62 65 70
62 66 89
62 67 24
62 68 68
62 69 116
62 70 16
62 71 9
62 72 43
62 73 60
62 74 54
62 75 75
62 76 25
62 77 8
62 78 21
62 79 22
62 80 118
62 81 98
62 82 80
62 83 60
62 84 44
62 85 63
62 86 82
62 87 83
62 88 85
62 89 64
62 90 100
62 91 74
62 92 76
62 93 78
62 94 40
62 95 39
62 96 37
62 97 83
62 98 84
62 99 69
63 64 28
63 65 71
63 66 49
63 67 61
63 68 61
63 69 35
63 70 81
63 71 77
63 72 78
63 73 33
63 74 32
63 75 29
63 76 60
63 77 77
63 78 69
63 79 86
63 80 36
63 81 29
63 82 15
63 83 86
63 84 43
63 85 38
63 86 57
63 87 77
63 88 66
63 89 31
63 90 15
63 91 68
63 92 9
63 93 84
63 94 72
63 95 47
63 96 52
63 97 47
63 98 30
63 99 54
64 65 43
64 66 28
64 67 50
64 68 73
64 69 48
64 70 62
64 71 62
64 72 52
64 73 41
64 74 33
64 75 48
64 76 48
64 77 63
64 78 51
64 79 65
64 80 49
64 81 28
64 82 15
64 83 58
64 84 40
64 85 10
64 86 31
64 87 49
64 88 40
64 89 41
64 90 38
64 91 40
64 92 22
64 93 56
64 94 47
64 95 32
64 96 47
64 97 22
64 98 14
64 99 26
65 66 35
65 67 62
65 68 105
65 69 83
65 70 54
65 71 62
65 72 29
65 73 76
65 74 65
65 75 87
65 76 60
65 77 66
65 78 51
65 79 52
65 80 84
65 81 60
65 82 57
65 83 21
65 84 67
65 85 34
65 86 22
65 87 13
65 88 19
65 89 78
65 90 78
65 91 6
65 92 64
65 93 14
65 94 30
65 95 49
65 96 69
65 97 31
65 98 46
65 99 17
66 67 72
66 68 101
66 69 50
66 70 77
66 71 81
66 72 58
66 73 69
66 74 60
66 75 74
66 76 70
66 77 83
66 78 69
66 79 78
66 80 51
66 81 29
66 82 35
66 83 55
66 84 67
66 85 28
66 86 13
66 87 33
66 88 20
66 89 69
66 90 51
66 91 28
66 92 46
66 93 44
66 94 56
66 95 55
66 96 73
66 97 7
66 98 20
66 99 22
67 68 52
67 69 93
67 70 26
67 71 18
67 72 43
67 73 37
67 74 30
67 75 52
67 76 2
67 77 16
67 78 16
67 79 33
67 80 95
67 81 76
67 82 57
67 83 59
67 84 20
67 85 45
67 86 68
67 87 74
67 88 73
67 89 40
67 90 76
67 91 64
67 92 53
67 93 73
67 94 36
67 95 18
67 96 15
67 97 66
67 98 63
67 99 55
68 69 94
68 70 77
68 71 66
68 72 93
68 73 32
68 74 41
68 75 33
68 76 52
68 77 63
68 78 68
68 79 84
68 80 96
68 81 89
68 82 70
68 83 108
68 84 39
68 85 75
68 86 103
68 87 116
68 88 110
68 89 32
68 90 74
68 91 105
68 92 58
68 93 118
68 94 86
68 95 57
68 96 38
68 97 95
68 98 83
68 99 92
69 70 109
69 71 108
69 72 100
69 73 67
69 74 66
69 75 62
69 76 92
69 77 108
69 78 98
69 79 113
69 80 1
69 81 23
69 82 36
69 83 102
69 84 77
69 85 58
69 86 63
69 87 83
69 88 70
69 89 65
69 90 21
69 91 77
69 92 42
69 93 94
69 94 95
69 95 77
69 96 86
69 97 52
69 98 38
69 99 67
70 71 11
70 72 27
70 73 62
70 74 53
70 75 77
70 76 26
70 77 16
70 78 12
70 79 8
70 80 111
70 81 90
70 82 73
70 83 43
70 84 45
70 85 54
70 86 69
70 87 68
70 88 71
70 89 65
70 90 95
70 91 59
70 92 72
70 93 62
70 94 24
70 95 34
70 96 41
70 97 70
70 98 74
70 99 56
71 72 37
71 73 55
71 74 47
71 75 70
71 76 18
71 77 4
71 78 12
71 79 19
71 80 109
71 81 89
71 82 72
71 83 53
71 84 38
71 85 55
71 86 74
71 87 75
71 88 77
71 89 58
71 90 92
71 91 66
71 92 69
71 93 71
71 94 32
71 95 31
71 96 32
71 97 74
71 98 75
71 99 60
72 73 70
72 74 59
72 75 84
72 76 42
72 77 41
72 78 28
72 79 24
72 80 101
72 81 78
72 82 66
72 83 17
72 84 56
72 85 42
72 86 47
72 87 42
72 88 47
72 89 73
72 90 90
72 91 35
72 92 70
72 93 35
72 94 7
72 95 38
72 96 55
72 97 52
72 98 62
72 99 36
73 74 11
73 75 15
73 76 37
73 77 53
73 78 51
73 79 69
73 80 69
73 81 58
73 82 38
73 83 83
73 84 17
73 85 44
73 86 71
73 87 86
73 88 79
73 89 3
73 90 47
73 91 75
73 92 27
73 93 90
73 94 63
73 95 32
73 96 23
73 97 63
73 98 51
73 99 62
74 75 25
74 76 29
74 77 46
74 78 41
74 79 60
74 80 68
74 81 54
74 82 33
74 83 72
74 84 11
74 85 34
74 86 61
74 87 75
74 88 69
74 89 14
74 90 48
74 91 65
74 92 25
74 93 79
74 94 52
74 95 21
74 96 19
74 97 54
74 98 45
74 99 51
75 76 52
75 77 68
75 78 66
75 79 84
75 80 63
75 81 58
75 82 40
75 83 96
75 84 32
75 85 53
75 86 79
75 87 96
75 88 87
75 89 12
75 90 41
75 91 85
75 92 28
75 93 101
75 94 77
75 95 46
75 96 38
75 97 70
75 98 55
75 99 71
76 77 17
76 78 16
76 79 33
76 80 93
76 81 75
76 82 56
76 83 58
76 84 20
76 85 43
76 86 66
76 87 73
76 88 71
76 89 40
76 90 75
76 91 62
76 92 51
76 93 71
76 94 35
76 95 16
76 96 15
76 97 64
76 98 62
76 99 53
77 78 15
77 79 23
77 80 110
77 81 91
77 82 72
77 83 57
77 84 37
77 85 57
77 86 77
77 87 79
77 88 80
77 89 56
77 90 92
77 91 70
77 92 69
77 93 75
77 94 36
77 95 32
77 96 30
77 97 76
77 98 77
77 99 63
78 79 18
78 80 100
78 81 79
78 82 62
78 83 44
78 84 34
78 85 43
78 86 62
78 87 64
78 88 65
78 89 54
78 90 83
78 91 55
78 92 60
78 93 61
78 94 22
78 95 22
78 96 31
78 97 62
78 98 64
78 99 48
79 80 115
79 81 93
79 82 78
79 83 39
79 84 52
79 85 56
79 86 69
79 87 65
79 88 70
79 89 72
79 90 100
79 91 58
79 92 77
79 93 59
79 94 23
79 95 40
79 96 48
79 97 71
79 98 77
79 99 56
80 81 24
80 82 38
80 83 103
80 84 79
80 85 59
80 86 64
80 87 84
80 88 71
80 89 67
80 90 22
80 91 78
80 92 43
80 93 95
80 94 96
80 95 78
80 96 87
80 97 53
80 98 39
80 99 68
81 82 20
81 83 80
81 84 63
81 85 36
81 86 41
81 87 61
81 88 48
81 89 57
81 90 24
81 91 55
81 92 31
81 93 72
81 94 73
81 95 59
81 96 72
81 97 30
81 98 16
81 99 44
82 83 72
82 84 43
82 85 24
82 86 42
82 87 62
82 88 51
82 89 38
82 90 23
82 91 53
82 92 12
82 93 70
82 94 61
82 95 41
82 96 52
82 97 32
82 98 15
82 99 39
83 84 70
83 85 48
83 86 43
83 87 30
83 88 40
83 89 85
83 90 95
83 91 28
83 92 78
83 93 21
83 94 23
83 95 52
83 96 71
83 97 51
83 98 64
83 99 35
84 85 39
84 86 66
84 87 78
84 88 73
84 89 20
84 90 59
84 91 67
84 92 36
84 93 80
84 94 49
84 95 18
84 96 9
84 97 61
84 98 53
84 99 55
85 86 27
85 87 42
85 88 35
85 89 45
85 90 48
85 91 32
85 92 30
85 93 48
85 94 37
85 95 27
85 96 45
85 97 22
85 98 21
85 99 18
86 87 21
86 88 9
86 89 72
86 90 61
86 91 16
86 92 53
86 93 31
86 94 46
86 95 52
86 96 72
86 97 11
86 98 29
86 99 13
87 88 13
87 89 87
87 90 82
87 91 11
87 92 71
87 93 12
87 94 44
87 95 61
87 96 82
87 97 32
87 98 49
87 99 24
88 89 80
88 90 70
88 91 12
88 92 61
88 93 25
88 94 47
88 95 58
88 96 78
88 97 19
88 98 37
88 99 18
89 90 45
89 91 77
89 92 26
89 93 92
89 94 65
89 95 34
89 96 27
89 97 64
89 98 51
89 99 63
90 91 74
90 92 24
90 93 91
90 94 84
90 95 61
90 96 67
90 97 50
90 98 33
90 99 61
91 92 62
91 93 17
91 94 35
91 95 50
91 96 71
91 97 25
91 98 41
91 99 14
92 93 78
92 94 63
92 95 38
92 96 44
92 97 43
92 98 27
92 99 48
93 94 39
93 95 62
93 96 82
93 97 42
93 98 58
93 99 31
94 95 31
94 96 48
94 97 49
94 98 57
94 99 34
95 96 21
95 97 48
95 98 46
95 99 39
96 97 67
96 98 61
96 99 60
97 98 18
97 99 16
98 99 29
0 2 40
0 3 27
0 4 53
0 5 51
0 10 33
0 12 24
0 17 67
0 20 33
0 26 64
0 27 53
0 30 53
0 32 23
0 33 54
0 34 32
0 35 24
0 36 35
0 37 15
0 39 37
0 40 67
0 41 20
0 43 48
0 44 43
0 45 80
0 46 38
0 49 41
0 51 66
0 52 55
0 54 8
0 55 49
0 56 53
0 60 21
0 66 31
0 69 68
0 71 49
0 78 38
0 79 48
0 80 70
0 81 46
0 83 36
0 84 43
0 85 12
0 87 35
0 88 30
0 90 59
0 93 38
0 97 24
0 99 12
1 2 27
1 3 40
1 7 36
1 8 31
1 10 16
1 11 9
1 12 34
1 13 54
1 15 35
1 19 22
1 20 33
1 22 61
1 26 79
1 28 61
1 30 45
1 33 40
1 34 45
1 36 40
1 39 35
1 40 50
1 42 30
1 44 59
1 45 66
1 46 60
1 48 36
1 50 36
1 52 49
1 53 55
1 54 27
1 57 27
1 61 24
1 62 37
1 65 39
1 68 68
1 70 27
1 74 33
1 75 58
1 77 31
1 78 17
1 79 31
1 81 62
1 82 46
1 84 30
1 92 46
1 93 52
1 94 19
1 98 47
2 3 41
2 4 93
2 5 86
2 6 56
2 7 56
2 14 58
2 15 12
2 17 64
2 18 17
2 19 35
2 20 60
2 21 41
2 24 84
2 27 41
2 28 69
2 30 69
2 32 63
2 33 59
2 36 31
2 37 38
2 38 45
2 39 61
2 42 53
2 43 80
2 45 85
2 46 75
2 47 61
2 49 14
2 50 63
2 51 79
2 52 73
2 53 77
2 54 48
2 55 60
2 56 21
2 57 42
2 60 21
2 62 30
2 63 82
2 65 43
2 72 14
2 73 68
2 74 58
2 75 83
2 83 30
2 84 52
2 86 60
2 88 60
2 90 95
2 91 48
2 93 49
2 94 14
2 96 49
2 98 70
3 5 75
3 8 71
3 10 43
3 13 76
3 14 20
3 15 35
3 16 67
3 20 59
3 21 24
3 23 74
3 24 70
3 31 29
3 33 78
3 36 16
3 37 12
3 38 5
3 47 22
3 49 34
3 54 32
3 56 61
3 58 47
3 59 18
3 60 23
3 61 55
3 62 69
3 63 74
3 64 46
3 66 38
3 67 62
3 69 86
3 72 28
3 73 78
3 78 51
3 79 51
3 81 64
3 85 37
3 86 25
3 93 12
3 95 50
3 96 71
3 99 20
4 5 28
4 6 71
4 8 89
4 9 42
4 11 64
4 13 39
4 14 51
4 16 108
4 19 83
4 23 65
4 25 42
4 28 56
4 31 40
4 33 79
4 34 26
4 36 83
4 39 51
4 40 119
4 43 37
4 44 74
4 45 95
4 47 75
4 48 42
4 50 42
4 52 62
4 55 71
4 57 83
4 58 77
4 62 106
4 64 36
4 66 32
4 69 18
4 71 97
4 73 65
4 75 63
4 76 83
4 77 98
4 78 87
4 79 100
4 81 8
4 83 85
4 85 44
4 87 65
4 88 52
4 90 26
4 91 60
4 93 76
4 95 67
4 96 79
4 97 35
4 98 23
4 99 50
5 7 39
5 9 38
5 10 75
5 11 58
5 12 75
5 20 28
5 27 74
5 28 72
5 29 10
5 30 40
5 33 55
5 34 20
5 37 65
5 38 78
5 40 109
5 43 10
5 44 86
5 45 68
5 47 88
5 48 24
5 49 91
5 50 24
5 53 29
5 55 47
5 56 90
5 57 64
5 58 65
5 64 30
5 65 72
5 66 47
5 67 67
5 73 40
5 76 66
5 77 83
5 79 91
5 81 23
5 83 88
5 84 50
5 86 56
5 91 68
5 93 85
5 95 52
5 98 28
5 99 54
6 7 51
6 9 43
6 12 66
6 14 73
6 16 52
6 17 24
6 18 46
6 19 22
6 24 53
6 32 52
6 34 47
6 35 57
6 37 60
6 38 76
6 40 69
6 41 55
6 43 40
6 44 89
6 45 34
6 46 78
6 49 67
6 50 30
6 53 62
6 54 46
6 56 49
6 57 17
6 58 32
6 59 82
6 60 54
6 63 42
6 64 42
6 65 70
6 66 69
6 69 77
6 71 41
6 72 60
6 75 29
6 76 23
6 77 39
6 80 78
6 81 64
6 82 44
6 83 74
6 84 4
6 85 42
6 87 81
6 89 17
6 90 58
6 93 83
6 95 22
6 97 63
7 8 61
7 10 49
7 11 29
7 13 42
7 16 74
7 19 53
7 20 30
7 21 16
7 23 49
7 25 16
7 26 48
7 28 37
7 29 40
7 30 53
7 31 12
7 33 59
7 34 19
7 35 40
7 36 48
7 37 26
7 40 83
7 42 48
7 43 39
7 44 47
7 48 27
7 52 53
7 54 9
7 60 37
7 61 31
7 63 39
7 64 12
7 65 32
7 67 55
7 70 62
7 71 64
7 77 66
7 79 64
7 80 54
7 82 24
7 87 38
7 88 28
7 89 53
7 91 29
7 95 37
7 96 55
7 98 15
7 99 15
8 9 53
8 10 33
8 14 78
8 15 55
8 16 32
8 18 29
8 20 42
8 23 31
8 24 71
8 27 6
8 29 78
8 31 70
8 32 64
8 35 52
8 36 68
8 37 61
8 40 50
8 42 21
8 43 60
8 48 47
8 57 6
8 58 24
8 59 85
8 60 50
8 61 33
8 72 52
8 79 40
8 80 97
8 81 81
8 83 68
8 84 20
8 86 76
8 87 83
8 88 81
8 89 38
8 90 78
8 91 73
8 92 55
8 93 82
8 94 45
9 10 43
9 11 23
9 12 37
9 14 32
9 15 55
9 17 66
9 18 55
9 19 45
9 20 23
9 22 50
9 23 42
9 24 35
9 25 24
9 26 52
9 27 56
9 28 44
9 31 20
9 32 12
9 34 19
9 35 37
9 37 27
9 47 54
9 48 21
9 50 21
9 51 59
9 54 6
9 57 47
9 60 34
9 65 35
9 67 46
9 69 56
9 70 56
9 71 57
9 73 45
9 74 35
9 75 53
9 76 45
9 77 58
9 78 45
9 79 58
9 81 34
9 86 27
9 91 32
9 93 49
9 94 39
9 96 47
9 97 20
9 98 19
9 99 18
10 11 21
10 13 70
10 16 26
10 31 53
10 33 48
10 34 61
10 35 21
10 36 36
10 38 47
10 41 53
10 42 41
10 43 69
10 44 61
10 45 74
10 49 24
10 50 52
10 51 67
10 58 12
10 59 59
10 60 20
10 61 39
10 63 71
10 66 64
10 68 76
10 70 13
10 72 19
10 73 56
10 77 23
10 78 9
10 82 62
10 83 36
10 84 40
10 86 56
10 87 56
10 93 52
10 94 13
10 95 25
10 98 62
10 99 43
11 13 54
11 16 46
11 18 33
11 19 30
11 20 34
11 22 63
11 24 56
11 27 41
11 28 52
11 29 62
11 31 34
11 33 47
11 34 41
11 36 34
11 37 21
11 44 51
11 45 73
11 47 53
11 49 34
11 52 52
11 55 43
11 59 45
11 60 15
11 64 30
11 65 31
11 68 75
11 71 36
11 72 24
11 76 29
11 78 25
11 79 36
11 81 57
11 85 21
11 86 38
11 89 50
11 92 46
11 95 18
11 99 24
12 16 59
12 17 84
12 18 48
12 20 57
12 21 22
12 22 85
12 24 71
12 34 55
12 35 14
12 39 61
12 41 38
12 42 63
12 43 73
12 45 100
12 47 29
12 52 78
12 54 31
12 56 53
12 57 60
12 59 26
12 60 15
12 64 45
12 65 10
12 67 55
12 68 101
12 69 89
12 70 46
12 71 54
12 77 58
12 78 43
12 79 43
12 80 90
12 82 60
12 84 63
12 86 30
12 88 28
12 91 16
12 92 66
12 93 18
12 96 65
12 99 22
13 15 88
13 21 53
13 22 13
13 23 30
13 24 18
13 26 41
13 28 77
13 31 53
13 34 24
13 38 79
13 40 102
13 41 43
13 44 89
13 45 56
13 46 62
13 47 91
13 51 37
13 53 37
13 57 55
13 58 59
13 62 82
13 65 73
13 68 56
13 70 80
13 71 75
13 72 78
13 73 28
13 74 29
13 75 24
13 79 85
13 80 41
13 83 87
13 85 39
13 86 61
13 88 69
13 89 26
13 91 70
13 93 87
13 94 72
13 95 45
13 99 56
14 17 95
14 19 69
14 21 24
14 23 73
14 25 10
14 27 80
14 32 30
14 33 81
14 34 43
14 37 21
14 38 20
14 39 60
14 43 64
14 45 106
14 46 19
14 47 25
14 48 52
14 49 53
14 50 52
14 52 78
14 56 76
14 61 54
14 63 64
14 65 17
14 66 19
14 67 70
14 68 107
14 72 45
14 75 85
14 76 68
14 77 77
14 79 67
14 80 70
14 83 39
14 84 70
14 86 7
14 90 68
14 97 18
14 98 35
14 99 15
15 22 96
15 29 96
15 35 18
15 36 22
15 38 39
15 41 61
15 42 64
15 49 2
15 51 90
15 52 83
15 53 79
15 54 50
15 57 54
15 61 58
15 62 42
15 63 88
15 64 63
15 67 47
15 70 26
15 71 37
15 72 11
15 73 78
15 74 67
15 75 92
15 77 41
15 78 31
15 82 77
15 83 20
15 84 63
15 85 53
15 86 57
15 87 49
15 88 56
15 90 100
15 93 41
15 95 46
15 97 63
16 17 50
16 19 30
16 20 67
16 21 61
16 25 82
16 27 27
16 31 79
16 32 79
16 33 52
16 36 58
16 37 62
16 38 71
16 40 19
16 41 78
16 44 85
16 45 72
16 46 97
16 47 88
16 49 39
16 51 73
16 53 93
16 55 56
16 58 31
16 59 85
16 61 56
16 62 7
16 64 73
16 66 90
16 68 74
16 70 14
16 72 41
16 73 66
16 76 30
16 78 22
16 80 121
16 81 100
16 83 56
16 84 49
16 85 65
16 88 84
16 90 104
16 91 73
16 93 76
16 96 43
16 98 86
17 19 30
17 20 49
17 21 70
17 22 55
17 24 75
17 25 89
17 31 85
17 32 75
17 33 16
17 34 70
17 35 72
17 37 79
17 38 94
17 42 26
17 43 61
17 46 101
17 48 53
17 50 53
17 52 36
17 54 68
17 55 24
17 57 23
17 58 44
17 59 102
17 61 43
17 62 44
17 65 89
17 68 24
17 70 53
17 71 42
17 73 31
17 76 31
17 77 39
17 81 87
17 82 67
17 86 91
17 87 101
17 92 57
17 94 66
17 98 78
17 99 79
18 21 48
18 25 69
18 26 105
18 27 25
18 28 82
18 30 60
18 32 67
18 34 71
18 37 49
18 38 60
18 39 56
18 40 24
18 41 66
18 43 77
18 45 71
18 47 77
18 48 60
18 49 31
18 50 61
18 52 65
18 53 81
18 55 50
18 56 6
18 57 30
18 60 33
18 61 46
18 62 14
18 63 79
18 64 61
18 66 78
18 68 73
18 71 8
18 72 30
18 74 51
18 75 74
18 81 89
18 85 53
18 86 70
18 87 69
18 90 93
18 91 61
18 98 74
19 22 59
19 24 67
19 26 90
19 27 11
19 29 74
19 30 37
19 32 57
19 33 24
19 37 52
19 38 66
19 39 36
19 40 47
19 41 57
19 50 43
19 51 45
19 52 42
19 53 70
19 55 26
19 56 27
19 58 15
19 59 75
19 60 40
19 61 28
19 62 25
19 65 61
19 66 71
19 67 1
19 69 92
19 71 19
19 75 51
19 76 1
19 77 18
19 78 17
19 79 34
19 80 93
19 82 56
19 83 59
19 85 43
19 86 67
19 88 72
19 89 39
19 90 75
19 91 63
19 93 72
19 95 16
19 96 14
19 97 64
19 98 62
19 99 54
20 21 35
20 22 29
20 23 20
20 24 29
20 25 46
20 27 47
20 28 67
20 32 29
20 33 33
20 35 53
20 38 63
20 39 6
20 41 33
20 42 23
20 44 75
20 46 56
20 48 5
20 52 23
20 58 38
20 60 49
20 61 11
20 64 19
20 69 54
20 73 22
20 74 15
20 75 30
20 76 38
20 77 55
20 80 55
20 81 39
20 83 68
20 84 24
20 86 49
20 89 23
20 93 71
21 22 64
21 24 49
21 26 64
21 27 56
21 30 56
21 32 23
21 36 33
21 37 12
21 38 28
21 41 19
21 43 50
21 44 40
21 45 83
21 47 43
21 50 35
21 52 58
21 53 37
21 54 9
21 55 52
21 56 55
21 58 33
21 59 32
21 60 21
21 62 61
21 63 51
21 64 23
21 67 46
21 68 85
21 75 66
21 78 40
21 82 38
21 85 14
21 88 27
21 91 21
21 92 44
21 93 35
21 97 23
22 24 30
22 25 70
22 26 51
22 33 41
22 34 38
22 35 82
22 39 27
22 42 39
22 47 103
22 48 29
22 53 51
22 58 64
22 59 90
22 60 78
22 61 38
22 63 18
22 68 47
22 69 48
22 70 84
22 73 25
22 74 31
22 75 14
22 76 60
22 83 97
22 85 50
22 86 73
22 87 92
22 89 22
22 92 21
22 96 48
22 97 63
23 24 45
23 26 69
23 27 36
23 30 6
23 35 62
23 38 78
23 39 15
23 42 10
23 45 33
23 46 76
23 47 94
23 48 25
23 49 73
23 50 25
23 52 11
23 53 57
23 57 27
23 58 39
23 59 82
23 62 56
23 66 66
23 67 32
23 68 34
23 69 69
23 70 57
23 71 50
23 72 65
23 73 5
23 74 7
23 77 48
23 79 64
23 80 70
23 81 58
23 82 38
23 86 68
23 88 76
23 89 8
23 93 86
23 95 27
23 96 19
23 97 61
23 98 50
23 99 58
24 25 47
24 26 24
24 27 76
24 28 65
24 30 44
24 31 43
24 33 59
24 37 61
24 39 33
24 43 15
24 44 80
24 45 73
24 48 25
24 49 88
24 51 55
24 52 41
24 53 22
24 56 90
24 58 65
24 64 26
24 65 67
24 67 69
24 68 74
24 70 86
24 72 79
24 73 44
24 76 67
24 78 74
24 79 90
24 82 12
24 83 84
24 85 36
24 88 59
24 90 12
24 91 63
24 92 17
24 93 80
24 95 53
24 96 61
24 97 39
24 98 22
25 26 53
25 27 77
25 28 21
25 31 4
25 33 74
25 34 33
25 37 23
25 38 28
25 41 14
25 44 34
25 46 15
25 47 35
25 48 43
25 53 27
25 54 21
25 55 68
25 56 76
25 57 69
25 58 54
25 64 28
25 65 24
25 66 11
25 68 100
25 69 60
25 71 73
25 75 76
25 76 65
25 78 61
25 81 37
25 84 64
25 86 4
25 87 24
25 91 18
25 94 46
25 96 70
25 97 8
25 98 25
26 27 100
26 31 52
26 34 34
26 37 73
26 38 82
26 43 39
26 44 85
26 47 86
26 48 48
26 50 48
26 52 65
26 53 28
26 54 56
26 55 75
26 56 111
26 59 73
26 61 62
26 68 97
26 73 68
26 75 64
26 76 90
26 77 106
26 78 95
26 83 97
26 85 54
26 90 24
26 91 71
26 92 42
26 93 87
26 95 75
26 98 33
26 99 61
27 29 83
27 31 73
27 33 25
27 35 51
27 37 62
27 40 45
27 43 65
27 44 90
27 47 93
27 48 52
27 50 52
27 51 46
27 52 46
27 53 80
27 55 30
27 56 26
27 57 10
27 58 24
27 61 38
27 63 68
27 64 59
27 66 82
27 67 10
27 68 48
27 69 101
27 71 18
27 72 50
27 73 40
27 78 23
27 79 37
27 83 67
27 84 25
27 86 78
27 88 83
27 89 44
27 90 83
27 92 60
27 95 27
27 97 75
27 99 65
28 30 90
28 32 40
28 33 94
28 34 53
28 36 43
28 40 96
28 41 35
28 42 83
28 44 21
28 45 119
28 48 64
28 52 90
28 55 88
28 58 69
28 59 11
28 60 49
28 62 95
28 63 74
28 66 25
28 71 87
28 73 89
28 76 82
28 77 90
28 78 75
28 79 79
28 80 74
28 81 53
28 82 59
28 84 84
28 85 45
28 86 18
28 87 16
28 88 11
28 89 90
28 97 27
28 99 29
29 30 50
29 31 48
29 35 78
29 37 66
29 39 39
29 40 115
29 41 39
29 42 57
29 43 20
29 44 84
29 46 50
29 47 86
29 50 31
29 52 46
29 55 57
29 57 72
29 59 72
29 63 17
29 64 33
29 65 72
29 66 43
29 70 92
29 71 90
29 73 50
29 75 46
29 77 91
29 79 97
29 80 20
29 81 16
29 83 90
29 92 23
29 96 68
30 32 52
30 34 43
30 35 68
30 39 17
30 41 56
30 44 96
30 45 31
30 46 79
30 47 98
30 50 27
30 51 13
30 53 58
30 54 50
30 57 32
30 60 64
30 68 32
30 69 67
30 71 56
30 73 1
30 75 14
30 77 54
30 79 70
30 82 39
30 83 84
30 89 2
30 92 27
30 95 33
30 96 25
30 98 52
31 32 16
31 33 70
31 34 29
31 37 23
31 38 30
31 39 48
31 40 86
31 41 10
31 42 59
31 45 94
31 48 39
31 49 56
31 52 65
31 56 73
31 57 65
31 61 42
31 62 79
31 65 25
31 69 58
31 71 70
31 72 47
31 78 58
31 83 45
31 85 20
31 87 27
31 89 65
31 91 20
31 93 37
31 94 45
31 96 66
31 98 22
32 33 60
32 34 13
32 36 55
32 38 44
32 39 35
32 44 53
32 45 82
32 50 25
32 52 51
32 54 15
32 57 59
32 58 49
32 59 41
32 60 44
32 62 78
32 63 34
32 65 39
32 66 18
32 67 58
32 69 46
32 72 54
32 73 51
32 75 57
32 80 47
32 81 23
32 82 19
32 85 14
32 86 23
32 87 43
32 88 32
32 91 35
32 92 30
32 95 40
32 97 13
32 99 22
33 34 54
33 36 80
33 37 67
33 38 83
33 39 27
33 43 46
33 48 37
33 50 38
33 52 22
33 53 69
33 57 18
33 58 36
33 60 60
33 62 46
33 63 48
33 64 50
33 67 25
33 69 83
33 70 51
33 73 17
33 74 18
33 76 25
33 80 84
33 82 51
33 83 80
33 84 11
33 88 84
33 89 19
33 93 90
33 94 58
33 95 28
33 98 62
33 99 66
34 37 45
34 39 27
34 40 95
34 42 45
34 45 74
34 46 38
34 47 68
34 48 17
34 49 73
34 50 17
34 53 15
34 57 57
34 58 52
34 60 53
34 64 11
34 65 51
34 66 29
34 70 72
34 71 72
34 72 63
34 73 43
34 74 37
34 76 57
34 77 73
34 79 76
34 80 38
34 83 68
34 84 46
34 86 36
34 90 27
34 91 48
34 92 18
34 95 41
34 99 34
35 36 17
35 39 55
35 40 47
35 41 43
35 44 41
35 47 43
35 48 53
35 50 54
35 51 80
35 52 71
35 55 60
35 63 72
35 64 46
35 65 23
35 68 91
35 70 31
35 71 39
35 72 7
35 74 55
35 78 29
35 79 29
35 83 17
35 84 53
35 85 36
35 87 36
35 88 41
35 90 83
35 91 29
35 93 32
35 95 35
35 98 55
36 37 22
36 39 70
36 40 55
36 42 70
36 44 28
36 45 106
36 48 67
36 49 20
36 51 96
36 54 42
36 55 77
36 56 52
36 61 60
36 65 19
36 66 53
36 67 59
36 68 108
36 70 45
36 72 18
36 74 71
36 75 95
36 76 58
36 78 45
36 80 101
36 81 78
36 82 71
36 83 2
36 86 41
36 89 85
36 90 93
36 93 19
36 95 52
36 96 70
36 97 49
37 38 16
37 39 52
37 40 65
37 43 63
37 45 94
37 47 32
37 48 47
37 49 34
37 51 81
37 54 21
37 56 55
37 57 57
37 63 63
37 64 35
37 65 10
37 66 33
37 69 79
37 73 66
37 76 51
37 78 43
37 82 49
37 85 26
37 86 22
37 87 22
37 89 68
37 90 72
37 94 24
37 98 41
38 39 68
38 41 39
38 43 77
38 44 14
38 45 109
38 47 17
38 48 62
38 53 54
38 60 27
38 64 49
38 65 6
38 68 111
38 69 88
38 70 58
38 73 82
38 74 71
38 77 70
38 78 55
38 79 55
38 81 65
38 82 62
38 84 73
38 85 40
38 86 25
38 88 20
38 89 84
38 90 84
38 91 10
38 95 55
38 96 75
38 97 35
38 98 51
39 42 18
39 44 80
39 47 82
39 48 10
39 49 69
39 50 10
39 54 33
39 55 19
39 57 34
39 59 70
39 62 61
39 63 24
39 65 61
39 67 37
39 68 48
39 70 58
39 71 54
39 73 16
39 74 10
39 76 36
39 78 46
39 79 64
39 81 44
39 85 28
39 87 71
39 88 63
39 89 17
39 90 39
39 91 60
39 92 16
39 93 75
39 94 53
39 98 36
39 99 46
40 42 68
40 43 101
40 45 91
40 48 84
40 49 35
40 52 89
40 54 74
40 57 52
40 61 71
40 62 25
40 63 103
40 65 70
40 67 46
40 70 23
40 71 28
40 73 83
40 74 75
40 75 98
40 76 46
40 77 31
40 80 133
40 86 87
40 87 82
40 90 118
40 93 74
40 96 60
40 97 90
40 99 75
41 43 40
41 44 47
41 46 23
41 47 48
41 48 29
41 51 69
41 52 56
41 53 18
41 54 13
41 55 56
41 58 48
41 61 35
41 65 33
41 66 14
41 67 59
41 70 66
41 71 68
41 74 46
41 78 56
41 79 68
41 83 52
41 87 37
41 88 26
41 89 56
41 90 45
41 91 29
41 93 46
41 94 46
41 95 41
41 97 8
42 44 86
42 45 37
42 47 89
42 48 28
42 49 64
42 51 26
42 53 59
42 60 51
42 63 41
42 64 39
42 71 39
42 73 15
42 75 30
42 77 38
42 78 35
42 84 2
42 89 18
42 91 67
42 93 80
42 95 18
42 96 10
42 98 52
42 99 55
43 44 86
43 46 59
43 47 88
43 48 18
43 49 86
43 52 26
43 54 42
43 57 55
43 59 75
43 62 82
43 63 3
43 65 71
43 67 59
43 68 59
43 70 79
43 73 30
43 74 30
43 77 75
43 79 84
43 80 39
43 81 31
43 85 37
43 90 18
43 92 7
43 93 84
43 96 49
43 99 54
44 45 123
44 47 3
44 52 98
44 53 60
44 55 92
44 56 79
44 57 86
44 59 13
44 60 41
44 61 72
44 62 87
44 63 86
44 67 81
44 68 124
44 69 92
44 70 71
44 72 44
44 73 95
44 74 84
44 75 105
44 76 79
44 77 84
44 78 69
44 79 68
44 83 30
44 84 86
44 85 52
44 89 96
44 90 91
44 91 20
44 94 48
44 95 69
44 96 89
44 97 41
44 98 59
45 47 125
45 49 97
45 51 19
45 52 32
45 53 89
45 56 72
45 57 43
45 61 52
45 62 66
45 64 72
45 67 50
45 69 94
45 72 91
45 74 40
45 78 66
45 81 88
45 84 37
45 89 31
45 91 104
45 92 57
45 93 117
45 96 36
45 97 94
45 98 83
45 99 91
46 48 52
46 49 71
46 50 52
46 51 92
46 53 26
46 54 34
46 56 91
46 57 83
46 59 27
46 61 58
46 65 36
46 66 9
46 69 54
46 71 88
46 78 76
46 79 84
46 81 35
46 83 58
46 85 37
46 86 15
46 90 58
46 91 30
46 93 43
46 94 61
46 96 82
46 97 15
46 99 28
47 49 51
47 50 76
47 53 61
47 55 95
47 56 82
47 57 88
47 60 44
47 64 61
47 66 43
47 68 127
47 70 74
47 71 83
47 77 87
47 78 72
47 80 94
47 82 73
47 83 33
47 85 54
47 87 12
47 88 23
47 89 99
47 90 93
47 91 22
47 92 83
47 93 12
47 98 60
48 54 26
48 59 63
48 61 14
48 65 56
48 67 44
48 68 58
48 70 62
48 71 59
48 72 59
48 73 26
48 74 20
48 77 59
48 80 51
48 81 34
48 83 68
48 85 21
48 87 63
48 89 26
48 90 33
48 92 11
48 96 37
48 97 38
48 98 25
49 51 90
49 53 77
49 55 71
49 57 55
49 59 51
49 63 88
49 64 62
49 66 67
49 67 48
49 68 99
49 70 27
49 71 38
49 73 78
49 75 93
49 76 47
49 78 32
49 81 87
49 82 76
49 83 18
49 84 63
49 85 52
49 87 47
49 89 81
49 90 99
49 92 79
49 93 39
49 94 16
49 96 61
49 97 61
49 98 72
49 99 45
50 52 26
50 55 30
50 56 66
50 57 42
50 59 63
50 60 50
50 61 15
50 62 67
50 64 16
50 66 43
50 69 49
50 70 62
50 72 60
50 73 26
50 76 43
50 82 14
50 84 30
50 85 22
50 86 47
50 91 54
50 92 10
51 53 71
51 54 63
51 55 19
51 56 71
51 57 39
51 59 100
51 62 67
51 68 19
51 69 75
51 70 71
51 72 83
51 74 25
51 75 14
51 76 46
51 78 61
51 82 51
51 83 96
51 86 86
51 90 55
51 92 39
51 93 104
51 96 31
51 97 77
52 53 57
52 58 49
52 60 68
52 62 66
52 70 68
52 72 75
52 74 16
52 76 43
52 81 56
52 82 37
52 84 23
52 89 3
52 90 43
52 91 78
52 92 25
52 93 93
52 94 68
52 95 37
52 96 30
52 97 64
52 98 51
52 99 64
53 54 29
53 55 61
53 56 87
53 57 71
53 58 62
53 59 47
53 60 58
53 61 43
53 66 18
53 71 83
53 77 84
53 78 72
53 79 84
53 80 34
53 83 69
53 87 51
53 89 57
53 93 61
53 94 64
53 95 53
53 96 68
53 97 19
53 99 34
54 55 48
54 57 48
54 59 37
54 61 26
54 62 64
54 65 29
54 66 26
54 67 47
54 69 60
54 71 55
54 72 40
54 75 58
54 76 45
54 77 57
54 78 44
54 79 55
54 81 38
54 82 28
54 85 5
54 87 37
54 90 51
54 91 27
54 92 35
54 93 43
54 94 35
54 95 29
54 96 49
54 98 23
55 56 53
55 58 36
55 59 84
55 63 40
55 65 72
55 66 70
55 67 27
55 68 33
55 69 75
55 71 45
55 72 63
55 77 43
55 78 42
55 80 76
55 81 63
55 82 43
55 83 77
55 88 78
55 89 13
55 92 34
55 93 86
55 94 56
55 95 25
55 97 64
55 98 54
56 57 32
56 60 39
56 61 52
56 63 84
56 64 67
56 66 84
56 70 8
56 74 55
56 75 78
56 76 26
56 77 11
56 78 16
56 80 116
56 81 95
56 82 78
56 83 51
56 84 46
56 85 59
56 87 75
56 90 99
56 91 67
56 94 32
56 98 80
56 99 63
57 59 80
57 62 29
57 63 57
57 65 66
57 67 7
57 68 45
57 70 33
57 71 24
57 73 31
57 74 25
57 75 46
57 77 22
57 78 23
57 80 92
57 81 75
57 82 55
57 85 46
57 86 71
57 88 76
57 89 34
57 90 73
57 91 68
57 93 78
57 98 63
57 99 58
58 59 62
58 60 25
58 61 27
58 62 29
58 65 47
58 68 64
58 69 89
58 70 21
58 73 44
58 74 34
58 75 58
58 77 22
58 78 9
58 79 26
58 81 70
58 83 44
58 84 28
58 87 60
58 88 59
58 89 47
58 90 74
58 91 50
58 93 58
58 97 54
58 98 55
59 62 86
59 63 75
59 65 16
59 68 116
59 69 79
59 71 78
59 74 75
59 75 95
59 76 74
59 77 81
59 81 58
59 82 60
59 83 35
59 84 79
59 85 42
59 86 18
59 89 87
59 90 79
59 92 70
59 93 17
59 94 47
60 63 68
60 64 42
60 67 41
60 68 88
60 69 89
60 70 32
60 71 39
60 72 10
60 74 52
60 75 76
60 76 39
60 77 43
60 78 28
60 80 90
60 81 67
60 86 38
60 89 65
60 90 80
60 91 28
60 92 60
60 94 8
60 95 32
60 97 42
61 67 30
61 68 54
61 69 64
61 70 48
61 74 13
61 75 36
61 79 54
61 80 65
61 83 61
61 86 49
61 87 63
61 88 56
61 91 52
62 65 70
62 66 89
62 67 24
62 70 16
62 73 60
62 74 54
62 75 75
62 76 25
62 78 21
62 79 22
62 80 118
62 81 98
62 84 44
62 86 82
62 89 64
62 90 100
62 91 74
62 94 40
62 95 39
62 97 83
63 67 61
63 69 35
63 70 81
63 71 77
63 74 32
63 77 77
63 79 86
63 83 86
63 85 38
63 87 77
63 88 66
63 89 31
63 92 9
63 96 52
63 98 30
63 99 54
64 65 43
64 66 28
64 69 48
64 70 62
64 72 52
64 74 33
64 76 48
64 82 15
64 84 40
64 86 31
64 88 40
64 89 41
64 90 38
64 91 40
64 93 56
64 95 32
64 99 26
65 51 90
65 67 62
65 69 83
65 71 62
65 72 29
65 73 76
65 74 65
65 76 60
65 77 66
65 79 52
65 82 57
65 83 21
65 86 22
65 87 13
65 88 19
65 93 14
65 94 30
65 95 49
65 98 46
65 99 17
66 68 101
66 69 50
66 70 77
66 71 81
66 74 60
66 76 70
66 78 69
66 79 78
66 80 51
66 81 29
66 84 67
66 85 28
66 89 69
66 90 51
66 91 28
66 92 46
66 93 44
66 95 55
66 96 73
66 98 20
67 71 18
67 72 43
67 73 37
67 75 52
67 76 2
67 77 16
67 80 95
67 83 59
67 84 20
67 86 68
67 88 73
67 89 40
67 90 76
67 92 53
67 94 36
67 95 18
67 96 15
68 71 66
68 72 93
68 75 33
68 76 52
68 77 63
68 78 68
68 79 84
68 81 89
68 82 70
68 83 108
68 84 39
68 89 32
68 90 74
68 94 86
68 95 57
68 97 95
68 98 83
68 99 92
69 72 100
69 75 62
69 77 108
69 78 98
69 79 113
69 80 1
69 81 23
69 84 77
69 85 58
69 90 21
69 91 77
69 93 94
69 95 77
69 97 52
70 71 11
70 72 27
70 75 77
70 77 16
70 78 12
70 81 90
70 84 45
70 85 54
70 89 65
70 91 59
70 93 62
70 94 24
70 97 70
70 99 56
71 74 47
71 75 70
71 76 18
71 78 12
71 80 109
71 83 53
71 84 38
71 88 77
71 90 92
71 91 66
71 93 71
71 95 31
71 96 32
71 97 74
72 74 59
72 79 24
72 84 56
72 87 42
72 88 47
72 90 90
72 91 35
72 93 35
72 94 7
72 96 55
72 99 36
73 74 11
73 75 15
73 76 37
73 77 53
73 79 69
73 80 69
73 81 58
73 83 83
73 84 17
73 85 44
73 99 62
74 75 25
74 79 60
74 82 33
74 84 11
74 87 75
74 88 69
74 90 48
74 91 65
74 92 25
74 93 79
74 94 52
74 96 19
74 99 51
75 76 52
75 79 84
75 81 58
75 83 96
75 85 53
75 86 79
75 88 87
75 94 77
75 95 46
75 96 38
75 97 70
75 98 55
75 99 71
76 77 17
76 81 75
76 82 56
76 83 58
76 84 20
76 85 43
76 86 66
76 87 73
76 88 71
76 90 75
76 92 51
76 93 71
76 94 35
76 95 16
76 96 15
76 97 64
76 98 62
77 78 15
77 85 57
77 86 77
77 87 79
77 88 80
77 89 56
77 91 70
77 92 69
77 93 75
77 95 32
77 99 63
78 79 18
78 82 62
78 85 43
78 86 62
78 89 54
78 99 48
79 80 115
79 81 93
79 84 52
79 86 69
79 87 65
79 88 70
79 89 72
79 93 59
79 95 40
79 97 71
79 99 56
80 85 59
80 86 64
80 87 84
80 89 67
80 91 78
80 94 96
80 95 78
80 96 87
80 98 39
80 99 68
81 82 20
81 83 80
81 84 63
81 88 48
81 89 57
81 92 31
81 93 72
81 94 73
81 96 72
82 83 72
82 85 24
82 86 42
82 87 62
82 88 51
82 89 38
82 94 61
82 96 52
82 97 32
82 98 15
83 84 70
83 86 43
83 87 30
83 88 40
83 89 85
83 92 78
83 96 71
83 97 51
83 99 35
84 86 66
84 88 73
84 89 20
84 91 67
84 95 18
84 96 9
84 98 53
85 86 27
85 87 42
85 90 48
85 92 30
85 94 37
85 96 45
85 97 22
85 98 21
85 99 18
86 87 21
86 88 9
86 90 61
86 91 16
86 92 53
86 98 29
87 95 61
87 96 82
87 97 32
88 89 80
88 90 70
88 92 61
88 99 18
89 90 45
89 91 77
89 93 92
89 95 34
90 91 74
90 92 24
90 95 61
91 92 62
91 93 17
91 96 71
91 98 41
91 99 14
92 96 44
92 98 27
92 99 48
93 94 39
93 95 62
93 97 42
93 99 31
94 98 57
94 99 34
95 97 48
96 97 67
96 98 61
96 99 60
97 98 18
97 99 16
