50 0.5 20 1 0.5 1225 613 19
0.530071 0.176812 22
0.344224 0.63841 43
0.612207 0.950146 49
0.0820511 0.0543894 42
0.153866 0.455641 45
0.806021 0.567858 28
0.827937 0.196979 10
0.240277 0.78903 52
0.930745 0.0169531 0
0.846765 0.961011 47
0.220455 0.335861 39
0.952029 0.100319 4
0.20779 0.0054891 36
0.928599 0.140638 6
0.573731 0.596382 34
0.22048 0.776149 52
0.849758 0.712641 35
0.448966 0.400441 31
0.585599 0.57284 33
0.803956 0.810735 40
0.539261 0.810389 44
0.227457 0.386889 40
0.689542 0.387416 22
0.525768 0.2814 24
0.688475 0.955966 48
0.555828 0.0211367 19
0.595112 0.0948659 17
0.7205 0.843952 43
0.823825 0.0886789 6
0.978099 0.391032 19
0.212171 0.937875 58
0.324773 0.7827 49
0.432228 0.29991 29
0.338309 0.926924 54
0.298102 0.284102 34
0.786437 0.888959 44
0.426823 0.0713502 25
0.919082 0.783901 38
0.772956 0.345715 18
0.680236 0.405669 23
0.275767 0.249784 35
0.0923077 0.663694 53
0.272555 0.878821 54
0.220143 0.806794 53
0.577509 0.380579 25
0.582911 0.596127 34
0.673244 0.770418 40
0.285321 0.546324 42
0.165665 0.215048 40
0.945593 0.517534 25
0 1 50
0 2 78
0 3 46
0 4 47
0 5 48
0 6 30
0 7 68
0 8 43
0 9 85
0 10 35
0 11 43
0 12 36
0 13 40
0 14 42
0 15 67
0 16 62
0 17 24
0 18 40
0 19 69
0 20 63
0 21 37
0 22 26
0 23 10
0 24 80
0 25 16
0 26 10
0 27 69
0 28 31
0 29 50
0 30 82
0 31 64
0 32 16
0 33 77
0 34 26
0 35 76
0 36 15
0 37 72
0 38 30
0 39 27
0 40 26
0 41 65
0 42 75
0 43 70
0 44 21
0 45 42
0 46 61
0 47 44
0 48 37
0 49 54
1 2 41
1 3 64
1 4 26
1 5 47
1 6 65
1 7 18
1 8 85
1 9 60
1 10 33
1 11 81
1 12 65
1 13 77
1 14 23
1 15 19
1 16 51
1 17 26
1 18 25
1 19 49
1 20 26
1 21 28
1 22 43
1 23 40
1 24 47
1 25 65
1 26 60
1 27 43
1 28 73
1 29 68
1 30 33
1 31 15
1 32 35
1 33 29
1 34 36
1 35 51
1 36 57
1 37 59
1 38 52
1 39 41
1 40 39
1 41 25
1 42 25
1 43 21
1 44 35
1 45 24
1 46 35
1 47 11
1 48 46
1 49 61
2 3 104
2 4 67
2 5 43
2 6 78
2 7 41
2 8 99
2 9 23
2 10 73
2 11 92
2 12 103
2 13 87
2 14 36
2 15 43
2 16 34
2 17 57
2 18 38
2 19 24
2 20 16
2 21 68
2 22 57
2 23 67
2 24 8
2 25 93
2 26 86
2 27 15
2 28 89
2 29 67
2 30 40
2 31 33
2 32 67
2 33 27
2 34 74
2 35 18
2 36 90
2 37 35
2 38 63
2 39 55
2 40 78
2 41 59
2 42 35
2 43 42
2 44 57
2 45 36
2 46 19
2 47 52
2 48 86
2 49 55
3 4 41
3 5 89
3 6 76
3 7 75
3 8 85
3 9 119
3 10 31
3 11 87
3 12 13
3 13 85
3 14 73
3 15 73
3 16 101
3 17 50
3 18 72
3 19 105
3 20 88
3 21 36
3 22 69
3 23 50
3 24 109
3 25 47
3 26 51
3 27 102
3 28 74
3 29 96
3 30 89
3 31 77
3 32 43
3 33 91
3 34 32
3 35 109
3 36 35
3 37 111
3 38 75
3 39 69
3 40 28
3 41 61
3 42 85
3 43 76
3 44 59
3 45 74
3 46 93
3 47 53
3 48 18
3 49 98
4 5 66
4 6 72
4 7 34
4 8 89
4 9 86
4 10 14
4 11 87
4 12 45
4 13 84
4 14 44
4 15 33
4 16 74
4 17 30
4 18 45
4 19 74
4 20 52
4 21 10
4 22 54
4 23 41
4 24 73
4 25 59
4 26 57
4 27 69
4 28 76
4 29 83
4 30 49
4 31 37
4 32 32
4 33 51
4 34 22
4 35 77
4 36 47
4 37 83
4 38 63
4 39 53
4 40 24
4 41 22
4 42 44
4 43 36
4 44 43
4 45 45
4 46 61
4 47 16
4 48 24
4 49 79
5 6 37
5 7 61
5 8 56
5 9 40
5 10 63
5 11 49
5 12 82
5 13 44
5 14 23
5 15 62
5 16 15
5 17 39
5 18 22
5 19 24
5 20 36
5 21 61
5 22 21
5 23 40
5 24 41
5 25 60
5 26 52
5 27 29
5 28 48
5 29 25
5 30 70
5 31 53
5 32 46
5 33 59
5 34 58
5 35 32
5 36 62
5 37 24
5 38 22
5 39 21
5 40 62
5 41 72
5 42 62
5 43 63
5 44 30
5 45 22
5 46 24
5 47 52
5 48 73
5 49 15
6 7 83
6 8 21
6 9 76
6 10 62
6 11 16
6 12 65
6 13 12
6 14 47
6 15 84
6 16 52
6 17 43
6 18 45
6 19 61
6 20 68
6 21 63
6 22 24
6 23 31
6 24 77
6 25 32
6 26 25
6 27 66
6 28 11
6 29 25
6 30 96
6 31 77
6 32 41
6 33 88
6 34 54
6 35 69
6 36 42
6 37 59
6 38 16
6 39 26
6 40 55
6 41 87
6 42 88
6 43 86
6 44 31
6 45 47
6 46 59
6 47 65
6 48 66
6 49 34
7 8 104
7 9 63
7 10 45
7 11 99
7 12 78
7 13 95
7 14 39
7 15 2
7 16 61
7 17 44
7 18 41
7 19 56
7 20 30
7 21 40
7 22 60
7 23 58
7 24 48
7 25 83
7 26 78
7 27 48
7 28 91
7 29 84
7 30 15
7 31 8
7 32 53
7 33 17
7 34 51
7 35 56
7 36 74
7 37 68
7 38 69
7 39 58
7 40 54
7 41 19
7 42 10
7 43 3
7 44 53
7 45 39
7 46 43
7 47 25
7 48 58
7 49 76
8 9 95
8 10 78
8 11 9
8 12 72
8 13 12
8 14 68
8 15 104
8 16 70
8 17 62
8 18 65
8 19 80
8 20 88
8 21 79
8 22 44
8 23 48
8 24 97
8 25 37
8 26 34
8 27 85
8 28 13
8 29 38
8 30 117
8 31 98
8 32 57
8 33 109
8 34 69
8 35 88
8 36 51
8 37 77
8 38 36
8 39 46
8 40 70
8 41 106
8 42 108
8 43 106
8 44 51
8 45 68
8 46 80
8 47 83
8 48 79
8 49 50
9 10 88
9 11 87
9 12 115
9 13 82
9 14 46
9 15 65
9 16 25
9 17 69
9 18 47
9 19 16
9 20 34
9 21 84
9 22 59
9 23 75
9 24 16
9 25 98
9 26 90
9 27 17
9 28 87
9 29 58
9 30 64
9 31 55
9 32 78
9 33 51
9 34 87
9 35 9
9 36 98
9 37 19
9 38 62
9 39 58
9 40 91
9 41 81
9 42 58
9 43 65
9 44 64
9 45 45
9 46 26
9 47 70
9 48 101
9 49 45
10 11 77
10 12 33
10 13 73
10 14 44
10 15 44
10 16 73
10 17 24
10 18 44
10 19 75
10 20 57
10 21 5
10 22 47
10 23 31
10 24 78
10 25 46
10 26 45
10 27 71
10 28 65
10 29 76
10 30 60
10 31 46
10 32 21
10 33 60
10 34 9
10 35 79
10 36 34
10 37 83
10 38 55
10 39 47
10 40 10
10 41 35
10 42 55
10 43 47
10 44 36
10 45 45
10 46 63
10 47 22
10 48 13
10 49 75
11 12 75
11 13 5
11 14 62
11 15 100
11 16 62
11 17 59
11 18 60
11 19 73
11 20 82
11 21 78
11 22 39
11 23 46
11 24 90
11 25 40
11 26 36
11 27 78
11 28 13
11 29 29
11 30 112
11 31 93
11 32 56
11 33 103
11 34 68
11 35 81
11 36 53
11 37 68
11 38 30
11 39 41
11 40 69
11 41 103
11 42 103
11 43 102
11 44 47
11 45 62
11 46 73
11 47 80
11 48 79
11 49 42
12 13 73
12 14 70
12 15 77
12 16 96
12 17 46
12 18 68
12 19 100
12 20 87
12 21 38
12 22 61
12 23 42
12 24 107
12 25 35
12 26 40
12 27 98
12 28 62
12 29 86
12 30 93
12 31 79
12 32 37
12 33 93
12 34 29
12 35 106
12 36 23
12 37 105
12 38 66
12 39 62
12 40 25
12 41 67
12 42 88
12 43 80
12 44 53
12 45 70
12 46 90
12 47 55
12 48 21
12 49 90
13 14 58
13 15 95
13 16 58
13 17 55
13 18 55
13 19 68
13 20 77
13 21 74
13 22 34
13 23 43
13 24 85
13 25 39
13 26 34
13 27 73
13 28 12
13 29 26
13 30 107
13 31 88
13 32 52
13 33 98
13 34 65
13 35 76
13 36 51
13 37 64
13 38 26
13 39 36
13 40 66
13 41 99
13 42 99
13 43 97
13 44 43
13 45 57
13 46 68
13 47 76
13 48 77
13 49 38
14 15 40
14 16 30
14 17 23
14 18 3
14 19 31
14 20 22
14 21 40
14 22 24
14 23 32
14 24 38
14 25 58
14 26 50
14 27 29
14 28 57
14 29 45
14 30 50
14 31 31
14 32 33
14 33 41
14 34 42
14 35 36
14 36 55
14 37 39
14 38 32
14 39 22
14 40 46
14 41 49
14 42 41
14 43 41
14 44 22
14 45 1
14 46 20
14 47 29
14 48 56
14 49 38
15 16 63
15 17 44
15 18 42
15 19 58
15 20 32
15 21 39
15 22 61
15 23 58
15 24 50
15 25 83
15 26 78
15 27 50
15 28 91
15 29 85
15 30 16
15 31 10
15 32 52
15 33 19
15 34 50
15 35 58
15 36 73
15 37 70
15 38 70
15 39 59
15 40 53
15 41 17
15 42 12
15 43 3
15 44 53
15 45 40
15 46 45
15 47 24
15 48 56
15 49 77
16 17 51
16 18 30
16 19 11
16 20 33
16 21 70
16 22 36
16 23 54
16 24 29
16 25 75
16 26 67
16 27 18
16 28 62
16 29 35
16 30 68
16 31 53
16 32 59
16 33 55
16 34 70
16 35 19
16 36 77
16 37 10
16 38 37
16 39 35
16 40 74
16 41 76
16 42 60
16 43 64
16 44 43
16 45 29
16 46 19
16 47 59
16 48 85
16 49 22
17 18 22
17 19 54
17 20 42
17 21 22
17 22 24
17 23 14
17 24 60
17 25 39
17 26 34
17 27 52
17 28 49
17 29 53
17 30 59
17 31 40
17 32 10
17 33 54
17 34 19
17 35 59
17 36 33
17 37 61
17 38 33
17 39 23
17 40 23
17 41 44
17 42 51
17 43 47
17 44 13
17 45 24
17 46 43
17 47 22
17 48 34
17 49 51
18 19 32
18 20 24
18 21 40
18 22 21
18 23 30
18 24 40
18 25 55
18 26 48
18 27 30
18 28 54
18 29 43
18 30 52
18 31 33
18 32 31
18 33 43
18 34 41
18 35 37
18 36 53
18 37 39
18 38 29
18 39 19
18 40 45
18 41 50
18 42 44
18 43 43
18 44 19
18 45 2
18 46 22
18 47 30
18 48 55
18 49 36
19 20 26
19 21 72
19 22 44
19 23 60
19 24 19
19 25 83
19 26 75
19 27 9
19 28 72
19 29 45
19 30 61
19 31 48
19 32 63
19 33 48
19 34 73
19 35 8
19 36 83
19 37 12
19 38 47
19 39 42
19 40 77
19 41 73
19 42 54
19 43 58
19 44 49
19 45 31
19 46 14
19 47 58
19 48 87
19 49 33
20 21 53
20 22 45
20 23 53
20 24 21
20 25 79
20 26 72
20 27 18
20 28 78
20 29 61
20 30 35
20 31 22
20 32 52
20 33 23
20 34 58
20 35 26
20 36 75
20 37 38
20 38 52
20 39 43
20 40 62
20 41 47
20 42 28
20 43 32
20 44 43
20 45 22
20 46 14
20 47 37
20 48 70
20 49 50
21 22 46
21 23 32
21 24 73
21 25 49
21 26 47
21 27 67
21 28 67
21 29 75
21 30 55
21 31 41
21 32 22
21 33 55
21 34 12
21 35 75
21 36 37
21 37 80
21 38 55
21 39 45
21 40 15
21 41 31
21 42 49
21 43 42
21 44 35
21 45 41
21 46 59
21 47 17
21 48 18
21 49 73
22 23 20
22 24 57
22 25 39
22 26 31
22 27 46
22 28 33
22 29 29
22 30 73
22 31 54
22 32 27
22 33 64
22 34 40
22 35 51
22 36 41
22 37 46
22 38 9
22 39 2
22 40 44
22 41 66
22 42 64
22 43 63
22 44 11
22 45 23
22 46 38
22 47 43
22 48 55
22 49 29
23 24 69
23 25 26
23 26 20
23 27 60
23 28 35
23 29 47
23 30 73
23 31 54
23 32 10
23 33 67
23 34 23
23 35 66
23 36 23
23 37 64
23 38 26
23 39 20
23 40 25
23 41 58
23 42 65
23 43 61
23 44 11
23 45 32
23 46 51
23 47 36
23 48 37
23 49 48
24 25 94
24 26 87
24 27 12
24 28 88
24 29 63
24 30 48
24 31 40
24 32 70
24 33 35
24 34 78
24 35 12
24 36 92
24 37 29
24 38 62
24 39 55
24 40 82
24 41 66
24 42 42
24 43 49
24 44 59
24 45 38
24 46 19
24 47 57
24 48 91
24 49 51
25 26 8
25 27 84
25 28 28
25 29 56
25 30 98
25 31 80
25 32 30
25 33 93
25 34 37
25 35 90
25 36 14
25 37 84
25 38 39
25 39 40
25 40 36
25 41 79
25 42 90
25 43 85
25 44 36
25 45 58
25 46 76
25 47 59
25 48 44
25 49 63
26 27 76
26 28 23
26 29 48
26 30 93
26 31 74
26 32 26
26 33 87
26 34 35
26 35 82
26 36 17
26 37 76
26 38 31
26 39 32
26 40 35
26 41 76
26 42 85
26 43 80
26 44 29
26 45 50
26 46 68
26 47 55
26 48 45
26 49 55
27 28 76
27 29 52
27 30 52
27 31 40
27 32 62
27 33 39
27 34 70
27 35 8
27 36 83
27 37 21
27 38 50
27 39 44
27 40 74
27 41 65
27 42 45
27 43 50
27 44 48
27 45 28
27 46 9
27 47 53
27 48 84
27 49 40
28 29 34
28 30 105
28 31 85
28 32 44
28 33 97
28 34 56
28 35 80
28 36 40
28 37 70
28 38 26
28 39 35
28 40 57
28 41 93
28 42 96
28 43 94
28 44 38
28 45 56
28 46 70
28 47 71
28 48 67
28 49 45
29 30 94
29 31 76
29 32 55
29 33 83
29 34 69
29 35 53
29 36 64
29 37 40
29 38 21
29 39 30
29 40 72
29 41 93
29 42 86
29 43 86
29 44 40
29 45 45
29 46 49
29 47 71
29 48 83
29 49 13
30 31 19
30 32 67
30 33 13
30 34 66
30 35 58
30 36 89
30 37 72
30 38 82
30 39 71
30 40 69
30 41 30
30 42 8
30 43 13
30 44 67
30 45 50
30 46 49
30 47 40
30 48 72
30 49 85
31 32 49
31 33 14
31 34 50
31 35 47
31 36 72
31 37 59
31 38 63
31 39 52
31 40 54
31 41 26
31 42 11
31 43 11
31 44 47
31 45 32
31 46 35
31 47 24
31 48 59
31 49 68
32 33 63
32 34 14
32 35 69
32 36 23
32 37 69
32 38 34
32 39 27
32 40 16
32 41 50
32 42 60
32 43 55
32 44 17
32 45 33
32 46 53
32 47 29
32 48 28
32 49 56
33 34 64
33 35 45
33 36 86
33 37 60
33 38 73
33 39 62
33 40 68
33 41 36
33 42 8
33 43 17
33 44 60
33 45 41
33 46 37
33 47 38
33 48 73
33 49 73
34 35 78
34 36 25
34 37 80
34 38 48
34 39 40
34 40 4
34 41 43
34 42 60
34 43 53
34 44 30
34 45 42
34 46 61
34 47 26
34 48 15
34 49 69
35 36 89
35 37 17
35 38 54
35 39 49
35 40 82
35 41 73
35 42 51
35 43 57
35 44 55
35 45 36
35 46 16
35 47 61
35 48 92
35 49 40
36 37 87
36 38 44
36 39 42
36 40 23
36 41 68
36 42 82
36 43 76
36 44 34
36 45 55
36 46 74
36 47 50
36 48 30
36 49 68
37 38 46
37 39 45
37 40 84
37 41 84
37 42 65
37 43 70
37 44 53
37 45 39
37 46 25
37 47 68
37 48 94
37 49 27
38 39 11
38 40 51
38 41 75
38 42 73
38 43 72
38 44 20
38 45 31
38 46 44
38 47 53
38 48 62
38 49 24
39 40 43
39 41 64
39 42 62
39 43 61
39 44 11
39 45 21
39 46 36
39 47 42
39 48 55
39 49 29
40 41 45
40 42 63
40 43 56
40 44 33
40 45 46
40 46 66
40 47 30
40 48 12
40 49 72
41 42 28
41 43 19
41 44 56
41 45 50
41 46 59
41 47 23
41 48 45
41 49 87
42 43 9
42 44 58
42 45 42
42 46 42
42 47 33
42 48 67
42 49 76
43 44 56
43 45 42
43 46 45
43 47 27
43 48 59
43 49 78
44 45 22
44 46 40
44 47 34
44 48 44
44 49 39
45 46 20
45 47 30
45 48 57
45 49 37
46 47 45
46 48 75
46 49 37
47 48 35
47 49 66
48 49 84
0 2 78
0 3 46
0 6 30
0 8 43
0 12 36
0 14 42
0 16 62
0 17 24
0 18 40
0 19 69
0 29 50
0 30 82
0 32 16
0 33 77
0 36 15
0 37 72
0 39 27
0 40 26
0 43 70
0 46 61
0 49 54
1 5 47
1 6 65
1 8 85
1 10 33
1 12 65
1 14 23
1 15 19
1 16 51
1 19 49
1 20 26
1 21 28
1 25 65
1 26 60
1 27 43
1 29 68
1 30 33
1 31 15
1 36 57
1 38 52
1 39 41
1 40 39
1 41 25
1 42 25
1 44 35
1 45 24
1 46 35
1 47 11
1 48 46
1 49 61
2 3 104
2 11 92
2 14 36
2 16 34
2 19 24
2 20 16
2 23 67
2 26 86
2 27 15
2 28 89
2 34 74
2 36 90
2 38 63
2 39 55
2 41 59
2 42 35
2 43 42
2 44 57
2 46 19
2 47 52
2 48 86
3 9 119
3 10 31
3 11 87
3 13 85
3 15 73
3 16 101
3 21 36
3 22 69
3 24 109
3 26 51
3 27 102
3 28 74
3 29 96
3 30 89
3 33 91
3 34 32
3 35 109
3 36 35
3 39 69
3 41 61
3 46 93
3 49 98
4 6 72
4 8 89
4 10 14
4 11 87
4 12 45
4 14 44
4 16 74
4 17 30
4 18 45
4 22 54
4 23 41
4 24 73
4 25 59
4 28 76
4 30 49
4 32 32
4 36 47
4 37 83
4 39 53
4 40 24
4 41 22
4 44 43
4 45 45
4 47 16
4 48 24
4 49 79
5 6 37
5 11 49
5 12 82
5 13 44
5 16 15
5 17 39
5 18 22
5 21 61
5 22 21
5 23 40
5 24 41
5 26 52
5 30 70
5 33 59
5 35 32
5 37 24
5 38 22
5 42 62
5 44 30
5 45 22
5 46 24
5 48 73
5 49 15
6 8 21
6 9 76
6 10 62
6 11 16
6 14 47
6 15 84
6 20 68
6 23 31
6 25 32
6 26 25
6 29 25
6 30 96
6 34 54
6 36 42
6 39 26
6 44 31
6 46 59
6 48 66
6 49 34
7 9 63
7 10 45
7 14 39
7 15 2
7 17 44
7 19 56
7 23 58
7 25 83
7 26 78
7 27 48
7 28 91
7 29 84
7 31 8
7 32 53
7 33 17
7 34 51
7 36 74
7 37 68
7 40 54
7 41 19
7 43 3
7 46 43
7 48 58
8 9 95
8 10 78
8 11 9
8 12 72
8 14 68
8 16 70
8 17 62
8 20 88
8 21 79
8 23 48
8 24 97
8 30 117
8 31 98
8 33 109
8 34 69
8 35 88
8 36 51
8 38 36
8 39 46
8 41 106
8 45 68
8 46 80
9 10 88
9 12 115
9 14 46
9 15 65
9 18 47
9 19 16
9 20 34
9 21 84
9 22 59
9 25 98
9 26 90
9 27 17
9 28 87
9 32 78
9 35 9
9 37 19
9 38 62
9 39 58
9 42 58
9 45 45
9 46 26
9 49 45
10 11 77
10 12 33
10 13 73
10 15 44
10 19 75
10 20 57
10 23 31
10 24 78
10 26 45
10 29 76
10 30 60
10 33 60
10 34 9
10 35 79
10 40 10
10 41 35
10 43 47
10 44 36
10 46 63
10 47 22
10 49 75
11 12 75
11 13 5
11 15 100
11 19 73
11 22 39
11 24 90
11 30 112
11 32 56
11 35 81
11 37 68
11 40 69
11 41 103
11 42 103
11 43 102
11 45 62
11 48 79
12 14 70
12 16 96
12 19 100
12 20 87
12 24 107
12 27 98
12 28 62
12 29 86
12 30 93
12 31 79
12 36 23
12 40 25
12 42 88
12 43 80
12 45 70
12 47 55
12 49 90
13 15 95
13 16 58
13 17 55
13 18 55
13 19 68
13 21 74
13 22 34
13 23 43
13 27 73
13 28 12
13 29 26
13 30 107
13 31 88
13 32 52
13 33 98
13 35 76
13 38 26
13 41 99
13 42 99
13 43 97
13 44 43
13 45 57
13 46 68
13 49 38
14 16 30
14 17 23
14 18 3
14 19 31
14 25 58
14 27 29
14 28 57
14 29 45
14 30 50
14 31 31
14 32 33
14 34 42
14 39 22
14 40 46
14 41 49
14 43 41
14 44 22
14 46 20
14 47 29
14 48 56
15 16 63
15 18 42
15 19 58
15 20 32
15 22 61
15 23 58
15 26 78
15 29 85
15 30 16
15 33 19
15 34 50
15 35 58
15 39 59
15 42 12
15 43 3
15 44 53
15 46 45
15 47 24
16 17 51
16 19 11
16 21 70
16 22 36
16 23 54
16 24 29
16 25 75
16 30 68
16 32 59
16 33 55
16 34 70
16 39 35
16 40 74
16 44 43
17 19 54
17 20 42
17 21 22
17 22 24
17 23 14
17 24 60
17 25 39
17 27 52
17 29 53
17 31 40
17 34 19
17 44 13
17 46 43
17 47 22
18 21 40
18 23 30
18 24 40
18 25 55
18 27 30
18 28 54
18 29 43
18 30 52
18 31 33
18 34 41
18 36 53
18 38 29
18 44 19
18 45 2
18 46 22
19 22 44
19 26 75
19 28 72
19 31 48
19 33 48
19 35 8
19 42 54
19 45 31
19 48 87
19 49 33
20 21 53
20 22 45
20 23 53
20 24 21
20 26 72
20 29 61
20 30 35
20 33 23
20 36 75
20 37 38
20 38 52
20 39 43
20 43 32
20 45 22
20 49 50
21 22 46
21 24 73
21 25 49
21 28 67
21 29 75
21 31 41
21 32 22
21 33 55
21 35 75
21 37 80
21 40 15
21 41 31
21 44 35
21 47 17
22 23 20
22 25 39
22 26 31
22 28 33
22 29 29
22 30 73
22 34 40
22 36 41
22 38 9
22 40 44
22 42 64
22 47 43
22 48 55
23 24 69
23 25 26
23 27 60
23 28 35
23 30 73
23 31 54
23 35 66
23 36 23
23 37 64
23 38 26
23 40 25
23 42 65
23 43 61
23 48 37
24 26 87
24 27 12
24 31 40
24 33 35
24 34 78
24 37 29
24 40 82
24 42 42
24 43 49
24 45 38
24 46 19
24 47 57
24 49 51
25 28 28
25 31 80
25 35 90
25 41 79
25 43 85
25 45 58
25 48 44
25 49 63
26 28 23
26 30 93
26 31 74
26 32 26
26 35 82
26 38 31
26 39 32
26 40 35
26 41 76
26 42 85
26 44 29
26 46 68
26 48 45
27 28 76
27 29 52
27 31 40
27 32 62
27 37 21
27 41 65
27 42 45
27 43 50
27 44 48
27 46 9
27 47 53
27 49 40
28 32 44
28 38 26
28 39 35
28 40 57
28 41 93
28 42 96
28 44 38
28 45 56
28 47 71
28 48 67
28 49 45
29 35 53
29 36 64
29 37 40
29 39 30
29 40 72
29 41 93
29 44 40
29 45 45
29 46 49
30 31 19
30 36 89
30 37 72
30 38 82
30 39 71
30 40 69
30 47 40
30 49 85
31 32 49
31 39 52
31 41 26
31 44 47
31 47 24
31 48 59
31 49 68
32 35 69
32 37 69
32 38 34
32 40 16
32 43 55
32 45 33
32 46 53
32 48 28
32 49 56
33 34 64
33 35 45
33 36 86
33 38 73
33 39 62
33 41 36
33 43 17
33 45 41
33 47 38
33 48 73
34 35 78
34 36 25
34 37 80
34 44 30
34 48 15
35 36 89
35 37 17
35 38 54
35 40 82
35 41 73
35 42 51
35 43 57
35 44 55
35 45 36
35 49 40
36 37 87
36 38 44
36 39 42
36 44 34
36 45 55
36 46 74
36 47 50
37 41 84
37 43 70
37 44 53
37 46 25
38 40 51
38 42 73
38 45 31
38 46 44
38 47 53
38 48 62
38 49 24
39 43 61
39 45 21
39 46 36
39 48 55
40 44 33
40 47 30
41 42 28
41 43 19
41 44 56
41 46 59
41 48 45
41 49 87
42 43 9
42 44 58
42 47 33
42 48 67
43 47 27
43 48 59
43 49 78
44 46 40
44 47 34
44 48 44
45 46 20
45 47 30
46 48 75
46 49 37
47 49 66
