100 0.3 10 0 0.5 4950 1485 61
0.546749 0.486626 0
0.107546 0.58187 22
0.198755 0.0493269 28
0.55784 0.111218 19
0.934767 0.0488737 29
0.792808 0.326588 15
0.771557 0.0636816 24
0.834325 0.23976 19
0.796484 0.197554 19
0.0379702 0.203257 29
0.5703 0.562934 4
0.179543 0.518985 18
0.483336 0.384374 6
0.384571 0.397822 9
0.763181 0.379869 12
0.497383 0.217426 14
0.170691 0.809232 25
0.530729 0.269358 11
0.283008 0.949716 27
0.653108 0.144746 18
0.603005 0.427157 4
0.0503789 0.161141 30
0.145961 0.374792 21
0.25438 0.271077 18
0.662729 0.0896045 21
0.943743 0.890925 28
0.0505665 0.0836114 32
0.35938 0.663691 13
0.42201 0.795454 17
0.0958386 0.118546 29
0.131168 0.954335 31
0.920549 0.984544 31
0.914903 0.81866 25
0.648082 0.161469 17
0.2547 0.677032 17
0.421701 0.335572 10
0.294865 0.609639 14
0.889352 0.418492 17
0.337604 0.452889 11
0.281298 0.458525 13
0.205387 0.0218856 29
0.782965 0.0818301 23
0.905875 0.482777 18
0.72121 0.746193 16
0.0511871 0.77133 29
0.400394 0.150968 18
0.625827 0.0416404 23
0.382642 0.351286 11
0.716633 0.871569 21
0.836827 0.438647 15
0.502286 0.663247 9
0.591224 0.0468666 22
0.296362 0.337538 15
0.948428 0.964211 31
0.28165 0.00503199 27
0.618569 0.807832 16
0.662858 0.777079 16
0.801762 0.0529718 25
0.0848222 0.805598 28
0.511993 0.249755 12
0.477324 0.452367 4
0.627918 0.0292919 23
0.369035 0.556201 10
0.783232 0.446998 12
0.779076 0.571272 12
0.800085 0.474766 13
0.105032 0.110043 29
0.76675 0.332762 13
0.386681 0.237687 15
0.799764 0.694534 16
0.974219 0.858626 28
0.792637 0.756221 18
0.757788 0.153326 20
0.104785 0.916345 31
0.953467 0.863115 28
0.554046 0.473361 1
0.666168 0.0219781 24
0.119604 0.64659 23
0.020989 0.54917 26
0.495435 0.65472 9
0.292547 0.00313474 27
0.56451 0.556071 4
0.0189049 0.123482 32
0.726859 0.574687 10
0.108583 0.785555 27
0.710119 0.898123 22
0.535685 0.0558216 22
0.903657 0.39536 18
0.0527878 0.642693 26
0.753218 0.619143 12
0.988528 0.307159 24
0.233237 0.797978 22
0.498257 0.673463 10
0.613456 0.0372395 23
0.378237 0.0547276 23
0.954951 0.0389198 30
0.918573 0.714762 22
0.294933 0.423519 13
0.692082 0.850525 20
0.988761 0.0836858 30
0 1 45
0 2 56
0 3 38
0 4 58
0 5 29
0 6 48
0 7 38
0 8 38
0 9 58
0 10 8
0 11 37
0 12 12
0 13 18
0 14 24
0 15 27
0 16 50
0 17 22
0 18 53
0 19 36
0 20 8
0 21 59
0 22 42
0 23 36
0 24 41
0 25 57
0 26 64
0 27 26
0 28 33
0 29 58
0 30 63
0 31 62
0 32 50
0 33 34
0 34 35
0 35 20
0 36 28
0 37 35
0 38 21
0 39 27
0 40 58
0 41 47
0 42 36
0 43 31
0 44 57
0 45 37
0 46 45
0 47 21
0 48 42
0 49 29
0 50 18
0 51 44
0 52 29
0 53 62
0 54 55
0 55 33
0 56 31
0 57 50
0 58 56
0 59 24
0 60 8
0 61 46
0 62 19
0 63 24
0 64 25
0 65 25
0 66 58
0 67 27
0 68 30
0 69 33
0 70 57
0 71 36
0 72 39
0 73 62
0 74 55
0 75 2
0 76 48
0 77 46
0 78 53
0 79 18
0 80 55
0 81 7
0 82 64
0 83 20
0 84 53
0 85 44
0 86 43
0 87 37
0 88 52
0 89 25
0 90 48
0 91 44
0 92 19
0 93 45
0 94 46
0 95 61
0 96 44
0 97 26
0 98 39
0 99 60
1 2 54
1 3 65
1 4 98
1 5 73
1 6 84
1 7 80
1 8 79
1 9 38
1 10 46
1 11 10
1 12 42
1 13 33
1 14 69
1 15 53
1 16 24
1 17 53
1 18 41
1 19 70
1 20 52
1 21 42
1 22 21
1 23 34
1 24 74
1 25 89
1 26 50
1 27 26
1 28 38
1 29 46
1 30 37
1 31 91
1 32 84
1 33 68
1 34 18
1 35 40
1 36 19
1 37 80
1 38 26
1 39 21
1 40 57
1 41 84
1 42 80
1 43 64
1 44 20
1 45 52
1 46 75
1 47 36
1 48 67
1 49 74
1 50 40
1 51 72
1 52 31
1 53 92
1 54 60
1 55 56
1 56 59
1 57 87
1 58 22
1 59 52
1 60 39
1 61 76
1 62 26
1 63 69
1 64 67
1 65 70
1 66 47
1 67 70
1 68 44
1 69 70
1 70 91
1 71 71
1 72 78
1 73 33
1 74 89
1 75 46
1 76 79
1 77 7
1 78 9
1 79 39
1 80 61
1 81 46
1 82 47
1 83 62
1 84 20
1 85 68
1 86 68
1 87 82
1 88 8
1 89 65
1 90 92
1 91 25
1 92 40
1 93 74
1 94 59
1 95 101
1 96 82
1 97 25
1 98 64
1 99 101
2 3 36
2 4 74
2 5 66
2 6 57
2 7 66
2 8 62
2 9 22
2 10 63
2 11 47
2 12 44
2 13 39
2 14 65
2 15 34
2 16 76
2 17 40
2 18 90
2 19 46
2 20 55
2 21 19
2 22 33
2 23 23
2 24 47
2 25 112
2 26 15
2 27 64
2 28 78
2 29 12
2 30 91
2 31 118
2 32 105
2 33 46
2 34 63
2 35 36
2 36 57
2 37 78
2 38 43
2 39 42
2 40 3
2 41 59
2 42 83
2 43 87
2 44 74
2 45 23
2 46 43
2 47 35
2 48 97
2 49 75
2 50 68
2 51 39
2 52 30
2 53 118
2 54 9
2 55 87
2 56 86
2 57 60
2 58 76
2 59 37
2 60 49
2 61 43
2 62 53
2 63 71
2 64 78
2 65 74
2 66 11
2 67 63
2 68 27
2 69 88
2 70 112
2 71 92
2 72 57
2 73 87
2 74 111
2 75 55
2 76 47
2 77 60
2 78 53
2 79 67
2 80 10
2 81 62
2 82 19
2 83 74
2 84 74
2 85 99
2 86 34
2 87 79
2 88 61
2 89 80
2 90 83
2 91 75
2 92 69
2 93 41
2 94 18
2 95 76
2 96 98
2 97 39
2 98 94
2 99 79
3 4 38
3 5 32
3 6 22
3 7 30
3 8 25
3 9 53
3 10 45
3 11 56
3 12 28
3 13 33
3 14 34
3 15 12
3 16 80
3 17 16
3 18 88
3 19 10
3 20 32
3 21 51
3 22 49
3 23 34
3 24 11
3 25 87
3 26 51
3 27 59
3 28 70
3 29 46
3 30 94
3 31 95
3 32 79
3 33 10
3 34 64
3 35 26
3 36 56
3 37 45
3 38 41
3 39 44
3 40 36
3 41 23
3 42 51
3 43 66
3 44 83
3 45 16
3 46 10
3 47 30
3 48 78
3 49 43
3 50 55
3 51 7
3 52 35
3 53 94
3 54 30
3 55 70
3 56 67
3 57 25
3 58 84
3 59 15
3 60 35
3 61 11
3 62 48
3 63 40
3 64 51
3 65 44
3 66 45
3 67 30
3 68 21
3 69 63
3 70 86
3 71 69
3 72 20
3 73 92
3 74 85
3 75 36
3 76 14
3 77 69
3 78 69
3 79 55
3 80 29
3 81 44
3 82 54
3 83 49
3 84 81
3 85 80
3 86 6
3 87 45
3 88 73
3 89 54
3 90 47
3 91 76
3 92 57
3 93 9
3 94 19
3 95 40
3 96 70
3 97 41
3 98 75
3 99 43
4 5 31
4 6 16
4 7 22
4 8 20
4 9 91
4 10 63
4 11 89
4 12 56
4 13 65
4 14 37
4 15 47
4 16 108
4 17 46
4 18 111
4 19 30
4 20 50
4 21 89
4 22 85
4 23 72
4 24 28
4 25 84
4 26 88
4 27 84
4 28 91
4 29 84
4 30 121
4 31 94
4 32 77
4 33 31
4 34 93
4 35 59
4 36 85
4 37 37
4 38 72
4 39 77
4 40 73
4 41 16
4 42 43
4 43 73
4 44 114
4 45 54
4 46 31
4 47 63
4 48 85
4 49 40
4 50 75
4 51 34
4 52 70
4 53 92
4 54 65
4 55 82
4 56 78
4 57 13
4 58 114
4 59 47
4 60 61
4 61 31
4 62 76
4 63 43
4 64 55
4 65 45
4 66 83
4 67 33
4 68 58
4 69 66
4 70 81
4 71 72
4 72 21
4 73 120
4 74 81
4 75 57
4 76 27
4 77 101
4 78 104
4 79 75
4 80 64
4 81 63
4 82 92
4 83 57
4 84 111
4 85 88
4 86 40
4 87 35
4 88 106
4 89 60
4 90 26
4 91 103
4 92 76
4 93 32
4 94 56
4 95 2
4 96 67
4 97 74
4 98 84
4 99 6
5 6 26
5 7 10
5 8 13
5 9 76
5 10 32
5 11 64
5 12 31
5 13 41
5 14 6
5 15 31
5 16 79
5 17 27
5 18 81
5 19 23
5 20 21
5 21 76
5 22 65
5 23 54
5 24 27
5 25 58
5 26 78
5 27 55
5 28 60
5 29 73
5 30 91
5 31 67
5 32 51
5 33 22
5 34 64
5 35 37
5 36 57
5 37 13
5 38 47
5 39 53
5 40 66
5 41 24
5 42 19
5 43 43
5 44 86
5 45 43
5 46 33
5 47 41
5 48 55
5 49 12
5 50 44
5 51 34
5 52 50
5 53 66
5 54 60
5 55 51
5 56 47
5 57 27
5 58 85
5 59 29
5 60 34
5 61 34
5 62 48
5 63 12
5 64 25
5 65 15
5 66 72
5 67 3
5 68 42
5 69 37
5 70 56
5 71 43
5 72 18
5 73 91
5 74 56
5 75 28
5 76 33
5 77 75
5 78 80
5 79 44
5 80 60
5 81 32
5 82 80
5 83 26
5 84 82
5 85 58
5 86 37
5 87 13
5 88 80
5 89 30
5 90 20
5 91 73
5 92 46
5 93 34
5 94 50
5 95 33
5 96 41
5 97 51
5 98 53
5 99 31
6 7 19
6 8 14
6 9 75
6 10 54
6 11 75
6 12 43
6 13 51
6 14 32
6 15 31
6 16 96
6 17 32
6 18 101
6 19 14
6 20 40
6 21 73
6 22 70
6 23 56
6 24 11
6 25 84
6 26 72
6 27 73
6 28 81
6 29 68
6 30 110
6 31 93
6 32 77
6 33 16
6 34 80
6 35 44
6 36 72
6 37 37
6 38 58
6 39 63
6 40 57
6 41 2
6 42 44
6 43 68
6 44 101
6 45 38
6 46 15
6 47 48
6 48 81
6 49 38
6 50 66
6 51 18
6 52 55
6 53 92
6 54 49
6 55 76
6 56 72
6 57 3
6 58 101
6 59 32
6 60 49
6 61 15
6 62 64
6 63 38
6 64 51
6 65 41
6 66 67
6 67 27
6 68 42
6 69 63
6 70 82
6 71 69
6 72 9
6 73 108
6 74 82
6 75 46
6 76 11
6 77 87
6 78 89
6 79 65
6 80 48
6 81 53
6 82 76
6 83 51
6 84 98
6 85 84
6 86 24
6 87 36
6 88 92
6 89 56
6 90 33
6 91 91
6 92 67
6 93 16
6 94 39
6 95 19
6 96 67
6 97 60
6 98 79
6 99 22
7 8 6
7 9 80
7 10 42
7 11 71
7 12 38
7 13 48
7 14 16
7 15 34
7 16 87
7 17 31
7 18 90
7 19 20
7 20 30
7 21 79
7 22 70
7 23 58
7 24 23
7 25 66
7 26 80
7 27 64
7 28 69
7 29 75
7 30 100
7 31 75
7 32 58
7 33 20
7 34 73
7 35 42
7 36 65
7 37 19
7 38 54
7 39 59
7 40 67
7 41 17
7 42 25
7 43 52
7 44 95
7 45 44
7 46 29
7 47 47
7 48 64
7 49 20
7 50 54
7 51 31
7 52 55
7 53 73
7 54 60
7 55 61
7 56 56
7 57 19
7 58 94
7 59 32
7 60 42
7 61 29
7 62 56
7 63 21
7 64 34
7 65 24
7 66 74
7 67 11
7 68 45
7 69 46
7 70 63
7 71 52
7 72 12
7 73 99
7 74 63
7 75 36
7 76 28
7 77 82
7 78 87
7 79 54
7 80 59
7 81 42
7 82 82
7 83 35
7 84 91
7 85 67
7 86 35
7 87 17
7 88 88
7 89 39
7 90 17
7 91 82
7 92 55
7 93 30
7 94 49
7 95 23
7 96 48
7 97 57
7 98 63
7 99 22
8 9 76
8 10 43
8 11 70
8 12 36
8 13 46
8 14 19
8 15 30
8 16 88
8 17 28
8 18 91
8 19 15
8 20 30
8 21 75
8 22 67
8 23 55
8 24 17
8 25 71
8 26 75
8 27 64
8 28 71
8 29 71
8 30 101
8 31 80
8 32 63
8 33 15
8 34 72
8 35 40
8 36 65
8 37 24
8 38 53
8 39 58
8 40 62
8 41 12
8 42 31
8 43 55
8 44 94
8 45 40
8 46 23
8 47 44
8 48 68
8 49 24
8 50 55
8 51 25
8 52 52
8 53 78
8 54 55
8 55 64
8 56 59
8 57 14
8 58 94
8 59 29
8 60 41
8 61 24
8 62 56
8 63 25
8 64 37
8 65 28
8 66 70
8 67 14
8 68 41
8 69 50
8 70 68
8 71 56
8 72 6
8 73 100
8 74 68
8 75 37
8 76 22
8 77 81
8 78 85
8 79 55
8 80 54
8 81 43
8 82 78
8 83 38
8 84 90
8 85 71
8 86 30
8 87 22
8 88 87
8 89 42
8 90 22
8 91 82
8 92 56
8 93 24
8 94 44
8 95 22
8 96 53
8 97 55
8 98 66
8 99 22
9 10 64
9 11 35
9 12 48
9 13 40
9 14 75
9 15 46
9 16 62
9 17 50
9 18 79
9 19 62
9 20 61
9 21 4
9 22 20
9 23 23
9 24 64
9 25 114
9 26 12
9 27 56
9 28 71
9 29 10
9 30 76
9 31 118
9 32 107
9 33 61
9 34 52
9 35 41
9 36 48
9 37 88
9 38 39
9 39 35
9 40 25
9 41 75
9 42 91
9 43 87
9 44 57
9 45 37
9 46 61
9 47 38
9 48 95
9 49 83
9 50 65
9 51 57
9 52 29
9 53 119
9 54 31
9 55 84
9 56 85
9 57 78
9 58 60
9 59 48
9 60 51
9 61 62
9 62 48
9 63 78
9 64 83
9 65 81
9 66 11
9 67 74
9 68 35
9 69 91
9 70 114
9 71 94
9 72 72
9 73 72
9 74 113
9 75 58
9 76 65
9 77 45
9 78 35
9 79 64
9 80 32
9 81 63
9 82 8
9 83 78
9 84 59
9 85 97
9 86 52
9 87 89
9 88 44
9 89 83
9 90 96
9 91 63
9 92 66
9 93 60
9 94 37
9 95 93
9 96 102
9 97 34
9 98 92
9 99 96
10 11 39
10 12 20
10 13 25
10 14 27
10 15 35
10 16 47
10 17 30
10 18 48
10 19 43
10 20 14
10 21 66
10 22 46
10 23 43
10 24 48
10 25 50
10 26 71
10 27 23
10 28 28
10 29 65
10 30 59
10 31 55
10 32 43
10 33 41
10 34 34
10 35 27
10 36 28
10 37 35
10 38 26
10 39 31
10 40 65
10 41 53
10 42 35
10 43 24
10 44 56
10 45 45
10 46 52
10 47 28
10 48 34
10 49 29
10 50 12
10 51 52
10 52 35
10 53 55
10 54 63
10 55 25
10 56 23
10 57 56
10 58 54
10 59 32
10 60 14
10 61 54
10 62 20
10 63 24
10 64 21
10 65 25
10 66 65
10 67 30
10 68 37
10 69 26
10 70 50
10 71 29
10 72 45
10 73 58
10 74 49
10 75 9
10 76 55
10 77 46
10 78 55
10 79 12
10 80 62
10 81 1
10 82 71
10 83 16
10 84 51
10 85 36
10 86 51
10 87 37
10 88 52
10 89 19
10 90 49
10 91 41
10 92 13
10 93 53
10 94 54
10 95 65
10 96 38
10 97 31
10 98 31
10 99 64
11 12 33
11 13 24
11 14 60
11 15 44
11 16 29
11 17 43
11 18 44
11 19 60
11 20 43
11 21 38
11 22 15
11 23 26
11 24 65
11 25 85
11 26 45
11 27 23
11 28 37
11 29 41
11 30 44
11 31 88
11 32 79
11 33 59
11 34 18
11 35 30
11 36 15
11 37 72
11 38 17
11 39 12
11 40 50
11 41 75
11 42 73
11 43 59
11 44 28
11 45 43
11 46 65
11 47 26
11 48 64
11 49 66
11 50 35
11 51 63
11 52 22
11 53 89
11 54 52
11 55 53
11 56 55
11 57 78
11 58 30
11 59 43
11 60 31
11 61 66
11 62 19
11 63 61
11 64 60
11 65 62
11 66 42
11 67 62
11 68 35
11 69 64
11 70 86
11 71 66
11 72 68
11 73 40
11 74 85
11 75 38
11 76 70
11 77 14
11 78 16
11 79 34
11 80 53
11 81 39
11 82 43
11 83 55
11 84 28
11 85 65
11 86 58
11 87 73
11 88 18
11 89 58
11 90 84
11 91 28
11 92 35
11 93 65
11 94 50
11 95 91
11 96 76
11 97 15
11 98 61
11 99 92
12 13 10
12 14 28
12 15 17
12 16 53
12 17 12
12 18 60
12 19 29
12 20 13
12 21 49
12 22 34
12 23 26
12 24 35
12 25 68
12 26 53
12 27 31
12 28 42
12 29 47
12 30 67
12 31 74
12 32 61
12 33 28
12 34 37
12 35 8
12 36 29
12 37 41
12 38 16
12 39 22
12 40 46
12 41 43
12 42 43
12 43 43
12 44 58
12 45 25
12 46 37
12 47 11
12 48 54
12 49 36
12 50 28
12 51 35
12 52 19
12 53 74
12 54 43
12 55 44
12 56 43
12 57 46
12 58 58
12 59 14
12 60 7
12 61 38
12 62 21
12 63 31
12 64 35
12 65 33
12 66 47
12 67 29
12 68 18
12 69 44
12 70 68
12 71 48
12 72 36
12 73 65
12 74 67
12 75 11
12 76 41
12 77 45
12 78 49
12 79 27
12 80 43
12 81 19
12 82 53
12 83 31
12 84 55
12 85 56
12 86 33
12 87 42
12 88 50
12 89 36
12 90 51
12 91 48
12 92 29
12 93 37
12 94 35
12 95 58
12 96 55
12 97 19
12 98 51
12 99 59
13 14 38
13 15 21
13 16 46
13 17 19
13 18 56
13 19 37
13 20 22
13 21 41
13 22 24
13 23 18
13 24 42
13 25 75
13 26 46
13 27 27
13 28 40
13 29 40
13 30 61
13 31 79
13 32 68
13 33 35
13 34 31
13 35 7
13 36 23
13 37 51
13 38 7
13 39 12
13 40 42
13 41 51
13 42 53
13 43 48
13 44 50
13 45 25
13 46 43
13 47 5
13 48 58
13 49 45
13 50 29
13 51 41
13 52 11
13 53 80
13 54 41
13 55 47
13 56 47
13 57 54
13 58 51
13 59 20
13 60 11
13 61 44
13 62 16
13 63 40
13 64 43
13 65 42
13 66 40
13 67 39
13 68 16
13 69 51
13 70 75
13 71 54
13 72 45
13 73 59
13 74 73
13 75 19
13 76 47
13 77 36
13 78 39
13 79 28
13 80 41
13 81 24
13 82 46
13 83 39
13 84 48
13 85 60
13 86 37
13 87 52
13 88 41
13 89 43
13 90 61
13 91 43
13 92 30
13 93 43
13 94 34
13 95 67
13 96 62
13 97 9
13 98 55
13 99 68
14 15 31
14 16 73
14 17 26
14 18 75
14 19 26
14 20 17
14 21 75
14 22 62
14 23 52
14 24 31
14 25 54
14 26 77
14 27 49
14 28 54
14 29 72
14 30 85
14 31 62
14 32 46
14 33 25
14 34 59
14 35 34
14 36 52
14 37 13
14 38 43
14 39 49
14 40 66
14 41 30
14 42 18
14 43 37
14 44 81
14 45 43
14 46 37
14 47 38
14 48 49
14 49 9
14 50 39
14 51 37
14 52 47
14 53 61
14 54 61
14 55 45
14 56 41
14 57 33
14 58 80
14 59 28
14 60 29
14 61 38
14 62 43
14 63 7
14 64 19
14 65 10
14 66 71
14 67 5
14 68 40
14 69 32
14 70 52
14 71 38
14 72 23
14 73 85
14 74 52
14 75 23
14 76 37
14 77 70
14 78 76
14 79 38
14 80 60
14 81 27
14 82 79
14 83 20
14 84 77
14 85 52
14 86 40
14 87 14
14 88 76
14 89 24
14 90 24
14 91 68
14 92 40
14 93 37
14 94 50
14 95 39
14 96 37
14 97 47
14 98 48
14 99 37
15 16 68
15 17 6
15 18 76
15 19 17
15 20 23
15 21 45
15 22 39
15 23 25
15 24 21
15 25 81
15 26 47
15 27 47
15 28 58
15 29 41
15 30 82
15 31 88
15 32 73
15 33 16
15 34 52
15 35 14
15 36 44
15 37 44
15 38 28
15 39 32
15 40 35
15 41 32
15 42 49
15 43 57
15 44 71
15 45 12
15 46 22
15 47 18
15 48 69
15 49 41
15 50 45
15 51 19
15 52 23
15 53 87
15 54 30
15 55 60
15 56 58
15 57 35
15 58 72
15 59 4
15 60 24
15 61 23
15 62 36
15 63 37
15 64 45
15 65 40
15 66 41
15 67 29
15 68 11
15 69 56
15 70 80
15 71 61
15 72 27
15 73 80
15 74 79
15 75 26
15 76 26
15 77 57
15 78 58
15 79 44
15 80 30
15 81 35
15 82 49
15 83 42
15 84 69
15 85 71
15 86 17
15 87 44
15 88 62
15 89 48
15 90 50
15 91 64
15 92 46
15 93 21
15 94 20
15 95 49
15 96 65
15 97 29
15 98 66
15 99 51
16 17 65
16 18 18
16 19 82
16 20 58
16 21 66
16 22 44
16 23 54
16 24 87
16 25 78
16 26 74
16 27 24
16 28 25
16 29 69
16 30 15
16 31 77
16 32 74
16 33 80
16 34 16
16 35 54
16 36 24
16 37 82
16 38 39
16 39 37
16 40 79
16 41 95
16 42 80
16 43 55
16 44 13
16 45 70
16 46 89
16 47 50
16 48 55
16 49 76
16 50 36
16 51 87
16 52 49
16 53 79
16 54 81
16 55 45
16 56 49
16 57 98
16 58 9
16 59 66
16 60 47
16 61 90
16 62 32
16 63 71
16 64 65
16 65 71
16 66 70
16 67 76
16 68 61
16 69 64
16 70 81
16 71 62
16 72 88
16 73 13
16 74 78
16 75 51
16 76 93
16 77 17
16 78 30
16 79 36
16 80 82
16 81 47
16 82 70
16 83 60
16 84 7
16 85 55
16 86 84
16 87 84
16 88 20
16 89 61
16 90 96
16 91 6
16 92 35
16 93 89
16 94 78
16 95 110
16 96 75
16 97 41
16 98 52
16 99 109
17 18 72
17 19 17
17 20 17
17 21 49
17 22 40
17 23 28
17 24 22
17 25 75
17 26 51
17 27 43
17 28 54
17 29 46
17 30 79
17 31 81
17 32 67
17 33 16
17 34 49
17 35 13
17 36 41
17 37 39
17 38 27
17 39 31
17 40 41
17 41 31
17 42 43
17 43 51
17 44 69
17 45 18
17 46 25
17 47 17
17 48 63
17 49 35
17 50 39
17 51 23
17 52 24
17 53 81
17 54 36
17 55 55
17 56 52
17 57 35
17 58 70
17 59 3
17 60 19
17 61 26
17 62 33
17 63 31
17 64 39
17 65 34
17 66 45
17 67 24
17 68 15
17 69 50
17 70 74
17 71 55
17 72 25
17 73 77
17 74 73
17 75 21
17 76 28
17 77 56
17 78 58
17 79 39
17 80 36
17 81 29
17 82 53
17 83 36
17 84 67
17 85 65
17 86 21
17 87 39
17 88 61
17 89 41
17 90 46
17 91 61
17 92 41
17 93 25
17 94 26
17 95 48
17 96 59
17 97 28
17 98 60
17 99 49
18 19 89
18 20 61
18 21 82
18 22 59
18 23 68
18 24 94
18 25 66
18 26 90
18 27 30
18 28 21
18 29 85
18 30 15
18 31 64
18 32 65
18 33 87
18 34 27
18 35 63
18 36 34
18 37 81
18 38 50
18 39 49
18 40 93
18 41 100
18 42 78
18 43 48
18 44 29
18 45 81
18 46 97
18 47 61
18 48 44
18 49 75
18 50 36
18 51 95
18 52 61
18 53 67
18 54 94
18 55 36
18 56 42
18 57 104
18 58 25
18 59 74
18 60 53
18 61 98
18 62 40
18 63 71
18 64 62
18 65 70
18 66 86
18 67 78
18 68 72
18 69 58
18 70 70
18 71 55
18 72 93
18 73 18
18 74 68
18 75 55
18 76 100
18 77 34
18 78 48
18 79 36
18 80 95
18 81 48
18 82 87
18 83 58
18 84 24
18 85 43
18 86 93
18 87 83
18 88 38
18 89 57
18 90 95
18 91 16
18 92 35
18 93 97
18 94 90
18 95 113
18 96 68
18 97 53
18 98 42
18 99 112
19 20 29
19 21 60
19 22 56
19 23 42
19 24 6
19 25 80
19 26 61
19 27 60
19 28 69
19 29 56
19 30 96
19 31 88
19 32 72
19 33 2
19 34 66
19 35 30
19 36 59
19 37 36
19 38 44
19 39 49
19 40 46
19 41 14
19 42 42
19 43 61
19 44 87
19 45 25
19 46 11
19 47 34
19 48 73
19 49 35
19 50 54
19 51 12
19 52 41
19 53 87
19 54 40
19 55 66
19 56 63
19 57 17
19 58 87
19 59 18
19 60 35
19 61 12
19 62 50
19 63 33
19 64 44
19 65 36
19 66 55
19 67 22
19 68 28
19 69 57
19 70 78
19 71 63
19 72 11
19 73 95
19 74 78
19 75 34
19 76 12
19 77 73
19 78 75
19 79 53
19 80 39
19 81 42
19 82 63
19 83 44
19 84 84
19 85 76
19 86 15
19 87 35
19 88 78
19 89 48
19 90 37
19 91 78
19 92 55
19 93 11
19 94 29
19 95 32
19 96 63
19 97 45
19 98 71
19 99 34
20 21 61
20 22 46
20 23 38
20 24 34
20 25 58
20 26 65
20 27 34
20 28 41
20 29 59
20 30 71
20 31 64
20 32 50
20 33 27
20 34 43
20 35 20
20 36 36
20 37 29
20 38 27
20 39 32
20 40 57
20 41 39
20 42 31
20 43 34
20 44 65
20 45 34
20 46 39
20 47 23
20 48 46
20 49 23
20 50 26
20 51 38
20 52 32
20 53 64
20 54 53
20 55 38
20 56 36
20 57 42
20 58 64
20 59 20
20 60 13
20 61 40
20 62 27
20 63 18
20 64 23
20 65 20
20 66 59
20 67 19
20 68 29
20 69 33
20 70 57
20 71 38
20 72 31
20 73 70
20 74 56
20 75 7
20 76 41
20 77 53
20 78 59
20 79 25
20 80 53
20 81 13
20 82 66
20 83 19
20 84 61
20 85 48
20 86 38
20 87 30
20 88 59
20 89 24
20 90 40
20 91 52
20 92 27
20 93 39
20 94 43
20 95 52
20 96 43
20 97 31
20 98 43
20 99 52
21 22 23
21 23 23
21 24 62
21 25 115
21 26 8
21 27 59
21 28 74
21 29 6
21 30 80
21 31 120
21 32 109
21 33 60
21 34 55
21 35 41
21 36 51
21 37 88
21 38 41
21 39 38
21 40 21
21 41 74
21 42 91
21 43 89
21 44 61
21 45 35
21 46 59
21 47 38
21 48 97
21 49 83
21 50 68
21 51 55
21 52 30
21 53 120
21 54 28
21 55 86
21 56 87
21 57 76
21 58 65
21 59 47
21 60 52
21 61 59
21 62 51
21 63 79
21 64 84
21 65 81
21 66 7
21 67 74
21 68 34
21 69 92
21 70 116
21 71 95
21 72 71
21 73 76
21 74 114
21 75 59
21 76 63
21 77 49
21 78 39
21 79 66
21 80 29
21 81 65
21 82 5
21 83 79
21 84 63
21 85 99
21 86 50
21 87 88
21 88 48
21 89 84
21 90 95
21 91 66
21 92 68
21 93 58
21 94 34
21 95 91
21 96 103
21 97 36
21 98 94
21 99 94
22 23 15
22 24 59
22 25 95
22 26 31
22 27 36
22 28 50
22 29 26
22 30 58
22 31 99
22 32 89
22 33 55
22 34 32
22 35 28
22 36 28
22 37 74
22 38 21
22 39 16
22 40 36
22 41 70
22 42 77
22 43 68
22 44 41
22 45 34
22 46 58
22 47 24
22 48 76
22 49 69
22 50 46
22 51 55
22 52 15
22 53 100
22 54 39
22 55 64
22 56 65
22 57 73
22 58 44
22 59 39
22 60 34
22 61 59
22 62 29
22 63 64
22 64 66
22 65 66
22 66 27
22 67 62
22 68 28
22 69 73
22 70 96
22 71 75
22 72 65
22 73 54
22 74 94
22 75 42
22 76 63
22 77 27
22 78 21
22 79 45
22 80 40
22 81 46
22 82 28
22 83 61
22 84 41
22 85 77
22 86 50
22 87 76
22 88 28
22 89 65
22 90 85
22 91 43
22 92 46
22 93 58
22 94 40
22 95 88
22 96 84
22 97 16
22 98 72
22 99 89
23 24 45
23 25 93
23 26 28
23 27 41
23 28 55
23 29 22
23 30 69
23 31 98
23 32 86
23 33 41
23 34 41
23 35 18
23 36 34
23 37 65
23 38 20
23 39 19
23 40 25
23 41 56
23 42 69
23 43 67
23 44 54
23 45 19
23 46 44
23 47 15
23 48 76
23 49 61
23 50 46
23 51 40
23 52 8
23 53 98
23 54 27
23 55 65
23 56 65
23 57 59
23 58 56
23 59 26
23 60 29
23 61 44
23 62 31
23 63 56
23 64 60
23 65 58
23 66 22
23 67 52
23 68 14
23 69 69
23 70 93
23 71 72
23 72 52
23 73 66
23 74 92
23 75 36
23 76 48
23 77 40
23 78 36
23 79 45
23 80 27
23 81 42
23 82 28
23 83 56
23 84 53
23 85 78
23 86 35
23 87 66
23 88 42
23 89 61
23 90 74
23 91 53
23 92 47
23 93 43
23 94 25
23 95 74
23 96 80
23 97 16
23 98 73
23 99 76
24 25 85
24 26 61
24 27 65
24 28 75
24 29 57
24 30 102
24 31 93
24 32 77
24 33 7
24 34 72
24 35 34
24 36 64
24 37 40
24 38 49
24 39 53
24 40 46
24 41 12
24 42 46
24 43 66
24 44 92
24 45 27
24 46 6
24 47 38
24 48 78
24 49 39
24 50 60
24 51 8
24 52 44
24 53 92
24 54 39
24 55 72
24 56 69
24 57 14
24 58 92
24 59 22
24 60 41
24 61 7
24 62 55
24 63 38
24 64 50
24 65 41
24 66 56
24 67 26
24 68 31
24 69 62
24 70 83
24 71 68
24 72 11
24 73 100
24 74 83
24 75 40
24 76 7
24 77 78
24 78 79
24 79 59
24 80 38
24 81 48
24 82 64
24 83 49
24 84 89
24 85 81
24 86 13
24 87 39
24 88 82
24 89 54
24 90 39
24 91 83
24 92 61
24 93 7
24 94 29
24 95 30
24 96 68
24 97 50
24 98 76
24 99 33
25 26 120
25 27 63
25 28 53
25 29 115
25 30 82
25 31 10
25 32 8
25 33 79
25 34 72
25 35 76
25 36 71
25 37 48
25 38 75
25 39 79
25 40 114
25 41 82
25 42 41
25 43 27
25 44 90
25 45 92
25 46 91
25 47 78
25 48 23
25 49 46
25 50 50
25 51 91
25 52 85
25 53 7
25 54 111
25 55 34
25 56 30
25 57 85
25 58 86
25 59 77
25 60 64
25 61 92
25 62 67
25 63 47
25 64 36
25 65 44
25 66 115
25 67 59
25 68 86
25 69 24
25 70 4
25 71 20
25 72 76
25 73 84
25 74 3
25 75 57
25 76 91
25 77 86
25 78 98
25 79 51
25 80 110
25 81 51
25 82 120
25 83 38
25 84 84
25 85 23
25 86 93
25 87 50
25 88 92
25 89 33
25 90 59
25 91 72
25 92 50
25 93 92
25 94 101
25 95 85
25 96 18
25 97 80
25 98 25
25 99 81
26 27 66
26 28 80
26 29 6
26 30 87
26 31 125
26 32 113
26 33 60
26 34 63
26 35 45
26 36 58
26 37 90
26 38 47
26 39 44
26 40 17
26 41 73
26 42 94
26 43 94
26 44 69
26 45 36
26 46 58
26 47 43
26 48 103
26 49 86
26 50 73
26 51 54
26 52 35
26 53 126
26 54 24
26 55 92
26 56 93
26 57 75
26 58 72
26 59 49
26 60 56
26 61 58
26 62 57
26 63 82
26 64 88
26 65 85
26 66 6
26 67 76
26 68 37
26 69 97
26 70 121
26 71 100
26 72 71
26 73 83
26 74 119
26 75 64
26 76 62
26 77 57
26 78 47
26 79 72
26 80 26
26 81 70
26 82 5
26 83 84
26 84 70
26 85 105
26 86 49
26 87 91
26 88 56
26 89 88
26 90 96
26 91 74
26 92 74
26 93 56
26 94 33
26 95 91
26 96 107
26 97 42
26 98 100
26 99 94
27 28 15
27 29 61
27 30 37
27 31 65
27 32 58
27 33 58
27 34 11
27 35 33
27 36 8
27 37 58
27 38 21
27 39 22
27 40 66
27 41 72
27 42 58
27 43 37
27 44 33
27 45 51
27 46 68
27 47 31
27 48 41
27 49 53
27 50 14
27 51 66
27 52 33
27 53 66
27 54 66
27 55 30
27 56 32
27 57 75
27 58 31
27 59 44
27 60 24
27 61 69
27 62 11
27 63 48
27 64 43
27 65 48
27 66 61
27 67 52
27 68 43
27 69 44
27 70 65
27 71 44
27 72 65
27 73 36
27 74 63
27 75 27
27 76 71
27 77 24
27 78 36
27 79 14
27 80 66
27 81 23
27 82 64
27 83 38
27 84 28
27 85 42
27 86 63
27 87 61
27 88 31
27 89 40
27 90 72
27 91 18
27 92 14
27 93 68
27 94 61
27 95 86
27 96 56
27 97 25
27 98 38
27 99 86
28 29 75
28 30 33
28 31 53
28 32 49
28 33 67
28 34 20
28 35 46
28 36 23
28 37 60
28 38 35
28 39 37
28 40 80
28 41 80
28 42 58
28 43 30
28 44 37
28 45 64
28 46 78
28 47 45
28 48 30
28 49 55
28 50 15
28 51 77
28 52 47
28 53 55
28 54 80
28 55 20
28 56 24
28 57 83
28 58 34
28 59 55
28 60 35
28 61 79
28 62 25
28 63 50
28 64 42
28 65 50
28 66 76
28 67 58
28 68 56
28 69 39
28 70 56
28 71 37
28 72 72
28 73 34
28 74 54
28 75 35
28 76 81
28 77 34
28 78 47
28 79 16
28 80 80
28 81 28
28 82 78
28 83 38
28 84 31
28 85 31
28 86 75
28 87 63
28 88 40
28 89 38
28 90 75
28 91 19
28 92 14
28 93 78
28 94 74
28 95 93
28 96 50
28 97 39
28 98 28
28 99 91
29 30 84
29 31 120
29 32 108
29 33 55
29 34 58
29 35 39
29 36 53
29 37 85
29 38 41
29 39 39
29 40 15
29 41 69
29 42 89
29 43 89
29 44 65
29 45 31
29 46 54
29 47 37
29 48 98
29 49 81
29 50 68
29 51 50
29 52 30
29 53 120
29 54 22
29 55 87
29 56 87
29 57 71
29 58 69
29 59 44
29 60 51
29 61 54
29 62 52
29 63 76
29 64 82
29 65 79
29 66 1
29 67 70
29 68 31
29 69 91
29 70 115
29 71 94
29 72 66
29 73 80
29 74 114
29 75 58
29 76 58
29 77 53
29 78 44
29 79 67
29 80 23
29 81 64
29 82 8
29 83 78
29 84 67
29 85 99
29 86 44
29 87 85
29 88 53
29 89 83
29 90 91
29 91 69
29 92 69
29 93 52
29 94 29
29 95 86
29 96 102
29 97 36
29 98 94
29 99 89
30 31 79
30 32 80
30 33 95
30 34 30
30 35 68
30 36 38
30 37 93
30 38 54
30 39 52
30 40 94
30 41 109
30 42 91
30 43 63
30 44 20
30 45 85
30 46 104
30 47 65
30 48 59
30 49 87
30 50 47
30 51 102
30 52 64
30 53 82
30 54 96
30 55 51
30 56 56
30 57 112
30 58 16
30 59 80
30 60 61
30 61 105
30 62 46
30 63 83
30 64 75
30 65 82
30 66 84
30 67 89
30 68 76
30 69 72
30 70 85
30 71 69
30 72 102
30 73 5
30 74 83
30 75 64
30 76 107
30 77 31
30 78 42
30 79 47
30 80 96
30 81 59
30 82 84
30 83 71
30 84 17
30 85 58
30 86 99
30 87 95
30 88 32
30 89 71
30 90 107
30 91 19
30 92 46
30 93 104
30 94 93
30 95 123
30 96 82
30 97 56
30 98 57
30 99 122
31 32 17
31 33 87
31 34 73
31 35 82
31 36 73
31 37 57
31 38 79
31 39 83
31 40 120
31 41 91
31 42 50
31 43 31
31 44 90
31 45 98
31 46 99
31 47 83
31 48 23
31 49 55
31 50 53
31 51 99
31 52 90
31 53 3
31 54 117
31 55 35
31 56 33
31 57 94
31 58 85
31 59 84
31 60 69
31 61 100
31 62 70
31 63 55
31 64 44
31 65 52
31 66 120
31 67 67
31 68 92
31 69 31
31 70 14
31 71 26
31 72 85
31 73 82
31 74 13
31 75 63
31 76 100
31 77 87
31 78 100
31 79 54
31 80 117
31 81 56
31 82 125
31 83 45
31 84 84
31 85 23
31 86 101
31 87 59
31 88 93
31 89 40
31 90 68
31 91 71
31 92 52
31 93 100
31 94 108
31 95 95
31 96 27
31 97 84
31 98 26
31 99 90
32 33 71
32 34 68
32 35 69
32 36 65
32 37 40
32 38 68
32 39 73
32 40 107
32 41 75
32 42 34
32 43 21
32 44 87
32 45 84
32 46 83
32 47 71
32 48 21
32 49 39
32 50 44
32 51 84
32 52 78
32 53 15
32 54 103
32 55 30
32 56 26
32 57 77
32 58 83
32 59 70
32 60 57
32 61 84
32 62 61
32 63 39
32 64 28
32 65 36
32 66 108
32 67 51
32 68 79
32 69 17
32 70 7
32 71 14
32 72 68
32 73 82
32 74 6
32 75 50
32 76 83
32 77 81
32 78 93
32 79 45
32 80 103
32 81 44
32 82 113
32 83 31
32 84 81
32 85 22
32 86 85
32 87 42
32 88 88
32 89 26
32 90 52
32 91 68
32 92 44
32 93 84
32 94 93
32 95 78
32 96 10
32 97 74
32 98 23
32 99 74
33 34 65
33 35 29
33 36 57
33 37 35
33 38 43
33 39 47
33 40 46
33 41 16
33 42 41
33 43 59
33 44 85
33 45 25
33 46 12
33 47 33
33 48 71
33 49 34
33 50 52
33 51 13
33 52 39
33 53 86
33 54 40
33 55 65
33 56 62
33 57 19
33 58 86
33 59 16
33 60 34
33 61 13
33 62 48
33 63 32
33 64 43
33 65 35
33 66 55
33 67 21
33 68 27
33 69 55
33 70 77
33 71 61
33 72 11
33 73 93
33 74 77
33 75 33
33 76 14
33 77 72
33 78 74
33 79 52
33 80 39
33 81 40
33 82 63
33 83 42
33 84 82
33 85 74
33 86 15
33 87 35
33 88 77
33 89 47
33 90 37
33 91 76
33 92 53
33 93 13
33 94 29
33 95 33
33 96 62
33 97 44
33 98 69
33 99 35
34 35 38
34 36 8
34 37 69
34 38 24
34 39 22
34 40 66
34 41 80
34 42 68
34 43 47
34 44 22
34 45 55
34 46 74
34 47 35
34 48 50
34 49 63
34 50 25
34 51 71
34 52 34
34 53 75
34 54 67
34 55 39
34 56 42
34 57 83
34 58 21
34 59 50
34 60 32
34 61 75
34 62 17
34 63 58
34 64 53
34 65 58
34 66 59
34 67 62
34 68 46
34 69 55
34 70 74
34 71 54
34 72 73
34 73 28
34 74 72
34 75 36
34 76 77
34 77 14
34 78 27
34 79 24
34 80 67
34 81 33
34 82 60
34 83 48
34 84 18
34 85 51
34 86 68
34 87 71
34 88 20
34 89 50
34 90 82
34 91 12
34 92 24
34 93 73
34 94 63
34 95 95
34 96 66
34 97 26
34 98 47
34 99 94
35 36 30
35 37 47
35 38 14
35 39 19
35 40 38
35 41 44
35 42 51
35 43 51
35 44 57
35 45 19
35 46 36
35 47 4
35 48 61
35 49 43
35 50 34
35 51 33
35 52 13
35 53 82
35 54 36
35 55 51
35 56 50
35 57 47
35 58 58
35 59 12
35 60 13
35 61 37
35 62 23
35 63 38
35 64 43
35 65 40
35 66 39
35 67 35
35 68 10
35 69 52
35 70 76
35 71 56
35 72 38
35 73 66
35 74 75
35 75 19
35 76 40
35 77 43
35 78 45
35 79 33
35 80 36
35 81 26
35 82 46
35 83 39
35 84 55
35 85 63
35 86 30
35 87 49
35 88 48
35 89 44
35 90 57
35 91 50
35 92 35
35 93 35
35 94 28
35 95 61
35 96 63
35 97 15
35 98 58
35 99 62
36 37 62
36 38 16
36 39 15
36 40 59
36 41 72
36 42 62
36 43 45
36 44 29
36 45 47
36 46 66
36 47 27
36 48 50
36 49 57
36 50 21
36 51 64
36 52 27
36 53 74
36 54 60
36 55 38
36 56 40
36 57 75
36 58 29
36 59 42
36 60 24
36 61 67
36 62 9
36 63 51
36 64 49
36 65 52
36 66 53
36 67 55
36 68 38
36 69 51
36 70 72
36 71 52
36 72 65
36 73 36
36 74 71
36 75 29
36 76 70
36 77 18
36 78 28
36 79 21
36 80 61
36 81 27
36 82 56
36 83 43
36 84 26
36 85 51
36 86 60
36 87 65
36 88 24
36 89 46
36 90 76
36 91 20
36 92 21
36 93 66
36 94 56
36 95 87
36 96 63
36 97 19
36 98 46
36 99 87
37 38 55
37 39 61
37 40 79
37 41 35
37 42 7
37 43 37
37 44 91
37 45 56
37 46 46
37 47 51
37 48 48
37 49 6
37 50 46
37 51 48
37 52 60
37 53 55
37 54 74
37 55 47
37 56 42
37 57 38
37 58 89
37 59 41
37 60 41
37 61 47
37 62 54
37 63 11
37 64 19
37 65 11
37 66 84
37 67 15
37 68 53
37 69 29
37 70 45
37 71 35
37 72 30
37 73 93
37 74 45
37 75 34
37 76 46
37 77 80
37 78 88
37 79 46
37 80 73
37 81 35
37 82 92
37 83 23
37 84 86
37 85 51
37 86 51
37 87 3
37 88 87
37 89 24
37 90 15
37 91 76
37 92 47
37 93 47
37 94 63
37 95 39
37 96 30
37 97 59
37 98 47
37 99 35
38 39 6
38 40 45
38 41 58
38 42 57
38 43 48
38 44 43
38 45 31
38 46 50
38 47 11
38 48 56
38 49 50
38 50 27
38 51 48
38 52 12
38 53 80
38 54 45
38 55 45
38 56 46
38 57 61
38 58 43
38 59 27
38 60 14
38 61 51
38 62 11
38 63 45
38 64 46
38 65 46
38 66 41
38 67 45
38 68 22
38 69 52
38 70 75
38 71 55
38 72 52
38 73 52
38 74 74
38 75 22
38 76 54
38 77 29
38 78 33
38 79 26
38 80 45
38 81 25
38 82 46
38 83 41
38 84 40
38 85 58
38 86 44
38 87 57
38 88 34
38 89 45
38 90 67
38 91 36
38 92 27
38 93 50
38 94 40
38 95 74
38 96 64
38 97 5
38 98 53
38 99 75
39 40 44
39 41 63
39 42 63
39 43 53
39 44 39
39 45 33
39 46 54
39 47 15
39 48 60
39 49 56
39 50 30
39 51 52
39 52 12
39 53 84
39 54 45
39 55 49
39 56 50
39 57 66
39 58 40
39 59 31
39 60 20
39 61 55
39 62 13
39 63 50
39 64 51
39 65 52
39 66 39
39 67 50
39 68 24
39 69 57
39 70 80
39 71 59
39 72 57
39 73 49
39 74 78
39 75 27
39 76 58
39 77 25
39 78 28
39 79 29
39 80 46
39 81 30
39 82 43
39 83 46
39 84 37
39 85 61
39 86 48
39 87 63
39 88 29
39 89 50
39 90 72
39 91 34
39 92 31
39 93 54
39 94 42
39 95 79
39 96 69
39 97 4
39 98 57
39 99 80
40 41 58
40 42 84
40 43 89
40 44 77
40 45 23
40 46 42
40 47 37
40 48 99
40 49 76
40 50 71
40 51 39
40 52 33
40 53 120
40 54 8
40 55 89
40 56 88
40 57 60
40 58 79
40 59 38
40 60 51
40 61 42
40 62 56
40 63 72
40 64 79
40 65 75
40 66 13
40 67 64
40 68 28
40 69 90
40 70 114
40 71 94
40 72 57
40 73 90
40 74 113
40 75 57
40 76 46
40 77 63
40 78 56
40 79 70
40 80 9
40 81 64
40 82 21
40 83 76
40 84 77
40 85 101
40 86 33
40 87 79
40 88 64
40 89 81
40 90 83
40 91 78
40 92 71
40 93 41
40 94 18
40 95 75
40 96 99
40 97 41
40 98 96
40 99 79
41 42 42
41 43 67
41 44 101
41 45 39
41 46 16
41 47 48
41 48 79
41 49 36
41 50 65
41 51 19
41 52 55
41 53 90
41 54 51
41 55 74
41 56 71
41 57 3
41 58 101
41 59 32
41 60 48
41 61 16
41 62 63
41 63 37
41 64 49
41 65 39
41 66 68
41 67 25
41 68 43
41 69 61
41 70 80
41 71 67
41 72 8
41 73 108
41 74 80
41 75 45
41 76 13
41 77 87
41 78 89
41 79 64
41 80 50
41 81 52
41 82 77
41 83 50
41 84 97
41 85 82
41 86 25
41 87 34
41 88 92
41 89 54
41 90 31
41 91 90
41 92 66
41 93 18
41 94 41
41 95 18
41 96 65
41 97 60
41 98 77
41 99 21
42 43 32
42 44 90
42 45 60
42 46 52
42 47 54
42 48 43
42 49 8
42 50 44
42 51 54
42 52 63
42 53 48
42 54 79
42 55 43
42 56 38
42 57 44
42 58 88
42 59 46
42 60 43
42 61 53
42 62 54
42 63 13
42 64 15
42 65 11
42 66 88
42 67 20
42 68 57
42 69 24
42 70 38
42 71 30
42 72 36
42 73 91
42 74 38
42 75 35
42 76 52
42 77 80
42 78 89
42 79 45
42 80 78
42 81 35
42 82 96
42 83 20
42 84 85
42 85 46
42 86 57
42 87 9
42 88 87
42 89 20
42 90 19
42 91 74
42 92 45
42 93 53
42 94 68
42 95 45
42 96 23
42 97 61
42 98 43
42 99 41
43 44 67
43 45 68
43 46 71
43 47 52
43 48 13
43 49 33
43 50 23
43 51 71
43 52 59
43 53 31
43 54 86
43 55 12
43 56 7
43 57 70
43 58 64
43 59 54
43 60 38
43 61 72
43 62 40
43 63 31
43 64 18
43 65 28
43 66 89
43 67 42
43 68 61
43 69 9
43 70 28
43 71 7
43 72 59
43 73 64
43 74 26
43 75 32
43 76 73
43 77 61
43 78 73
43 79 24
43 80 86
43 81 25
43 82 94
43 83 17
43 84 61
43 85 15
43 86 71
43 87 40
43 88 68
43 89 13
43 90 51
43 91 49
43 92 23
43 93 72
43 94 77
43 95 74
43 96 20
43 97 53
43 98 11
43 99 71
44 45 71
44 46 93
44 47 54
44 48 67
44 49 85
44 50 46
44 51 90
44 52 50
44 53 92
44 54 80
44 55 57
44 56 61
44 57 104
44 58 5
44 59 70
44 60 53
44 61 94
44 62 38
44 63 80
44 64 75
44 65 81
44 66 66
44 67 84
44 68 63
44 69 75
44 70 93
44 71 74
44 72 94
44 73 15
44 74 91
44 75 58
44 76 97
44 77 14
44 78 22
44 79 46
44 80 81
44 81 56
44 82 65
44 83 70
44 84 6
44 85 67
44 86 86
44 87 93
44 88 13
44 89 72
44 90 105
44 91 18
44 92 46
44 93 92
44 94 79
44 95 116
44 96 87
44 97 42
44 98 65
44 99 116
45 46 25
45 47 20
45 48 79
45 49 52
45 50 52
45 51 22
45 52 21
45 53 98
45 54 19
45 55 69
45 56 68
45 57 41
45 58 73
45 59 15
45 60 31
45 61 26
45 62 41
45 63 48
45 64 57
45 65 51
45 66 30
45 67 41
45 68 9
45 69 67
45 70 91
45 71 72
45 72 36
45 73 82
45 74 90
45 75 36
45 76 30
45 77 57
45 78 55
45 79 51
45 80 18
45 81 44
45 82 38
45 83 53
45 84 70
45 85 81
45 86 17
45 87 56
45 88 60
45 89 59
45 90 61
45 91 67
45 92 53
45 93 24
45 94 10
45 95 57
45 96 77
45 97 29
45 98 76
45 99 59
46 47 39
46 48 83
46 49 45
46 50 63
46 51 3
46 52 44
46 53 98
46 54 35
46 55 77
46 56 74
46 57 18
46 58 94
46 59 24
46 60 44
46 61 1
46 62 58
46 63 43
46 64 55
46 65 47
46 66 53
46 67 32
46 68 31
46 69 68
46 70 89
46 71 73
46 72 17
46 73 102
46 74 88
46 75 44
46 76 4
46 77 79
46 78 79
46 79 63
46 80 34
46 81 52
46 82 61
46 83 54
46 84 91
46 85 86
46 86 9
46 87 45
46 88 83
46 89 59
46 90 45
46 91 85
46 92 64
46 93 1
46 94 25
46 95 33
46 96 73
46 97 51
46 98 81
46 99 37
47 48 62
47 49 46
47 50 33
47 51 37
47 52 9
47 53 83
47 54 36
47 55 51
47 56 51
47 57 51
47 58 54
47 59 16
47 60 14
47 61 40
47 62 21
47 63 41
47 64 45
47 65 44
47 66 37
47 67 38
47 68 11
47 69 54
47 70 78
47 71 58
47 72 42
47 73 63
47 74 77
47 75 21
47 76 43
47 77 40
47 78 41
47 79 32
47 80 36
47 81 27
47 82 43
47 83 41
47 84 51
47 85 64
47 86 33
47 87 52
47 88 44
47 89 46
47 90 61
47 91 47
47 92 34
47 93 39
47 94 30
47 95 65
47 96 65
47 97 11
47 98 59
47 99 66
48 49 45
48 50 30
48 51 83
48 52 68
48 53 25
48 54 97
48 55 12
48 56 11
48 57 82
48 58 64
48 59 65
48 60 48
48 61 85
48 62 47
48 63 43
48 64 31
48 65 41
48 66 98
48 67 54
48 68 71
48 69 20
48 70 26
48 71 14
48 72 72
48 73 61
48 74 24
48 75 43
48 76 85
48 77 64
48 78 77
48 79 31
48 80 97
48 81 35
48 82 102
48 83 30
48 84 61
48 85 3
48 86 84
48 87 51
48 88 70
48 89 26
48 90 63
48 91 49
48 92 29
48 93 84
48 94 88
48 95 87
48 96 26
48 97 62
48 98 3
48 99 83
49 50 40
49 51 46
49 52 55
49 53 54
49 54 70
49 55 43
49 56 38
49 57 39
49 58 84
49 59 38
49 60 36
49 61 46
49 62 48
49 63 5
49 64 14
49 65 5
49 66 80
49 67 13
49 68 49
49 69 26
49 70 44
49 71 32
49 72 30
49 73 87
49 74 44
49 75 28
49 76 45
49 77 75
49 78 82
49 79 40
49 80 70
49 81 30
49 82 88
49 83 17
49 84 81
49 85 48
49 86 49
49 87 8
49 88 81
49 89 20
49 90 20
49 91 70
49 92 41
49 93 46
49 94 60
49 95 42
49 96 29
49 97 54
49 98 44
49 99 39
50 51 62
50 52 39
50 53 54
50 54 69
50 55 19
50 56 20
50 57 68
50 58 44
50 59 41
50 60 21
50 61 65
50 62 17
50 63 35
50 64 29
50 65 35
50 66 68
50 67 42
50 68 44
50 69 30
50 70 51
50 71 30
50 72 57
50 73 47
50 74 49
50 75 20
50 76 66
50 77 38
50 78 49
50 79 1
50 80 69
50 81 12
50 82 72
50 83 24
50 84 41
50 85 31
50 86 61
50 87 48
50 88 45
50 89 25
50 90 60
50 91 30
50 92 1
50 93 64
50 94 62
50 95 77
50 96 42
50 97 32
50 98 27
50 99 76
51 52 41
51 53 98
51 54 31
51 55 76
51 56 73
51 57 21
51 58 91
51 59 22
51 60 42
51 61 4
51 62 56
51 63 44
51 64 56
51 65 48
51 66 49
51 67 34
51 68 28
51 69 68
51 70 90
51 71 74
51 72 20
51 73 100
51 74 89
51 75 43
51 76 8
51 77 76
51 78 76
51 79 62
51 80 30
51 81 51
51 82 58
51 83 54
51 84 88
51 85 86
51 86 6
51 87 47
51 88 80
51 89 59
51 90 47
51 91 83
51 92 63
51 93 2
51 94 21
51 95 36
51 96 74
51 97 48
51 98 81
51 99 40
52 53 90
52 54 33
52 55 57
52 56 57
52 57 58
52 58 51
52 59 23
52 60 21
52 61 45
52 62 23
52 63 50
52 64 54
52 65 52
52 66 30
52 67 47
52 68 13
52 69 62
52 70 85
52 71 65
52 72 50
52 73 61
52 74 84
52 75 29
52 76 49
52 77 36
52 78 35
52 79 37
52 80 33
52 81 35
52 82 35
52 83 49
52 84 49
52 85 70
52 86 37
52 87 61
52 88 39
52 89 54
52 90 69
52 91 46
52 92 39
52 93 44
52 94 29
52 95 72
52 96 73
52 97 9
52 98 65
52 99 74
53 54 117
53 55 37
53 56 34
53 57 92
53 58 88
53 59 84
53 60 70
53 61 99
53 62 71
53 63 54
53 64 43
53 65 51
53 66 120
53 67 66
53 68 92
53 69 31
53 70 11
53 71 26
53 72 83
53 73 85
53 74 10
53 75 63
53 76 98
53 77 89
53 78 102
53 79 55
53 80 116
53 81 56
53 82 125
53 83 45
53 84 86
53 85 25
53 86 100
53 87 57
53 88 95
53 89 40
53 90 66
53 91 73
53 92 54
53 93 99
53 94 107
53 95 93
53 96 25
53 97 85
53 98 28
53 99 88
54 55 87
54 56 86
54 57 52
54 58 82
54 59 34
54 60 49
54 61 35
54 62 56
54 63 67
54 64 75
54 65 70
54 66 21
54 67 59
54 68 26
54 69 86
54 70 110
54 71 91
54 72 50
54 73 93
54 74 109
54 75 54
54 76 38
54 77 66
54 78 60
54 79 68
54 80 1
54 81 62
54 82 29
54 83 72
54 84 80
54 85 99
54 86 26
54 87 73
54 88 68
54 89 77
54 90 77
54 91 79
54 92 70
54 93 33
54 94 11
54 95 67
54 96 95
54 97 42
54 98 94
54 99 71
55 56 5
55 57 78
55 58 53
55 59 57
55 60 38
55 61 78
55 62 35
55 63 40
55 64 29
55 65 38
55 66 87
55 67 50
55 68 62
55 69 21
55 70 36
55 71 18
55 72 67
55 73 53
55 74 34
55 75 34
55 76 79
55 77 52
55 78 65
55 79 20
55 80 87
55 81 26
55 82 91
55 83 26
55 84 51
55 85 13
55 86 76
55 87 50
55 88 59
55 89 23
55 90 62
55 91 39
55 92 18
55 93 77
55 94 79
55 95 84
55 96 31
55 97 50
55 98 9
55 99 81
56 57 74
56 58 58
56 59 55
56 60 37
56 61 75
56 62 37
56 63 35
56 64 24
56 65 33
56 66 87
56 67 46
56 68 61
56 69 16
56 70 32
56 71 13
56 72 63
56 73 58
56 74 30
56 75 32
56 76 76
56 77 56
56 78 68
56 79 21
56 80 86
56 81 24
56 82 92
56 83 21
56 84 55
56 85 13
56 86 73
56 87 45
56 88 62
56 89 18
56 90 57
56 91 43
56 92 19
56 93 74
56 94 78
56 95 79
56 96 26
56 97 51
56 98 8
56 99 77
57 58 104
57 59 35
57 60 51
57 61 18
57 62 66
57 63 39
57 64 52
57 65 42
57 66 70
57 67 28
57 68 45
57 69 64
57 70 82
57 71 70
57 72 11
57 73 111
57 74 82
57 75 49
57 76 14
57 77 90
57 78 93
57 79 68
57 80 51
57 81 56
57 82 79
57 83 53
57 84 101
57 85 85
57 86 27
57 87 36
57 88 95
57 89 57
57 90 32
57 91 94
57 92 69
57 93 19
57 94 42
57 95 15
57 96 67
57 97 63
57 98 81
57 99 19
58 59 70
58 60 53
58 61 95
58 62 38
58 63 79
58 64 73
58 65 79
58 66 70
58 67 83
58 68 64
58 69 72
58 70 89
58 71 71
58 72 94
58 73 11
58 74 87
58 75 57
58 76 98
58 77 16
58 78 26
58 79 44
58 80 83
58 81 54
58 82 69
58 83 68
58 84 3
58 85 63
58 86 87
58 87 92
58 88 17
58 89 69
58 90 103
58 91 15
58 92 43
58 93 93
58 94 81
58 95 116
58 96 84
58 97 44
58 98 61
58 99 116
59 60 21
59 61 25
59 62 34
59 63 34
59 64 42
59 65 37
59 66 43
59 67 27
59 68 13
59 69 53
59 70 76
59 71 58
59 72 26
59 73 78
59 74 76
59 75 23
59 76 28
59 77 56
59 78 58
59 79 41
59 80 33
59 81 31
59 82 51
59 83 39
59 84 67
59 85 68
59 86 20
59 87 42
59 88 60
59 89 44
59 90 48
59 91 62
59 92 42
59 93 24
59 94 24
59 95 49
59 96 62
59 97 28
59 98 63
59 99 50
60 61 45
60 62 15
60 63 31
60 64 32
60 65 32
60 66 51
60 67 31
60 68 23
60 69 40
60 70 64
60 71 44
60 72 41
60 73 60
60 74 63
60 75 8
60 76 47
60 77 41
60 78 47
60 79 20
60 80 49
60 81 14
60 82 56
60 83 28
60 84 50
60 85 50
60 86 40
60 87 43
60 88 47
60 89 32
60 90 53
60 91 42
60 92 22
60 93 44
60 94 41
60 95 63
60 96 51
60 97 18
60 98 45
60 99 63
61 62 59
61 63 45
61 64 56
61 65 48
61 66 53
61 67 33
61 68 32
61 69 69
61 70 90
61 71 75
61 72 18
61 73 103
61 74 90
61 75 45
61 76 4
61 77 80
61 78 80
61 79 64
61 80 34
61 81 53
61 82 62
61 83 55
61 84 92
61 85 87
61 86 10
61 87 46
61 88 84
61 89 60
61 90 46
61 91 86
61 92 66
61 93 2
61 94 25
61 95 33
61 96 74
61 97 52
61 98 82
61 99 36
62 63 43
62 64 41
62 65 44
62 66 52
62 67 46
62 68 32
62 69 45
62 70 68
62 71 47
62 72 56
62 73 45
62 74 66
62 75 20
62 76 61
62 77 27
62 78 35
62 79 16
62 80 56
62 81 20
62 82 56
62 83 36
62 84 35
62 85 48
62 86 53
62 87 56
62 88 33
62 89 39
62 90 67
62 91 28
62 92 17
62 93 57
62 94 50
62 95 78
62 96 57
62 97 15
62 98 44
62 99 78
63 64 12
63 65 3
63 66 76
63 67 12
63 68 45
63 69 25
63 70 45
63 71 31
63 72 29
63 73 82
63 74 45
63 75 23
63 76 44
63 77 69
63 78 77
63 79 35
63 80 66
63 81 24
63 82 83
63 83 14
63 84 75
63 85 46
63 86 46
63 87 13
63 88 76
63 89 17
63 90 25
63 91 65
63 92 36
63 93 44
63 94 56
63 95 44
63 96 30
63 97 49
63 98 41
63 99 42
64 65 10
64 66 82
64 67 24
64 68 52
64 69 12
64 70 35
64 71 19
64 72 42
64 73 76
64 74 34
64 75 25
64 76 56
64 77 66
64 78 76
64 79 30
64 80 75
64 81 22
64 82 88
64 83 5
64 84 70
64 85 33
64 86 57
64 87 22
64 88 73
64 89 5
64 90 34
64 91 59
64 92 30
64 93 56
64 94 65
64 95 56
64 96 20
64 97 51
64 98 29
64 99 53
65 66 78
65 67 15
65 68 48
65 69 22
65 70 42
65 71 28
65 72 32
65 73 82
65 74 42
65 75 25
65 76 47
65 77 70
65 78 78
65 79 35
65 80 69
65 81 25
65 82 86
65 83 12
65 84 76
65 85 43
65 86 50
65 87 13
65 88 77
65 89 15
65 90 25
65 91 65
65 92 36
65 93 48
65 94 60
65 95 46
65 96 27
65 97 51
65 98 39
65 99 43
66 67 70
66 68 31
66 69 91
66 70 115
66 71 94
66 72 65
66 73 81
66 74 113
66 75 58
66 76 57
66 77 54
66 78 45
66 79 67
66 80 22
66 81 64
66 82 9
66 83 78
66 84 68
66 85 99
66 86 43
66 87 85
66 88 54
66 89 82
66 90 91
66 91 70
66 92 69
66 93 51
66 94 28
66 95 85
66 96 101
66 97 37
66 98 94
66 99 88
67 68 39
67 69 36
67 70 57
67 71 42
67 72 18
67 73 88
67 74 56
67 75 25
67 76 33
67 77 72
67 78 78
67 79 42
67 80 58
67 81 30
67 82 78
67 83 25
67 84 80
67 85 57
67 86 36
67 87 15
67 88 78
67 89 29
67 90 22
67 91 71
67 92 43
67 93 33
67 94 48
67 95 35
67 96 41
67 97 48
67 98 52
67 99 33
68 69 62
68 70 85
68 71 66
68 72 38
68 73 73
68 74 84
68 75 29
68 76 35
68 77 49
68 78 48
68 79 43
68 80 25
68 81 36
68 82 39
68 83 48
68 84 61
68 85 74
68 86 24
68 87 54
68 88 52
68 89 53
68 90 61
68 91 58
68 92 45
68 93 30
68 94 18
68 95 60
68 96 71
68 97 21
68 98 68
68 99 62
69 70 24
69 71 6
69 72 54
69 73 73
69 74 23
69 75 33
69 76 69
69 77 68
69 78 79
69 79 31
69 80 86
69 81 27
69 82 97
69 83 14
69 84 70
69 85 22
69 86 69
69 87 32
69 88 75
69 89 9
69 90 43
69 91 58
69 92 30
69 93 68
69 94 77
69 95 67
69 96 12
69 97 57
69 98 19
69 99 64
70 71 21
70 72 74
70 73 87
70 74 2
70 75 57
70 76 89
70 77 88
70 78 100
70 79 52
70 80 109
70 81 51
70 82 121
70 83 38
70 84 87
70 85 27
70 86 91
70 87 47
70 88 95
70 89 33
70 90 55
70 91 74
70 92 51
70 93 90
70 94 100
70 95 82
70 96 15
70 97 81
70 98 28
70 99 78
71 72 60
71 73 71
71 74 19
71 75 37
71 76 75
71 77 68
71 78 80
71 79 31
71 80 90
71 81 30
71 82 100
71 83 19
71 84 68
71 85 16
71 86 75
71 87 38
71 88 75
71 89 14
71 90 49
71 91 56
71 92 31
71 93 74
71 94 81
71 95 74
71 96 13
71 97 60
71 98 14
71 99 70
72 73 100
72 74 74
72 75 38
72 76 16
72 77 81
72 78 84
72 79 57
72 80 49
72 81 45
72 82 74
72 83 42
72 84 91
72 85 75
72 86 24
72 87 28
72 88 86
72 89 47
72 90 28
72 91 83
72 92 58
72 93 19
72 94 39
72 95 23
72 96 58
72 97 54
72 98 70
72 99 24
73 74 85
73 75 63
73 76 106
73 77 27
73 78 38
73 79 47
73 80 93
73 81 58
73 82 80
73 83 71
73 84 13
73 85 61
73 86 96
73 87 95
73 88 28
73 89 71
73 90 107
73 91 17
73 92 46
73 93 102
73 94 90
73 95 122
73 96 84
73 97 53
73 98 59
73 99 121
74 75 56
74 76 89
74 77 86
74 78 98
74 79 50
74 80 108
74 81 50
74 82 119
74 83 37
74 84 85
74 85 25
74 86 91
74 87 47
74 88 93
74 89 32
74 90 56
74 91 72
74 92 49
74 93 89
74 94 99
74 95 82
74 96 15
74 97 79
74 98 26
74 99 78
75 76 47
75 77 47
75 78 54
75 79 19
75 80 54
75 81 8
75 82 64
75 83 20
75 84 54
75 85 45
75 86 42
75 87 36
75 88 53
75 89 25
75 90 47
75 91 46
75 92 21
75 93 44
75 94 45
75 95 59
75 96 44
75 97 26
75 98 40
75 99 58
76 77 83
76 78 83
76 79 66
76 80 37
76 81 54
76 82 66
76 83 56
76 84 95
76 85 88
76 86 13
76 87 44
76 88 87
76 89 60
76 90 43
76 91 89
76 92 67
76 93 5
76 94 29
76 95 29
76 96 74
76 97 55
76 98 83
76 99 33
77 78 14
77 79 38
77 80 67
77 81 45
77 82 53
77 83 61
77 84 14
77 85 64
77 86 72
77 87 82
77 88 7
77 89 63
77 90 93
77 91 19
77 92 38
77 93 78
77 94 65
77 95 103
77 96 80
77 97 28
77 98 61
77 99 104
78 79 49
78 80 61
78 81 54
78 82 43
78 83 71
78 84 25
78 85 77
78 86 71
78 87 90
78 88 10
78 89 74
78 90 100
78 91 33
78 92 49
78 93 78
78 94 61
78 95 106
78 96 91
78 97 30
78 98 74
78 99 107
79 80 68
79 81 12
79 82 71
79 83 24
79 84 41
79 85 32
79 86 60
79 87 48
79 88 44
79 89 26
79 90 60
79 91 30
79 92 2
79 93 63
79 94 61
79 95 77
79 96 43
79 97 31
79 98 28
79 99 75
80 81 62
80 82 30
80 83 72
80 84 80
80 85 99
80 86 25
80 87 73
80 88 68
80 89 77
80 90 76
80 91 80
80 92 70
80 93 32
80 94 10
80 95 66
80 96 95
80 97 42
80 98 94
80 99 70
81 82 70
81 83 16
81 84 51
81 85 37
81 86 50
81 87 38
81 88 52
81 89 20
81 90 49
81 91 41
81 92 13
81 93 52
81 94 53
81 95 65
81 96 39
81 97 30
81 98 32
81 99 63
82 83 84
82 84 67
82 85 104
82 86 52
82 87 93
82 88 52
82 89 89
82 90 99
82 91 71
82 92 73
82 93 60
82 94 37
82 95 94
82 96 108
82 97 41
82 98 99
82 99 97
83 84 65
83 85 32
83 86 55
83 87 25
83 88 68
83 89 5
83 90 37
83 91 54
83 92 25
83 93 55
83 94 63
83 95 58
83 96 24
83 97 46
83 98 28
83 99 56
84 85 61
84 86 85
84 87 89
84 88 15
84 89 67
84 90 100
84 91 13
84 92 41
84 93 90
84 94 78
84 95 113
84 96 81
84 97 41
84 98 59
84 99 113
85 86 86
85 87 54
85 88 71
85 89 28
85 90 65
85 91 49
85 92 31
85 93 87
85 94 91
85 95 89
85 96 28
85 97 63
85 98 5
85 99 86
86 87 50
86 88 76
86 89 60
86 90 52
86 91 80
86 92 62
86 93 8
86 94 16
86 95 42
86 96 76
86 97 44
86 98 81
86 99 45
87 88 89
87 89 27
87 90 12
87 91 78
87 92 49
87 93 46
87 94 63
87 95 36
87 96 32
87 97 61
87 98 50
87 99 32
88 89 70
88 90 99
88 91 24
88 92 45
88 93 83
88 94 67
88 95 109
88 96 87
88 97 33
88 98 67
88 99 109
89 90 39
89 91 55
89 92 26
89 93 60
89 94 68
89 95 61
89 96 19
89 97 50
89 98 24
89 99 58
90 91 90
90 92 61
90 93 46
90 94 66
90 95 27
90 96 41
90 97 70
90 98 62
90 99 22
91 92 29
91 93 85
91 94 76
91 95 105
91 96 69
91 97 38
91 98 46
91 99 104
92 93 65
92 94 63
92 95 78
92 96 42
92 97 32
92 98 26
92 99 77
93 94 24
93 95 34
93 96 74
93 97 50
93 98 82
93 99 38
94 95 58
94 96 85
94 97 38
94 98 86
94 99 61
95 96 68
95 97 76
95 98 85
95 99 6
96 97 69
96 98 26
96 99 63
97 98 58
97 99 77
98 99 82
0 5 29
0 6 48
0 9 58
0 11 37
0 12 12
0 14 24
0 16 50
0 22 42
0 23 36
0 29 58
0 37 35
0 40 58
0 43 31
0 44 57
0 48 42
0 53 62
0 55 33
0 58 56
0 63 24
0 67 27
0 75 2
0 80 55
0 84 53
0 87 37
0 88 52
0 89 25
0 90 48
0 91 44
0 93 45
0 96 44
0 99 60
1 10 46
1 15 53
1 30 37
1 39 21
1 40 57
1 41 84
1 50 40
1 51 72
1 52 31
1 53 92
1 54 60
1 58 22
1 59 52
1 73 33
1 75 46
1 77 7
1 80 61
1 82 47
1 83 62
1 87 82
1 89 65
1 91 25
1 92 40
1 94 59
1 97 25
1 98 64
1 99 101
2 3 36
2 4 74
2 8 62
2 9 22
2 11 47
2 13 39
2 16 76
2 19 46
2 31 118
2 43 87
2 49 75
2 51 39
2 53 118
2 55 87
2 59 37
2 62 53
2 65 74
2 76 47
2 79 67
2 80 10
2 82 19
2 87 79
2 89 80
2 90 83
2 93 41
2 94 18
2 98 94
3 12 28
3 17 16
3 24 11
3 25 87
3 32 79
3 33 10
3 37 45
3 39 44
3 43 66
3 44 83
3 45 16
3 54 30
3 62 48
3 64 51
3 77 69
3 90 47
3 95 40
3 97 41
3 98 75
3 99 43
4 6 16
4 9 91
4 16 108
4 18 111
4 19 30
4 20 50
4 21 89
4 24 28
4 26 88
4 27 84
4 31 94
4 37 37
4 38 72
4 39 77
4 42 43
4 43 73
4 44 114
4 50 75
4 53 92
4 54 65
4 59 47
4 64 55
4 65 45
4 67 33
4 68 58
4 69 66
4 72 21
4 75 57
4 76 27
4 82 92
4 84 111
4 85 88
4 86 40
4 90 26
4 91 103
4 94 56
4 95 2
4 96 67
4 97 74
4 98 84
5 6 26
5 9 76
5 10 32
5 14 6
5 22 65
5 30 91
5 32 51
5 34 64
5 37 13
5 43 43
5 46 33
5 56 47
5 57 27
5 62 48
5 66 72
5 69 37
5 70 56
5 72 18
5 73 91
5 74 56
5 83 26
5 85 58
5 86 37
5 88 80
5 91 73
5 93 34
5 95 33
5 97 51
6 7 19
6 11 75
6 15 31
6 19 14
6 23 56
6 26 72
6 27 73
6 38 58
6 40 57
6 42 44
6 44 101
6 45 38
6 46 15
6 51 18
6 54 49
6 56 72
6 58 101
6 63 38
6 66 67
6 73 108
6 75 46
6 77 87
6 78 89
6 79 65
6 85 84
6 97 60
7 8 6
7 12 38
7 16 87
7 17 31
7 24 23
7 25 66
7 28 69
7 29 75
7 35 42
7 37 19
7 40 67
7 42 25
7 46 29
7 47 47
7 48 64
7 54 60
7 61 29
7 66 74
7 67 11
7 73 99
7 74 63
7 96 48
7 98 63
7 99 22
8 13 46
8 29 71
8 32 63
8 34 72
8 37 24
8 49 24
8 57 14
8 62 56
8 66 70
8 74 68
8 75 37
8 80 54
8 81 43
8 89 42
8 90 22
8 95 22
8 98 66
8 99 22
9 16 62
9 18 79
9 19 62
9 23 23
9 27 56
9 37 88
9 38 39
9 41 75
9 45 37
9 46 61
9 47 38
9 48 95
9 49 83
9 51 57
9 54 31
9 58 60
9 64 83
9 65 81
9 66 11
9 68 35
9 71 94
9 74 113
9 78 35
9 79 64
9 80 32
9 83 78
9 85 97
9 87 89
9 93 60
9 99 96
10 11 39
10 19 43
10 24 48
10 29 65
10 33 41
10 36 28
10 41 53
10 42 35
10 44 56
10 45 45
10 49 29
10 54 63
10 58 54
10 59 32
10 61 54
10 72 45
10 74 49
10 75 9
10 77 46
10 78 55
10 84 51
10 86 51
10 90 49
10 94 54
10 96 38
10 97 31
10 99 64
11 16 29
11 19 60
11 21 38
11 22 15
11 23 26
11 27 23
11 29 41
11 31 88
11 38 17
11 43 59
11 48 64
11 54 52
11 56 55
11 58 30
11 59 43
11 60 31
11 62 19
11 63 61
11 64 60
11 68 35
11 69 64
11 70 86
11 72 68
11 75 38
11 77 14
11 78 16
11 82 43
11 84 28
11 86 58
11 94 50
11 96 76
11 99 92
12 14 28
12 22 34
12 26 53
12 31 74
12 32 61
12 33 28
12 36 29
12 37 41
12 42 43
12 43 43
12 47 11
12 48 54
12 49 36
12 50 28
12 54 43
12 57 46
12 59 14
12 61 38
12 62 21
12 64 35
12 67 29
12 76 41
12 78 49
12 79 27
12 84 55
12 85 56
12 91 48
12 95 58
12 97 19
13 15 21
13 16 46
13 17 19
13 20 22
13 31 79
13 33 35
13 34 31
13 35 7
13 36 23
13 38 7
13 40 42
13 43 48
13 44 50
13 46 43
13 48 58
13 50 29
13 51 41
13 53 80
13 54 41
13 60 11
13 63 40
13 68 16
13 69 51
13 70 75
13 75 19
13 76 47
13 78 39
13 81 24
13 82 46
13 83 39
13 93 43
13 95 67
13 96 62
13 99 68
14 16 73
14 18 75
14 19 26
14 22 62
14 24 31
14 27 49
14 29 72
14 31 62
14 34 59
14 46 37
14 53 61
14 55 45
14 56 41
14 58 80
14 60 29
14 69 32
14 72 23
14 79 38
14 82 79
14 86 40
14 89 24
14 91 68
14 95 39
14 98 48
14 99 37
15 16 68
15 18 76
15 21 45
15 22 39
15 29 41
15 34 52
15 42 49
15 44 71
15 45 12
15 48 69
15 50 45
15 52 23
15 57 35
15 58 72
15 60 24
15 66 41
15 67 29
15 68 11
15 71 61
15 74 79
15 75 26
15 78 58
15 80 30
15 82 49
15 83 42
15 84 69
15 85 71
15 91 64
15 93 21
15 94 20
16 18 18
16 19 82
16 23 54
16 25 78
16 29 69
16 33 80
16 41 95
16 52 49
16 55 45
16 69 64
16 72 88
16 73 13
16 76 93
16 81 47
16 83 60
16 93 89
16 97 41
17 18 72
17 23 28
17 27 43
17 29 46
17 31 81
17 37 39
17 40 41
17 42 43
17 52 24
17 53 81
17 57 35
17 66 45
17 69 50
17 72 25
17 74 73
17 80 36
17 86 21
17 93 25
17 96 59
17 97 28
18 22 59
18 29 85
18 32 65
18 36 34
18 43 48
18 48 44
18 52 61
18 53 67
18 54 94
18 55 36
18 57 104
18 60 53
18 61 98
18 68 72
18 70 70
18 72 93
18 73 18
18 74 68
18 77 34
18 79 36
18 85 43
18 91 16
18 93 97
18 95 113
18 96 68
19 20 29
19 22 56
19 24 6
19 28 69
19 34 66
19 35 30
19 37 36
19 38 44
19 41 14
19 43 61
19 49 35
19 50 54
19 54 40
19 58 87
19 59 18
19 60 35
19 63 33
19 69 57
19 79 53
19 81 42
19 83 44
19 85 76
19 86 15
19 87 35
19 88 78
19 91 78
19 92 55
19 97 45
20 24 34
20 32 50
20 36 36
20 37 29
20 38 27
20 44 65
20 48 46
20 49 23
20 50 26
20 51 38
20 54 53
20 55 38
20 64 23
20 72 31
20 77 53
20 81 13
20 82 66
20 85 48
20 87 30
20 88 59
20 99 52
21 23 23
21 24 62
21 27 59
21 32 109
21 35 41
21 36 51
21 37 88
21 38 41
21 40 21
21 44 61
21 45 35
21 46 59
21 51 55
21 59 47
21 63 79
21 64 84
21 67 74
21 69 92
21 72 71
21 73 76
21 80 29
21 82 5
21 87 88
21 88 48
21 92 68
21 95 91
21 96 103
21 98 94
22 23 15
22 26 31
22 32 89
22 38 21
22 40 36
22 44 41
22 55 64
22 56 65
22 60 34
22 62 29
22 65 66
22 66 27
22 68 28
22 70 96
22 72 65
22 76 63
22 81 46
22 84 41
22 91 43
22 95 88
22 98 72
22 99 89
23 28 55
23 29 22
23 31 98
23 41 56
23 47 15
23 50 46
23 53 98
23 56 65
23 57 59
23 60 29
23 64 60
23 70 93
23 71 72
23 76 48
23 81 42
23 82 28
23 85 78
23 88 42
23 91 53
23 92 47
23 94 25
23 96 80
24 28 75
24 30 102
24 35 34
24 37 40
24 40 46
24 41 12
24 49 39
24 53 92
24 54 39
24 56 69
24 63 38
24 64 50
24 76 7
24 77 78
24 82 64
24 83 49
24 85 81
24 88 82
24 93 7
24 94 29
25 26 120
25 30 82
25 35 76
25 37 48
25 39 79
25 51 91
25 52 85
25 56 30
25 58 86
25 60 64
25 62 67
25 65 44
25 68 86
25 72 76
25 74 3
25 77 86
25 80 110
25 81 51
25 82 120
25 83 38
25 84 84
25 87 50
25 89 33
25 91 72
25 93 92
25 96 18
25 97 80
26 27 66
26 34 63
26 35 45
26 40 17
26 41 73
26 42 94
26 43 94
26 64 88
26 65 85
26 66 6
26 67 76
26 68 37
26 69 97
26 76 62
26 79 72
26 83 84
26 92 74
26 96 107
27 29 61
27 31 65
27 39 22
27 40 66
27 42 58
27 44 33
27 50 14
27 57 75
27 60 24
27 61 69
27 63 48
27 66 61
27 76 71
27 78 36
27 81 23
27 82 64
27 83 38
27 86 63
27 87 61
27 93 68
27 97 25
28 32 49
28 35 46
28 45 64
28 55 20
28 57 83
28 60 35
28 75 35
28 76 81
28 82 78
28 83 38
28 85 31
28 87 63
28 89 38
28 94 74
28 98 28
28 99 91
29 33 55
29 37 85
29 39 39
29 47 37
29 49 81
29 55 87
29 56 87
29 57 71
29 58 69
29 60 51
29 67 70
29 72 66
29 73 80
29 79 67
29 83 78
29 93 52
29 98 94
29 99 89
30 33 95
30 35 68
30 42 91
30 44 20
30 48 59
30 49 87
30 52 64
30 54 96
30 55 51
30 58 16
30 60 61
30 62 46
30 64 75
30 67 89
30 70 85
30 72 102
30 77 31
30 82 84
30 84 17
30 88 32
30 89 71
30 90 107
30 98 57
30 99 122
31 32 17
31 35 82
31 38 79
31 48 23
31 49 55
31 53 3
31 56 33
31 59 84
31 68 92
31 69 31
31 72 85
31 73 82
31 78 100
31 84 84
31 89 40
31 91 71
31 92 52
31 94 108
31 96 27
31 97 84
31 98 26
32 36 65
32 38 68
32 39 73
32 43 21
32 45 84
32 53 15
32 54 103
32 57 77
32 58 83
32 61 84
32 66 108
32 79 45
32 81 44
32 82 113
32 83 31
32 88 88
32 91 68
32 98 23
33 34 65
33 41 16
33 42 41
33 48 71
33 52 39
33 57 19
33 60 34
33 71 61
33 72 11
33 76 14
33 81 40
33 82 63
33 87 35
33 88 77
33 92 53
33 93 13
33 94 29
33 96 62
33 97 44
34 36 8
34 38 24
34 39 22
34 43 47
34 45 55
34 48 50
34 50 25
34 51 71
34 54 67
34 70 74
34 71 54
34 72 73
34 77 14
34 80 67
34 91 12
34 94 63
34 95 95
34 97 26
34 98 47
34 99 94
35 36 30
35 37 47
35 40 38
35 41 44
35 46 36
35 60 13
35 61 37
35 64 43
35 67 35
35 76 40
35 77 43
35 78 45
35 79 33
35 81 26
35 85 63
35 89 44
35 96 63
35 97 15
35 98 58
36 41 72
36 49 57
36 50 21
36 52 27
36 56 40
36 71 52
36 79 21
36 81 27
36 84 26
36 86 60
36 88 24
36 89 46
36 95 87
36 96 63
37 38 55
37 39 61
37 40 79
37 41 35
37 46 46
37 59 41
37 62 54
37 66 84
37 68 53
37 72 30
37 75 34
37 77 80
37 81 35
37 87 3
37 89 24
37 90 15
37 91 76
38 40 45
38 41 58
38 43 48
38 46 50
38 51 48
38 56 46
38 57 61
38 61 51
38 63 45
38 69 52
38 78 33
38 79 26
38 81 25
38 82 46
38 85 58
38 88 34
38 89 45
38 90 67
38 91 36
38 94 40
38 97 5
39 43 53
39 44 39
39 45 33
39 47 15
39 48 60
39 52 12
39 54 45
39 56 50
39 57 66
39 60 20
39 61 55
39 63 50
39 66 39
39 71 59
39 74 78
39 75 27
39 81 30
39 82 43
39 84 37
39 85 61
39 96 69
40 44 77
40 45 23
40 46 42
40 47 37
40 49 76
40 50 71
40 54 8
40 55 89
40 56 88
40 60 51
40 68 28
40 72 57
40 80 9
40 81 64
40 83 76
40 86 33
40 88 64
40 89 81
40 90 83
40 92 71
40 98 96
41 47 48
41 52 55
41 59 32
41 62 63
41 67 25
41 73 108
41 74 80
41 80 50
41 86 25
41 87 34
41 88 92
41 92 66
41 96 65
41 98 77
42 47 54
42 49 8
42 53 48
42 55 43
42 56 38
42 59 46
42 60 43
42 64 15
42 65 11
42 68 57
42 69 24
42 70 38
42 74 38
42 84 85
42 86 57
42 87 9
42 93 53
42 94 68
42 98 43
43 44 67
43 57 70
43 59 54
43 60 38
43 77 61
43 78 73
43 79 24
43 95 74
43 97 53
44 45 71
44 47 54
44 50 46
44 52 50
44 53 92
44 64 75
44 65 81
44 66 66
44 68 63
44 70 93
44 72 94
44 73 15
44 79 46
44 81 56
44 85 67
44 93 92
44 96 87
44 97 42
45 47 20
45 60 31
45 61 26
45 62 41
45 67 41
45 72 36
45 74 90
45 76 30
45 81 44
45 87 56
45 88 60
45 89 59
45 90 61
45 92 53
45 94 10
45 95 57
45 97 29
45 98 76
45 99 59
46 53 98
46 54 35
46 56 74
46 57 18
46 58 94
46 63 43
46 73 102
46 75 44
46 77 79
46 81 52
46 84 91
46 87 45
46 88 83
46 97 51
47 51 37
47 56 51
47 57 51
47 65 44
47 78 41
47 81 27
47 87 52
47 92 34
47 98 59
48 53 25
48 55 12
48 58 64
48 60 48
48 63 43
48 68 71
48 86 84
48 89 26
48 92 29
48 93 84
48 94 88
48 95 87
49 50 40
49 55 43
49 57 39
49 60 36
49 62 48
49 65 5
49 66 80
49 68 49
49 76 45
49 79 40
49 81 30
49 82 88
49 91 70
49 95 42
50 53 54
50 59 41
50 60 21
50 64 29
50 66 68
50 67 42
50 70 51
50 71 30
50 72 57
50 80 69
50 81 12
50 82 72
50 83 24
50 84 41
50 85 31
50 86 61
50 90 60
50 91 30
50 93 64
50 94 62
50 96 42
50 98 27
51 57 21
51 61 4
51 63 44
51 64 56
51 67 34
51 68 28
51 72 20
51 74 89
51 83 54
51 87 47
51 88 80
51 92 63
51 94 21
51 97 48
51 99 40
52 55 57
52 65 52
52 67 47
52 68 13
52 73 61
52 76 49
52 79 37
52 80 33
52 81 35
52 82 35
52 86 37
52 87 61
52 92 39
52 93 44
52 94 29
52 95 72
52 98 65
53 55 37
53 58 88
53 65 51
53 66 120
53 70 11
53 73 85
53 80 116
53 81 56
53 85 25
53 93 99
53 94 107
53 95 93
53 97 85
54 57 52
54 59 34
54 71 91
54 72 50
54 73 93
54 75 54
54 77 66
54 79 68
54 81 62
54 82 29
54 85 99
54 86 26
54 87 73
54 88 68
54 91 79
54 92 70
54 97 42
55 58 53
55 60 38
55 64 29
55 65 38
55 67 50
55 70 36
55 71 18
55 72 67
55 82 91
55 84 51
55 88 59
55 91 39
55 92 18
55 96 31
56 61 75
56 63 35
56 65 33
56 72 63
56 74 30
56 76 76
56 86 73
56 87 45
56 89 18
56 90 57
56 92 19
57 58 104
57 59 35
57 65 42
57 67 28
57 76 14
57 78 93
57 79 68
57 87 36
57 88 95
57 89 57
57 92 69
57 97 63
57 98 81
58 60 53
58 61 95
58 62 38
58 63 79
58 65 79
58 67 83
58 72 94
58 73 11
58 79 44
58 83 68
58 84 3
58 88 17
58 89 69
58 93 93
58 95 116
58 98 61
59 61 25
59 66 43
59 72 26
59 74 76
59 78 58
59 79 41
59 87 42
59 88 60
59 96 62
59 99 50
60 61 45
60 63 31
60 65 32
60 66 51
60 67 31
60 70 64
60 72 41
60 74 63
60 83 28
60 84 50
60 85 50
60 87 43
60 90 53
60 95 63
60 98 45
61 62 59
61 65 48
61 68 32
61 70 90
61 73 103
61 75 45
61 80 34
61 82 62
61 85 87
61 94 25
61 96 74
62 65 44
62 68 32
62 75 20
62 85 48
63 64 12
63 66 76
63 67 12
63 70 45
63 72 29
63 73 82
63 74 45
63 81 24
63 83 14
63 84 75
63 90 25
63 91 65
63 95 44
63 96 30
63 99 42
64 66 82
64 67 24
64 68 52
64 74 34
64 79 30
64 84 70
64 86 57
64 87 22
64 91 59
64 93 56
64 96 20
65 67 15
65 69 22
65 70 42
65 73 82
65 75 25
65 76 47
65 77 70
65 85 43
65 88 77
65 90 25
65 93 48
65 95 46
66 68 31
66 69 91
66 70 115
66 78 45
66 82 9
66 85 99
66 87 85
66 99 88
67 68 39
67 75 25
67 77 72
67 78 78
67 79 42
67 85 57
67 86 36
67 88 78
67 89 29
67 90 22
67 91 71
67 94 48
67 98 52
67 99 33
68 69 62
68 71 66
68 74 84
68 76 35
68 77 49
68 82 39
68 89 53
68 90 61
68 91 58
68 93 30
68 95 60
68 97 21
68 99 62
69 72 54
69 75 33
69 76 69
69 80 86
69 94 77
70 71 21
70 85 27
70 88 95
70 90 55
70 91 74
70 99 78
71 73 71
71 75 37
71 76 75
71 77 68
71 87 38
71 90 49
71 91 56
71 93 74
71 94 81
71 96 13
71 97 60
71 98 14
72 73 100
72 78 84
72 80 49
72 84 91
72 85 75
72 90 28
72 92 58
72 93 19
72 97 54
73 74 85
73 83 71
73 87 95
73 92 46
73 93 102
73 94 90
73 98 59
74 77 86
74 80 108
74 81 50
74 83 37
74 84 85
74 86 91
74 89 32
74 90 56
75 76 47
75 79 19
75 83 20
75 89 25
76 77 83
76 78 83
76 80 37
76 81 54
76 85 88
76 86 13
76 90 43
76 91 89
76 92 67
76 95 29
76 98 83
77 96 80
77 99 104
78 81 54
78 85 77
78 88 10
78 92 49
78 95 106
78 96 91
79 81 12
79 85 32
79 86 60
79 89 26
79 96 43
79 99 75
80 81 62
80 89 77
80 92 70
81 85 37
81 86 50
81 87 38
81 88 52
81 91 41
81 92 13
81 93 52
81 94 53
81 96 39
82 83 84
82 86 52
82 87 93
82 93 60
82 95 94
82 99 97
83 84 65
83 87 25
83 88 68
83 96 24
84 86 85
84 87 89
84 88 15
85 92 31
85 94 91
85 95 89
85 96 28
85 99 86
86 87 50
86 88 76
86 89 60
86 90 52
86 97 44
87 89 27
87 90 12
87 92 49
87 96 32
87 97 61
88 90 99
88 91 24
88 92 45
88 95 109
88 96 87
88 97 33
89 91 55
89 92 26
89 94 68
89 95 61
90 95 27
91 93 85
91 95 105
91 97 38
91 99 104
92 94 63
93 98 82
94 97 38
94 98 86
94 99 61
95 96 68
95 98 85
95 99 6
98 99 82
