20 0.3 10 0 0.1 190 57 6
0.503596 0.0156711 6
0.581964 0.27491 4
0.326489 0.0863671 5
0.997696 0.884888 7
0.946596 0.350338 7
0.929089 0.647153 6
0.158314 0.120264 5
0.336129 0.612396 0
0.575405 0.238977 4
0.6891 0.816514 4
0.125375 0.748733 3
0.0226716 0.953699 5
0.135983 0.453341 3
0.536649 0.79261 3
0.329286 0.941232 3
0.380555 0.101077 5
0.0737115 0.496433 3
0.703057 0.2721 5
0.20178 0.919808 3
0.471497 0.878677 3
0 1 27
0 2 19
0 3 100
0 4 56
0 5 76
0 6 36
0 7 62
0 8 23
0 9 82
0 10 82
0 11 105
0 12 57
0 13 78
0 14 94
0 15 15
0 16 64
0 17 32
0 18 95
0 19 86
1 2 32
1 3 74
1 4 37
1 5 51
1 6 45
1 7 42
1 8 4
1 9 55
1 10 66
1 11 88
1 12 48
1 13 52
1 14 71
1 15 27
1 16 55
1 17 12
1 18 75
1 19 61
2 3 104
2 4 67
2 5 82
2 6 17
2 7 53
2 8 29
2 9 82
2 10 69
2 11 92
2 12 41
2 13 74
2 14 85
2 15 6
2 16 48
2 17 42
2 18 84
2 19 81
3 4 54
3 5 25
3 6 114
3 7 72
3 8 77
3 9 32
3 10 88
3 11 98
3 12 96
3 13 47
3 14 67
3 15 100
3 16 100
3 17 68
3 18 80
3 19 53
4 5 30
4 6 82
4 7 66
4 8 39
4 9 53
4 10 91
4 11 110
4 12 82
4 13 60
4 14 85
4 15 62
4 16 89
4 17 26
4 18 94
4 19 71
5 6 93
5 7 59
5 8 54
5 9 29
5 10 81
5 11 96
5 12 82
5 13 42
5 14 67
5 15 77
5 16 87
5 17 44
5 18 78
5 19 51
6 7 52
6 8 43
6 9 88
6 10 63
6 11 84
6 12 33
6 13 77
6 14 84
6 15 22
6 16 39
6 17 57
6 18 80
6 19 82
7 8 44
7 9 41
7 10 25
7 11 46
7 12 26
7 13 27
7 14 33
7 15 51
7 16 29
7 17 50
7 18 34
7 19 30
8 9 59
8 10 68
8 11 90
8 12 49
8 13 55
8 14 74
8 15 24
8 16 56
8 17 13
8 18 78
8 19 65
9 10 57
9 11 68
9 12 66
9 13 15
9 14 38
9 15 78
9 16 69
9 17 54
9 18 50
9 19 23
10 11 23
10 12 30
10 13 41
10 14 28
10 15 70
10 16 26
10 17 75
10 18 19
10 19 37
11 12 51
11 13 54
11 14 31
11 15 92
11 16 46
11 17 96
11 18 18
11 19 46
12 13 53
12 14 52
12 15 43
12 16 8
12 17 60
12 18 47
12 19 54
13 14 26
13 15 71
13 16 55
13 17 55
13 18 36
13 19 11
14 15 84
14 16 51
14 17 77
14 18 13
14 19 16
15 16 50
15 17 37
15 18 84
15 19 78
16 17 67
16 18 44
16 19 55
17 18 82
17 19 65
18 19 27
0 8 23
0 9 82
0 11 105
0 14 94
0 18 95
1 6 45
1 8 4
1 12 48
1 16 55
1 18 75
1 19 61
2 3 104
2 5 82
2 8 29
2 12 41
2 14 85
2 15 6
2 17 42
3 9 32
3 10 88
3 11 98
3 19 53
4 5 30
4 10 91
4 12 82
4 16 89
4 19 71
5 6 93
5 9 29
5 12 82
7 10 25
7 13 27
7 15 51
7 17 50
7 19 30
8 17 13
8 18 78
9 12 66
9 13 15
9 17 54
9 18 50
10 11 23
10 13 41
10 16 26
11 15 92
11 16 46
11 17 96
11 18 18
12 15 43
12 16 8
13 14 26
13 18 36
13 19 11
14 16 51
14 17 77
15 18 84
16 19 55
