50 0.3 5 0 0.5 1225 368 22
0.937449 0.138838 27
0.0278385 0.848168 31
0.892648 0.501587 19
0.0159827 0.72395 28
0.305741 0.807564 19
0.371564 0.681999 12
0.582052 0.257061 12
0.578526 0.171969 16
0.210564 0.919561 27
0.614587 0.453564 5
0.933405 0.396947 21
0.756578 0.31348 15
0.258735 0.236923 17
0.659358 0.829367 19
0.050718 0.71503 26
0.181881 0.389846 17
0.385021 0.922143 23
0.826212 0.69421 19
0.173082 0.0962104 26
0.217583 0.322768 17
0.555911 0.682075 10
0.056762 0.301757 24
0.955387 0.0916534 29
0.441522 0.846505 19
0.336831 0.220163 16
0.196593 0.253044 19
0.13799 0.167309 24
0.512498 0.477097 0
0.0419301 0.321626 25
0.852383 0.297663 19
0.111035 0.115118 27
0.693441 0.518754 9
0.110857 0.773681 25
0.0648019 0.207505 26
0.796608 0.168903 21
0.44444 0.723997 13
0.782501 0.649973 16
0.664717 0.77169 17
0.728826 0.84747 21
0.874786 0.860196 26
0.0184922 0.849606 31
0.996001 0.833078 30
0.744758 0.503397 12
0.869522 0.910985 28
0.663936 0.926968 24
0.981827 0.985274 35
0.205726 0.152488 22
0.284225 0.0921309 22
0.528974 0.344336 7
0.284609 0.502213 11
0 1 115
0 2 37
0 3 109
0 4 92
0 5 78
0 6 37
0 7 36
0 8 107
0 9 45
0 10 26
0 11 25
0 12 69
0 13 74
0 14 106
0 15 80
0 16 96
0 17 57
0 18 77
0 19 74
0 20 66
0 21 90
0 22 5
0 23 86
0 24 61
0 25 75
0 26 80
0 27 54
0 28 91
0 29 18
0 30 83
0 31 45
0 32 104
0 33 88
0 34 14
0 35 77
0 36 53
0 37 69
0 38 74
0 39 72
0 40 116
0 41 70
0 42 41
0 43 78
0 44 83
0 45 85
0 46 73
0 47 65
0 48 46
0 49 75
1 2 93
1 3 12
1 4 28
1 5 38
1 6 81
1 7 87
1 8 20
1 9 71
1 10 101
1 11 90
1 12 65
1 13 63
1 14 14
1 15 48
1 16 36
1 17 81
1 18 77
1 19 56
1 20 55
1 21 55
1 22 120
1 23 41
1 24 70
1 25 62
1 26 69
1 27 61
1 28 53
1 29 99
1 30 74
1 31 74
1 32 11
1 33 64
1 34 103
1 35 43
1 36 78
1 37 64
1 38 70
1 39 85
1 40 1
1 41 97
1 42 80
1 43 84
1 44 64
1 45 96
1 46 72
1 47 80
1 48 71
1 49 43
2 3 90
2 4 66
2 5 55
2 6 40
2 7 46
2 8 80
2 9 28
2 10 11
2 11 23
2 12 69
2 13 40
2 14 87
2 15 72
2 16 66
2 17 20
2 18 83
2 19 70
2 20 38
2 21 86
2 22 41
2 23 57
2 24 62
2 25 74
2 26 83
2 27 38
2 28 87
2 29 21
2 30 87
2 31 20
2 32 83
2 33 88
2 34 35
2 35 50
2 36 18
2 37 35
2 38 38
2 39 36
2 40 94
2 41 35
2 42 15
2 43 41
2 44 48
2 45 49
2 46 77
2 47 73
2 48 40
2 49 61
3 4 30
3 5 36
3 6 73
3 7 79
3 8 28
3 9 66
3 10 97
3 11 85
3 12 54
3 13 65
3 14 4
3 15 37
3 16 42
3 17 81
3 18 65
3 19 45
3 20 54
3 21 42
3 22 113
3 23 44
3 24 60
3 25 50
3 26 57
3 27 55
3 28 40
3 29 94
3 30 62
3 31 71
3 32 11
3 33 52
3 34 96
3 35 43
3 36 77
3 37 65
3 38 72
3 39 87
3 40 13
3 41 99
3 42 76
3 43 87
3 44 68
3 45 100
3 46 60
3 47 69
3 48 64
3 49 35
4 5 14
4 6 62
4 7 69
4 8 15
4 9 47
4 10 75
4 11 67
4 12 57
4 13 35
4 14 27
4 15 44
4 16 14
4 17 53
4 18 72
4 19 49
4 20 28
4 21 56
4 22 97
4 23 14
4 24 59
4 25 57
4 26 66
4 27 39
4 28 55
4 29 75
4 30 72
4 31 48
4 32 20
4 33 65
4 34 81
4 35 16
4 36 50
4 37 36
4 38 42
4 39 57
4 40 29
4 41 69
4 42 53
4 43 57
4 44 38
4 45 70
4 46 66
4 47 72
4 48 51
4 49 31
5 6 47
5 7 55
5 8 29
5 9 33
5 10 63
5 11 53
5 12 46
5 13 32
5 14 32
5 15 35
5 16 24
5 17 45
5 18 62
5 19 39
5 20 18
5 21 49
5 22 83
5 23 18
5 24 46
5 25 46
5 26 57
5 27 25
5 28 49
5 29 62
5 30 62
5 31 36
5 32 28
5 33 57
5 34 67
5 35 8
5 36 41
5 37 31
5 38 39
5 39 53
5 40 39
5 41 64
5 42 41
5 43 55
5 44 38
5 45 68
5 46 55
5 47 60
5 48 37
5 49 20
6 7 9
6 8 76
6 9 20
6 10 38
6 11 18
6 12 32
6 13 58
6 14 70
6 15 42
6 16 69
6 17 50
6 18 44
6 19 37
6 20 43
6 21 53
6 22 41
6 23 61
6 24 25
6 25 39
6 26 45
6 27 23
6 28 54
6 29 27
6 30 49
6 31 28
6 32 70
6 33 52
6 34 23
6 35 49
6 36 44
6 37 52
6 38 61
6 39 67
6 40 82
6 41 71
6 42 30
6 43 71
6 44 67
6 45 83
6 46 39
6 47 34
6 48 10
6 49 39
7 8 83
7 9 28
7 10 42
7 11 23
7 12 33
7 13 66
7 14 76
7 15 45
7 16 77
7 17 58
7 18 41
7 19 39
7 20 51
7 21 54
7 22 39
7 23 69
7 24 25
7 25 39
7 26 44
7 27 31
7 28 56
7 29 30
7 30 47
7 31 37
7 32 76
7 33 51
7 34 22
7 35 57
7 36 52
7 37 61
7 38 69
7 39 75
7 40 88
7 41 78
7 42 37
7 43 79
7 44 76
7 45 91
7 46 37
7 47 30
7 48 18
7 49 44
8 9 62
8 10 89
8 11 82
8 12 68
8 13 46
8 14 26
8 15 53
8 16 17
8 17 66
8 18 82
8 19 60
8 20 42
8 21 64
8 22 111
8 23 24
8 24 71
8 25 67
8 26 76
8 27 54
8 28 62
8 29 89
8 30 81
8 31 63
8 32 18
8 33 73
8 34 95
8 35 30
8 36 63
8 37 48
8 38 52
8 39 67
8 40 20
8 41 79
8 42 68
8 43 66
8 44 45
8 45 77
8 46 77
8 47 83
8 48 66
8 49 42
9 10 32
9 11 20
9 12 42
9 13 38
9 14 62
9 15 44
9 16 52
9 17 32
9 18 57
9 19 42
9 20 24
9 21 58
9 22 50
9 23 43
9 24 36
9 25 46
9 26 56
9 27 10
9 28 59
9 29 28
9 30 61
9 31 10
9 32 60
9 33 60
9 34 34
9 35 32
9 36 26
9 37 32
9 38 41
9 39 48
9 40 72
9 41 54
9 42 14
9 43 52
9 44 48
9 45 65
9 46 51
9 47 49
9 48 14
9 49 33
10 11 20
10 12 69
10 13 51
10 14 94
10 15 75
10 16 76
10 17 32
10 18 82
10 19 72
10 20 47
10 21 88
10 22 31
10 23 67
10 24 62
10 25 75
10 26 83
10 27 43
10 28 89
10 29 13
10 30 87
10 31 27
10 32 90
10 33 89
10 34 27
10 35 59
10 36 29
10 37 46
10 38 49
10 39 47
10 40 102
10 41 44
10 42 22
10 43 52
10 44 59
10 45 59
10 46 77
10 47 72
10 48 41
10 49 66
11 12 50
11 13 52
11 14 81
11 15 58
11 16 71
11 17 39
11 18 62
11 19 54
11 20 42
11 21 70
11 22 30
11 23 62
11 24 43
11 25 56
11 26 64
11 27 29
11 28 71
11 29 10
11 30 68
11 31 21
11 32 79
11 33 70
11 34 15
11 35 52
11 36 34
11 37 47
11 38 53
11 39 56
11 40 91
11 41 57
11 42 19
11 43 61
11 44 62
11 45 71
11 46 57
11 47 52
11 48 23
11 49 51
12 13 72
12 14 52
12 15 17
12 16 70
12 17 73
12 18 16
12 19 10
12 20 54
12 21 21
12 22 71
12 23 64
12 24 8
12 25 6
12 26 14
12 27 35
12 28 23
12 29 60
12 30 19
12 31 52
12 32 56
12 33 20
12 34 54
12 35 52
12 36 67
12 37 67
12 38 77
12 39 88
12 40 66
12 41 95
12 42 55
12 43 91
12 44 80
12 45 104
12 46 10
12 47 15
12 48 29
12 49 27
13 14 62
13 15 65
13 16 29
13 17 21
13 18 88
13 19 67
13 20 18
13 21 80
13 22 79
13 23 22
13 24 69
13 25 74
13 26 84
13 27 38
13 28 80
13 29 57
13 30 90
13 31 31
13 32 55
13 33 86
13 34 67
13 35 24
13 36 22
13 37 6
13 38 7
13 39 22
13 40 64
13 41 34
13 42 34
13 43 23
13 44 10
13 45 36
13 46 81
13 47 83
13 48 50
13 49 50
14 15 35
14 16 39
14 17 78
14 18 63
14 19 43
14 20 51
14 21 41
14 22 110
14 23 41
14 24 57
14 25 48
14 26 55
14 27 52
14 28 39
14 29 90
14 30 60
14 31 67
14 32 8
14 33 51
14 34 92
14 35 39
14 36 73
14 37 62
14 38 69
14 39 84
14 40 14
14 41 95
14 42 73
14 43 84
14 44 65
14 45 97
14 46 58
14 47 67
14 48 61
14 49 32
15 16 57
15 17 71
15 18 29
15 19 8
15 20 47
15 21 15
15 22 83
15 23 53
15 24 23
15 25 14
15 26 23
15 27 34
15 28 16
15 29 68
15 30 28
15 31 53
15 32 39
15 33 22
15 34 65
15 35 42
15 36 65
15 37 62
15 38 71
15 39 84
15 40 49
15 41 93
15 42 57
15 43 86
15 44 72
15 45 100
15 46 24
15 47 31
15 48 35
15 49 15
16 17 50
16 18 85
16 19 62
16 20 29
16 21 70
16 22 101
16 23 9
16 24 70
16 25 70
16 26 79
16 27 46
16 28 69
16 29 78
16 30 85
16 31 51
16 32 31
16 33 78
16 34 86
16 35 21
16 36 48
16 37 32
16 38 35
16 39 49
16 40 37
16 41 62
16 42 55
16 43 48
16 44 28
16 45 60
16 46 79
16 47 84
16 48 60
16 49 43
17 18 89
17 19 71
17 20 27
17 21 86
17 22 62
17 23 41
17 24 68
17 25 77
17 26 87
17 27 38
17 28 87
17 29 40
17 30 92
17 31 22
17 32 72
17 33 90
17 34 53
17 35 38
17 36 6
17 37 18
17 38 18
17 39 17
17 40 82
17 41 22
17 42 21
17 43 22
17 44 28
17 45 33
17 46 82
17 47 81
17 48 46
17 49 57
18 19 23
18 20 70
18 21 24
18 22 78
18 23 80
18 24 21
18 25 16
18 26 8
18 27 51
18 28 26
18 29 71
18 30 6
18 31 67
18 32 68
18 33 16
18 34 63
18 35 68
18 36 82
18 37 84
18 38 93
18 39 104
18 40 77
18 41 110
18 42 70
18 43 107
18 44 96
18 45 120
18 46 7
18 47 11
18 48 43
18 49 42
19 20 49
19 21 16
19 22 77
19 23 57
19 24 16
19 25 7
19 26 17
19 27 33
19 28 18
19 29 64
19 30 23
19 31 51
19 32 46
19 33 19
19 34 60
19 35 46
19 36 65
19 37 63
19 38 73
19 39 85
19 40 56
19 41 93
19 42 56
19 43 88
19 44 75
19 45 101
19 46 17
19 47 24
19 48 31
19 49 19
20 21 63
20 22 71
20 23 20
20 24 51
20 25 56
20 26 66
20 27 21
20 28 63
20 29 49
20 30 72
20 31 21
20 32 45
20 33 68
20 34 57
20 35 12
20 36 23
20 37 14
20 38 24
20 39 37
20 40 56
20 41 47
20 42 26
20 43 39
20 44 27
20 45 52
20 46 63
20 47 65
20 48 34
20 49 33
21 22 92
21 23 67
21 24 29
21 25 15
21 26 16
21 27 49
21 28 2
21 29 80
21 30 19
21 31 67
21 32 48
21 33 9
21 34 75
21 35 57
21 36 80
21 37 77
21 38 87
21 39 99
21 40 55
21 41 108
21 42 72
21 43 102
21 44 87
21 45 115
21 46 21
21 47 31
21 48 47
21 49 30
22 23 91
22 24 63
22 25 78
22 26 82
22 27 59
22 28 94
22 29 23
22 30 84
22 31 50
22 32 109
22 33 90
22 34 18
22 35 81
22 36 58
22 37 74
22 38 79
22 39 77
22 40 121
22 41 74
22 42 46
22 43 82
22 44 88
22 45 89
22 46 75
22 47 67
22 48 50
22 49 79
23 24 64
23 25 64
23 26 74
23 27 38
23 28 66
23 29 69
23 30 80
23 31 41
23 32 34
23 33 74
23 34 77
23 35 12
23 36 39
23 37 24
23 38 29
23 39 43
23 40 42
23 41 55
23 42 46
23 43 43
23 44 24
23 45 56
23 46 73
23 47 77
23 48 51
23 49 38
24 25 14
24 26 21
24 27 31
24 28 31
24 29 52
24 30 25
24 31 47
24 32 60
24 33 27
24 34 46
24 35 52
24 36 62
24 37 64
24 38 74
24 39 84
24 40 71
24 41 90
24 42 50
24 43 87
24 44 78
24 45 100
24 46 15
24 47 14
24 48 23
24 49 29
25 26 10
25 27 39
25 28 17
25 29 66
25 30 16
25 31 56
25 32 53
25 33 14
25 34 61
25 35 53
25 36 71
25 37 70
25 38 80
25 39 91
25 40 62
25 41 99
25 42 60
25 43 94
25 44 82
25 45 107
25 46 10
25 47 18
25 48 34
25 49 26
26 27 49
26 28 18
26 29 73
26 30 6
26 31 66
26 32 61
26 33 8
26 34 66
26 35 64
26 36 81
26 37 80
26 38 90
26 39 101
26 40 69
26 41 109
26 42 69
26 43 104
26 44 92
26 45 118
26 46 7
26 47 16
26 48 43
26 49 37
27 28 50
27 29 38
27 30 54
27 31 19
27 32 50
27 33 52
27 34 42
27 35 26
27 36 32
27 37 33
27 38 43
27 39 53
27 40 62
27 41 60
27 42 23
27 43 56
27 44 47
27 45 69
27 46 45
27 47 45
27 48 13
27 49 23
28 29 81
28 30 22
28 31 68
28 32 46
28 33 12
28 34 77
28 35 57
28 36 81
28 37 77
28 38 87
28 39 99
28 40 53
28 41 108
28 42 73
28 43 102
28 44 87
28 45 115
28 46 24
28 47 33
28 48 49
28 49 30
29 30 76
29 31 27
29 32 88
29 33 79
29 34 14
29 35 59
29 36 36
29 37 51
29 38 56
29 39 56
29 40 100
29 41 55
29 42 23
29 43 61
29 44 66
29 45 70
29 46 66
29 47 60
29 48 33
29 49 60
30 31 71
30 32 66
30 33 10
30 34 69
30 35 69
30 36 86
30 37 86
30 38 96
30 39 107
30 40 74
30 41 114
30 42 74
30 43 110
30 44 98
30 45 123
30 46 10
30 47 17
30 48 48
30 49 42
31 32 64
31 33 70
31 34 36
31 35 32
31 36 16
31 37 25
31 38 33
31 39 39
31 40 75
31 41 44
31 42 5
31 43 43
31 44 41
31 45 55
31 46 61
31 47 59
31 48 24
31 49 41
32 33 57
32 34 91
32 35 34
32 36 68
32 37 55
32 38 62
32 39 77
32 40 12
32 41 89
32 42 69
32 43 77
32 44 57
32 45 90
32 46 63
32 47 70
32 48 60
32 49 32
33 34 73
33 35 64
33 36 84
33 37 82
33 38 92
33 39 104
33 40 64
33 41 112
33 42 74
33 43 107
33 44 94
33 45 120
33 46 15
33 47 25
33 48 48
33 49 37
34 35 66
34 36 48
34 37 62
34 38 68
34 39 70
34 40 103
34 41 69
34 42 34
34 43 75
34 44 77
34 45 84
34 46 59
34 47 52
34 48 32
34 49 61
35 36 35
35 37 23
35 38 31
35 39 45
35 40 44
35 41 56
35 42 37
35 43 46
35 44 30
35 45 60
35 46 62
35 47 65
35 48 39
35 49 27
36 37 17
36 38 20
36 39 23
36 40 79
36 41 28
36 42 15
36 43 28
36 44 30
36 45 39
36 46 76
36 47 75
36 48 40
36 49 52
37 38 10
37 39 23
37 40 65
37 41 34
37 42 28
37 43 25
37 44 16
37 45 38
37 46 77
37 47 78
37 48 45
37 49 47
38 39 15
38 40 71
38 41 27
38 42 34
38 43 15
38 44 10
38 45 29
38 46 87
38 47 88
38 48 54
38 49 56
39 40 86
39 41 12
39 42 38
39 43 5
39 44 22
39 45 16
39 46 97
39 47 97
39 48 62
39 49 69
40 41 98
40 42 80
40 43 85
40 44 65
40 45 97
40 46 72
40 47 80
40 48 72
40 49 44
41 42 41
41 43 15
41 44 35
41 45 15
41 46 104
41 47 103
41 48 68
41 49 78
42 43 43
42 44 43
42 45 54
42 46 64
42 47 62
42 48 27
42 49 46
43 44 21
43 45 13
43 46 101
43 47 101
43 48 66
43 49 71
44 45 32
44 46 90
44 47 92
44 48 60
44 49 57
45 46 114
45 47 113
45 48 78
45 49 85
46 47 10
46 48 38
46 49 36
47 48 35
47 49 41
48 49 29
0 7 36
0 10 26
0 14 106
0 20 66
0 23 86
0 24 61
0 25 75
0 41 70
0 42 41
0 43 78
0 44 83
1 7 87
1 13 63
1 16 36
1 19 56
1 21 55
1 27 61
1 30 74
1 32 11
1 40 1
1 43 84
1 45 96
1 47 80
1 48 71
2 5 55
2 7 46
2 8 80
2 10 11
2 14 87
2 15 72
2 19 70
2 25 74
2 34 35
2 36 18
2 38 38
2 39 36
2 45 49
3 5 36
3 13 65
3 14 4
3 15 37
3 22 113
3 26 57
3 31 71
3 34 96
3 36 77
3 39 87
3 40 13
3 44 68
4 8 15
4 10 75
4 13 35
4 15 44
4 17 53
4 18 72
4 19 49
4 21 56
4 22 97
4 24 59
4 25 57
4 26 66
4 30 72
4 32 20
4 33 65
4 39 57
4 40 29
4 43 57
4 44 38
5 8 29
5 13 32
5 16 24
5 20 18
5 22 83
5 23 18
5 24 46
5 26 57
5 28 49
5 29 62
5 32 28
5 34 67
5 35 8
5 36 41
5 37 31
5 39 53
5 44 38
5 46 55
5 47 60
5 49 20
6 9 20
6 19 37
6 22 41
6 23 61
6 27 23
6 30 49
6 31 28
6 34 23
6 38 61
6 43 71
6 44 67
6 48 10
7 11 23
7 14 76
7 17 58
7 18 41
7 28 56
7 37 61
7 40 88
7 43 79
7 48 18
7 49 44
8 9 62
8 11 82
8 14 26
8 17 66
8 19 60
8 20 42
8 23 24
8 25 67
8 27 54
8 29 89
8 41 79
8 43 66
9 15 44
9 19 42
9 22 50
9 24 36
9 30 61
9 31 10
9 32 60
9 41 54
9 43 52
9 44 48
10 11 20
10 12 69
10 15 75
10 21 88
10 26 83
10 28 89
10 36 29
10 37 46
10 38 49
10 39 47
10 46 77
10 48 41
11 13 52
11 14 81
11 16 71
11 18 62
11 25 56
11 29 10
11 31 21
11 33 70
11 34 15
11 36 34
11 37 47
11 38 53
11 41 57
11 45 71
11 49 51
12 14 52
12 16 70
12 25 6
12 28 23
12 31 52
12 35 52
12 40 66
12 41 95
13 16 29
13 20 18
13 21 80
13 25 74
13 26 84
13 28 80
13 32 55
13 33 86
13 35 24
14 15 35
14 17 78
14 24 57
14 28 39
14 30 60
14 31 67
14 38 69
14 40 14
14 42 73
14 44 65
15 21 15
15 23 53
15 25 14
15 29 68
15 30 28
15 32 39
15 40 49
15 44 72
15 45 100
15 46 24
15 48 35
16 19 62
16 21 70
16 23 9
16 25 70
16 26 79
16 31 51
16 32 31
16 33 78
16 37 32
16 45 60
16 48 60
17 18 89
17 22 62
17 30 92
17 32 72
17 36 6
17 37 18
17 40 82
17 41 22
17 43 22
17 49 57
18 21 24
18 32 68
18 36 82
18 38 93
18 45 120
18 46 7
19 22 77
19 25 7
19 26 17
19 28 18
19 29 64
19 32 46
19 34 60
19 38 73
19 41 93
19 43 88
19 44 75
19 45 101
19 48 31
19 49 19
20 21 63
20 23 20
20 25 56
20 28 63
20 29 49
20 31 21
20 37 14
20 39 37
20 47 65
20 48 34
21 27 49
21 29 80
21 30 19
21 34 75
21 36 80
21 38 87
21 39 99
21 47 31
22 25 78
22 30 84
22 32 109
22 33 90
22 41 74
22 44 88
23 25 64
23 27 38
23 28 66
23 30 80
23 34 77
23 39 43
23 41 55
23 42 46
23 43 43
23 44 24
23 47 77
24 34 46
24 35 52
24 36 62
24 37 64
24 42 50
25 26 10
25 28 17
25 30 16
25 35 53
25 36 71
25 43 94
26 29 73
26 31 66
26 37 80
26 39 101
26 40 69
26 42 69
26 44 92
26 46 7
26 48 43
26 49 37
27 32 50
27 33 52
27 36 32
27 43 56
27 44 47
28 29 81
28 34 77
28 36 81
28 39 99
28 45 115
28 48 49
29 33 79
29 35 59
29 36 36
29 43 61
29 44 66
29 48 33
30 36 86
30 38 96
30 43 110
30 45 123
30 49 42
31 35 32
31 39 39
31 41 44
31 42 5
31 43 43
31 46 61
31 48 24
32 33 57
32 48 60
33 40 64
33 41 112
33 43 107
33 45 120
33 48 48
33 49 37
34 36 48
34 40 103
34 41 69
34 43 75
34 44 77
34 47 52
35 39 45
35 43 46
35 46 62
35 47 65
35 49 27
36 40 79
36 44 30
36 45 39
36 49 52
37 39 23
37 41 34
37 43 25
37 45 38
38 40 71
38 41 27
38 46 87
39 40 86
39 44 22
39 47 97
40 43 85
40 44 65
40 47 80
41 42 41
42 48 27
43 44 21
43 45 13
44 48 60
45 47 113
46 49 36
47 48 35
48 49 29
