10 0.5 10 0 0.1 45 23 6
0.419132 0.308271 0
0.535053 0.91147 6
0.0530429 0.831492 6
0.0743271 0.399929 4
0.741346 0.85958 6
0.608222 0.248848 2
0.34221 0.0440174 3
0.924703 0.963929 8
0.302771 0.349724 1
0.799102 0.889647 7
0 1 61
0 2 64
0 3 36
0 4 64
0 5 20
0 6 28
0 7 83
0 8 12
0 9 69
1 2 49
1 3 69
1 4 21
1 5 67
1 6 89
1 7 39
1 8 61
1 9 26
2 3 43
2 4 69
2 5 80
2 6 84
2 7 88
2 8 54
2 9 75
3 4 81
3 5 55
3 6 45
3 7 102
3 8 23
3 9 87
4 5 63
4 6 91
4 7 21
4 8 67
4 9 7
5 6 34
5 7 78
5 8 32
5 9 67
6 7 109
6 8 31
6 9 96
7 8 87
7 9 15
8 9 73
0 2 64
0 6 28
0 7 83
0 8 12
0 9 69
1 2 49
1 4 21
1 7 39
1 8 61
1 9 26
2 3 43
2 4 69
2 5 80
2 6 84
3 6 45
3 7 102
4 5 63
4 6 91
4 7 21
4 8 67
5 8 32
6 7 109
8 9 73
