100 0.3 5 0 0.5 4950 1485 27
0.6075 0.355717 9
0.722103 0.212101 18
0.510077 0.992262 24
0.497884 0.925776 21
0.190593 0.484114 17
0.471906 0.0200491 25
0.911008 0.460684 19
0.292319 0.573489 12
0.57516 0.369601 8
0.105329 0.369062 22
0.927888 0.226383 25
0.840049 0.588496 16
0.512315 0.787461 14
0.0944988 0.467082 22
0.337791 0.869976 20
0.558498 0.236387 14
0.387878 0.617497 9
0.914416 0.0634404 30
0.0584339 0.63544 24
0.548443 0.16638 17
0.604272 0.270025 13
0.948117 0.416285 21
0.270965 0.655941 15
0.821845 0.970533 27
0.773291 0.190631 20
0.465809 0.882439 19
0.46632 0.257503 13
0.170728 0.612841 19
0.65144 0.500672 6
0.530317 0.515168 0
0.846664 0.988475 28
0.102354 0.911312 29
0.928026 0.241563 24
0.214216 0.150257 24
0.201333 0.972248 28
0.186184 0.629784 18
0.376825 0.0925561 22
0.30416 0.897995 22
0.847022 0.0275079 29
0.444063 0.028313 25
0.937963 0.445594 21
0.260807 0.170081 22
0.065594 0.589855 24
0.913423 0.237978 24
0.883001 0.434714 18
0.904547 0.0993722 28
0.747505 0.0658591 25
0.708017 0.799323 17
0.00223622 0.470598 26
0.633119 0.421365 7
0.633578 0.487582 5
0.906075 0.639031 20
0.26134 0.772036 19
0.808524 0.807037 20
0.52035 0.468634 2
0.468343 0.0985753 21
0.867341 0.205047 23
0.514656 0.175035 17
0.266174 0.494974 13
0.329888 0.674984 13
0.561132 0.23663 14
0.872089 0.260544 21
0.835753 0.500265 15
0.416694 0.504316 6
0.627505 0.894357 20
0.843914 0.541217 16
0.545388 0.874064 18
0.422824 0.167121 18
0.882089 0.43657 18
0.338818 0.282782 15
0.264926 0.0783297 26
0.836474 0.615491 16
0.307009 0.689318 14
0.99944 0.0576608 33
0.157981 0.488762 19
0.800058 0.677594 16
0.0386016 0.550465 25
0.232569 0.657273 16
0.254629 0.659737 16
0.512487 0.0279846 24
0.794268 0.739012 17
0.113762 0.893634 28
0.86491 0.17239 24
0.537701 0.0913354 21
0.636489 0.580121 6
0.931132 0.421491 21
0.925076 0.80315 24
0.159693 0.777761 23
0.771992 0.816693 19
0.245223 0.521767 14
0.52023 0.705191 10
0.694508 0.892316 21
0.33918 0.474344 10
0.36158 0.300224 14
0.031202 0.523322 25
0.964034 0.626017 22
0.949278 0.724097 23
0.528671 0.323598 10
0.392517 0.076665 23
0.099951 0.465102 22
0 1 18
0 2 64
0 3 58
0 4 44
0 5 36
0 6 32
0 7 38
0 8 4
0 9 50
0 10 35
0 11 33
0 12 44
0 13 52
0 14 58
0 15 13
0 16 34
0 17 42
0 18 62
0 19 20
0 20 9
0 21 35
0 22 45
0 23 65
0 24 23
0 25 55
0 26 17
0 27 51
0 28 15
0 29 18
0 30 68
0 31 75
0 32 34
0 33 44
0 34 74
0 35 50
0 36 35
0 37 62
0 38 41
0 39 37
0 40 34
0 41 39
0 42 59
0 43 33
0 44 29
0 45 39
0 46 32
0 47 45
0 48 62
0 49 7
0 50 13
0 51 41
0 52 54
0 53 49
0 54 14
0 55 29
0 56 30
0 57 20
0 58 37
0 59 42
0 60 13
0 61 28
0 62 27
0 63 24
0 64 54
0 65 30
0 66 52
0 67 26
0 68 29
0 69 28
0 70 44
0 71 35
0 72 45
0 73 49
0 74 47
0 75 38
0 76 60
0 77 48
0 78 47
0 79 34
0 80 43
0 81 73
0 82 32
0 83 27
0 84 23
0 85 33
0 86 55
0 87 62
0 88 49
0 89 40
0 90 36
0 91 54
0 92 29
0 93 25
0 94 60
0 95 45
0 96 50
0 97 9
0 98 35
0 99 52
1 2 81
1 3 75
1 4 60
1 5 32
1 6 31
1 7 56
1 8 22
1 9 64
1 10 21
1 11 39
1 12 61
1 13 68
1 14 76
1 15 17
1 16 53
1 17 24
1 18 79
1 19 18
1 20 13
1 21 30
1 22 63
1 23 76
1 24 6
1 25 72
1 26 26
1 27 68
1 28 30
1 29 36
1 30 79
1 31 93
1 32 21
1 33 51
1 34 92
1 35 68
1 36 37
1 37 80
1 38 22
1 39 33
1 40 32
1 41 46
1 42 76
1 43 19
1 44 27
1 45 21
1 46 15
1 47 59
1 48 76
1 49 23
1 50 29
1 51 46
1 52 73
1 53 60
1 54 33
1 55 28
1 56 15
1 57 21
1 58 54
1 59 61
1 60 16
1 61 16
1 62 31
1 63 42
1 64 69
1 65 35
1 66 69
1 67 30
1 68 28
1 69 39
1 70 48
1 71 42
1 72 63
1 73 32
1 74 63
1 75 47
1 76 76
1 77 66
1 78 65
1 79 28
1 80 53
1 81 91
1 82 15
1 83 22
1 84 38
1 85 30
1 86 62
1 87 80
1 88 61
1 89 57
1 90 53
1 91 68
1 92 46
1 93 37
1 94 76
1 95 48
1 96 56
1 97 22
1 98 36
1 99 67
2 3 7
2 4 60
2 5 97
2 6 67
2 7 47
2 8 63
2 9 74
2 10 87
2 11 52
2 12 20
2 13 67
2 14 21
2 15 76
2 16 39
2 17 101
2 18 58
2 19 83
2 20 73
2 21 72
2 22 41
2 23 31
2 24 84
2 25 12
2 26 74
2 27 51
2 28 51
2 29 48
2 30 34
2 31 42
2 32 86
2 33 89
2 34 31
2 35 49
2 36 91
2 37 23
2 38 102
2 39 97
2 40 69
2 41 86
2 42 60
2 43 86
2 44 67
2 45 98
2 46 96
2 47 28
2 48 73
2 49 58
2 50 52
2 51 53
2 52 33
2 53 35
2 54 52
2 55 89
2 56 86
2 57 82
2 58 55
2 59 36
2 60 76
2 61 82
2 62 59
2 63 50
2 64 15
2 65 56
2 66 12
2 67 83
2 68 67
2 69 73
2 70 95
2 71 50
2 72 36
2 73 105
2 74 61
2 75 43
2 76 65
2 77 44
2 78 42
2 79 96
2 80 38
2 81 41
2 82 89
2 83 90
2 84 43
2 85 71
2 86 46
2 87 41
2 88 32
2 89 54
2 90 29
2 91 21
2 92 55
2 93 71
2 94 67
2 95 58
2 96 51
2 97 67
2 98 92
2 99 67
3 4 54
3 5 91
3 6 62
3 7 41
3 8 56
3 9 68
3 10 82
3 11 48
3 12 14
3 13 61
3 14 17
3 15 69
3 16 33
3 17 96
3 18 53
3 19 76
3 20 66
3 21 68
3 22 35
3 23 33
3 24 79
3 25 5
3 26 67
3 27 45
3 28 45
3 29 41
3 30 35
3 31 40
3 32 81
3 33 83
3 34 30
3 35 43
3 36 84
3 37 20
3 38 96
3 39 90
3 40 65
3 41 79
3 42 55
3 43 80
3 44 62
3 45 92
3 46 90
3 47 25
3 48 67
3 49 52
3 50 46
3 51 50
3 52 28
3 53 33
3 54 46
3 55 83
3 56 81
3 57 75
3 58 49
3 59 30
3 60 69
3 61 76
3 62 54
3 63 43
3 64 13
3 65 52
3 66 7
3 67 76
3 68 62
3 69 66
3 70 88
3 71 46
3 72 30
3 73 100
3 74 55
3 75 39
3 76 59
3 77 38
3 78 36
3 79 90
3 80 35
3 81 39
3 82 84
3 83 84
3 84 37
3 85 66
3 86 44
3 87 37
3 88 30
3 89 48
3 90 22
3 91 20
3 92 48
3 93 64
3 94 62
3 95 55
3 96 49
3 97 60
3 98 86
3 99 61
4 5 54
4 6 72
4 7 14
4 8 40
4 9 14
4 10 78
4 11 66
4 12 44
4 13 10
4 14 41
4 15 44
4 16 24
4 17 84
4 18 20
4 19 48
4 20 47
4 21 76
4 22 19
4 23 80
4 24 65
4 25 48
4 26 36
4 27 13
4 28 46
4 29 34
4 30 83
4 31 44
4 32 78
4 33 33
4 34 49
4 35 15
4 36 43
4 37 43
4 38 80
4 39 52
4 40 75
4 41 32
4 42 16
4 43 76
4 44 69
4 45 81
4 46 70
4 47 61
4 48 19
4 49 45
4 50 44
4 51 73
4 52 30
4 53 70
4 54 33
4 55 48
4 56 73
4 57 45
4 58 8
4 59 24
4 60 45
4 61 72
4 62 65
4 63 23
4 64 60
4 65 66
4 66 53
4 67 39
4 68 69
4 69 25
4 70 41
4 71 66
4 72 24
4 73 91
4 74 3
4 75 64
4 76 17
4 77 18
4 78 19
4 79 56
4 80 66
4 81 42
4 82 74
4 83 52
4 84 46
4 85 74
4 86 80
4 87 30
4 88 67
4 89 7
4 90 40
4 91 65
4 92 15
4 93 25
4 94 16
4 95 79
4 96 80
4 97 37
4 98 45
4 99 9
5 6 62
5 7 58
5 8 36
5 9 51
5 10 50
5 11 68
5 12 77
5 13 59
5 14 86
5 15 23
5 16 60
5 17 44
5 18 74
5 19 17
5 20 28
5 21 62
5 22 67
5 23 101
5 24 35
5 25 86
5 26 24
5 27 66
5 28 51
5 29 50
5 30 104
5 31 96
5 32 51
5 33 29
5 34 99
5 35 67
5 36 12
5 37 89
5 38 38
5 39 3
5 40 63
5 41 26
5 42 70
5 43 49
5 44 58
5 45 44
5 46 28
5 47 81
5 48 65
5 49 43
5 50 49
5 51 76
5 52 78
5 53 86
5 54 45
5 55 8
5 56 44
5 57 16
5 58 52
5 59 67
5 60 23
5 61 47
5 62 60
5 63 49
5 64 89
5 65 64
5 66 86
5 67 16
5 68 58
5 69 29
5 70 22
5 71 70
5 72 69
5 73 53
5 74 56
5 75 73
5 76 68
5 77 68
5 78 68
5 79 4
5 80 79
5 81 94
5 82 42
5 83 10
5 84 58
5 85 61
5 86 90
5 87 82
5 88 85
5 89 55
5 90 69
5 91 90
5 92 47
5 93 30
5 94 67
5 95 78
5 96 85
5 97 31
5 98 10
5 99 58
6 7 63
6 8 35
6 9 81
6 10 23
6 11 15
6 12 52
6 13 82
6 14 70
6 15 42
6 16 55
6 17 40
6 18 87
6 19 47
6 20 36
6 21 6
6 22 67
6 23 52
6 24 30
6 25 61
6 26 49
6 27 76
6 28 26
6 29 38
6 30 53
6 31 93
6 32 22
6 33 76
6 34 87
6 35 74
6 36 65
6 37 75
6 38 44
6 39 64
6 40 3
6 41 71
6 42 86
6 43 22
6 44 4
6 45 36
6 46 43
6 47 39
6 48 91
6 49 28
6 50 28
6 51 18
6 52 72
6 53 36
6 54 39
6 55 57
6 56 26
6 57 49
6 58 65
6 59 62
6 60 42
6 61 20
6 62 9
6 63 50
6 64 52
6 65 10
6 66 55
6 67 57
6 68 4
6 69 60
6 70 75
6 71 17
6 72 65
6 73 41
6 74 75
6 75 24
6 76 88
6 77 71
6 78 69
6 79 59
6 80 30
6 81 91
6 82 29
6 83 53
6 84 30
6 85 4
6 86 34
6 87 82
6 88 38
6 89 67
6 90 46
6 91 48
6 92 57
6 93 57
6 94 88
6 95 17
6 96 27
6 97 41
6 98 65
6 99 81
7 8 35
7 9 28
7 10 72
7 11 55
7 12 31
7 13 22
7 14 30
7 15 43
7 16 11
7 17 80
7 18 24
7 19 48
7 20 44
7 21 67
7 22 9
7 23 66
7 24 61
7 25 35
7 26 36
7 27 13
7 28 37
7 29 25
7 30 69
7 31 39
7 32 72
7 33 43
7 34 41
7 35 12
7 36 49
7 37 32
7 38 78
7 39 57
7 40 66
7 41 40
7 42 23
7 43 71
7 44 61
7 45 77
7 46 68
7 47 47
7 48 31
7 49 37
7 50 35
7 51 62
7 52 20
7 53 57
7 54 25
7 55 51
7 56 68
7 57 46
7 58 8
7 59 11
7 60 43
7 61 66
7 62 55
7 63 14
7 64 46
7 65 55
7 66 39
7 67 43
7 68 61
7 69 29
7 70 50
7 71 55
7 72 12
7 73 88
7 74 16
7 75 52
7 76 25
7 77 10
7 78 9
7 79 59
7 80 53
7 81 37
7 82 70
7 83 54
7 84 34
7 85 66
7 86 67
7 87 24
7 88 54
7 89 7
7 90 26
7 91 51
7 92 11
7 93 28
7 94 27
7 95 67
7 96 67
7 97 34
7 98 51
7 99 22
8 9 47
8 10 38
8 11 34
8 12 42
8 13 49
8 14 55
8 15 13
8 16 31
8 17 46
8 18 58
8 19 20
8 20 10
8 21 38
8 22 42
8 23 65
8 24 27
8 25 52
8 26 16
8 27 47
8 28 15
8 29 15
8 30 68
8 31 72
8 32 38
8 33 42
8 34 71
8 35 47
8 36 34
8 37 59
8 38 44
8 39 37
8 40 37
8 41 37
8 42 56
8 43 36
8 44 31
8 45 43
8 46 35
8 47 45
8 48 58
8 49 8
8 50 13
8 51 43
8 52 51
8 53 50
8 54 11
8 55 29
8 56 34
8 57 20
8 58 33
8 59 39
8 60 13
8 61 32
8 62 29
8 63 21
8 64 53
8 65 32
8 66 51
8 67 25
8 68 31
8 69 25
8 70 43
8 71 36
8 72 42
8 73 53
8 74 43
8 75 38
8 76 57
8 77 45
8 78 43
8 79 35
8 80 43
8 81 70
8 82 35
8 83 28
8 84 22
8 85 36
8 86 56
8 87 58
8 88 49
8 89 36
8 90 34
8 91 54
8 92 26
8 93 22
8 94 57
8 95 47
8 96 52
8 97 7
8 98 35
8 99 48
9 10 83
9 11 77
9 12 58
9 13 10
9 14 55
9 15 47
9 16 38
9 17 86
9 18 27
9 19 49
9 20 51
9 21 84
9 22 33
9 23 94
9 24 69
9 25 63
9 26 38
9 27 25
9 28 56
9 29 45
9 30 97
9 31 54
9 32 83
9 33 24
9 34 61
9 35 27
9 36 39
9 37 57
9 38 82
9 39 48
9 40 84
9 41 25
9 42 22
9 43 82
9 44 78
9 45 84
9 46 71
9 47 74
9 48 14
9 49 53
9 50 54
9 51 85
9 52 43
9 53 83
9 54 43
9 55 45
9 56 78
9 57 45
9 58 20
9 59 38
9 60 47
9 61 77
9 62 74
9 63 34
9 64 74
9 65 76
9 66 67
9 67 38
9 68 78
9 69 25
9 70 33
9 71 77
9 72 38
9 73 95
9 74 13
9 75 76
9 76 19
9 77 32
9 78 33
9 79 53
9 80 78
9 81 52
9 82 78
9 83 51
9 84 57
9 85 83
9 86 93
9 87 41
9 88 80
9 89 21
9 90 53
9 91 79
9 92 26
9 93 27
9 94 17
9 95 90
9 96 92
9 97 43
9 98 41
9 99 10
10 11 37
10 12 70
10 13 87
10 14 87
10 15 37
10 16 67
10 17 16
10 18 96
10 19 38
10 20 33
10 21 19
10 22 78
10 23 75
10 24 16
10 25 80
10 26 46
10 27 85
10 28 39
10 29 49
10 30 77
10 31 107
10 32 2
10 33 72
10 34 104
10 35 84
10 36 57
10 37 92
10 38 21
10 39 52
10 40 22
10 41 67
10 42 94
10 43 2
10 44 21
10 45 13
10 46 24
10 47 61
10 48 96
10 49 35
10 50 39
10 51 41
10 52 86
10 53 59
10 54 47
10 55 48
10 56 6
10 57 42
10 58 71
10 59 75
10 60 37
10 61 7
10 62 29
10 63 58
10 64 73
10 65 33
10 66 75
10 67 51
10 68 22
10 69 59
10 70 68
10 71 40
10 72 77
10 73 18
10 74 81
10 75 47
10 76 95
10 77 82
10 78 80
10 79 46
10 80 53
10 81 105
10 82 8
10 83 41
10 84 46
10 85 20
10 86 58
10 87 95
10 88 61
10 89 74
10 90 63
10 91 71
10 92 64
10 93 57
10 94 94
10 95 40
10 96 50
10 97 41
10 98 56
10 99 86
11 12 38
11 13 76
11 14 58
11 15 45
11 16 45
11 17 53
11 18 78
11 19 51
11 20 40
11 21 20
11 22 57
11 23 38
11 24 40
11 25 48
11 26 50
11 27 67
11 28 21
11 29 32
11 30 40
11 31 81
11 32 36
11 33 76
11 34 75
11 35 66
11 36 68
11 37 62
11 38 56
11 39 69
11 40 17
11 41 71
11 42 77
11 43 36
11 44 16
11 45 49
11 46 53
11 47 25
11 48 85
11 49 27
11 50 23
11 51 8
11 52 61
11 53 22
11 54 34
11 55 61
11 56 38
11 57 53
11 58 58
11 59 52
11 60 45
11 61 33
11 62 9
11 63 43
11 64 37
11 65 5
11 66 41
11 67 59
11 68 16
11 69 59
11 70 77
11 71 3
11 72 54
11 73 55
11 74 69
11 75 10
11 76 80
11 77 61
11 78 59
11 79 65
11 80 16
11 81 79
11 82 42
11 83 58
11 84 20
11 85 19
11 86 23
11 87 71
11 88 24
11 89 60
11 90 34
11 91 34
11 92 51
11 93 56
11 94 81
11 95 13
11 96 17
11 97 41
11 98 68
11 99 75
12 13 53
12 14 19
12 15 55
12 16 21
12 17 83
12 18 48
12 19 62
12 20 53
12 21 57
12 22 27
12 23 36
12 24 65
12 25 11
12 26 53
12 27 38
12 28 32
12 29 27
12 30 39
12 31 43
12 32 69
12 33 70
12 34 36
12 35 36
12 36 71
12 37 24
12 38 83
12 39 76
12 40 55
12 41 67
12 42 49
12 43 68
12 44 51
12 45 79
12 46 76
12 47 20
12 48 60
12 49 39
12 50 32
12 51 42
12 52 25
12 53 30
12 54 32
12 55 69
12 56 68
12 57 61
12 58 38
12 59 21
12 60 55
12 61 64
12 62 43
12 63 30
12 64 16
12 65 41
12 66 9
12 67 63
12 68 51
12 69 53
12 70 75
12 71 37
12 72 23
12 73 88
12 74 46
12 75 31
12 76 53
12 77 31
12 78 29
12 79 76
12 80 29
12 81 41
12 82 71
12 83 70
12 84 24
12 85 56
12 86 41
12 87 35
12 88 26
12 89 38
12 90 8
12 91 21
12 92 36
12 93 51
12 94 55
12 95 48
12 96 44
12 97 46
12 98 72
12 99 52
13 14 47
13 15 52
13 16 33
13 17 91
13 18 17
13 19 54
13 20 55
13 21 86
13 22 26
13 23 88
13 24 73
13 25 56
13 26 43
13 27 16
13 28 56
13 29 44
13 30 92
13 31 44
13 32 86
13 33 34
13 34 52
13 35 19
13 36 47
13 37 48
13 38 87
13 39 56
13 40 84
13 41 34
13 42 13
13 43 85
13 44 79
13 45 89
13 46 77
13 47 70
13 48 9
13 49 54
13 50 54
13 51 83
13 52 35
13 53 79
13 54 43
13 55 52
13 56 82
13 57 51
13 58 17
13 59 31
13 60 52
13 61 80
13 62 74
13 63 32
13 64 68
13 65 75
13 66 61
13 67 44
13 68 79
13 69 31
13 70 42
13 71 76
13 72 31
13 73 99
13 74 7
13 75 74
13 76 10
13 77 24
13 78 25
13 79 61
13 80 75
13 81 43
13 82 82
13 83 58
13 84 55
13 85 84
13 86 90
13 87 32
13 88 76
13 89 16
13 90 49
13 91 74
13 92 24
13 93 31
13 94 8
13 95 88
13 96 89
13 97 46
13 98 49
13 99 1
14 15 67
14 16 26
14 17 99
14 18 36
14 19 73
14 20 66
14 21 76
14 22 22
14 23 49
14 24 81
14 25 13
14 26 63
14 27 31
14 28 48
14 29 40
14 30 52
14 31 24
14 32 86
14 33 73
14 34 17
14 35 28
14 36 78
14 37 4
14 38 98
14 39 85
14 40 74
14 41 70
14 42 39
14 43 85
14 44 70
14 45 96
14 46 90
14 47 38
14 48 52
14 49 54
14 50 48
14 51 61
14 52 12
14 53 47
14 54 44
14 55 78
14 56 85
14 57 72
14 58 38
14 59 20
14 60 67
14 61 81
14 62 62
14 63 37
14 64 29
14 65 60
14 66 21
14 67 71
14 68 70
14 69 59
14 70 79
14 71 56
14 72 18
14 73 105
14 74 42
14 75 50
14 76 44
14 77 24
14 78 23
14 79 86
14 80 47
14 81 23
14 82 87
14 83 80
14 84 42
14 85 74
14 86 59
14 87 20
14 88 44
14 89 36
14 90 25
14 91 36
14 92 40
14 93 57
14 94 46
14 95 67
14 96 63
14 97 58
14 98 80
14 99 47
15 16 42
15 17 40
15 18 64
15 19 7
15 20 6
15 21 43
15 22 51
15 23 78
15 24 22
15 25 65
15 26 9
15 27 54
15 28 28
15 29 28
15 30 81
15 31 81
15 32 37
15 33 35
15 34 82
15 35 54
15 36 23
15 37 71
15 38 36
15 39 24
15 40 43
15 41 30
15 42 61
15 43 35
15 44 38
15 45 37
15 46 25
15 47 58
15 48 60
15 49 20
15 50 26
15 51 53
15 52 61
15 53 62
15 54 24
15 55 16
15 56 31
15 57 8
15 58 39
15 59 49
15 60 0
15 61 31
15 62 38
15 63 30
15 64 66
15 65 42
15 66 64
15 67 15
15 68 38
15 69 22
15 70 33
15 71 47
15 72 52
15 73 48
15 74 47
15 75 50
15 76 61
15 77 53
15 78 52
15 79 21
15 80 56
15 81 79
15 82 31
15 83 15
15 84 35
15 85 42
15 86 67
15 87 67
15 88 62
15 89 42
15 90 47
15 91 67
15 92 32
15 93 21
15 94 60
15 95 56
15 96 62
15 97 9
15 98 23
15 99 51
16 17 76
16 18 33
16 19 48
16 20 41
16 21 60
16 22 12
16 23 56
16 24 58
16 25 28
16 26 37
16 27 22
16 28 29
16 29 18
16 30 59
16 31 41
16 32 66
16 33 50
16 34 40
16 35 20
16 36 53
16 37 29
16 38 75
16 39 59
16 40 58
16 41 47
16 42 32
16 43 65
16 44 53
16 45 73
16 46 66
16 47 37
16 48 41
16 49 31
16 50 28
16 51 52
16 52 20
16 53 46
16 54 20
16 55 53
16 56 63
16 57 46
16 58 17
16 59 8
16 60 42
16 61 60
16 62 46
16 63 12
16 64 37
16 65 46
16 66 30
16 67 45
16 68 53
16 69 34
16 70 55
16 71 45
16 72 11
16 73 83
16 74 26
16 75 42
16 76 36
16 77 16
16 78 14
16 79 60
16 80 42
16 81 39
16 82 65
16 83 55
16 84 25
16 85 58
16 86 57
16 87 28
16 88 43
16 89 17
16 90 16
16 91 41
16 92 15
16 93 32
16 94 37
16 95 58
16 96 57
16 97 33
16 98 54
16 99 33
17 18 103
17 19 38
17 20 37
17 21 35
17 22 87
17 23 91
17 24 19
17 25 93
17 26 49
17 27 92
17 28 51
17 29 59
17 30 93
17 31 117
17 32 18
17 33 71
17 34 116
17 35 92
17 36 54
17 37 103
17 38 8
17 39 47
17 40 38
17 41 66
17 42 100
17 43 17
17 44 37
17 45 4
17 46 17
17 47 76
17 48 100
17 49 46
17 50 51
17 51 58
17 52 96
17 53 75
17 54 57
17 55 45
17 56 15
17 57 42
17 58 78
17 59 85
17 60 39
17 61 20
17 62 44
17 63 66
17 64 88
17 65 48
17 66 89
17 67 50
17 68 37
17 69 62
17 70 65
17 71 56
17 72 87
17 73 9
17 74 87
17 75 62
17 76 100
17 77 90
17 78 89
17 79 40
17 80 69
17 81 115
17 82 12
17 83 38
17 84 59
17 85 36
17 86 74
17 87 104
17 88 77
17 89 81
17 90 75
17 91 86
17 92 71
17 93 60
17 94 100
17 95 56
17 96 66
17 97 47
17 98 52
17 99 91
18 19 68
18 20 66
18 21 92
18 22 21
18 23 83
18 24 84
18 25 48
18 26 56
18 27 11
18 28 61
18 29 49
18 30 86
18 31 28
18 32 95
18 33 51
18 34 37
18 35 13
18 36 63
18 37 36
18 38 100
18 39 72
18 40 90
18 41 51
18 42 5
18 43 94
18 44 85
18 45 100
18 46 89
18 47 67
18 48 17
18 49 61
18 50 59
18 51 85
18 52 24
18 53 77
18 54 49
18 55 68
18 56 92
18 57 65
18 58 25
18 59 27
18 60 64
18 61 90
18 62 79
18 63 38
18 64 63
18 65 79
18 66 54
18 67 59
18 68 85
18 69 45
18 70 59
18 71 78
18 72 25
18 73 110
18 74 18
18 75 74
18 76 9
18 77 18
18 78 20
18 79 76
18 80 74
18 81 26
18 82 93
18 83 73
18 84 58
18 85 90
18 86 88
18 87 17
18 88 74
18 89 22
18 90 47
18 91 69
18 92 32
18 93 45
18 94 12
18 95 91
18 96 90
18 97 56
18 98 65
18 99 18
19 20 12
19 21 47
19 22 56
19 23 85
19 24 23
19 25 72
19 26 12
19 27 58
19 28 35
19 29 35
19 30 87
19 31 87
19 32 39
19 33 33
19 34 88
19 35 59
19 36 19
19 37 77
19 38 33
19 39 17
19 40 48
19 41 29
19 42 64
19 43 37
19 44 43
19 45 36
19 46 22
19 47 65
19 48 63
19 49 27
19 50 33
19 51 59
19 52 67
19 53 69
19 54 30
19 55 10
19 56 32
19 57 3
19 58 43
19 59 55
19 60 7
19 61 34
19 62 44
19 63 36
19 64 73
19 65 48
19 66 71
19 67 13
19 68 43
19 69 24
19 70 30
19 71 53
19 72 58
19 73 46
19 74 51
19 75 57
19 76 64
19 77 58
19 78 57
19 79 14
19 80 62
19 81 85
19 82 32
19 83 8
19 84 42
19 85 46
19 86 74
19 87 72
19 88 69
19 89 47
19 90 54
19 91 74
19 92 37
19 93 23
19 94 63
19 95 62
19 96 69
19 97 16
19 98 18
19 99 54
20 21 37
20 22 51
20 23 73
20 24 19
20 25 63
20 26 14
20 27 55
20 28 24
20 29 26
20 30 76
20 31 81
20 32 33
20 33 41
20 34 81
20 35 55
20 36 29
20 37 70
20 38 34
20 39 29
20 40 38
20 41 36
20 42 63
20 43 31
20 44 32
20 45 35
20 46 25
20 47 54
20 48 63
20 49 15
20 50 22
20 51 48
20 52 61
20 53 57
20 54 22
20 55 22
20 56 27
20 57 13
20 58 41
20 59 49
20 60 5
20 61 27
20 62 33
20 63 30
20 64 62
20 65 36
20 66 61
20 67 21
20 68 32
20 69 27
20 70 39
20 71 42
20 72 51
20 73 45
20 74 50
20 75 45
20 76 63
20 77 54
20 78 52
20 79 26
20 80 51
20 81 79
20 82 28
20 83 19
20 84 31
20 85 36
20 86 62
20 87 67
20 88 57
20 89 44
20 90 44
20 91 63
20 92 33
20 93 24
20 94 63
20 95 51
20 96 57
20 97 9
20 98 29
20 99 54
21 22 72
21 23 57
21 24 29
21 25 67
21 26 51
21 27 80
21 28 31
21 29 43
21 30 58
21 31 98
21 32 18
21 33 78
21 34 93
21 35 79
21 36 66
21 37 80
21 38 40
21 39 64
21 40 3
21 41 73
21 42 90
21 43 18
21 44 7
21 45 32
21 46 40
21 47 45
21 48 95
21 49 32
21 50 32
21 51 23
21 52 77
21 53 41
21 54 43
21 55 58
21 56 23
21 57 50
21 58 69
21 59 67
21 60 43
21 61 17
21 62 14
21 63 54
21 64 58
21 65 16
21 66 61
21 67 58
21 68 7
21 69 62
21 70 76
21 71 23
21 72 70
21 73 36
21 74 79
21 75 30
21 76 92
21 77 76
21 78 73
21 79 58
21 80 36
21 81 96
21 82 26
21 83 52
21 84 35
21 85 2
21 86 39
21 87 87
21 88 44
21 89 71
21 90 52
21 91 54
21 92 61
21 93 60
21 94 92
21 95 21
21 96 31
21 97 43
21 98 65
21 99 85
22 23 63
22 24 68
22 25 30
22 26 44
22 27 11
22 28 41
22 29 30
22 30 66
22 31 31
22 32 78
22 33 51
22 34 32
22 35 9
22 36 57
22 37 24
22 38 85
22 39 65
22 40 70
22 41 49
22 42 22
22 43 77
22 44 65
22 45 84
22 46 76
22 47 46
22 48 33
22 49 43
22 50 40
22 51 64
22 52 12
22 53 56
22 54 31
22 55 59
22 56 75
22 57 54
22 58 16
22 59 6
22 60 51
22 61 72
22 62 59
22 63 21
22 64 43
22 65 58
22 66 35
22 67 51
22 68 65
22 69 38
22 70 58
22 71 57
22 72 5
22 73 94
22 74 20
22 75 53
22 76 26
22 77 4
22 78 2
22 79 67
22 80 53
22 81 28
22 82 77
22 83 62
22 84 37
22 85 70
22 86 67
22 87 16
22 88 53
22 89 14
22 90 25
22 91 49
22 92 19
22 93 37
22 94 27
22 95 69
22 96 68
22 97 42
22 98 59
22 99 26
23 24 78
23 25 37
23 26 80
23 27 74
23 28 50
23 29 54
23 30 3
23 31 72
23 32 74
23 33 102
23 34 62
23 35 72
23 36 98
23 37 52
23 38 94
23 39 102
23 40 54
23 41 98
23 42 85
23 43 74
23 44 54
23 45 88
23 46 91
23 47 21
23 48 96
23 49 58
23 50 52
23 51 34
23 52 59
23 53 16
23 54 59
23 55 94
23 56 77
23 57 85
23 58 73
23 59 57
23 60 78
23 61 71
23 62 47
23 63 62
23 64 21
23 65 43
23 66 29
23 67 90
23 68 54
23 69 84
23 70 105
23 71 36
23 72 59
23 73 93
23 74 82
23 75 29
23 76 89
23 77 67
23 78 65
23 79 99
23 80 23
23 81 71
23 82 80
23 83 92
23 84 43
23 85 56
23 86 20
23 87 69
23 88 16
23 89 73
23 90 40
23 91 15
23 92 69
23 93 81
23 94 91
23 95 37
23 96 28
23 97 71
23 98 99
23 99 88
24 25 76
24 26 31
24 27 74
24 28 33
24 29 41
24 30 80
24 31 98
24 32 16
24 33 56
24 34 97
24 35 73
24 36 41
24 37 85
24 38 18
24 39 37
24 40 30
24 41 51
24 42 81
24 43 15
24 44 27
24 45 16
24 46 13
24 47 61
24 48 82
24 49 27
24 50 33
24 51 47
24 52 77
24 53 62
24 54 38
24 55 32
24 56 10
24 57 26
24 58 59
24 59 66
24 60 22
24 61 12
24 62 32
24 63 47
24 64 72
24 65 36
24 66 72
24 67 35
24 68 27
24 69 44
24 70 52
24 71 43
24 72 68
24 73 26
24 74 68
24 75 49
24 76 82
24 77 71
24 78 70
24 79 31
24 80 55
24 81 96
24 82 9
24 83 26
24 84 41
24 85 28
24 86 63
24 87 85
24 88 63
24 89 62
24 90 57
24 91 71
24 92 52
24 93 43
24 94 81
24 95 48
24 96 56
24 97 28
24 98 40
24 99 73
25 26 62
25 27 40
25 28 42
25 29 37
25 30 40
25 31 36
25 32 79
25 33 77
25 34 28
25 35 38
25 36 79
25 37 16
25 38 94
25 39 85
25 40 64
25 41 74
25 42 50
25 43 78
25 44 61
25 45 90
25 46 86
25 47 26
25 48 62
25 49 49
25 50 43
25 51 50
25 52 23
25 53 35
25 54 42
25 55 78
25 56 79
25 57 71
25 58 44
25 59 25
25 60 65
25 61 74
25 62 53
25 63 38
25 64 16
25 65 51
25 66 8
25 67 72
25 68 61
25 69 61
25 70 83
25 71 46
25 72 25
25 73 98
25 74 50
25 75 39
25 76 54
25 77 32
25 78 31
25 79 86
25 80 36
25 81 35
25 82 81
25 83 79
25 84 35
25 85 65
25 86 47
25 87 32
25 88 31
25 89 42
25 90 19
25 91 23
25 92 43
25 93 59
25 94 56
25 95 56
25 96 51
25 97 56
25 98 81
25 99 55
26 27 46
26 28 31
26 29 27
26 30 82
26 31 75
26 32 46
26 33 27
26 34 76
26 35 47
26 36 19
26 37 66
26 38 44
26 39 23
26 40 51
26 41 22
26 42 52
26 43 45
26 44 45
26 45 47
26 46 34
26 47 59
26 48 51
26 49 23
26 50 28
26 51 58
26 52 55
26 53 65
26 54 22
26 55 16
26 56 40
26 57 10
26 58 31
26 59 44
26 60 10
26 61 41
26 62 44
26 63 25
26 64 66
26 65 47
26 66 62
26 67 10
26 68 45
26 69 13
26 70 27
26 71 51
26 72 46
26 73 57
26 74 39
26 75 54
26 76 52
26 77 46
26 78 45
26 79 23
26 80 58
26 81 73
26 82 41
26 83 18
26 84 36
26 85 49
26 86 71
26 87 60
26 88 64
26 89 34
26 90 45
26 91 67
26 92 25
26 93 11
26 94 51
26 95 62
26 96 67
26 97 9
26 98 20
26 99 42
27 28 49
27 29 37
27 30 77
27 31 31
27 32 84
27 33 46
27 34 36
27 35 2
27 36 56
27 37 31
27 38 89
27 39 65
27 40 79
27 41 45
27 42 11
27 43 83
27 44 73
27 45 90
27 46 79
27 47 57
27 48 22
27 49 50
27 50 48
27 51 74
27 52 18
27 53 67
27 54 38
27 55 59
27 56 81
27 57 56
27 58 15
27 59 17
27 60 54
27 61 78
27 62 67
27 63 27
27 64 54
27 65 68
27 66 46
27 67 51
27 68 73
27 69 37
27 70 54
27 71 67
27 72 16
27 73 100
27 74 12
27 75 63
27 76 15
27 77 8
27 78 10
27 79 68
27 80 64
27 81 29
27 82 82
27 83 64
27 84 47
27 85 78
27 86 78
27 87 17
27 88 63
27 89 12
27 90 36
27 91 59
27 92 22
27 93 37
27 94 17
27 95 79
27 96 79
27 97 46
27 98 58
27 99 16
28 29 12
28 30 53
28 31 69
28 32 38
28 33 56
28 34 65
28 35 48
28 36 49
28 37 53
28 38 51
28 39 52
28 40 29
28 41 51
28 42 59
28 43 37
28 44 24
28 45 47
28 46 45
28 47 30
28 48 65
28 49 8
28 50 2
28 51 29
28 52 48
28 53 34
28 54 13
28 55 44
28 56 37
28 57 35
28 58 39
28 59 37
28 60 28
28 61 33
28 62 18
28 63 23
28 64 39
28 65 20
28 66 39
28 67 40
28 68 24
28 69 38
28 70 57
28 71 22
28 72 39
28 73 56
28 74 49
28 75 23
28 76 61
28 77 45
28 78 43
28 79 49
28 80 28
28 81 67
28 82 39
28 83 42
28 84 8
28 85 29
28 86 41
28 87 56
28 88 34
28 89 41
28 90 24
28 91 39
28 92 31
28 93 35
28 94 62
28 95 34
28 96 37
28 97 22
28 98 50
28 99 55
29 30 57
29 31 58
29 32 48
29 33 48
29 34 56
29 35 36
29 36 45
29 37 44
29 38 58
29 39 49
29 40 41
29 41 44
29 42 47
29 43 47
29 44 36
29 45 56
29 46 50
29 47 34
29 48 53
29 49 14
29 50 11
29 51 40
29 52 37
29 53 40
29 54 5
29 55 42
29 56 46
29 57 34
29 58 26
29 59 26
29 60 28
29 61 43
29 62 31
29 63 11
29 64 39
29 65 31
29 66 36
29 67 36
29 68 36
29 69 30
29 70 51
29 71 32
29 72 28
29 73 66
29 74 37
29 75 31
29 76 49
29 77 33
29 78 31
29 79 49
29 80 35
29 81 56
29 82 48
29 83 42
29 84 12
29 85 41
29 86 49
29 87 45
29 88 39
29 89 29
29 90 19
29 91 41
29 92 20
29 93 27
29 94 50
29 95 45
29 96 47
29 97 19
29 98 46
29 99 43
30 31 75
30 32 75
30 33 105
30 34 65
30 35 75
30 36 101
30 37 55
30 38 96
30 39 104
30 40 55
30 41 101
30 42 88
30 43 75
30 44 55
30 45 89
30 46 93
30 47 23
30 48 99
30 49 61
30 50 54
30 51 35
30 52 62
30 53 19
30 54 61
30 55 97
30 56 78
30 57 88
30 58 76
30 59 60
30 60 80
30 61 73
30 62 49
30 63 65
30 64 24
30 65 45
30 66 32
30 67 92
30 68 55
30 69 87
30 70 108
30 71 37
30 72 62
30 73 94
30 74 85
30 75 31
30 76 92
30 77 70
30 78 68
30 79 102
30 80 25
30 81 74
30 82 82
30 83 95
30 84 46
30 85 57
30 86 20
30 87 72
30 88 19
30 89 76
30 90 43
30 91 18
30 92 72
30 93 84
30 94 94
30 95 38
30 96 28
30 97 74
30 98 102
30 99 91
31 32 106
31 33 77
31 34 12
31 35 29
31 36 86
31 37 20
31 38 116
31 39 95
31 40 96
31 41 76
31 42 32
31 43 105
31 44 91
31 45 114
31 46 106
31 47 62
31 48 45
31 49 72
31 50 68
31 51 85
31 52 21
31 53 71
31 54 61
31 55 89
31 56 104
31 57 84
31 58 45
31 59 33
31 60 82
31 61 101
31 62 84
31 63 51
31 64 53
31 65 83
31 66 44
31 67 81
31 68 91
31 69 67
31 70 85
31 71 79
31 72 30
31 73 124
31 74 43
31 75 74
31 76 37
31 77 29
31 78 29
31 79 97
31 80 71
31 81 2
31 82 106
31 83 93
31 84 63
31 85 96
31 86 83
31 87 15
31 88 68
31 89 41
31 90 47
31 91 59
31 92 50
31 93 66
31 94 39
31 95 91
31 96 87
31 97 73
31 98 88
31 99 45
32 33 72
32 34 103
32 35 84
32 36 57
32 37 91
32 38 23
32 39 53
32 40 20
32 41 67
32 42 93
32 43 2
32 44 20
32 45 14
32 46 25
32 47 60
32 48 95
32 49 35
32 50 38
32 51 40
32 52 85
32 53 58
32 54 47
32 55 48
32 56 7
32 57 42
32 58 71
32 59 74
32 60 37
32 61 6
32 62 27
32 63 57
32 64 72
32 65 31
32 66 74
32 67 51
32 68 20
32 69 59
32 70 68
32 71 38
32 72 77
32 73 20
32 74 81
32 75 45
32 76 94
32 77 81
32 78 79
32 79 47
32 80 52
32 81 104
32 82 9
32 83 42
32 84 45
32 85 18
32 86 56
32 87 94
32 88 60
32 89 74
32 90 62
32 91 69
32 92 63
32 93 57
32 94 94
32 95 39
32 96 48
32 97 41
32 98 56
32 99 86
33 34 82
33 35 48
33 36 17
33 37 75
33 38 64
33 39 26
33 40 78
33 41 5
33 42 46
33 43 70
33 44 73
33 45 69
33 46 54
33 47 82
33 48 38
33 49 50
33 50 54
33 51 85
33 52 62
33 53 89
33 54 44
33 55 26
33 56 66
33 57 30
33 58 35
33 59 54
33 60 36
33 61 67
33 62 71
33 63 41
33 64 85
33 65 74
33 66 80
33 67 21
33 68 73
33 69 18
33 70 9
33 71 78
33 72 55
33 73 79
33 74 34
33 75 79
33 76 44
33 77 51
33 78 51
33 79 32
33 80 83
33 81 75
33 82 65
33 83 33
33 84 60
33 85 77
33 86 97
33 87 63
33 88 87
33 89 37
33 90 63
33 91 88
33 92 35
33 93 21
33 94 42
33 95 89
33 96 93
33 97 36
33 98 19
33 99 33
34 35 34
34 36 90
34 37 13
34 38 114
34 39 97
34 40 91
34 41 80
34 42 41
34 43 102
34 44 87
34 45 112
34 46 106
34 47 54
34 48 54
34 49 70
34 50 65
34 51 78
34 52 21
34 53 63
34 54 60
34 55 91
34 56 102
34 57 86
34 58 48
34 59 32
34 60 82
34 61 98
34 62 79
34 63 52
34 64 43
34 65 77
34 66 36
34 67 84
34 68 87
34 69 70
34 70 90
34 71 73
34 72 30
34 73 121
34 74 49
34 75 67
34 76 45
34 77 32
34 78 32
34 79 99
34 80 64
34 81 12
34 82 104
34 83 94
34 84 59
34 85 91
34 86 74
34 87 20
34 88 59
34 89 45
34 90 42
34 91 50
34 92 52
34 93 69
34 94 48
34 95 84
34 96 79
34 97 73
34 98 92
34 99 52
35 36 57
35 37 29
35 38 89
35 39 65
35 40 77
35 41 47
35 42 13
35 43 83
35 44 72
35 45 89
35 46 80
35 47 55
35 48 24
35 49 49
35 50 47
35 51 72
35 52 16
35 53 65
35 54 37
35 55 60
35 56 80
35 57 56
35 58 16
35 59 15
35 60 54
35 61 78
35 62 66
35 63 26
35 64 51
35 65 66
35 66 43
35 67 52
35 68 72
35 69 38
35 70 56
35 71 65
35 72 13
35 73 99
35 74 14
35 75 62
35 76 17
35 77 5
35 78 7
35 79 68
35 80 62
35 81 27
35 82 82
35 83 64
35 84 45
35 85 77
35 86 76
35 87 15
35 88 61
35 89 12
35 90 34
35 91 57
35 92 22
35 93 37
35 94 19
35 95 78
35 96 77
35 97 46
35 98 59
35 99 19
36 37 81
36 38 47
36 39 9
36 40 66
36 41 14
36 42 59
36 43 56
36 44 61
36 45 53
36 46 37
36 47 78
36 48 53
36 49 42
36 50 47
36 51 76
36 52 69
36 53 83
36 54 40
36 55 9
36 56 50
36 57 16
36 58 42
36 59 58
36 60 23
36 61 52
36 62 61
36 63 41
36 64 84
36 65 65
36 66 80
36 67 9
36 68 61
36 69 19
36 70 11
36 71 70
36 72 60
36 73 62
36 74 45
36 75 72
36 76 57
36 77 58
36 78 58
36 79 15
36 80 77
36 81 84
36 82 49
36 83 16
36 84 55
36 85 64
36 86 90
36 87 72
36 88 82
36 89 45
36 90 63
36 91 86
36 92 38
36 93 21
36 94 55
36 95 79
36 96 85
36 97 28
36 98 2
36 99 46
37 38 103
37 39 88
37 40 78
37 41 73
37 42 39
37 43 90
37 44 74
37 45 100
37 46 94
37 47 42
37 48 52
37 49 58
37 50 53
37 51 66
37 52 13
37 53 51
37 54 48
37 55 82
37 56 89
37 57 75
37 58 40
37 59 22
37 60 71
37 61 85
37 62 66
37 63 41
37 64 32
37 65 65
37 66 24
37 67 74
37 68 74
37 69 62
37 70 82
37 71 60
37 72 21
37 73 109
37 74 43
37 75 54
37 76 44
37 77 25
37 78 24
37 79 89
37 80 52
37 81 19
37 82 92
37 83 84
37 84 46
37 85 79
37 86 63
37 87 19
37 88 47
37 89 38
37 90 29
37 91 39
37 92 43
37 93 60
37 94 46
37 95 71
37 96 67
37 97 62
37 98 83
37 99 48
38 39 40
38 40 43
38 41 60
38 42 96
38 43 22
38 44 41
38 45 9
38 46 11
38 47 78
38 48 95
38 49 45
38 50 51
38 51 61
38 52 95
38 53 78
38 54 55
38 55 39
38 56 18
38 57 36
38 58 75
38 59 83
38 60 35
38 61 23
38 62 47
38 63 64
38 64 89
38 65 51
38 66 90
38 67 45
38 68 41
38 69 57
38 70 58
38 71 59
38 72 85
38 73 16
38 74 83
38 75 65
38 76 96
38 77 88
38 78 87
38 79 33
38 80 71
38 81 113
38 82 15
38 83 32
38 84 59
38 85 40
38 86 78
38 87 102
38 88 79
38 89 78
38 90 75
38 91 88
38 92 68
38 93 56
38 94 95
38 95 61
38 96 70
38 97 43
38 98 46
38 99 87
39 40 65
39 41 23
39 42 68
39 43 51
39 44 60
39 45 47
39 46 31
39 47 81
39 48 63
39 49 44
39 50 50
39 51 77
39 52 77
39 53 86
39 54 45
39 55 7
39 56 46
39 57 16
39 58 50
39 59 66
39 60 24
39 61 49
39 62 61
39 63 48
39 64 89
39 65 65
39 66 85
39 67 14
39 68 60
39 69 28
39 70 19
39 71 71
39 72 68
39 73 56
39 74 54
39 75 74
39 76 66
39 77 66
39 78 66
39 79 7
39 80 79
39 81 93
39 82 44
39 83 11
39 84 58
39 85 63
39 86 91
39 87 80
39 88 85
39 89 53
39 90 68
39 91 90
39 92 46
39 93 28
39 94 64
39 95 79
39 96 86
39 97 31
39 98 7
39 99 56
40 41 73
40 42 88
40 43 21
40 44 6
40 45 35
40 46 42
40 47 42
40 48 94
40 49 31
40 50 31
40 51 20
40 52 75
40 53 38
40 54 42
40 55 58
40 56 25
40 57 50
40 58 67
40 59 65
40 60 43
40 61 20
40 62 12
40 63 52
40 64 55
40 65 13
40 66 58
40 67 59
40 68 6
40 69 62
40 70 77
40 71 20
40 72 68
40 73 39
40 74 78
40 75 27
40 76 91
40 77 74
40 78 72
40 79 60
40 80 33
40 81 94
40 82 28
40 83 53
40 84 33
40 85 3
40 86 36
40 87 85
40 88 41
40 89 70
40 90 49
40 91 51
40 92 60
40 93 59
40 94 91
40 95 18
40 96 28
40 97 43
40 98 66
40 99 84
41 42 46
41 43 66
41 44 68
41 45 65
41 46 50
41 47 77
41 48 40
41 49 45
41 50 49
41 51 80
41 52 60
41 53 84
41 54 40
41 55 22
41 56 61
41 57 25
41 58 32
41 59 51
41 60 31
41 61 62
41 62 66
41 63 37
41 64 81
41 65 69
41 66 76
41 67 16
41 68 68
41 69 14
41 70 9
41 71 73
41 72 52
41 73 75
41 74 33
41 75 74
41 76 44
41 77 49
41 78 49
41 79 29
41 80 78
41 81 74
41 82 60
41 83 29
41 84 56
41 85 72
41 86 92
41 87 62
41 88 82
41 89 35
41 90 59
41 91 84
41 92 31
41 93 16
41 94 42
41 95 84
41 96 88
41 97 31
41 98 16
41 99 34
42 43 92
42 44 83
42 45 97
42 46 86
42 47 68
42 48 14
42 49 59
42 50 58
42 51 84
42 52 27
42 53 77
42 54 47
42 55 64
42 56 89
42 57 61
42 58 22
42 59 28
42 60 61
42 61 87
42 62 78
42 63 36
42 64 64
42 65 78
42 66 56
42 67 55
42 68 83
42 69 41
42 70 55
42 71 77
42 72 26
42 73 107
42 74 14
42 75 74
42 76 5
42 77 18
42 78 20
42 79 72
42 80 74
42 81 31
42 82 90
42 83 69
42 84 57
42 85 88
42 86 89
42 87 21
42 88 74
42 89 19
42 90 47
42 91 70
42 92 30
42 93 41
42 94 7
42 95 90
42 96 89
42 97 53
42 98 61
42 99 13
43 44 20
43 45 14
43 46 24
43 47 60
43 48 94
43 49 33
43 50 37
43 51 40
43 52 84
43 53 58
43 54 46
43 55 47
43 56 6
43 57 40
43 58 70
43 59 73
43 60 35
43 61 5
43 62 27
43 63 56
43 64 72
43 65 31
43 66 73
43 67 50
43 68 20
43 69 58
43 70 67
43 71 39
43 72 76
43 73 20
43 74 80
43 75 45
43 76 93
43 77 80
43 78 78
43 79 45
43 80 52
43 81 103
43 82 8
43 83 40
43 84 44
43 85 18
43 86 57
43 87 93
43 88 60
43 89 73
43 90 61
43 91 69
43 92 62
43 93 56
43 94 93
43 95 39
43 96 49
43 97 39
43 98 55
43 99 84
44 45 34
44 46 39
44 47 40
44 48 88
44 49 25
44 50 25
44 51 21
44 52 71
44 53 38
44 54 36
44 55 53
44 56 23
44 57 45
44 58 62
44 59 60
44 60 38
44 61 17
44 62 8
44 63 47
44 64 53
44 65 11
44 66 55
44 67 53
44 68 0
44 69 56
44 70 71
44 71 19
44 72 63
44 73 39
44 74 73
44 75 26
44 76 85
44 77 69
44 78 67
44 79 55
44 80 32
44 81 90
44 82 26
44 83 49
44 84 29
44 85 5
44 86 37
44 87 80
44 88 40
44 89 64
44 90 45
44 91 49
44 92 55
44 93 54
44 94 86
44 95 21
44 96 30
44 97 37
44 98 61
44 99 78
45 46 16
45 47 73
45 48 98
45 49 42
45 50 47
45 51 54
45 52 93
45 53 71
45 54 53
45 55 44
45 56 11
45 57 40
45 58 75
45 59 81
45 60 37
45 61 16
45 62 41
45 63 63
45 64 84
45 65 45
45 66 85
45 67 49
45 68 34
45 69 59
45 70 64
45 71 52
45 72 84
45 73 10
45 74 84
45 75 59
45 76 98
45 77 87
45 78 86
45 79 40
45 80 65
45 81 112
45 82 8
45 83 37
45 84 55
45 85 32
45 86 70
45 87 101
45 88 73
45 89 78
45 90 72
45 91 82
45 92 68
45 93 58
45 94 97
45 95 53
45 96 63
45 97 44
45 98 51
45 99 88
46 47 73
46 48 85
46 49 37
46 50 44
46 51 59
46 52 86
46 53 74
46 54 46
46 55 28
46 56 18
46 57 26
46 58 64
46 59 74
46 60 25
46 61 23
46 62 44
46 63 55
46 64 84
46 65 49
46 66 83
46 67 34
46 68 39
46 69 46
46 70 48
46 71 56
46 72 76
46 73 25
46 74 73
46 75 61
46 76 86
46 77 78
46 78 77
46 79 24
46 80 67
46 81 104
46 82 16
46 83 21
46 84 53
46 85 40
46 86 76
46 87 92
46 88 75
46 89 68
46 90 68
46 91 83
46 92 58
46 93 45
46 94 85
46 95 60
46 96 69
46 97 34
46 98 36
46 99 76
47 48 78
47 49 39
47 50 32
47 51 25
47 52 45
47 53 10
47 54 38
47 55 74
47 56 62
47 57 65
47 58 54
47 59 40
47 60 58
47 61 56
47 62 33
47 63 41
47 64 12
47 65 29
47 66 18
47 67 69
47 68 40
47 69 63
47 70 85
47 71 22
47 72 42
47 73 80
47 74 63
47 75 15
47 76 71
47 77 50
47 78 47
47 79 80
47 80 11
47 81 60
47 82 65
47 83 73
47 84 23
47 85 44
47 86 22
47 87 55
47 88 7
47 89 54
47 90 21
47 91 9
47 92 49
47 93 61
47 94 73
47 95 31
47 96 25
47 97 51
47 98 79
47 99 69
48 49 63
48 50 63
48 51 92
48 52 40
48 53 87
48 54 52
48 55 60
48 56 90
48 57 59
48 58 27
48 59 39
48 60 61
48 61 89
48 62 83
48 63 42
48 64 76
48 65 84
48 66 68
48 67 52
48 68 88
48 69 39
48 70 47
48 71 85
48 72 38
48 73 108
48 74 16
48 75 82
48 76 9
48 77 30
48 78 32
48 79 68
48 80 84
48 81 44
48 82 91
48 83 66
48 84 64
48 85 93
48 86 98
48 87 35
48 88 84
48 89 25
48 90 57
48 91 81
48 92 34
48 93 40
48 94 6
48 95 97
48 96 98
48 97 55
48 98 55
48 99 10
49 50 7
49 51 35
49 52 51
49 53 42
49 54 12
49 55 36
49 56 32
49 57 27
49 58 37
49 59 40
49 60 20
49 61 29
49 62 22
49 63 23
49 64 47
49 65 24
49 66 46
49 67 33
49 68 25
49 69 33
49 70 50
49 71 28
49 72 42
49 73 52
49 74 48
49 75 31
49 76 61
49 77 46
49 78 45
49 79 41
49 80 36
49 81 70
49 82 34
49 83 34
49 84 16
49 85 30
49 86 48
49 87 59
49 88 42
49 89 40
49 90 31
49 91 47
49 92 30
49 93 30
49 94 61
49 95 39
49 96 44
49 97 14
49 98 42
49 99 53
50 51 31
50 52 47
50 53 36
50 54 11
50 55 42
50 56 37
50 57 33
50 58 37
50 59 36
50 60 26
50 61 33
50 62 20
50 63 22
50 64 41
50 65 22
50 66 40
50 67 38
50 68 25
50 69 36
50 70 55
50 71 24
50 72 38
50 73 56
50 74 48
50 75 25
50 76 60
50 77 44
50 78 42
50 79 48
50 80 30
50 81 66
50 82 39
50 83 41
50 84 9
50 85 30
50 86 43
50 87 56
50 88 36
50 89 39
50 90 25
50 91 41
50 92 29
50 93 33
50 94 60
50 95 36
50 96 39
50 97 19
50 98 48
50 99 53
51 52 66
51 53 19
51 54 42
51 55 70
51 56 44
51 57 61
51 58 66
51 59 58
51 60 53
51 61 38
51 62 16
51 63 51
51 64 38
51 65 12
51 66 43
51 67 68
51 68 20
51 69 67
51 70 85
51 71 7
51 72 60
51 73 59
51 74 76
51 75 11
51 76 87
51 77 67
51 78 65
51 79 73
51 80 15
51 81 83
51 82 47
51 83 66
51 84 28
51 85 22
51 86 17
51 87 76
51 88 22
51 89 67
51 90 39
51 91 33
51 92 59
51 93 64
51 94 88
51 95 6
51 96 10
51 97 49
51 98 76
51 99 82
52 53 55
52 54 40
52 55 70
52 56 83
52 57 65
52 58 28
52 59 12
52 60 61
52 61 80
52 62 64
52 63 31
52 64 39
52 65 63
52 66 30
52 67 63
52 68 71
52 69 50
52 70 69
52 71 60
52 72 9
52 73 103
52 74 30
52 75 55
52 76 31
52 77 12
52 78 11
52 79 79
52 80 53
52 81 19
52 82 85
52 83 73
52 84 42
52 85 76
52 86 66
52 87 10
52 88 51
52 89 25
52 90 27
52 91 45
52 92 31
52 93 48
52 94 34
52 95 72
52 96 69
52 97 52
52 98 71
52 99 35
53 54 44
53 55 79
53 56 60
53 57 70
53 58 63
53 59 50
53 60 62
53 61 55
53 62 31
53 63 50
53 64 20
53 65 27
53 66 27
53 67 75
53 68 38
53 69 70
53 70 91
53 71 19
53 72 52
53 73 77
53 74 72
53 75 13
53 76 81
53 77 60
53 78 57
53 79 83
53 80 7
53 81 70
53 82 64
53 83 77
53 84 28
53 85 40
53 86 12
53 87 65
53 88 4
53 89 63
53 90 31
53 91 14
53 92 58
53 93 68
53 94 83
53 95 24
53 96 16
53 97 56
53 98 84
53 99 79
54 55 37
54 56 44
54 57 29
54 58 26
54 59 28
54 60 24
54 61 41
54 62 32
54 63 11
54 64 44
54 65 33
54 66 41
54 67 32
54 68 36
54 69 26
54 70 47
54 71 35
54 72 31
54 73 63
54 74 36
54 75 35
54 76 49
54 77 34
54 78 33
54 79 44
54 80 38
54 81 59
54 82 45
54 83 38
54 84 16
54 85 41
54 86 53
54 87 48
54 88 43
54 89 28
54 90 24
54 91 46
54 92 18
54 93 23
54 94 49
54 95 47
54 96 50
54 97 15
54 98 41
54 99 42
55 56 41
55 57 9
55 58 44
55 59 59
55 60 17
55 61 44
55 62 54
55 63 41
55 64 81
55 65 58
55 66 78
55 67 8
55 68 53
55 69 23
55 70 20
55 71 63
55 72 61
55 73 53
55 74 50
55 75 67
55 76 62
55 77 61
55 78 60
55 79 8
55 80 72
55 81 87
55 82 40
55 83 7
55 84 51
55 85 56
55 86 84
55 87 75
55 88 78
55 89 48
55 90 61
55 91 83
55 92 40
55 93 23
55 94 61
55 95 72
55 96 79
55 97 23
55 98 8
55 99 52
56 57 35
56 58 67
56 59 71
56 60 31
56 61 6
56 62 30
56 63 54
56 64 73
56 65 34
56 66 74
56 67 45
56 68 23
56 69 53
56 70 62
56 71 41
56 72 74
56 73 20
56 74 76
56 75 48
56 76 90
56 77 78
56 78 76
56 79 40
56 80 54
56 81 102
56 82 3
56 83 35
56 84 44
56 85 23
56 86 60
56 87 91
56 88 62
56 89 70
56 90 61
56 91 71
56 92 59
56 93 51
56 94 89
56 95 43
56 96 53
56 97 36
56 98 49
56 99 81
57 58 41
57 59 53
57 60 8
57 61 37
57 62 46
57 63 34
57 64 73
57 65 49
57 66 70
57 67 9
57 68 45
57 69 21
57 70 27
57 71 55
57 72 55
57 73 50
57 74 48
57 75 58
57 76 61
57 77 56
57 78 55
57 79 15
57 80 63
57 81 82
57 82 35
57 83 9
57 84 42
57 85 48
57 86 75
57 87 70
57 88 69
57 89 44
57 90 53
57 91 74
57 92 35
57 93 20
57 94 60
57 95 64
57 96 70
57 97 15
57 98 16
57 99 51
58 59 19
58 60 39
58 61 65
58 62 57
58 63 15
58 64 54
58 65 58
58 66 47
58 67 36
58 68 62
58 69 22
58 70 42
58 71 58
58 72 20
58 73 85
58 74 11
58 75 56
58 76 23
58 77 17
58 78 17
58 79 53
58 80 58
58 81 43
58 82 68
58 83 49
58 84 38
58 85 67
58 86 73
58 87 30
58 88 60
58 89 3
58 90 33
58 91 58
58 92 8
58 93 22
58 94 24
58 95 71
58 96 72
58 97 31
58 98 44
58 99 17
59 60 50
59 61 68
59 62 54
59 63 19
59 64 37
59 65 53
59 66 29
59 67 52
59 68 60
59 69 39
59 70 60
59 71 51
59 72 3
59 73 91
59 74 25
59 75 47
59 76 32
59 77 10
59 78 8
59 79 67
59 80 47
59 81 31
59 82 73
59 83 62
59 84 32
59 85 65
59 86 61
59 87 20
59 88 46
59 89 18
59 90 19
59 91 42
59 92 20
59 93 38
59 94 33
59 95 64
59 96 62
59 97 40
59 98 60
59 99 31
60 61 31
60 62 38
60 63 30
60 64 66
60 65 42
60 66 64
60 67 15
60 68 38
60 69 23
60 70 34
60 71 47
60 72 52
60 73 47
60 74 48
60 75 50
60 76 61
60 77 53
60 78 52
60 79 21
60 80 55
60 81 79
60 82 31
60 83 15
60 84 35
60 85 41
60 86 67
60 87 67
60 88 62
60 89 43
60 90 47
60 91 67
60 92 33
60 93 21
60 94 60
60 95 56
60 96 62
60 97 9
60 98 23
60 99 51
61 62 24
61 63 52
61 64 68
61 65 28
61 66 70
61 67 46
61 68 18
61 69 53
61 70 63
61 71 36
61 72 71
61 73 24
61 74 75
61 75 42
61 76 88
61 77 75
61 78 74
61 79 43
61 80 48
61 81 99
61 82 9
61 83 37
61 84 40
61 85 17
61 86 55
61 87 88
61 88 57
61 89 68
61 90 57
61 91 66
61 92 57
61 93 51
61 94 88
61 95 38
61 96 47
61 97 35
61 98 51
61 99 80
62 63 42
62 64 45
62 65 4
62 66 47
62 67 53
62 68 8
62 69 54
62 70 71
62 71 12
62 72 56
62 73 47
62 74 68
62 75 18
62 76 80
62 77 62
62 78 60
62 79 57
62 80 24
62 81 82
62 82 33
62 83 51
62 84 21
62 85 12
62 86 32
62 87 73
62 88 32
62 89 59
62 90 38
62 91 42
62 92 50
62 93 51
62 94 80
62 95 18
62 96 25
62 97 35
62 98 61
62 99 74
63 64 44
63 65 43
63 66 39
63 67 34
63 68 47
63 69 23
63 70 45
63 71 43
63 72 22
63 73 73
63 74 26
63 75 42
63 76 38
63 77 24
63 78 22
63 79 49
63 80 44
63 81 49
63 82 56
63 83 43
63 84 23
63 85 52
63 86 59
63 87 38
63 88 47
63 89 17
63 90 23
63 91 48
63 92 8
63 93 21
63 94 39
63 95 56
63 96 58
63 97 21
63 98 43
63 99 32
64 65 41
64 66 8
64 67 76
64 68 52
64 69 68
64 70 89
64 71 35
64 72 38
64 73 92
64 74 62
64 75 28
64 76 68
64 77 46
64 78 44
64 79 87
64 80 23
64 81 51
64 82 76
64 83 81
64 84 31
64 85 56
64 86 31
64 87 48
64 88 16
64 89 53
64 90 22
64 91 7
64 92 51
64 93 65
64 94 70
64 95 43
64 96 36
64 97 58
64 98 85
64 99 68
65 66 45
65 67 56
65 68 11
65 69 57
65 70 74
65 71 7
65 72 56
65 73 51
65 74 69
65 75 14
65 76 81
65 77 62
65 78 60
65 79 61
65 80 20
65 81 81
65 82 37
65 83 54
65 84 21
65 85 15
65 86 27
65 87 72
65 88 28
65 89 60
65 90 36
65 91 38
65 92 51
65 93 54
65 94 81
65 95 15
65 96 21
65 97 38
65 98 65
65 99 75
66 67 72
66 68 55
66 69 63
66 70 84
66 71 39
66 72 30
66 73 93
66 74 55
66 75 32
66 76 60
66 77 38
66 78 36
66 79 85
66 80 28
66 81 43
66 82 77
66 83 78
66 84 31
66 85 59
66 86 39
66 87 40
66 88 23
66 89 46
66 90 17
66 91 15
66 92 45
66 93 60
66 94 62
66 95 49
66 96 43
66 97 55
66 98 81
66 99 60
67 68 53
67 69 14
67 70 18
67 71 61
67 72 53
67 73 59
67 74 42
67 75 63
67 76 54
67 77 53
67 78 52
67 79 17
67 80 68
67 81 79
67 82 44
67 83 14
67 84 46
67 85 57
67 86 81
67 87 66
67 88 74
67 89 40
67 90 55
67 91 77
67 92 32
67 93 15
67 94 53
67 95 71
67 96 77
67 97 19
67 98 10
67 99 44
68 69 56
68 70 71
68 71 18
68 72 63
68 73 40
68 74 73
68 75 25
68 76 85
68 77 69
68 78 67
68 79 55
68 80 31
68 81 89
68 82 26
68 83 49
68 84 28
68 85 5
68 86 37
68 87 80
68 88 40
68 89 64
68 90 45
68 91 49
68 92 54
68 93 54
68 94 86
68 95 21
68 96 30
68 97 37
68 98 61
68 99 78
69 70 22
69 71 60
69 72 41
69 73 70
69 74 27
69 75 61
69 76 40
69 77 39
69 78 39
69 79 31
69 80 64
69 81 65
69 82 54
69 83 28
69 84 42
69 85 61
69 86 78
69 87 53
69 88 69
69 89 26
69 90 46
69 91 71
69 92 19
69 93 3
69 94 39
69 95 71
69 96 75
69 97 19
69 98 21
69 99 30
70 71 78
70 72 61
70 73 73
70 74 42
70 75 80
70 76 52
70 77 58
70 78 58
70 79 25
70 80 85
70 81 83
70 82 61
70 83 27
70 84 62
70 85 75
70 86 98
70 87 71
70 88 90
70 89 44
70 90 68
70 91 92
70 92 40
70 93 24
70 94 50
70 95 89
70 96 94
70 97 36
70 98 13
70 99 42
71 72 53
71 73 58
71 74 69
71 75 7
71 76 80
71 77 61
71 78 58
71 79 67
71 80 13
71 81 77
71 82 44
71 83 60
71 84 20
71 85 22
71 86 21
71 87 70
71 88 21
71 89 60
71 90 33
71 91 31
71 92 52
71 93 57
71 94 81
71 95 13
71 96 16
71 97 42
71 98 70
71 99 75
72 73 94
72 74 25
72 75 49
72 76 30
72 77 8
72 78 6
72 79 69
72 80 49
72 81 28
72 82 76
72 83 64
72 84 35
72 85 68
72 86 63
72 87 17
72 88 48
72 89 18
72 90 21
72 91 44
72 92 22
72 93 39
72 94 32
72 95 66
72 96 64
72 97 43
72 98 62
72 99 31
73 74 95
73 75 65
73 76 108
73 77 97
73 78 96
73 79 49
73 80 71
73 81 122
73 82 18
73 83 46
73 84 64
73 85 37
73 86 75
73 87 111
73 88 79
73 89 89
73 90 81
73 91 89
73 92 78
73 93 68
73 94 107
73 95 57
73 96 67
73 97 54
73 98 61
73 99 99
74 75 67
74 76 13
74 77 18
74 78 20
74 79 58
74 80 68
74 81 41
74 82 77
74 83 55
74 84 49
74 85 78
74 86 83
74 87 29
74 88 70
74 89 9
74 90 42
74 91 67
74 92 18
74 93 28
74 94 13
74 95 82
74 96 83
74 97 41
74 98 47
74 99 6
75 76 77
75 77 57
75 78 55
75 79 71
75 80 6
75 81 72
75 82 51
75 83 64
75 84 19
75 85 29
75 86 18
75 87 65
75 88 14
75 89 58
75 90 28
75 91 24
75 92 50
75 93 58
75 94 78
75 95 17
75 96 16
75 97 45
75 98 73
75 99 73
76 77 22
76 78 24
76 79 71
76 80 78
76 81 35
76 82 91
76 83 68
76 84 60
76 85 90
76 86 92
76 87 26
76 88 78
76 89 21
76 90 51
76 91 74
76 92 31
76 93 41
76 94 3
76 95 93
76 96 93
76 97 54
76 98 59
76 99 11
77 78 2
77 79 69
77 80 57
77 81 26
77 82 80
77 83 64
77 84 41
77 85 74
77 86 71
77 87 14
77 88 56
77 89 14
77 90 29
77 91 52
77 92 21
77 93 38
77 94 24
77 95 73
77 96 72
77 97 45
77 98 60
77 99 23
78 79 68
78 80 55
78 81 27
78 82 78
78 83 63
78 84 39
78 85 72
78 86 69
78 87 15
78 88 54
78 89 14
78 90 27
78 91 50
78 92 20
78 93 38
78 94 26
78 95 71
78 96 70
78 97 43
78 98 60
78 99 25
79 80 76
79 81 95
79 82 38
79 83 7
79 84 57
79 85 57
79 86 88
79 87 83
79 88 83
79 89 56
79 90 68
79 91 88
79 92 48
79 93 31
79 94 69
79 95 75
79 96 82
79 97 30
79 98 13
79 99 60
80 81 70
80 82 57
80 83 70
80 84 22
80 85 35
80 86 15
80 87 64
80 88 8
80 89 59
80 90 28
80 91 18
80 92 53
80 93 62
80 94 79
80 95 20
80 96 16
80 97 49
80 98 77
80 99 75
81 82 104
81 83 91
81 84 61
81 85 94
81 86 82
81 87 12
81 88 66
81 89 39
81 90 45
81 91 58
81 92 48
81 93 64
81 94 38
81 95 89
81 96 85
81 97 71
81 98 86
81 99 43
82 83 34
82 84 47
82 85 26
82 86 63
82 87 93
82 88 65
82 89 71
82 90 63
82 91 74
82 92 61
82 93 52
82 94 90
82 95 46
82 96 56
82 97 37
82 98 48
82 99 82
83 84 50
83 85 51
83 86 81
83 87 78
83 88 76
83 89 52
83 90 61
83 91 82
83 92 43
83 93 27
83 94 67
83 95 68
83 96 75
83 97 23
83 98 15
83 99 58
84 85 33
84 86 36
84 87 52
84 88 27
84 89 40
84 90 17
84 91 32
84 92 32
84 93 39
84 94 61
84 95 33
84 96 34
84 97 28
84 98 56
84 99 55
85 86 38
85 87 85
85 88 43
85 89 69
85 90 50
85 91 53
85 92 59
85 93 58
85 94 91
85 95 21
85 96 30
85 97 41
85 98 64
85 99 83
86 87 77
86 88 15
86 89 74
86 90 42
86 91 25
86 92 67
86 93 76
86 94 94
86 95 18
86 96 8
86 97 62
86 98 90
86 99 89
87 88 61
87 89 27
87 90 37
87 91 55
87 92 35
87 93 52
87 94 29
87 95 82
87 96 79
87 97 59
87 98 74
87 99 32
88 89 60
88 90 28
88 91 11
88 92 55
88 93 66
88 94 80
88 95 27
88 96 20
88 97 55
88 98 83
88 99 76
89 90 33
89 91 58
89 92 11
89 93 25
89 94 21
89 95 73
89 96 73
89 97 35
89 98 47
89 99 16
90 91 26
90 92 29
90 93 43
90 94 52
90 95 45
90 96 43
90 97 38
90 98 64
90 99 48
91 92 55
91 93 68
91 94 76
91 95 38
91 96 31
91 97 59
91 98 87
91 99 73
92 93 18
92 94 31
92 95 64
92 96 66
92 97 24
92 98 40
92 99 24
93 94 40
93 95 68
93 96 72
93 97 17
93 98 23
93 99 31
94 95 94
94 96 94
94 97 54
94 98 57
94 99 9
95 96 10
95 97 53
95 98 79
95 99 88
96 97 58
96 98 85
96 99 89
97 98 28
97 99 45
98 99 49
0 8 4
0 9 50
0 10 35
0 16 34
0 18 62
0 24 23
0 30 68
0 31 75
0 33 44
0 35 50
0 42 59
0 46 32
0 50 13
0 53 49
0 54 14
0 64 54
0 66 52
0 69 28
0 74 47
0 78 47
0 79 34
0 89 40
0 95 45
0 97 9
0 98 35
1 5 32
1 9 64
1 11 39
1 13 68
1 15 17
1 17 24
1 18 79
1 22 63
1 24 6
1 25 72
1 33 51
1 35 68
1 40 32
1 41 46
1 43 19
1 48 76
1 50 29
1 54 33
1 56 15
1 60 16
1 62 31
1 63 42
1 64 69
1 67 30
1 68 28
1 73 32
1 74 63
1 79 28
1 82 15
1 88 61
1 89 57
1 91 68
1 95 48
2 7 47
2 12 20
2 20 73
2 22 41
2 23 31
2 28 51
2 30 34
2 32 86
2 34 31
2 35 49
2 36 91
2 41 86
2 42 60
2 43 86
2 46 96
2 49 58
2 50 52
2 56 86
2 62 59
2 67 83
2 69 73
2 70 95
2 71 50
2 73 105
2 74 61
2 78 42
2 86 46
2 91 21
2 92 55
2 96 51
3 5 91
3 9 68
3 13 61
3 14 17
3 17 96
3 23 33
3 25 5
3 26 67
3 28 45
3 29 41
3 33 83
3 34 30
3 50 46
3 58 49
3 60 69
3 63 43
3 69 66
3 71 46
3 72 30
3 74 55
3 77 38
3 80 35
3 82 84
3 86 44
3 87 37
3 88 30
3 91 20
3 92 48
3 93 64
3 95 55
3 97 60
3 98 86
4 5 54
4 14 41
4 19 48
4 24 65
4 28 46
4 30 83
4 36 43
4 38 80
4 39 52
4 41 32
4 43 76
4 45 81
4 46 70
4 51 73
4 53 70
4 57 45
4 59 24
4 60 45
4 61 72
4 62 65
4 64 60
4 65 66
4 71 66
4 78 19
4 82 74
4 86 80
4 90 40
4 92 15
4 97 37
4 99 9
5 8 36
5 9 51
5 11 68
5 17 44
5 18 74
5 24 35
5 26 24
5 31 96
5 35 67
5 40 63
5 43 49
5 45 44
5 48 65
5 49 43
5 51 76
5 69 29
5 71 70
5 73 53
5 85 61
5 89 55
5 91 90
5 92 47
5 93 30
5 96 85
5 98 10
6 7 63
6 8 35
6 9 81
6 14 70
6 15 42
6 19 47
6 21 6
6 27 76
6 29 38
6 32 22
6 37 75
6 40 3
6 47 39
6 49 28
6 52 72
6 53 36
6 55 57
6 56 26
6 62 9
6 66 55
6 67 57
6 71 17
6 75 24
6 78 69
6 82 29
6 83 53
6 86 34
6 98 65
7 9 28
7 21 67
7 23 66
7 24 61
7 25 35
7 27 13
7 40 66
7 41 40
7 43 71
7 50 35
7 51 62
7 58 8
7 59 11
7 64 46
7 66 39
7 67 43
7 69 29
7 75 52
7 79 59
7 81 37
7 82 70
7 83 54
7 86 67
7 87 24
8 9 47
8 13 49
8 17 46
8 18 58
8 19 20
8 29 15
8 37 59
8 43 36
8 46 35
8 48 58
8 55 29
8 62 29
8 64 53
8 75 38
8 76 57
8 77 45
8 78 43
8 79 35
8 80 43
8 81 70
8 83 28
8 84 22
8 87 58
8 93 22
8 95 47
9 11 77
9 12 58
9 19 49
9 20 51
9 28 56
9 33 24
9 36 39
9 37 57
9 41 25
9 48 14
9 50 54
9 51 85
9 54 43
9 57 45
9 61 77
9 63 34
9 65 76
9 68 78
9 71 77
9 74 13
9 75 76
9 77 32
9 78 33
9 80 78
9 81 52
9 84 57
9 93 27
9 96 92
10 13 87
10 15 37
10 23 75
10 27 85
10 32 2
10 33 72
10 34 104
10 39 52
10 40 22
10 42 94
10 46 24
10 47 61
10 55 48
10 56 6
10 60 37
10 65 33
10 67 51
10 79 46
10 83 41
10 85 20
10 86 58
10 89 74
10 92 64
10 95 40
11 22 57
11 23 38
11 32 36
11 35 66
11 36 68
11 38 56
11 41 71
11 42 77
11 49 27
11 51 8
11 52 61
11 53 22
11 63 43
11 64 37
11 65 5
11 66 41
11 67 59
11 71 3
11 80 16
11 83 58
11 88 24
11 92 51
11 93 56
11 97 41
11 98 68
12 13 53
12 17 83
12 21 57
12 22 27
12 23 36
12 28 32
12 33 70
12 36 71
12 37 24
12 39 76
12 43 68
12 51 42
12 62 43
12 65 41
12 67 63
12 73 88
12 75 31
12 80 29
12 82 71
12 88 26
12 89 38
12 91 21
12 93 51
12 94 55
12 97 46
13 18 17
13 21 86
13 26 43
13 27 16
13 30 92
13 31 44
13 32 86
13 37 48
13 43 85
13 46 77
13 50 54
13 51 83
13 52 35
13 56 82
13 58 17
13 69 31
13 70 42
13 73 99
13 85 84
13 86 90
13 91 74
13 98 49
13 99 1
14 19 73
14 21 76
14 26 63
14 28 48
14 29 40
14 32 86
14 34 17
14 35 28
14 36 78
14 38 98
14 44 70
14 47 38
14 48 52
14 49 54
14 50 48
14 51 61
14 56 85
14 61 81
14 65 60
14 66 21
14 67 71
14 68 70
14 71 56
14 73 105
14 74 42
14 77 24
14 81 23
14 86 59
14 87 20
14 88 44
14 91 36
14 94 46
14 95 67
14 98 80
14 99 47
15 17 40
15 22 51
15 25 65
15 29 28
15 30 81
15 34 82
15 37 71
15 38 36
15 47 58
15 48 60
15 49 20
15 55 16
15 58 39
15 59 49
15 60 0
15 61 31
15 63 30
15 64 66
15 69 22
15 70 33
15 79 21
15 84 35
15 85 42
15 86 67
15 90 47
15 91 67
15 99 51
16 18 33
16 20 41
16 23 56
16 27 22
16 31 41
16 41 47
16 44 53
16 48 41
16 57 46
16 58 17
16 61 60
16 62 46
16 64 37
16 68 53
16 71 45
16 74 26
16 79 60
16 80 42
16 82 65
16 87 28
16 93 32
16 94 37
16 95 58
17 18 103
17 26 49
17 28 51
17 33 71
17 35 92
17 40 38
17 54 57
17 59 85
17 60 39
17 62 44
17 65 48
17 66 89
17 69 62
17 75 62
17 79 40
17 80 69
17 83 38
17 90 75
17 96 66
17 97 47
18 21 92
18 22 21
18 23 83
18 24 84
18 31 28
18 33 51
18 42 5
18 47 67
18 59 27
18 62 79
18 75 74
18 80 74
18 81 26
18 82 93
18 87 17
18 91 69
18 92 32
18 93 45
18 97 56
19 21 47
19 23 85
19 26 12
19 28 35
19 29 35
19 31 87
19 35 59
19 39 17
19 41 29
19 47 65
19 50 33
19 53 69
19 54 30
19 55 10
19 56 32
19 57 3
19 62 44
19 75 57
19 77 58
19 78 57
19 79 14
19 80 62
19 84 42
19 85 46
19 87 72
19 88 69
19 89 47
19 93 23
19 96 69
19 97 16
20 27 55
20 28 24
20 31 81
20 35 55
20 36 29
20 37 70
20 38 34
20 41 36
20 46 25
20 50 22
20 53 57
20 55 22
20 58 41
20 61 27
20 70 39
20 74 50
20 75 45
20 79 26
20 81 79
20 84 31
20 88 57
20 94 63
20 96 57
20 97 9
20 99 54
21 22 72
21 29 43
21 30 58
21 33 78
21 36 66
21 37 80
21 40 3
21 42 90
21 44 7
21 45 32
21 50 32
21 55 58
21 59 67
21 60 43
21 61 17
21 70 76
21 74 79
21 75 30
21 80 36
21 85 2
21 87 87
21 94 92
22 23 63
22 25 30
22 27 11
22 29 30
22 31 31
22 33 51
22 34 32
22 38 85
22 39 65
22 40 70
22 43 77
22 48 33
22 49 43
22 53 56
22 56 75
22 58 16
22 59 6
22 62 59
22 66 35
22 67 51
22 71 57
22 73 94
22 74 20
22 75 53
22 78 2
22 80 53
22 83 62
22 87 16
22 88 53
22 95 69
22 96 68
23 24 78
23 34 62
23 35 72
23 41 98
23 42 85
23 49 58
23 50 52
23 51 34
23 53 16
23 54 59
23 55 94
23 62 47
23 63 62
23 65 43
23 66 29
23 67 90
23 68 54
23 69 84
23 71 36
23 73 93
23 75 29
23 76 89
23 77 67
23 79 99
23 83 92
23 86 20
23 88 16
23 89 73
23 90 40
23 91 15
23 95 37
23 96 28
23 97 71
24 25 76
24 26 31
24 27 74
24 33 56
24 35 73
24 38 18
24 40 30
24 49 27
24 51 47
24 56 10
24 60 22
24 61 12
24 63 47
24 64 72
24 67 35
24 68 27
24 69 44
24 70 52
24 71 43
24 73 26
24 76 82
24 77 71
24 79 31
24 80 55
24 85 28
24 87 85
24 89 62
24 90 57
24 96 56
24 98 40
24 99 73
25 27 40
25 28 42
25 31 36
25 32 79
25 36 79
25 49 49
25 52 23
25 55 78
25 60 65
25 64 16
25 71 46
25 78 31
25 81 35
25 82 81
25 88 31
25 90 19
25 91 23
25 93 59
25 94 56
26 27 46
26 28 31
26 31 75
26 34 76
26 41 22
26 42 52
26 45 47
26 50 28
26 51 58
26 52 55
26 55 16
26 57 10
26 58 31
26 61 41
26 62 44
26 64 66
26 65 47
26 68 45
26 83 18
26 89 34
26 92 25
26 94 51
27 28 49
27 29 37
27 30 77
27 33 46
27 34 36
27 39 65
27 42 11
27 43 83
27 45 90
27 46 79
27 48 22
27 49 50
27 54 38
27 59 17
27 61 78
27 65 68
27 76 15
27 77 8
27 81 29
27 82 82
27 83 64
27 87 17
27 90 36
28 32 38
28 33 56
28 37 53
28 40 29
28 49 8
28 54 13
28 57 35
28 58 39
28 60 28
28 64 39
28 65 20
28 68 24
28 71 22
28 72 39
28 75 23
28 81 67
28 85 29
28 86 41
28 88 34
28 90 24
28 93 35
28 98 50
28 99 55
29 30 57
29 33 48
29 42 47
29 43 47
29 45 56
29 51 40
29 52 37
29 55 42
29 56 46
29 57 34
29 59 26
29 60 28
29 63 11
29 66 36
29 72 28
29 74 37
29 77 33
29 78 31
29 83 42
29 92 20
29 94 50
29 97 19
29 99 43
30 31 75
30 33 105
30 38 96
30 45 89
30 46 93
30 54 61
30 59 60
30 67 92
30 68 55
30 77 70
30 79 102
30 80 25
30 82 82
30 84 46
30 85 57
30 89 76
30 93 84
30 95 38
30 98 102
31 32 106
31 39 95
31 40 96
31 41 76
31 48 45
31 51 85
31 53 71
31 55 89
31 56 104
31 59 33
31 61 101
31 62 84
31 63 51
31 76 37
31 83 93
31 85 96
31 89 41
31 90 47
31 96 87
31 98 88
32 33 72
32 38 23
32 39 53
32 42 93
32 43 2
32 44 20
32 46 25
32 54 47
32 58 71
32 62 27
32 65 31
32 72 77
32 77 81
32 84 45
32 86 56
32 91 69
32 95 39
32 98 56
33 36 17
33 37 75
33 53 89
33 54 44
33 55 26
33 60 36
33 62 71
33 65 74
33 68 73
33 72 55
33 73 79
33 78 51
33 79 32
33 82 65
33 83 33
33 84 60
33 85 77
33 90 63
33 97 36
33 98 19
33 99 33
34 35 34
34 38 114
34 40 91
34 43 102
34 44 87
34 47 54
34 49 70
34 50 65
34 52 21
34 55 91
34 57 86
34 62 79
34 66 36
34 67 84
34 85 91
34 86 74
34 92 52
34 99 52
35 47 55
35 50 47
35 54 37
35 55 60
35 58 16
35 61 78
35 65 66
35 66 43
35 70 56
35 71 65
35 73 99
35 74 14
35 85 77
35 88 61
35 90 34
35 91 57
35 94 19
35 99 19
36 40 66
36 41 14
36 42 59
36 44 61
36 50 47
36 51 76
36 52 69
36 53 83
36 59 58
36 61 52
36 63 41
36 68 61
36 69 19
36 70 11
36 74 45
36 76 57
36 77 58
36 81 84
36 82 49
36 84 55
36 87 72
36 89 45
36 92 38
36 98 2
37 38 103
37 43 90
37 47 42
37 51 66
37 53 51
37 60 71
37 69 62
37 74 43
37 76 44
37 78 24
37 80 52
37 81 19
37 83 84
37 90 29
38 41 60
38 45 9
38 50 51
38 54 55
38 57 36
38 58 75
38 63 64
38 66 90
38 68 41
38 69 57
38 72 85
38 75 65
38 76 96
38 80 71
38 82 15
38 87 102
38 89 78
38 96 70
39 40 65
39 41 23
39 43 51
39 45 47
39 48 63
39 57 16
39 59 66
39 63 48
39 64 89
39 67 14
39 73 56
39 74 54
39 76 66
39 79 7
39 82 44
39 83 11
39 89 53
39 91 90
39 96 86
39 97 31
39 98 7
40 48 94
40 55 58
40 64 55
40 66 58
40 76 91
40 78 72
40 82 28
40 83 53
40 89 70
40 91 51
40 92 60
40 94 91
40 97 43
40 99 84
41 42 46
41 44 68
41 48 40
41 50 49
41 51 80
41 52 60
41 59 51
41 64 81
41 66 76
41 70 9
41 75 74
41 76 44
41 79 29
41 88 82
42 45 97
42 53 77
42 55 64
42 56 89
42 60 61
42 65 78
42 66 56
42 67 55
42 78 20
42 80 74
42 81 31
42 83 69
42 84 57
42 92 30
42 93 41
42 95 90
42 97 53
42 98 61
43 46 24
43 49 33
43 50 37
43 57 40
43 63 56
43 64 72
43 65 31
43 71 39
43 72 76
43 76 93
43 78 78
43 79 45
43 81 103
43 83 40
43 86 57
43 87 93
43 95 39
44 45 34
44 49 25
44 56 23
44 58 62
44 59 60
44 65 11
44 68 0
44 69 56
44 71 19
44 75 26
44 77 69
44 78 67
44 79 55
44 80 32
44 84 29
44 96 30
44 98 61
45 46 16
45 55 44
45 63 63
45 64 84
45 65 45
45 66 85
45 68 34
45 70 64
45 73 10
45 79 40
45 84 55
45 85 32
45 89 78
45 94 97
45 96 63
45 97 44
45 98 51
46 51 59
46 53 74
46 54 46
46 57 26
46 58 64
46 59 74
46 60 25
46 62 44
46 63 55
46 65 49
46 67 34
46 71 56
46 78 77
46 79 24
46 85 40
46 90 68
46 91 83
46 94 85
46 95 60
46 97 34
47 48 78
47 51 25
47 57 65
47 59 40
47 60 58
47 62 33
47 63 41
47 67 69
47 70 85
47 75 15
47 77 50
47 79 80
47 80 11
47 83 73
47 89 54
47 95 31
47 97 51
48 50 63
48 52 40
48 53 87
48 54 52
48 58 27
48 59 39
48 60 61
48 61 89
48 63 42
48 65 84
48 66 68
48 68 88
48 69 39
48 71 85
48 75 82
48 76 9
48 83 66
48 85 93
48 87 35
48 89 25
48 90 57
48 94 6
48 96 98
48 99 10
49 51 35
49 52 51
49 53 42
49 56 32
49 60 20
49 70 50
49 77 46
49 78 45
49 81 70
49 85 30
49 87 59
49 89 40
49 90 31
49 92 30
49 95 39
49 96 44
50 60 26
50 61 33
50 72 38
50 74 48
50 75 25
50 77 44
50 79 48
50 82 39
50 86 43
50 87 56
50 92 29
51 55 70
51 65 12
51 69 67
51 71 7
51 75 11
51 77 67
51 79 73
51 81 83
51 85 22
51 87 76
51 95 6
52 53 55
52 54 40
52 64 39
52 67 63
52 68 71
52 72 9
52 76 31
52 78 11
52 82 85
52 92 31
53 55 79
53 58 63
53 62 31
53 67 75
53 73 77
53 79 83
53 94 83
54 67 32
54 72 31
54 76 49
54 82 45
54 86 53
54 91 46
54 92 18
54 95 47
54 96 50
55 61 44
55 62 54
55 66 78
55 68 53
55 71 63
55 74 50
55 76 62
55 77 61
55 78 60
55 79 8
55 80 72
55 81 87
55 85 56
55 87 75
55 91 83
55 94 61
55 95 72
56 58 67
56 71 41
56 72 74
56 74 76
56 78 76
56 85 23
56 88 62
56 93 51
56 95 43
56 98 49
57 58 41
57 60 8
57 61 37
57 64 73
57 69 21
57 76 61
57 79 15
57 80 63
57 81 82
57 82 35
57 84 42
57 87 70
57 99 51
58 59 19
58 69 22
58 72 20
58 75 56
58 76 23
58 83 49
58 87 30
58 89 3
58 92 8
58 94 24
58 99 17
59 60 50
59 67 52
59 70 60
59 71 51
59 72 3
59 74 25
59 76 32
59 81 31
59 83 62
59 84 32
59 88 46
59 89 18
59 91 42
59 94 33
59 97 40
59 98 60
60 65 42
60 67 15
60 70 34
60 76 61
60 81 79
60 83 15
60 84 35
60 85 41
60 92 33
60 98 23
61 62 24
61 63 52
61 64 68
61 65 28
61 69 53
61 70 63
61 76 88
61 80 48
61 82 9
61 86 55
61 87 88
61 93 51
61 94 88
61 97 35
61 99 80
62 73 47
62 74 68
62 77 62
62 78 60
62 80 24
62 81 82
62 84 21
62 85 12
62 86 32
62 87 73
62 92 50
62 93 51
62 94 80
63 67 34
63 71 43
63 88 47
63 97 21
63 98 43
64 66 8
64 70 89
64 74 62
64 75 28
64 77 46
64 78 44
64 79 87
64 91 7
64 96 36
64 97 58
65 67 56
65 68 11
65 71 7
65 73 51
65 79 61
65 80 20
65 97 38
66 72 30
66 73 93
66 74 55
66 83 78
66 88 23
66 89 46
66 92 45
66 93 60
66 94 62
66 95 49
66 98 81
66 99 60
67 75 63
67 86 81
67 89 40
67 92 32
67 98 10
68 70 71
68 74 73
68 76 85
68 77 69
68 85 5
68 93 54
68 99 78
69 74 27
69 79 31
69 81 65
69 83 28
69 85 61
69 91 71
69 95 71
69 97 19
70 72 61
70 74 42
70 75 80
70 81 83
70 88 90
70 89 44
70 93 24
70 94 50
71 73 58
71 81 77
71 84 20
71 85 22
71 93 57
72 77 8
72 80 49
72 81 28
72 86 63
72 92 22
72 97 43
72 98 62
73 74 95
73 75 65
73 78 96
73 79 49
73 86 75
73 87 111
73 88 79
73 96 67
74 78 20
74 83 55
74 85 78
74 86 83
74 87 29
74 93 28
74 95 82
74 96 83
75 86 18
75 90 28
75 91 24
75 92 50
75 94 78
75 95 17
76 78 24
76 81 35
76 85 90
76 88 78
76 93 41
77 78 2
77 79 69
77 81 26
77 82 80
77 83 64
77 84 41
77 88 56
77 92 21
77 93 38
77 94 24
78 86 69
78 87 15
78 88 54
78 89 14
78 91 50
78 92 20
79 89 56
79 97 30
79 98 13
80 83 70
80 85 35
80 90 28
80 91 18
80 97 49
80 98 77
81 82 104
81 85 94
81 86 82
81 87 12
81 92 48
81 97 71
81 98 86
81 99 43
82 90 63
82 91 74
82 92 61
82 93 52
82 94 90
82 98 48
82 99 82
83 88 76
83 91 82
84 87 52
84 90 17
84 91 32
84 96 34
84 97 28
85 87 85
85 88 43
85 90 50
85 92 59
85 94 91
85 98 64
85 99 83
86 88 15
86 89 74
86 90 42
86 94 94
86 99 89
87 90 37
87 92 35
87 94 29
88 92 55
88 94 80
88 96 20
88 97 55
89 90 33
89 91 58
89 93 25
89 98 47
90 93 43
91 92 55
91 94 76
91 95 38
92 93 18
92 98 40
93 95 68
93 97 17
93 98 23
93 99 31
94 95 94
94 96 94
98 99 49
