20 0.5 190 95 0 1 12 0.25
0.671477 0.0758191 6
0.0986933 0.310647 21
0.305237 0.202667 16
0.757253 0.376328 9
0.484381 0.969697 25
0.254143 0.13719 17
0.163486 0.199763 19
0.660585 0.718863 18
0.0307273 0.156191 22
0.91969 0.0576386 0
0.937302 0.767024 18
0.482087 0.239304 12
0.643377 0.576461 15
0.896474 0.387572 8
0.819078 0.502459 11
0.80296 0.255364 6
0.0701896 0.340782 22
0.52532 0.788415 21
0.0202146 0.122872 23
0.72595 0.0534505 5
0 1 62
0 2 39
0 3 31
0 4 91
0 5 42
0 6 52
0 7 64
0 8 65
0 9 25
0 10 74
0 11 25
0 12 50
0 13 38
0 14 45
0 15 22
0 16 66
0 17 73
0 18 65
0 19 6
1 2 23
1 3 66
1 4 76
1 5 23
1 6 13
1 7 69
1 8 17
1 9 86
1 10 95
1 11 39
1 12 61
1 13 80
1 14 75
1 15 71
1 16 4
1 17 64
1 18 20
1 19 68
2 3 48
2 4 79
2 5 8
2 6 14
2 7 63
2 8 28
2 9 63
2 10 85
2 11 18
2 12 50
2 13 62
2 14 59
2 15 50
2 16 27
2 17 63
2 18 30
2 19 45
3 4 65
3 5 56
3 6 62
3 7 36
3 8 76
3 9 36
3 10 43
3 11 31
3 12 23
3 13 14
3 14 14
3 15 13
3 16 69
3 17 47
3 18 78
3 19 32
4 5 86
4 6 83
4 7 31
4 8 93
4 9 101
4 10 50
4 11 73
4 12 42
4 13 71
4 14 57
4 15 78
4 16 75
4 17 19
4 18 97
4 19 95
5 6 11
5 7 71
5 8 22
5 9 67
5 10 93
5 11 25
5 12 59
5 13 69
5 14 67
5 15 56
5 16 27
5 17 71
5 18 23
5 19 48
6 7 72
6 8 14
6 9 77
6 10 96
6 11 32
6 12 61
6 13 76
6 14 72
6 15 64
6 16 17
6 17 69
6 18 16
6 19 58
7 8 84
7 9 71
7 10 28
7 11 51
7 12 14
7 13 41
7 14 27
7 15 48
7 16 70
7 17 15
7 18 87
7 19 67
8 9 89
8 10 109
8 11 46
8 12 74
8 13 90
8 14 86
8 15 78
8 16 19
8 17 80
8 18 3
8 19 70
9 10 71
9 11 47
9 12 59
9 13 33
9 14 46
9 15 23
9 16 90
9 17 83
9 18 90
9 19 19
10 11 70
10 12 35
10 13 38
10 14 29
10 15 53
10 16 97
10 17 41
10 18 112
10 19 74
11 12 37
11 13 44
11 14 43
11 15 32
11 16 42
11 17 55
11 18 48
11 19 31
12 13 32
12 14 19
12 15 36
12 16 62
12 17 24
12 18 77
12 19 53
13 14 14
13 15 16
13 16 83
13 17 55
13 18 92
13 19 38
14 15 25
14 16 77
14 17 41
14 18 88
14 19 46
15 16 74
15 17 60
15 18 79
15 19 22
16 17 64
16 18 22
16 19 72
17 18 84
17 19 76
18 19 71
0 3 31
0 5 42
0 8 65
0 11 25
0 12 50
0 13 38
0 14 45
0 16 66
0 17 73
1 2 23
1 6 13
1 7 69
1 10 95
1 11 39
1 12 61
1 14 75
1 18 20
2 3 48
2 4 79
2 5 8
2 6 14
2 7 63
2 10 85
2 11 18
2 12 50
2 13 62
2 15 50
2 16 27
2 18 30
2 19 45
3 5 56
3 9 36
3 11 31
3 13 14
3 14 14
3 15 13
4 6 83
4 7 31
4 9 101
4 14 57
4 15 78
5 6 11
5 7 71
5 9 67
5 15 56
5 17 71
6 7 72
6 8 14
6 10 96
6 14 72
6 15 64
6 17 69
6 18 16
7 8 84
7 9 71
7 11 51
7 15 48
7 16 70
8 9 89
8 11 46
8 12 74
8 13 90
8 16 19
8 17 80
8 19 70
9 10 71
9 11 47
9 12 59
9 16 90
9 17 83
10 12 35
10 14 29
10 15 53
10 18 112
10 19 74
11 14 43
11 15 32
11 16 42
11 17 55
11 18 48
12 16 62
12 18 77
13 14 14
13 15 16
13 16 83
13 17 55
14 17 41
14 18 88
15 17 60
15 18 79
15 19 22
16 17 64
16 19 72
18 19 71
19 3 32
