10 0.7 2 0 0 0.5 45 31 8
0.77729 0.790147 30
0.175255 0.153848 25
0.15183 0.751484 38
0.123286 0.112048 28
0.0405968 0.685174 40
0.906545 0.755699 30
0.579923 0.885003 35
0.143718 0.355682 28
0.678156 0.195463 0
0.879347 0.736759 29
0 1 88
0 2 63
0 3 94
0 4 74
0 5 13
0 6 22
0 7 77
0 8 60
0 9 12
1 2 60
1 3 7
1 4 55
1 5 95
1 6 84
1 7 20
1 8 50
1 9 91
2 3 64
2 4 13
2 5 75
2 6 45
2 7 40
2 8 77
2 9 73
3 4 58
3 5 101
3 6 90
3 7 24
3 8 56
3 9 98
4 5 87
4 6 58
4 7 35
4 8 80
4 9 84
5 6 35
5 7 86
5 8 61
5 9 3
6 7 69
6 8 70
6 9 33
7 8 56
7 9 83
8 9 58
0 3 94
0 5 13
0 6 22
0 8 60
0 9 12
1 2 60
1 3 7
1 4 55
1 5 95
1 6 84
1 7 20
2 3 64
2 4 13
2 5 75
2 6 45
2 8 77
2 9 73
3 5 101
3 6 90
3 8 56
3 9 98
4 5 87
4 7 35
4 9 84
5 6 35
5 9 3
6 8 70
6 9 33
7 8 56
8 5 61
8 9 58
