20 0.7 6 0 0 0.5 190 1339
0.833716 0.157258 29
0.761423 0.612632 18
0.307008 0.057601 25
0.415605 0.583593 1
0.123828 0.670324 15
0.807402 0.0641858 32
0.55553 0.147552 22
0.98881 0.883597 33
0.731638 0.20352 24
0.408839 0.554688 0
0.342043 0.0765366 24
0.183866 0.810725 17
0.327915 0.972794 21
0.881354 0.798806 27
0.330155 0.567113 4
0.69375 0.445066 15
0.37908 0.785575 12
0.778604 0.81224 23
0.622266 0.763395 15
0.186387 0.954128 23
0 1 46
0 2 54
0 3 60
0 4 88
0 5 10
0 6 28
0 7 74
0 8 11
0 9 58
0 10 50
0 11 92
0 12 96
0 13 64
0 14 65
0 15 32
0 16 78
0 17 66
0 18 64
0 19 103
1 2 72
1 3 35
1 4 64
1 5 55
1 6 51
1 7 35
1 8 41
1 9 36
1 10 68
1 11 61
1 12 56
1 13 22
1 14 43
1 15 18
1 16 42
1 17 20
1 18 21
1 19 67
2 3 54
2 4 64
2 5 50
2 6 26
2 7 107
2 8 45
2 9 51
2 10 4
2 11 76
2 12 92
2 13 94
2 14 51
2 15 55
2 16 73
2 17 89
2 18 77
2 19 90
3 4 30
3 5 65
3 6 46
3 7 65
3 8 49
3 9 3
3 10 51
3 11 32
3 12 40
3 13 51
3 14 9
3 15 31
3 16 21
3 17 43
3 18 27
3 19 44
4 5 91
4 6 68
4 7 89
4 8 77
4 9 31
4 10 63
4 11 15
4 12 36
4 13 77
4 14 23
4 15 61
4 16 28
4 17 67
4 18 51
4 19 29
5 6 27
5 7 84
5 8 16
5 9 63
5 10 47
5 11 97
5 12 103
5 13 74
5 14 69
5 15 40
5 16 84
5 17 75
5 18 72
5 19 109
6 7 85
6 8 18
6 9 43
6 10 22
6 11 76
6 12 86
6 13 73
6 14 48
6 15 33
6 16 66
6 17 70
6 18 62
6 19 89
7 8 73
7 9 67
7 10 103
7 11 81
7 12 67
7 13 14
7 14 73
7 15 53
7 16 62
7 17 22
7 18 39
7 19 81
8 9 48
8 10 41
8 11 82
8 12 87
8 13 61
8 14 54
8 15 24
8 16 68
8 17 61
8 18 57
8 19 93
9 10 48
9 11 34
9 12 43
9 13 53
9 14 8
9 15 31
9 16 23
9 17 45
9 18 30
9 19 46
10 11 75
10 12 90
10 13 90
10 14 49
10 15 51
10 16 71
10 17 86
10 18 74
10 19 89
11 12 22
11 13 70
11 14 28
11 15 63
11 16 20
11 17 59
11 18 44
11 19 14
12 13 58
12 14 41
12 15 64
12 16 19
12 17 48
12 18 36
12 19 14
13 14 60
13 15 40
13 16 50
13 17 10
13 18 26
13 19 71
14 15 38
14 16 22
14 17 51
14 18 35
14 19 41
15 16 46
15 17 38
15 18 33
15 19 72
16 17 40
16 18 24
16 19 26
17 18 16
17 19 61
18 19 48
0 2 54
0 3 60
0 4 88
0 6 28
0 7 74
0 8 11
0 10 50
0 11 92
0 12 96
0 14 65
0 16 78
0 18 64
0 19 103
1 2 72
1 3 35
1 5 55
1 6 51
1 9 36
1 10 68
1 11 61
1 12 56
1 13 22
1 14 43
1 15 18
1 16 42
1 17 20
2 3 54
2 4 64
2 5 50
2 6 26
2 7 107
2 11 76
2 12 92
2 13 94
2 15 55
2 16 73
2 17 89
2 18 77
2 19 90
3 4 30
3 5 65
3 8 49
3 9 3
3 10 51
3 12 40
3 13 51
3 14 9
3 15 31
3 16 21
3 17 43
3 18 27
4 5 91
4 6 68
4 9 31
4 10 63
4 11 15
4 12 36
4 13 77
4 14 23
4 16 28
4 17 67
4 18 51
4 19 29
5 7 84
5 8 16
5 9 63
5 10 47
5 11 97
5 13 74
5 14 69
5 16 84
5 17 75
5 19 109
6 7 85
6 8 18
6 11 76
6 12 86
6 13 73
6 16 66
6 17 70
6 19 89
7 8 73
7 9 67
7 10 103
7 11 81
7 12 67
7 15 53
7 16 62
7 17 22
7 18 39
7 19 81
8 11 82
8 12 87
8 14 54
8 17 61
8 19 93
9 11 34
9 12 43
9 14 8
9 15 31
9 16 23
9 18 30
10 11 75
10 13 90
10 14 49
10 15 51
10 16 71
10 17 86
10 18 74
11 13 70
11 15 63
11 16 20
11 17 59
11 18 44
12 13 58
12 14 41
12 15 64
12 16 19
13 14 60
13 17 10
13 18 26
13 19 71
14 15 38
14 16 22
14 17 51
14 19 41
15 16 46
15 18 33
15 19 72
16 17 40
17 18 16
17 19 61
18 19 48
