100 0.7 20 1 0.1 4950 3465 43
0.644309 0.316418 8
0.0164601 0.859599 10
0.610003 0.984004 4
0.68976 0.275987 8
0.81757 0.617281 4
0.14556 0.853973 9
0.477703 0.641904 6
0.449153 0.18101 10
0.673392 0.936659 3
0.389882 0.0414996 11
0.308369 0.219547 10
0.184944 0.733273 8
0.760294 0.677354 4
0.858855 0.11103 9
0.810013 0.960048 2
0.429739 0.515962 7
0.850267 0.804834 2
0.690502 0.191364 9
0.368468 0.753151 7
0.205409 0.614978 9
0.126606 0.996391 9
0.435993 0.922608 6
0.186903 0.556553 9
0.791569 0.895465 2
0.469529 0.774482 6
0.220693 0.673832 8
0.59601 0.418621 7
0.336425 0.289542 10
0.930298 0.841246 2
0.0446848 0.850597 10
0.0756749 0.405406 11
0.58381 0.379495 7
0.0914106 0.320556 11
0.592159 0.26763 8
0.282342 0.96457 7
0.486089 0.423881 8
0.0269994 0.689327 10
0.874522 0.421594 6
0.125116 0.849807 9
0.960162 0.400298 6
0.993433 0.850853 1
0.477377 0.883235 5
0.11579 0.201555 12
0.652869 0.923997 3
0.415511 0.655742 7
0.333027 0.391646 9
0.656684 0.559152 5
0.218378 0.936957 8
0.295976 0.700104 8
0.751593 0.87761 3
0.332227 0.899933 7
0.315983 0.744328 7
0.550364 0.616878 6
0.394433 0.112237 11
0.790258 0.343413 7
0.0525504 0.0505897 13
0.980483 0.857302 1
0.135599 0.695245 9
0.208434 0.757379 8
0.391084 0.736699 6
0.995692 0.724607 3
0.897394 0.699613 3
0.835452 0.522412 5
0.884275 0.418052 6
0.366231 0.722855 7
0.42095 0.126204 10
0.954139 0.269926 7
0.666608 0.657857 5
0.718101 0.0928036 9
0.89466 0.493904 5
0.0284356 0.918631 10
0.0376546 0.594214 10
0.0197904 0.197198 13
0.751778 0.83199 3
0.544986 0.168264 9
0.135637 0.697608 9
0.546863 0.27548 8
0.988139 0.993271 0
0.92019 0.38879 6
0.86339 0.966851 1
0.614056 0.685006 5
0.388204 0.143803 10
0.480794 0.572803 7
0.733419 0.487602 6
0.886018 0.51805 5
0.714032 0.0946532 9
0.402817 0.0891909 11
0.118603 0.528278 10
0.59993 0.322085 8
0.0938281 0.95417 9
0.279252 0.255502 10
0.216933 0.129207 12
0.180728 0.463753 10
0.156069 0.379103 10
0.949844 0.042636 10
0.735184 0.486211 6
0.76859 0.131666 9
0.863748 0.763771 3
0.211551 0.236728 11
0.805562 0.266594 7
0 1 83
0 2 67
0 3 6
0 4 35
0 5 73
0 6 37
0 7 24
0 8 62
0 9 37
0 10 35
0 11 62
0 12 38
0 13 30
0 14 66
0 15 29
0 16 53
0 17 13
0 18 52
0 19 53
0 20 85
0 21 64
0 22 52
0 23 60
0 24 49
0 25 55
0 26 11
0 27 31
0 28 60
0 29 80
0 30 58
0 31 9
0 32 55
0 33 7
0 34 74
0 35 19
0 36 72
0 37 25
0 38 74
0 39 33
0 40 64
0 41 59
0 42 54
0 43 61
0 44 41
0 45 32
0 46 24
0 47 75
0 48 52
0 49 57
0 50 66
0 51 54
0 52 31
0 53 32
0 54 15
0 55 65
0 56 64
0 57 63
0 58 62
0 59 49
0 60 54
0 61 46
0 62 28
0 63 26
0 64 49
0 65 29
0 66 31
0 67 34
0 68 24
0 69 31
0 70 86
0 71 67
0 72 64
0 73 53
0 74 18
0 75 64
0 76 11
0 77 76
0 78 29
0 79 69
0 80 37
0 81 31
0 82 30
0 83 19
0 84 31
0 85 23
0 86 33
0 87 57
0 88 4
0 89 84
0 90 37
0 91 47
0 92 49
0 93 49
0 94 41
0 95 19
0 96 22
0 97 50
0 98 44
0 99 17
1 2 61
1 3 89
1 4 84
1 5 13
1 6 51
1 7 80
1 8 66
1 9 90
1 10 70
1 11 21
1 12 77
1 13 113
1 14 80
1 15 54
1 16 84
1 17 95
1 18 37
1 19 31
1 20 18
1 21 42
1 22 35
1 23 78
1 24 46
1 25 28
1 26 73
1 27 65
1 28 91
1 29 3
1 30 46
1 31 74
1 32 54
1 33 83
1 34 29
1 35 64
1 36 17
1 37 96
1 38 11
1 39 105
1 40 98
1 41 46
1 42 67
1 43 64
1 44 45
1 45 56
1 46 71
1 47 22
1 48 32
1 49 74
1 50 32
1 51 32
1 52 59
1 53 84
1 54 93
1 55 81
1 56 96
1 57 20
1 58 22
1 59 39
1 60 99
1 61 90
1 62 89
1 63 97
1 64 38
1 65 84
1 66 111
1 67 68
1 68 104
1 69 95
1 70 6
1 71 27
1 72 66
1 73 74
1 74 87
1 75 20
1 76 79
1 77 98
1 78 102
1 79 85
1 80 62
1 81 81
1 82 55
1 83 81
1 84 93
1 85 104
1 86 86
1 87 35
1 88 79
1 89 12
1 90 66
1 91 76
1 92 43
1 93 50
1 94 124
1 95 81
1 96 105
1 97 85
1 98 65
1 99 99
2 3 71
2 4 42
2 5 48
2 6 37
2 7 82
2 8 8
2 9 97
2 10 82
2 11 49
2 12 34
2 13 91
2 14 20
2 15 50
2 16 30
2 17 80
2 18 33
2 19 55
2 20 48
2 21 18
2 22 60
2 23 20
2 24 25
2 25 50
2 26 57
2 27 75
2 28 35
2 29 58
2 30 79
2 31 61
2 32 84
2 33 72
2 34 33
2 35 57
2 36 65
2 37 62
2 38 50
2 39 68
2 40 41
2 41 17
2 42 93
2 43 7
2 44 38
2 45 65
2 46 43
2 47 39
2 48 42
2 49 18
2 50 29
2 51 38
2 52 37
2 53 90
2 54 67
2 55 109
2 56 39
2 57 56
2 58 46
2 59 33
2 60 46
2 61 40
2 62 51
2 63 63
2 64 36
2 65 88
2 66 79
2 67 33
2 68 90
2 69 57
2 70 59
2 71 69
2 72 98
2 73 21
2 74 82
2 75 55
2 76 71
2 77 38
2 78 67
2 79 25
2 80 30
2 81 87
2 82 43
2 83 51
2 84 54
2 85 90
2 86 92
2 87 67
2 88 66
2 89 52
2 90 80
2 91 94
2 92 67
2 93 76
2 94 100
2 95 51
2 96 87
2 97 34
2 98 85
2 99 74
3 4 36
3 5 79
3 6 42
3 7 26
3 8 66
3 9 38
3 10 39
3 11 68
3 12 41
3 13 24
3 14 69
3 15 35
3 16 55
3 17 8
3 18 58
3 19 59
3 20 91
3 21 69
3 22 58
3 23 63
3 24 54
3 25 62
3 26 17
3 27 35
3 28 61
3 29 86
3 30 63
3 31 15
3 32 60
3 33 10
3 34 80
3 35 25
3 36 78
3 37 24
3 38 81
3 39 30
3 40 65
3 41 64
3 42 58
3 43 65
3 44 47
3 45 38
3 46 29
3 47 81
3 48 58
3 49 60
3 50 72
3 51 60
3 52 37
3 53 34
3 54 12
3 55 68
3 56 65
3 57 69
3 58 68
3 59 55
3 60 54
3 61 47
3 62 29
3 63 24
3 64 55
3 65 31
3 66 26
3 67 38
3 68 19
3 69 30
3 70 92
3 71 73
3 72 67
3 73 56
3 74 18
3 75 70
3 76 14
3 77 78
3 78 26
3 79 71
3 80 42
3 81 33
3 82 36
3 83 22
3 84 31
3 85 18
3 86 34
3 87 62
3 88 10
3 89 90
3 90 41
3 91 50
3 92 54
3 93 54
3 94 35
3 95 22
3 96 16
3 97 52
3 98 48
3 99 12
4 5 71
4 6 34
4 7 57
4 8 35
4 9 72
4 10 65
4 11 64
4 12 8
4 13 51
4 14 34
4 15 40
4 16 19
4 17 44
4 18 47
4 19 61
4 20 79
4 21 49
4 22 63
4 23 28
4 24 38
4 25 60
4 26 30
4 27 58
4 28 25
4 29 81
4 30 77
4 31 33
4 32 78
4 33 42
4 34 64
4 35 38
4 36 79
4 37 20
4 38 73
4 39 26
4 40 29
4 41 43
4 42 82
4 43 35
4 44 40
4 45 53
4 46 17
4 47 68
4 48 53
4 49 27
4 50 56
4 51 52
4 52 27
4 53 66
4 54 28
4 55 95
4 56 29
4 57 69
4 58 63
4 59 44
4 60 21
4 61 11
4 62 10
4 63 21
4 64 46
4 65 63
4 66 37
4 67 16
4 68 53
4 69 15
4 70 84
4 71 78
4 72 90
4 73 22
4 74 53
4 75 69
4 76 44
4 77 41
4 78 25
4 79 35
4 80 21
4 81 64
4 82 34
4 83 15
4 84 12
4 85 53
4 86 67
4 87 70
4 88 37
4 89 80
4 90 65
4 91 77
4 92 66
4 93 70
4 94 59
4 95 15
4 96 49
4 97 15
4 98 72
4 99 35
5 6 39
5 7 74
5 8 53
5 9 85
5 10 65
5 11 13
5 12 64
5 13 103
5 14 67
5 15 44
5 16 71
5 17 86
5 18 24
5 19 25
5 20 14
5 21 30
5 22 30
5 23 65
5 24 33
5 25 20
5 26 63
5 27 60
5 28 78
5 29 10
5 30 45
5 31 65
5 32 54
5 33 74
5 34 18
5 35 55
5 36 20
5 37 85
5 38 2
5 39 93
5 40 85
5 41 33
5 42 65
5 43 51
5 44 33
5 45 50
5 46 59
5 47 11
5 48 22
5 49 61
5 50 19
5 51 20
5 52 47
5 53 78
5 54 82
5 55 81
5 56 83
5 57 16
5 58 12
5 59 27
5 60 86
5 61 77
5 62 77
5 63 86
5 64 26
5 65 78
5 66 100
5 67 56
5 68 95
5 69 83
5 70 13
5 71 28
5 72 67
5 73 61
5 74 79
5 75 16
5 76 70
5 77 85
5 78 90
5 79 73
5 80 50
5 81 75
5 82 44
5 83 69
5 84 81
5 85 95
5 86 81
5 87 33
5 88 70
5 89 11
5 90 61
5 91 73
5 92 39
5 93 47
5 94 114
5 95 69
5 96 95
5 97 72
5 98 62
5 99 88
6 7 46
6 8 35
6 9 61
6 10 46
6 11 31
6 12 28
6 13 65
6 14 46
6 15 13
6 16 41
6 17 50
6 18 16
6 19 27
6 20 50
6 21 28
6 22 30
6 23 40
6 24 13
6 25 26
6 26 25
6 27 38
6 28 49
6 29 48
6 30 47
6 31 28
6 32 50
6 33 39
6 34 38
6 35 22
6 36 45
6 37 45
6 38 41
6 39 54
6 40 56
6 41 24
6 42 57
6 43 33
6 44 6
6 45 29
6 46 20
6 47 39
6 48 19
6 49 36
6 50 30
6 51 19
6 52 8
6 53 54
6 54 43
6 55 73
6 56 55
6 57 35
6 58 29
6 59 13
6 60 52
6 61 42
6 62 38
6 63 46
6 64 14
6 65 52
6 66 60
6 67 19
6 68 60
6 69 44
6 70 53
6 71 44
6 72 64
6 73 33
6 74 48
6 75 35
6 76 37
6 77 62
6 78 51
6 79 50
6 80 14
6 81 51
6 82 7
6 83 30
6 84 43
6 85 60
6 86 56
6 87 38
6 88 34
6 89 49
6 90 43
6 91 58
6 92 35
6 93 42
6 94 76
6 95 30
6 96 59
6 97 40
6 98 48
6 99 50
7 8 79
7 9 15
7 10 15
7 11 61
7 12 59
7 13 42
7 14 86
7 15 34
7 16 74
7 17 24
7 18 58
7 19 50
7 20 88
7 21 74
7 22 46
7 23 79
7 24 59
7 25 54
7 26 28
7 27 16
7 28 82
7 29 78
7 30 44
7 31 24
7 32 38
7 33 17
7 34 80
7 35 25
7 36 66
7 37 49
7 38 74
7 39 56
7 40 86
7 41 70
7 42 33
7 43 77
7 44 48
7 45 24
7 46 43
7 47 79
7 48 54
7 49 76
7 50 73
7 51 58
7 52 45
7 53 9
7 54 38
7 55 42
7 56 86
7 57 60
7 58 62
7 59 56
7 60 77
7 61 69
7 62 52
7 63 50
7 64 55
7 65 6
7 66 51
7 67 52
7 68 28
7 69 54
7 70 85
7 71 58
7 72 43
7 73 72
7 74 10
7 75 60
7 76 14
7 77 97
7 78 51
7 79 89
7 80 53
7 81 7
7 82 39
7 83 42
7 84 55
7 85 28
7 86 10
7 87 48
7 88 21
7 89 85
7 90 19
7 91 24
7 92 39
7 93 35
7 94 52
7 95 42
7 96 32
7 97 72
7 98 24
7 99 37
8 9 94
8 10 80
8 11 53
8 12 27
8 13 85
8 14 14
8 15 49
8 16 22
8 17 75
8 18 36
8 19 57
8 20 55
8 21 24
8 22 62
8 23 13
8 24 26
8 25 52
8 26 52
8 27 73
8 28 27
8 29 63
8 30 80
8 31 56
8 32 85
8 33 67
8 34 39
8 35 55
8 36 69
8 37 55
8 38 56
8 39 61
8 40 33
8 41 20
8 42 92
8 43 2
8 44 38
8 45 64
8 46 38
8 47 46
8 48 45
8 49 10
8 50 34
8 51 41
8 52 34
8 53 87
8 54 60
8 55 108
8 56 32
8 57 59
8 58 50
8 59 35
8 60 39
8 61 33
8 62 44
8 63 56
8 64 37
8 65 85
8 66 72
8 67 28
8 68 85
8 69 49
8 70 65
8 71 72
8 72 99
8 73 13
8 74 78
8 75 59
8 76 67
8 77 32
8 78 60
8 79 19
8 80 26
8 81 84
8 82 41
8 83 45
8 84 47
8 85 84
8 86 89
8 87 69
8 88 62
8 89 58
8 90 79
8 91 93
8 92 68
8 93 76
8 94 94
8 95 45
8 96 81
8 97 26
8 98 84
8 99 68
9 10 20
9 11 72
9 12 74
9 13 47
9 14 101
9 15 48
9 16 89
9 17 34
9 18 71
9 19 60
9 20 99
9 21 88
9 22 55
9 23 94
9 24 74
9 25 65
9 26 43
9 27 25
9 28 97
9 29 88
9 30 48
9 31 39
9 32 41
9 33 30
9 34 93
9 35 39
9 36 74
9 37 62
9 38 85
9 39 67
9 40 101
9 41 85
9 42 32
9 43 92
9 44 61
9 45 35
9 46 58
9 47 91
9 48 67
9 49 91
9 50 86
9 51 71
9 52 60
9 53 7
9 54 50
9 55 34
9 56 101
9 57 70
9 58 74
9 59 70
9 60 91
9 61 83
9 62 66
9 63 62
9 64 68
9 65 9
9 66 61
9 67 68
9 68 33
9 69 68
9 70 95
9 71 66
9 72 40
9 73 87
9 74 20
9 75 70
9 76 28
9 77 112
9 78 63
9 79 104
9 80 68
9 81 10
9 82 54
9 83 56
9 84 69
9 85 33
9 86 5
9 87 56
9 88 35
9 89 96
9 90 24
9 91 19
9 92 47
9 93 41
9 94 56
9 95 56
9 96 39
9 97 86
9 98 26
9 99 47
10 11 53
10 12 64
10 13 56
10 14 89
10 15 32
10 16 80
10 17 38
10 18 54
10 19 41
10 20 80
10 21 71
10 22 36
10 23 83
10 24 58
10 25 46
10 26 35
10 27 8
10 28 88
10 29 68
10 30 30
10 31 32
10 32 24
10 33 29
10 34 75
10 35 27
10 36 55
10 37 60
10 38 66
10 39 68
10 40 93
10 41 68
10 42 19
10 43 78
10 44 45
10 45 17
10 46 49
10 47 72
10 48 48
10 49 79
10 50 68
10 51 52
10 52 47
10 53 14
10 54 50
10 55 31
10 56 93
10 57 51
10 58 55
10 59 52
10 60 85
10 61 76
10 62 61
10 63 61
10 64 51
10 65 15
10 66 65
10 67 57
10 68 43
10 69 65
10 70 75
10 71 46
10 72 29
10 73 76
10 74 24
10 75 51
10 76 24
10 77 103
10 78 63
10 79 93
10 80 56
10 81 11
10 82 39
10 83 50
10 84 65
10 85 42
10 86 16
10 87 36
10 88 31
10 89 77
10 90 5
10 91 13
10 92 28
10 93 22
10 94 67
10 95 50
10 96 47
10 97 78
10 98 10
10 99 50
11 12 58
11 13 92
11 14 66
11 15 33
11 16 67
11 17 74
11 18 18
11 19 12
11 20 27
11 21 31
11 22 18
11 23 63
11 24 29
11 25 7
11 26 52
11 27 47
11 28 75
11 29 18
11 30 35
11 31 53
11 32 42
11 33 62
11 34 25
11 35 43
11 36 16
11 37 76
11 38 13
11 39 84
11 40 82
11 41 33
11 42 54
11 43 51
11 44 24
11 45 37
11 46 50
11 47 21
11 48 12
11 49 58
11 50 22
11 51 13
11 52 38
11 53 66
11 54 72
11 55 70
11 56 81
11 57 6
11 58 3
11 59 21
11 60 81
11 61 71
11 62 68
11 63 77
11 64 18
11 65 65
11 66 90
11 67 49
11 68 83
11 69 75
11 70 24
11 71 20
11 72 56
11 73 58
11 74 67
11 75 6
11 76 58
11 77 84
11 78 81
11 79 72
11 80 43
11 81 62
11 82 34
11 83 60
11 84 73
11 85 83
11 86 68
11 87 22
11 88 58
11 89 24
11 90 49
11 91 60
11 92 27
11 93 36
11 94 103
11 95 60
11 96 84
11 97 68
11 98 50
11 99 78
12 13 57
12 14 29
12 15 37
12 16 16
12 17 49
12 18 40
12 19 56
12 20 71
12 21 41
12 22 59
12 23 22
12 24 31
12 25 54
12 26 31
12 27 57
12 28 24
12 29 74
12 30 74
12 31 35
12 32 76
12 33 44
12 34 56
12 35 37
12 36 73
12 37 28
12 38 66
12 39 34
12 40 29
12 41 35
12 42 80
12 43 27
12 44 35
12 45 51
12 46 16
12 47 60
12 48 46
12 49 20
12 50 48
12 51 45
12 52 22
12 53 67
12 54 34
12 55 95
12 56 28
12 57 62
12 58 56
12 59 37
12 60 24
12 61 14
12 62 17
12 63 29
12 64 40
12 65 65
12 66 45
12 67 10
12 68 59
12 69 23
12 70 77
12 71 73
12 72 88
12 73 15
12 74 55
12 75 62
12 76 46
12 77 39
12 78 33
12 79 31
12 80 15
12 81 65
12 82 30
12 83 19
12 84 20
12 85 58
12 86 69
12 87 66
12 88 39
12 89 72
12 90 64
12 91 77
12 92 62
12 93 67
12 94 66
12 95 19
12 96 55
12 97 13
12 98 70
12 99 41
13 14 85
13 15 59
13 16 69
13 17 19
13 18 81
13 19 83
13 20 115
13 21 92
13 22 81
13 23 79
13 24 77
13 25 85
13 26 40
13 27 55
13 28 73
13 29 110
13 30 84
13 31 38
13 32 80
13 33 31
13 34 103
13 35 49
13 36 101
13 37 31
13 38 104
13 39 31
13 40 75
13 41 86
13 42 75
13 43 84
13 44 70
13 45 60
13 46 49
13 47 105
13 48 81
13 49 77
13 50 95
13 51 83
13 52 59
13 53 46
13 54 24
13 55 81
13 56 76
13 57 93
13 58 92
13 59 78
13 60 63
13 61 59
13 62 41
13 63 31
13 64 79
13 65 44
13 66 19
13 67 58
13 68 14
13 69 38
13 70 116
13 71 95
13 72 84
13 73 73
13 74 32
13 75 93
13 76 35
13 77 89
13 78 28
13 79 86
13 80 62
13 81 47
13 82 60
13 83 40
13 84 41
13 85 15
13 86 46
13 87 85
13 88 33
13 89 114
13 90 60
13 91 64
13 92 76
13 93 75
13 94 11
13 95 40
13 96 9
13 97 65
13 98 66
13 99 16
14 15 58
14 16 16
14 17 78
14 18 49
14 19 70
14 20 68
14 21 38
14 22 74
14 23 7
14 24 39
14 25 66
14 26 58
14 27 82
14 28 17
14 29 77
14 30 92
14 31 62
14 32 96
14 33 73
14 34 53
14 35 63
14 36 83
14 37 54
14 38 69
14 39 58
14 40 21
14 41 34
14 42 103
14 43 16
14 44 50
14 45 74
14 46 43
14 47 59
14 48 58
14 49 10
14 50 48
14 51 54
14 52 43
14 53 94
14 54 62
14 55 118
14 56 20
14 57 72
14 58 63
14 59 47
14 60 30
14 61 27
14 62 44
14 63 55
14 64 50
14 65 92
14 66 71
14 67 33
14 68 87
14 69 47
14 70 78
14 71 85
14 72 110
14 73 14
14 74 83
14 75 72
14 76 73
14 77 18
14 78 58
14 79 5
14 80 34
14 81 92
14 82 51
14 83 48
14 84 45
14 85 87
14 86 96
14 87 82
14 88 67
14 89 72
14 90 88
14 91 102
14 92 80
14 93 87
14 94 93
14 95 48
14 96 83
14 97 20
14 98 94
14 99 69
15 16 51
15 17 42
15 18 24
15 19 25
15 20 57
15 21 41
15 22 25
15 23 52
15 24 26
15 25 26
15 26 19
15 27 24
15 28 60
15 29 51
15 30 37
15 31 21
15 32 39
15 33 30
15 34 47
15 35 11
15 36 44
15 37 45
15 38 45
15 39 54
15 40 66
15 41 37
15 42 44
15 43 47
15 44 14
15 45 16
15 46 23
15 47 47
15 48 23
15 49 48
15 50 40
15 51 26
15 52 16
15 53 41
15 54 40
15 55 60
15 56 65
15 57 34
15 58 33
15 59 22
15 60 60
15 61 50
15 62 41
15 63 46
15 64 22
15 65 39
15 66 58
15 67 28
15 68 51
15 69 47
15 70 57
15 71 40
15 72 52
15 73 45
15 74 37
15 75 35
15 76 27
15 77 73
15 78 51
15 79 63
15 80 25
15 81 37
15 82 8
15 83 31
15 84 46
15 85 51
15 86 43
15 87 31
15 88 26
15 89 55
15 90 30
15 91 44
15 92 25
15 93 31
15 94 70
15 95 31
15 96 51
15 97 50
15 98 35
15 99 45
16 17 63
16 18 48
16 19 67
16 20 75
16 21 43
16 22 71
16 23 11
16 24 38
16 25 64
16 26 46
16 27 73
16 28 9
16 29 81
16 30 87
16 31 50
16 32 90
16 33 60
16 34 59
16 35 53
16 36 83
16 37 38
16 38 73
16 39 42
16 40 15
16 41 38
16 42 95
16 43 23
16 44 46
16 45 66
16 46 31
16 47 65
16 48 56
16 49 12
16 50 53
16 51 54
16 52 35
16 53 83
16 54 47
16 55 110
16 56 14
16 57 72
16 58 64
16 59 46
16 60 17
16 61 12
16 62 28
16 63 39
16 64 49
16 65 80
16 66 54
16 67 24
16 68 72
16 69 31
16 70 83
16 71 84
16 72 103
16 73 10
16 74 71
16 75 72
16 76 61
16 77 23
16 78 42
16 79 16
16 80 26
16 81 81
16 82 44
16 83 34
16 84 29
16 85 72
16 86 84
16 87 78
16 88 54
16 89 77
16 90 79
16 91 93
16 92 75
16 93 81
16 94 77
16 95 34
16 96 68
16 97 4
16 98 85
16 99 54
17 18 65
17 19 64
17 20 98
17 21 77
17 22 62
17 23 71
17 24 62
17 25 67
17 26 25
17 27 37
17 28 69
17 29 92
17 30 65
17 31 22
17 32 61
17 33 12
17 34 87
17 35 31
17 36 83
17 37 29
17 38 87
17 39 34
17 40 73
17 41 72
17 42 57
17 43 73
17 44 54
17 45 41
17 46 37
17 47 88
17 48 64
17 49 69
17 50 79
17 51 67
17 52 45
17 53 31
17 54 18
17 55 65
17 56 73
17 57 75
17 58 74
17 59 62
17 60 61
17 61 55
17 62 36
17 63 30
17 64 62
17 65 28
17 66 28
17 67 47
17 68 10
17 69 36
17 70 98
17 71 77
17 72 67
17 73 64
17 74 15
17 75 75
17 76 17
17 77 86
17 78 30
17 79 79
17 80 50
17 81 31
17 82 44
17 83 30
17 84 38
17 85 10
17 86 31
17 87 66
17 88 16
17 89 97
17 90 42
17 91 48
17 92 58
17 93 57
17 94 30
17 95 30
17 96 10
17 97 60
17 98 48
17 99 14
18 19 21
18 20 34
18 21 18
18 22 27
18 23 45
18 24 10
18 25 17
18 26 40
18 27 46
18 28 57
18 29 34
18 30 45
18 31 43
18 32 51
18 33 53
18 34 23
18 35 35
18 36 35
18 37 60
18 38 26
18 39 69
18 40 63
18 41 17
18 42 61
18 43 33
18 44 11
18 45 36
18 46 35
18 47 24
18 48 9
18 49 40
18 50 15
18 51 5
18 52 23
18 53 64
18 54 59
18 55 77
18 56 62
18 57 24
18 58 16
18 59 3
18 60 63
18 61 53
18 62 52
18 63 62
18 64 3
18 65 63
18 66 76
18 67 31
18 68 75
18 69 59
18 70 38
18 71 37
18 72 66
18 73 39
18 74 61
18 75 24
18 76 51
18 77 66
18 78 66
18 79 54
18 80 25
18 81 61
18 82 21
18 83 45
18 84 57
18 85 74
18 86 66
18 87 34
18 88 49
18 89 34
18 90 51
18 91 64
18 92 34
18 93 43
18 94 92
18 95 45
18 96 74
18 97 50
18 98 54
18 99 65
19 20 39
19 21 38
19 22 6
19 23 65
19 24 31
19 25 6
19 26 44
19 27 35
19 28 76
19 29 29
19 30 25
19 31 45
19 32 32
19 33 52
19 34 36
19 35 34
19 36 19
19 37 70
19 38 25
19 39 78
19 40 82
19 41 38
19 42 42
19 43 54
19 44 21
19 45 26
19 46 45
19 47 32
19 48 12
19 49 61
19 50 31
19 51 17
19 52 34
19 53 54
19 54 64
19 55 58
19 56 81
19 57 11
19 58 14
19 59 22
19 60 80
19 61 70
19 62 64
19 63 71
19 64 19
19 65 53
19 66 82
19 67 46
19 68 73
19 69 70
19 70 35
19 71 17
19 72 46
19 73 59
19 74 56
19 75 11
19 76 48
19 77 87
19 78 75
19 79 75
19 80 41
19 81 51
19 82 28
19 83 54
19 84 69
19 85 73
19 86 56
19 87 12
19 88 49
19 89 36
19 90 37
19 91 49
19 92 15
19 93 24
19 94 94
19 95 55
19 96 74
19 97 67
19 98 38
19 99 69
20 21 32
20 22 44
20 23 67
20 24 41
20 25 34
20 26 74
20 27 74
20 28 82
20 29 17
20 30 59
20 31 77
20 32 68
20 33 86
20 34 16
20 35 68
20 36 32
20 37 94
20 38 15
20 39 102
20 40 88
20 41 37
20 42 79
20 43 53
20 44 45
20 45 64
20 46 69
20 47 11
20 48 34
20 49 64
20 50 23
20 51 32
20 52 57
20 53 92
20 54 93
20 55 95
20 56 87
20 57 30
20 58 25
20 59 37
20 60 91
20 61 83
20 62 85
20 63 95
20 64 36
20 65 92
20 66 110
20 67 64
20 68 108
20 69 92
20 70 13
20 71 41
20 72 81
20 73 65
20 74 93
20 75 30
20 76 83
20 77 86
20 78 100
20 79 74
20 80 58
20 81 89
20 82 55
20 83 79
20 84 90
20 85 108
20 86 95
20 87 47
20 88 82
20 89 5
20 90 76
20 91 87
20 92 54
20 93 62
20 94 126
20 95 79
20 96 108
20 97 77
20 98 76
20 99 100
21 22 44
21 23 36
21 24 15
21 25 33
21 26 53
21 27 64
21 28 50
21 29 40
21 30 63
21 31 56
21 32 69
21 33 67
21 34 16
21 35 50
21 36 47
21 37 67
21 38 32
21 39 74
21 40 56
21 41 6
21 42 79
21 43 22
21 44 27
21 45 54
21 46 43
21 47 22
21 48 26
21 49 32
21 50 11
21 51 21
21 52 33
21 53 81
21 54 68
21 55 95
21 56 55
21 57 38
21 58 28
21 59 19
21 60 59
21 61 51
21 62 57
21 63 67
21 64 21
21 65 80
21 66 83
21 67 35
21 68 88
21 69 63
21 70 41
21 71 52
21 72 84
21 73 33
21 74 76
21 75 38
21 76 66
21 77 56
21 78 72
21 79 43
21 80 30
21 81 78
21 82 35
21 83 53
21 84 61
21 85 87
21 86 83
21 87 51
21 88 62
21 89 34
21 90 69
21 91 82
21 92 53
21 93 61
21 94 102
21 95 53
21 96 86
21 97 46
21 98 72
21 99 75
22 23 69
22 24 36
22 25 12
22 26 43
22 27 31
22 28 80
22 29 33
22 30 19
22 31 43
22 32 25
22 33 50
22 34 42
22 35 33
22 36 21
22 37 70
22 38 30
22 39 79
22 40 86
22 41 44
22 42 36
22 43 59
22 44 25
22 45 22
22 46 47
22 47 38
22 48 18
22 49 65
22 50 37
22 51 23
22 52 37
22 53 49
22 54 64
22 55 52
22 56 85
22 57 15
22 58 20
22 59 27
22 60 83
22 61 72
22 62 65
22 63 71
22 64 24
22 65 49
22 66 82
22 67 49
22 68 71
22 69 71
22 70 40
22 71 15
22 72 40
22 73 63
22 74 53
22 75 15
22 76 46
22 77 91
22 78 75
22 79 79
22 80 45
22 81 46
22 82 29
22 83 55
22 84 70
22 85 70
22 86 51
22 87 7
22 88 47
22 89 41
22 90 31
22 91 43
22 92 9
22 93 18
22 94 92
22 95 55
22 96 72
22 97 71
22 98 32
22 99 68
23 24 34
23 25 61
23 26 52
23 27 76
23 28 15
23 29 75
23 30 87
23 31 56
23 32 91
23 33 66
23 34 51
23 35 56
23 36 79
23 37 48
23 38 67
23 39 52
23 40 21
23 41 31
23 42 97
23 43 14
23 44 45
23 45 68
23 46 36
23 47 57
23 48 53
23 49 4
23 50 46
23 51 50
23 52 37
23 53 88
23 54 55
23 55 112
23 56 19
23 57 69
23 58 60
23 59 43
23 60 27
23 61 22
23 62 38
23 63 49
23 64 46
23 65 85
23 66 65
23 67 27
23 68 81
23 69 41
23 70 76
23 71 81
23 72 104
23 73 7
23 74 77
23 75 69
23 76 67
23 77 22
23 78 52
23 79 10
23 80 28
23 81 85
23 82 45
23 83 41
23 84 39
23 85 80
23 86 90
23 87 77
23 88 60
23 89 70
23 90 82
23 91 96
23 92 75
23 93 82
23 94 87
23 95 41
23 96 76
23 97 15
23 98 88
23 99 63
24 25 27
24 26 38
24 27 50
24 28 47
24 29 43
24 30 54
24 31 41
24 32 59
24 33 52
24 34 27
24 35 35
24 36 45
24 37 54
24 38 35
24 39 62
24 40 53
24 41 11
24 42 67
24 43 24
24 44 13
24 45 41
24 46 29
24 47 30
24 48 19
24 49 30
24 50 19
24 51 16
24 52 18
24 53 67
24 54 54
24 55 84
24 56 52
24 57 34
24 58 26
24 59 9
24 60 53
24 61 43
24 62 44
24 63 55
24 64 12
24 65 65
24 66 70
24 67 23
24 68 73
24 69 51
24 70 46
24 71 47
24 72 73
24 73 29
24 74 61
24 75 34
24 76 50
24 77 56
24 78 59
24 79 44
24 80 17
24 81 64
24 82 20
24 83 39
24 84 49
24 85 72
24 86 69
24 87 43
24 88 47
24 89 42
24 90 55
24 91 69
24 92 42
24 93 50
24 94 88
24 95 39
24 96 71
24 97 39
24 98 60
24 99 61
25 26 45
25 27 40
25 28 73
25 29 25
25 30 31
25 31 47
25 32 38
25 33 55
25 34 30
25 35 36
25 36 19
25 37 70
25 38 20
25 39 79
25 40 79
25 41 33
25 42 48
25 43 50
25 44 20
25 45 30
25 46 45
25 47 26
25 48 8
25 49 57
25 50 25
25 51 12
25 52 33
25 53 59
25 54 66
25 55 65
25 56 78
25 57 9
25 58 8
25 59 18
25 60 78
25 61 68
25 62 63
25 63 71
25 64 15
25 65 58
25 66 84
25 67 45
25 68 76
25 69 70
25 70 31
25 71 20
25 72 52
25 73 55
25 74 60
25 75 9
25 76 51
25 77 83
25 78 76
25 79 71
25 80 39
25 81 56
25 82 28
25 83 55
25 84 68
25 85 76
25 86 61
25 87 18
25 88 52
25 89 31
25 90 42
25 91 54
25 92 21
25 93 30
25 94 96
25 95 55
25 96 77
25 97 65
25 98 44
25 99 71
26 27 29
26 28 54
26 29 70
26 30 52
26 31 4
26 32 51
26 33 15
26 34 63
26 35 11
26 36 63
26 37 28
26 38 64
26 39 36
26 40 59
26 41 48
26 42 53
26 43 51
26 44 30
26 45 26
26 46 15
26 47 64
26 48 41
26 49 48
26 50 55
26 51 43
26 52 20
26 53 37
26 54 21
26 55 66
26 56 58
26 57 54
26 58 51
26 59 38
26 60 50
26 61 41
26 62 26
26 63 29
26 64 38
26 65 34
26 66 39
26 67 25
26 68 35
26 69 31
26 70 76
26 71 59
26 72 62
26 73 44
26 74 26
26 75 54
26 76 15
26 77 70
26 78 33
26 79 61
26 80 27
26 81 34
26 82 19
26 83 15
26 84 31
26 85 34
26 86 38
26 87 49
26 88 10
26 89 73
26 90 36
26 91 48
26 92 42
26 93 44
26 94 52
26 95 15
26 96 33
26 97 44
26 98 43
26 99 26
27 28 81
27 29 63
27 30 29
27 31 26
27 32 25
27 33 26
27 34 68
27 35 20
27 36 51
27 37 55
27 38 60
27 39 63
27 40 86
27 41 61
27 42 24
27 43 71
27 44 37
27 45 10
27 46 42
27 47 66
27 48 41
27 49 72
27 50 61
27 51 46
27 52 39
27 53 19
27 54 46
27 55 37
27 56 86
27 57 45
27 58 49
27 59 45
27 60 79
27 61 69
27 62 55
27 63 56
27 64 43
27 65 18
27 66 62
27 67 49
27 68 43
27 69 59
27 70 70
27 71 43
27 72 33
27 73 68
27 74 24
27 75 45
27 76 21
27 77 96
27 78 59
27 79 86
27 80 48
27 81 15
27 82 32
27 83 44
27 84 60
27 85 42
27 86 21
27 87 32
27 88 27
27 89 71
27 90 7
27 91 20
27 92 23
27 93 20
27 94 66
27 95 44
27 96 46
27 97 71
27 98 14
27 99 47
28 29 89
28 30 96
28 31 58
28 32 99
28 33 67
28 34 66
28 35 61
28 36 92
28 37 42
28 38 81
28 39 44
28 40 6
28 41 45
28 42 104
28 43 29
28 44 55
28 45 75
28 46 39
28 47 72
28 48 65
28 49 18
28 50 60
28 51 62
28 52 44
28 53 90
28 54 52
28 55 118
28 56 5
28 57 81
28 58 73
28 59 55
28 60 13
28 61 15
28 62 33
28 63 43
28 64 58
28 65 88
28 66 57
28 67 32
28 68 78
28 69 35
28 70 91
28 71 93
28 72 112
28 73 18
28 74 78
28 75 81
28 76 68
28 77 16
28 78 45
28 79 14
28 80 35
28 81 88
28 82 52
28 83 40
28 84 33
28 85 78
28 86 92
28 87 87
28 88 62
28 89 84
28 90 88
28 91 101
28 92 84
28 93 90
28 94 80
28 95 41
28 96 73
28 97 10
28 98 94
28 99 59
29 30 45
29 31 72
29 32 53
29 33 80
29 34 26
29 35 61
29 36 16
29 37 93
29 38 8
29 39 102
29 40 95
29 41 43
29 42 65
29 43 61
29 44 42
29 45 54
29 46 68
29 47 19
29 48 29
29 49 71
29 50 29
29 51 29
29 52 56
29 53 82
29 54 90
29 55 80
29 56 94
29 57 18
29 58 19
29 59 36
29 60 96
29 61 87
29 62 86
29 63 94
29 64 35
29 65 82
29 66 108
29 67 65
29 68 101
29 69 92
29 70 7
29 71 26
29 72 65
29 73 71
29 74 85
29 75 18
29 76 76
29 77 95
29 78 99
29 79 83
29 80 59
29 81 79
29 82 52
29 83 78
29 84 90
29 85 101
29 86 84
29 87 33
29 88 77
29 89 11
29 90 64
29 91 74
29 92 41
29 93 48
29 94 121
29 95 78
29 96 102
29 97 82
29 98 64
29 99 96
30 31 51
30 32 9
30 33 53
30 34 60
30 35 41
30 36 29
30 37 80
30 38 45
30 39 88
30 40 102
30 41 62
30 42 21
30 43 78
30 44 42
30 45 26
30 46 60
30 47 55
30 48 37
30 49 82
30 50 56
30 51 42
30 52 52
30 53 43
30 54 72
30 55 36
30 56 101
30 57 30
30 58 38
30 59 46
30 60 97
30 61 87
30 62 77
30 63 81
30 64 43
30 65 44
30 66 89
30 67 64
30 68 71
30 69 82
30 70 52
30 71 19
30 72 22
30 73 80
30 74 53
30 75 30
30 76 49
30 77 109
30 78 84
30 79 97
30 80 61
30 81 41
30 82 44
30 83 66
30 84 82
30 85 71
30 86 45
30 87 13
30 88 53
30 89 55
30 90 25
30 91 31
30 92 12
30 93 8
30 94 95
30 95 66
30 96 75
30 97 87
30 98 22
30 99 74
31 32 50
31 33 11
31 34 66
31 35 11
31 36 64
31 37 29
31 38 66
31 39 38
31 40 62
31 41 51
31 42 50
31 43 55
31 44 32
31 45 25
31 46 19
31 47 67
31 48 43
31 49 53
31 50 58
31 51 45
31 52 24
31 53 33
31 54 21
31 55 62
31 56 62
31 57 55
31 58 53
31 59 41
31 60 54
31 61 45
31 62 29
31 63 30
31 64 41
31 65 30
31 66 39
31 67 29
31 68 32
31 69 33
31 70 77
31 71 59
31 72 59
31 73 48
31 74 21
31 75 55
31 76 11
31 77 73
31 78 34
31 79 65
31 80 31
31 81 31
31 82 22
31 83 18
31 84 33
31 85 31
31 86 34
31 87 49
31 88 6
31 89 76
31 90 33
31 91 44
31 92 41
31 93 43
31 94 50
31 95 19
31 96 31
31 97 48
31 98 40
31 99 25
32 33 50
32 34 67
32 35 41
32 36 37
32 37 79
32 38 53
32 39 87
32 40 105
32 41 68
32 42 12
32 43 82
32 44 47
32 45 25
32 46 61
32 47 63
32 48 43
32 49 86
32 50 63
32 51 48
32 52 55
32 53 37
32 54 70
32 55 27
32 56 104
32 57 38
32 58 45
32 59 51
32 60 99
32 61 89
32 62 77
32 63 80
32 64 49
32 65 38
32 66 86
32 67 67
32 68 67
32 69 82
32 70 60
32 71 28
32 72 14
32 73 84
32 74 48
32 75 38
32 76 46
32 77 112
32 78 83
32 79 101
32 80 64
32 81 35
32 82 46
32 83 66
32 84 82
32 85 66
32 86 39
32 87 21
32 88 51
32 89 63
32 90 20
32 91 23
32 92 17
32 93 9
32 94 90
32 95 66
32 96 70
32 97 89
32 98 15
32 99 72
33 34 76
33 35 19
33 36 71
33 37 32
33 38 75
33 39 39
33 40 71
33 41 63
33 42 48
33 43 66
33 44 43
33 45 29
33 46 30
33 47 77
33 48 52
33 49 63
33 50 68
33 51 55
33 52 35
33 53 25
33 54 21
33 55 58
33 56 71
33 57 63
33 58 62
33 59 51
33 60 61
33 61 53
33 62 35
33 63 33
33 64 51
33 65 22
33 66 36
33 67 40
33 68 22
33 69 38
33 70 86
33 71 64
33 72 58
33 73 59
33 74 11
33 75 63
33 76 5
33 77 83
33 78 35
33 79 75
33 80 42
33 81 24
33 82 32
33 83 26
33 84 39
33 85 21
33 86 26
33 87 54
33 88 6
33 89 85
33 90 31
33 91 40
33 92 46
33 93 45
33 94 42
33 95 26
33 96 22
33 97 57
33 98 38
33 99 21
34 35 58
34 36 38
34 37 80
34 38 19
34 39 88
34 40 72
34 41 21
34 42 78
34 43 37
34 44 34
34 45 58
34 46 55
34 47 7
34 48 26
34 49 48
34 50 8
34 51 22
34 52 44
34 53 86
34 54 80
34 55 94
34 56 71
34 57 31
34 58 22
34 59 25
34 60 75
34 61 67
34 62 71
34 63 81
34 64 26
34 65 85
34 66 97
34 67 49
34 68 97
34 69 77
34 70 26
34 71 44
34 72 81
34 73 49
34 74 84
34 75 30
34 76 74
34 77 71
34 78 86
34 79 58
34 80 43
34 81 83
34 82 44
34 83 66
34 84 75
34 85 97
34 86 88
34 87 47
34 88 72
34 89 19
34 90 71
34 91 84
34 92 51
34 93 60
34 94 114
34 95 66
34 96 96
34 97 62
34 98 73
34 99 87
35 36 53
35 37 39
35 38 56
35 39 47
35 40 66
35 41 46
35 42 43
35 43 53
35 44 24
35 45 16
35 46 22
35 47 58
35 48 34
35 49 53
35 50 50
35 51 36
35 52 20
35 53 32
35 54 31
35 55 57
35 56 66
35 57 44
35 58 43
35 59 33
35 60 59
35 61 50
35 62 36
35 63 40
35 64 32
35 65 30
35 66 49
35 67 30
35 68 40
35 69 41
35 70 67
35 71 48
35 72 52
35 73 49
35 74 26
35 75 44
35 76 16
35 77 76
35 78 44
35 79 66
35 80 29
35 81 30
35 82 15
35 83 26
35 84 41
35 85 40
35 86 34
35 87 38
35 88 15
35 89 66
35 90 27
35 91 40
35 92 31
35 93 33
35 94 60
35 95 26
35 96 41
35 97 51
35 98 33
35 99 36
36 37 89
36 38 19
36 39 98
36 40 98
36 41 49
36 42 50
36 43 67
36 44 39
36 45 43
36 46 64
36 47 31
36 48 27
36 49 75
36 50 37
36 51 29
36 52 53
36 53 68
36 54 84
36 55 64
36 56 97
36 57 11
36 58 19
36 59 37
36 60 97
36 61 87
36 62 83
36 63 90
36 64 34
36 65 69
36 66 102
36 67 64
36 68 91
36 69 89
36 70 23
36 71 10
36 72 49
36 73 74
36 74 73
36 75 11
36 76 66
36 77 101
36 78 94
36 79 88
36 80 59
36 81 65
36 82 47
36 83 73
36 84 88
36 85 91
36 86 71
36 87 19
36 88 68
36 89 27
36 90 50
36 91 59
36 92 27
36 93 34
36 94 113
36 95 74
36 96 93
36 97 84
36 98 49
36 99 89
37 38 86
37 39 9
37 40 45
37 41 61
37 42 79
37 43 55
37 44 52
37 45 54
37 46 26
37 47 83
37 48 64
37 49 47
37 50 72
37 51 65
37 52 38
37 53 57
37 54 11
37 55 90
37 56 45
37 57 79
37 58 75
37 59 58
37 60 33
37 61 28
37 62 11
37 63 1
37 64 59
37 65 54
37 66 17
37 67 31
37 68 36
37 69 8
37 70 98
37 71 85
37 72 88
37 73 43
37 74 42
37 75 79
37 76 36
37 77 58
37 78 6
37 79 55
37 80 37
37 81 56
37 82 42
37 83 16
37 84 10
37 85 36
37 86 58
37 87 76
37 88 29
37 89 95
37 90 62
37 91 72
37 92 70
37 93 72
37 94 39
37 95 15
37 96 31
37 97 34
37 98 69
37 99 17
38 39 95
38 40 87
38 41 35
38 42 65
38 43 53
38 44 35
38 45 50
38 46 61
38 47 13
38 48 23
38 49 63
38 50 21
38 51 22
38 52 48
38 53 79
38 54 84
38 55 80
38 56 86
38 57 15
38 58 12
38 59 29
38 60 88
38 61 79
38 62 78
38 63 87
38 64 27
38 65 78
38 66 101
38 67 57
38 68 96
38 69 85
38 70 12
38 71 27
38 72 66
38 73 63
38 74 80
38 75 15
38 76 71
38 77 87
38 78 92
38 79 75
38 80 52
38 81 75
38 82 45
38 83 71
38 84 83
38 85 96
38 86 81
38 87 32
38 88 71
38 89 11
38 90 61
38 91 73
38 92 39
38 93 47
38 94 115
38 95 71
38 96 96
38 97 74
38 98 62
38 99 90
39 40 45
39 41 68
39 42 87
39 43 61
39 44 60
39 45 63
39 46 34
39 47 92
39 48 73
39 49 52
39 50 80
39 51 73
39 52 46
39 53 63
39 54 18
39 55 97
39 56 46
39 57 88
39 58 83
39 59 66
39 60 33
39 61 31
39 62 17
39 63 8
39 64 68
39 65 60
39 66 13
39 67 39
39 68 39
39 69 11
39 70 107
39 71 94
39 72 96
39 73 48
39 74 48
39 75 88
39 76 43
39 77 59
39 78 4
39 79 57
39 80 45
39 81 63
39 82 51
39 83 24
39 84 14
39 85 39
39 86 64
39 87 85
39 88 37
39 89 103
39 90 70
39 91 79
39 92 78
39 93 80
39 94 36
39 95 24
39 96 33
39 97 38
39 98 77
39 99 20
40 41 52
40 42 109
40 43 35
40 44 61
40 45 80
40 46 45
40 47 78
40 48 71
40 49 24
40 50 66
40 51 69
40 52 50
40 53 95
40 54 55
40 55 124
40 56 1
40 57 87
40 58 79
40 59 61
40 60 13
40 61 18
40 62 36
40 63 45
40 64 64
40 65 92
40 66 58
40 67 38
40 68 81
40 69 37
40 70 97
40 71 99
40 72 117
40 73 24
40 74 82
40 75 87
40 76 73
40 77 14
40 78 47
40 79 17
40 80 41
40 81 93
40 82 58
40 83 45
40 84 35
40 85 81
40 86 96
40 87 93
40 88 66
40 89 91
40 90 93
40 91 106
40 92 90
40 93 96
40 94 81
40 95 45
40 96 75
40 97 16
40 98 99
40 99 61
41 42 77
41 43 18
41 44 24
41 45 51
41 46 37
41 47 26
41 48 26
41 49 27
41 50 15
41 51 21
41 52 28
41 53 78
41 54 62
41 55 93
41 56 50
41 57 39
41 58 30
41 59 17
41 60 54
41 61 46
41 62 51
41 63 62
41 64 20
41 65 76
41 66 78
41 67 29
41 68 83
41 69 57
41 70 45
41 71 53
41 72 82
41 73 28
41 74 72
41 75 39
41 76 61
41 77 52
41 78 66
41 79 39
41 80 24
41 81 74
41 82 31
41 83 47
41 84 55
41 85 82
41 86 80
41 87 50
41 88 57
41 89 39
41 90 66
41 91 80
41 92 51
41 93 60
41 94 96
41 95 47
41 96 81
41 97 40
41 98 70
41 99 70
42 43 90
42 44 54
42 45 29
42 46 65
42 47 74
42 48 53
42 49 93
42 50 73
42 51 58
42 52 60
42 53 29
42 54 69
42 55 16
42 56 109
42 57 49
42 58 56
42 59 60
42 60 102
42 61 93
42 62 79
42 63 80
42 64 58
42 65 31
42 66 84
42 67 72
42 68 61
42 69 83
42 70 72
42 71 40
42 72 10
42 73 90
42 74 43
42 75 50
42 76 44
42 77 118
42 78 83
42 79 107
42 80 69
42 81 28
42 82 52
42 83 68
42 84 83
42 85 61
42 86 31
42 87 33
42 88 50
42 89 75
42 90 17
42 91 12
42 92 27
42 93 18
42 94 85
42 95 68
42 96 66
42 97 94
42 98 10
42 99 69
43 44 36
43 45 62
43 46 36
43 47 43
43 48 42
43 49 11
43 50 32
43 51 38
43 52 32
43 53 85
43 54 60
43 55 106
43 56 33
43 57 57
43 58 47
43 59 32
43 60 40
43 61 33
43 62 44
43 63 56
43 64 35
43 65 83
43 66 72
43 67 27
43 68 83
43 69 49
43 70 62
43 71 70
43 72 96
43 73 14
43 74 76
43 75 56
43 76 66
43 77 34
43 78 60
43 79 21
43 80 24
43 81 82
43 82 39
43 83 44
43 84 47
43 85 83
43 86 87
43 87 66
43 88 60
43 89 56
43 90 77
43 91 91
43 92 66
43 93 74
43 94 93
43 95 45
43 96 80
43 97 26
43 98 82
43 99 67
44 45 28
44 46 26
44 47 34
44 48 13
44 49 40
44 50 26
44 51 13
44 52 14
44 53 54
44 54 49
44 55 71
44 56 60
44 57 28
44 58 23
44 59 8
44 60 58
44 61 48
44 62 44
44 63 53
44 64 8
44 65 53
44 66 66
44 67 25
44 68 64
44 69 51
44 70 47
44 71 38
44 72 61
44 73 38
44 74 50
44 75 28
44 76 40
44 77 66
44 78 57
44 79 55
44 80 20
44 81 51
44 82 11
44 83 36
44 84 49
44 85 64
44 86 57
44 87 32
44 88 38
44 89 44
44 90 42
44 91 56
44 92 30
44 93 38
44 94 81
44 95 36
44 96 63
44 97 46
44 98 47
44 99 55
45 46 36
45 47 56
45 48 31
45 49 64
45 50 51
45 51 35
45 52 31
45 53 29
45 54 46
45 55 44
45 56 80
45 57 36
45 58 39
45 59 35
45 60 74
45 61 64
45 62 52
45 63 55
45 64 33
45 65 28
45 66 63
45 67 43
45 68 49
45 69 57
45 70 61
45 71 36
45 72 37
45 73 61
45 74 31
45 75 36
45 76 24
45 77 89
45 78 59
45 79 78
45 80 41
45 81 25
45 82 23
45 83 41
45 84 57
45 85 48
45 86 31
45 87 25
45 88 28
45 89 61
45 90 15
45 91 29
45 92 17
45 93 18
45 94 71
45 95 41
45 96 51
45 97 65
45 98 20
45 99 49
46 47 58
46 48 39
46 49 33
46 50 47
46 51 39
46 52 12
46 53 52
46 54 25
46 55 79
46 56 44
46 57 54
46 58 49
46 59 32
46 60 38
46 61 28
46 62 18
46 63 27
46 64 33
46 65 49
46 66 41
46 67 10
46 68 47
46 69 25
46 70 72
46 71 62
46 72 73
46 73 29
46 74 41
46 75 54
46 76 30
46 77 55
46 78 31
46 79 46
46 80 13
46 81 49
46 82 18
46 83 10
46 84 23
46 85 47
46 86 53
46 87 54
46 88 24
46 89 69
46 90 48
46 91 62
46 92 49
46 93 53
46 94 59
46 95 11
46 96 44
46 97 29
46 98 55
46 99 33
47 48 25
47 49 54
47 50 12
47 51 22
47 52 46
47 53 84
47 54 82
47 55 90
47 56 77
47 57 26
47 58 18
47 59 26
47 60 81
47 61 72
47 62 74
47 63 84
47 64 26
47 65 84
47 66 99
47 67 53
47 68 98
47 69 81
47 70 19
47 71 39
47 72 77
47 73 54
47 74 84
47 75 25
47 76 74
47 77 77
47 78 89
47 79 65
47 80 47
47 81 81
47 82 45
47 83 68
47 84 79
47 85 98
47 86 87
47 87 42
47 88 72
47 89 13
47 90 68
47 91 81
47 92 47
47 93 56
47 94 116
47 95 69
47 96 98
47 97 67
47 98 70
47 99 89
48 49 49
48 50 20
48 51 5
48 52 27
48 53 60
48 54 61
48 55 69
48 56 70
48 57 16
48 58 10
48 59 10
48 60 70
48 61 60
48 62 57
48 63 65
48 64 7
48 65 59
48 66 79
48 67 37
48 68 74
48 69 63
48 70 35
48 71 28
48 72 57
48 73 47
48 74 59
48 75 16
48 76 49
48 77 75
48 78 70
48 79 63
48 80 32
48 81 56
48 82 22
48 83 49
48 84 62
48 85 74
48 86 62
48 87 25
48 88 49
48 89 32
48 90 44
48 91 58
48 92 26
48 93 35
48 94 93
48 95 49
48 96 74
48 97 57
48 98 47
48 99 67
49 50 42
49 51 46
49 52 33
49 53 84
49 54 54
49 55 108
49 56 23
49 57 64
49 58 56
49 59 39
49 60 29
49 61 23
49 62 36
49 63 48
49 64 42
49 65 82
49 66 64
49 67 24
49 68 79
49 69 41
49 70 72
49 71 77
49 72 100
49 73 5
49 74 74
49 75 64
49 76 64
49 77 26
49 78 52
49 79 14
49 80 24
49 81 82
49 82 41
49 83 39
49 84 38
49 85 78
49 86 86
49 87 72
49 88 58
49 89 66
49 90 78
49 91 92
49 92 71
49 93 78
49 94 86
49 95 39
49 96 75
49 97 16
49 98 84
49 99 61
50 51 16
50 52 36
50 53 79
50 54 72
50 55 89
50 56 65
50 57 28
50 58 19
50 59 17
50 60 69
50 61 60
50 62 63
50 63 73
50 64 18
50 65 78
50 66 89
50 67 41
50 68 89
50 69 69
50 70 30
50 71 42
50 72 77
50 73 43
50 74 76
50 75 28
50 76 66
50 77 66
50 78 78
50 79 54
50 80 35
50 81 76
50 82 36
50 83 58
50 84 67
50 85 89
50 86 81
50 87 43
50 88 64
50 89 24
50 90 65
50 91 78
50 92 46
50 93 55
50 94 106
50 95 58
50 96 88
50 97 55
50 98 67
50 99 79
51 52 27
51 53 64
51 54 62
51 55 74
51 56 67
51 57 19
51 58 11
51 59 8
51 60 68
51 61 58
51 62 56
51 63 66
51 64 5
51 65 63
51 66 80
51 67 36
51 68 77
51 69 63
51 70 34
51 71 32
51 72 62
51 73 44
51 74 62
51 75 19
51 76 52
51 77 72
51 78 70
51 79 59
51 80 30
51 81 60
51 82 24
51 83 49
51 84 61
51 85 76
51 86 66
51 87 29
51 88 51
51 89 31
51 90 49
51 91 62
51 92 31
51 93 40
51 94 95
51 95 49
51 96 76
51 97 55
51 98 52
51 99 68
52 53 53
52 54 36
52 55 75
52 56 49
52 57 42
52 58 37
52 59 20
52 60 46
52 61 36
52 62 30
52 63 39
52 64 21
52 65 51
52 66 53
52 67 12
52 68 55
52 69 37
52 70 60
52 71 51
52 72 68
52 73 29
52 74 45
52 75 42
52 76 34
52 77 58
52 78 43
52 79 47
52 80 9
52 81 50
52 82 8
52 83 22
52 84 35
52 85 55
52 86 55
52 87 44
52 88 30
52 89 57
52 90 45
52 91 59
52 92 40
52 93 46
52 94 70
52 95 23
52 96 53
52 97 35
52 98 51
52 99 43
53 54 46
53 55 35
53 56 95
53 57 64
53 58 67
53 59 62
53 60 86
53 61 77
53 62 60
53 63 58
53 64 61
53 65 3
53 66 58
53 67 61
53 68 32
53 69 63
53 70 89
53 71 60
53 72 38
53 73 80
53 74 16
53 75 64
53 76 22
53 77 106
53 78 59
53 79 97
53 80 61
53 81 3
53 82 47
53 83 51
53 84 64
53 85 32
53 86 2
53 87 50
53 88 29
53 89 89
53 90 18
53 91 18
53 92 41
53 93 36
53 94 56
53 95 51
53 96 37
53 97 80
53 98 22
53 99 44
54 55 79
54 56 55
54 57 74
54 58 71
54 59 56
54 60 43
54 61 37
54 62 18
54 63 12
54 64 57
54 65 43
54 66 18
54 67 34
54 68 26
54 69 18
54 70 95
54 71 79
54 72 78
54 73 49
54 74 30
54 75 74
54 76 25
54 77 68
54 78 14
54 79 63
54 80 38
54 81 45
54 82 39
54 83 15
54 84 20
54 85 26
54 86 46
54 87 70
54 88 19
54 89 93
54 90 52
54 91 61
54 92 62
54 93 64
54 94 34
54 95 15
54 96 21
54 97 43
54 98 59
54 99 8
55 56 123
55 57 65
55 58 72
55 59 77
55 60 116
55 61 107
55 62 91
55 63 91
55 64 74
55 65 38
55 66 93
55 67 86
55 68 67
55 69 95
55 70 87
55 71 54
55 72 15
55 73 105
55 74 51
55 75 65
55 76 54
55 77 133
55 78 93
55 79 122
55 80 85
55 81 35
55 82 68
55 83 81
55 84 96
55 85 66
55 86 35
55 87 48
55 88 61
55 89 90
55 90 31
55 91 18
55 92 43
55 93 34
55 94 90
55 95 81
55 96 72
55 97 108
55 98 24
55 99 78
56 57 86
56 58 78
56 59 60
56 60 13
56 61 18
56 62 36
56 63 45
56 64 63
56 65 92
56 66 59
56 67 37
56 68 81
56 69 37
56 70 95
56 71 98
56 72 117
56 73 23
56 74 82
56 75 86
56 76 73
56 77 14
56 78 47
56 79 16
56 80 40
56 81 93
56 82 58
56 83 44
56 84 35
56 85 81
56 86 96
56 87 92
56 88 66
56 89 89
56 90 92
56 91 106
56 92 89
56 93 95
56 94 82
56 95 44
56 96 76
56 97 15
56 98 99
56 99 62
57 58 10
57 59 26
57 60 86
57 61 76
57 62 72
57 63 80
57 64 23
57 65 64
57 66 92
57 67 53
57 68 84
57 69 79
57 70 25
57 71 14
57 72 51
57 73 63
57 74 67
57 75 0
57 76 59
57 77 90
57 78 84
57 79 78
57 80 48
57 81 61
57 82 37
57 83 63
57 84 77
57 85 83
57 86 66
57 87 17
57 88 60
57 89 26
57 90 46
57 91 57
57 92 24
57 93 32
57 94 104
57 95 63
57 96 85
57 97 73
57 98 46
57 99 80
58 59 18
58 60 79
58 61 69
58 62 67
58 63 76
58 64 16
58 65 67
58 66 89
58 67 47
58 68 84
58 69 74
58 70 24
58 71 24
58 72 59
58 73 55
58 74 68
58 75 9
58 76 59
58 77 81
58 78 80
58 79 69
58 80 41
58 81 64
58 82 33
58 83 59
58 84 72
58 85 83
58 86 70
58 87 25
58 88 59
58 89 23
58 90 51
58 91 63
58 92 29
58 93 38
58 94 103
58 95 59
58 96 84
58 97 66
58 98 52
58 99 77
59 60 60
59 61 51
59 62 49
59 63 59
59 64 3
59 65 61
59 66 73
59 67 29
59 68 72
59 69 56
59 70 41
59 71 38
59 72 65
59 73 37
59 74 59
59 75 26
59 76 49
59 77 65
59 78 63
59 79 53
59 80 23
59 81 59
59 82 19
59 83 42
59 84 54
59 85 72
59 86 65
59 87 34
59 88 46
59 89 37
59 90 49
59 91 63
59 92 34
59 93 43
59 94 89
59 95 43
59 96 71
59 97 47
59 98 53
59 99 63
60 61 10
60 62 26
60 63 33
60 64 63
60 65 83
60 66 46
60 67 34
60 68 69
60 69 25
60 70 99
60 71 97
60 72 111
60 73 27
60 74 72
60 75 86
60 76 63
60 77 27
60 78 34
60 79 28
60 80 38
60 81 84
60 82 54
60 83 35
60 84 23
60 85 69
60 86 87
60 87 90
60 88 56
60 89 93
60 90 86
60 91 98
60 92 86
60 93 91
60 94 68
60 95 35
60 96 63
60 97 14
60 98 92
60 99 50
61 62 19
61 63 28
61 64 53
61 65 75
61 66 43
61 67 23
61 68 63
61 69 21
61 70 90
61 71 87
61 72 101
61 73 20
61 74 64
61 75 76
61 76 55
61 77 31
61 78 31
61 79 27
61 80 28
61 81 75
61 82 44
61 83 27
61 84 18
61 85 63
61 86 79
61 87 80
61 88 48
61 89 84
61 90 76
61 91 89
61 92 75
61 93 81
61 94 66
61 95 27
61 96 58
61 97 7
61 98 83
61 99 44
62 63 12
62 64 51
62 65 57
62 66 28
62 67 22
62 68 45
62 69 7
62 70 90
62 71 80
62 72 88
62 73 32
62 74 46
62 75 72
62 76 38
62 77 49
62 78 16
62 79 45
62 80 27
62 81 59
62 82 36
62 83 11
62 84 5
62 85 44
62 86 61
62 87 72
62 88 31
62 89 86
62 90 62
62 91 73
62 92 66
62 93 69
62 94 49
62 95 11
62 96 40
62 97 24
62 98 69
62 99 26
63 64 60
63 65 55
63 66 16
63 67 32
63 68 37
63 69 8
63 70 99
63 71 86
63 72 89
63 73 43
63 74 42
63 75 80
63 76 37
63 77 58
63 78 5
63 79 55
63 80 38
63 81 57
63 82 43
63 83 17
63 84 10
63 85 37
63 86 58
63 87 77
63 88 30
63 89 96
63 90 63
63 91 73
63 92 71
63 93 73
63 94 38
63 95 16
63 96 31
63 97 35
63 98 70
63 99 17
64 65 60
64 66 74
64 67 31
64 68 72
64 69 58
64 70 39
64 71 35
64 72 63
64 73 40
64 74 58
64 75 23
64 76 48
64 77 68
64 78 65
64 79 55
64 80 25
64 81 58
64 82 19
64 83 44
64 84 56
64 85 72
64 86 63
64 87 31
64 88 46
64 89 36
64 90 48
64 91 61
64 92 32
64 93 40
64 94 90
64 95 44
64 96 72
64 97 50
64 98 51
64 99 63
65 66 55
65 67 59
65 68 30
65 69 60
65 70 88
65 71 60
65 72 41
65 73 78
65 74 13
65 75 64
65 76 20
65 77 104
65 78 56
65 79 95
65 80 59
65 81 4
65 82 45
65 83 48
65 84 61
65 85 29
65 86 4
65 87 50
65 88 27
65 89 89
65 90 19
65 91 20
65 92 41
65 93 37
65 94 54
65 95 48
65 96 35
65 97 78
65 98 24
65 99 41
66 67 48
66 68 30
66 69 23
66 70 113
66 71 97
66 72 94
66 73 60
66 74 42
66 75 92
66 76 41
66 77 72
66 78 12
66 79 70
66 80 54
66 81 58
66 82 56
66 83 31
66 84 26
66 85 30
66 86 58
66 87 87
66 88 36
66 89 110
66 90 68
66 91 75
66 92 80
66 93 81
66 94 23
66 95 31
66 96 23
66 97 50
66 98 74
66 99 15
67 68 57
67 69 28
67 70 69
67 71 63
67 72 79
67 73 19
67 74 50
67 75 53
67 76 40
67 77 46
67 78 37
67 79 37
67 80 6
67 81 58
67 82 20
67 83 18
67 84 26
67 85 57
67 86 63
67 87 56
67 88 34
67 89 64
67 90 56
67 91 69
67 92 52
67 93 58
67 94 68
67 95 18
67 96 54
67 97 22
67 98 62
67 99 42
68 69 44
68 70 108
68 71 85
68 72 71
68 73 74
68 74 19
68 75 84
68 76 25
68 77 94
68 78 36
68 79 89
68 80 60
68 81 33
68 82 54
68 83 40
68 84 46
68 85 0
68 86 32
68 87 74
68 88 26
68 89 106
68 90 47
68 91 50
68 92 65
68 93 63
68 94 24
68 95 39
68 96 6
68 97 69
68 98 53
68 99 19
69 70 96
69 71 86
69 72 92
69 73 37
69 74 48
69 75 79
69 76 41
69 77 51
69 78 11
69 79 47
69 80 34
69 81 62
69 82 42
69 83 16
69 84 3
69 85 44
69 86 64
69 87 78
69 88 34
69 89 92
69 90 66
69 91 77
69 92 71
69 93 75
69 94 45
69 95 16
69 96 38
69 97 27
69 98 73
69 99 24
70 71 32
70 72 72
70 73 73
70 74 91
70 75 25
70 76 83
70 77 96
70 78 104
70 79 84
70 80 63
70 81 85
70 82 57
70 83 83
70 84 95
70 85 107
70 86 91
70 87 40
70 88 83
70 89 7
70 90 71
70 91 81
70 92 48
70 93 55
70 94 127
70 95 83
70 96 108
70 97 85
70 98 71
70 99 101
71 72 40
71 73 75
71 74 66
71 75 14
71 76 60
71 77 103
71 78 91
71 79 91
71 80 58
71 81 57
71 82 44
71 83 70
71 84 85
71 85 84
71 86 62
71 87 10
71 88 62
71 89 36
71 90 42
71 91 50
71 92 19
71 93 25
71 94 107
71 95 71
71 96 86
71 97 84
71 98 40
71 99 83
72 73 97
72 74 53
72 75 51
72 76 53
72 77 125
72 78 92
72 79 114
72 80 77
72 81 37
72 82 59
72 83 77
72 84 92
72 85 70
72 86 40
72 87 35
72 88 59
72 89 76
72 90 27
72 91 21
72 92 31
72 93 23
72 94 94
72 95 77
72 96 75
72 97 102
72 98 20
72 99 79
73 74 70
73 75 63
73 76 59
73 77 29
73 78 47
73 79 18
73 80 20
73 81 78
73 82 37
73 83 34
73 84 34
73 85 74
73 86 82
73 87 70
73 88 53
73 89 67
73 90 75
73 91 88
73 92 68
73 93 75
73 94 81
73 95 35
73 96 70
73 97 13
73 98 80
73 99 57
74 75 67
74 76 11
74 77 94
74 78 44
74 79 86
74 80 52
74 81 16
74 82 41
74 83 37
74 84 49
74 85 18
74 86 16
74 87 56
74 88 16
74 89 91
74 90 28
74 91 33
74 92 47
74 93 44
74 94 42
74 95 37
74 96 23
74 97 68
74 98 34
74 99 28
75 76 59
75 77 90
75 78 84
75 79 78
75 80 48
75 81 61
75 82 37
75 83 63
75 84 77
75 85 84
75 86 66
75 87 17
75 88 60
75 89 26
75 90 46
75 91 57
75 92 24
75 93 32
75 94 104
75 95 64
75 96 85
75 97 73
75 98 47
75 99 80
76 77 84
76 78 39
76 79 76
76 80 42
76 81 21
76 82 30
76 83 28
76 84 42
76 85 25
76 86 24
76 87 50
76 88 7
76 89 82
76 90 27
76 91 36
76 92 41
76 93 40
76 94 47
76 95 28
76 96 26
76 97 58
76 98 34
76 99 26
77 78 61
77 79 13
77 80 48
77 81 104
77 82 66
77 83 57
77 84 49
77 85 94
77 86 108
77 87 99
77 88 78
77 89 90
77 90 102
77 91 116
77 92 97
77 93 103
77 94 95
77 95 57
77 96 89
77 97 26
77 98 108
77 99 75
78 79 58
78 80 43
78 81 59
78 82 48
78 83 21
78 84 13
78 85 36
78 86 60
78 87 81
78 88 33
78 89 100
78 90 65
78 91 75
78 92 74
78 93 76
78 94 35
78 95 21
78 96 30
78 97 38
78 98 72
78 99 17
79 80 38
79 81 95
79 82 55
79 83 50
79 84 45
79 85 88
79 86 99
79 87 86
79 88 70
79 89 77
79 90 92
79 91 106
79 92 85
79 93 92
79 94 93
79 95 50
79 96 84
79 97 20
79 98 98
79 99 70
80 81 59
80 82 17
80 83 23
80 84 32
80 85 60
80 86 63
80 87 52
80 88 36
80 89 59
80 90 54
80 91 68
80 92 49
80 93 55
80 94 72
80 95 23
80 96 57
80 97 26
80 98 60
80 99 46
81 82 44
81 83 49
81 84 62
81 85 33
81 86 6
81 87 47
81 88 28
81 89 86
81 90 16
81 91 17
81 92 38
81 93 33
81 94 57
81 95 49
81 96 38
81 97 78
81 98 20
81 99 44
82 83 27
82 84 41
82 85 53
82 86 49
82 87 36
82 88 28
82 89 54
82 90 38
82 91 52
82 92 32
82 93 38
82 94 71
82 95 27
82 96 53
82 97 43
82 98 43
82 99 45
83 84 16
83 85 39
83 86 52
83 87 62
83 88 21
83 89 79
83 90 51
83 91 63
83 92 55
83 93 59
83 94 49
83 95 0
83 96 36
83 97 31
83 98 58
83 99 23
84 85 46
84 86 65
84 87 77
84 88 35
84 89 90
84 90 66
84 91 77
84 92 71
84 93 74
84 94 48
84 95 15
84 96 40
84 97 25
84 98 73
84 99 26
85 86 31
85 87 74
85 88 25
85 89 106
85 90 46
85 91 50
85 92 65
85 93 63
85 94 24
85 95 39
85 96 7
85 97 69
85 98 52
85 99 19
86 87 52
86 88 31
86 89 92
86 90 21
86 91 19
86 92 44
86 93 38
86 94 55
86 95 52
86 96 37
86 97 82
86 98 24
86 99 44
87 88 52
87 89 43
87 90 32
87 91 41
87 92 9
87 93 15
87 94 96
87 95 62
87 96 76
87 97 78
87 98 31
87 99 74
88 89 81
88 90 33
88 91 43
88 92 44
88 93 45
88 94 45
88 95 21
88 96 25
88 97 51
88 98 40
88 99 21
89 90 72
89 91 83
89 92 50
89 93 58
89 94 125
89 95 79
89 96 106
89 97 79
89 98 73
89 99 99
90 91 14
90 92 23
90 93 17
90 94 70
90 95 51
90 96 50
90 97 77
90 98 7
90 99 53
91 92 34
91 93 26
91 94 74
91 95 63
91 96 55
91 97 91
91 98 11
91 99 60
92 93 9
92 94 88
92 95 55
92 96 68
92 97 75
92 98 23
92 99 66
93 94 86
93 95 59
93 96 66
93 97 81
93 98 15
93 99 66
94 95 49
94 96 20
94 97 73
94 98 76
94 99 27
95 96 36
95 97 31
95 98 58
95 99 23
96 97 64
96 98 57
96 99 14
97 98 84
97 99 50
98 99 59
0 1 83
0 2 67
0 3 6
0 4 35
0 9 37
0 12 38
0 13 30
0 15 29
0 16 53
0 17 13
0 19 53
0 20 85
0 21 64
0 23 60
0 24 49
0 25 55
0 26 11
0 27 31
0 28 60
0 30 58
0 33 7
0 34 74
0 37 25
0 38 74
0 40 64
0 42 54
0 43 61
0 46 24
0 48 52
0 49 57
0 50 66
0 51 54
0 52 31
0 53 32
0 55 65
0 56 64
0 57 63
0 58 62
0 59 49
0 60 54
0 62 28
0 63 26
0 64 49
0 65 29
0 68 24
0 69 31
0 70 86
0 71 67
0 72 64
0 74 18
0 75 64
0 77 76
0 78 29
0 79 69
0 80 37
0 81 31
0 83 19
0 84 31
0 88 4
0 90 37
0 91 47
0 92 49
0 93 49
0 94 41
0 95 19
0 96 22
0 97 50
0 98 44
1 4 84
1 5 13
1 9 90
1 10 70
1 11 21
1 12 77
1 13 113
1 14 80
1 16 84
1 17 95
1 18 37
1 20 18
1 21 42
1 22 35
1 23 78
1 24 46
1 26 73
1 27 65
1 29 3
1 30 46
1 31 74
1 32 54
1 35 64
1 36 17
1 37 96
1 38 11
1 39 105
1 41 46
1 42 67
1 43 64
1 44 45
1 45 56
1 46 71
1 47 22
1 50 32
1 52 59
1 53 84
1 54 93
1 56 96
1 57 20
1 58 22
1 59 39
1 60 99
1 62 89
1 63 97
1 64 38
1 65 84
1 66 111
1 67 68
1 70 6
1 72 66
1 73 74
1 74 87
1 75 20
1 76 79
1 77 98
1 78 102
1 79 85
1 81 81
1 82 55
1 83 81
1 84 93
1 85 104
1 87 35
1 88 79
1 89 12
1 90 66
1 91 76
1 92 43
1 93 50
1 94 124
1 95 81
1 97 85
1 98 65
1 99 99
2 4 42
2 6 37
2 7 82
2 8 8
2 9 97
2 12 34
2 13 91
2 14 20
2 15 50
2 16 30
2 18 33
2 21 18
2 24 25
2 25 50
2 27 75
2 29 58
2 30 79
2 31 61
2 32 84
2 33 72
2 34 33
2 35 57
2 36 65
2 38 50
2 39 68
2 40 41
2 41 17
2 44 38
2 45 65
2 46 43
2 47 39
2 50 29
2 52 37
2 53 90
2 56 39
2 57 56
2 59 33
2 60 46
2 61 40
2 62 51
2 63 63
2 64 36
2 66 79
2 68 90
2 69 57
2 71 69
2 73 21
2 74 82
2 75 55
2 76 71
2 77 38
2 78 67
2 79 25
2 80 30
2 83 51
2 84 54
2 86 92
2 87 67
2 89 52
2 91 94
2 92 67
2 93 76
2 94 100
2 96 87
2 98 85
2 99 74
3 4 36
3 5 79
3 6 42
3 7 26
3 10 39
3 11 68
3 12 41
3 13 24
3 15 35
3 17 8
3 18 58
3 21 69
3 22 58
3 23 63
3 25 62
3 26 17
3 27 35
3 28 61
3 29 86
3 31 15
3 33 10
3 34 80
3 35 25
3 39 30
3 40 65
3 41 64
3 44 47
3 45 38
3 50 72
3 51 60
3 52 37
3 54 12
3 55 68
3 56 65
3 58 68
3 59 55
3 62 29
3 63 24
3 64 55
3 65 31
3 66 26
3 70 92
3 71 73
3 72 67
3 74 18
3 75 70
3 78 26
3 79 71
3 80 42
3 81 33
3 82 36
3 83 22
3 84 31
3 85 18
3 86 34
3 87 62
3 88 10
3 90 41
3 91 50
3 92 54
3 93 54
3 94 35
3 95 22
3 96 16
3 97 52
3 98 48
3 99 12
4 5 71
4 8 35
4 9 72
4 10 65
4 11 64
4 12 8
4 14 34
4 15 40
4 16 19
4 17 44
4 18 47
4 20 79
4 21 49
4 22 63
4 26 30
4 29 81
4 30 77
4 31 33
4 32 78
4 33 42
4 34 64
4 35 38
4 36 79
4 37 20
4 39 26
4 40 29
4 41 43
4 42 82
4 44 40
4 45 53
4 46 17
4 47 68
4 49 27
4 50 56
4 53 66
4 55 95
4 57 69
4 58 63
4 59 44
4 61 11
4 62 10
4 63 21
4 64 46
4 65 63
4 66 37
4 67 16
4 68 53
4 71 78
4 72 90
4 73 22
4 74 53
4 75 69
4 76 44
4 79 35
4 80 21
4 82 34
4 83 15
4 84 12
4 85 53
4 87 70
4 88 37
4 89 80
4 90 65
4 91 77
4 92 66
4 93 70
4 95 15
4 97 15
4 98 72
5 6 39
5 7 74
5 9 85
5 10 65
5 14 67
5 15 44
5 17 86
5 18 24
5 19 25
5 20 14
5 21 30
5 22 30
5 23 65
5 24 33
5 25 20
5 26 63
5 27 60
5 31 65
5 33 74
5 34 18
5 36 20
5 37 85
5 38 2
5 39 93
5 40 85
5 41 33
5 43 51
5 45 50
5 47 11
5 50 19
5 51 20
5 53 78
5 54 82
5 56 83
5 57 16
5 58 12
5 59 27
5 60 86
5 61 77
5 62 77
5 63 86
5 67 56
5 68 95
5 69 83
5 71 28
5 73 61
5 74 79
5 75 16
5 76 70
5 78 90
5 79 73
5 83 69
5 86 81
5 87 33
5 90 61
5 91 73
5 92 39
5 95 69
5 96 95
5 97 72
6 7 46
6 12 28
6 14 46
6 16 41
6 17 50
6 18 16
6 22 30
6 23 40
6 26 25
6 27 38
6 28 49
6 32 50
6 33 39
6 37 45
6 38 41
6 39 54
6 40 56
6 41 24
6 44 6
6 45 29
6 46 20
6 47 39
6 49 36
6 50 30
6 51 19
6 52 8
6 53 54
6 54 43
6 55 73
6 56 55
6 60 52
6 62 38
6 63 46
6 65 52
6 66 60
6 69 44
6 71 44
6 72 64
6 74 48
6 77 62
6 78 51
6 79 50
6 80 14
6 81 51
6 82 7
6 83 30
6 84 43
6 85 60
6 86 56
6 89 49
6 90 43
6 94 76
6 96 59
6 98 48
6 99 50
7 8 79
7 9 15
7 10 15
7 11 61
7 14 86
7 15 34
7 16 74
7 19 50
7 20 88
7 21 74
7 22 46
7 23 79
7 24 59
7 26 28
7 28 82
7 29 78
7 34 80
7 36 66
7 38 74
7 40 86
7 42 33
7 44 48
7 45 24
7 46 43
7 47 79
7 49 76
7 51 58
7 52 45
7 53 9
7 54 38
7 56 86
7 61 69
7 64 55
7 65 6
7 66 51
7 67 52
7 68 28
7 69 54
7 70 85
7 71 58
7 73 72
7 74 10
7 75 60
7 76 14
7 77 97
7 78 51
7 80 53
7 82 39
7 83 42
7 84 55
7 85 28
7 86 10
7 88 21
7 89 85
7 91 24
7 92 39
7 93 35
7 94 52
7 95 42
7 96 32
7 98 24
8 9 94
8 10 80
8 13 85
8 14 14
8 15 49
8 16 22
8 18 36
8 20 55
8 22 62
8 23 13
8 24 26
8 29 63
8 30 80
8 31 56
8 32 85
8 33 67
8 34 39
8 35 55
8 36 69
8 37 55
8 38 56
8 39 61
8 46 38
8 47 46
8 48 45
8 49 10
8 50 34
8 51 41
8 53 87
8 54 60
8 55 108
8 59 35
8 60 39
8 62 44
8 64 37
8 65 85
8 66 72
8 68 85
8 69 49
8 70 65
8 72 99
8 74 78
8 75 59
8 76 67
8 77 32
8 78 60
8 79 19
8 81 84
8 82 41
8 84 47
8 85 84
8 86 89
8 87 69
8 88 62
8 89 58
8 90 79
8 92 68
8 95 45
8 97 26
8 98 84
8 99 68
9 10 20
9 13 47
9 15 48
9 16 89
9 17 34
9 20 99
9 21 88
9 22 55
9 23 94
9 25 65
9 27 25
9 28 97
9 29 88
9 30 48
9 31 39
9 32 41
9 34 93
9 35 39
9 36 74
9 38 85
9 39 67
9 40 101
9 41 85
9 42 32
9 43 92
9 44 61
9 46 58
9 48 67
9 49 91
9 50 86
9 54 50
9 56 101
9 57 70
9 58 74
9 59 70
9 60 91
9 61 83
9 63 62
9 64 68
9 66 61
9 68 33
9 69 68
9 70 95
9 72 40
9 73 87
9 76 28
9 77 112
9 78 63
9 79 104
9 82 54
9 83 56
9 86 5
9 87 56
9 88 35
9 91 19
9 92 47
9 93 41
9 94 56
9 97 86
9 99 47
10 12 64
10 15 32
10 16 80
10 17 38
10 18 54
10 20 80
10 21 71
10 23 83
10 25 46
10 26 35
10 27 8
10 28 88
10 33 29
10 34 75
10 35 27
10 37 60
10 39 68
10 40 93
10 43 78
10 44 45
10 45 17
10 49 79
10 50 68
10 51 52
10 52 47
10 54 50
10 55 31
10 56 93
10 57 51
10 58 55
10 59 52
10 61 76
10 62 61
10 63 61
10 65 15
10 66 65
10 67 57
10 68 43
10 69 65
10 70 75
10 71 46
10 72 29
10 74 24
10 75 51
10 76 24
10 79 93
10 82 39
10 83 50
10 87 36
10 89 77
10 93 22
10 94 67
10 96 47
10 97 78
10 98 10
10 99 50
11 12 58
11 13 92
11 14 66
11 15 33
11 16 67
11 18 18
11 19 12
11 20 27
11 21 31
11 26 52
11 27 47
11 28 75
11 29 18
11 30 35
11 31 53
11 33 62
11 34 25
11 35 43
11 36 16
11 38 13
11 39 84
11 40 82
11 42 54
11 43 51
11 44 24
11 45 37
11 46 50
11 47 21
11 48 12
11 49 58
11 50 22
11 52 38
11 53 66
11 54 72
11 55 70
11 56 81
11 58 3
11 59 21
11 60 81
11 61 71
11 62 68
11 63 77
11 64 18
11 65 65
11 66 90
11 67 49
11 70 24
11 72 56
11 74 67
11 75 6
11 76 58
11 77 84
11 78 81
11 80 43
11 83 60
11 84 73
11 85 83
11 86 68
11 88 58
11 89 24
11 90 49
11 91 60
11 93 36
11 94 103
11 97 68
11 98 50
12 13 57
12 14 29
12 15 37
12 17 49
12 18 40
12 19 56
12 20 71
12 21 41
12 22 59
12 23 22
12 25 54
12 26 31
12 28 24
12 29 74
12 31 35
12 34 56
12 35 37
12 36 73
12 37 28
12 38 66
12 39 34
12 40 29
12 41 35
12 42 80
12 43 27
12 44 35
12 45 51
12 46 16
12 47 60
12 48 46
12 49 20
12 50 48
12 51 45
12 52 22
12 53 67
12 54 34
12 55 95
12 56 28
12 57 62
12 58 56
12 61 14
12 62 17
12 63 29
12 64 40
12 66 45
12 67 10
12 68 59
12 70 77
12 71 73
12 72 88
12 73 15
12 74 55
12 75 62
12 76 46
12 77 39
12 78 33
12 80 15
12 81 65
12 82 30
12 83 19
12 84 20
12 86 69
12 87 66
12 90 64
12 91 77
12 92 62
12 93 67
12 95 19
12 97 13
12 98 70
12 99 41
13 14 85
13 15 59
13 18 81
13 19 83
13 20 115
13 21 92
13 22 81
13 24 77
13 25 85
13 26 40
13 29 110
13 30 84
13 31 38
13 32 80
13 33 31
13 35 49
13 36 101
13 37 31
13 38 104
13 39 31
13 40 75
13 41 86
13 44 70
13 45 60
13 47 105
13 48 81
13 49 77
13 51 83
13 53 46
13 54 24
13 55 81
13 56 76
13 57 93
13 58 92
13 59 78
13 60 63
13 61 59
13 62 41
13 63 31
13 64 79
13 65 44
13 66 19
13 67 58
13 69 38
13 70 116
13 71 95
13 72 84
13 74 32
13 75 93
13 76 35
13 78 28
13 79 86
13 80 62
13 82 60
13 83 40
13 85 15
13 86 46
13 87 85
13 90 60
13 92 76
13 95 40
13 96 9
13 98 66
13 99 16
14 15 58
14 16 16
14 17 78
14 22 74
14 23 7
14 24 39
14 27 82
14 28 17
14 29 77
14 30 92
14 32 96
14 33 73
14 34 53
14 35 63
14 36 83
14 39 58
14 41 34
14 42 103
14 43 16
14 45 74
14 46 43
14 47 59
14 48 58
14 49 10
14 50 48
14 51 54
14 52 43
14 53 94
14 54 62
14 56 20
14 57 72
14 58 63
14 59 47
14 60 30
14 62 44
14 68 87
14 69 47
14 70 78
14 71 85
14 72 110
14 73 14
14 76 73
14 77 18
14 78 58
14 79 5
14 80 34
14 81 92
14 82 51
14 84 45
14 85 87
14 86 96
14 87 82
14 88 67
14 89 72
14 90 88
14 92 80
14 94 93
14 95 48
14 96 83
14 97 20
14 98 94
15 18 24
15 19 25
15 20 57
15 22 25
15 23 52
15 24 26
15 25 26
15 26 19
15 27 24
15 28 60
15 30 37
15 34 47
15 36 44
15 37 45
15 38 45
15 40 66
15 42 44
15 43 47
15 44 14
15 45 16
15 47 47
15 49 48
15 50 40
15 51 26
15 52 16
15 54 40
15 55 60
15 56 65
15 57 34
15 59 22
15 60 60
15 61 50
15 62 41
15 63 46
15 64 22
15 65 39
15 70 57
15 72 52
15 73 45
15 74 37
15 75 35
15 76 27
15 78 51
15 79 63
15 80 25
15 82 8
15 83 31
15 86 43
15 87 31
15 89 55
15 91 44
15 92 25
15 93 31
15 94 70
15 95 31
15 96 51
15 97 50
15 98 35
15 99 45
16 17 63
16 18 48
16 19 67
16 20 75
16 21 43
16 22 71
16 24 38
16 25 64
16 26 46
16 27 73
16 29 81
16 30 87
16 31 50
16 34 59
16 35 53
16 36 83
16 37 38
16 39 42
16 41 38
16 42 95
16 45 66
16 46 31
16 47 65
16 49 12
16 50 53
16 51 54
16 52 35
16 54 47
16 55 110
16 56 14
16 57 72
16 58 64
16 59 46
16 60 17
16 61 12
16 62 28
16 63 39
16 64 49
16 65 80
16 66 54
16 67 24
16 68 72
16 71 84
16 73 10
16 75 72
16 76 61
16 79 16
16 81 81
16 82 44
16 83 34
16 84 29
16 85 72
16 86 84
16 87 78
16 89 77
16 90 79
16 92 75
16 93 81
16 94 77
16 99 54
17 18 65
17 19 64
17 21 77
17 22 62
17 23 71
17 24 62
17 25 67
17 27 37
17 28 69
17 29 92
17 30 65
17 32 61
17 34 87
17 36 83
17 37 29
17 39 34
17 40 73
17 41 72
17 43 73
17 45 41
17 47 88
17 48 64
17 50 79
17 51 67
17 52 45
17 53 31
17 55 65
17 56 73
17 57 75
17 58 74
17 59 62
17 60 61
17 61 55
17 63 30
17 64 62
17 65 28
17 68 10
17 70 98
17 71 77
17 72 67
17 73 64
17 75 75
17 76 17
17 77 86
17 79 79
17 80 50
17 81 31
17 82 44
17 83 30
17 85 10
17 86 31
17 87 66
17 88 16
17 89 97
17 90 42
17 91 48
17 92 58
17 94 30
17 95 30
17 96 10
17 98 48
18 19 21
18 20 34
18 22 27
18 23 45
18 26 40
18 27 46
18 28 57
18 30 45
18 31 43
18 32 51
18 33 53
18 35 35
18 38 26
18 39 69
18 40 63
18 43 33
18 44 11
18 45 36
18 47 24
18 48 9
18 51 5
18 53 64
18 54 59
18 55 77
18 57 24
18 59 3
18 61 53
18 63 62
18 64 3
18 67 31
18 68 75
18 71 37
18 74 61
18 75 24
18 78 66
18 79 54
18 80 25
18 81 61
18 83 45
18 84 57
18 86 66
18 87 34
18 88 49
18 89 34
18 90 51
18 91 64
18 92 34
18 93 43
18 94 92
18 95 45
18 96 74
18 97 50
18 99 65
19 20 39
19 21 38
19 22 6
19 23 65
19 24 31
19 25 6
19 26 44
19 28 76
19 29 29
19 30 25
19 31 45
19 32 32
19 33 52
19 36 19
19 38 25
19 40 82
19 43 54
19 44 21
19 45 26
19 48 12
19 49 61
19 50 31
19 52 34
19 53 54
19 55 58
19 56 81
19 58 14
19 59 22
19 61 70
19 62 64
19 64 19
19 65 53
19 67 46
19 68 73
19 70 35
19 72 46
19 73 59
19 75 11
19 76 48
19 77 87
19 79 75
19 80 41
19 83 54
19 85 73
19 86 56
19 87 12
19 88 49
19 90 37
19 91 49
19 92 15
19 93 24
19 94 94
19 95 55
19 96 74
19 98 38
19 99 69
20 22 44
20 24 41
20 25 34
20 27 74
20 29 17
20 30 59
20 31 77
20 34 16
20 36 32
20 37 94
20 38 15
20 40 88
20 41 37
20 42 79
20 46 69
20 47 11
20 48 34
20 50 23
20 52 57
20 53 92
20 54 93
20 55 95
20 59 37
20 60 91
20 63 95
20 64 36
20 66 110
20 67 64
20 68 108
20 71 41
20 72 81
20 73 65
20 75 30
20 76 83
20 79 74
20 80 58
20 81 89
20 82 55
20 86 95
20 87 47
20 91 87
20 92 54
20 94 126
20 95 79
20 96 108
20 97 77
20 98 76
21 22 44
21 23 36
21 24 15
21 26 53
21 27 64
21 28 50
21 29 40
21 32 69
21 34 16
21 35 50
21 36 47
21 37 67
21 39 74
21 40 56
21 42 79
21 44 27
21 45 54
21 46 43
21 47 22
21 49 32
21 50 11
21 54 68
21 55 95
21 56 55
21 58 28
21 60 59
21 61 51
21 64 21
21 65 80
21 66 83
21 70 41
21 71 52
21 72 84
21 73 33
21 75 38
21 76 66
21 77 56
21 78 72
21 79 43
21 80 30
21 81 78
21 86 83
21 89 34
21 90 69
21 91 82
21 92 53
21 96 86
21 98 72
22 23 69
22 24 36
22 25 12
22 27 31
22 30 19
22 31 43
22 32 25
22 33 50
22 34 42
22 35 33
22 36 21
22 41 44
22 42 36
22 43 59
22 44 25
22 45 22
22 46 47
22 47 38
22 48 18
22 49 65
22 50 37
22 51 23
22 52 37
22 53 49
22 54 64
22 55 52
22 56 85
22 57 15
22 61 72
22 66 82
22 68 71
22 69 71
22 70 40
22 72 40
22 73 63
22 74 53
22 76 46
22 77 91
22 80 45
22 81 46
22 84 70
22 85 70
22 88 47
22 90 31
22 91 43
22 95 55
22 96 72
22 98 32
22 99 68
23 24 34
23 25 61
23 26 52
23 28 15
23 29 75
23 31 56
23 32 91
23 34 51
23 35 56
23 36 79
23 37 48
23 38 67
23 39 52
23 40 21
23 41 31
23 42 97
23 45 68
23 46 36
23 47 57
23 50 46
23 53 88
23 54 55
23 55 112
23 56 19
23 57 69
23 60 27
23 61 22
23 62 38
23 63 49
23 65 85
23 68 81
23 69 41
23 70 76
23 71 81
23 72 104
23 73 7
23 74 77
23 75 69
23 78 52
23 79 10
23 80 28
23 83 41
23 84 39
23 85 80
23 86 90
23 88 60
23 89 70
23 91 96
23 92 75
23 95 41
23 96 76
23 97 15
23 98 88
23 99 63
24 27 50
24 28 47
24 29 43
24 30 54
24 32 59
24 33 52
24 34 27
24 35 35
24 36 45
24 37 54
24 39 62
24 40 53
24 41 11
24 42 67
24 43 24
24 44 13
24 46 29
24 47 30
24 48 19
24 49 30
24 50 19
24 51 16
24 52 18
24 53 67
24 55 84
24 56 52
24 57 34
24 58 26
24 60 53
24 61 43
24 62 44
24 64 12
24 66 70
24 68 73
24 70 46
24 71 47
24 72 73
24 73 29
24 74 61
24 75 34
24 77 56
24 78 59
24 79 44
24 81 64
24 82 20
24 83 39
24 84 49
24 85 72
24 87 43
24 88 47
24 89 42
24 90 55
24 91 69
24 92 42
24 93 50
24 94 88
24 95 39
24 96 71
24 97 39
24 99 61
25 26 45
25 27 40
25 28 73
25 29 25
25 30 31
25 31 47
25 32 38
25 33 55
25 34 30
25 35 36
25 38 20
25 39 79
25 40 79
25 41 33
25 43 50
25 45 30
25 46 45
25 47 26
25 50 25
25 51 12
25 52 33
25 54 66
25 55 65
25 56 78
25 57 9
25 58 8
25 59 18
25 60 78
25 61 68
25 65 58
25 66 84
25 67 45
25 68 76
25 70 31
25 72 52
25 73 55
25 74 60
25 75 9
25 76 51
25 77 83
25 78 76
25 79 71
25 82 28
25 84 68
25 86 61
25 91 54
25 92 21
25 93 30
25 96 77
25 97 65
25 99 71
26 27 29
26 28 54
26 30 52
26 31 4
26 32 51
26 33 15
26 35 11
26 38 64
26 39 36
26 40 59
26 41 48
26 43 51
26 45 26
26 46 15
26 47 64
26 48 41
26 51 43
26 53 37
26 54 21
26 55 66
26 56 58
26 60 50
26 61 41
26 63 29
26 64 38
26 65 34
26 66 39
26 67 25
26 68 35
26 70 76
26 72 62
26 73 44
26 74 26
26 75 54
26 76 15
26 78 33
26 80 27
26 81 34
26 83 15
26 84 31
26 85 34
26 86 38
26 87 49
26 88 10
26 90 36
26 91 48
26 92 42
26 93 44
26 94 52
26 96 33
26 98 43
26 99 26
27 28 81
27 29 63
27 30 29
27 31 26
27 33 26
27 34 68
27 35 20
27 36 51
27 38 60
27 39 63
27 42 24
27 43 71
27 44 37
27 46 42
27 48 41
27 50 61
27 51 46
27 52 39
27 54 46
27 55 37
27 59 45
27 62 55
27 65 18
27 66 62
27 68 43
27 69 59
27 70 70
27 72 33
27 73 68
27 74 24
27 75 45
27 76 21
27 77 96
27 79 86
27 80 48
27 82 32
27 83 44
27 84 60
27 85 42
27 86 21
27 89 71
27 90 7
27 91 20
27 92 23
27 93 20
27 95 44
27 96 46
27 98 14
27 99 47
28 30 96
28 34 66
28 36 92
28 37 42
28 38 81
28 40 6
28 42 104
28 43 29
28 44 55
28 45 75
28 49 18
28 50 60
28 51 62
28 52 44
28 54 52
28 55 118
28 56 5
28 57 81
28 58 73
28 61 15
28 62 33
28 63 43
28 64 58
28 65 88
28 67 32
28 68 78
28 69 35
28 70 91
28 71 93
28 72 112
28 73 18
28 74 78
28 76 68
28 77 16
28 79 14
28 83 40
28 85 78
28 86 92
28 87 87
28 88 62
28 89 84
28 90 88
28 91 101
28 92 84
28 94 80
28 95 41
28 98 94
28 99 59
29 30 45
29 32 53
29 36 16
29 38 8
29 40 95
29 41 43
29 42 65
29 43 61
29 44 42
29 45 54
29 46 68
29 47 19
29 48 29
29 49 71
29 51 29
29 52 56
29 53 82
29 54 90
29 56 94
29 57 18
29 59 36
29 60 96
29 61 87
29 63 94
29 64 35
29 65 82
29 66 108
29 67 65
29 68 101
29 69 92
29 71 26
29 72 65
29 73 71
29 74 85
29 75 18
29 77 95
29 78 99
29 79 83
29 80 59
29 81 79
29 82 52
29 83 78
29 84 90
29 85 101
29 86 84
29 89 11
29 91 74
29 92 41
29 93 48
29 94 121
29 96 102
29 99 96
30 31 51
30 32 9
30 34 60
30 37 80
30 40 102
30 41 62
30 42 21
30 44 42
30 46 60
30 47 55
30 49 82
30 50 56
30 52 52
30 54 72
30 55 36
30 56 101
30 57 30
30 58 38
30 59 46
30 60 97
30 61 87
30 62 77
30 63 81
30 64 43
30 65 44
30 68 71
30 69 82
30 70 52
30 71 19
30 72 22
30 73 80
30 75 30
30 76 49
30 77 109
30 78 84
30 79 97
30 81 41
30 83 66
30 84 82
30 85 71
30 87 13
30 89 55
30 91 31
30 92 12
30 95 66
30 98 22
30 99 74
31 32 50
31 33 11
31 34 66
31 35 11
31 36 64
31 38 66
31 42 50
31 43 55
31 44 32
31 45 25
31 46 19
31 47 67
31 48 43
31 51 45
31 53 33
31 55 62
31 56 62
31 57 55
31 58 53
31 61 45
31 62 29
31 64 41
31 65 30
31 66 39
31 68 32
31 69 33
31 70 77
31 71 59
31 72 59
31 73 48
31 75 55
31 76 11
31 77 73
31 78 34
31 81 31
31 82 22
31 83 18
31 85 31
31 86 34
31 88 6
31 89 76
31 91 44
31 92 41
31 93 43
31 95 19
31 96 31
31 99 25
32 33 50
32 34 67
32 35 41
32 36 37
32 37 79
32 38 53
32 39 87
32 40 105
32 41 68
32 42 12
32 43 82
32 44 47
32 45 25
32 46 61
32 47 63
32 48 43
32 49 86
32 52 55
32 54 70
32 56 104
32 57 38
32 58 45
32 61 89
32 62 77
32 63 80
32 66 86
32 71 28
32 72 14
32 73 84
32 74 48
32 75 38
32 76 46
32 77 112
32 79 101
32 80 64
32 85 66
32 86 39
32 87 21
32 88 51
32 90 20
32 91 23
32 92 17
32 94 90
32 95 66
32 96 70
32 97 89
32 99 72
33 34 76
33 35 19
33 37 32
33 38 75
33 39 39
33 41 63
33 42 48
33 43 66
33 44 43
33 45 29
33 46 30
33 47 77
33 48 52
33 49 63
33 55 58
33 57 63
33 59 51
33 60 61
33 61 53
33 62 35
33 63 33
33 64 51
33 66 36
33 67 40
33 68 22
33 70 86
33 71 64
33 72 58
33 73 59
33 77 83
33 79 75
33 80 42
33 81 24
33 82 32
33 84 39
33 86 26
33 87 54
33 90 31
33 92 46
33 95 26
33 98 38
33 99 21
34 36 38
34 37 80
34 38 19
34 41 21
34 42 78
34 43 37
34 44 34
34 45 58
34 46 55
34 47 7
34 48 26
34 49 48
34 50 8
34 52 44
34 53 86
34 54 80
34 55 94
34 56 71
34 57 31
34 59 25
34 60 75
34 61 67
34 62 71
34 63 81
34 64 26
34 67 49
34 68 97
34 69 77
34 70 26
34 71 44
34 72 81
34 73 49
34 74 84
34 75 30
34 76 74
34 77 71
34 78 86
34 81 83
34 82 44
34 86 88
34 87 47
34 88 72
34 89 19
34 90 71
34 91 84
34 92 51
34 97 62
34 98 73
34 99 87
35 37 39
35 39 47
35 40 66
35 41 46
35 42 43
35 43 53
35 44 24
35 45 16
35 46 22
35 47 58
35 48 34
35 49 53
35 50 50
35 51 36
35 53 32
35 54 31
35 55 57
35 56 66
35 58 43
35 59 33
35 62 36
35 63 40
35 64 32
35 65 30
35 66 49
35 67 30
35 68 40
35 69 41
35 70 67
35 71 48
35 72 52
35 73 49
35 74 26
35 75 44
35 76 16
35 77 76
35 78 44
35 80 29
35 81 30
35 83 26
35 84 41
35 85 40
35 86 34
35 87 38
35 88 15
35 90 27
35 91 40
35 94 60
35 95 26
35 96 41
35 97 51
35 98 33
35 99 36
36 37 89
36 38 19
36 39 98
36 40 98
36 42 50
36 45 43
36 46 64
36 47 31
36 48 27
36 49 75
36 51 29
36 53 68
36 54 84
36 55 64
36 57 11
36 59 37
36 63 90
36 64 34
36 65 69
36 67 64
36 68 91
36 70 23
36 71 10
36 74 73
36 75 11
36 78 94
36 79 88
36 80 59
36 82 47
36 83 73
36 85 91
36 86 71
36 87 19
36 88 68
36 89 27
36 90 50
36 91 59
36 93 34
36 95 74
37 38 86
37 40 45
37 41 61
37 42 79
37 46 26
37 47 83
37 48 64
37 49 47
37 50 72
37 51 65
37 52 38
37 53 57
37 54 11
37 56 45
37 58 75
37 59 58
37 60 33
37 61 28
37 62 11
37 65 54
37 66 17
37 67 31
37 68 36
37 69 8
37 70 98
37 71 85
37 74 42
37 75 79
37 77 58
37 78 6
37 81 56
37 84 10
37 85 36
37 86 58
37 88 29
37 89 95
37 91 72
37 92 70
37 94 39
37 95 15
37 96 31
37 97 34
37 98 69
37 99 17
38 40 87
38 42 65
38 45 50
38 46 61
38 47 13
38 48 23
38 49 63
38 51 22
38 53 79
38 54 84
38 56 86
38 58 12
38 60 88
38 61 79
38 62 78
38 63 87
38 64 27
38 66 101
38 67 57
38 68 96
38 69 85
38 70 12
38 72 66
38 73 63
38 74 80
38 75 15
38 76 71
38 78 92
38 81 75
38 82 45
38 84 83
38 86 81
38 87 32
38 88 71
38 89 11
38 90 61
38 91 73
38 92 39
38 95 71
38 98 62
38 99 90
39 41 68
39 42 87
39 43 61
39 44 60
39 45 63
39 47 92
39 48 73
39 49 52
39 50 80
39 51 73
39 52 46
39 53 63
39 54 18
39 55 97
39 56 46
39 57 88
39 58 83
39 59 66
39 61 31
39 62 17
39 63 8
39 64 68
39 69 11
39 70 107
39 72 96
39 73 48
39 75 88
39 76 43
39 77 59
39 78 4
39 79 57
39 80 45
39 81 63
39 82 51
39 83 24
39 84 14
39 86 64
39 87 85
39 89 103
39 90 70
39 91 79
39 93 80
39 95 24
39 97 38
39 98 77
39 99 20
40 42 109
40 44 61
40 45 80
40 48 71
40 49 24
40 50 66
40 52 50
40 54 55
40 55 124
40 57 87
40 58 79
40 59 61
40 60 13
40 62 36
40 63 45
40 64 64
40 65 92
40 66 58
40 67 38
40 71 99
40 72 117
40 73 24
40 74 82
40 76 73
40 77 14
40 79 17
40 80 41
40 85 81
40 86 96
40 87 93
40 89 91
40 90 93
40 91 106
40 92 90
40 94 81
40 95 45
40 96 75
40 99 61
41 42 77
41 43 18
41 44 24
41 45 51
41 48 26
41 49 27
41 51 21
41 52 28
41 53 78
41 54 62
41 55 93
41 56 50
41 57 39
41 58 30
41 60 54
41 61 46
41 62 51
41 63 62
41 64 20
41 66 78
41 68 83
41 69 57
41 70 45
41 71 53
41 72 82
41 75 39
41 76 61
41 77 52
41 79 39
41 81 74
41 84 55
41 85 82
41 86 80
41 87 50
41 88 57
41 89 39
41 92 51
41 93 60
41 94 96
41 95 47
41 97 40
41 98 70
42 43 90
42 46 65
42 47 74
42 48 53
42 52 60
42 53 29
42 54 69
42 55 16
42 57 49
42 58 56
42 59 60
42 60 102
42 63 80
42 64 58
42 65 31
42 69 83
42 70 72
42 71 40
42 72 10
42 73 90
42 74 43
42 76 44
42 77 118
42 78 83
42 80 69
42 81 28
42 82 52
42 85 61
42 86 31
42 87 33
42 88 50
42 89 75
42 91 12
42 92 27
42 93 18
42 95 68
42 96 66
42 97 94
42 98 10
43 46 36
43 48 42
43 49 11
43 50 32
43 51 38
43 52 32
43 55 106
43 57 57
43 59 32
43 60 40
43 61 33
43 62 44
43 63 56
43 66 72
43 67 27
43 68 83
43 69 49
43 70 62
43 72 96
43 73 14
43 74 76
43 75 56
43 77 34
43 79 21
43 84 47
43 85 83
43 88 60
43 89 56
43 90 77
43 91 91
43 93 74
43 94 93
43 96 80
43 97 26
43 98 82
43 99 67
44 46 26
44 47 34
44 48 13
44 50 26
44 51 13
44 53 54
44 55 71
44 56 60
44 58 23
44 59 8
44 60 58
44 61 48
44 62 44
44 64 8
44 65 53
44 67 25
44 69 51
44 71 38
44 72 61
44 73 38
44 74 50
44 75 28
44 77 66
44 78 57
44 79 55
44 80 20
44 84 49
44 85 64
44 86 57
44 88 38
44 89 44
44 90 42
44 91 56
44 92 30
44 93 38
44 94 81
44 96 63
45 46 36
45 47 56
45 48 31
45 49 64
45 51 35
45 52 31
45 53 29
45 54 46
45 55 44
45 57 36
45 58 39
45 59 35
45 60 74
45 61 64
45 62 52
45 64 33
45 65 28
45 66 63
45 67 43
45 68 49
45 69 57
45 70 61
45 71 36
45 72 37
45 73 61
45 75 36
45 76 24
45 77 89
45 82 23
45 86 31
45 87 25
45 88 28
45 89 61
45 90 15
45 91 29
45 92 17
45 94 71
45 95 41
45 97 65
45 98 20
45 99 49
46 47 58
46 48 39
46 50 47
46 51 39
46 52 12
46 53 52
46 54 25
46 55 79
46 56 44
46 57 54
46 59 32
46 60 38
46 62 18
46 63 27
46 65 49
46 66 41
46 67 10
46 68 47
46 69 25
46 70 72
46 71 62
46 72 73
46 73 29
46 74 41
46 75 54
46 76 30
46 77 55
46 80 13
46 81 49
46 83 10
46 85 47
46 86 53
46 88 24
46 89 69
46 90 48
46 91 62
46 92 49
46 94 59
46 95 11
46 96 44
46 97 29
46 98 55
46 99 33
47 48 25
47 50 12
47 51 22
47 52 46
47 53 84
47 54 82
47 55 90
47 57 26
47 58 18
47 59 26
47 61 72
47 62 74
47 63 84
47 64 26
47 66 99
47 67 53
47 68 98
47 69 81
47 70 19
47 71 39
47 74 84
47 76 74
47 77 77
47 78 89
47 80 47
47 81 81
47 82 45
47 83 68
47 84 79
47 85 98
47 86 87
47 87 42
47 88 72
47 89 13
47 93 56
47 95 69
47 96 98
47 97 67
48 50 20
48 51 5
48 52 27
48 53 60
48 57 16
48 59 10
48 60 70
48 61 60
48 62 57
48 63 65
48 65 59
48 66 79
48 70 35
48 71 28
48 72 57
48 73 47
48 74 59
48 75 16
48 76 49
48 77 75
48 79 63
48 80 32
48 82 22
48 85 74
48 86 62
48 87 25
48 88 49
48 89 32
48 90 44
48 91 58
48 92 26
48 93 35
48 94 93
48 95 49
48 96 74
48 97 57
48 98 47
49 51 46
49 53 84
49 54 54
49 55 108
49 56 23
49 57 64
49 58 56
49 59 39
49 61 23
49 65 82
49 67 24
49 70 72
49 71 77
49 73 5
49 74 74
49 75 64
49 77 26
49 78 52
49 80 24
49 83 39
49 84 38
49 85 78
49 86 86
49 87 72
49 88 58
49 89 66
49 90 78
49 92 71
49 94 86
49 96 75
49 97 16
49 98 84
49 99 61
50 51 16
50 55 89
50 56 65
50 57 28
50 58 19
50 59 17
50 60 69
50 61 60
50 63 73
50 64 18
50 65 78
50 66 89
50 67 41
50 68 89
50 73 43
50 74 76
50 75 28
50 77 66
50 78 78
50 80 35
50 81 76
50 82 36
50 83 58
50 84 67
50 86 81
50 87 43
50 89 24
50 90 65
50 91 78
50 92 46
50 93 55
50 95 58
50 96 88
50 98 67
50 99 79
51 52 27
51 53 64
51 54 62
51 57 19
51 58 11
51 59 8
51 60 68
51 61 58
51 62 56
51 63 66
51 65 63
51 67 36
51 68 77
51 69 63
51 72 62
51 74 62
51 76 52
51 80 30
51 81 60
51 82 24
51 83 49
51 84 61
51 85 76
51 86 66
51 87 29
51 88 51
51 89 31
51 92 31
51 94 95
51 95 49
51 98 52
51 99 68
52 54 36
52 55 75
52 56 49
52 57 42
52 58 37
52 59 20
52 61 36
52 62 30
52 63 39
52 64 21
52 66 53
52 67 12
52 68 55
52 69 37
52 70 60
52 71 51
52 72 68
52 73 29
52 74 45
52 76 34
52 77 58
52 78 43
52 79 47
52 80 9
52 81 50
52 82 8
52 84 35
52 87 44
52 88 30
52 89 57
52 90 45
52 91 59
52 92 40
52 93 46
52 94 70
52 96 53
52 97 35
52 98 51
52 99 43
53 55 35
53 56 95
53 57 64
53 58 67
53 59 62
53 60 86
53 63 58
53 64 61
53 65 3
53 66 58
53 67 61
53 68 32
53 69 63
53 70 89
53 73 80
53 74 16
53 75 64
53 76 22
53 78 59
53 79 97
53 80 61
53 81 3
53 82 47
53 83 51
53 84 64
53 89 89
53 90 18
53 91 18
53 93 36
53 94 56
53 95 51
53 96 37
53 98 22
53 99 44
54 55 79
54 56 55
54 57 74
54 58 71
54 59 56
54 60 43
54 62 18
54 63 12
54 64 57
54 65 43
54 68 26
54 69 18
54 70 95
54 71 79
54 72 78
54 73 49
54 76 25
54 78 14
54 79 63
54 80 38
54 81 45
54 82 39
54 83 15
54 84 20
54 85 26
54 86 46
54 88 19
54 89 93
54 93 64
54 94 34
54 95 15
54 96 21
54 99 8
55 56 123
55 57 65
55 58 72
55 60 116
55 61 107
55 62 91
55 63 91
55 65 38
55 68 67
55 69 95
55 70 87
55 72 15
55 73 105
55 74 51
55 75 65
55 76 54
55 77 133
55 78 93
55 79 122
55 80 85
55 81 35
55 82 68
55 85 66
55 86 35
55 87 48
55 88 61
55 89 90
55 91 18
55 92 43
55 93 34
55 94 90
55 95 81
55 97 108
55 99 78
56 57 86
56 58 78
56 59 60
56 60 13
56 61 18
56 62 36
56 63 45
56 64 63
56 67 37
56 68 81
56 70 95
56 71 98
56 72 117
56 74 82
56 75 86
56 76 73
56 77 14
56 78 47
56 79 16
56 80 40
56 81 93
56 82 58
56 83 44
56 85 81
56 86 96
56 87 92
56 89 89
56 91 106
56 92 89
56 93 95
56 94 82
56 95 44
56 97 15
56 99 62
57 58 10
57 60 86
57 61 76
57 63 80
57 64 23
57 65 64
57 67 53
57 68 84
57 70 25
57 71 14
57 72 51
57 73 63
57 74 67
57 75 0
57 76 59
57 77 90
57 78 84
57 79 78
57 80 48
57 81 61
57 86 66
57 87 17
57 93 32
57 94 104
57 97 73
57 98 46
57 99 80
58 59 18
58 60 79
58 61 69
58 62 67
58 63 76
58 64 16
58 65 67
58 67 47
58 70 24
58 71 24
58 72 59
58 73 55
58 74 68
58 75 9
58 76 59
58 78 80
58 79 69
58 80 41
58 82 33
58 84 72
58 85 83
58 86 70
58 89 23
58 91 63
58 93 38
58 94 103
58 95 59
58 96 84
58 98 52
58 99 77
59 60 60
59 61 51
59 63 59
59 64 3
59 65 61
59 66 73
59 67 29
59 68 72
59 70 41
59 71 38
59 72 65
59 73 37
59 74 59
59 75 26
59 76 49
59 77 65
59 78 63
59 79 53
59 80 23
59 81 59
59 82 19
59 83 42
59 84 54
59 85 72
59 86 65
59 87 34
59 91 63
59 94 89
59 99 63
60 61 10
60 62 26
60 63 33
60 65 83
60 66 46
60 67 34
60 68 69
60 69 25
60 72 111
60 73 27
60 75 86
60 76 63
60 77 27
60 78 34
60 79 28
60 80 38
60 81 84
60 82 54
60 83 35
60 84 23
60 85 69
60 87 90
60 88 56
60 89 93
60 90 86
60 91 98
60 94 68
60 95 35
60 97 14
60 98 92
61 62 19
61 63 28
61 66 43
61 67 23
61 69 21
61 71 87
61 72 101
61 73 20
61 74 64
61 76 55
61 77 31
61 78 31
61 79 27
61 80 28
61 82 44
61 84 18
61 87 80
61 88 48
61 89 84
61 90 76
61 91 89
61 92 75
61 93 81
61 95 27
61 97 7
62 64 51
62 66 28
62 68 45
62 69 7
62 70 90
62 71 80
62 73 32
62 75 72
62 76 38
62 77 49
62 78 16
62 79 45
62 81 59
62 83 11
62 85 44
62 86 61
62 87 72
62 89 86
62 90 62
62 93 69
62 94 49
62 95 11
62 96 40
62 97 24
62 98 69
62 99 26
63 66 16
63 67 32
63 69 8
63 70 99
63 71 86
63 72 89
63 75 80
63 76 37
63 77 58
63 78 5
63 79 55
63 82 43
63 83 17
63 84 10
63 85 37
63 86 58
63 87 77
63 88 30
63 90 63
63 91 73
63 93 73
63 95 16
63 96 31
63 97 35
63 99 17
64 65 60
64 66 74
64 68 72
64 69 58
64 71 35
64 72 63
64 73 40
64 75 23
64 76 48
64 77 68
64 80 25
64 81 58
64 82 19
64 84 56
64 85 72
64 86 63
64 87 31
64 88 46
64 89 36
64 91 61
64 92 32
64 93 40
64 96 72
64 97 50
64 98 51
64 99 63
65 66 55
65 67 59
65 69 60
65 70 88
65 72 41
65 73 78
65 76 20
65 77 104
65 80 59
65 81 4
65 83 48
65 85 29
65 86 4
65 87 50
65 89 89
65 91 20
65 92 41
65 93 37
65 94 54
65 95 48
65 96 35
65 97 78
65 98 24
66 67 48
66 68 30
66 69 23
66 71 97
66 72 94
66 74 42
66 75 92
66 76 41
66 77 72
66 78 12
66 79 70
66 81 58
66 83 31
66 84 26
66 85 30
66 86 58
66 87 87
66 88 36
66 89 110
66 91 75
66 92 80
66 93 81
66 94 23
67 70 69
67 71 63
67 72 79
67 73 19
67 74 50
67 76 40
67 77 46
67 78 37
67 81 58
67 82 20
67 83 18
67 84 26
67 88 34
67 89 64
67 90 56
67 91 69
67 92 52
67 93 58
67 94 68
67 96 54
67 98 62
67 99 42
68 70 108
68 71 85
68 72 71
68 73 74
68 75 84
68 77 94
68 79 89
68 80 60
68 81 33
68 83 40
68 84 46
68 85 0
68 86 32
68 89 106
68 90 47
68 91 50
68 94 24
68 95 39
68 96 6
68 97 69
68 99 19
69 70 96
69 72 92
69 73 37
69 74 48
69 79 47
69 80 34
69 81 62
69 83 16
69 84 3
69 86 64
69 87 78
69 88 34
69 89 92
69 92 71
69 94 45
69 96 38
69 98 73
70 71 32
70 72 72
70 73 73
70 76 83
70 77 96
70 80 63
70 81 85
70 83 83
70 84 95
70 85 107
70 88 83
70 89 7
70 90 71
70 92 48
70 93 55
70 94 127
70 98 71
70 99 101
71 73 75
71 74 66
71 77 103
71 78 91
71 79 91
71 80 58
71 81 57
71 82 44
71 83 70
71 84 85
71 86 62
71 87 10
71 90 42
71 93 25
71 94 107
71 95 71
71 96 86
71 98 40
72 74 53
72 76 53
72 77 125
72 79 114
72 80 77
72 82 59
72 83 77
72 84 92
72 86 40
72 87 35
72 88 59
72 89 76
72 90 27
72 92 31
72 93 23
72 94 94
72 95 77
72 96 75
72 98 20
72 99 79
73 76 59
73 77 29
73 78 47
73 80 20
73 81 78
73 84 34
73 86 82
73 87 70
73 88 53
73 89 67
73 91 88
73 92 68
73 94 81
73 96 70
73 97 13
73 98 80
74 75 67
74 76 11
74 78 44
74 81 16
74 82 41
74 84 49
74 85 18
74 87 56
74 90 28
74 91 33
74 93 44
74 94 42
74 97 68
74 98 34
74 99 28
75 76 59
75 79 78
75 80 48
75 81 61
75 82 37
75 83 63
75 84 77
75 85 84
75 86 66
75 87 17
75 88 60
75 89 26
75 90 46
75 91 57
75 92 24
75 93 32
75 94 104
75 97 73
75 99 80
76 77 84
76 78 39
76 79 76
76 80 42
76 81 21
76 83 28
76 85 25
76 86 24
76 87 50
76 88 7
76 89 82
76 90 27
76 92 41
76 94 47
76 96 26
76 98 34
76 99 26
77 78 61
77 80 48
77 81 104
77 82 66
77 84 49
77 86 108
77 87 99
77 88 78
77 89 90
77 90 102
77 91 116
77 92 97
77 93 103
77 94 95
77 95 57
77 96 89
77 97 26
77 98 108
77 99 75
78 80 43
78 81 59
78 82 48
78 83 21
78 86 60
78 87 81
78 88 33
78 89 100
78 92 74
78 93 76
78 96 30
78 97 38
78 98 72
78 99 17
79 80 38
79 81 95
79 84 45
79 85 88
79 86 99
79 87 86
79 90 92
79 91 106
79 92 85
79 94 93
79 95 50
79 96 84
79 98 98
79 99 70
80 81 59
80 82 17
80 83 23
80 84 32
80 86 63
80 87 52
80 88 36
80 89 59
80 90 54
80 92 49
80 94 72
80 95 23
80 96 57
80 98 60
80 99 46
81 83 49
81 84 62
81 85 33
81 86 6
81 88 28
81 91 17
81 92 38
81 93 33
81 94 57
81 95 49
81 96 38
81 97 78
81 98 20
81 99 44
82 83 27
82 84 41
82 87 36
82 90 38
82 93 38
82 94 71
82 96 53
82 97 43
82 98 43
83 84 16
83 86 52
83 87 62
83 88 21
83 89 79
83 90 51
83 91 63
83 92 55
83 93 59
83 94 49
83 95 0
83 96 36
83 98 58
84 85 46
84 86 65
84 88 35
84 89 90
84 90 66
84 92 71
84 94 48
84 95 15
84 96 40
84 97 25
84 98 73
85 87 74
85 88 25
85 89 106
85 91 50
85 92 65
85 93 63
85 95 39
85 96 7
85 97 69
85 99 19
86 87 52
86 90 21
86 93 38
86 94 55
86 95 52
86 98 24
86 99 44
87 88 52
87 89 43
87 90 32
87 91 41
87 92 9
87 93 15
87 94 96
87 98 31
87 99 74
88 90 33
88 91 43
88 96 25
88 97 51
88 98 40
88 99 21
89 91 83
89 92 50
89 93 58
89 94 125
89 95 79
89 96 106
89 98 73
89 99 99
90 91 14
90 92 23
90 93 17
90 95 51
90 96 50
90 97 77
90 98 7
90 99 53
91 92 34
91 93 26
91 94 74
91 95 63
91 96 55
91 99 60
92 94 88
92 95 55
92 97 75
92 98 23
93 95 59
93 97 81
93 98 15
94 97 73
94 98 76
94 99 27
95 96 36
95 99 23
96 97 64
96 98 57
97 98 84
97 99 50
