20 0.3 20 0 1 190 57 4
0.654275 0.402492 0
0.0427414 0.532739 63
0.302264 0.784448 52
0.957374 0.385266 30
0.577454 0.870975 47
0.00923246 0.557376 66
0.375039 0.924715 59
0.194189 0.475359 47
0.321122 0.115563 44
0.756332 0.0200638 40
0.521716 0.820211 44
0.943453 0.691901 41
0.161988 0.437134 49
0.783972 0.156555 28
0.581599 0.113785 30
0.900065 0.577953 30
0.135069 0.364687 52
0.710657 0.859681 46
0.132254 0.70926 61
0.156832 0.774769 62
0 1 63
0 2 52
0 3 30
0 4 47
0 5 66
0 6 59
0 7 47
0 8 44
0 9 40
0 10 44
0 11 41
0 12 49
0 13 28
0 14 30
0 15 30
0 16 52
0 17 46
0 18 61
0 19 62
1 2 36
1 3 93
1 4 63
1 5 4
1 6 51
1 7 16
1 8 50
1 9 88
1 10 56
1 11 91
1 12 15
1 13 83
1 14 68
1 15 86
1 16 19
1 17 74
1 18 20
1 19 27
2 3 77
2 4 29
2 5 37
2 6 16
2 7 33
2 8 67
2 9 89
2 10 22
2 11 65
2 12 37
2 13 79
2 14 73
2 15 63
2 16 45
2 17 42
2 18 19
2 19 15
3 4 62
3 5 96
3 6 79
3 7 77
3 8 69
3 9 42
3 10 62
3 11 31
3 12 80
3 13 29
3 14 46
3 15 20
3 16 82
3 17 53
3 18 89
3 19 89
4 5 65
4 6 21
4 7 55
4 8 80
4 9 87
4 10 8
4 11 41
4 12 60
4 13 74
4 14 76
4 15 44
4 16 67
4 17 13
4 18 47
4 19 43
5 6 52
5 7 20
5 8 54
5 9 92
5 10 58
5 11 94
5 12 19
5 13 87
5 14 72
5 15 89
5 16 23
5 17 76
5 18 20
5 19 26
6 7 48
6 8 81
6 9 98
6 10 18
6 11 61
6 12 53
6 13 87
6 14 84
6 15 63
6 16 61
6 17 34
6 18 32
6 19 26
7 8 38
7 9 72
7 10 48
7 11 78
7 12 5
7 13 67
7 14 53
7 15 71
7 16 13
7 17 64
7 18 24
7 19 30
8 9 45
8 10 73
8 11 85
8 12 36
8 13 46
8 14 26
8 15 74
8 16 31
8 17 84
8 18 62
8 19 68
9 10 83
9 11 70
9 12 73
9 13 14
9 14 20
9 15 58
9 16 71
9 17 84
9 18 93
9 19 96
10 11 44
10 12 53
10 13 71
10 14 71
10 15 45
10 16 60
10 17 19
10 18 40
10 19 37
11 12 82
11 13 56
11 14 68
11 15 12
11 16 87
11 17 29
11 18 81
11 19 79
12 13 68
12 14 53
12 15 75
12 16 8
12 17 69
12 18 27
12 19 34
13 14 21
13 15 44
13 16 68
13 17 71
13 18 85
13 19 88
14 15 56
14 16 51
14 17 76
14 18 75
14 19 79
15 16 79
15 17 34
15 18 78
15 19 77
16 17 76
16 18 34
16 19 41
17 18 60
17 19 56
18 19 7
0 3 30
0 4 47
0 5 66
0 7 47
0 8 44
0 10 44
0 14 30
0 15 30
1 3 93
1 4 63
1 9 88
1 11 91
1 12 15
1 13 83
2 6 16
2 11 65
2 16 45
3 5 96
3 13 29
3 14 46
3 17 53
4 9 87
4 11 41
4 18 47
5 6 52
5 7 20
5 14 72
5 17 76
6 7 48
6 9 98
6 12 53
7 8 38
7 14 53
7 18 24
8 9 45
8 11 85
9 11 70
9 16 71
10 13 71
10 15 45
10 16 60
11 14 68
11 15 12
11 17 29
12 13 68
12 16 8
12 19 34
13 16 68
13 17 71
13 18 85
13 19 88
14 17 76
15 16 79
15 17 34
16 17 76
16 19 41
18 19 7
