100 0.5 5 0 0.1 4950 2475 52
0.907691 0.497437 3
0.201481 0.112581 5
0.883619 0.431232 3
0.573219 0.505217 0
0.450226 0.829447 3
0.904785 0.724757 4
0.892268 0.925954 5
0.122299 0.819272 5
0.843711 0.745927 4
0.205643 0.405167 4
0.729607 0.64292 2
0.771216 0.545774 2
0.246914 0.899063 5
0.750781 0.27823 3
0.852471 0.201325 4
0.145168 0.493829 4
0.618202 0.512323 0
0.0213422 0.765645 6
0.853875 0.0206285 6
0.177114 0.909793 6
0.676116 0.0975734 4
0.272591 0.287741 4
0.329217 0.731795 3
0.00928752 0.543875 6
0.693118 0.220218 3
0.0233356 0.128211 7
0.208844 0.848723 5
0.895213 0.668427 4
0.458725 0.875145 4
0.982874 0.815625 5
0.518899 0.72403 2
0.648729 0.924148 4
0.71506 0.944271 5
0.45728 0.663581 2
0.212533 0.0159346 6
0.426119 0.247709 3
0.340842 0.850017 4
0.0339875 0.130064 7
0.857363 0.739025 4
0.602136 0.96925 5
0.805816 0.0685624 5
0.0392107 0.586859 5
0.0525095 0.390378 5
0.43184 0.912164 4
0.105531 0.0972554 6
0.677385 0.160715 4
0.744061 0.248247 3
0.775647 0.710695 3
0.275727 0.525238 3
0.207079 0.81085 5
0.474322 0.87917 4
0.312282 0.541826 3
0.0251421 0.539006 5
0.854992 0.316258 3
0.690386 0.61739 2
0.333594 0.439923 2
0.740856 0.548887 2
0.625209 0.0741426 4
0.891555 0.0988757 5
0.856583 0.0276611 6
0.892488 0.41222 3
0.909473 0.0980334 5
0.587601 0.189587 3
0.712265 0.158639 4
0.214969 0.927374 6
0.0951139 0.921239 6
0.895286 0.762808 4
0.697894 0.870346 4
0.0897312 0.709673 5
0.899968 0.681991 4
0.717014 0.906142 4
0.40625 0.259389 3
0.828149 0.933193 5
0.790176 0.756979 3
0.119993 0.289978 5
0.784424 0.117292 4
0.726276 0.0347403 5
0.222847 0.457319 4
0.791973 0.314633 3
0.529241 0.28776 2
0.901679 0.516469 3
0.0853124 0.710689 5
0.498479 0.429388 1
0.478803 0.0207324 5
0.218386 0.9064 5
0.549236 0.438672 1
0.427418 0.576272 2
0.859945 0.592759 3
0.690568 0.6268 2
0.211361 0.862207 5
0.832131 0.349295 3
0.81433 0.0555791 5
0.916611 0.0652516 6
0.802695 0.466246 2
0.363093 0.907251 5
0.943455 0.68882 4
0.272131 0.49281 3
0.122597 0.388954 5
0.586774 0.129264 4
0.713636 0.624551 2
0 1 80
0 2 7
0 3 33
0 4 57
0 5 23
0 6 43
0 7 85
0 8 26
0 9 71
0 10 23
0 11 14
0 12 77
0 13 27
0 14 30
0 15 76
0 16 29
0 17 93
0 18 48
0 19 84
0 20 46
0 21 67
0 22 62
0 23 90
0 24 35
0 25 96
0 26 78
0 27 17
0 28 59
0 29 33
0 30 45
0 31 50
0 32 49
0 33 48
0 34 85
0 35 54
0 36 67
0 37 95
0 38 25
0 39 56
0 40 44
0 41 87
0 42 86
0 43 63
0 44 90
0 45 41
0 46 30
0 47 25
0 48 63
0 49 77
0 50 58
0 51 60
0 52 88
0 53 19
0 54 25
0 55 58
0 56 17
0 57 51
0 58 40
0 59 47
0 60 9
0 61 40
0 62 44
0 63 39
0 64 82
0 65 92
0 66 27
0 67 43
0 68 85
0 69 18
0 70 45
0 71 56
0 72 44
0 73 28
0 74 81
0 75 40
0 76 50
0 77 69
0 78 22
0 79 43
0 80 2
0 81 85
0 82 41
0 83 64
0 84 80
0 85 36
0 86 49
0 87 11
0 88 25
0 89 79
0 90 17
0 91 45
0 92 43
0 93 11
0 94 68
0 95 19
0 96 64
0 97 79
0 98 49
0 99 23
1 2 75
1 3 54
1 4 76
1 5 93
1 6 107
1 7 71
1 8 90
1 9 29
1 10 75
1 11 72
1 12 79
1 13 57
1 14 66
1 15 39
1 16 58
1 17 68
1 18 66
1 19 80
1 20 47
1 21 19
1 22 63
1 23 47
1 24 50
1 25 18
1 26 74
1 27 89
1 28 80
1 29 105
1 30 69
1 31 93
1 32 98
1 33 61
1 34 10
1 35 26
1 36 75
1 37 17
1 38 91
1 39 95
1 40 61
1 41 50
1 42 32
1 43 83
1 44 10
1 45 48
1 46 56
1 47 83
1 48 42
1 49 70
1 50 81
1 51 44
1 52 46
1 53 68
1 54 70
1 55 35
1 56 69
1 57 43
1 58 69
1 59 66
1 60 75
1 61 71
1 62 39
1 63 51
1 64 81
1 65 82
1 66 95
1 67 91
1 68 61
1 69 90
1 70 95
1 71 25
1 72 103
1 73 87
1 74 20
1 75 58
1 76 53
1 77 35
1 78 62
1 79 37
1 80 81
1 81 61
1 82 43
1 83 29
1 84 79
1 85 48
1 86 52
1 87 81
1 88 71
1 89 75
1 90 67
1 91 62
1 92 72
1 93 70
1 94 81
1 95 94
1 96 39
1 97 29
1 98 39
1 99 72
2 3 32
2 4 59
2 5 29
2 6 49
2 7 85
2 8 32
2 9 68
2 10 26
2 11 16
2 12 79
2 13 20
2 14 23
2 15 74
2 16 28
2 17 92
2 18 41
2 19 85
2 20 39
2 21 63
2 22 63
2 23 88
2 24 28
2 25 91
2 26 79
2 27 24
2 28 61
2 29 40
2 30 47
2 31 55
2 32 54
2 33 49
2 34 79
2 35 49
2 36 69
2 37 90
2 38 31
2 39 61
2 40 37
2 41 86
2 42 83
2 43 66
2 44 85
2 45 34
2 46 23
2 47 30
2 48 62
2 49 78
2 50 61
2 51 58
2 52 87
2 53 12
2 54 27
2 55 55
2 56 18
2 57 44
2 58 33
2 59 40
2 60 2
2 61 33
2 62 38
2 63 32
2 64 83
2 65 93
2 66 33
2 67 48
2 68 84
2 69 25
2 70 50
2 71 51
2 72 51
2 73 34
2 74 78
2 75 33
2 76 43
2 77 66
2 78 15
2 79 38
2 80 9
2 81 85
2 82 39
2 83 58
2 84 82
2 85 33
2 86 48
2 87 16
2 88 27
2 89 80
2 90 10
2 91 38
2 92 37
2 93 9
2 94 71
2 95 26
2 96 61
2 97 76
2 98 42
2 99 26
3 4 35
3 5 40
3 6 53
3 7 55
3 8 36
3 9 38
3 10 21
3 11 20
3 12 51
3 13 29
3 14 41
3 15 43
3 16 5
3 17 61
3 18 56
3 19 57
3 20 42
3 21 37
3 22 33
3 23 57
3 24 31
3 25 67
3 26 50
3 27 36
3 28 39
3 29 51
3 30 23
3 31 43
3 32 46
3 33 20
3 34 61
3 35 30
3 36 42
3 37 66
3 38 37
3 39 46
3 40 49
3 41 54
3 42 53
3 43 43
3 44 62
3 45 36
3 46 31
3 47 29
3 48 30
3 49 48
3 50 39
3 51 26
3 52 55
3 53 34
3 54 16
3 55 25
3 56 17
3 57 43
3 58 52
3 59 56
3 60 33
3 61 53
3 62 32
3 63 37
3 64 55
3 65 63
3 66 41
3 67 39
3 68 52
3 69 37
3 70 43
3 71 30
3 72 50
3 73 33
3 74 50
3 75 44
3 76 49
3 77 35
3 78 29
3 79 22
3 80 33
3 81 53
3 82 11
3 83 49
3 84 54
3 85 7
3 86 16
3 87 30
3 88 17
3 89 51
3 90 30
3 91 51
3 92 56
3 93 23
3 94 45
3 95 41
3 96 30
3 97 47
3 98 38
3 99 18
4 5 47
4 6 45
4 7 33
4 8 40
4 9 49
4 10 34
4 11 43
4 12 21
4 13 63
4 14 75
4 15 45
4 16 36
4 17 43
4 18 90
4 19 28
4 20 77
4 21 57
4 22 16
4 23 53
4 24 66
4 25 82
4 26 24
4 27 47
4 28 5
4 29 53
4 30 13
4 31 22
4 32 29
4 33 17
4 34 85
4 35 58
4 36 11
4 37 81
4 38 42
4 39 21
4 40 84
4 41 48
4 42 59
4 43 8
4 44 81
4 45 71
4 46 65
4 47 35
4 48 35
4 49 24
4 50 6
4 51 32
4 52 51
4 53 65
4 54 32
4 55 41
4 56 40
4 57 78
4 58 85
4 59 90
4 60 61
4 61 86
4 62 65
4 63 72
4 64 25
4 65 37
4 66 45
4 67 25
4 68 38
4 69 47
4 70 28
4 71 57
4 72 39
4 73 35
4 74 63
4 75 79
4 76 84
4 77 44
4 78 62
4 79 55
4 80 55
4 81 38
4 82 40
4 83 81
4 84 24
4 85 40
4 86 25
4 87 47
4 88 31
4 89 24
4 90 61
4 91 86
4 92 90
4 93 51
4 94 12
4 95 51
4 96 38
4 97 55
4 98 71
4 99 33
5 6 20
5 7 79
5 8 6
5 9 77
5 10 19
5 11 22
5 12 68
5 13 47
5 14 53
5 15 79
5 16 36
5 17 88
5 18 71
5 19 75
5 20 67
5 21 77
5 22 58
5 23 91
5 24 55
5 25 106
5 26 71
5 27 6
5 28 47
5 29 12
5 30 39
5 31 32
5 32 29
5 33 45
5 34 99
5 35 68
5 36 58
5 37 105
5 38 5
5 39 39
5 40 66
5 41 88
5 42 92
5 43 51
5 44 102
5 45 61
5 46 50
5 47 13
5 48 66
5 49 70
5 50 46
5 51 62
5 52 90
5 53 41
5 54 24
5 55 64
5 56 24
5 57 71
5 58 63
5 59 70
5 60 31
5 61 63
5 62 62
5 63 60
5 64 72
5 65 83
5 66 4
5 67 25
5 68 82
5 69 4
5 70 26
5 71 68
5 72 22
5 73 12
5 74 90
5 75 62
5 76 71
5 77 73
5 78 43
5 79 58
5 80 21
5 81 82
5 82 50
5 83 82
5 84 71
5 85 46
5 86 50
5 87 14
5 88 24
5 89 71
5 90 38
5 91 68
5 92 66
5 93 28
5 94 57
5 95 5
5 96 67
5 97 85
5 98 68
5 99 22
6 7 78
6 8 19
6 9 86
6 10 33
6 11 40
6 12 65
6 13 66
6 14 73
6 15 86
6 16 50
6 17 89
6 18 91
6 19 72
6 20 86
6 21 89
6 22 60
6 23 96
6 24 73
6 25 118
6 26 69
6 27 26
6 28 44
6 29 14
6 30 42
6 31 24
6 32 18
6 33 51
6 34 114
6 35 82
6 36 56
6 37 117
6 38 19
6 39 29
6 40 86
6 41 92
6 42 100
6 43 46
6 44 114
6 45 79
6 46 69
6 47 24
6 48 74
6 49 69
6 50 42
6 51 70
6 52 95
6 53 61
6 54 37
6 55 74
6 56 41
6 57 89
6 58 83
6 59 90
6 60 51
6 61 83
6 62 80
6 63 79
6 64 68
6 65 80
6 66 16
6 67 20
6 68 83
6 69 24
6 70 18
6 71 82
6 72 6
6 73 20
6 74 100
6 75 82
6 76 91
6 77 82
6 78 62
6 79 73
6 80 41
6 81 84
6 82 63
6 83 100
6 84 67
6 85 60
6 86 58
6 87 33
6 88 36
6 89 68
6 90 58
6 91 87
6 92 86
6 93 47
6 94 53
6 95 24
6 96 76
6 97 94
6 98 85
6 99 35
7 8 73
7 9 42
7 10 63
7 11 70
7 12 15
7 13 83
7 14 96
7 15 33
7 16 58
7 17 11
7 18 108
7 19 11
7 20 91
7 21 55
7 22 22
7 23 30
7 24 83
7 25 70
7 26 9
7 27 79
7 28 34
7 29 86
7 30 41
7 31 54
7 32 61
7 33 37
7 34 81
7 35 65
7 36 22
7 37 69
7 38 74
7 39 50
7 40 102
7 41 25
7 42 43
7 43 32
7 44 72
7 45 86
7 46 84
7 47 66
7 48 33
7 49 9
7 50 36
7 51 34
7 52 30
7 53 89
7 54 60
7 55 43
7 56 68
7 57 90
7 58 105
7 59 108
7 60 87
7 61 107
7 62 78
7 63 89
7 64 14
7 65 11
7 66 78
7 67 58
7 68 11
7 69 79
7 70 60
7 71 63
7 72 71
7 73 67
7 74 53
7 75 96
7 76 99
7 77 38
7 78 84
7 79 67
7 80 84
7 81 11
7 82 54
7 83 87
7 84 13
7 85 57
7 86 39
7 87 77
7 88 60
7 89 10
7 90 85
7 91 103
7 92 110
7 93 77
7 94 26
7 95 83
7 96 36
7 97 43
7 98 83
7 99 62
8 9 72
8 10 15
8 11 21
8 12 62
8 13 48
8 14 54
8 15 74
8 16 32
8 17 82
8 18 73
8 19 69
8 20 67
8 21 73
8 22 51
8 23 86
8 24 55
8 25 103
8 26 64
8 27 9
8 28 41
8 29 16
8 30 33
8 31 26
8 32 24
8 33 40
8 34 97
8 35 65
8 36 51
8 37 102
8 38 2
8 39 33
8 40 68
8 41 82
8 42 87
8 43 44
8 44 98
8 45 61
8 46 51
8 47 8
8 48 61
8 49 64
8 50 39
8 51 57
8 52 84
8 53 43
8 54 20
8 55 59
8 56 22
8 57 71
8 58 65
8 59 72
8 60 34
8 61 65
8 62 61
8 63 60
8 64 65
8 65 77
8 66 5
8 67 19
8 68 75
8 69 9
8 70 20
8 71 65
8 72 19
8 73 5
8 74 86
8 75 63
8 76 72
8 77 68
8 78 43
8 79 56
8 80 24
8 81 76
8 82 47
8 83 81
8 84 65
8 85 43
8 86 45
8 87 15
8 88 19
8 89 64
8 90 40
8 91 69
8 92 68
8 93 28
8 94 51
8 95 11
8 96 63
8 97 80
8 98 67
8 99 18
9 10 58
9 11 58
9 12 50
9 13 56
9 14 68
9 15 11
9 16 43
9 17 40
9 18 75
9 19 51
9 20 56
9 21 14
9 22 35
9 23 24
9 24 52
9 25 33
9 26 44
9 27 74
9 28 53
9 29 88
9 30 45
9 31 68
9 32 74
9 33 36
9 34 39
9 35 27
9 36 46
9 37 32
9 38 73
9 39 69
9 40 69
9 41 25
9 42 15
9 43 56
9 44 32
9 45 53
9 46 56
9 47 65
9 48 14
9 49 41
9 50 54
9 51 17
9 52 22
9 53 66
9 54 53
9 55 13
9 56 55
9 57 53
9 58 75
9 59 75
9 60 69
9 61 77
9 62 44
9 63 56
9 64 52
9 65 53
9 66 78
9 67 68
9 68 33
9 69 75
9 70 72
9 71 25
9 72 82
9 73 68
9 74 14
9 75 65
9 76 64
9 77 5
9 78 59
9 79 34
9 80 70
9 81 33
9 82 29
9 83 47
9 84 50
9 85 35
9 86 28
9 87 68
9 88 53
9 89 46
9 90 63
9 91 70
9 92 79
9 93 60
9 94 53
9 95 79
9 96 11
9 97 8
9 98 47
9 99 55
10 11 11
10 12 55
10 13 37
10 14 46
10 15 60
10 16 17
10 17 72
10 18 63
10 19 61
10 20 55
10 21 58
10 22 41
10 23 73
10 24 42
10 25 87
10 26 56
10 27 17
10 28 36
10 29 31
10 30 23
10 31 29
10 32 30
10 33 27
10 34 81
10 35 50
10 36 44
10 37 86
10 38 16
10 39 35
10 40 58
10 41 69
10 42 72
10 43 40
10 44 83
10 45 49
10 46 39
10 47 8
10 48 47
10 49 55
10 50 35
10 51 43
10 52 71
10 53 35
10 54 5
10 55 45
10 56 9
10 57 58
10 58 57
10 59 63
10 60 28
10 61 57
10 62 48
10 63 48
10 64 59
10 65 69
10 66 20
10 67 23
10 68 64
10 69 17
10 70 26
10 71 50
10 72 31
10 73 13
10 74 70
10 75 53
10 76 61
10 77 54
10 78 33
10 79 41
10 80 21
10 81 65
10 82 31
10 83 67
10 84 58
10 85 27
10 86 31
10 87 14
10 88 4
10 89 56
10 90 31
10 91 59
10 92 61
10 93 19
10 94 45
10 95 22
10 96 48
10 97 66
10 98 53
10 99 2
11 12 63
11 13 27
11 14 35
11 15 63
11 16 16
11 17 78
11 18 53
11 19 70
11 20 46
11 21 56
11 22 48
11 23 76
11 24 33
11 25 86
11 26 64
11 27 17
11 28 45
11 29 34
11 30 31
11 31 40
11 32 40
11 33 34
11 34 77
11 35 46
11 36 53
11 37 85
11 38 21
11 39 46
11 40 48
11 41 73
11 42 74
11 43 50
11 44 80
11 45 40
11 46 30
11 47 16
11 48 50
11 49 62
11 50 45
11 51 46
11 52 75
11 53 24
11 54 11
11 55 45
11 56 3
11 57 49
11 58 46
11 59 53
11 60 18
11 61 47
11 62 40
11 63 39
11 64 67
11 65 77
11 66 25
11 67 33
11 68 70
11 69 19
11 70 36
11 71 46
11 72 39
11 73 21
11 74 70
11 75 43
11 76 51
11 77 56
11 78 23
11 79 35
11 80 13
11 81 71
11 82 30
11 83 60
11 84 66
11 85 25
11 86 35
11 87 10
11 88 11
11 89 64
11 90 21
11 91 49
11 92 50
11 93 9
11 94 55
11 95 22
11 96 50
11 97 67
11 98 46
11 99 10
12 13 80
12 14 92
12 15 42
12 16 54
12 17 26
12 18 107
12 19 7
12 20 91
12 21 61
12 22 19
12 23 43
12 24 81
12 25 80
12 26 6
12 27 69
12 28 21
12 29 74
12 30 32
12 31 40
12 32 47
12 33 32
12 34 88
12 35 68
12 36 11
12 37 80
12 38 63
12 39 36
12 40 100
12 41 37
12 42 54
12 43 19
12 44 81
12 45 85
12 46 82
12 47 56
12 48 37
12 49 10
12 50 23
12 51 36
12 52 42
12 53 84
12 54 53
12 55 47
12 56 61
12 57 91
12 58 103
12 59 106
12 60 81
12 61 104
12 62 79
12 63 87
12 64 4
12 65 15
12 66 66
12 67 45
12 68 25
12 69 69
12 70 47
12 71 66
12 72 58
12 73 56
12 74 62
12 75 95
12 76 99
12 77 44
12 78 80
12 79 67
12 80 76
12 81 25
12 82 53
12 83 91
12 84 3
12 85 55
12 86 37
12 87 69
12 88 52
12 89 5
12 90 80
12 91 102
12 92 107
12 93 70
12 94 12
12 95 73
12 96 41
12 97 53
12 98 84
12 99 54
13 14 13
13 15 64
13 16 27
13 17 88
13 18 28
13 19 85
13 20 20
13 21 48
13 22 62
13 23 79
13 24 8
13 25 74
13 26 79
13 27 42
13 28 66
13 29 59
13 30 50
13 31 65
13 32 67
13 33 48
13 34 60
13 35 33
13 36 70
13 37 73
13 38 47
13 39 71
13 40 22
13 41 78
13 42 71
13 43 71
13 44 67
13 45 14
13 46 3
13 47 43
13 48 54
13 49 76
13 50 66
13 51 51
13 52 77
13 53 11
13 54 34
13 55 45
13 56 27
13 57 24
13 58 23
13 59 27
13 60 20
13 61 24
13 62 19
13 63 13
13 64 84
13 65 92
13 66 51
13 67 59
13 68 79
13 69 43
13 70 63
13 71 35
13 72 66
13 73 48
13 74 63
13 75 16
13 76 24
13 77 56
13 78 5
13 79 22
13 80 28
13 81 79
13 82 29
13 83 37
13 84 82
13 85 26
13 86 44
13 87 33
13 88 35
13 89 79
13 90 11
13 91 23
13 92 27
13 93 20
13 94 74
13 95 45
13 96 52
13 97 64
13 98 22
13 99 35
14 15 77
14 16 39
14 17 100
14 18 18
14 19 98
14 20 20
14 21 59
14 22 75
14 23 91
14 24 16
14 25 83
14 26 91
14 27 47
14 28 78
14 29 63
14 30 62
14 31 75
14 32 76
14 33 61
14 34 67
14 35 43
14 36 83
14 37 82
14 38 54
14 39 81
14 40 14
14 41 90
14 42 82
14 43 83
14 44 75
14 45 18
14 46 12
14 47 52
14 48 66
14 49 89
14 50 78
14 51 64
14 52 89
14 53 11
14 54 45
14 55 57
14 56 37
14 57 26
14 58 11
14 59 17
14 60 21
14 61 12
14 62 27
14 63 15
14 64 97
14 65 104
14 66 56
14 67 69
14 68 92
14 69 48
14 70 72
14 71 45
14 72 73
14 73 56
14 74 74
14 75 11
14 76 21
14 77 68
14 78 13
14 79 33
14 80 32
14 81 92
14 82 42
14 83 42
14 84 95
14 85 39
14 86 57
14 87 39
14 88 46
14 89 92
14 90 15
14 91 15
14 92 15
14 93 27
14 94 86
14 95 50
14 96 65
14 97 75
14 98 28
14 99 45
15 16 47
15 17 30
15 18 85
15 19 42
15 20 66
15 21 24
15 22 30
15 23 14
15 24 61
15 25 39
15 26 36
15 27 77
15 28 49
15 29 90
15 30 44
15 31 66
15 32 73
15 33 36
15 34 48
15 35 37
15 36 41
15 37 38
15 38 75
15 39 66
15 40 79
15 41 14
15 42 14
15 43 51
15 44 40
15 45 63
15 46 65
15 47 67
15 48 13
15 49 32
15 50 51
15 51 17
15 52 13
15 53 73
15 54 56
15 55 20
15 56 60
15 57 64
15 58 84
15 59 85
15 60 75
15 61 86
15 62 54
15 63 66
15 64 44
15 65 43
15 66 80
15 67 67
15 68 22
15 69 78
15 70 70
15 71 35
15 72 81
15 73 70
15 74 21
15 75 74
15 76 74
15 77 9
15 78 67
15 79 44
15 80 76
15 81 22
15 82 36
15 83 58
15 84 42
15 85 41
15 86 29
15 87 72
15 88 56
15 89 37
15 90 70
15 91 80
15 92 88
15 93 66
15 94 47
15 95 82
15 96 13
15 97 11
15 98 57
15 99 58
16 17 65
16 18 55
16 19 59
16 20 42
16 21 41
16 22 36
16 23 61
16 24 30
16 25 71
16 26 53
16 27 32
16 28 40
16 29 47
16 30 23
16 31 41
16 32 44
16 33 22
16 34 64
16 35 33
16 36 44
16 37 70
16 38 33
16 39 46
16 40 48
16 41 58
16 42 58
16 43 44
16 44 66
16 45 36
16 46 29
16 47 25
16 48 34
16 49 51
16 50 39
16 51 31
16 52 59
16 53 31
16 54 13
16 55 29
16 56 13
16 57 44
16 58 50
16 59 54
16 60 29
16 61 51
16 62 32
16 63 37
16 64 58
16 65 66
16 66 37
16 67 37
16 68 56
16 69 33
16 70 41
16 71 33
16 72 47
16 73 30
16 74 55
16 75 43
16 76 49
16 77 40
16 78 26
16 79 24
16 80 28
16 81 57
16 82 15
16 83 51
16 84 56
16 85 10
16 86 20
16 87 25
16 88 14
16 89 54
16 90 27
16 91 50
16 92 54
16 93 19
16 94 47
16 95 37
16 96 35
16 97 51
16 98 38
16 99 15
17 18 112
17 19 21
17 20 94
17 21 54
17 22 31
17 23 22
17 24 87
17 25 64
17 26 21
17 27 88
17 28 45
17 29 96
17 30 50
17 31 65
17 32 72
17 33 45
17 34 77
17 35 66
17 36 33
17 37 64
17 38 84
17 39 62
17 40 105
17 41 18
17 42 38
17 43 44
17 44 67
17 45 89
17 46 89
17 47 76
17 48 35
17 49 19
17 50 47
17 51 37
17 52 23
17 53 95
17 54 69
17 55 45
17 56 75
17 57 92
17 58 110
17 59 111
17 60 94
17 61 111
17 62 81
17 63 92
17 64 25
17 65 17
17 66 87
17 67 68
17 68 9
17 69 88
17 70 71
17 71 64
17 72 82
17 73 77
17 74 49
17 75 100
17 76 102
17 77 37
17 78 89
17 79 70
17 80 91
17 81 8
17 82 58
17 83 87
17 84 24
17 85 62
17 86 45
17 87 86
17 88 68
17 89 21
17 90 91
17 91 106
17 92 114
17 93 84
17 94 37
17 95 93
17 96 37
17 97 39
17 98 85
17 99 71
18 19 112
18 20 19
18 21 64
18 22 88
18 23 99
18 24 26
18 25 84
18 26 105
18 27 65
18 28 94
18 29 81
18 30 78
18 31 93
18 32 93
18 33 76
18 34 64
18 35 48
18 36 98
18 37 83
18 38 72
18 39 98
18 40 7
18 41 99
18 42 88
18 43 99
18 44 75
18 45 23
18 46 25
18 47 69
18 48 77
18 49 102
18 50 94
18 51 75
18 52 98
18 53 30
18 54 62
18 55 67
18 56 54
18 57 23
18 58 9
18 59 1
18 60 39
18 61 10
18 62 32
18 63 20
18 64 111
18 65 118
18 66 74
18 67 86
18 68 103
18 69 66
18 70 90
18 71 51
18 72 91
18 73 74
18 74 78
18 75 12
18 76 13
18 77 77
18 78 30
18 79 42
18 80 50
18 81 103
18 82 54
18 83 38
18 84 109
18 85 52
18 86 70
18 87 57
18 88 63
18 89 106
18 90 33
18 91 5
18 92 8
18 93 45
18 94 101
18 95 67
18 96 75
18 97 82
18 98 29
18 99 62
19 20 95
19 21 63
19 22 23
19 23 40
19 24 86
19 25 80
19 26 7
19 27 76
19 28 28
19 29 81
19 30 39
19 31 47
19 32 54
19 33 37
19 34 89
19 35 71
19 36 17
19 37 79
19 38 70
19 39 43
19 40 105
19 41 35
19 42 53
19 43 25
19 44 82
19 45 90
19 46 87
19 47 63
19 48 40
19 49 10
19 50 30
19 51 39
19 52 40
19 53 90
19 54 59
19 55 50
19 56 67
19 57 95
19 58 108
19 59 111
19 60 87
19 61 109
19 62 83
19 63 92
19 64 4
19 65 8
19 66 73
19 67 52
19 68 22
19 69 76
19 70 54
19 71 69
19 72 65
19 73 63
19 74 62
19 75 100
19 76 103
19 77 45
19 78 86
19 79 71
19 80 82
19 81 22
19 82 58
19 83 94
19 84 4
19 85 60
19 86 42
19 87 75
19 88 59
19 89 6
19 90 86
19 91 107
19 92 112
19 93 77
19 94 19
19 95 80
19 96 43
19 97 52
19 98 88
19 99 61
20 21 45
20 22 72
20 23 80
20 24 12
20 25 65
20 26 88
20 27 61
20 28 81
20 29 78
20 30 65
20 31 83
20 32 85
20 33 61
20 34 47
20 35 29
20 36 82
20 37 64
20 38 67
20 39 87
20 40 13
20 41 80
20 42 69
20 43 85
20 44 57
20 45 6
20 46 17
20 47 62
20 48 59
20 49 85
20 50 81
20 51 57
20 52 79
20 53 28
20 54 52
20 55 48
20 56 46
20 57 6
20 58 22
20 59 19
20 60 38
20 61 23
20 62 13
20 63 7
20 64 95
20 65 101
20 66 70
20 67 77
20 68 85
20 69 63
20 70 81
20 71 31
20 72 85
20 73 67
20 74 59
20 75 11
20 76 8
20 77 58
20 78 25
20 79 24
20 80 48
20 81 85
20 82 38
20 83 21
20 84 93
20 85 36
20 86 54
20 87 53
20 88 53
20 89 89
20 90 30
20 91 14
20 92 24
20 93 39
20 94 87
20 95 65
20 96 57
20 97 63
20 98 9
20 99 53
21 22 45
21 23 37
21 24 43
21 25 30
21 26 56
21 27 73
21 28 62
21 29 88
21 30 50
21 31 74
21 32 79
21 33 42
21 34 28
21 35 16
21 36 57
21 37 29
21 38 74
21 39 76
21 40 58
21 41 38
21 42 24
21 43 64
21 44 25
21 45 42
21 46 47
21 47 66
21 48 24
21 49 53
21 50 62
21 51 26
21 52 35
21 53 58
21 54 53
21 55 16
21 56 54
21 57 41
21 58 65
21 59 64
21 60 63
21 61 66
21 62 33
21 63 46
21 64 64
21 65 66
21 66 78
21 67 72
21 68 46
21 69 74
21 70 76
21 71 14
21 72 85
21 73 70
21 74 15
21 75 54
21 76 52
21 77 18
21 78 52
21 79 26
21 80 67
21 81 46
21 82 27
21 83 34
21 84 62
21 85 32
21 86 33
21 87 66
21 88 54
21 89 58
21 90 56
21 91 59
21 92 68
21 93 56
21 94 63
21 95 78
21 96 21
21 97 18
21 98 35
21 99 55
22 23 37
22 24 63
22 25 68
22 26 17
22 27 57
22 28 19
22 29 66
22 30 19
22 31 37
22 32 44
22 33 15
22 34 73
22 35 49
22 36 12
22 37 67
22 38 53
22 39 36
22 40 82
22 41 32
22 42 44
22 43 21
22 44 67
22 45 67
22 46 64
22 47 45
22 48 21
22 49 15
22 50 21
22 51 19
22 52 36
22 53 67
22 54 38
22 55 29
22 56 45
22 57 72
22 58 85
22 59 88
22 60 65
22 61 86
22 62 60
22 63 69
22 64 23
22 65 30
22 66 57
22 67 39
22 68 24
22 69 57
22 70 43
22 71 48
22 72 54
22 73 46
22 74 49
22 75 76
22 76 80
22 77 29
22 78 62
22 79 49
22 80 61
22 81 24
22 82 35
22 83 73
22 84 21
22 85 37
22 86 18
22 87 55
22 88 38
22 89 18
22 90 63
22 91 83
22 92 89
22 93 54
22 94 18
22 95 62
22 96 25
22 97 40
22 98 66
22 99 40
23 24 76
23 25 42
23 26 36
23 27 89
23 28 56
23 29 101
23 30 54
23 31 74
23 32 81
23 33 46
23 34 57
23 35 51
23 36 45
23 37 41
23 38 87
23 39 73
23 40 93
23 41 5
23 42 16
23 43 56
23 44 46
23 45 77
23 46 79
23 47 78
23 48 27
23 49 33
23 50 57
23 51 30
23 52 2
23 53 88
23 54 69
23 55 34
23 56 73
23 57 77
23 58 99
23 59 99
23 60 89
23 61 100
23 62 68
23 63 80
23 64 44
23 65 39
23 66 91
23 67 76
23 68 18
23 69 90
23 70 80
23 71 49
23 72 91
23 73 81
23 74 28
23 75 88
23 76 88
23 77 23
23 78 82
23 79 58
23 80 89
23 81 18
23 82 50
23 83 70
23 84 42
23 85 55
23 86 42
23 87 85
23 88 69
23 89 38
23 90 85
23 91 94
23 92 103
23 93 80
23 94 51
23 95 95
23 96 27
23 97 19
23 98 71
23 99 71
24 25 68
24 26 79
24 27 49
24 28 70
24 29 66
24 30 53
24 31 71
24 32 72
24 33 50
24 34 52
24 35 27
24 36 72
24 37 67
24 38 54
24 39 75
24 40 19
24 41 75
24 42 66
24 43 74
24 44 60
24 45 6
24 46 6
24 47 50
24 48 52
24 49 76
24 50 69
24 51 50
24 52 74
24 53 19
24 54 40
24 55 42
24 56 33
24 57 16
24 58 23
24 59 25
24 60 28
24 61 25
24 62 11
24 63 6
24 64 85
24 65 92
24 66 58
24 67 65
24 68 78
24 69 51
24 70 69
24 71 29
24 72 73
24 73 55
24 74 58
24 75 14
24 76 19
24 77 53
24 78 14
24 79 18
24 80 36
24 81 78
24 82 29
24 83 29
24 84 83
24 85 26
24 86 44
24 87 41
24 88 41
24 89 80
24 90 19
24 91 20
24 92 27
24 93 27
24 94 76
24 95 53
24 96 50
24 97 59
24 98 14
24 99 40
25 26 74
25 27 103
25 28 86
25 29 118
25 30 77
25 31 101
25 32 107
25 33 69
25 34 22
25 35 42
25 36 79
25 37 1
25 38 103
25 39 102
25 40 78
25 41 46
25 42 26
25 43 88
25 44 9
25 45 65
25 46 73
25 47 95
25 48 47
25 49 71
25 50 88
25 51 50
25 52 41
25 53 85
25 54 83
25 55 44
25 56 83
25 57 60
25 58 87
25 59 84
25 60 91
25 61 89
25 62 57
25 63 69
25 64 82
25 65 80
25 66 108
25 67 100
25 68 59
25 69 104
25 70 104
25 71 40
25 72 114
25 73 99
25 74 19
25 75 76
25 76 71
25 77 38
25 78 79
25 79 53
25 80 96
25 81 59
25 82 56
25 83 47
25 84 80
25 85 61
25 86 60
25 87 96
25 88 83
25 89 76
25 90 84
25 91 79
25 92 90
25 93 85
25 94 85
25 95 108
25 96 44
25 97 28
25 98 56
25 99 85
26 27 71
26 28 25
26 29 77
26 30 33
26 31 45
26 32 52
26 33 31
26 34 83
26 35 64
26 36 13
26 37 74
26 38 66
26 39 41
26 40 98
26 41 31
26 42 48
26 43 23
26 44 76
26 45 83
26 46 80
26 47 58
26 48 33
26 49 4
26 50 27
26 51 32
26 52 36
26 53 84
26 54 53
26 55 43
26 56 61
26 57 88
26 58 101
26 59 105
26 60 81
26 61 103
26 62 76
26 63 85
26 64 8
26 65 13
26 66 69
26 67 49
26 68 18
26 69 71
26 70 51
26 71 62
26 72 63
26 73 59
26 74 57
26 75 93
26 76 96
26 77 39
26 78 79
26 79 65
26 80 77
26 81 19
26 82 51
26 83 87
26 84 6
26 85 53
26 86 35
26 87 70
26 88 53
26 89 1
26 90 80
26 91 100
26 92 106
26 93 71
26 94 16
26 95 75
26 96 36
26 97 47
26 98 81
26 99 55
27 28 48
27 29 17
27 30 38
27 31 36
27 32 33
27 33 44
27 34 94
27 35 63
27 36 58
27 37 102
27 38 8
27 39 42
27 40 61
27 41 86
27 42 89
27 43 52
27 44 97
27 45 55
27 46 45
27 47 13
27 48 64
27 49 70
27 50 47
27 51 60
27 52 88
27 53 35
27 54 21
27 55 61
27 56 20
27 57 65
27 58 57
27 59 64
27 60 26
27 61 57
27 62 57
27 63 54
27 64 73
27 65 84
27 66 9
27 67 28
27 68 81
27 69 1
27 70 30
27 71 64
27 72 27
27 73 14
27 74 86
27 75 56
27 76 66
27 77 70
27 78 37
27 79 53
27 80 15
27 81 81
27 82 46
27 83 77
27 84 72
27 85 42
27 86 48
27 87 8
27 88 21
27 89 71
27 90 33
27 91 62
27 92 60
27 93 22
27 94 58
27 95 5
27 96 65
27 97 82
27 98 62
27 99 19
28 29 53
28 30 16
28 31 20
28 32 27
28 33 21
28 34 89
28 35 63
28 36 12
28 37 86
28 38 42
28 39 17
28 40 88
28 41 51
28 42 63
28 43 5
28 44 85
28 45 75
28 46 69
28 47 36
28 48 39
28 49 26
28 50 2
28 51 36
28 52 55
28 53 69
28 54 35
28 55 45
28 56 43
28 57 82
28 58 89
28 59 94
28 60 63
28 61 90
28 62 70
28 63 76
28 64 25
28 65 37
28 66 45
28 67 24
28 68 40
28 69 48
28 70 26
28 71 62
28 72 37
28 73 35
28 74 68
28 75 82
28 76 88
28 77 48
28 78 65
28 79 59
28 80 57
28 81 41
28 82 45
28 83 85
28 84 24
28 85 45
28 86 30
28 87 49
28 88 34
28 89 25
28 90 64
28 91 89
28 92 93
28 93 53
28 94 10
28 95 52
28 96 43
28 97 59
28 98 76
28 99 36
29 30 47
29 31 35
29 32 30
29 33 55
29 34 111
29 35 80
29 36 64
29 37 117
29 38 15
29 39 41
29 40 77
29 41 97
29 42 102
29 43 56
29 44 113
29 45 72
29 46 62
29 47 23
29 48 76
29 49 78
29 50 51
29 51 72
29 52 100
29 53 52
29 54 35
29 55 75
29 56 36
29 57 82
29 58 72
29 59 80
29 60 41
29 61 72
29 62 74
29 63 71
29 64 78
29 65 89
29 66 10
29 67 29
29 68 90
29 69 16
29 70 28
29 71 80
29 72 19
29 73 20
29 74 101
29 75 73
29 76 82
29 77 84
29 78 54
29 79 70
29 80 31
29 81 90
29 82 62
29 83 94
29 84 77
29 85 57
29 86 60
29 87 25
29 88 35
29 89 77
29 90 49
29 91 78
29 92 75
29 93 39
29 94 63
29 95 13
29 96 78
29 97 96
29 98 79
29 99 33
30 31 24
30 32 29
30 33 9
30 34 77
30 35 49
30 36 22
30 37 77
30 38 34
30 39 26
30 40 72
30 41 50
30 42 57
30 43 21
30 44 75
30 45 59
30 46 53
30 47 26
30 48 31
30 49 32
30 50 16
30 51 28
30 52 53
30 53 53
30 54 20
30 55 34
30 56 28
30 57 66
30 58 73
30 59 77
30 60 49
30 61 74
30 62 54
30 63 60
30 64 37
30 65 47
30 66 38
30 67 23
30 68 43
30 69 38
30 70 27
30 71 48
30 72 37
30 73 27
30 74 59
30 75 66
30 76 72
30 77 40
30 78 49
30 79 44
30 80 44
30 81 43
30 82 30
30 83 70
30 84 35
30 85 29
30 86 17
30 87 37
30 88 20
30 89 34
30 90 49
30 91 73
30 92 77
30 93 38
30 94 24
30 95 43
30 96 34
30 97 52
30 98 60
30 99 22
31 32 7
31 33 32
31 34 101
31 35 71
31 36 32
31 37 100
31 38 28
31 39 6
31 40 87
31 41 70
31 42 80
31 43 22
31 44 99
31 45 76
31 46 68
31 47 25
31 48 55
31 49 46
31 50 18
31 51 51
31 52 73
31 53 64
31 54 31
31 55 58
31 56 39
31 57 85
31 58 86
31 59 92
31 60 57
31 61 87
31 62 74
31 63 77
31 64 43
31 65 55
31 66 29
31 67 7
31 68 60
31 69 35
31 70 7
31 71 71
31 72 18
31 73 22
31 74 83
31 75 82
31 76 89
31 77 63
31 78 63
31 79 65
31 80 48
31 81 60
31 82 52
31 83 92
31 84 43
31 85 50
31 86 41
31 87 39
31 88 30
31 89 44
31 90 60
31 91 88
31 92 90
31 93 48
31 94 29
31 95 38
31 96 57
31 97 75
31 98 80
31 99 31
32 33 38
32 34 106
32 35 75
32 36 39
32 37 106
32 38 25
32 39 12
32 40 88
32 41 76
32 42 86
32 43 29
32 44 104
32 45 78
32 46 70
32 47 24
32 48 61
32 49 53
32 50 25
32 51 57
32 52 80
32 53 64
32 54 33
32 55 63
32 56 40
32 57 87
32 58 86
32 59 93
32 60 56
32 61 87
32 62 77
32 63 79
32 64 50
32 65 62
32 66 26
32 67 8
32 68 67
32 69 32
32 70 4
32 71 75
32 72 11
32 73 20
32 74 88
32 75 83
32 76 91
32 77 69
32 78 63
32 79 68
32 80 47
32 81 67
32 82 56
32 83 95
32 84 50
32 85 53
32 86 47
32 87 38
32 88 32
32 89 51
32 90 61
32 91 89
32 92 90
32 93 49
32 94 35
32 95 34
32 96 63
32 97 81
32 98 83
32 99 32
33 34 69
33 35 42
33 36 22
33 37 68
33 38 41
33 39 34
33 40 69
33 41 43
33 42 49
33 43 25
33 44 67
33 45 55
33 46 50
33 47 32
33 48 23
33 49 29
33 50 22
33 51 19
33 52 45
33 53 53
33 54 24
33 55 26
33 56 31
33 57 61
33 58 71
33 59 75
33 60 50
33 61 72
33 62 49
33 63 57
33 64 36
33 65 44
33 66 45
33 67 32
33 68 37
33 69 44
33 70 36
33 71 41
33 72 46
33 73 35
33 74 50
33 75 64
33 76 68
33 77 31
33 78 48
33 79 38
33 80 47
33 81 37
33 82 24
33 83 64
33 84 34
33 85 24
33 86 9
33 87 41
33 88 24
33 89 32
33 90 49
33 91 71
33 92 75
33 93 40
33 94 26
33 95 49
33 96 25
33 97 43
33 98 55
33 99 26
34 35 32
34 36 84
34 37 21
34 38 97
34 39 103
34 40 60
34 41 60
34 42 41
34 43 92
34 44 13
34 45 49
34 46 58
34 47 89
34 48 51
34 49 79
34 50 90
34 51 54
34 52 56
34 53 71
34 54 77
34 55 44
34 56 75
34 57 42
34 58 68
34 59 64
34 60 79
34 61 70
34 62 41
34 63 52
34 64 91
34 65 91
34 66 101
34 67 98
34 68 70
34 69 96
34 70 102
34 71 31
34 72 110
34 73 94
34 74 29
34 75 58
34 76 51
34 77 44
34 78 65
34 79 42
34 80 85
34 81 71
34 82 50
34 83 27
34 84 89
34 85 54
34 86 60
34 87 87
34 88 78
34 89 85
34 90 70
34 91 60
34 92 71
34 93 74
34 94 90
34 95 99
34 96 48
34 97 38
34 98 39
34 99 79
35 36 61
35 37 41
35 38 65
35 39 74
35 40 42
35 41 51
35 42 40
35 43 66
35 44 35
35 45 27
35 46 32
35 47 58
35 48 32
35 49 60
35 50 63
35 51 32
35 52 50
35 53 43
35 54 45
35 55 21
35 56 44
35 57 26
35 58 49
35 59 48
35 60 49
35 61 51
35 62 17
35 63 30
35 64 71
35 65 75
35 66 70
35 67 68
35 68 57
35 69 64
35 70 72
35 71 2
35 72 79
35 73 63
35 74 31
35 75 38
35 76 37
35 77 29
35 78 37
35 79 11
35 80 55
35 81 57
35 82 20
35 83 23
35 84 69
35 85 23
35 86 33
35 87 55
35 88 46
35 89 65
35 90 42
35 91 43
35 92 52
35 93 44
35 94 66
35 95 68
35 96 29
35 97 33
35 98 20
35 99 47
36 37 78
36 38 53
36 39 29
36 40 91
36 41 40
36 42 54
36 43 11
36 44 79
36 45 77
36 46 72
36 47 46
36 48 33
36 49 14
36 50 14
36 51 31
36 52 44
36 53 74
36 54 42
36 55 41
36 56 50
36 57 83
36 58 93
36 59 97
36 60 70
36 61 94
36 62 71
36 63 78
36 64 15
36 65 26
36 66 56
36 67 36
36 68 29
36 69 58
36 70 38
36 71 59
36 72 49
36 73 46
36 74 60
36 75 86
36 76 90
36 77 41
36 78 70
36 79 59
36 80 65
36 81 29
36 82 45
36 83 84
36 84 13
36 85 46
36 86 29
36 87 58
36 88 41
36 89 13
36 90 70
36 91 92
36 92 97
36 93 60
36 94 6
36 95 62
36 96 36
36 97 51
36 98 76
36 99 44
37 38 102
37 39 101
37 40 77
37 41 46
37 42 26
37 43 88
37 44 8
37 45 64
37 46 72
37 47 94
37 48 46
37 49 70
37 50 87
37 51 50
37 52 41
37 53 84
37 54 82
37 55 43
37 56 82
37 57 59
37 58 86
37 59 83
37 60 90
37 61 88
37 62 56
37 63 68
37 64 82
37 65 79
37 66 107
37 67 99
37 68 58
37 69 103
37 70 103
37 71 39
37 72 113
37 73 98
37 74 18
37 75 75
37 76 70
37 77 38
37 78 78
37 79 52
37 80 95
37 81 58
37 82 55
37 83 46
37 84 80
37 85 60
37 86 59
37 87 95
37 88 82
37 89 75
37 90 83
37 91 78
37 92 88
37 93 84
37 94 84
37 95 107
37 96 43
37 97 27
37 98 55
37 99 84
38 39 34
38 40 67
38 41 83
38 42 88
38 43 46
38 44 99
38 45 61
38 46 50
38 47 9
38 48 62
38 49 65
38 50 41
38 51 58
38 52 86
38 53 42
38 54 21
38 55 60
38 56 22
38 57 70
38 58 64
38 59 71
38 60 33
38 61 64
38 62 61
38 63 60
38 64 67
38 65 78
38 66 4
38 67 21
38 68 77
38 69 7
38 70 22
38 71 66
38 72 20
38 73 7
38 74 86
38 75 63
38 76 72
38 77 69
38 78 43
38 79 56
38 80 23
38 81 77
38 82 47
38 83 81
38 84 66
38 85 43
38 86 46
38 87 15
38 88 20
38 89 66
38 90 39
38 91 68
38 92 68
38 93 28
38 94 52
38 95 10
38 96 63
38 97 81
38 98 67
38 99 18
39 40 92
39 41 68
39 42 80
39 43 18
39 44 100
39 45 81
39 46 73
39 47 31
39 48 55
39 49 43
39 50 16
39 51 52
39 52 72
39 53 70
39 54 36
39 55 59
39 56 44
39 57 90
39 58 92
39 59 98
39 60 63
39 61 92
39 62 78
39 63 82
39 64 39
39 65 51
39 66 36
39 67 14
39 68 57
39 69 41
39 70 13
39 71 74
39 72 23
39 73 28
39 74 83
39 75 87
39 76 94
39 77 64
39 78 68
39 79 69
39 80 54
39 81 58
39 82 55
39 83 96
39 84 39
39 85 53
39 86 43
39 87 46
39 88 35
39 89 41
39 90 66
39 91 94
39 92 96
39 93 54
39 94 25
39 95 44
39 96 58
39 97 75
39 98 84
39 99 36
40 41 93
40 42 82
40 43 92
40 44 70
40 45 16
40 46 19
40 47 64
40 48 70
40 49 95
40 50 88
40 51 68
40 52 91
40 53 25
40 54 56
40 55 60
40 56 48
40 57 18
40 58 9
40 59 7
40 60 35
40 61 11
40 62 25
40 63 13
40 64 104
40 65 111
40 66 70
40 67 81
40 68 96
40 69 62
40 70 84
40 71 44
40 72 86
40 73 69
40 74 72
40 75 5
40 76 9
40 77 70
40 78 25
40 79 35
40 80 46
40 81 97
40 82 47
40 83 33
40 84 102
40 85 45
40 86 63
40 87 53
40 88 57
40 89 99
40 90 28
40 91 2
40 92 11
40 93 40
40 94 95
40 95 64
40 96 68
40 97 75
40 98 23
40 99 56
41 42 20
41 43 51
41 44 49
41 45 77
41 46 78
41 47 75
41 48 24
41 49 28
41 50 52
41 51 28
41 52 5
41 53 86
41 54 65
41 55 33
41 56 70
41 57 78
41 58 98
41 59 99
41 60 87
41 61 100
41 62 68
41 63 80
41 64 38
41 65 34
41 66 87
41 67 72
41 68 13
41 69 87
41 70 75
41 71 49
41 72 86
41 73 77
41 74 31
41 75 88
41 76 88
41 77 22
41 78 80
41 79 57
41 80 87
41 81 13
41 82 49
41 83 72
41 84 37
41 85 53
41 86 39
41 87 82
41 88 65
41 89 32
41 90 83
41 91 94
41 92 102
41 93 77
41 94 46
41 95 91
41 96 25
41 97 21
41 98 71
41 99 68
42 43 65
42 44 30
42 45 67
42 46 71
42 47 79
42 48 26
42 49 45
42 50 65
42 51 30
42 52 15
42 53 81
42 54 68
42 55 29
42 56 71
42 57 65
42 58 89
42 59 88
42 60 84
42 61 91
42 62 57
42 63 70
42 64 56
42 65 53
42 66 92
42 67 80
42 68 32
42 69 90
42 70 84
42 71 38
42 72 95
42 73 82
42 74 12
42 75 78
42 76 76
42 77 18
42 78 74
42 79 49
42 80 86
42 81 32
42 82 45
42 83 56
42 84 54
42 85 50
42 86 42
42 87 83
42 88 68
42 89 50
42 90 78
42 91 83
42 92 92
42 93 75
42 94 60
42 95 94
42 96 24
42 97 7
42 98 59
42 99 70
43 44 88
43 45 79
43 46 73
43 47 40
43 48 42
43 49 25
43 50 5
43 51 39
43 52 55
43 53 73
43 54 39
43 55 48
43 56 48
43 57 86
43 58 93
43 59 98
43 60 68
43 61 94
43 62 74
43 63 80
43 64 22
43 65 34
43 66 49
43 67 27
43 68 40
43 69 52
43 70 29
43 71 65
43 72 40
43 73 39
43 74 70
43 75 87
43 76 93
43 77 50
43 78 70
43 79 63
43 80 61
43 81 40
43 82 49
43 83 89
43 84 21
43 85 49
43 86 34
43 87 53
43 88 39
43 89 23
43 90 69
43 91 94
43 92 98
43 93 58
43 94 7
43 95 56
43 96 45
43 97 61
43 98 80
43 99 40
44 45 58
44 46 66
44 47 91
44 48 46
44 49 72
44 50 86
44 51 49
44 52 45
44 53 78
44 54 78
44 55 41
44 56 78
44 57 52
44 58 79
44 59 75
44 60 85
44 61 80
44 62 49
44 63 61
44 64 84
44 65 82
44 66 103
44 67 97
44 68 61
44 69 99
44 70 101
44 71 34
44 72 110
44 73 95
44 74 19
44 75 68
44 76 62
44 77 38
44 78 72
44 79 46
44 80 90
44 81 61
44 82 51
44 83 38
44 84 82
44 85 56
44 86 58
44 87 90
44 88 79
44 89 77
44 90 77
44 91 71
44 92 81
44 93 79
44 94 85
44 95 103
44 96 43
44 97 29
44 98 48
44 99 80
45 46 11
45 47 56
45 48 54
45 49 80
45 50 75
45 51 53
45 52 75
45 53 24
45 54 46
45 55 44
45 56 39
45 57 10
45 58 22
45 59 22
45 60 33
45 61 24
45 62 9
45 63 3
45 64 90
45 65 96
45 66 64
45 67 71
45 68 80
45 69 57
45 70 75
45 71 29
45 72 79
45 73 61
45 74 57
45 75 12
45 76 14
45 77 54
45 78 19
45 79 20
45 80 42
45 81 81
45 82 32
45 83 24
45 84 88
45 85 31
45 86 48
45 87 47
45 88 47
45 89 84
45 90 24
45 91 17
45 92 26
45 93 33
45 94 81
45 95 59
45 96 52
45 97 60
45 98 10
45 99 47
46 47 46
46 48 54
46 49 78
46 50 69
46 51 52
46 52 78
46 53 13
46 54 37
46 55 45
46 56 30
46 57 21
46 58 21
46 59 25
46 60 22
46 61 22
46 62 17
46 63 10
46 64 86
46 65 93
46 66 54
46 67 62
46 68 80
46 69 46
46 70 66
46 71 34
46 72 69
46 73 51
46 74 63
46 75 14
46 76 21
46 77 56
46 78 8
46 79 22
46 80 31
46 81 80
46 82 31
46 83 35
46 84 84
46 85 27
46 86 46
46 87 36
46 88 38
46 89 81
46 90 13
46 91 21
46 92 25
46 93 23
46 94 76
46 95 48
46 96 53
46 97 64
46 98 20
46 99 38
47 48 53
47 49 58
47 50 35
47 51 49
47 52 77
47 53 40
47 54 13
47 55 52
47 56 17
47 57 65
47 58 62
47 59 69
47 60 32
47 61 63
47 62 55
47 63 56
47 64 60
47 65 71
47 66 13
47 67 18
47 68 69
47 69 13
47 70 20
47 71 58
47 72 23
47 73 5
47 74 78
47 75 59
47 76 68
47 77 61
47 78 40
47 79 49
47 80 23
47 81 69
47 82 39
47 83 75
47 84 59
47 85 35
47 86 37
47 87 14
47 88 12
47 89 58
47 90 37
47 91 66
47 92 66
47 93 25
47 94 46
47 95 17
47 96 55
47 97 73
47 98 61
47 99 11
48 49 29
48 50 41
48 51 4
48 52 25
48 53 62
48 54 42
48 55 10
48 56 47
48 57 57
48 58 75
48 59 76
48 60 63
48 61 76
48 62 46
48 63 57
48 64 41
48 65 44
48 66 66
48 67 55
48 68 26
48 69 64
48 70 58
48 71 30
48 72 69
48 73 56
48 74 28
48 75 65
48 76 67
48 77 9
48 78 56
48 79 35
48 80 63
48 81 27
48 82 24
48 83 54
48 84 39
48 85 29
48 86 16
48 87 59
48 88 43
48 89 34
48 90 58
48 91 71
48 92 79
48 93 53
48 94 39
48 95 69
48 96 3
48 97 20
48 98 50
48 99 45
49 50 28
49 51 29
49 52 33
49 53 82
49 54 52
49 55 39
49 56 59
49 57 85
49 58 99
49 59 102
49 60 79
49 61 100
49 62 73
49 63 82
49 64 12
49 65 16
49 66 69
49 67 49
49 68 15
49 69 70
49 70 52
49 71 59
49 72 63
49 73 59
49 74 53
49 75 90
49 76 93
49 77 35
49 78 77
49 79 61
49 80 75
49 81 16
49 82 48
49 83 84
49 84 10
49 85 51
49 86 32
49 87 69
49 88 52
49 89 5
49 90 78
49 91 97
49 92 103
49 93 69
49 94 18
49 95 75
49 96 32
49 97 43
49 98 78
49 99 54
50 51 37
50 52 56
50 53 68
50 54 34
50 55 46
50 56 42
50 57 82
50 58 88
50 59 93
50 60 63
50 61 89
50 62 70
50 63 76
50 64 26
50 65 38
50 66 44
50 67 22
50 68 42
50 69 47
50 70 24
50 71 62
50 72 36
50 73 34
50 74 69
50 75 82
50 76 88
50 77 49
50 78 65
50 79 59
50 80 56
50 81 42
50 82 45
50 83 86
50 84 26
50 85 45
50 86 31
50 87 48
50 88 33
50 89 26
50 90 64
50 91 89
50 92 93
50 93 53
50 94 11
50 95 51
50 96 44
50 97 60
50 98 76
50 99 35
51 52 29
51 53 59
51 54 39
51 55 10
51 56 43
51 57 56
51 58 73
51 59 75
51 60 59
51 61 74
51 62 45
51 63 55
51 64 40
51 65 44
51 66 62
51 67 51
51 68 28
51 69 60
51 70 54
51 71 30
51 72 65
51 73 52
51 74 32
51 75 63
51 76 65
51 77 12
51 78 53
51 79 33
51 80 59
51 81 28
51 82 22
51 83 55
51 84 38
51 85 26
51 86 12
51 87 55
51 88 39
51 89 34
51 90 55
51 91 70
51 92 77
51 93 50
51 94 37
51 95 65
51 96 6
51 97 24
51 98 50
51 99 41
52 53 86
52 54 67
52 55 32
52 56 72
52 57 76
52 58 97
52 59 98
52 60 88
52 61 99
52 62 66
52 63 79
52 64 43
52 65 39
52 66 90
52 67 75
52 68 18
52 69 89
52 70 78
52 71 47
52 72 89
52 73 80
52 74 27
52 75 87
52 76 86
52 77 21
52 78 80
52 79 56
52 80 88
52 81 18
52 82 49
52 83 69
52 84 42
52 85 53
52 86 40
52 87 84
52 88 67
52 89 37
52 90 83
52 91 93
52 92 101
52 93 78
52 94 50
52 95 93
52 96 25
52 97 18
52 98 70
52 99 69
53 54 34
53 55 54
53 56 26
53 57 33
53 58 22
53 59 29
53 60 10
53 61 22
53 62 30
53 63 21
53 64 88
53 65 97
53 66 45
53 67 58
53 68 86
53 69 37
53 70 61
53 71 45
53 72 62
53 73 45
53 74 74
53 75 21
53 76 31
53 77 65
53 78 6
53 79 33
53 80 21
53 81 86
53 82 37
53 83 48
53 84 87
53 85 33
53 86 50
53 87 28
53 88 35
53 89 84
53 90 4
53 91 26
53 92 26
53 93 16
53 94 77
53 95 38
53 96 61
53 97 74
53 98 33
53 99 34
54 55 40
54 56 9
54 57 55
54 58 56
54 59 61
54 60 29
54 61 56
54 62 44
54 63 46
54 64 57
54 65 67
54 66 25
54 67 25
54 68 61
54 69 22
54 70 29
54 71 46
54 72 34
54 73 17
54 74 66
54 75 51
54 76 58
54 77 49
54 78 32
54 79 37
54 80 23
54 81 61
54 82 27
54 83 63
54 84 55
54 85 23
54 86 27
54 87 17
54 88 1
54 89 54
54 90 30
54 91 58
54 92 60
54 93 19
54 94 44
54 95 26
54 96 44
54 97 61
54 98 50
54 99 2
55 56 42
55 57 47
55 58 65
55 59 67
55 60 56
55 61 67
55 62 36
55 63 47
55 64 50
55 65 54
55 66 65
55 67 56
55 68 36
55 69 62
55 70 60
55 71 19
55 72 70
55 73 56
55 74 26
55 75 55
55 76 56
55 77 11
55 78 48
55 79 25
55 80 57
55 81 37
55 82 17
55 83 44
55 84 48
55 85 22
55 86 17
55 87 55
55 88 40
55 89 44
55 90 51
55 91 62
55 92 69
55 93 47
55 94 47
55 95 66
55 96 8
55 97 22
55 98 40
55 99 42
56 57 49
56 58 47
56 59 53
56 60 20
56 61 48
56 62 39
56 63 39
56 64 65
56 65 75
56 66 26
56 67 32
56 68 67
56 69 21
56 70 36
56 71 44
56 72 39
56 73 21
56 74 67
56 75 43
56 76 51
56 77 53
56 78 24
56 79 34
56 80 16
56 81 68
56 82 27
56 83 59
56 84 63
56 85 22
56 86 31
56 87 13
56 88 9
56 89 62
56 90 22
56 91 50
56 92 51
56 93 10
56 94 52
56 95 25
56 96 47
56 97 64
56 98 45
56 99 8
57 58 27
57 59 24
57 60 43
57 61 29
57 62 12
57 63 12
57 64 95
57 65 100
57 66 74
57 67 80
57 68 83
57 69 67
57 70 84
57 71 29
57 72 88
57 73 70
57 74 55
57 75 16
57 76 11
57 77 56
57 78 29
57 79 23
57 80 52
57 81 83
57 82 38
57 83 16
57 84 93
57 85 37
57 86 54
57 87 57
57 88 56
57 89 89
57 90 34
57 91 19
57 92 29
57 93 43
57 94 87
57 95 69
57 96 55
57 97 59
57 98 7
57 99 56
58 59 8
58 60 31
58 61 2
58 62 32
58 63 19
58 64 107
58 65 114
58 66 66
58 67 80
58 68 101
58 69 58
58 70 83
58 71 51
58 72 84
58 73 67
58 74 79
58 75 11
58 76 18
58 77 76
58 78 24
58 79 41
58 80 42
58 81 101
58 82 51
58 83 42
58 84 105
58 85 48
58 86 67
58 87 49
58 88 56
58 89 102
58 90 26
58 91 9
58 92 4
58 93 38
58 94 97
58 95 59
58 96 73
58 97 82
58 98 31
58 99 55
59 60 39
59 61 9
59 62 31
59 63 19
59 64 111
59 65 117
59 66 74
59 67 86
59 68 103
59 69 66
59 70 89
59 71 51
59 72 91
59 73 73
59 74 78
59 75 12
59 76 13
59 77 77
59 78 29
59 79 42
59 80 49
59 81 103
59 82 54
59 83 38
59 84 109
59 85 51
59 86 70
59 87 57
59 88 62
59 89 105
59 90 32
59 91 5
59 92 7
59 93 44
59 94 101
59 95 67
59 96 75
59 97 82
59 98 29
59 99 61
60 61 31
60 62 38
60 63 31
60 64 85
60 65 95
60 66 35
60 67 50
60 68 86
60 69 27
60 70 52
60 71 51
60 72 52
60 73 36
60 74 78
60 75 31
60 76 41
60 77 67
60 78 14
60 79 38
60 80 10
60 81 86
60 82 39
60 83 57
60 84 84
60 85 34
60 86 49
60 87 18
60 88 29
60 89 82
60 90 9
60 91 37
60 92 35
60 93 10
60 94 72
60 95 28
60 96 63
60 97 77
60 98 42
60 99 28
61 62 33
61 63 21
61 64 108
61 65 116
61 66 66
61 67 80
61 68 102
61 69 58
61 70 83
61 71 53
61 72 84
61 73 67
61 74 81
61 75 13
61 76 19
61 77 77
61 78 25
61 79 42
61 80 42
61 81 103
61 82 53
61 83 44
61 84 106
61 85 50
61 86 68
61 87 50
61 88 57
61 89 104
61 90 26
61 91 10
61 92 3
61 93 38
61 94 98
61 95 59
61 96 75
61 97 84
61 98 32
61 99 56
62 63 13
62 64 83
62 65 88
62 66 65
62 67 69
62 68 72
62 69 58
62 70 73
62 71 19
62 72 78
62 73 60
62 74 48
62 75 21
62 76 21
62 77 45
62 78 24
62 79 11
62 80 45
62 81 72
62 82 26
62 83 20
62 84 81
62 85 25
62 86 42
62 87 49
62 88 45
62 89 77
62 90 29
62 91 26
62 92 35
62 93 35
62 94 75
62 95 61
62 96 44
62 97 51
62 98 6
62 99 45
63 64 92
63 65 98
63 66 63
63 67 71
63 68 83
63 69 56
63 70 75
63 71 32
63 72 78
63 73 60
63 74 61
63 75 8
63 76 12
63 77 57
63 78 18
63 79 22
63 80 40
63 81 84
63 82 34
63 83 27
63 84 90
63 85 32
63 86 51
63 87 46
63 88 47
63 89 86
63 90 23
63 91 15
63 92 22
63 93 32
63 94 83
63 95 58
63 96 55
63 97 63
63 98 13
63 99 47
64 65 12
64 66 70
64 67 49
64 68 25
64 69 73
64 70 50
64 71 69
64 72 61
64 73 60
64 74 64
64 75 99
64 76 103
64 77 47
64 78 84
64 79 71
64 80 80
64 81 25
64 82 57
64 83 94
64 84 2
64 85 59
64 86 41
64 87 73
64 88 56
64 89 7
64 90 85
64 91 106
64 92 111
64 93 75
64 94 15
64 95 77
64 96 44
64 97 55
64 98 88
64 99 58
65 66 82
65 67 60
65 68 21
65 69 84
65 70 62
65 71 73
65 72 73
65 73 71
65 74 63
65 75 106
65 76 109
65 77 48
65 78 92
65 79 77
65 80 90
65 81 21
65 82 64
65 83 98
65 84 12
65 85 66
65 86 48
65 87 83
65 88 66
65 89 13
65 90 93
65 91 113
65 92 119
65 93 84
65 94 27
65 95 88
65 96 46
65 97 53
65 98 93
65 99 69
66 67 22
66 68 81
66 69 8
66 70 23
66 71 70
66 72 18
66 73 11
66 74 91
66 75 65
66 76 75
66 77 74
66 78 46
66 79 60
66 80 25
66 81 81
66 82 52
66 83 85
66 84 69
66 85 47
66 86 50
66 87 17
66 88 25
66 89 69
66 90 42
66 91 71
66 92 70
66 93 31
66 94 55
66 95 9
66 96 68
66 97 86
66 98 70
66 99 23
67 68 63
67 69 28
67 70 4
67 71 68
67 72 14
67 73 15
67 74 82
67 75 76
67 76 84
67 77 63
67 78 56
67 79 61
67 80 41
67 81 63
67 82 48
67 83 88
67 84 48
67 85 46
67 86 40
67 87 32
67 88 24
67 89 49
67 90 54
67 91 82
67 92 83
67 93 42
67 94 34
67 95 31
67 96 57
67 97 75
67 98 75
67 99 25
68 69 81
68 70 66
68 71 55
68 72 77
68 73 70
68 74 42
68 75 91
68 76 93
68 77 29
68 78 81
68 79 61
68 80 83
68 81 0
68 82 50
68 83 79
68 84 24
68 85 53
68 86 36
68 87 78
68 88 61
68 89 20
68 90 83
68 91 98
68 92 105
68 93 75
68 94 34
68 95 85
68 96 28
68 97 32
68 98 76
68 99 63
69 70 29
69 71 65
69 72 26
69 73 13
69 74 87
69 75 58
69 76 67
69 77 71
69 78 38
69 79 54
69 80 17
69 81 82
69 82 47
69 83 78
69 84 72
69 85 43
69 86 48
69 87 10
69 88 22
69 89 71
69 90 34
69 91 63
69 92 62
69 93 24
69 94 58
69 95 4
69 96 66
69 97 83
69 98 64
69 99 19
70 71 72
70 72 11
70 73 17
70 74 86
70 75 79
70 76 87
70 77 67
70 78 60
70 79 65
70 80 43
70 81 66
70 82 52
70 83 92
70 84 50
70 85 50
70 86 44
70 87 34
70 88 28
70 89 51
70 90 57
70 91 86
70 92 86
70 93 45
70 94 35
70 95 31
70 96 61
70 97 79
70 98 79
70 99 28
71 72 79
71 73 63
71 74 29
71 75 40
71 76 39
71 77 27
71 78 39
71 79 13
71 80 56
71 81 55
71 82 19
71 83 25
71 84 67
71 85 23
71 86 32
71 87 56
71 88 46
71 89 63
71 90 44
71 91 46
71 92 55
71 93 45
71 94 65
71 95 69
71 96 27
71 97 31
71 98 22
71 99 48
72 73 18
72 74 96
72 75 82
72 76 90
72 77 77
72 78 62
72 79 71
72 80 42
72 81 78
72 82 60
72 83 98
72 84 61
72 85 57
72 86 54
72 87 34
72 88 34
72 89 62
72 90 58
72 91 88
72 92 87
72 93 47
72 94 47
72 95 27
72 96 71
72 97 89
72 98 84
72 99 33
73 74 82
73 75 64
73 76 73
73 77 64
73 78 44
73 79 54
73 80 27
73 81 71
73 82 44
73 83 80
73 84 59
73 85 40
73 86 41
73 87 18
73 88 16
73 89 59
73 90 41
73 91 70
73 92 70
73 93 29
73 94 45
73 95 17
73 96 58
73 97 76
73 98 66
73 99 15
74 75 69
74 76 66
74 77 20
74 78 67
74 79 41
74 80 81
74 81 42
74 82 40
74 83 45
74 84 62
74 85 45
74 86 42
74 87 80
74 88 66
74 89 58
74 90 71
74 91 73
74 92 83
74 93 71
74 94 66
74 95 91
74 96 25
74 97 10
74 98 49
74 99 68
75 76 10
75 77 66
75 78 20
75 79 31
75 80 42
75 81 92
75 82 42
75 83 32
75 84 97
75 85 40
75 86 58
75 87 48
75 88 52
75 89 94
75 90 24
75 91 7
75 92 14
75 93 35
75 94 90
75 95 59
75 96 64
75 97 72
75 98 20
75 99 51
76 77 66
76 78 29
76 79 32
76 80 51
76 81 93
76 82 46
76 83 25
76 84 101
76 85 44
76 86 62
76 87 57
76 88 59
76 89 97
76 90 33
76 91 9
76 92 19
76 93 44
76 94 95
76 95 69
76 96 65
76 97 70
76 98 17
76 99 59
77 78 59
77 79 35
77 80 68
77 81 29
77 82 28
77 83 51
77 84 45
77 85 33
77 86 24
77 87 65
77 88 50
77 89 41
77 90 62
77 91 72
77 92 80
77 93 58
77 94 47
77 95 76
77 96 6
77 97 12
77 98 49
77 99 52
78 79 26
78 80 23
78 81 81
78 82 32
78 83 43
78 84 82
78 85 27
78 86 45
78 87 29
78 88 33
78 89 80
78 90 5
78 91 26
78 92 28
78 93 15
78 94 73
78 95 40
78 96 55
78 97 67
78 98 28
78 99 32
79 80 44
79 81 61
79 82 14
79 83 27
79 84 69
79 85 15
79 86 31
79 87 45
79 88 38
79 89 66
79 90 31
79 91 37
79 92 45
79 93 33
79 94 64
79 95 58
79 96 33
79 97 42
79 98 17
79 99 38
80 81 84
80 82 41
80 83 65
80 84 79
80 85 36
80 86 48
80 87 9
80 88 24
80 89 77
80 90 18
80 91 47
80 92 45
80 93 11
80 94 67
80 95 18
80 96 63
80 97 79
80 98 50
80 99 22
81 82 50
81 83 79
81 84 24
81 85 54
81 86 37
81 87 78
81 88 61
81 89 20
81 90 83
81 91 98
81 92 105
81 93 76
81 94 34
81 95 86
81 96 29
81 97 32
81 98 77
81 99 63
82 83 41
82 84 55
82 85 5
82 86 16
82 87 40
82 88 28
82 89 52
82 90 34
82 91 49
82 92 55
82 93 31
82 94 50
82 95 52
82 96 24
82 97 38
82 98 31
82 99 29
83 84 92
83 85 42
83 86 56
83 87 69
83 88 64
83 89 88
83 90 48
83 91 34
83 92 44
83 93 55
83 94 89
83 95 81
83 96 52
83 97 51
83 98 15
83 99 65
84 85 57
84 86 39
84 87 71
84 88 55
84 89 4
84 90 83
84 91 104
84 92 109
84 93 73
84 94 14
84 95 76
84 96 42
84 97 53
84 98 86
84 99 57
85 86 18
85 87 35
85 88 24
85 89 54
85 90 30
85 91 47
85 92 52
85 93 25
85 94 50
85 95 47
85 96 28
85 97 43
85 98 31
85 99 25
86 87 43
86 88 27
86 89 36
86 90 46
86 91 65
86 92 71
86 93 39
86 94 34
86 95 53
86 96 18
86 97 36
86 98 47
86 99 29
87 88 17
87 89 70
87 90 25
87 91 54
87 92 53
87 93 14
87 94 59
87 95 13
87 96 60
87 97 76
87 98 54
87 99 15
88 89 53
88 90 31
88 91 58
88 92 61
88 93 20
88 94 43
88 95 26
88 96 44
88 97 62
88 98 51
88 99 2
89 90 81
89 91 101
89 92 106
89 93 71
89 94 16
89 95 75
89 96 37
89 97 48
89 98 82
89 99 56
90 91 29
90 92 30
90 93 12
90 94 73
90 95 36
90 96 58
90 97 71
90 98 33
90 99 30
91 92 10
91 93 41
91 94 96
91 95 65
91 96 70
91 97 77
91 98 24
91 99 58
92 93 42
92 94 101
92 95 62
92 96 77
92 97 86
92 98 34
92 99 59
93 94 62
93 95 26
93 96 53
93 97 68
93 98 40
93 99 18
94 95 62
94 96 42
94 97 57
94 98 81
94 99 45
95 96 70
95 97 87
95 98 66
95 99 24
96 97 18
96 98 48
96 99 46
97 98 53
97 99 64
98 99 51
0 5 23
0 8 26
0 10 23
0 11 14
0 14 30
0 16 29
0 17 93
0 19 84
0 20 46
0 22 62
0 24 35
0 26 78
0 30 45
0 31 50
0 32 49
0 34 85
0 39 56
0 40 44
0 41 87
0 42 86
0 44 90
0 47 25
0 49 77
0 51 60
0 53 19
0 54 25
0 55 58
0 58 40
0 59 47
0 61 40
0 62 44
0 65 92
0 71 56
0 72 44
0 73 28
0 74 81
0 76 50
0 77 69
0 79 43
0 80 2
0 82 41
0 83 64
0 85 36
0 86 49
0 88 25
0 91 45
0 98 49
1 4 76
1 5 93
1 6 107
1 8 90
1 10 75
1 13 57
1 15 39
1 17 68
1 22 63
1 24 50
1 25 18
1 28 80
1 31 93
1 32 98
1 33 61
1 38 91
1 39 95
1 41 50
1 42 32
1 44 10
1 47 83
1 50 81
1 52 46
1 53 68
1 54 70
1 55 35
1 57 43
1 58 69
1 61 71
1 62 39
1 64 81
1 65 82
1 66 95
1 67 91
1 68 61
1 71 25
1 73 87
1 74 20
1 76 53
1 77 35
1 79 37
1 80 81
1 82 43
1 84 79
1 85 48
1 87 81
1 92 72
1 96 39
2 3 32
2 4 59
2 7 85
2 11 16
2 12 79
2 13 20
2 15 74
2 16 28
2 17 92
2 18 41
2 21 63
2 22 63
2 26 79
2 28 61
2 31 55
2 35 49
2 39 61
2 41 86
2 43 66
2 45 34
2 47 30
2 49 78
2 50 61
2 51 58
2 52 87
2 54 27
2 56 18
2 57 44
2 60 2
2 64 83
2 68 84
2 71 51
2 72 51
2 75 33
2 76 43
2 77 66
2 80 9
2 82 39
2 83 58
2 85 33
2 86 48
2 87 16
2 89 80
2 90 10
2 91 38
2 93 9
3 4 35
3 6 53
3 8 36
3 11 20
3 14 41
3 16 5
3 26 50
3 29 51
3 32 46
3 35 30
3 36 42
3 39 46
3 41 54
3 42 53
3 43 43
3 45 36
3 46 31
3 47 29
3 48 30
3 51 26
3 52 55
3 58 52
3 59 56
3 60 33
3 61 53
3 62 32
3 63 37
3 64 55
3 65 63
3 68 52
3 71 30
3 72 50
3 74 50
3 75 44
3 78 29
3 79 22
3 81 53
3 82 11
3 83 49
3 85 7
3 86 16
3 87 30
3 88 17
3 89 51
3 90 30
3 98 38
4 10 34
4 13 63
4 14 75
4 15 45
4 16 36
4 17 43
4 22 16
4 23 53
4 24 66
4 26 24
4 29 53
4 30 13
4 32 29
4 35 58
4 37 81
4 39 21
4 40 84
4 44 81
4 45 71
4 50 6
4 52 51
4 53 65
4 55 41
4 56 40
4 57 78
4 58 85
4 59 90
4 60 61
4 61 86
4 66 45
4 67 25
4 68 38
4 70 28
4 74 63
4 76 84
4 79 55
4 82 40
4 84 24
4 87 47
4 88 31
4 89 24
4 96 38
4 99 33
5 6 20
5 7 79
5 11 22
5 14 53
5 16 36
5 17 88
5 24 55
5 25 106
5 27 6
5 30 39
5 32 29
5 34 99
5 35 68
5 37 105
5 39 39
5 40 66
5 41 88
5 42 92
5 44 102
5 47 13
5 49 70
5 50 46
5 52 90
5 53 41
5 54 24
5 55 64
5 56 24
5 58 63
5 59 70
5 60 31
5 61 63
5 64 72
5 66 4
5 67 25
5 68 82
5 69 4
5 71 68
5 73 12
5 75 62
5 77 73
5 82 50
5 83 82
5 85 46
5 86 50
5 87 14
5 91 68
5 94 57
5 96 67
5 99 22
6 7 78
6 9 86
6 10 33
6 12 65
6 13 66
6 15 86
6 16 50
6 19 72
6 20 86
6 24 73
6 25 118
6 27 26
6 30 42
6 31 24
6 33 51
6 36 56
6 38 19
6 40 86
6 41 92
6 42 100
6 43 46
6 45 79
6 54 37
6 57 89
6 59 90
6 62 80
6 63 79
6 66 16
6 70 18
6 72 6
6 76 91
6 79 73
6 80 41
6 81 84
6 82 63
6 83 100
6 84 67
6 86 58
6 89 68
6 91 87
6 95 24
6 96 76
6 97 94
6 99 35
7 8 73
7 10 63
7 11 70
7 12 15
7 17 11
7 18 108
7 19 11
7 21 55
7 23 30
7 24 83
7 25 70
7 26 9
7 27 79
7 28 34
7 29 86
7 30 41
7 31 54
7 39 50
7 42 43
7 43 32
7 48 33
7 49 9
7 50 36
7 51 34
7 53 89
7 58 105
7 60 87
7 62 78
7 65 11
7 66 78
7 68 11
7 75 96
7 76 99
7 79 67
7 81 11
7 82 54
7 84 13
7 85 57
7 87 77
7 88 60
7 89 10
7 96 36
7 98 83
7 99 62
8 10 15
8 11 21
8 13 48
8 17 82
8 19 69
8 22 51
8 23 86
8 26 64
8 28 41
8 30 33
8 31 26
8 37 102
8 38 2
8 40 68
8 43 44
8 47 8
8 48 61
8 51 57
8 52 84
8 53 43
8 55 59
8 56 22
8 59 72
8 62 61
8 63 60
8 64 65
8 68 75
8 69 9
8 73 5
8 75 63
8 76 72
8 78 43
8 81 76
8 86 45
8 87 15
8 89 64
8 91 69
8 92 68
8 93 28
8 94 51
8 95 11
8 96 63
8 98 67
8 99 18
9 10 58
9 11 58
9 12 50
9 13 56
9 14 68
9 15 11
9 16 43
9 18 75
9 19 51
9 21 14
9 22 35
9 23 24
9 25 33
9 26 44
9 27 74
9 31 68
9 34 39
9 35 27
9 38 73
9 40 69
9 41 25
9 42 15
9 44 32
9 45 53
9 49 41
9 50 54
9 51 17
9 53 66
9 55 13
9 59 75
9 60 69
9 61 77
9 62 44
9 65 53
9 66 78
9 72 82
9 73 68
9 74 14
9 77 5
9 78 59
9 80 70
9 81 33
9 82 29
9 83 47
9 88 53
9 91 70
9 93 60
9 94 53
9 95 79
9 96 11
9 97 8
10 15 60
10 16 17
10 18 63
10 19 61
10 20 55
10 21 58
10 23 73
10 24 42
10 26 56
10 28 36
10 29 31
10 32 30
10 33 27
10 35 50
10 37 86
10 40 58
10 41 69
10 42 72
10 44 83
10 46 39
10 48 47
10 49 55
10 50 35
10 51 43
10 54 5
10 55 45
10 56 9
10 57 58
10 58 57
10 61 57
10 62 48
10 67 23
10 68 64
10 69 17
10 70 26
10 71 50
10 72 31
10 73 13
10 77 54
10 78 33
10 79 41
10 80 21
10 82 31
10 83 67
10 84 58
10 86 31
10 87 14
10 88 4
10 92 61
10 96 48
10 98 53
10 99 2
11 13 27
11 14 35
11 15 63
11 17 78
11 19 70
11 21 56
11 22 48
11 23 76
11 24 33
11 25 86
11 26 64
11 29 34
11 31 40
11 33 34
11 37 85
11 39 46
11 41 73
11 44 80
11 45 40
11 46 30
11 48 50
11 50 45
11 51 46
11 52 75
11 53 24
11 54 11
11 56 3
11 60 18
11 62 40
11 67 33
11 68 70
11 70 36
11 72 39
11 73 21
11 78 23
11 80 13
11 81 71
11 84 66
11 87 10
11 90 21
11 91 49
11 92 50
11 94 55
11 95 22
11 96 50
12 13 80
12 14 92
12 15 42
12 17 26
12 21 61
12 22 19
12 23 43
12 24 81
12 25 80
12 26 6
12 31 40
12 32 47
12 34 88
12 35 68
12 36 11
12 38 63
12 39 36
12 40 100
12 43 19
12 45 85
12 46 82
12 48 37
12 50 23
12 51 36
12 55 47
12 56 61
12 58 103
12 59 106
12 61 104
12 63 87
12 66 66
12 68 25
12 70 47
12 71 66
12 73 56
12 74 62
12 75 95
12 77 44
12 78 80
12 80 76
12 83 91
12 84 3
12 90 80
12 92 107
12 95 73
12 96 41
13 15 64
13 17 88
13 18 28
13 20 20
13 21 48
13 22 62
13 25 74
13 26 79
13 28 66
13 29 59
13 31 65
13 34 60
13 36 70
13 37 73
13 39 71
13 40 22
13 43 71
13 47 43
13 51 51
13 52 77
13 54 34
13 56 27
13 57 24
13 58 23
13 60 20
13 62 19
13 64 84
13 66 51
13 67 59
13 71 35
13 72 66
13 74 63
13 76 24
13 77 56
13 78 5
13 79 22
13 80 28
13 81 79
13 83 37
13 86 44
13 87 33
13 89 79
13 92 27
13 93 20
13 94 74
13 96 52
13 98 22
13 99 35
14 16 39
14 18 18
14 19 98
14 21 59
14 22 75
14 23 91
14 24 16
14 26 91
14 27 47
14 29 63
14 30 62
14 31 75
14 32 76
14 33 61
14 34 67
14 35 43
14 36 83
14 37 82
14 38 54
14 39 81
14 40 14
14 42 82
14 43 83
14 45 18
14 46 12
14 50 78
14 54 45
14 55 57
14 58 11
14 60 21
14 62 27
14 64 97
14 67 69
14 69 48
14 71 45
14 72 73
14 74 74
14 76 21
14 78 13
14 79 33
14 84 95
14 85 39
14 87 39
14 88 46
14 89 92
14 94 86
14 97 75
14 99 45
15 16 47
15 17 30
15 22 30
15 23 14
15 25 39
15 30 44
15 31 66
15 36 41
15 37 38
15 39 66
15 40 79
15 41 14
15 44 40
15 49 32
15 50 51
15 51 17
15 52 13
15 53 73
15 55 20
15 56 60
15 58 84
15 60 75
15 62 54
15 63 66
15 64 44
15 65 43
15 68 22
15 72 81
15 73 70
15 74 21
15 75 74
15 78 67
15 80 76
15 82 36
15 84 42
15 86 29
15 87 72
15 89 37
15 90 70
15 91 80
15 92 88
15 94 47
15 95 82
15 99 58
16 18 55
16 23 61
16 24 30
16 25 71
16 28 40
16 35 33
16 36 44
16 38 33
16 39 46
16 42 58
16 46 29
16 47 25
16 48 34
16 49 51
16 51 31
16 55 29
16 56 13
16 57 44
16 58 50
16 59 54
16 65 66
16 67 37
16 69 33
16 70 41
16 71 33
16 73 30
16 75 43
16 76 49
16 78 26
16 82 15
16 84 56
16 85 10
16 86 20
16 89 54
16 92 54
16 93 19
16 96 35
16 99 15
17 20 94
17 24 87
17 26 21
17 27 88
17 30 50
17 32 72
17 34 77
17 35 66
17 36 33
17 39 62
17 40 105
17 43 44
17 44 67
17 46 89
17 47 76
17 49 19
17 50 47
17 51 37
17 52 23
17 57 92
17 58 110
17 61 111
17 63 92
17 66 87
17 68 9
17 70 71
17 73 77
17 77 37
17 83 87
17 85 62
17 88 68
17 91 106
17 92 114
17 94 37
17 96 37
17 97 39
17 98 85
17 99 71
18 20 19
18 21 64
18 23 99
18 24 26
18 30 78
18 33 76
18 34 64
18 36 98
18 38 72
18 40 7
18 41 99
18 46 25
18 48 77
18 49 102
18 50 94
18 51 75
18 52 98
18 55 67
18 56 54
18 58 9
18 60 39
18 62 32
18 64 111
18 65 118
18 66 74
18 67 86
18 69 66
18 73 74
18 74 78
18 75 12
18 76 13
18 77 77
18 78 30
18 80 50
18 82 54
18 86 70
18 87 57
18 89 106
18 90 33
18 91 5
18 92 8
18 93 45
18 97 82
19 22 23
19 23 40
19 24 86
19 25 80
19 31 47
19 33 37
19 36 17
19 38 70
19 41 35
19 42 53
19 43 25
19 45 90
19 46 87
19 48 40
19 49 10
19 50 30
19 53 90
19 54 59
19 62 83
19 64 4
19 65 8
19 69 76
19 70 54
19 71 69
19 73 63
19 75 100
19 80 82
19 83 94
19 84 4
19 85 60
19 91 107
19 96 43
20 21 45
20 22 72
20 24 12
20 26 88
20 27 61
20 31 83
20 32 85
20 33 61
20 37 64
20 39 87
20 42 69
20 44 57
20 45 6
20 52 79
20 55 48
20 58 22
20 59 19
20 60 38
20 61 23
20 62 13
20 63 7
20 65 101
20 66 70
20 67 77
20 68 85
20 70 81
20 72 85
20 74 59
20 76 8
20 78 25
20 82 38
20 84 93
20 85 36
20 86 54
20 88 53
20 89 89
20 94 87
20 95 65
20 97 63
20 99 53
21 22 45
21 26 56
21 27 73
21 28 62
21 29 88
21 30 50
21 32 79
21 33 42
21 35 16
21 37 29
21 38 74
21 39 76
21 40 58
21 44 25
21 46 47
21 48 24
21 49 53
21 51 26
21 52 35
21 54 53
21 55 16
21 58 65
21 59 64
21 62 33
21 64 64
21 65 66
21 70 76
21 72 85
21 75 54
21 76 52
21 81 46
21 83 34
21 86 33
21 87 66
21 90 56
21 91 59
21 96 21
21 97 18
22 24 63
22 26 17
22 27 57
22 28 19
22 30 19
22 33 15
22 35 49
22 38 53
22 41 32
22 44 67
22 45 67
22 46 64
22 47 45
22 51 19
22 53 67
22 55 29
22 60 65
22 67 39
22 68 24
22 71 48
22 74 49
22 76 80
22 78 62
22 82 35
22 86 18
22 87 55
22 89 18
22 90 63
22 91 83
22 92 89
22 95 62
22 96 25
22 97 40
22 98 66
23 24 76
23 28 56
23 29 101
23 33 46
23 34 57
23 35 51
23 39 73
23 41 5
23 42 16
23 43 56
23 44 46
23 48 27
23 49 33
23 51 30
23 53 88
23 60 89
23 61 100
23 62 68
23 65 39
23 66 91
23 67 76
23 70 80
23 71 49
23 73 81
23 75 88
23 76 88
23 77 23
23 80 89
23 81 18
23 85 55
23 86 42
23 87 85
23 88 69
23 92 103
23 93 80
23 94 51
23 95 95
23 97 19
23 98 71
23 99 71
24 25 68
24 27 49
24 32 72
24 38 54
24 39 75
24 40 19
24 41 75
24 42 66
24 43 74
24 44 60
24 51 50
24 52 74
24 56 33
24 59 25
24 61 25
24 66 58
24 68 78
24 69 51
24 72 73
24 73 55
24 74 58
24 76 19
24 77 53
24 78 14
24 79 18
24 80 36
24 84 83
24 85 26
24 86 44
24 87 41
24 88 41
24 90 19
24 91 20
24 92 27
24 96 50
24 99 40
25 28 86
25 29 118
25 30 77
25 33 69
25 34 22
25 36 79
25 38 103
25 40 78
25 42 26
25 44 9
25 45 65
25 48 47
25 49 71
25 54 83
25 55 44
25 56 83
25 57 60
25 59 84
25 60 91
25 61 89
25 62 57
25 63 69
25 65 80
25 68 59
25 71 40
25 73 99
25 74 19
25 75 76
25 77 38
25 81 59
25 83 47
25 85 61
25 86 60
25 87 96
25 91 79
25 92 90
25 93 85
25 97 28
25 99 85
26 27 71
26 28 25
26 29 77
26 30 33
26 40 98
26 45 83
26 47 58
26 48 33
26 49 4
26 50 27
26 51 32
26 52 36
26 54 53
26 56 61
26 57 88
26 58 101
26 60 81
26 61 103
26 62 76
26 64 8
26 65 13
26 66 69
26 67 49
26 68 18
26 70 51
26 72 63
26 73 59
26 74 57
26 76 96
26 78 79
26 81 19
26 82 51
26 83 87
26 84 6
26 86 35
26 87 70
26 89 1
26 93 71
26 97 47
26 98 81
26 99 55
27 28 48
27 32 33
27 33 44
27 34 94
27 38 8
27 41 86
27 42 89
27 43 52
27 45 55
27 47 13
27 48 64
27 49 70
27 51 60
27 54 21
27 57 65
27 58 57
27 59 64
27 60 26
27 61 57
27 63 54
27 73 14
27 74 86
27 75 56
27 79 53
27 80 15
27 81 81
27 84 72
27 88 21
27 89 71
27 92 60
27 95 5
27 96 65
27 99 19
28 29 53
28 33 21
28 34 89
28 35 63
28 36 12
28 37 86
28 38 42
28 44 85
28 46 69
28 48 39
28 51 36
28 52 55
28 53 69
28 55 45
28 57 82
28 59 94
28 60 63
28 61 90
28 63 76
28 64 25
28 66 45
28 68 40
28 69 48
28 70 26
28 71 62
28 75 82
28 79 59
28 80 57
28 83 85
28 84 24
28 91 89
28 94 10
28 95 52
28 98 76
29 31 35
29 34 111
29 38 15
29 42 102
29 43 56
29 44 113
29 45 72
29 46 62
29 48 76
29 52 100
29 53 52
29 55 75
29 56 36
29 57 82
29 60 41
29 61 72
29 62 74
29 67 29
29 70 28
29 71 80
29 73 20
29 76 82
29 77 84
29 83 94
29 84 77
29 87 25
29 88 35
29 91 78
29 93 39
29 94 63
29 95 13
29 96 78
29 97 96
29 98 79
30 31 24
30 33 9
30 34 77
30 35 49
30 36 22
30 39 26
30 40 72
30 41 50
30 43 21
30 47 26
30 48 31
30 49 32
30 50 16
30 51 28
30 52 53
30 55 34
30 56 28
30 59 77
30 60 49
30 62 54
30 66 38
30 69 38
30 73 27
30 74 59
30 77 40
30 82 30
30 85 29
30 87 37
30 90 49
30 91 73
30 99 22
31 34 101
31 37 100
31 38 28
31 43 22
31 44 99
31 45 76
31 46 68
31 47 25
31 49 46
31 50 18
31 52 73
31 53 64
31 55 58
31 57 85
31 58 86
31 60 57
31 63 77
31 66 29
31 67 7
31 68 60
31 69 35
31 73 22
31 74 83
31 77 63
31 79 65
31 84 43
31 86 41
31 88 30
31 89 44
31 93 48
31 94 29
31 95 38
31 98 80
32 34 106
32 38 25
32 40 88
32 41 76
32 42 86
32 45 78
32 46 70
32 47 24
32 48 61
32 50 25
32 56 40
32 57 87
32 58 86
32 61 87
32 64 50
32 66 26
32 68 67
32 70 4
32 71 75
32 72 11
32 74 88
32 81 67
32 82 56
32 85 53
32 86 47
32 89 51
32 91 89
32 92 90
32 98 83
33 35 42
33 36 22
33 37 68
33 39 34
33 42 49
33 44 67
33 45 55
33 47 32
33 48 23
33 49 29
33 50 22
33 51 19
33 54 24
33 56 31
33 58 71
33 60 50
33 61 72
33 62 49
33 68 37
33 69 44
33 72 46
33 73 35
33 76 68
33 77 31
33 78 48
33 79 38
33 80 47
33 81 37
33 82 24
33 83 64
33 85 24
33 86 9
33 87 41
33 90 49
33 92 75
33 96 25
34 38 97
34 39 103
34 40 60
34 44 13
34 47 89
34 48 51
34 49 79
34 50 90
34 52 56
34 53 71
34 56 75
34 58 68
34 60 79
34 62 41
34 63 52
34 64 91
34 65 91
34 66 101
34 67 98
34 69 96
34 71 31
34 72 110
34 77 44
34 78 65
34 79 42
34 82 50
34 83 27
34 84 89
34 87 87
34 88 78
34 92 71
34 93 74
34 94 90
34 96 48
34 97 38
34 98 39
34 99 79
35 38 65
35 39 74
35 40 42
35 42 40
35 43 66
35 46 32
35 47 58
35 49 60
35 50 63
35 51 32
35 52 50
35 55 21
35 61 51
35 62 17
35 65 75
35 67 68
35 70 72
35 71 2
35 72 79
35 75 38
35 77 29
35 78 37
35 80 55
35 81 57
35 82 20
35 84 69
35 86 33
35 88 46
35 92 52
35 93 44
35 94 66
35 95 68
35 97 33
35 99 47
36 38 53
36 42 54
36 46 72
36 47 46
36 49 14
36 52 44
36 53 74
36 54 42
36 59 97
36 61 94
36 62 71
36 63 78
36 64 15
36 67 36
36 68 29
36 69 58
36 74 60
36 75 86
36 76 90
36 78 70
36 80 65
36 82 45
36 84 13
36 88 41
36 90 70
36 91 92
36 92 97
36 93 60
36 95 62
36 96 36
36 97 51
36 98 76
37 40 77
37 42 26
37 43 88
37 44 8
37 50 87
37 52 41
37 53 84
37 55 43
37 56 82
37 61 88
37 62 56
37 64 82
37 65 79
37 67 99
37 68 58
37 71 39
37 72 113
37 73 98
37 75 75
37 79 52
37 84 80
37 85 60
37 87 95
37 88 82
37 89 75
37 91 78
37 94 84
37 95 107
37 96 43
37 99 84
38 40 67
38 45 61
38 48 62
38 51 58
38 52 86
38 56 22
38 58 64
38 59 71
38 60 33
38 61 64
38 62 61
38 63 60
38 64 67
38 65 78
38 68 77
38 70 22
38 72 20
38 74 86
38 76 72
38 77 69
38 79 56
38 80 23
38 81 77
38 83 81
38 84 66
38 85 43
38 89 66
38 91 68
38 93 28
38 94 52
38 97 81
38 98 67
38 99 18
39 40 92
39 41 68
39 47 31
39 49 43
39 53 70
39 58 92
39 59 98
39 61 92
39 62 78
39 63 82
39 64 39
39 66 36
39 70 13
39 73 28
39 74 83
39 75 87
39 77 64
39 82 55
39 83 96
39 84 39
39 86 43
39 87 46
39 89 41
39 90 66
39 93 54
39 94 25
39 95 44
39 98 84
40 43 92
40 44 70
40 45 16
40 50 88
40 51 68
40 52 91
40 53 25
40 55 60
40 60 35
40 61 11
40 62 25
40 64 104
40 65 111
40 67 81
40 68 96
40 71 44
40 74 72
40 75 5
40 78 25
40 80 46
40 84 102
40 87 53
40 89 99
40 91 2
40 92 11
40 95 64
40 96 68
40 97 75
40 99 56
41 42 20
41 43 51
41 44 49
41 46 78
41 48 24
41 49 28
41 50 52
41 52 5
41 55 33
41 56 70
41 58 98
41 59 99
41 60 87
41 62 68
41 64 38
41 65 34
41 66 87
41 67 72
41 69 87
41 71 49
41 72 86
41 74 31
41 76 88
41 77 22
41 84 37
41 85 53
41 86 39
41 90 83
41 92 102
41 95 91
41 96 25
41 98 71
42 43 65
42 46 71
42 48 26
42 49 45
42 51 30
42 52 15
42 53 81
42 54 68
42 57 65
42 59 88
42 64 56
42 65 53
42 68 32
42 69 90
42 73 82
42 75 78
42 76 76
42 78 74
42 79 49
42 80 86
42 81 32
42 82 45
42 84 54
42 85 50
42 86 42
42 87 83
42 88 68
42 89 50
42 91 83
42 93 75
42 96 24
42 97 7
42 98 59
43 44 88
43 45 79
43 46 73
43 47 40
43 52 55
43 54 39
43 56 48
43 61 94
43 62 74
43 65 34
43 66 49
43 67 27
43 72 40
43 73 39
43 74 70
43 76 93
43 77 50
43 78 70
43 79 63
43 82 49
43 85 49
43 87 53
43 88 39
43 91 94
43 94 7
43 95 56
43 96 45
43 97 61
43 98 80
44 45 58
44 46 66
44 47 91
44 48 46
44 50 86
44 51 49
44 53 78
44 56 78
44 58 79
44 61 80
44 64 84
44 68 61
44 70 101
44 72 110
44 74 19
44 75 68
44 76 62
44 78 72
44 80 90
44 81 61
44 82 51
44 86 58
44 87 90
44 88 79
44 91 71
44 92 81
44 93 79
44 95 103
44 98 48
44 99 80
45 46 11
45 47 56
45 48 54
45 50 75
45 51 53
45 53 24
45 54 46
45 56 39
45 58 22
45 59 22
45 60 33
45 62 9
45 63 3
45 66 64
45 67 71
45 69 57
45 72 79
45 75 12
45 76 14
45 77 54
45 78 19
45 79 20
45 81 81
45 84 88
45 85 31
45 87 47
45 89 84
45 95 59
45 97 60
45 98 10
46 49 78
46 50 69
46 52 78
46 56 30
46 57 21
46 58 21
46 60 22
46 63 10
46 64 86
46 68 80
46 73 51
46 75 14
46 77 56
46 78 8
46 81 80
46 83 35
46 84 84
46 86 46
46 87 36
46 89 81
46 91 21
46 92 25
46 93 23
46 94 76
46 95 48
46 98 20
46 99 38
47 49 58
47 51 49
47 54 13
47 55 52
47 57 65
47 58 62
47 62 55
47 68 69
47 70 20
47 73 5
47 74 78
47 76 68
47 79 49
47 81 69
47 82 39
47 83 75
47 84 59
47 87 14
47 88 12
47 90 37
47 92 66
47 93 25
47 94 46
47 96 55
47 99 11
48 52 25
48 55 10
48 56 47
48 60 63
48 61 76
48 62 46
48 63 57
48 64 41
48 66 66
48 68 26
48 71 30
48 73 56
48 74 28
48 78 56
48 79 35
48 82 24
48 83 54
48 85 29
48 86 16
48 87 59
48 88 43
48 89 34
48 94 39
48 95 69
48 97 20
49 50 28
49 51 29
49 52 33
49 54 52
49 56 59
49 57 85
49 60 79
49 61 100
49 62 73
49 63 82
49 65 16
49 67 49
49 69 70
49 70 52
49 77 35
49 79 61
49 84 10
49 87 69
49 89 5
49 94 18
49 95 75
49 96 32
49 97 43
50 52 56
50 53 68
50 55 46
50 56 42
50 57 82
50 62 70
50 67 22
50 68 42
50 70 24
50 71 62
50 72 36
50 74 69
50 75 82
50 77 49
50 79 59
50 81 42
50 82 45
50 83 86
50 89 26
50 90 64
50 91 89
50 94 11
50 95 51
50 96 44
50 97 60
50 98 76
51 52 29
51 55 10
51 56 43
51 57 56
51 59 75
51 68 28
51 71 30
51 72 65
51 73 52
51 75 63
51 76 65
51 77 12
51 81 28
51 82 22
51 84 38
51 86 12
51 87 55
51 90 55
51 95 65
51 97 24
51 99 41
52 55 32
52 56 72
52 58 97
52 60 88
52 62 66
52 65 39
52 67 75
52 68 18
52 70 78
52 71 47
52 72 89
52 73 80
52 74 27
52 77 21
52 78 80
52 79 56
52 81 18
52 84 42
52 85 53
52 86 40
52 87 84
52 90 83
52 91 93
52 92 101
52 98 70
53 54 34
53 56 26
53 59 29
53 60 10
53 63 21
53 65 97
53 68 86
53 70 61
53 71 45
53 72 62
53 82 37
53 85 33
53 87 28
53 88 35
53 94 77
53 96 61
53 97 74
53 98 33
54 57 55
54 59 61
54 60 29
54 61 56
54 67 25
54 70 29
54 71 46
54 72 34
54 73 17
54 75 51
54 77 49
54 79 37
54 82 27
54 83 63
54 87 17
54 88 1
54 90 30
54 91 58
54 92 60
54 93 19
54 95 26
54 97 61
54 98 50
55 61 67
55 62 36
55 64 50
55 65 54
55 68 36
55 69 62
55 71 19
55 73 56
55 74 26
55 76 56
55 82 17
55 85 22
55 86 17
55 88 40
55 91 62
55 92 69
55 93 47
55 96 8
55 98 40
56 57 49
56 60 20
56 62 39
56 63 39
56 64 65
56 68 67
56 71 44
56 73 21
56 76 51
56 78 24
56 79 34
56 81 68
56 82 27
56 88 9
56 89 62
56 91 50
56 95 25
56 96 47
56 97 64
56 99 8
57 60 43
57 61 29
57 63 12
57 64 95
57 65 100
57 67 80
57 71 29
57 72 88
57 73 70
57 74 55
57 79 23
57 84 93
57 85 37
57 87 57
57 88 56
57 89 89
57 90 34
57 92 29
57 94 87
57 95 69
57 97 59
57 99 56
58 60 31
58 64 107
58 72 84
58 74 79
58 75 11
58 76 18
58 81 101
58 84 105
58 87 49
58 88 56
58 91 9
58 92 4
58 93 38
58 94 97
58 98 31
58 99 55
59 60 39
59 61 9
59 64 111
59 65 117
59 67 86
59 70 89
59 71 51
59 72 91
59 74 78
59 75 12
59 77 77
59 81 103
59 82 54
59 84 109
59 87 57
59 89 105
59 91 5
59 94 101
59 98 29
60 63 31
60 65 95
60 68 86
60 71 51
60 72 52
60 74 78
60 77 67
60 78 14
60 80 10
60 81 86
60 84 84
60 92 35
60 93 10
60 95 28
60 96 63
60 98 42
61 63 21
61 68 102
61 70 83
61 71 53
61 73 67
61 74 81
61 75 13
61 76 19
61 81 103
61 83 44
61 85 50
61 90 26
61 94 98
61 95 59
61 96 75
61 97 84
61 98 32
62 65 88
62 67 69
62 69 58
62 70 73
62 73 60
62 74 48
62 80 45
62 82 26
62 83 20
62 87 49
62 88 45
62 89 77
62 90 29
62 91 26
62 92 35
62 95 61
62 97 51
62 98 6
62 99 45
63 64 92
63 67 71
63 69 56
63 72 78
63 73 60
63 75 8
63 76 12
63 77 57
63 78 18
63 79 22
63 80 40
63 81 84
63 84 90
63 86 51
63 87 46
63 88 47
63 90 23
63 92 22
63 94 83
63 95 58
63 97 63
63 99 47
64 65 12
64 67 49
64 71 69
64 72 61
64 73 60
64 75 99
64 76 103
64 79 71
64 80 80
64 82 57
64 84 2
64 86 41
64 88 56
64 89 7
64 90 85
64 91 106
64 92 111
64 93 75
64 94 15
64 95 77
65 66 82
65 67 60
65 69 84
65 70 62
65 71 73
65 74 63
65 75 106
65 76 109
65 78 92
65 79 77
65 80 90
65 81 21
65 83 98
65 84 12
65 85 66
65 86 48
65 88 66
65 89 13
65 90 93
65 92 119
65 94 27
65 97 53
66 67 22
66 68 81
66 69 8
66 70 23
66 73 11
66 77 74
66 78 46
66 82 52
66 83 85
66 87 17
66 90 42
66 91 71
66 94 55
66 95 9
66 96 68
66 98 70
67 69 28
67 70 4
67 71 68
67 82 48
67 84 48
67 86 40
67 87 32
67 90 54
67 91 82
67 96 57
67 97 75
67 99 25
68 71 55
68 72 77
68 75 91
68 77 29
68 78 81
68 79 61
68 80 83
68 83 79
68 84 24
68 88 61
68 92 105
68 96 28
69 71 65
69 73 13
69 74 87
69 76 67
69 77 71
69 78 38
69 79 54
69 80 17
69 82 47
69 83 78
69 86 48
69 87 10
69 89 71
69 90 34
69 92 62
69 93 24
69 96 66
69 97 83
70 71 72
70 72 11
70 82 52
70 84 50
70 86 44
70 89 51
70 90 57
70 92 86
70 93 45
70 94 35
70 95 31
70 96 61
70 98 79
70 99 28
71 73 63
71 76 39
71 77 27
71 82 19
71 83 25
71 85 23
71 86 32
71 87 56
71 89 63
71 91 46
71 93 45
71 95 69
71 96 27
71 97 31
71 98 22
71 99 48
72 73 18
72 74 96
72 76 90
72 77 77
72 78 62
72 81 78
72 82 60
72 83 98
72 84 61
72 92 87
72 93 47
72 94 47
72 96 71
72 97 89
72 98 84
72 99 33
73 78 44
73 79 54
73 80 27
73 83 80
73 84 59
73 86 41
73 87 18
73 88 16
73 90 41
73 93 29
73 95 17
74 76 66
74 77 20
74 78 67
74 82 40
74 83 45
74 85 45
74 86 42
74 87 80
74 89 58
74 90 71
74 91 73
74 94 66
74 96 25
75 77 66
75 80 42
75 82 42
75 83 32
75 84 97
75 86 58
75 87 48
75 88 52
75 89 94
75 90 24
75 92 14
75 94 90
75 96 64
75 97 72
75 98 20
75 99 51
76 78 29
76 80 51
76 81 93
76 82 46
76 84 101
76 94 95
76 95 69
76 98 17
76 99 59
77 78 59
77 81 29
77 86 24
77 88 50
77 89 41
77 90 62
77 91 72
77 92 80
77 95 76
77 96 6
77 97 12
78 79 26
78 80 23
78 84 82
78 87 29
78 89 80
78 90 5
78 92 28
78 93 15
78 94 73
78 96 55
78 97 67
78 98 28
78 99 32
79 80 44
79 81 61
79 82 14
79 84 69
79 85 15
79 86 31
79 88 38
79 89 66
79 90 31
79 92 45
79 93 33
79 95 58
79 99 38
80 81 84
80 82 41
80 87 9
80 88 24
80 94 67
80 96 63
80 97 79
80 98 50
81 82 50
81 83 79
81 85 54
81 91 98
81 92 105
81 93 76
81 94 34
82 84 55
82 86 16
82 89 52
82 92 55
82 93 31
82 96 24
83 84 92
83 85 42
83 88 64
83 94 89
83 95 81
84 85 57
84 87 71
84 89 4
84 91 104
84 96 42
84 97 53
84 98 86
84 99 57
85 86 18
85 87 35
85 88 24
85 89 54
85 92 52
85 93 25
85 94 50
85 99 25
86 88 27
86 91 65
86 93 39
86 94 34
86 97 36
86 99 29
87 88 17
87 89 70
87 90 25
87 91 54
87 94 59
87 98 54
87 99 15
88 90 31
88 91 58
88 92 61
88 93 20
88 95 26
88 96 44
88 97 62
88 98 51
88 99 2
89 90 81
89 92 106
89 93 71
89 97 48
90 91 29
90 95 36
90 97 71
90 98 33
91 94 96
91 98 24
92 93 42
92 95 62
92 97 86
93 94 62
93 95 26
93 97 68
94 97 57
94 98 81
94 99 45
95 97 87
95 99 24
96 97 18
96 99 46
97 98 53
97 99 64
