100 0.5 0 1 0.5 4950 2475 11
0.158937 0.617145 29
0.213607 0.666056 32
0.609715 0.938369 52
0.94955 0.202684 43
0.108332 0.552861 26
0.946039 0.246595 43
0.698152 0.697266 44
0.0525154 0.219788 9
0.356363 0.250881 16
0.338157 0.470838 25
0.115929 0.342469 15
0.36256 0.206682 15
0.179504 0.304724 14
0.421902 0.295431 20
0.3766 0.024263 14
0.255878 0.842341 41
0.102341 0.948999 45
0.122085 0.538154 25
0.928757 0.3391 44
0.0251781 0.392518 18
0.909856 0.348763 43
0.473434 0.735228 39
0.84933 0.179222 38
0.0932527 0.743133 35
0.798301 0.88899 55
0.451863 0.0790064 17
0.591876 0.956848 52
0.484735 0.0914422 19
0.0485509 0.567315 27
0.0941409 0.866328 41
0.423885 0.124493 16
0.32994 0.286326 17
0.43198 0.167214 18
0.716342 0.831911 50
0.0415602 0.771213 37
0.857981 0.295429 40
0.334058 0.929416 46
0.176802 0.808432 39
0.744508 0.576086 42
0.795445 0.392354 39
0.770253 0.907635 55
0.30624 0.165433 12
0.057349 0.765674 36
0.549679 0.304591 26
0.752206 0.855358 52
0.756994 0.934002 55
0.302158 0.29307 16
0.406836 0.495903 27
0.99517 0.40317 48
0.666077 0.854453 49
0.639273 0.576204 38
0.336034 0.387251 21
0.392775 0.334984 21
0.896788 0.325 42
0.327201 0.755725 37
0.335889 0.693926 35
0.523983 0.441276 29
0.674412 0.281307 31
0.757027 0.751597 48
0.659916 0.700566 43
0.674517 0.919661 52
0.153973 0.92824 45
0.315549 0.207716 13
0.148319 0.354781 16
0.751862 0.146728 33
0.0212143 0.19528 9
0.390283 0.576459 30
0.580447 0.365174 29
0.153815 0.626225 29
0.505275 0.441723 28
0.284416 0.518134 26
0.0744146 0.779402 37
0.507898 0.204175 22
0.840159 0.242063 38
0.802689 0.484159 41
0.49522 0.866993 46
0.685682 0.794389 48
0.460666 0.0658693 18
0.180802 0.0522089 4
0.314253 0.269699 16
0.757596 0.895954 54
0.942851 0.364977 45
0.637192 0.666427 41
0.299317 0.699225 34
0.700902 0.978603 56
0.512697 0.516485 31
0.379638 0.366294 21
0.564691 0.932166 50
0.132312 0.933435 45
0.737082 0.93262 55
0.720082 0.784946 48
0.297198 0.606773 30
0.105942 0.0393343 0
0.956133 0.710762 54
0.470745 0.154043 19
0.869112 0.108521 38
0.0918644 0.494982 23
0.136643 0.940756 45
0.573063 0.482815 32
0.138452 0.224669 9
0 1 7
0 2 55
0 3 89
0 4 8
0 5 87
0 6 55
0 7 41
0 8 42
0 9 23
0 10 28
0 11 46
0 12 31
0 13 42
0 14 63
0 15 25
0 16 34
0 17 9
0 18 82
0 19 26
0 20 80
0 21 34
0 22 82
0 23 14
0 24 69
0 25 61
0 26 55
0 27 62
0 28 12
0 29 26
0 30 56
0 31 37
0 32 53
0 33 60
0 34 19
0 35 77
0 36 36
0 37 19
0 38 59
0 39 68
0 40 68
0 41 48
0 42 18
0 43 50
0 44 64
0 45 68
0 46 35
0 47 28
0 48 86
0 49 56
0 50 48
0 51 29
0 52 37
0 53 79
0 54 22
0 55 19
0 56 41
0 57 62
0 58 61
0 59 51
0 60 60
0 61 31
0 62 44
0 63 26
0 64 76
0 65 44
0 66 23
0 67 49
0 68 1
0 69 39
0 70 16
0 71 18
0 72 54
0 73 78
0 74 66
0 75 42
0 76 56
0 77 63
0 78 57
0 79 38
0 80 66
0 81 82
0 82 48
0 83 16
0 84 65
0 85 37
0 86 33
0 87 51
0 88 32
0 89 66
0 90 59
0 91 14
0 92 58
0 93 80
0 94 56
0 95 87
0 96 14
0 97 32
0 98 44
0 99 39
1 2 48
1 3 87
1 4 15
1 5 84
1 6 49
1 7 47
1 8 44
1 9 23
1 10 34
1 11 48
1 12 36
1 13 43
1 14 66
1 15 18
1 16 30
1 17 16
1 18 79
1 19 33
1 20 77
1 21 27
1 22 80
1 23 14
1 24 63
1 25 63
1 26 48
1 27 64
1 28 19
1 29 23
1 30 58
1 31 40
1 32 54
1 33 53
1 34 20
1 35 74
1 36 29
1 37 15
1 38 54
1 39 64
1 40 61
1 41 51
1 42 19
1 43 49
1 44 57
1 45 61
1 46 38
1 47 26
1 48 82
1 49 49
1 50 44
1 51 30
1 52 38
1 53 76
1 54 14
1 55 13
1 56 38
1 57 60
1 58 55
1 59 45
1 60 53
1 61 27
1 62 47
1 63 32
1 64 75
1 65 51
1 66 20
1 67 47
1 68 7
1 69 37
1 70 16
1 71 18
1 72 55
1 73 76
1 74 62
1 75 35
1 76 49
1 77 65
1 78 61
1 79 41
1 80 59
1 81 79
1 82 42
1 83 9
1 84 58
1 85 33
1 86 34
1 87 44
1 88 28
1 89 59
1 90 52
1 91 10
1 92 64
1 93 74
1 94 57
1 95 86
1 96 21
1 97 29
1 98 40
1 99 45
2 3 81
2 4 63
2 5 77
2 6 26
2 7 91
2 8 73
2 9 54
2 10 77
2 11 77
2 12 77
2 13 67
2 14 94
2 15 37
2 16 51
2 17 63
2 18 68
2 19 80
2 20 66
2 21 24
2 22 80
2 23 55
2 24 19
2 25 87
2 26 3
2 27 86
2 28 67
2 29 52
2 30 83
2 31 71
2 32 79
2 33 15
2 34 59
2 35 69
2 36 28
2 37 45
2 38 39
2 39 58
2 40 16
2 41 83
2 42 58
2 43 64
2 44 16
2 45 15
2 46 71
2 47 49
2 48 66
2 49 10
2 50 36
2 51 62
2 52 64
2 53 68
2 54 34
2 55 37
2 56 50
2 57 66
2 58 24
2 59 24
2 60 7
2 61 46
2 62 79
2 63 74
2 64 80
2 65 95
2 66 42
2 67 57
2 68 55
2 69 51
2 70 53
2 71 56
2 72 74
2 73 73
2 74 49
2 75 13
2 76 16
2 77 89
2 78 98
2 79 73
2 80 15
2 81 66
2 82 27
2 83 39
2 84 10
2 85 43
2 86 62
2 87 5
2 88 48
2 89 13
2 90 19
2 91 46
2 92 103
2 93 41
2 94 80
2 95 87
2 96 68
2 97 47
2 98 46
2 99 86
3 4 91
3 5 4
3 6 55
3 7 90
3 8 60
3 9 67
3 10 85
3 11 59
3 12 78
3 13 54
3 14 60
3 15 94
3 16 113
3 17 89
3 18 14
3 19 94
3 20 15
3 21 71
3 22 10
3 23 101
3 24 70
3 25 51
3 26 83
3 27 48
3 28 97
3 29 108
3 30 53
3 31 63
3 32 52
3 33 67
3 34 107
3 35 13
3 36 95
3 37 98
3 38 43
3 39 24
3 40 73
3 41 64
3 42 105
3 43 41
3 44 68
3 45 76
3 46 65
3 47 62
3 48 21
3 49 71
3 50 49
3 51 64
3 52 57
3 53 13
3 54 83
3 55 79
3 56 49
3 57 29
3 58 58
3 59 58
3 60 77
3 61 108
3 62 63
3 63 82
3 64 21
3 65 93
3 66 67
3 67 40
3 68 90
3 69 50
3 70 74
3 71 105
3 72 44
3 73 12
3 74 32
3 75 80
3 76 65
3 77 51
3 78 78
3 79 64
3 80 72
3 81 16
3 82 56
3 83 82
3 84 81
3 85 54
3 86 59
3 87 82
3 88 110
3 89 76
3 90 63
3 91 77
3 92 86
3 93 51
3 94 48
3 95 12
3 96 91
3 97 110
3 98 47
3 99 81
4 5 89
4 6 61
4 7 34
4 8 39
4 9 24
4 10 21
4 11 43
4 12 26
4 13 41
4 14 59
4 15 32
4 16 40
4 17 2
4 18 85
4 19 18
4 20 83
4 21 41
4 22 83
4 23 19
4 24 77
4 25 59
4 26 63
4 27 60
4 28 6
4 29 31
4 30 53
4 31 35
4 32 50
4 33 67
4 34 23
4 35 79
4 36 44
4 37 26
4 38 64
4 39 71
4 40 75
4 41 44
4 42 22
4 43 51
4 44 71
4 45 75
4 46 32
4 47 30
4 48 90
4 49 63
4 50 53
4 51 28
4 52 36
4 53 82
4 54 30
4 55 27
4 56 43
4 57 63
4 58 68
4 59 57
4 60 67
4 61 38
4 62 40
4 63 20
4 64 76
4 65 37
4 66 28
4 67 51
4 68 9
4 69 41
4 70 18
4 71 23
4 72 53
4 73 80
4 74 70
4 75 50
4 76 63
4 77 60
4 78 51
4 79 35
4 80 73
4 81 86
4 82 54
4 83 24
4 84 73
4 85 41
4 86 33
4 87 59
4 88 38
4 89 73
4 90 65
4 91 20
4 92 51
4 93 86
4 94 54
4 95 88
4 96 6
4 97 39
4 98 47
4 99 33
5 6 51
5 7 89
5 8 59
5 9 65
5 10 84
5 11 58
5 12 77
5 13 53
5 14 61
5 15 91
5 16 110
5 17 87
5 18 9
5 19 93
5 20 11
5 21 68
5 22 12
5 23 99
5 24 66
5 25 52
5 26 79
5 27 49
5 28 95
5 29 105
5 30 54
5 31 62
5 32 52
5 33 63
5 34 105
5 35 10
5 36 92
5 37 95
5 38 39
5 39 21
5 40 68
5 41 64
5 42 103
5 43 40
5 44 64
5 45 71
5 46 65
5 47 59
5 48 16
5 49 67
5 50 45
5 51 63
5 52 56
5 53 9
5 54 80
5 55 76
5 56 46
5 57 27
5 58 54
5 59 54
5 60 73
5 61 104
5 62 63
5 63 81
5 64 22
5 65 93
5 66 65
5 67 38
5 68 88
5 69 48
5 70 72
5 71 102
5 72 44
5 73 11
5 74 28
5 75 77
5 76 61
5 77 52
5 78 79
5 79 63
5 80 68
5 81 12
5 82 52
5 83 79
5 84 77
5 85 51
5 86 58
5 87 78
5 88 106
5 89 72
5 90 58
5 91 74
5 92 87
5 93 46
5 94 48
5 95 16
5 96 89
5 97 107
5 98 44
5 99 81
6 7 80
6 8 56
6 9 43
6 10 68
6 11 59
6 12 65
6 13 49
6 14 75
6 15 47
6 16 65
6 17 60
6 18 43
6 19 74
6 20 41
6 21 23
6 22 54
6 23 61
6 24 22
6 25 67
6 26 28
6 27 64
6 28 66
6 29 63
6 30 64
6 31 55
6 32 59
6 33 14
6 34 66
6 35 43
6 36 43
6 37 53
6 38 13
6 39 32
6 40 22
6 41 66
6 42 64
6 43 42
6 44 17
6 45 24
6 46 57
6 47 35
6 48 42
6 49 16
6 50 13
6 51 48
6 52 47
6 53 42
6 54 38
6 55 36
6 56 31
6 57 42
6 58 8
6 59 4
6 60 22
6 61 59
6 62 62
6 63 65
6 64 55
6 65 84
6 66 33
6 67 35
6 68 55
6 69 32
6 70 45
6 71 63
6 72 53
6 73 48
6 74 24
6 75 26
6 76 10
6 77 67
6 78 83
6 79 57
6 80 21
6 81 41
6 82 7
6 83 40
6 84 28
6 85 26
6 86 46
6 87 27
6 88 61
6 89 24
6 90 9
6 91 41
6 92 89
6 93 26
6 94 59
6 95 61
6 96 64
6 97 61
6 98 25
6 99 73
7 8 31
7 9 38
7 10 14
7 11 31
7 12 15
7 13 38
7 14 38
7 15 65
7 16 73
7 17 33
7 18 88
7 19 17
7 20 87
7 21 67
7 22 80
7 23 52
7 24 100
7 25 42
7 26 91
7 27 45
7 28 35
7 29 65
7 30 38
7 31 29
7 32 38
7 33 90
7 34 55
7 35 81
7 36 76
7 37 60
7 38 78
7 39 76
7 40 99
7 41 26
7 42 55
7 43 50
7 44 95
7 45 100
7 46 26
7 47 45
7 48 96
7 49 88
7 50 69
7 51 33
7 52 36
7 53 85
7 54 60
7 55 55
7 56 52
7 57 62
7 58 88
7 59 77
7 60 94
7 61 72
7 62 26
7 63 17
7 64 70
7 65 4
7 66 49
7 67 55
7 68 42
7 69 50
7 70 38
7 71 56
7 72 46
7 73 79
7 74 80
7 75 78
7 76 86
7 77 44
7 78 21
7 79 27
7 80 98
7 81 90
7 82 74
7 83 54
7 84 100
7 85 55
7 86 36
7 87 88
7 88 72
7 89 99
7 90 87
7 91 46
7 92 19
7 93 103
7 94 42
7 95 82
7 96 28
7 97 73
7 98 58
7 99 9
8 9 22
8 10 26
8 11 4
8 12 18
8 13 8
8 14 23
8 15 60
8 16 74
8 17 37
8 18 58
8 19 36
8 20 56
8 21 50
8 22 50
8 23 56
8 24 78
8 25 20
8 26 74
8 27 20
8 28 44
8 29 67
8 30 14
8 31 4
8 32 11
8 33 68
8 34 61
8 35 50
8 36 68
8 37 59
8 38 51
8 39 46
8 40 78
8 41 10
8 42 60
8 43 20
8 44 72
8 45 79
8 46 7
8 47 25
8 48 66
8 49 68
8 50 43
8 51 14
8 52 9
8 53 55
8 54 51
8 55 44
8 56 25
8 57 32
8 58 64
8 59 54
8 60 74
8 61 71
8 62 6
8 63 23
8 64 41
8 65 34
8 66 33
8 67 25
8 68 43
8 69 24
8 70 28
8 71 60
8 72 16
8 73 48
8 74 50
8 75 63
8 76 64
8 77 21
8 78 27
8 79 5
8 80 76
8 81 60
8 82 50
8 83 45
8 84 81
8 85 31
8 86 12
8 87 71
8 88 72
8 89 78
8 90 65
8 91 36
8 92 33
8 93 76
8 94 15
8 95 53
8 96 36
8 97 72
8 98 32
8 99 22
9 10 26
9 11 27
9 12 23
9 13 19
9 14 45
9 15 38
9 16 53
9 17 23
9 18 61
9 19 32
9 20 58
9 21 30
9 22 59
9 23 37
9 24 62
9 25 41
9 26 55
9 27 41
9 28 31
9 29 46
9 30 36
9 31 18
9 32 32
9 33 52
9 34 42
9 35 55
9 36 46
9 37 37
9 38 42
9 39 46
9 40 61
9 41 31
9 42 41
9 43 27
9 44 57
9 45 62
9 46 18
9 47 7
9 48 66
9 49 50
9 50 32
9 51 8
9 52 15
9 53 58
9 54 29
9 55 22
9 56 19
9 57 39
9 58 50
9 59 40
9 60 56
9 61 49
9 62 26
9 63 22
9 64 53
9 65 42
9 66 12
9 67 26
9 68 24
9 69 17
9 70 7
9 71 41
9 72 32
9 73 55
9 74 46
9 75 43
9 76 47
9 77 42
9 78 45
9 79 20
9 80 60
9 81 61
9 82 36
9 83 23
9 84 62
9 85 18
9 86 11
9 87 51
9 88 51
9 89 61
9 90 49
9 91 14
9 92 49
9 93 66
9 94 34
9 95 64
9 96 25
9 97 51
9 98 24
9 99 32
10 11 28
10 12 7
10 13 31
10 14 41
10 15 52
10 16 61
10 17 20
10 18 81
10 19 10
10 20 79
10 21 53
10 22 75
10 23 40
10 24 87
10 25 43
10 26 78
10 27 45
10 28 23
10 29 52
10 30 38
10 31 22
10 32 36
10 33 77
10 34 44
10 35 74
10 36 63
10 37 47
10 38 67
10 39 68
10 40 86
10 41 26
10 42 43
10 43 44
10 44 82
10 45 87
10 46 19
10 47 33
10 48 88
10 49 75
10 50 57
10 51 22
10 52 28
10 53 78
10 54 46
10 55 41
10 56 42
10 57 56
10 58 76
10 59 65
10 60 80
10 61 59
10 62 24
10 63 3
10 64 67
10 65 18
10 66 36
10 67 47
10 68 29
10 69 40
10 70 24
10 71 44
10 72 42
10 73 73
10 74 70
10 75 65
10 76 73
10 77 44
10 78 30
10 79 21
10 80 85
10 81 83
10 82 61
10 83 40
10 84 86
10 85 43
10 86 26
10 87 74
10 88 59
10 89 86
10 90 75
10 91 32
10 92 30
10 93 92
10 94 40
10 95 79
10 96 15
10 97 60
10 98 48
10 99 12
11 12 21
11 13 11
11 14 18
11 15 64
11 16 79
11 17 41
11 18 58
11 19 39
11 20 57
11 21 54
11 22 49
11 23 60
11 24 81
11 25 16
11 26 78
11 27 17
11 28 48
11 29 71
11 30 10
11 31 9
11 32 8
11 33 72
11 34 65
11 35 50
11 36 72
11 37 63
11 38 53
11 39 47
11 40 81
11 41 7
11 42 64
11 43 21
11 44 76
11 45 83
11 46 11
11 47 29
11 48 66
11 49 72
11 50 46
11 51 18
11 52 13
11 53 55
11 54 55
11 55 49
11 56 28
11 57 32
11 58 67
11 59 58
11 60 78
11 61 75
11 62 5
11 63 26
11 64 39
11 65 34
11 66 37
11 67 27
11 68 47
11 69 27
11 70 32
11 71 64
11 72 15
11 73 48
11 74 52
11 75 67
11 76 67
11 77 17
11 78 24
11 79 8
11 80 79
11 81 60
11 82 54
11 83 50
11 84 84
11 85 34
11 86 16
11 87 75
11 88 76
11 89 82
11 90 68
11 91 41
11 92 31
11 93 78
11 94 12
11 95 52
11 96 40
11 97 77
11 98 35
11 99 22
12 13 24
12 14 34
12 15 54
12 16 65
12 17 24
12 18 75
12 19 18
12 20 73
12 21 52
12 22 68
12 23 45
12 24 85
12 25 35
12 26 77
12 27 37
12 28 29
12 29 57
12 30 30
12 31 15
12 32 29
12 33 75
12 34 49
12 35 68
12 36 64
12 37 50
12 38 63
12 39 62
12 40 84
12 41 19
12 42 48
12 43 37
12 44 79
12 45 85
12 46 12
12 47 30
12 48 82
12 49 73
12 50 53
12 51 18
12 52 22
12 53 72
12 54 47
12 55 42
12 56 37
12 57 50
12 58 73
12 59 62
12 60 79
12 61 62
12 62 17
12 63 6
12 64 59
12 65 19
12 66 34
12 67 41
12 68 32
12 69 35
12 70 24
12 71 49
12 72 34
12 73 66
12 74 65
12 75 64
12 76 70
12 77 37
12 78 25
12 79 14
12 80 83
12 81 77
12 82 58
12 83 41
12 84 85
12 85 39
12 86 21
12 87 74
12 88 63
12 89 84
12 90 72
12 91 32
12 92 28
12 93 88
12 94 33
12 95 72
12 96 21
12 97 64
12 98 43
12 99 9
13 14 27
13 15 57
13 16 73
13 17 39
13 18 51
13 19 41
13 20 49
13 21 44
13 22 44
13 23 56
13 24 70
13 25 22
13 26 68
13 27 21
13 28 46
13 29 66
13 30 17
13 31 9
13 32 13
13 33 61
13 34 61
13 35 44
13 36 64
13 37 57
13 38 43
13 39 39
13 40 70
13 41 17
13 42 60
13 43 13
13 44 65
13 45 72
13 46 12
13 47 20
13 48 58
13 49 61
13 50 36
13 51 13
13 52 5
13 53 48
13 54 47
13 55 41
13 56 18
13 57 25
13 58 57
13 59 47
13 60 67
13 61 69
13 62 14
13 63 28
13 64 36
13 65 41
13 66 28
13 67 17
13 68 43
13 69 17
13 70 26
13 71 60
13 72 13
13 73 42
13 74 42
13 75 58
13 76 56
13 77 23
13 78 34
13 79 11
13 80 69
13 81 53
13 82 43
13 83 42
13 84 74
13 85 24
13 86 8
13 87 65
13 88 70
13 89 71
13 90 57
13 91 34
13 92 41
13 93 68
13 94 15
13 95 48
13 96 39
13 97 71
13 98 24
13 99 29
14 15 83
14 16 96
14 17 57
14 18 64
14 19 51
14 20 62
14 21 72
14 22 50
14 23 77
14 24 96
14 25 9
14 26 96
14 27 13
14 28 63
14 29 89
14 30 11
14 31 27
14 32 15
14 33 88
14 34 82
14 35 55
14 36 91
14 37 81
14 38 66
14 39 56
14 40 97
14 41 16
14 42 81
14 43 33
14 44 91
14 45 99
14 46 28
14 47 47
14 48 73
14 49 88
14 50 61
14 51 37
14 52 31
14 53 60
14 54 73
14 55 67
14 56 44
14 57 39
14 58 82
14 59 73
14 60 94
14 61 93
14 62 19
14 63 40
14 64 39
14 65 39
14 66 55
14 67 40
14 68 64
14 69 44
14 70 50
14 71 81
14 72 22
14 73 51
14 74 63
14 75 85
14 76 83
14 77 9
14 78 20
14 79 25
14 80 95
14 81 66
14 82 69
14 83 68
14 84 101
14 85 51
14 86 34
14 87 93
14 88 94
14 89 98
14 90 83
14 91 59
14 92 27
14 93 90
14 94 16
14 95 50
14 96 55
14 97 95
14 98 50
14 99 31
15 16 19
15 17 33
15 18 84
15 19 51
15 20 82
15 21 24
15 22 89
15 23 19
15 24 54
15 25 79
15 26 35
15 27 78
15 28 34
15 29 16
15 30 74
15 31 56
15 32 70
15 33 46
15 34 23
15 35 81
15 36 12
15 37 9
15 38 56
15 39 70
15 40 52
15 41 68
15 42 21
15 43 61
15 44 50
15 45 51
15 46 55
15 47 38
15 48 86
15 49 41
15 50 47
15 51 46
15 52 53
15 53 82
15 54 11
15 55 17
15 56 48
15 57 70
15 58 51
15 59 43
15 60 43
15 61 13
15 62 64
15 63 50
15 64 85
15 65 69
15 66 30
15 67 58
15 68 24
15 69 47
15 70 33
15 71 19
15 72 69
15 73 84
15 74 65
15 75 24
15 76 43
15 77 80
15 78 79
15 79 58
15 80 50
15 81 84
15 82 42
15 83 15
15 84 47
15 85 41
15 86 49
15 87 32
15 88 15
15 89 49
15 90 47
15 91 24
15 92 82
15 93 71
15 94 72
15 95 96
15 96 38
15 97 15
15 98 48
15 99 63
16 17 41
16 18 103
16 19 56
16 20 101
16 21 43
16 22 107
16 23 21
16 24 70
16 25 94
16 26 49
16 27 94
16 28 39
16 29 8
16 30 88
16 31 70
16 32 85
16 33 63
16 34 19
16 35 100
16 36 23
16 37 16
16 38 74
16 39 89
16 40 67
16 41 81
16 42 19
16 43 78
16 44 66
16 45 65
16 46 69
16 47 55
16 48 105
16 49 57
16 50 65
16 51 61
16 52 68
16 53 101
16 54 30
16 55 35
16 56 66
16 57 88
16 58 68
16 59 61
16 60 57
16 61 6
16 62 77
16 63 60
16 64 103
16 65 76
16 66 47
16 67 75
16 68 33
16 69 65
16 70 47
16 71 17
16 72 85
16 73 102
16 74 84
16 75 40
16 76 60
16 77 95
16 78 90
16 79 71
16 80 66
16 81 102
16 82 60
16 83 32
16 84 60
16 85 60
16 86 65
16 87 46
16 88 3
16 89 63
16 90 64
16 91 39
16 92 91
16 93 89
16 94 88
16 95 114
16 96 45
16 97 4
16 98 66
16 99 73
17 18 83
17 19 17
17 20 81
17 21 40
17 22 81
17 23 21
17 24 76
17 25 57
17 26 63
17 27 58
17 28 8
17 29 33
17 30 51
17 31 33
17 32 48
17 33 66
17 34 25
17 35 77
17 36 44
17 37 28
17 38 62
17 39 69
17 40 75
17 41 42
17 42 24
17 43 49
17 44 71
17 45 75
17 46 30
17 47 29
17 48 88
17 49 63
17 50 52
17 51 26
17 52 34
17 53 80
17 54 30
17 55 26
17 56 41
17 57 61
17 58 67
17 59 56
17 60 67
17 61 39
17 62 38
17 63 19
17 64 74
17 65 36
17 66 27
17 67 49
17 68 9
17 69 40
17 70 16
17 71 25
17 72 51
17 73 78
17 74 68
17 75 50
17 76 62
17 77 58
17 78 49
17 79 33
17 80 73
17 81 84
17 82 53
17 83 24
17 84 73
17 85 39
17 86 31
17 87 59
17 88 40
17 89 73
17 90 65
17 91 19
17 92 50
17 93 85
17 94 52
17 95 86
17 96 5
17 97 40
17 98 45
17 99 31
18 19 91
18 20 2
18 21 60
18 22 18
18 23 93
18 24 57
18 25 54
18 26 70
18 27 51
18 28 91
18 29 99
18 30 55
18 31 60
18 32 53
18 33 54
18 34 99
18 35 8
18 36 84
18 37 89
18 38 30
18 39 14
18 40 59
18 41 65
18 42 97
18 43 38
18 44 55
18 45 62
18 46 63
18 47 54
18 48 9
18 49 58
18 50 37
18 51 59
18 52 54
18 53 3
18 54 73
18 55 69
18 56 42
18 57 26
18 58 45
18 59 45
18 60 63
18 61 97
18 62 63
18 63 78
18 64 26
18 65 92
18 66 59
18 67 35
18 68 83
18 69 44
18 70 67
18 71 96
18 72 44
18 73 13
18 74 19
18 75 68
18 76 52
18 77 54
18 78 80
18 79 62
18 80 58
18 81 3
18 82 44
18 83 73
18 84 68
18 85 45
18 86 55
18 87 70
18 88 99
18 89 62
18 90 49
18 91 69
18 92 88
18 93 37
18 94 49
18 95 24
18 96 85
18 97 99
18 98 38
18 99 80
19 20 89
19 21 56
19 22 85
19 23 36
19 24 92
19 25 53
19 26 80
19 27 55
19 28 18
19 29 48
19 30 48
19 31 32
19 32 47
19 33 82
19 34 38
19 35 84
19 36 62
19 37 44
19 38 74
19 39 77
19 40 91
19 41 36
19 42 37
19 43 53
19 44 86
19 45 91
19 46 29
19 47 40
19 48 97
19 49 79
19 50 64
19 51 31
19 52 37
19 53 87
19 54 47
19 55 43
19 56 50
19 57 66
19 58 82
19 59 71
19 60 84
19 61 55
19 62 34
19 63 13
19 64 77
19 65 20
19 66 41
19 67 56
19 68 27
19 69 48
19 70 29
19 71 39
19 72 52
19 73 83
19 74 78
19 75 67
19 76 77
19 77 54
19 78 37
19 79 31
19 80 89
19 81 92
19 82 67
19 83 41
19 84 89
19 85 50
19 86 36
19 87 76
19 88 55
19 89 89
19 90 80
19 91 35
19 92 36
19 93 98
19 94 51
19 95 89
19 96 12
19 97 56
19 98 56
19 99 20
20 21 58
20 22 18
20 23 91
20 24 55
20 25 53
20 26 69
20 27 50
20 28 89
20 29 97
20 30 54
20 31 58
20 32 51
20 33 52
20 34 97
20 35 7
20 36 82
20 37 87
20 38 28
20 39 12
20 40 58
20 41 63
20 42 95
20 43 36
20 44 53
20 45 60
20 46 61
20 47 52
20 48 10
20 49 56
20 50 35
20 51 58
20 52 52
20 53 3
20 54 71
20 55 67
20 56 40
20 57 24
20 58 43
20 59 43
20 60 62
20 61 95
20 62 61
20 63 76
20 64 26
20 65 90
20 66 57
20 67 33
20 68 81
20 69 42
20 70 65
20 71 94
20 72 43
20 73 13
20 74 17
20 75 66
20 76 50
20 77 53
20 78 79
20 79 60
20 80 57
20 81 4
20 82 42
20 83 70
20 84 66
20 85 43
20 86 53
20 87 68
20 88 97
20 89 61
20 90 48
20 91 66
20 92 86
20 93 36
20 94 48
20 95 24
20 96 83
20 97 97
20 98 36
20 99 78
21 22 67
21 23 38
21 24 36
21 25 66
21 26 25
21 27 64
21 28 46
21 29 40
21 30 61
21 31 47
21 32 57
21 33 26
21 34 43
21 35 58
21 36 24
21 37 31
21 38 31
21 39 47
21 40 34
21 41 59
21 42 42
21 43 44
21 44 30
21 45 35
21 46 47
21 47 25
21 48 62
21 49 23
21 50 23
21 51 37
21 52 41
21 53 59
21 54 15
21 55 14
21 56 30
21 57 50
21 58 28
21 59 19
21 60 27
21 61 37
21 62 55
21 63 50
21 64 65
21 65 70
21 66 18
21 67 39
21 68 34
21 69 30
21 70 29
21 71 40
21 72 53
21 73 61
21 74 41
21 75 13
21 76 22
21 77 67
21 78 74
21 79 49
21 80 33
21 81 60
21 82 18
21 83 18
21 84 33
21 85 22
21 86 38
21 87 22
21 88 39
21 89 33
21 90 25
21 91 22
21 92 79
21 93 48
21 94 58
21 95 74
21 96 45
21 97 39
21 98 27
21 99 61
22 23 94
22 24 71
22 25 41
22 26 82
22 27 38
22 28 89
22 29 102
22 30 43
22 31 53
22 32 42
22 33 67
22 34 100
22 35 12
22 36 91
22 37 92
22 38 41
22 39 22
22 40 73
22 41 54
22 42 99
22 43 32
22 44 68
22 45 76
22 46 56
22 47 54
22 48 27
22 49 70
22 50 45
22 51 55
22 52 48
22 53 15
22 54 78
22 55 73
22 56 42
22 57 20
22 58 58
22 59 55
22 60 76
22 61 102
22 62 53
22 63 72
22 64 10
22 65 83
22 66 61
22 67 33
22 68 83
22 69 43
22 70 66
22 71 98
22 72 34
22 73 6
22 74 31
22 75 77
22 76 64
22 77 40
22 78 68
22 79 54
22 80 72
22 81 21
22 82 53
22 83 76
22 84 81
22 85 48
22 86 51
22 87 80
22 88 104
22 89 76
22 90 62
22 91 70
22 92 76
22 93 54
22 94 38
22 95 7
22 96 82
22 97 104
22 98 41
22 99 71
23 24 72
23 25 75
23 26 54
23 27 76
23 28 18
23 29 12
23 30 70
23 31 51
23 32 67
23 33 63
23 34 6
23 35 89
23 36 30
23 37 11
23 38 67
23 39 78
23 40 70
23 41 62
23 42 4
23 43 63
23 44 67
23 45 69
23 46 50
23 47 40
23 48 96
23 49 58
23 50 57
23 51 43
23 52 51
23 53 91
23 54 23
23 55 25
23 56 53
23 57 74
23 58 66
23 59 57
23 60 61
23 61 19
23 62 58
23 63 39
23 64 89
23 65 55
23 66 34
23 67 62
23 68 13
23 69 51
23 70 30
23 71 4
23 72 68
23 73 90
23 74 76
23 75 42
23 76 59
23 77 77
23 78 70
23 79 52
23 80 68
23 81 93
23 82 55
23 83 21
23 84 65
23 85 48
23 86 47
23 87 51
23 88 19
23 89 67
23 90 63
23 91 25
23 92 70
23 93 86
23 94 70
23 95 100
23 96 25
23 97 20
23 98 55
23 99 52
24 25 88
24 26 22
24 27 86
24 28 82
24 29 70
24 30 85
24 31 76
24 32 81
24 33 10
24 34 77
24 35 60
24 36 47
24 37 63
24 38 32
24 39 50
24 40 3
24 41 88
24 42 75
24 43 64
24 44 6
24 45 6
24 46 78
24 47 55
24 48 52
24 49 14
24 50 35
24 51 68
24 52 69
24 53 57
24 54 49
24 55 50
24 56 53
24 57 62
24 58 14
24 59 23
24 60 13
24 61 65
24 62 83
24 63 84
24 64 74
24 65 104
24 66 51
24 67 57
24 68 70
24 69 53
24 70 63
24 71 73
24 72 74
24 73 65
24 74 40
24 75 30
24 76 15
24 77 89
24 78 104
24 79 79
24 80 4
24 81 54
24 82 27
24 83 53
24 84 13
24 85 47
24 86 67
24 87 24
24 88 67
24 89 8
24 90 13
24 91 58
24 92 110
24 93 24
24 94 80
24 95 78
24 96 81
24 97 66
24 98 46
24 99 94
25 26 89
25 27 4
25 28 63
25 29 86
25 30 5
25 31 24
25 32 9
25 33 80
25 34 80
25 35 46
25 36 86
25 37 78
25 38 58
25 39 47
25 40 89
25 41 17
25 42 79
25 43 25
25 44 83
25 45 91
25 46 26
25 47 42
25 48 63
25 49 80
25 50 53
25 51 33
25 52 26
25 53 51
25 54 69
25 55 63
25 56 37
25 57 30
25 58 74
25 59 66
25 60 87
25 61 90
25 62 19
25 63 41
25 64 31
25 65 45
25 66 50
25 67 31
25 68 62
25 69 37
25 70 47
25 71 80
25 72 14
25 73 42
25 74 54
25 75 79
25 76 75
25 77 2
25 78 27
25 79 24
25 80 87
25 81 57
25 82 62
25 83 64
25 84 93
25 85 44
25 86 30
25 87 86
25 88 91
25 89 90
25 90 76
25 91 55
25 92 35
25 93 81
25 94 8
25 95 42
25 96 55
25 97 92
25 98 42
25 99 35
26 27 87
26 28 67
26 29 51
26 30 85
26 31 72
26 32 81
26 33 18
26 34 58
26 35 71
26 36 26
26 37 44
26 38 41
26 39 60
26 40 19
26 41 84
26 42 57
26 43 65
26 44 19
26 45 17
26 46 72
26 47 50
26 48 68
26 49 13
26 50 38
26 51 62
26 52 65
26 53 70
26 54 33
26 55 37
26 56 52
26 57 68
26 58 26
26 59 27
26 60 9
26 61 44
26 62 80
26 63 75
26 64 83
26 65 95
26 66 43
26 67 59
26 68 55
26 69 52
26 70 54
26 71 55
26 72 76
26 73 76
26 74 52
26 75 13
26 76 19
26 77 90
26 78 99
26 79 74
26 80 18
26 81 69
26 82 29
26 83 39
26 84 11
26 85 45
26 86 63
26 87 4
26 88 46
26 89 15
26 90 21
26 91 46
26 92 104
26 93 44
26 94 81
26 95 89
26 96 68
26 97 46
26 98 47
26 99 86
27 28 65
27 29 87
27 30 7
27 31 25
27 32 9
27 33 78
27 34 81
27 35 43
27 36 85
27 37 78
27 38 55
27 39 43
27 40 86
27 41 19
27 42 80
27 43 22
27 44 81
27 45 89
27 46 27
27 47 41
27 48 60
27 49 78
27 50 51
27 51 33
27 52 26
27 53 47
27 54 68
27 55 62
27 56 35
27 57 27
27 58 71
27 59 63
27 60 85
27 61 90
27 62 21
27 63 43
27 64 27
27 65 48
27 66 49
27 67 29
27 68 63
27 69 35
27 70 47
27 71 80
27 72 12
27 73 39
27 74 51
27 75 78
27 76 73
27 77 4
27 78 31
27 79 25
27 80 85
27 81 53
27 82 59
27 83 64
27 84 91
27 85 43
27 86 29
27 87 84
27 88 91
27 89 88
27 90 73
27 91 55
27 92 38
27 93 78
27 94 6
27 95 38
27 96 56
27 97 92
27 98 40
27 99 37
28 29 30
28 30 58
28 31 40
28 32 55
28 33 72
28 34 20
28 35 85
28 36 46
28 37 27
28 38 70
28 39 77
28 40 80
28 41 48
28 42 20
28 43 57
28 44 76
28 45 80
28 46 37
28 47 37
28 48 96
28 49 68
28 50 59
28 51 34
28 52 42
28 53 88
28 54 34
28 55 31
28 56 49
28 57 69
28 58 73
28 59 63
28 60 72
28 61 38
28 62 45
28 63 23
28 64 82
28 65 37
28 66 34
28 67 57
28 68 12
28 69 47
28 70 24
28 71 21
28 72 59
28 73 86
28 74 76
28 75 54
28 76 68
28 77 65
28 78 53
28 79 40
28 80 78
28 81 92
28 82 60
28 83 28
28 84 77
28 85 47
28 86 39
28 87 63
28 88 38
28 89 78
28 90 71
28 91 25
28 92 53
28 93 92
28 94 59
28 95 94
28 96 8
28 97 38
28 98 53
28 99 35
29 30 81
29 31 63
29 32 78
29 33 62
29 34 11
29 35 95
29 36 25
29 37 10
29 38 71
29 39 85
29 40 68
29 41 73
29 42 11
29 43 72
29 44 66
29 45 67
29 46 61
29 47 48
29 48 101
29 49 57
29 50 62
29 51 54
29 52 61
29 53 97
29 54 26
29 55 30
29 56 60
29 57 82
29 58 67
29 59 59
29 60 58
29 61 9
29 62 69
29 63 51
29 64 97
29 65 67
29 66 41
29 67 70
29 68 25
29 69 59
29 70 40
29 71 9
29 72 78
29 73 97
29 74 81
29 75 40
29 76 60
29 77 88
29 78 82
29 79 64
29 80 66
29 81 99
29 82 58
29 83 26
29 84 62
29 85 55
29 86 58
29 87 48
29 88 8
29 89 65
29 90 63
29 91 33
29 92 83
29 93 88
29 94 81
29 95 108
29 96 37
29 97 9
29 98 61
29 99 64
30 31 19
30 32 4
30 33 77
30 34 75
30 35 47
30 36 81
30 37 73
30 38 55
30 39 46
30 40 86
30 41 12
30 42 74
30 43 22
30 44 80
30 45 88
30 46 21
30 47 37
30 48 64
30 49 77
30 50 50
30 51 28
30 52 21
30 53 51
30 54 64
30 55 58
30 56 33
30 57 30
30 58 71
30 59 62
30 60 83
30 61 85
30 62 14
30 63 36
30 64 33
30 65 41
30 66 45
30 67 29
30 68 57
30 69 33
30 70 42
30 71 74
30 72 12
30 73 43
30 74 52
30 75 75
30 76 72
30 77 7
30 78 25
30 79 18
30 80 84
30 81 57
30 82 58
30 83 59
30 84 90
30 85 40
30 86 25
30 87 82
30 88 86
30 89 87
30 90 72
30 91 50
30 92 33
30 93 79
30 94 6
30 95 45
30 96 50
30 97 87
30 98 39
30 99 30
31 32 16
31 33 67
31 34 56
31 35 53
31 36 64
31 37 54
31 38 51
31 39 48
31 40 76
31 41 12
31 42 55
31 43 22
31 44 71
31 45 78
31 46 3
31 47 22
31 48 68
31 49 66
31 50 42
31 51 10
31 52 8
31 53 57
31 54 47
31 55 41
31 56 25
31 57 34
31 58 63
31 59 53
31 60 72
31 61 67
31 62 8
31 63 19
31 64 44
31 65 32
31 66 30
31 67 26
31 68 38
31 69 23
31 70 24
31 71 56
31 72 20
31 73 51
31 74 51
31 75 60
31 76 62
31 77 26
31 78 28
31 79 2
31 80 74
31 81 62
31 82 49
31 83 41
31 84 79
31 85 29
31 86 9
31 87 69
31 88 68
31 89 76
31 90 63
31 91 32
31 92 33
31 93 76
31 94 19
31 95 57
31 96 32
31 97 68
31 98 31
31 99 20
32 33 72
32 34 72
32 35 44
32 36 77
32 37 69
32 38 51
32 39 43
32 40 81
32 41 13
32 42 71
32 43 18
32 44 76
32 45 83
32 46 18
32 47 33
32 48 61
32 49 73
32 50 46
32 51 24
32 52 17
32 53 49
32 54 60
32 55 54
32 56 29
32 57 27
32 58 67
32 59 58
32 60 79
32 61 81
32 62 12
32 63 34
32 64 32
32 65 41
32 66 41
32 67 25
32 68 54
32 69 28
32 70 38
32 71 71
32 72 8
32 73 41
32 74 49
32 75 70
32 76 68
32 77 11
32 78 28
32 79 16
32 80 80
32 81 55
32 82 54
32 83 55
32 84 85
32 85 36
32 86 21
32 87 78
32 88 82
32 89 82
32 90 68
32 91 46
32 92 35
32 93 76
32 94 4
32 95 44
32 96 47
32 97 83
32 98 35
32 99 30
33 34 68
33 35 55
33 36 39
33 37 54
33 38 26
33 39 45
33 40 9
33 41 78
33 42 66
33 43 55
33 44 4
33 45 11
33 46 68
33 47 46
33 48 51
33 49 6
33 50 27
33 51 59
33 52 59
33 53 54
33 54 40
33 55 40
33 56 44
33 57 55
33 58 9
33 59 14
33 60 10
33 61 57
33 62 74
33 63 74
33 64 69
33 65 94
33 66 41
33 67 49
33 68 60
33 69 44
33 70 53
33 71 64
33 72 66
33 73 60
33 74 36
33 75 22
33 76 5
33 77 81
33 78 95
33 79 69
33 80 8
33 81 52
33 82 18
33 83 44
33 84 15
33 85 38
33 86 57
33 87 18
33 88 59
33 89 10
33 90 5
33 91 48
33 92 100
33 93 27
33 94 72
33 95 74
33 96 71
33 97 59
33 98 38
33 99 84
34 35 94
34 36 33
34 37 14
34 38 73
34 39 84
34 40 74
34 41 66
34 42 2
34 43 69
34 44 72
34 45 73
34 46 54
34 47 46
34 48 102
34 49 63
34 50 63
34 51 48
34 52 56
34 53 96
34 54 29
34 55 30
34 56 58
34 57 80
34 58 72
34 59 62
34 60 65
34 61 19
34 62 63
34 63 43
34 64 95
34 65 58
34 66 40
34 67 67
34 68 18
34 69 57
34 70 35
34 71 3
34 72 73
34 73 96
34 74 81
34 75 46
34 76 64
34 77 82
34 78 73
34 79 57
34 80 73
34 81 99
34 82 60
34 83 27
34 84 69
34 85 54
34 86 53
34 87 55
34 88 19
34 89 71
34 90 68
34 91 30
34 92 73
34 93 92
34 94 75
34 95 106
34 96 28
34 97 19
34 98 60
34 99 56
35 36 82
35 37 85
35 38 30
35 39 12
35 40 62
35 41 57
35 42 93
35 43 31
35 44 57
35 45 65
35 46 56
35 47 49
35 48 17
35 49 59
35 50 36
35 51 53
35 52 47
35 53 5
35 54 70
35 55 66
35 56 36
35 57 18
35 58 47
35 59 45
35 60 65
35 61 95
35 62 55
35 63 71
35 64 18
35 65 84
35 66 55
35 67 29
35 68 78
35 69 38
35 70 62
35 71 92
35 72 36
35 73 6
35 74 20
35 75 68
35 76 53
35 77 46
35 78 72
35 79 54
35 80 61
35 81 11
35 82 43
35 83 69
35 84 70
35 85 41
35 86 48
35 87 70
35 88 97
35 89 65
35 90 51
35 91 64
35 92 79
35 93 43
35 94 41
35 95 19
35 96 79
35 97 97
35 98 34
35 99 72
36 37 20
36 38 54
36 39 71
36 40 44
36 41 76
36 42 32
36 43 66
36 44 42
36 45 42
36 46 64
36 47 44
36 48 84
36 49 34
36 50 47
36 51 54
36 52 60
36 53 83
36 54 17
36 55 24
36 56 52
36 57 73
36 58 46
36 59 40
36 60 34
36 61 18
36 62 72
36 63 60
36 64 89
36 65 80
36 66 36
36 67 62
36 68 35
36 69 52
36 70 41
36 71 30
36 72 75
36 73 85
36 74 65
36 75 17
36 76 38
36 77 87
36 78 89
36 79 66
36 80 42
36 81 83
36 82 40
36 83 23
36 84 37
36 85 45
36 86 56
36 87 23
36 88 20
36 89 40
36 90 41
36 91 32
36 92 92
36 93 66
36 94 79
36 95 98
36 96 50
36 97 20
36 98 51
36 99 73
37 38 61
37 39 75
37 40 60
37 41 66
37 42 13
37 43 63
37 44 58
37 45 59
37 46 53
37 47 39
37 48 91
37 49 49
37 50 52
37 51 45
37 52 52
37 53 87
37 54 16
37 55 20
37 56 51
37 57 72
37 58 58
37 59 50
37 60 51
37 61 12
37 62 62
37 63 45
37 64 88
37 65 63
37 66 32
37 67 60
37 68 18
37 69 49
37 70 31
37 71 11
37 72 69
37 73 87
37 74 70
37 75 32
37 76 51
37 77 79
37 78 76
37 79 56
37 80 59
37 81 89
37 82 48
37 83 16
37 84 55
37 85 45
37 86 49
37 87 41
37 88 13
37 89 57
37 90 54
37 91 23
37 92 77
37 93 79
37 94 72
37 95 98
37 96 32
37 97 14
37 98 51
37 99 59
38 39 19
38 40 33
38 41 60
38 42 71
38 43 33
38 44 28
38 45 36
38 46 53
38 47 35
38 48 30
38 49 29
38 50 11
38 51 45
38 52 43
38 53 29
38 54 45
38 55 43
38 56 26
38 57 30
38 58 18
38 59 15
38 60 35
38 61 69
38 62 57
38 63 64
38 64 43
38 65 82
38 66 35
38 67 27
38 68 59
38 69 27
38 70 46
38 71 70
38 72 44
38 73 35
38 74 11
38 75 38
38 76 23
38 77 58
38 78 77
38 79 53
38 80 32
38 81 29
38 82 14
38 83 46
38 84 40
38 85 24
38 86 42
38 87 40
38 88 71
38 89 36
38 90 21
38 91 45
38 92 83
38 93 25
38 94 50
38 95 48
38 96 66
38 97 71
38 98 20
38 99 70
39 40 52
39 41 54
39 42 83
39 43 26
39 44 47
39 45 54
39 46 50
39 47 40
39 48 20
39 49 48
39 50 24
39 51 46
39 52 41
39 53 12
39 54 59
39 55 55
39 56 28
39 57 16
39 58 36
39 59 34
39 60 54
39 61 84
39 62 51
39 63 65
39 64 25
39 65 80
39 66 45
39 67 22
39 68 68
39 69 29
39 70 53
39 71 82
39 72 34
39 73 16
39 74 9
39 75 56
39 76 42
39 77 47
39 78 70
39 79 50
39 80 51
39 81 15
39 82 32
39 83 58
39 84 59
39 85 31
39 86 42
39 87 59
39 88 86
39 89 54
39 90 40
39 91 54
39 92 77
39 93 36
39 94 40
39 95 29
39 96 71
39 97 86
39 98 24
39 99 68
40 41 88
40 42 73
40 43 64
40 44 6
40 45 3
40 46 77
40 47 55
40 48 55
40 49 12
40 50 36
40 51 68
40 52 69
40 53 60
40 54 47
40 55 48
40 56 53
40 57 63
40 58 16
40 59 23
40 60 10
40 61 62
40 62 83
40 63 83
40 64 76
40 65 103
40 66 50
40 67 57
40 68 68
40 69 54
40 70 62
40 71 71
40 72 75
40 73 67
40 74 42
40 75 28
40 76 14
40 77 90
40 78 104
40 79 78
40 80 2
40 81 57
40 82 28
40 83 51
40 84 10
40 85 47
40 86 67
40 87 21
40 88 64
40 89 4
40 90 13
40 91 56
40 92 109
40 93 27
40 94 81
40 95 81
40 96 79
40 97 63
40 98 47
40 99 93
41 42 65
41 43 28
41 44 82
41 45 89
41 46 13
41 47 35
41 48 73
41 49 78
41 50 53
41 51 22
41 52 19
41 53 61
41 54 59
41 55 53
41 56 35
41 57 39
41 58 74
41 59 64
41 60 84
41 61 78
41 62 4
41 63 25
41 64 45
41 65 29
41 66 42
41 67 34
41 68 49
41 69 34
41 70 35
41 71 66
41 72 21
41 73 54
41 74 59
41 75 73
41 76 73
41 77 18
41 78 17
41 79 10
41 80 86
41 81 67
41 82 60
41 83 53
41 84 90
41 85 41
41 86 21
41 87 81
41 88 79
41 89 88
41 90 75
41 91 44
41 92 24
41 93 85
41 94 16
41 95 57
41 96 39
41 97 79
41 98 41
41 99 18
42 43 67
42 44 70
42 45 72
42 46 53
42 47 44
42 48 101
42 49 62
42 50 61
42 51 47
42 52 55
42 53 95
42 54 27
42 55 29
42 56 57
42 57 78
42 58 70
42 59 61
42 60 64
42 61 19
42 62 61
42 63 42
42 64 93
42 65 57
42 66 38
42 67 66
42 68 17
42 69 55
42 70 34
42 71 2
42 72 72
42 73 94
42 74 80
42 75 45
42 76 63
42 77 81
42 78 72
42 79 56
42 80 71
42 81 97
42 82 59
42 83 25
42 84 68
42 85 52
42 86 51
42 87 53
42 88 18
42 89 70
42 90 66
42 91 29
42 92 73
42 93 90
42 94 74
42 95 104
42 96 27
42 97 19
42 98 59
42 99 55
43 44 59
43 45 66
43 46 25
43 47 24
43 48 46
43 49 56
43 50 29
43 51 23
43 52 16
43 53 35
43 54 50
43 55 44
43 56 14
43 57 13
43 58 49
43 59 41
43 60 63
43 61 74
43 62 25
43 63 40
43 64 26
43 65 54
43 66 32
43 67 7
43 68 51
43 69 14
43 70 34
43 71 67
43 72 11
43 73 30
43 74 31
43 75 57
43 76 51
43 77 25
43 78 45
43 79 24
43 80 63
43 81 40
43 82 37
43 83 47
43 84 69
43 85 22
43 86 18
43 87 63
43 88 75
43 89 66
43 90 51
43 91 39
43 92 52
43 93 57
43 94 17
43 95 37
43 96 50
43 97 76
43 98 18
43 99 42
44 45 8
44 46 72
44 47 50
44 48 51
44 49 9
44 50 30
44 51 63
44 52 63
44 53 55
44 54 44
44 55 45
44 56 47
44 57 58
44 58 10
44 59 18
44 60 10
44 61 60
44 62 78
44 63 78
44 64 71
44 65 98
44 66 46
44 67 52
44 68 64
44 69 48
44 70 58
44 71 68
44 72 70
44 73 62
44 74 37
44 75 26
44 76 9
44 77 84
44 78 99
44 79 73
44 80 4
44 81 53
44 82 22
44 83 48
44 84 13
44 85 41
44 86 61
44 87 20
44 88 62
44 89 8
44 90 8
44 91 52
44 92 104
44 93 25
44 94 76
44 95 76
44 96 75
44 97 62
44 98 41
44 99 88
45 46 79
45 47 56
45 48 58
45 49 12
45 50 38
45 51 69
45 52 70
45 53 62
45 54 47
45 55 48
45 56 55
45 57 66
45 58 18
45 59 25
45 60 8
45 61 60
45 62 85
45 63 84
45 64 79
45 65 104
45 66 51
45 67 60
45 68 68
45 69 55
45 70 63
45 71 70
45 72 77
45 73 70
45 74 45
45 75 27
45 76 16
45 77 92
45 78 105
45 79 80
45 80 4
45 81 60
45 82 29
45 83 51
45 84 7
45 85 48
45 86 68
45 87 19
45 88 62
45 89 2
45 90 15
45 91 56
45 92 111
45 93 30
45 94 83
45 95 83
45 96 80
45 97 62
45 98 49
45 99 94
46 47 23
46 48 70
46 49 67
46 50 44
46 51 10
46 52 10
46 53 60
46 54 46
46 55 40
46 56 27
46 57 37
46 58 65
46 59 54
46 60 73
46 61 65
46 62 9
46 63 17
46 64 47
46 65 30
46 66 30
46 67 29
46 68 36
46 69 25
46 70 23
46 71 54
46 72 22
46 73 54
46 74 54
46 75 61
46 76 63
46 77 28
46 78 27
46 79 3
46 80 76
46 81 64
46 82 50
46 83 41
46 84 79
46 85 31
46 86 11
46 87 69
46 88 66
46 89 77
46 90 65
46 91 31
46 92 32
46 93 78
46 94 22
46 95 60
46 96 29
46 97 67
46 98 33
46 99 18
47 48 60
47 49 44
47 50 25
47 51 13
47 52 16
47 53 52
47 54 27
47 55 21
47 56 13
47 57 34
47 58 43
47 59 33
47 60 50
47 61 50
47 62 30
47 63 29
47 64 49
47 65 49
47 66 8
47 67 22
47 68 28
47 69 11
47 70 12
47 71 44
47 72 31
47 73 50
47 74 40
47 75 38
47 76 41
47 77 43
47 78 50
47 79 24
47 80 53
47 81 55
47 82 29
47 83 23
47 84 57
47 85 11
47 86 13
47 87 46
47 88 52
47 89 55
47 90 43
47 91 16
47 92 55
47 93 59
47 94 35
47 95 60
47 96 31
47 97 52
47 98 17
47 99 38
48 49 56
48 50 40
48 51 66
48 52 61
48 53 13
48 54 76
48 55 72
48 56 47
48 57 34
48 58 42
48 59 45
48 60 61
48 61 99
48 62 71
48 63 85
48 64 35
48 65 100
48 66 63
48 67 42
48 68 87
48 69 49
48 70 72
48 71 99
48 72 53
48 73 22
48 74 21
48 75 68
48 76 50
48 77 63
48 78 89
48 79 69
48 80 55
48 81 6
48 82 44
48 83 76
48 84 65
48 85 50
48 86 62
48 87 68
48 88 101
48 89 59
48 90 47
48 91 73
48 92 96
48 93 31
48 94 58
48 95 32
48 96 91
48 97 101
48 98 43
48 99 88
49 50 28
49 51 57
49 52 59
49 53 58
49 54 35
49 55 37
49 56 44
49 57 57
49 58 14
49 59 15
49 60 7
49 61 52
49 62 74
49 63 72
49 64 71
49 65 92
49 66 39
49 67 50
49 68 56
49 69 44
49 70 51
49 71 60
49 72 67
49 73 64
49 74 39
49 75 17
49 76 6
49 77 81
49 78 94
49 79 68
49 80 10
49 81 56
49 82 19
49 83 40
49 84 13
49 85 37
49 86 57
49 87 13
49 88 54
49 89 11
49 90 9
49 91 44
49 92 99
49 93 32
49 94 73
49 95 77
49 96 68
49 97 54
49 98 38
49 99 82
50 51 36
50 52 34
50 53 36
50 54 36
50 55 33
50 56 18
50 57 30
50 58 21
50 59 13
50 60 35
50 61 60
50 62 49
50 63 54
50 64 44
50 65 73
50 66 25
50 67 22
50 68 49
50 69 19
50 70 36
50 71 60
50 72 39
50 73 39
50 74 19
50 75 32
50 76 22
50 77 54
50 78 70
50 79 45
50 80 34
50 81 37
50 82 9
50 83 36
50 84 41
50 85 14
50 86 33
50 87 36
50 88 62
50 89 37
50 90 22
50 91 34
50 92 76
50 93 34
50 94 45
50 95 52
50 96 55
50 97 62
50 98 11
50 99 61
51 52 8
51 53 56
51 54 37
51 55 31
51 56 20
51 57 35
51 58 56
51 59 45
51 60 63
51 61 57
51 62 18
51 63 19
51 64 48
51 65 37
51 66 20
51 67 25
51 68 30
51 69 18
51 70 14
51 71 47
51 72 25
51 73 52
51 74 48
51 75 51
51 76 54
51 77 34
51 78 37
51 79 12
51 80 66
51 81 61
51 82 41
51 83 31
51 84 69
51 85 22
51 86 5
51 87 59
51 88 58
51 89 68
51 90 55
51 91 22
51 92 42
51 93 70
51 94 27
51 95 60
51 96 27
51 97 59
51 98 26
51 99 26
52 53 50
52 54 43
52 55 36
52 56 17
52 57 29
52 58 55
52 59 45
52 60 65
52 61 64
52 62 15
52 63 25
52 64 41
52 65 40
52 66 24
52 67 19
52 68 38
52 69 16
52 70 21
52 71 55
52 72 17
52 73 46
52 74 44
52 75 54
52 76 54
52 77 28
52 78 35
52 79 10
52 80 67
52 81 55
52 82 41
52 83 38
52 84 71
52 85 22
52 86 3
52 87 62
52 88 65
52 89 69
52 90 56
52 91 29
52 92 41
52 93 68
52 94 20
52 95 53
52 96 34
52 97 66
52 98 23
52 99 28
53 54 71
53 55 67
53 56 39
53 57 23
53 58 45
53 59 44
53 60 63
53 61 96
53 62 59
53 63 75
53 64 23
53 65 89
53 66 57
53 67 32
53 68 80
53 69 41
53 70 64
53 71 94
53 72 41
53 73 10
53 74 18
53 75 67
53 76 51
53 77 51
53 78 77
53 79 59
53 80 59
53 81 6
53 82 43
53 83 70
53 84 68
53 85 43
53 86 52
53 87 69
53 88 98
53 89 63
53 90 49
53 91 66
53 92 84
53 93 39
53 94 46
53 95 22
53 96 82
53 97 98
53 98 36
53 99 76
54 55 6
54 56 37
54 57 59
54 58 43
54 59 34
54 60 38
54 61 24
54 62 55
54 63 44
54 64 74
54 65 64
54 66 19
54 67 47
54 68 22
54 69 36
54 70 24
54 71 25
54 72 58
54 73 73
54 74 55
54 75 20
54 76 36
54 77 70
54 78 72
54 79 49
54 80 45
54 81 73
54 82 32
54 83 6
54 84 44
54 85 30
54 86 39
54 87 30
54 88 26
54 89 45
54 90 39
54 91 15
54 92 75
54 93 63
54 94 62
54 95 84
54 96 35
54 97 27
54 98 37
54 99 56
55 56 31
55 57 53
55 58 43
55 59 32
55 60 41
55 61 30
55 62 49
55 63 39
55 64 69
55 65 59
55 66 13
55 67 41
55 68 19
55 69 30
55 70 18
55 71 28
55 72 52
55 73 68
55 74 51
55 75 24
55 76 36
55 77 64
55 78 66
55 79 42
55 80 47
55 81 69
55 82 30
55 83 4
55 84 46
55 85 25
55 86 33
55 87 33
55 88 31
55 89 47
55 90 39
55 91 10
55 92 69
55 93 62
55 94 56
55 95 79
55 96 31
55 97 32
55 98 32
55 99 51
56 57 22
56 58 39
56 59 29
56 60 50
56 61 61
56 62 31
56 63 39
56 64 37
56 65 56
56 66 19
56 67 9
56 68 41
56 69 2
56 70 25
56 71 56
56 72 24
56 73 37
56 74 28
56 75 43
56 76 39
56 77 38
56 78 52
56 79 27
56 80 51
56 81 43
56 82 25
56 83 34
56 84 57
56 85 8
56 86 16
56 87 49
56 88 63
56 89 54
56 90 40
56 91 28
56 92 58
56 93 51
56 94 29
56 95 48
56 96 44
56 97 63
56 98 6
56 99 44
57 58 48
57 59 42
57 60 64
57 61 83
57 62 37
57 63 53
57 64 16
57 65 66
57 66 41
57 67 13
57 68 62
57 69 23
57 70 46
57 71 78
57 72 18
57 73 17
57 74 24
57 75 61
57 76 51
57 77 30
57 78 54
57 79 36
57 80 62
57 81 28
57 82 39
57 83 56
57 84 70
57 85 29
57 86 31
57 87 66
57 88 85
57 89 65
57 90 51
57 91 50
57 92 62
57 93 51
57 94 24
57 95 26
57 96 62
57 97 85
57 98 23
57 99 54
58 59 11
58 60 19
58 61 63
58 62 70
58 63 73
58 64 60
58 65 92
58 66 41
58 67 42
58 68 62
58 69 40
58 70 53
58 71 68
58 72 60
58 73 52
58 74 27
58 75 29
58 76 8
58 77 75
58 78 91
58 79 65
58 80 14
58 81 43
58 82 15
58 83 46
58 84 23
58 85 34
58 86 54
58 87 26
58 88 65
58 89 18
58 90 5
58 91 48
58 92 97
58 93 20
58 94 66
58 95 65
58 96 71
58 97 65
58 98 33
58 99 81
59 60 22
59 61 55
59 62 60
59 63 62
59 64 56
59 65 81
59 66 30
59 67 34
59 68 51
59 69 30
59 70 42
59 71 59
59 72 52
59 73 49
59 74 26
59 75 23
59 76 10
59 77 67
59 78 81
59 79 55
59 80 22
59 81 44
59 82 4
59 83 36
59 84 28
59 85 24
59 86 44
59 87 25
59 88 58
59 89 24
59 90 10
59 91 37
59 92 86
59 93 30
59 94 58
59 95 63
59 96 60
59 97 58
59 98 23
59 99 71
60 61 52
60 62 80
60 63 77
60 64 78
60 65 98
60 66 45
60 67 56
60 68 60
60 69 51
60 70 56
60 71 62
60 72 73
60 73 70
60 74 45
60 75 19
60 76 13
60 77 88
60 78 100
60 79 74
60 80 9
60 81 62
60 82 26
60 83 44
60 84 6
60 85 43
60 86 63
60 87 11
60 88 54
60 89 6
60 90 14
60 91 49
60 92 105
60 93 35
60 94 79
60 95 83
60 96 72
60 97 54
60 98 45
60 99 88
61 62 74
61 63 57
61 64 98
61 65 74
61 66 42
61 67 71
61 68 30
61 69 60
61 70 43
61 71 17
61 72 81
61 73 97
61 74 79
61 75 35
61 76 55
61 77 92
61 78 88
61 79 68
61 80 60
61 81 97
61 82 55
61 83 27
61 84 55
61 85 55
61 86 61
61 87 41
61 88 2
61 89 58
61 90 58
61 91 35
61 92 89
61 93 83
61 94 84
61 95 109
61 96 44
61 97 2
61 98 61
61 99 70
62 63 22
62 64 44
62 65 29
62 66 38
62 67 31
62 68 45
62 69 30
62 70 31
62 71 62
62 72 19
62 73 53
62 74 56
62 75 68
62 76 69
62 77 20
62 78 21
62 79 6
62 80 82
62 81 65
62 82 56
62 83 49
62 84 86
62 85 37
62 86 17
62 87 77
62 88 75
62 89 84
62 90 70
62 91 40
62 92 27
62 93 81
62 94 16
62 95 56
62 96 36
62 97 75
62 98 38
62 99 18
63 64 64
63 65 20
63 66 33
63 67 43
63 68 27
63 69 37
63 70 21
63 71 43
63 72 39
63 73 70
63 74 67
63 75 62
63 76 69
63 77 43
63 78 30
63 79 19
63 80 81
63 81 79
63 82 58
63 83 38
63 84 83
63 85 40
63 86 23
63 87 71
63 88 58
63 89 82
63 90 72
63 91 29
63 92 32
63 93 88
63 94 38
63 95 76
63 96 15
63 97 59
63 98 44
63 99 13
64 65 73
64 66 56
64 67 28
64 68 77
64 69 38
64 70 60
64 71 93
64 72 25
64 73 13
64 74 34
64 75 76
64 76 65
64 77 30
64 78 58
64 79 45
64 80 75
64 81 29
64 82 53
64 83 71
64 84 83
64 85 44
64 86 43
64 87 81
64 88 100
64 89 79
64 90 64
64 91 65
64 92 65
64 93 60
64 94 28
64 95 12
64 96 75
64 97 100
64 98 38
64 99 62
65 66 53
65 67 58
65 68 45
65 69 54
65 70 42
65 71 59
65 72 49
65 73 82
65 74 83
65 75 82
65 76 89
65 77 46
65 78 21
65 79 30
65 80 102
65 81 94
65 82 78
65 83 58
65 84 104
65 85 59
65 86 40
65 87 92
65 88 75
65 89 103
65 90 91
65 91 50
65 92 18
65 93 107
65 94 45
65 95 85
65 96 31
65 97 75
65 98 62
65 99 12
66 67 28
66 68 24
66 69 18
66 70 12
66 71 38
66 72 39
66 73 56
66 74 42
66 75 31
66 76 37
66 77 52
66 78 56
66 79 32
66 80 49
66 81 59
66 82 26
66 83 15
66 84 51
66 85 14
66 86 21
66 87 40
66 88 44
66 89 50
66 90 39
66 91 10
66 92 61
66 93 58
66 94 43
66 95 67
66 96 31
66 97 44
66 98 21
66 99 43
67 68 50
67 69 11
67 70 33
67 71 65
67 72 18
67 73 29
67 74 25
67 75 51
67 76 44
67 77 32
67 78 51
67 79 28
67 80 56
67 81 36
67 82 31
67 83 44
67 84 63
67 85 17
67 86 20
67 87 57
67 88 72
67 89 59
67 90 44
67 91 37
67 92 58
67 93 51
67 94 24
67 95 39
67 96 51
67 97 73
67 98 12
67 99 46
68 69 40
68 70 17
68 71 17
68 72 55
68 73 79
68 74 66
68 75 42
68 76 56
68 77 64
68 78 57
68 79 39
68 80 66
68 81 83
68 82 49
68 83 16
68 84 65
68 85 38
68 86 34
68 87 51
68 88 31
68 89 66
68 90 59
68 91 14
68 92 59
68 93 81
68 94 57
68 95 88
68 96 15
68 97 31
68 98 44
68 99 40
69 70 23
69 71 55
69 72 24
69 73 39
69 74 30
69 75 43
69 76 40
69 77 38
69 78 51
69 79 26
69 80 52
69 81 44
69 82 26
69 83 33
69 84 57
69 85 8
69 86 15
69 87 49
69 88 62
69 89 54
69 90 40
69 91 27
69 92 57
69 93 53
69 94 29
69 95 49
69 96 42
69 97 62
69 98 8
69 99 43
70 71 34
70 72 39
70 73 62
70 74 52
70 75 41
70 76 49
70 77 49
70 78 48
70 79 25
70 80 61
70 81 68
70 82 38
70 83 18
70 84 62
70 85 23
70 86 18
70 87 50
70 88 44
70 89 61
70 90 51
70 91 9
70 92 51
70 93 70
70 94 41
70 95 71
70 96 19
70 97 45
70 98 29
70 99 33
71 72 72
71 73 94
71 74 79
71 75 43
71 76 61
71 77 81
71 78 73
71 79 56
71 80 69
71 81 96
71 82 57
71 83 24
71 84 66
71 85 51
71 86 51
71 87 51
71 88 16
71 89 68
71 90 65
71 91 28
71 92 74
71 93 88
71 94 74
71 95 104
71 96 28
71 97 17
71 98 58
71 99 56
72 73 33
72 74 41
72 75 66
72 76 62
72 77 15
72 78 36
72 79 20
72 80 74
72 81 46
72 82 48
72 83 54
72 84 80
72 85 31
72 86 21
72 87 73
72 88 82
72 89 76
72 90 62
72 91 45
72 92 43
72 93 68
72 94 6
72 95 37
72 96 51
72 97 82
72 98 29
72 99 37
73 74 24
73 75 71
73 76 57
73 77 42
73 78 69
73 79 53
73 80 66
73 81 16
73 82 47
73 83 71
73 84 75
73 85 43
73 86 48
73 87 74
73 88 99
73 89 70
73 90 56
73 91 65
73 92 76
73 93 48
73 94 38
73 95 14
73 96 79
73 97 99
73 98 36
73 99 70
74 75 49
74 76 33
74 77 54
74 78 76
74 79 53
74 80 41
74 81 18
74 82 25
74 83 55
74 84 50
74 85 29
74 86 44
74 87 51
74 88 81
74 89 45
74 90 31
74 91 52
74 92 83
74 93 27
74 94 47
74 95 38
74 96 71
74 97 81
74 98 23
74 99 71
75 76 20
75 77 80
75 78 87
75 79 62
75 80 26
75 81 67
75 82 25
75 83 26
75 84 23
75 85 35
75 86 51
75 87 10
75 88 37
75 89 25
75 90 24
75 91 33
75 92 91
75 93 49
75 94 71
75 95 85
75 96 55
75 97 37
75 98 39
75 99 73
76 77 76
76 78 90
76 79 64
76 80 12
76 81 50
76 82 14
76 83 40
76 84 18
76 85 33
76 86 53
76 87 18
76 88 57
76 89 15
76 90 4
76 91 43
76 92 95
76 93 28
76 94 68
76 95 71
76 96 67
76 97 57
76 98 33
76 99 79
77 78 28
77 79 25
77 80 88
77 81 57
77 82 63
77 83 65
77 84 94
77 85 45
77 86 31
77 87 87
77 88 93
77 89 91
77 90 76
77 91 57
77 92 36
77 93 81
77 94 9
77 95 41
77 96 57
77 97 93
77 98 43
77 99 36
78 79 26
78 80 102
78 81 82
78 82 77
78 83 66
78 84 106
78 85 57
78 86 37
78 87 96
78 88 88
78 89 104
78 90 91
78 91 57
78 92 8
78 93 102
78 94 31
78 95 69
78 96 45
78 97 89
78 98 58
78 99 18
79 80 77
79 81 64
79 82 51
79 83 43
79 84 81
79 85 32
79 86 12
79 87 71
79 88 69
79 89 79
79 90 66
79 91 34
79 92 31
79 93 78
79 94 19
79 95 58
79 96 32
79 97 69
79 98 34
79 99 18
80 81 56
80 82 26
80 83 50
80 84 10
80 85 45
80 86 65
80 87 20
80 88 63
80 89 4
80 90 12
80 91 54
80 92 108
80 93 27
80 94 80
80 95 80
80 96 78
80 97 62
80 98 45
80 99 91
81 82 43
81 83 73
81 84 66
81 85 46
81 86 56
81 87 68
81 88 99
81 89 60
81 90 48
81 91 69
81 92 90
81 93 35
81 94 52
81 95 27
81 96 86
81 97 99
81 98 39
81 99 82
82 83 34
82 84 32
82 85 19
82 86 40
82 87 28
82 88 57
82 89 28
82 90 14
82 91 35
82 92 82
82 93 32
82 94 54
82 95 60
82 96 57
82 97 57
82 98 19
82 99 67
83 84 49
83 85 28
83 86 34
83 87 35
83 88 29
83 89 50
83 90 43
83 91 9
83 92 69
83 93 66
83 94 57
83 95 82
83 96 29
83 97 29
83 98 35
83 99 50
84 85 50
84 86 69
84 87 14
84 88 57
84 89 6
84 90 19
84 91 55
84 92 111
84 93 37
84 94 86
84 95 89
84 96 78
84 97 57
84 98 51
84 99 94
85 86 20
85 87 42
85 88 56
85 89 47
85 90 34
85 91 23
85 92 63
85 93 48
85 94 36
85 95 54
85 96 42
85 97 57
85 98 7
85 99 47
86 87 60
86 88 62
86 89 67
86 90 54
86 91 25
86 92 43
86 93 67
86 94 23
86 95 55
86 96 32
86 97 62
86 98 23
86 99 28
87 88 43
87 89 17
87 90 21
87 91 42
87 92 100
87 93 45
87 94 78
87 95 88
87 96 64
87 97 43
87 98 45
87 99 83
88 89 60
88 90 61
88 91 37
88 92 89
88 93 85
88 94 85
88 95 111
88 96 44
88 97 1
88 98 63
88 99 71
89 90 15
89 91 55
89 92 109
89 93 31
89 94 82
89 95 83
89 96 78
89 97 60
89 98 48
89 99 93
90 91 46
90 92 97
90 93 25
90 94 68
90 95 69
90 96 69
90 97 60
90 98 34
90 99 81
91 92 60
91 93 67
91 94 48
91 95 76
91 96 23
91 97 37
91 98 30
91 99 41
92 93 108
92 94 38
92 95 77
92 96 46
92 97 90
92 98 64
92 99 19
93 94 74
93 95 61
93 96 89
93 97 85
93 98 45
93 99 95
94 95 40
94 96 51
94 97 85
94 98 34
94 99 34
95 96 87
95 97 111
95 98 48
95 99 74
96 97 45
96 98 48
96 99 27
97 98 63
97 99 72
98 99 51
0 3 89
0 4 8
0 9 23
0 10 28
0 12 31
0 14 63
0 15 25
0 18 82
0 21 34
0 24 69
0 26 55
0 27 62
0 28 12
0 29 26
0 35 77
0 36 36
0 38 59
0 39 68
0 41 48
0 42 18
0 43 50
0 44 64
0 45 68
0 47 28
0 49 56
0 51 29
0 54 22
0 55 19
0 57 62
0 59 51
0 60 60
0 62 44
0 63 26
0 66 23
0 67 49
0 75 42
0 82 48
0 84 65
0 85 37
0 86 33
0 87 51
0 88 32
0 89 66
0 90 59
0 91 14
0 94 56
0 96 14
0 97 32
0 99 39
1 4 15
1 6 49
1 7 47
1 8 44
1 16 30
1 17 16
1 20 77
1 23 14
1 24 63
1 25 63
1 28 19
1 31 40
1 32 54
1 34 20
1 35 74
1 36 29
1 37 15
1 38 54
1 39 64
1 43 49
1 47 26
1 48 82
1 49 49
1 52 38
1 53 76
1 55 13
1 56 38
1 57 60
1 59 45
1 61 27
1 62 47
1 63 32
1 65 51
1 67 47
1 69 37
1 70 16
1 71 18
1 74 62
1 76 49
1 80 59
1 81 79
1 83 9
1 85 33
1 90 52
1 97 29
2 5 77
2 6 26
2 8 73
2 10 77
2 13 67
2 17 63
2 19 80
2 20 66
2 22 80
2 23 55
2 24 19
2 25 87
2 27 86
2 29 52
2 30 83
2 33 15
2 36 28
2 37 45
2 39 58
2 41 83
2 42 58
2 44 16
2 45 15
2 46 71
2 47 49
2 49 10
2 52 64
2 55 37
2 56 50
2 58 24
2 60 7
2 61 46
2 62 79
2 66 42
2 68 55
2 69 51
2 71 56
2 72 74
2 74 49
2 75 13
2 77 89
2 78 98
2 79 73
2 82 27
2 84 10
2 85 43
2 86 62
2 90 19
2 91 46
2 92 103
2 93 41
2 94 80
2 98 46
3 4 91
3 5 4
3 6 55
3 8 60
3 9 67
3 10 85
3 15 94
3 18 14
3 20 15
3 21 71
3 22 10
3 23 101
3 28 97
3 29 108
3 30 53
3 31 63
3 32 52
3 34 107
3 37 98
3 38 43
3 39 24
3 40 73
3 41 64
3 42 105
3 44 68
3 47 62
3 52 57
3 55 79
3 56 49
3 57 29
3 58 58
3 60 77
3 62 63
3 63 82
3 64 21
3 65 93
3 66 67
3 67 40
3 68 90
3 70 74
3 71 105
3 74 32
3 75 80
3 76 65
3 80 72
3 81 16
3 83 82
3 84 81
3 87 82
3 88 110
3 89 76
3 90 63
3 92 86
3 94 48
3 95 12
3 96 91
4 5 89
4 6 61
4 10 21
4 11 43
4 13 41
4 15 32
4 16 40
4 23 19
4 25 59
4 27 60
4 29 31
4 31 35
4 37 26
4 38 64
4 41 44
4 43 51
4 45 75
4 46 32
4 48 90
4 49 63
4 50 53
4 52 36
4 54 30
4 56 43
4 58 68
4 59 57
4 60 67
4 62 40
4 63 20
4 73 80
4 75 50
4 78 51
4 81 86
4 85 41
4 89 73
4 91 20
4 93 86
4 96 6
4 97 39
4 98 47
5 7 89
5 9 65
5 12 77
5 13 53
5 15 91
5 19 93
5 22 12
5 24 66
5 25 52
5 26 79
5 27 49
5 28 95
5 29 105
5 31 62
5 32 52
5 35 10
5 40 68
5 41 64
5 44 64
5 48 16
5 50 45
5 51 63
5 53 9
5 54 80
5 56 46
5 57 27
5 62 63
5 63 81
5 64 22
5 65 93
5 66 65
5 69 48
5 71 102
5 72 44
5 73 11
5 74 28
5 75 77
5 77 52
5 83 79
5 85 51
5 86 58
5 87 78
5 88 106
5 89 72
5 90 58
5 92 87
5 93 46
5 94 48
5 96 89
5 97 107
5 99 81
6 8 56
6 11 59
6 12 65
6 15 47
6 17 60
6 20 41
6 21 23
6 27 64
6 30 64
6 32 59
6 33 14
6 34 66
6 38 13
6 41 66
6 42 64
6 44 17
6 45 24
6 47 35
6 49 16
6 53 42
6 54 38
6 55 36
6 56 31
6 57 42
6 58 8
6 62 62
6 65 84
6 70 45
6 73 48
6 78 83
6 79 57
6 80 21
6 85 26
6 87 27
6 88 61
6 90 9
6 91 41
6 92 89
6 94 59
6 95 61
6 96 64
6 98 25
6 99 73
7 9 38
7 10 14
7 11 31
7 14 38
7 15 65
7 16 73
7 18 88
7 19 17
7 20 87
7 21 67
7 23 52
7 24 100
7 27 45
7 28 35
7 30 38
7 33 90
7 34 55
7 37 60
7 41 26
7 43 50
7 44 95
7 45 100
7 47 45
7 49 88
7 50 69
7 51 33
7 52 36
7 54 60
7 55 55
7 60 94
7 61 72
7 64 70
7 68 42
7 70 38
7 74 80
7 75 78
7 76 86
7 77 44
7 79 27
7 81 90
7 83 54
7 84 100
7 85 55
7 86 36
7 89 99
7 90 87
7 91 46
7 92 19
7 94 42
7 95 82
7 99 9
8 9 22
8 10 26
8 11 4
8 13 8
8 17 37
8 21 50
8 22 50
8 24 78
8 26 74
8 28 44
8 29 67
8 30 14
8 32 11
8 33 68
8 34 61
8 37 59
8 39 46
8 41 10
8 42 60
8 43 20
8 44 72
8 45 79
8 47 25
8 48 66
8 50 43
8 51 14
8 54 51
8 55 44
8 59 54
8 60 74
8 63 23
8 64 41
8 66 33
8 68 43
8 69 24
8 70 28
8 74 50
8 76 64
8 78 27
8 81 60
8 83 45
8 84 81
8 85 31
8 86 12
8 91 36
8 92 33
8 93 76
8 94 15
8 96 36
8 98 32
8 99 22
9 11 27
9 12 23
9 17 23
9 18 61
9 19 32
9 20 58
9 21 30
9 22 59
9 23 37
9 24 62
9 25 41
9 26 55
9 33 52
9 35 55
9 36 46
9 38 42
9 40 61
9 41 31
9 42 41
9 43 27
9 45 62
9 47 7
9 48 66
9 49 50
9 50 32
9 51 8
9 52 15
9 57 39
9 58 50
9 59 40
9 61 49
9 62 26
9 63 22
9 64 53
9 66 12
9 67 26
9 69 17
9 70 7
9 73 55
9 78 45
9 79 20
9 80 60
9 81 61
9 82 36
9 87 51
9 88 51
9 89 61
9 93 66
9 94 34
9 98 24
10 13 31
10 14 41
10 15 52
10 17 20
10 20 79
10 21 53
10 22 75
10 23 40
10 25 43
10 29 52
10 30 38
10 31 22
10 33 77
10 35 74
10 36 63
10 37 47
10 38 67
10 40 86
10 43 44
10 44 82
10 46 19
10 48 88
10 51 22
10 52 28
10 53 78
10 54 46
10 55 41
10 57 56
10 58 76
10 61 59
10 62 24
10 64 67
10 68 29
10 75 65
10 78 30
10 79 21
10 81 83
10 82 61
10 83 40
10 84 86
10 85 43
10 89 86
10 90 75
10 95 79
10 97 60
11 15 64
11 16 79
11 19 39
11 21 54
11 28 48
11 29 71
11 31 9
11 33 72
11 34 65
11 35 50
11 36 72
11 37 63
11 41 7
11 42 64
11 43 21
11 44 76
11 46 11
11 47 29
11 48 66
11 50 46
11 51 18
11 52 13
11 54 55
11 59 58
11 60 78
11 63 26
11 65 34
11 67 27
11 68 47
11 71 64
11 73 48
11 74 52
11 75 67
11 76 67
11 80 79
11 83 50
11 84 84
11 87 75
11 88 76
11 90 68
11 95 52
11 96 40
11 99 22
12 13 24
12 17 24
12 20 73
12 21 52
12 23 45
12 24 85
12 30 30
12 36 64
12 37 50
12 39 62
12 47 30
12 48 82
12 49 73
12 50 53
12 51 18
12 56 37
12 60 79
12 61 62
12 62 17
12 63 6
12 64 59
12 65 19
12 68 32
12 69 35
12 71 49
12 72 34
12 76 70
12 79 14
12 80 83
12 81 77
12 82 58
12 83 41
12 84 85
12 85 39
12 88 63
12 90 72
12 91 32
12 92 28
12 95 72
12 96 21
12 99 9
13 14 27
13 15 57
13 16 73
13 17 39
13 18 51
13 21 44
13 22 44
13 23 56
13 27 21
13 30 17
13 33 61
13 34 61
13 36 64
13 39 39
13 42 60
13 44 65
13 46 12
13 47 20
13 48 58
13 51 13
13 52 5
13 53 48
13 54 47
13 56 18
13 57 25
13 60 67
13 61 69
13 62 14
13 63 28
13 65 41
13 67 17
13 70 26
13 74 42
13 76 56
13 77 23
13 78 34
13 79 11
13 82 43
13 85 24
13 86 8
13 88 70
13 91 34
13 95 48
13 96 39
13 99 29
14 16 96
14 17 57
14 20 62
14 22 50
14 23 77
14 24 96
14 25 9
14 27 13
14 29 89
14 30 11
14 31 27
14 33 88
14 34 82
14 35 55
14 36 91
14 37 81
14 38 66
14 43 33
14 46 28
14 47 47
14 50 61
14 51 37
14 54 73
14 58 82
14 59 73
14 60 94
14 62 19
14 67 40
14 68 64
14 69 44
14 71 81
14 72 22
14 74 63
14 76 83
14 83 68
14 85 51
14 86 34
14 90 83
14 91 59
14 92 27
14 93 90
14 94 16
14 97 95
14 98 50
14 99 31
15 17 33
15 18 84
15 22 89
15 26 35
15 27 78
15 30 74
15 31 56
15 32 70
15 33 46
15 34 23
15 36 12
15 37 9
15 43 61
15 44 50
15 47 38
15 51 46
15 54 11
15 56 48
15 57 70
15 58 51
15 60 43
15 61 13
15 62 64
15 67 58
15 68 24
15 72 69
15 73 84
15 74 65
15 76 43
15 77 80
15 78 79
15 80 50
15 82 42
15 83 15
15 88 15
15 89 49
15 90 47
15 92 82
15 93 71
15 97 15
16 18 103
16 19 56
16 20 101
16 22 107
16 24 70
16 25 94
16 27 94
16 29 8
16 30 88
16 31 70
16 36 23
16 38 74
16 39 89
16 40 67
16 43 78
16 44 66
16 45 65
16 46 69
16 49 57
16 50 65
16 51 61
16 55 35
16 56 66
16 60 57
16 61 6
16 63 60
16 64 103
16 66 47
16 68 33
16 69 65
16 70 47
16 71 17
16 72 85
16 75 40
16 76 60
16 77 95
16 79 71
16 80 66
16 81 102
16 84 60
16 89 63
16 90 64
16 91 39
16 92 91
16 93 89
16 98 66
17 20 81
17 21 40
17 22 81
17 23 21
17 24 76
17 25 57
17 26 63
17 30 51
17 31 33
17 33 66
17 35 77
17 36 44
17 38 62
17 43 49
17 47 29
17 48 88
17 51 26
17 54 30
17 55 26
17 56 41
17 57 61
17 59 56
17 61 39
17 62 38
17 65 36
17 66 27
17 69 40
17 70 16
17 71 25
17 73 78
17 74 68
17 75 50
17 76 62
17 77 58
17 78 49
17 79 33
17 82 53
17 85 39
17 86 31
17 89 73
17 90 65
17 92 50
17 95 86
17 97 40
18 20 2
18 22 18
18 24 57
18 25 54
18 26 70
18 27 51
18 29 99
18 33 54
18 35 8
18 36 84
18 37 89
18 38 30
18 39 14
18 40 59
18 41 65
18 42 97
18 43 38
18 44 55
18 49 58
18 54 73
18 58 45
18 59 45
18 65 92
18 67 35
18 69 44
18 70 67
18 71 96
18 81 3
18 86 55
18 87 70
18 88 99
18 92 88
18 93 37
18 96 85
18 97 99
18 99 80
19 20 89
19 22 85
19 23 36
19 24 92
19 26 80
19 29 48
19 30 48
19 31 32
19 33 82
19 35 84
19 38 74
19 39 77
19 42 37
19 49 79
19 51 31
19 53 87
19 55 43
19 59 71
19 63 13
19 65 20
19 68 27
19 71 39
19 74 78
19 75 67
19 76 77
19 81 92
19 84 89
19 87 76
19 88 55
19 91 35
19 92 36
19 93 98
19 96 12
19 97 56
19 99 20
20 21 58
20 22 18
20 24 55
20 25 53
20 27 50
20 30 54
20 33 52
20 35 7
20 38 28
20 40 58
20 43 36
20 44 53
20 45 60
20 46 61
20 47 52
20 49 56
20 50 35
20 51 58
20 54 71
20 56 40
20 57 24
20 63 76
20 69 42
20 70 65
20 71 94
20 73 13
20 85 43
20 86 53
20 87 68
20 88 97
20 89 61
20 90 48
20 91 66
20 94 48
21 23 38
21 24 36
21 25 66
21 29 40
21 31 47
21 32 57
21 33 26
21 37 31
21 39 47
21 41 59
21 42 42
21 45 35
21 46 47
21 47 25
21 48 62
21 52 41
21 54 15
21 55 14
21 57 50
21 58 28
21 59 19
21 60 27
21 62 55
21 68 34
21 77 67
21 79 49
21 81 60
21 82 18
21 85 22
21 88 39
21 91 22
21 93 48
21 96 45
21 97 39
21 98 27
22 23 94
22 24 71
22 26 82
22 27 38
22 28 89
22 29 102
22 31 53
22 32 42
22 34 100
22 37 92
22 44 68
22 45 76
22 47 54
22 54 78
22 57 20
22 59 55
22 60 76
22 62 53
22 66 61
22 67 33
22 68 83
22 70 66
22 71 98
22 73 6
22 75 77
22 76 64
22 78 68
22 79 54
22 80 72
22 81 21
22 84 81
22 88 104
22 89 76
22 91 70
22 92 76
22 95 7
22 96 82
22 97 104
22 99 71
23 25 75
23 26 54
23 29 12
23 31 51
23 32 67
23 33 63
23 34 6
23 35 89
23 39 78
23 40 70
23 45 69
23 47 40
23 49 58
23 51 43
23 52 51
23 55 25
23 57 74
23 58 66
23 60 61
23 61 19
23 64 89
23 65 55
23 66 34
23 67 62
23 69 51
23 70 30
23 74 76
23 77 77
23 78 70
23 80 68
23 81 93
23 84 65
23 85 48
23 86 47
23 87 51
23 88 19
23 91 25
23 96 25
23 97 20
23 98 55
23 99 52
24 25 88
24 27 86
24 28 82
24 29 70
24 30 85
24 33 10
24 34 77
24 35 60
24 36 47
24 38 32
24 39 50
24 41 88
24 42 75
24 49 14
24 50 35
24 51 68
24 54 49
24 56 53
24 57 62
24 58 14
24 60 13
24 62 83
24 67 57
24 68 70
24 69 53
24 71 73
24 79 79
24 80 4
24 81 54
24 82 27
24 85 47
24 87 24
24 88 67
24 89 8
24 93 24
24 94 80
24 95 78
24 96 81
24 97 66
25 30 5
25 31 24
25 32 9
25 33 80
25 34 80
25 35 46
25 37 78
25 39 47
25 40 89
25 41 17
25 43 25
25 45 91
25 46 26
25 47 42
25 49 80
25 51 33
25 52 26
25 54 69
25 56 37
25 58 74
25 59 66
25 61 90
25 62 19
25 63 41
25 64 31
25 65 45
25 66 50
25 68 62
25 71 80
25 72 14
25 74 54
25 76 75
25 77 2
25 78 27
25 79 24
25 80 87
25 81 57
25 82 62
25 83 64
25 84 93
25 85 44
25 90 76
25 91 55
25 94 8
25 96 55
25 97 92
26 29 51
26 30 85
26 31 72
26 33 18
26 34 58
26 35 71
26 41 84
26 44 19
26 48 68
26 49 13
26 50 38
26 52 65
26 54 33
26 55 37
26 57 68
26 62 80
26 66 43
26 68 55
26 69 52
26 70 54
26 76 19
26 78 99
26 82 29
26 83 39
26 84 11
26 85 45
26 86 63
26 88 46
26 89 15
26 90 21
26 92 104
26 93 44
26 97 46
27 28 65
27 30 7
27 31 25
27 32 9
27 33 78
27 36 85
27 37 78
27 41 19
27 43 22
27 44 81
27 45 89
27 46 27
27 47 41
27 48 60
27 49 78
27 50 51
27 51 33
27 52 26
27 53 47
27 55 62
27 56 35
27 58 71
27 61 90
27 62 21
27 63 43
27 65 48
27 68 63
27 69 35
27 70 47
27 71 80
27 73 39
27 75 78
27 77 4
27 78 31
27 79 25
27 80 85
27 81 53
27 84 91
27 85 43
27 87 84
27 88 91
27 89 88
27 93 78
27 95 38
27 97 92
27 98 40
28 31 40
28 32 55
28 34 20
28 38 70
28 39 77
28 45 80
28 46 37
28 47 37
28 49 68
28 50 59
28 51 34
28 52 42
28 53 88
28 54 34
28 56 49
28 57 69
28 59 63
28 60 72
28 62 45
28 68 12
28 69 47
28 73 86
28 75 54
28 78 53
28 79 40
28 81 92
28 84 77
28 85 47
28 86 39
28 88 38
28 90 71
28 91 25
28 96 8
28 98 53
29 30 81
29 31 63
29 32 78
29 33 62
29 35 95
29 37 10
29 38 71
29 39 85
29 40 68
29 42 11
29 43 72
29 47 48
29 49 57
29 50 62
29 51 54
29 52 61
29 54 26
29 55 30
29 61 9
29 66 41
29 69 59
29 71 9
29 76 60
29 78 82
29 80 66
29 81 99
29 82 58
29 86 58
29 88 8
29 89 65
29 90 63
29 92 83
29 93 88
29 94 81
29 95 108
29 96 37
29 97 9
29 98 61
29 99 64
30 32 4
30 33 77
30 35 47
30 37 73
30 38 55
30 42 74
30 46 21
30 47 37
30 48 64
30 49 77
30 52 21
30 54 64
30 55 58
30 60 83
30 67 29
30 71 74
30 72 12
30 73 43
30 77 7
30 78 25
30 79 18
30 81 57
30 82 58
30 83 59
30 85 40
30 89 87
30 92 33
30 93 79
30 94 6
30 96 50
30 98 39
31 33 67
31 36 64
31 38 51
31 40 76
31 41 12
31 44 71
31 46 3
31 47 22
31 50 42
31 51 10
31 53 57
31 55 41
31 56 25
31 59 53
31 60 72
31 62 8
31 63 19
31 64 44
31 65 32
31 68 38
31 70 24
31 71 56
31 72 20
31 73 51
31 76 62
31 78 28
31 79 2
31 80 74
31 81 62
31 83 41
31 85 29
31 86 9
31 93 76
31 95 57
31 96 32
31 97 68
31 98 31
31 99 20
32 35 44
32 36 77
32 38 51
32 41 13
32 42 71
32 43 18
32 45 83
32 46 18
32 52 17
32 53 49
32 54 60
32 56 29
32 57 27
32 63 34
32 66 41
32 67 25
32 71 71
32 74 49
32 77 11
32 78 28
32 80 80
32 82 54
32 84 85
32 85 36
32 87 78
32 88 82
32 89 82
32 91 46
32 94 4
32 96 47
32 97 83
32 99 30
33 34 68
33 37 54
33 38 26
33 40 9
33 42 66
33 45 11
33 49 6
33 51 59
33 53 54
33 55 40
33 56 44
33 57 55
33 59 14
33 62 74
33 64 69
33 65 94
33 70 53
33 74 36
33 75 22
33 81 52
33 83 44
33 86 57
33 87 18
33 88 59
33 94 72
33 97 59
34 38 73
34 41 66
34 42 2
34 44 72
34 46 54
34 50 63
34 54 29
34 55 30
34 58 72
34 63 43
34 69 57
34 70 35
34 71 3
34 73 96
34 78 73
34 79 57
34 81 99
34 82 60
34 84 69
34 88 19
34 94 75
34 97 19
34 99 56
35 37 85
35 44 57
35 45 65
35 47 49
35 48 17
35 54 70
35 55 66
35 56 36
35 57 18
35 61 95
35 62 55
35 64 18
35 65 84
35 68 78
35 70 62
35 72 36
35 73 6
35 74 20
35 75 68
35 79 54
35 80 61
35 83 69
35 84 70
35 86 48
35 88 97
35 91 64
35 93 43
35 94 41
35 96 79
35 99 72
36 37 20
36 42 32
36 46 64
36 48 84
36 49 34
36 51 54
36 54 17
36 55 24
36 56 52
36 57 73
36 58 46
36 59 40
36 60 34
36 62 72
36 63 60
36 67 62
36 69 52
36 71 30
36 76 38
36 77 87
36 79 66
36 80 42
36 81 83
36 82 40
36 83 23
36 84 37
36 87 23
36 90 41
36 92 92
36 93 66
36 96 50
36 98 51
36 99 73
37 38 61
37 42 13
37 48 91
37 49 49
37 51 45
37 52 52
37 53 87
37 56 51
37 58 58
37 59 50
37 60 51
37 61 12
37 62 62
37 63 45
37 64 88
37 65 63
37 66 32
37 68 18
37 74 70
37 75 32
37 76 51
37 78 76
37 79 56
37 82 48
37 83 16
37 85 45
37 87 41
37 88 13
37 89 57
37 92 77
37 94 72
37 99 59
38 39 19
38 43 33
38 44 28
38 45 36
38 46 53
38 47 35
38 48 30
38 53 29
38 54 45
38 60 35
38 63 64
38 67 27
38 68 59
38 70 46
38 71 70
38 75 38
38 76 23
38 79 53
38 80 32
38 83 46
38 85 24
38 90 21
38 91 45
38 93 25
38 94 50
38 97 71
38 98 20
39 40 52
39 41 54
39 42 83
39 44 47
39 45 54
39 47 40
39 48 20
39 49 48
39 51 46
39 53 12
39 54 59
39 57 16
39 58 36
39 59 34
39 60 54
39 61 84
39 62 51
39 63 65
39 65 80
39 67 22
39 69 29
39 74 9
39 75 56
39 76 42
39 77 47
39 78 70
39 79 50
39 80 51
39 83 58
39 84 59
39 87 59
39 88 86
39 90 40
39 92 77
39 94 40
39 95 29
39 97 86
39 98 24
40 42 73
40 43 64
40 44 6
40 45 3
40 48 55
40 51 68
40 52 69
40 53 60
40 54 47
40 59 23
40 63 83
40 64 76
40 66 50
40 71 71
40 72 75
40 75 28
40 77 90
40 79 78
40 82 28
40 83 51
40 88 64
40 89 4
40 91 56
40 94 81
40 95 81
40 96 79
40 98 47
41 42 65
41 44 82
41 48 73
41 49 78
41 50 53
41 52 19
41 53 61
41 56 35
41 58 74
41 64 45
41 66 42
41 67 34
41 70 35
41 72 21
41 74 59
41 75 73
41 78 17
41 79 10
41 80 86
41 84 90
41 86 21
41 90 75
41 91 44
41 95 57
41 98 41
42 44 70
42 45 72
42 46 53
42 49 62
42 50 61
42 51 47
42 52 55
42 57 78
42 61 19
42 63 42
42 64 93
42 68 17
42 71 2
42 72 72
42 73 94
42 74 80
42 76 63
42 79 56
42 81 97
42 82 59
42 83 25
42 87 53
42 88 18
42 90 66
42 91 29
43 44 59
43 46 25
43 48 46
43 49 56
43 51 23
43 53 35
43 54 50
43 55 44
43 58 49
43 59 41
43 60 63
43 62 25
43 65 54
43 68 51
43 69 14
43 70 34
43 72 11
43 73 30
43 74 31
43 76 51
43 77 25
43 79 24
43 84 69
43 85 22
43 86 18
43 87 63
43 88 75
43 89 66
43 90 51
43 93 57
43 95 37
43 98 18
43 99 42
44 46 72
44 48 51
44 52 63
44 53 55
44 55 45
44 56 47
44 57 58
44 58 10
44 59 18
44 61 60
44 62 78
44 65 98
44 66 46
44 68 64
44 69 48
44 72 70
44 74 37
44 78 99
44 79 73
44 82 22
44 86 61
44 87 20
44 91 52
44 95 76
44 96 75
44 97 62
44 98 41
45 46 79
45 48 58
45 49 12
45 50 38
45 51 69
45 52 70
45 55 48
45 56 55
45 57 66
45 59 25
45 61 60
45 62 85
45 66 51
45 71 70
45 72 77
45 85 48
45 86 68
45 90 15
45 98 49
46 50 44
46 51 10
46 53 60
46 56 27
46 57 37
46 58 65
46 59 54
46 60 73
46 61 65
46 62 9
46 63 17
46 67 29
46 69 25
46 71 54
46 72 22
46 74 54
46 75 61
46 77 28
46 79 3
46 80 76
46 82 50
46 85 31
46 86 11
46 90 65
46 91 31
46 92 32
46 93 78
46 96 29
47 48 60
47 50 25
47 51 13
47 52 16
47 53 52
47 55 21
47 57 34
47 58 43
47 59 33
47 60 50
47 61 50
47 62 30
47 66 8
47 68 28
47 69 11
47 70 12
47 72 31
47 73 50
47 76 41
47 79 24
47 82 29
47 83 23
47 84 57
47 87 46
47 89 55
47 97 52
47 98 17
48 50 40
48 52 61
48 53 13
48 54 76
48 55 72
48 59 45
48 60 61
48 61 99
48 63 85
48 64 35
48 66 63
48 67 42
48 68 87
48 70 72
48 71 99
48 72 53
48 78 89
48 79 69
48 83 76
48 84 65
48 85 50
48 88 101
48 91 73
48 92 96
48 94 58
48 96 91
48 98 43
49 52 59
49 53 58
49 54 35
49 55 37
49 58 14
49 59 15
49 61 52
49 65 92
49 66 39
49 67 50
49 68 56
49 69 44
49 71 60
49 73 64
49 75 17
49 77 81
49 78 94
49 80 10
49 81 56
49 83 40
49 85 37
49 89 11
49 91 44
49 92 99
49 94 73
49 96 68
49 97 54
49 99 82
50 51 36
50 53 36
50 54 36
50 55 33
50 58 21
50 59 13
50 62 49
50 65 73
50 68 49
50 71 60
50 72 39
50 73 39
50 74 19
50 75 32
50 76 22
50 78 70
50 81 37
50 82 9
50 87 36
50 88 62
50 94 45
50 96 55
50 98 11
50 99 61
51 54 37
51 55 31
51 56 20
51 65 37
51 67 25
51 68 30
51 70 14
51 71 47
51 72 25
51 73 52
51 79 12
51 81 61
51 82 41
51 83 31
51 88 58
51 89 68
51 91 22
51 92 42
51 93 70
51 95 60
51 96 27
51 97 59
52 54 43
52 56 17
52 58 55
52 59 45
52 60 65
52 66 24
52 68 38
52 71 55
52 72 17
52 73 46
52 75 54
52 76 54
52 77 28
52 79 10
52 81 55
52 84 71
52 85 22
52 86 3
52 87 62
52 88 65
52 89 69
52 90 56
52 91 29
52 94 20
52 95 53
52 98 23
53 54 71
53 55 67
53 56 39
53 57 23
53 58 45
53 59 44
53 60 63
53 62 59
53 63 75
53 69 41
53 70 64
53 73 10
53 75 67
53 76 51
53 78 77
53 80 59
53 81 6
53 86 52
53 88 98
53 89 63
53 91 66
53 92 84
53 93 39
53 94 46
53 95 22
53 99 76
54 55 6
54 59 34
54 64 74
54 66 19
54 67 47
54 68 22
54 70 24
54 71 25
54 75 20
54 83 6
54 86 39
54 90 39
54 92 75
54 93 63
55 61 30
55 62 49
55 63 39
55 64 69
55 65 59
55 68 19
55 69 30
55 71 28
55 72 52
55 74 51
55 75 24
55 76 36
55 77 64
55 78 66
55 81 69
55 83 4
55 86 33
55 91 10
55 92 69
55 94 56
55 95 79
55 96 31
55 97 32
55 98 32
55 99 51
56 63 39
56 65 56
56 66 19
56 67 9
56 68 41
56 69 2
56 71 56
56 72 24
56 73 37
56 75 43
56 77 38
56 80 51
56 81 43
56 83 34
56 86 16
56 90 40
56 92 58
56 99 44
57 59 42
57 62 37
57 64 16
57 66 41
57 68 62
57 70 46
57 71 78
57 72 18
57 73 17
57 74 24
57 75 61
57 76 51
57 77 30
57 82 39
57 83 56
57 86 31
57 87 66
57 93 51
57 94 24
57 95 26
58 59 11
58 61 63
58 63 73
58 64 60
58 65 92
58 67 42
58 68 62
58 69 40
58 70 53
58 72 60
58 73 52
58 76 8
58 82 15
58 83 46
58 84 23
58 86 54
58 88 65
58 91 48
58 94 66
58 95 65
58 96 71
59 60 22
59 65 81
59 66 30
59 67 34
59 68 51
59 72 52
59 73 49
59 74 26
59 76 10
59 80 22
59 81 44
59 82 4
59 83 36
59 85 24
59 88 58
59 91 37
59 92 86
59 93 30
59 95 63
59 97 58
59 99 71
60 62 80
60 63 77
60 64 78
60 65 98
60 66 45
60 70 56
60 71 62
60 73 70
60 79 74
60 81 62
60 93 35
60 95 83
60 96 72
60 97 54
61 62 74
61 66 42
61 67 71
61 68 30
61 71 17
61 72 81
61 73 97
61 74 79
61 77 92
61 78 88
61 79 68
61 80 60
61 81 97
61 84 55
61 85 55
61 86 61
61 87 41
61 90 58
61 92 89
61 94 84
61 95 109
61 96 44
61 97 2
61 99 70
62 64 44
62 65 29
62 66 38
62 67 31
62 69 30
62 71 62
62 73 53
62 74 56
62 76 69
62 78 21
62 79 6
62 83 49
62 84 86
62 86 17
62 87 77
62 88 75
62 90 70
62 91 40
62 92 27
62 95 56
62 99 18
63 64 64
63 66 33
63 67 43
63 69 37
63 70 21
63 72 39
63 73 70
63 75 62
63 78 30
63 79 19
63 80 81
63 81 79
63 83 38
63 86 23
63 87 71
63 89 82
63 92 32
63 93 88
63 95 76
63 97 59
63 98 44
63 99 13
64 65 73
64 71 93
64 73 13
64 74 34
64 86 43
64 87 81
64 89 79
64 92 65
64 98 38
64 99 62
65 69 54
65 71 59
65 74 83
65 76 89
65 80 102
65 82 78
65 86 40
65 88 75
65 90 91
65 91 50
65 94 45
65 96 31
65 97 75
65 99 12
66 67 28
66 70 12
66 73 56
66 75 31
66 78 56
66 80 49
66 81 59
66 82 26
66 89 50
66 91 10
66 93 58
66 94 43
66 96 31
67 68 50
67 69 11
67 70 33
67 71 65
67 77 32
67 79 28
67 80 56
67 84 63
67 87 57
67 89 59
67 91 37
67 93 51
67 95 39
67 97 73
67 98 12
68 72 55
68 73 79
68 76 56
68 77 64
68 80 66
68 82 49
68 86 34
68 88 31
68 89 66
68 90 59
68 91 14
68 92 59
68 94 57
68 97 31
68 98 44
68 99 40
69 70 23
69 71 55
69 72 24
69 73 39
69 75 43
69 77 38
69 78 51
69 79 26
69 83 33
69 86 15
69 87 49
69 88 62
69 89 54
69 93 53
69 98 8
70 75 41
70 76 49
70 78 48
70 79 25
70 80 61
70 81 68
70 82 38
70 83 18
70 84 62
70 88 44
70 90 51
70 93 70
70 94 41
70 95 71
70 96 19
70 97 45
70 98 29
70 99 33
71 72 72
71 75 43
71 77 81
71 80 69
71 81 96
71 82 57
71 83 24
71 85 51
71 87 51
71 88 16
71 89 68
71 91 28
71 92 74
71 94 74
71 95 104
71 96 28
72 75 66
72 76 62
72 77 15
72 79 20
72 80 74
72 81 46
72 82 48
72 84 80
72 89 76
72 92 43
72 93 68
72 94 6
73 76 57
73 78 69
73 81 16
73 84 75
73 85 43
73 86 48
73 89 70
73 90 56
73 92 76
73 94 38
73 96 79
73 97 99
74 76 33
74 78 76
74 79 53
74 80 41
74 82 25
74 83 55
74 84 50
74 85 29
74 87 51
74 90 31
74 94 47
74 98 23
74 99 71
75 76 20
75 79 62
75 80 26
75 81 67
75 82 25
75 83 26
75 84 23
75 85 35
75 87 10
75 91 33
75 94 71
75 96 55
75 97 37
75 99 73
76 81 50
76 85 33
76 89 15
76 91 43
76 95 71
76 96 67
76 97 57
77 80 88
77 81 57
77 82 63
77 83 65
77 84 94
77 87 87
77 90 76
77 93 81
77 94 9
77 95 41
77 97 93
77 98 43
78 79 26
78 81 82
78 83 66
78 84 106
78 86 37
78 88 88
78 89 104
78 90 91
78 93 102
78 95 69
79 80 77
79 82 51
79 83 43
79 84 81
79 86 12
79 88 69
79 90 66
79 92 31
79 93 78
80 82 26
80 83 50
80 84 10
80 87 20
80 92 108
80 94 80
80 97 62
80 99 91
81 82 43
81 83 73
81 84 66
81 85 46
81 89 60
81 90 48
81 92 90
81 96 86
81 97 99
81 99 82
82 83 34
82 84 32
82 85 19
82 87 28
82 89 28
82 91 35
82 96 57
82 97 57
82 99 67
83 84 49
83 86 34
83 87 35
83 88 29
83 91 9
83 92 69
83 93 66
83 94 57
83 95 82
83 99 50
84 86 69
84 87 14
84 88 57
84 89 6
84 91 55
84 92 111
84 93 37
84 94 86
84 95 89
84 98 51
84 99 94
85 86 20
85 87 42
85 90 34
85 94 36
85 95 54
85 98 7
85 99 47
86 92 43
86 95 55
86 97 62
86 99 28
87 88 43
87 89 17
87 91 42
87 92 100
87 99 83
88 90 61
88 93 85
88 95 111
88 96 44
88 99 71
89 90 15
89 92 109
89 93 31
89 94 82
89 95 83
89 97 60
89 98 48
89 99 93
90 92 97
90 94 68
90 95 69
90 96 69
90 98 34
91 92 60
91 93 67
91 99 41
92 93 108
92 94 38
92 95 77
92 98 64
93 96 89
93 97 85
93 98 45
94 95 40
94 96 51
94 97 85
95 99 74
96 98 48
96 99 27
97 98 63
98 99 51
