20 0.3 20 0 0.5 190 57 13
0.944214 0.773231 28
0.679836 0.530578 12
0.567191 0.196212 18
0.730754 0.609734 15
0.686068 0.918409 22
0.636824 0.81123 17
0.295158 0.289089 15
0.619431 0.0640922 25
0.865623 0.313647 24
0.297254 0.553086 7
0.771713 0.165435 25
0.0223808 0.901186 28
0.628817 0.192168 20
0.950364 0.896594 31
0.382853 0.361462 9
0.868977 0.247954 26
0.445897 0.539612 0
0.45053 0.829014 14
0.402765 0.941299 20
0.116562 0.294259 21
0 1 36
0 2 69
0 3 27
0 4 30
0 5 31
0 6 81
0 7 78
0 8 47
0 9 68
0 10 63
0 11 93
0 12 66
0 13 12
0 14 70
0 15 53
0 16 55
0 17 50
0 18 57
0 19 96
1 2 35
1 3 9
1 4 39
1 5 28
1 6 45
1 7 47
1 8 29
1 9 38
1 10 38
1 11 75
1 12 34
1 13 46
1 14 34
1 15 34
1 16 23
1 17 38
1 18 50
1 19 61
2 3 44
2 4 73
2 5 62
2 6 29
2 7 14
2 8 32
2 9 45
2 10 21
2 11 89
2 12 6
2 13 80
2 14 25
2 15 31
2 16 36
2 17 64
2 18 76
2 19 46
3 4 31
3 5 22
3 6 54
3 7 56
3 8 33
3 9 44
3 10 45
3 11 77
3 12 43
3 13 36
3 14 43
3 15 39
3 16 29
3 17 36
3 18 47
3 19 69
4 5 12
4 6 74
4 7 86
4 8 63
4 9 53
4 10 76
4 11 66
4 12 73
4 13 27
4 14 63
4 15 69
4 16 45
4 17 25
4 18 28
4 19 84
5 6 62
5 7 75
5 8 55
5 9 43
5 10 66
5 11 62
5 12 62
5 13 32
5 14 52
5 15 61
5 16 33
5 17 19
5 18 27
5 19 73
6 7 39
6 8 57
6 9 26
6 10 49
6 11 67
6 12 35
6 13 89
6 14 11
6 15 58
6 16 29
6 17 56
6 18 66
6 19 18
7 8 35
7 9 59
7 10 18
7 11 103
7 12 13
7 13 90
7 14 38
7 15 31
7 16 51
7 17 78
7 18 90
7 19 55
8 9 62
8 10 18
8 11 103
8 12 27
8 13 59
8 14 49
8 15 7
8 16 48
8 17 66
8 18 78
8 19 75
9 10 61
9 11 44
9 12 49
9 13 74
9 14 21
9 15 65
9 16 15
9 17 32
9 18 40
9 19 32
10 11 105
10 12 15
10 13 75
10 14 44
10 15 13
10 16 50
10 17 74
10 18 86
10 19 67
11 12 93
11 13 93
11 14 65
11 15 107
11 16 56
11 17 43
11 18 38
11 19 61
12 13 77
12 14 30
12 15 25
12 16 39
12 17 66
12 18 78
12 19 52
13 14 78
13 15 65
13 16 62
13 17 50
13 18 55
13 19 103
14 15 50
14 16 19
14 17 47
14 18 58
14 19 27
15 16 51
15 17 72
15 18 84
15 19 75
16 17 29
16 18 40
16 19 41
17 18 12
17 19 63
18 19 71
0 5 31
0 8 47
0 11 93
0 13 12
0 15 53
0 17 50
0 19 96
1 2 35
1 4 39
1 8 29
1 9 38
1 13 46
1 14 34
1 15 34
1 16 23
2 9 45
2 10 21
2 18 76
3 8 33
3 12 43
3 13 36
3 14 43
3 15 39
4 5 12
4 6 74
4 8 63
4 11 66
4 17 25
5 6 62
5 17 19
6 8 57
6 11 67
6 13 89
6 16 29
7 10 18
7 12 13
7 13 90
7 14 38
7 18 90
7 19 55
8 13 59
8 16 48
9 17 32
9 19 32
10 12 15
10 13 75
11 12 93
11 13 93
11 15 107
12 13 77
12 15 25
12 17 66
13 14 78
14 15 50
14 16 19
15 16 51
16 18 40
