50 0.5 10 1 0.5 1225 613 47
0.309731 0.214855 18
0.371481 0.869082 47
0.587307 0.324512 33
0.407392 0.128038 21
0.672333 0.398484 39
0.00056043 0.0146964 0
0.701097 0.0805039 35
0.313522 0.307497 21
0.665134 0.644332 46
0.869722 0.737668 57
0.920658 0.701698 57
0.395029 0.473953 30
0.0536015 0.975038 48
0.128182 0.19482 11
0.882578 0.243338 46
0.635487 0.606129 43
0.260917 0.629683 33
0.277952 0.304598 20
0.687757 0.418615 40
0.279911 0.665977 35
0.398273 0.645234 37
0.773732 0.32244 42
0.254215 0.383652 22
0.814661 0.19632 42
0.366 0.257214 22
0.570298 0.452491 36
0.00771299 0.39666 19
0.0477407 0.486027 24
0.550417 0.9434 54
0.299847 0.738242 39
0.672872 0.923232 57
0.34516 0.810908 43
0.505908 0.674885 42
0.913308 0.0269384 46
0.805711 0.346603 44
0.0766684 0.73968 36
0.871668 0.519018 50
0.930183 0.670717 57
0.350027 0.732529 40
0.399982 0.469141 30
0.118254 0.634655 32
0.837276 0.269478 44
0.998687 0.63199 59
0.517016 0.251459 28
0.825658 0.703105 54
0.725087 0.271636 38
0.110015 0.746937 37
0.281814 0.676678 36
0.946585 0.611202 56
0.22131 0.979026 49
0 1 66
0 2 30
0 3 13
0 4 41
0 5 37
0 6 41
0 7 9
0 8 56
0 9 77
0 10 78
0 11 27
0 12 80
0 13 18
0 14 57
0 15 51
0 16 42
0 17 10
0 18 43
0 19 45
0 20 44
0 21 48
0 22 18
0 23 51
0 24 7
0 25 35
0 26 35
0 27 38
0 28 77
0 29 52
0 30 80
0 31 60
0 32 50
0 33 63
0 34 51
0 35 57
0 36 64
0 37 77
0 38 52
0 39 27
0 40 46
0 41 53
0 42 81
0 43 21
0 44 71
0 45 42
0 46 57
0 47 46
0 48 75
0 49 77
1 2 59
1 3 74
1 4 56
1 5 93
1 6 85
1 7 56
1 8 37
1 9 52
1 10 57
1 11 40
1 12 34
1 13 72
1 14 81
1 15 37
1 16 26
1 17 57
1 18 55
1 19 22
1 20 23
1 21 68
1 22 50
1 23 81
1 24 61
1 25 46
1 26 60
1 27 50
1 28 19
1 29 15
1 30 31
1 31 6
1 32 24
1 33 100
1 34 68
1 35 32
1 36 61
1 37 59
1 38 14
1 39 40
1 40 35
1 41 76
1 42 67
1 43 63
1 44 48
1 45 69
1 46 29
1 47 21
1 48 63
1 49 19
2 3 27
2 4 11
2 5 66
2 6 27
2 7 27
2 8 33
2 9 50
2 10 50
2 11 24
2 12 84
2 13 48
2 14 31
2 15 29
2 16 45
2 17 31
2 18 14
2 19 46
2 20 37
2 21 19
2 22 34
2 23 26
2 24 23
2 25 13
2 26 58
2 27 56
2 28 62
2 29 50
2 30 60
2 31 54
2 32 36
2 33 44
2 34 22
2 35 66
2 36 34
2 37 49
2 38 47
2 39 24
2 40 56
2 41 26
2 42 51
2 43 10
2 44 45
2 45 15
2 46 64
2 47 47
2 48 46
2 49 75
3 4 38
3 5 42
3 6 30
3 7 20
3 8 58
3 9 77
3 10 77
3 11 35
3 12 92
3 13 29
3 14 49
3 15 53
3 16 52
3 17 22
3 18 40
3 19 55
3 20 52
3 21 41
3 22 30
3 23 41
3 24 14
3 25 36
3 26 48
3 27 51
3 28 83
3 29 62
3 30 84
3 31 69
3 32 56
3 33 52
3 34 45
3 35 70
3 36 61
3 37 75
3 38 61
3 39 34
3 40 58
3 41 45
3 42 78
3 43 17
3 44 71
3 45 35
3 46 69
3 47 56
3 48 72
3 49 87
4 5 77
4 6 32
4 7 37
4 8 25
4 9 39
4 10 39
4 11 29
4 12 85
4 13 58
4 14 26
4 15 21
4 16 47
4 17 41
4 18 3
4 19 47
4 20 37
4 21 13
4 22 42
4 23 25
4 24 34
4 25 12
4 26 66
4 27 63
4 28 56
4 29 50
4 30 52
4 31 53
4 32 32
4 33 44
4 34 14
4 35 69
4 36 23
4 37 37
4 38 46
4 39 28
4 40 60
4 41 21
4 42 40
4 43 21
4 44 34
4 45 14
4 46 66
4 47 48
4 48 35
4 49 74
5 6 70
5 7 43
5 8 92
5 9 113
5 10 115
5 11 61
5 12 96
5 13 22
5 14 91
5 15 87
5 16 67
5 17 40
5 18 80
5 19 71
5 20 75
5 21 83
5 22 45
5 23 83
5 24 44
5 25 72
5 26 38
5 27 47
5 28 108
5 29 78
5 30 113
5 31 87
5 32 83
5 33 91
5 34 87
5 35 73
5 36 101
5 37 114
5 38 80
5 39 61
5 40 63
5 41 87
5 42 117
5 43 57
5 44 107
5 45 77
5 46 74
5 47 72
5 48 112
5 49 99
6 7 45
6 8 56
6 9 68
6 10 66
6 11 50
6 12 110
6 13 58
6 14 24
6 15 53
6 16 70
6 17 48
6 18 34
6 19 72
6 20 64
6 21 25
6 22 54
6 23 16
6 24 38
6 25 39
6 26 76
6 27 77
6 28 88
6 29 77
6 30 84
6 31 81
6 32 63
6 33 22
6 34 29
6 35 91
6 36 47
6 37 63
6 38 74
6 39 49
6 40 80
6 41 23
6 42 63
6 43 25
6 44 63
6 45 19
6 46 89
6 47 73
6 48 58
6 49 102
7 8 49
7 9 70
7 10 72
7 11 19
7 12 72
7 13 22
7 14 57
7 15 44
7 16 33
7 17 4
7 18 39
7 19 36
7 20 35
7 21 46
7 22 10
7 23 51
7 24 7
7 25 29
7 26 32
7 27 32
7 28 68
7 29 43
7 30 71
7 31 50
7 32 41
7 33 66
7 34 49
7 35 49
7 36 60
7 37 72
7 38 43
7 39 18
7 40 38
7 41 53
7 42 76
7 43 21
7 44 65
7 45 41
7 46 48
7 47 37
7 48 70
7 49 68
8 9 22
8 10 26
8 11 32
8 12 70
8 13 70
8 14 46
8 15 5
8 16 40
8 17 52
8 18 23
8 19 39
8 20 27
8 21 34
8 22 49
8 23 47
8 24 49
8 25 21
8 26 70
8 27 64
8 28 32
8 29 38
8 30 28
8 31 36
8 32 16
8 33 67
8 34 33
8 35 60
8 36 24
8 37 27
8 38 33
8 39 32
8 40 55
8 41 41
8 42 33
8 43 42
8 44 17
8 45 38
8 46 56
8 47 38
8 48 28
8 49 56
9 10 6
9 11 54
9 12 85
9 13 92
9 14 49
9 15 27
9 16 62
9 17 73
9 18 37
9 19 59
9 20 48
9 21 43
9 22 71
9 23 54
9 24 70
9 25 41
9 26 93
9 27 86
9 28 38
9 29 57
9 30 27
9 31 53
9 32 37
9 33 71
9 34 40
9 35 79
9 36 22
9 37 9
9 38 52
9 39 54
9 40 76
9 41 47
9 42 17
9 43 60
9 44 6
9 45 49
9 46 76
9 47 59
9 48 15
9 49 69
10 11 57
10 12 91
10 13 94
10 14 46
10 15 30
10 16 66
10 17 76
10 18 37
10 19 64
10 20 53
10 21 41
10 22 74
10 23 52
10 24 71
10 25 43
10 26 96
10 27 90
10 28 44
10 29 62
10 30 33
10 31 59
10 32 42
10 33 67
10 34 37
10 35 84
10 36 19
10 37 3
10 38 57
10 39 57
10 40 81
10 41 44
10 42 10
10 43 60
10 44 10
10 45 47
10 46 81
10 47 64
10 48 9
10 49 75
11 12 61
11 13 39
11 14 54
11 15 27
11 16 21
11 17 21
11 18 30
11 19 22
11 20 17
11 21 41
11 22 17
11 23 50
11 24 22
11 25 18
11 26 39
11 27 35
11 28 49
11 29 28
11 30 53
11 31 34
11 32 23
11 33 68
11 34 43
11 35 41
11 36 48
11 37 57
11 38 26
11 39 1
11 40 32
11 41 49
11 42 62
11 43 25
11 44 49
11 45 39
11 46 39
11 47 23
11 48 57
11 49 53
12 13 78
12 14 111
12 15 69
12 16 40
12 17 71
12 18 84
12 19 38
12 20 48
12 21 97
12 22 62
12 23 109
12 24 78
12 25 73
12 26 58
12 27 49
12 28 50
12 29 34
12 30 62
12 31 33
12 32 54
12 33 128
12 34 98
12 35 24
12 36 94
12 37 93
12 38 38
12 39 61
12 40 35
12 41 105
12 42 101
12 43 86
12 44 82
12 45 97
12 46 23
12 47 38
12 48 96
12 49 17
13 14 76
13 15 65
13 16 45
13 17 19
13 18 60
13 19 49
13 20 53
13 21 66
13 22 23
13 23 69
13 24 25
13 25 51
13 26 24
13 27 30
13 28 86
13 29 57
13 30 91
13 31 65
13 32 61
13 33 80
13 34 69
13 35 55
13 36 81
13 37 93
13 38 58
13 39 39
13 40 44
13 41 71
13 42 97
13 43 39
13 44 86
13 45 60
13 46 55
13 47 51
13 48 92
13 49 79
14 15 44
14 16 73
14 17 61
14 18 26
14 19 74
14 20 63
14 21 13
14 22 64
14 23 8
14 24 52
14 25 38
14 26 89
14 27 87
14 28 77
14 29 76
14 30 71
14 31 78
14 32 57
14 33 22
14 34 13
14 35 95
14 36 28
14 37 43
14 38 72
14 39 53
14 40 86
14 41 5
14 42 41
14 43 37
14 44 46
14 45 16
14 46 92
14 47 74
14 48 37
14 49 99
15 16 38
15 17 47
15 18 19
15 19 36
15 20 24
15 21 32
15 22 44
15 23 45
15 24 44
15 25 17
15 26 66
15 27 60
15 28 35
15 29 36
15 30 32
15 31 36
15 32 15
15 33 64
15 34 31
15 35 57
15 36 25
15 37 30
15 38 31
15 39 27
15 40 52
15 41 39
15 42 36
15 43 37
15 44 21
15 45 35
15 46 54
15 47 36
15 48 31
15 49 56
16 17 33
16 18 48
16 19 4
16 20 14
16 21 60
16 22 25
16 23 70
16 24 39
16 25 36
16 26 34
16 27 26
16 28 43
16 29 12
16 30 51
16 31 20
16 32 25
16 33 89
16 34 61
16 35 21
16 36 62
16 37 67
16 38 14
16 39 21
16 40 14
16 41 68
16 42 74
16 43 46
16 44 57
16 45 59
16 46 19
16 47 5
16 48 69
16 49 35
17 18 43
17 19 36
17 20 36
17 21 50
17 22 8
17 23 55
17 24 10
17 25 33
17 26 29
17 27 29
17 28 69
17 29 43
17 30 73
17 31 51
17 32 43
17 33 69
17 34 53
17 35 48
17 36 63
17 37 75
17 38 43
17 39 20
17 40 37
17 41 56
17 42 79
17 43 24
17 44 68
17 45 45
17 46 47
17 47 37
17 48 74
17 49 68
18 19 48
18 20 37
18 21 13
18 22 43
18 23 26
18 24 36
18 25 12
18 26 68
18 27 64
18 28 54
18 29 50
18 30 50
18 31 52
18 32 31
18 33 45
18 34 14
18 35 69
18 36 21
18 37 35
18 38 46
18 39 29
18 40 61
18 41 21
18 42 38
18 43 24
18 44 32
18 45 15
18 46 66
18 47 48
18 48 32
18 49 73
19 20 12
19 21 60
19 22 28
19 23 71
19 24 42
19 25 36
19 26 38
19 27 29
19 28 39
19 29 7
19 30 47
19 31 16
19 32 23
19 33 90
19 34 62
19 35 22
19 36 61
19 37 65
19 38 10
19 39 23
19 40 16
19 41 68
19 42 72
19 43 48
19 44 55
19 45 59
19 46 19
19 47 1
19 48 67
19 49 32
20 21 50
20 22 30
20 23 61
20 24 39
20 25 26
20 26 46
20 27 38
20 28 33
20 29 14
20 30 39
20 31 17
20 32 11
20 33 80
20 34 51
20 35 34
20 36 49
20 37 53
20 38 10
20 39 18
20 40 28
20 41 58
20 42 60
20 43 41
20 44 43
20 45 50
20 46 31
20 47 12
20 48 55
20 49 38
21 22 52
21 23 13
21 24 41
21 25 24
21 26 77
21 27 74
21 28 66
21 29 63
21 30 61
21 31 65
21 32 44
21 33 33
21 34 4
21 35 81
21 36 22
21 37 38
21 38 59
21 39 40
21 40 73
21 41 8
21 42 38
21 43 27
21 44 38
21 45 7
21 46 79
21 47 61
21 48 34
21 49 86
22 23 59
22 24 17
22 25 32
22 26 25
22 27 23
22 28 63
22 29 36
22 30 68
22 31 44
22 32 38
22 33 75
22 34 55
22 35 40
22 36 63
22 37 73
22 38 36
22 39 17
22 40 29
22 41 59
22 42 78
22 43 29
22 44 65
22 45 48
22 46 39
22 47 29
22 48 73
22 49 60
23 24 45
23 25 35
23 26 83
23 27 82
23 28 79
23 29 75
23 30 74
23 31 77
23 32 57
23 33 20
23 34 15
23 35 92
23 36 33
23 37 49
23 38 71
23 39 50
23 40 82
23 41 8
23 42 47
23 43 30
23 44 51
23 45 12
23 46 89
23 47 72
23 48 44
23 49 98
24 25 28
24 26 38
24 27 39
24 28 71
24 29 49
24 30 73
24 31 55
24 32 44
24 33 59
24 34 45
24 35 56
24 36 57
24 37 70
24 38 48
24 39 21
24 40 45
24 41 47
24 42 74
24 43 15
24 44 64
24 45 36
24 46 55
24 47 43
24 48 68
24 49 74
25 26 57
25 27 52
25 28 49
25 29 39
25 30 48
25 31 42
25 32 23
25 33 55
25 34 26
25 35 57
25 36 31
25 37 42
25 38 36
25 39 17
25 40 49
25 41 32
25 42 46
25 43 21
25 44 36
25 45 24
25 46 55
25 47 37
25 48 41
25 49 63
26 27 10
26 28 77
26 29 45
26 30 85
26 31 53
26 32 57
26 33 98
26 34 80
26 35 35
26 36 87
26 37 96
26 38 48
26 39 40
26 40 26
26 41 84
26 42 102
26 43 53
26 44 87
26 45 73
26 46 36
26 47 39
26 48 96
26 49 62
27 28 68
27 29 36
27 30 76
27 31 44
27 32 50
27 33 98
27 34 77
27 35 26
27 36 82
27 37 90
27 38 39
27 39 35
27 40 16
27 41 82
27 42 96
27 43 52
27 44 81
27 45 71
27 46 27
27 47 30
27 48 91
27 49 52
28 29 32
28 30 12
28 31 24
28 32 27
28 33 99
28 34 65
28 35 52
28 36 53
28 37 47
28 38 29
28 39 50
28 40 53
28 41 73
28 42 55
28 43 69
28 44 37
28 45 69
28 46 48
28 47 38
28 48 52
28 49 33
29 30 42
29 31 9
29 32 22
29 33 94
29 34 64
29 35 22
29 36 61
29 37 63
29 38 5
29 39 29
29 40 21
29 41 71
29 42 71
29 43 53
29 44 53
29 45 63
29 46 19
29 47 6
29 48 66
29 49 25
30 31 35
30 32 30
30 33 93
30 34 59
30 35 62
30 36 45
30 37 36
30 38 37
30 39 53
30 40 63
30 41 67
30 42 44
30 43 69
30 44 27
30 45 65
30 46 59
30 47 46
30 48 42
30 49 45
31 32 21
31 33 97
31 34 65
31 35 28
31 36 60
31 37 60
31 38 8
31 39 35
31 40 29
31 41 73
31 42 68
31 43 59
31 44 49
31 45 66
31 46 24
31 47 15
31 48 63
31 49 21
32 33 77
32 34 44
32 35 43
32 36 40
32 37 42
32 38 17
32 39 23
32 40 39
32 41 52
32 42 49
32 43 42
32 44 32
32 45 46
32 46 40
32 47 22
32 48 45
32 49 42
33 34 34
33 35 110
33 36 49
33 37 64
33 38 90
33 39 68
33 40 100
33 41 25
33 42 61
33 43 46
33 44 68
33 45 31
33 46 108
33 47 91
33 48 59
33 49 118
34 35 83
34 36 18
34 37 35
34 38 60
34 39 42
34 40 75
34 41 8
34 42 34
34 43 30
34 44 36
34 45 11
34 46 80
34 47 62
34 48 30
34 49 86
35 36 83
35 37 86
35 38 27
35 39 42
35 40 11
35 41 89
35 42 93
35 43 66
35 44 75
35 45 80
35 46 3
35 47 21
35 48 88
35 49 28
36 37 16
36 38 56
36 39 47
36 40 76
36 41 25
36 42 17
36 43 44
36 44 19
36 45 29
36 46 80
36 47 61
36 48 12
36 49 80
37 38 58
37 39 57
37 40 81
37 41 41
37 42 8
37 43 59
37 44 11
37 45 45
37 46 82
37 47 65
37 48 6
37 49 77
38 39 27
38 40 25
38 41 67
38 42 66
38 43 51
38 44 48
38 45 59
38 46 24
38 47 9
38 48 61
38 49 28
39 40 33
39 41 48
39 42 62
39 43 25
39 44 49
39 45 38
39 46 40
39 47 24
39 48 56
39 49 54
40 41 81
40 42 88
40 43 55
40 44 71
40 45 71
40 46 11
40 47 17
40 48 83
40 49 36
41 42 40
41 43 32
41 44 43
41 45 11
41 46 87
41 47 69
41 48 36
41 49 94
42 43 61
42 44 19
42 45 45
42 46 90
42 47 72
42 48 6
42 49 85
43 44 55
43 45 21
43 46 64
43 47 49
43 48 56
43 49 79
44 45 44
44 46 72
44 47 54
44 48 15
44 49 66
45 46 78
45 47 60
45 48 41
45 49 87
46 47 19
46 48 85
46 49 26
47 48 67
47 49 31
48 49 81
0 1 66
0 3 13
0 6 41
0 7 9
0 10 78
0 11 27
0 12 80
0 14 57
0 15 51
0 17 10
0 19 45
0 22 18
0 24 7
0 27 38
0 28 77
0 29 52
0 31 60
0 34 51
0 35 57
0 37 77
0 40 46
0 46 57
0 48 75
1 5 93
1 6 85
1 7 56
1 8 37
1 9 52
1 10 57
1 11 40
1 12 34
1 17 57
1 18 55
1 19 22
1 21 68
1 24 61
1 28 19
1 29 15
1 30 31
1 35 32
1 36 61
1 37 59
1 39 40
1 41 76
1 42 67
1 43 63
1 45 69
1 46 29
1 47 21
1 48 63
2 3 27
2 6 27
2 9 50
2 11 24
2 12 84
2 15 29
2 16 45
2 18 14
2 19 46
2 20 37
2 21 19
2 25 13
2 26 58
2 27 56
2 30 60
2 31 54
2 33 44
2 34 22
2 37 49
2 38 47
2 39 24
2 43 10
2 44 45
2 45 15
2 48 46
2 49 75
3 7 20
3 8 58
3 9 77
3 11 35
3 14 49
3 15 53
3 17 22
3 20 52
3 21 41
3 23 41
3 24 14
3 25 36
3 31 69
3 36 61
3 38 61
3 39 34
3 40 58
3 41 45
3 43 17
3 44 71
3 45 35
3 46 69
4 7 37
4 8 25
4 10 39
4 13 58
4 16 47
4 17 41
4 20 37
4 22 42
4 25 12
4 26 66
4 27 63
4 32 32
4 33 44
4 34 14
4 35 69
4 37 37
4 38 46
4 46 66
5 6 70
5 10 115
5 11 61
5 18 80
5 21 83
5 23 83
5 24 44
5 25 72
5 26 38
5 27 47
5 28 108
5 29 78
5 30 113
5 33 91
5 34 87
5 36 101
5 38 80
5 41 87
5 42 117
5 45 77
5 46 74
5 47 72
5 49 99
6 7 45
6 8 56
6 12 110
6 14 24
6 20 64
6 21 25
6 22 54
6 24 38
6 25 39
6 26 76
6 27 77
6 29 77
6 31 81
6 33 22
6 35 91
6 36 47
6 38 74
6 39 49
6 41 23
6 42 63
6 43 25
6 46 89
6 47 73
7 10 72
7 11 19
7 18 39
7 20 35
7 22 10
7 23 51
7 28 68
7 29 43
7 30 71
7 34 49
7 35 49
7 36 60
7 40 38
7 41 53
7 44 65
7 47 37
7 49 68
8 9 22
8 12 70
8 13 70
8 14 46
8 15 5
8 16 40
8 17 52
8 18 23
8 21 34
8 22 49
8 24 49
8 25 21
8 26 70
8 31 36
8 32 16
8 33 67
8 35 60
8 36 24
8 37 27
8 39 32
8 41 41
8 42 33
8 45 38
8 46 56
8 47 38
8 48 28
9 11 54
9 12 85
9 14 49
9 15 27
9 19 59
9 21 43
9 24 70
9 27 86
9 29 57
9 31 53
9 33 71
9 34 40
9 35 79
9 37 9
9 38 52
9 41 47
9 42 17
9 43 60
9 44 6
9 45 49
9 46 76
10 12 91
10 13 94
10 18 37
10 21 41
10 22 74
10 23 52
10 24 71
10 25 43
10 27 90
10 28 44
10 29 62
10 30 33
10 31 59
10 32 42
10 36 19
10 37 3
10 39 57
10 40 81
10 41 44
10 43 60
10 44 10
10 46 81
10 47 64
10 49 75
11 12 61
11 13 39
11 16 21
11 18 30
11 23 50
11 24 22
11 27 35
11 28 49
11 29 28
11 30 53
11 32 23
11 34 43
11 43 25
11 44 49
11 45 39
11 48 57
12 15 69
12 18 84
12 24 78
12 26 58
12 28 50
12 30 62
12 31 33
12 32 54
12 37 93
12 38 38
12 39 61
12 44 82
12 46 23
12 47 38
12 48 96
13 15 65
13 16 45
13 18 60
13 20 53
13 26 24
13 30 91
13 32 61
13 35 55
13 39 39
13 41 71
13 42 97
13 43 39
13 44 86
14 15 44
14 19 74
14 20 63
14 21 13
14 24 52
14 26 89
14 27 87
14 29 76
14 30 71
14 33 22
14 34 13
14 35 95
14 37 43
14 43 37
14 44 46
14 45 16
14 47 74
14 49 99
15 19 36
15 21 32
15 22 44
15 24 44
15 25 17
15 26 66
15 31 36
15 34 31
15 35 57
15 37 30
15 40 52
15 41 39
15 42 36
15 43 37
15 44 21
15 45 35
15 46 54
15 48 31
16 17 33
16 19 4
16 20 14
16 24 39
16 36 62
16 39 21
16 40 14
16 44 57
16 45 59
16 46 19
16 48 69
17 18 43
17 21 50
17 22 8
17 24 10
17 25 33
17 26 29
17 28 69
17 30 73
17 34 53
17 35 48
17 36 63
17 37 75
17 38 43
17 39 20
17 46 47
17 47 37
17 49 68
18 21 13
18 22 43
18 23 26
18 24 36
18 25 12
18 28 54
18 31 52
18 32 31
18 33 45
18 38 46
18 39 29
18 40 61
18 43 24
18 45 15
18 46 66
18 47 48
18 49 73
19 20 12
19 22 28
19 23 71
19 24 42
19 27 29
19 28 39
19 29 7
19 31 16
19 32 23
19 33 90
19 35 22
19 37 65
19 39 23
19 40 16
19 41 68
19 44 55
19 48 67
20 21 50
20 22 30
20 23 61
20 24 39
20 25 26
20 27 38
20 29 14
20 31 17
20 32 11
20 33 80
20 34 51
20 43 41
20 45 50
20 46 31
20 47 12
20 48 55
21 22 52
21 23 13
21 24 41
21 25 24
21 27 74
21 29 63
21 30 61
21 32 44
21 34 4
21 35 81
21 36 22
21 40 73
21 44 38
21 45 7
21 46 79
21 47 61
21 48 34
22 23 59
22 24 17
22 26 25
22 28 63
22 29 36
22 31 44
22 33 75
22 35 40
22 37 73
22 38 36
22 42 78
22 48 73
23 27 82
23 28 79
23 29 75
23 32 57
23 34 15
23 38 71
23 40 82
23 42 47
23 44 51
24 25 28
24 26 38
24 29 49
24 30 73
24 31 55
24 34 45
24 35 56
24 38 48
24 40 45
24 43 15
24 44 64
24 45 36
25 26 57
25 28 49
25 30 48
25 32 23
25 33 55
25 34 26
25 36 31
25 38 36
25 40 49
25 42 46
25 43 21
25 46 55
25 48 41
25 49 63
26 29 45
26 30 85
26 32 57
26 34 80
26 35 35
26 36 87
26 38 48
26 41 84
26 42 102
26 43 53
26 44 87
26 45 73
26 48 96
27 28 68
27 30 76
27 32 50
27 33 98
27 34 77
27 39 35
27 40 16
27 46 27
27 47 30
28 32 27
28 33 99
28 34 65
28 35 52
28 37 47
28 39 50
28 42 55
28 43 69
28 46 48
28 48 52
28 49 33
29 30 42
29 31 9
29 32 22
29 33 94
29 34 64
29 35 22
29 37 63
29 38 5
29 39 29
29 40 21
29 43 53
29 47 6
29 48 66
30 32 30
30 34 59
30 36 45
30 37 36
30 40 63
30 41 67
30 43 69
30 45 65
30 47 46
30 48 42
30 49 45
31 33 97
31 37 60
31 39 35
31 40 29
31 41 73
31 45 66
31 48 63
31 49 21
32 34 44
32 36 40
32 37 42
32 38 17
32 39 23
32 41 52
32 42 49
32 45 46
32 46 40
33 34 34
33 37 64
33 38 90
33 40 100
33 41 25
33 47 91
33 48 59
34 35 83
34 38 60
34 40 75
34 41 8
34 44 36
34 49 86
35 36 83
35 37 86
35 38 27
35 40 11
35 43 66
35 44 75
35 45 80
35 46 3
35 47 21
35 48 88
35 49 28
36 37 16
36 38 56
36 39 47
36 40 76
36 41 25
36 43 44
36 45 29
36 46 80
36 47 61
36 48 12
37 38 58
37 39 57
37 42 8
37 43 59
37 44 11
37 45 45
37 46 82
37 47 65
37 48 6
37 49 77
38 42 66
38 44 48
38 49 28
39 40 33
39 47 24
39 48 56
39 49 54
40 42 88
40 44 71
40 45 71
40 47 17
41 43 32
41 44 43
41 47 69
42 44 19
43 46 64
43 49 79
45 46 78
45 47 60
45 49 87
46 49 26
47 48 67
48 49 81
