20 0.5 10 0 1 190 95 16
0.656195 0.898938 39
0.399561 0.890027 36
0.362803 0.96656 44
0.146438 0.863337 47
0.118169 0.725846 42
0.159315 0.789835 41
0.515478 0.663245 12
0.711246 0.442542 24
0.588378 0.406679 17
0.846961 0.000711238 65
0.626824 0.26609 31
0.331445 0.827946 33
0.992626 0.349299 54
0.295392 0.639197 22
0.902017 0.692552 44
0.492227 0.542455 0
0.965774 0.508173 47
0.969219 0.773395 53
0.822167 0.00176788 63
0.820865 0.0288454 61
0 1 26
0 2 30
0 3 51
0 4 57
0 5 51
0 6 27
0 7 46
0 8 50
0 9 92
0 10 63
0 11 33
0 12 64
0 13 44
0 14 32
0 15 39
0 16 50
0 17 34
0 18 91
0 19 89
1 2 8
1 3 25
1 4 33
1 5 26
1 6 25
1 7 55
1 8 52
1 9 100
1 10 66
1 11 9
1 12 80
1 13 27
1 14 54
1 15 36
1 16 68
1 17 58
1 18 98
1 19 96
2 3 24
2 4 34
2 5 27
2 6 34
2 7 63
2 8 60
2 9 108
2 10 75
2 11 14
2 12 88
2 13 33
2 14 60
2 15 44
2 16 76
2 17 64
2 18 107
2 19 104
3 4 14
3 5 7
3 6 42
3 7 70
3 8 64
3 9 111
3 10 77
3 11 19
3 12 99
3 13 27
3 14 77
3 15 47
3 16 89
3 17 83
3 18 109
3 19 107
4 5 8
4 6 40
4 7 66
4 8 57
4 9 103
4 10 69
4 11 24
4 12 95
4 13 20
4 14 78
4 15 42
4 16 88
4 17 85
4 18 101
4 19 99
5 6 38
5 7 65
5 8 58
5 9 105
5 10 70
5 11 18
5 12 94
5 13 20
5 14 75
5 15 41
5 16 85
5 17 81
5 18 103
5 19 101
6 7 30
6 8 27
6 9 74
6 10 41
6 11 25
6 12 57
6 13 22
6 14 39
6 15 12
6 16 48
6 17 47
6 18 73
6 19 70
7 8 13
7 9 46
7 10 20
7 11 54
7 12 30
7 13 46
7 14 31
7 15 24
7 16 26
7 17 42
7 18 45
7 19 43
8 9 48
8 10 15
8 11 49
8 12 41
8 13 37
8 14 42
8 15 17
8 16 39
8 17 53
8 18 47
8 19 44
9 10 34
9 11 97
9 12 38
9 13 84
9 14 69
9 15 65
9 16 52
9 17 78
9 18 2
9 19 4
10 11 63
10 12 38
10 13 50
10 14 51
10 15 31
10 16 42
10 17 61
10 18 33
10 19 31
11 12 82
11 13 19
11 14 59
11 15 33
11 16 71
11 17 64
11 18 96
11 19 94
12 13 76
12 14 36
12 15 54
12 16 16
12 17 42
12 18 39
12 19 36
13 14 61
13 15 22
13 16 68
13 17 69
13 18 83
13 19 81
14 15 44
14 16 20
14 17 11
14 18 70
14 19 67
15 16 47
15 17 53
15 18 63
15 19 61
16 17 27
16 18 53
16 19 50
17 18 79
17 19 76
18 19 3
0 1 26
0 10 63
0 11 33
0 12 64
0 14 32
0 15 39
0 16 50
0 19 89
1 2 8
1 3 25
1 5 26
1 6 25
1 7 55
1 8 52
1 10 66
1 11 9
1 15 36
1 16 68
1 19 96
2 3 24
2 5 27
2 6 34
2 8 60
2 9 108
2 12 88
2 13 33
2 16 76
2 17 64
2 19 104
3 8 64
3 10 77
3 12 99
3 13 27
3 14 77
3 15 47
3 18 109
4 5 8
4 7 66
4 9 103
4 11 24
4 12 95
4 15 42
4 17 85
5 8 58
5 11 18
5 12 94
5 13 20
5 18 103
6 7 30
6 8 27
6 9 74
6 10 41
6 11 25
6 12 57
6 15 12
6 19 70
7 8 13
7 10 20
7 11 54
7 12 30
7 15 24
7 16 26
7 17 42
8 9 48
8 12 41
8 16 39
8 17 53
9 11 97
9 12 38
9 13 84
9 17 78
10 11 63
10 12 38
10 14 51
10 15 31
10 17 61
10 18 33
11 12 82
11 18 96
11 19 94
12 14 36
12 15 54
12 16 16
12 17 42
12 18 39
13 14 61
13 17 69
13 18 83
14 15 44
15 16 47
15 18 63
15 19 61
16 18 53
16 19 50
17 18 79
