50 0.7 2 1 1 0.25 1225 85841
0.939799 0.134932 21
0.442858 0.978007 25
0.786205 0.676941 23
0.279218 0.174622 5
0.833461 0.408604 20
0.955861 0.217584 21
0.797958 0.727928 24
0.322847 0.43072 11
0.936984 0.816106 28
0.654455 0.653451 21
0.625148 0.478142 17
0.29413 0.277379 8
0.517701 0.589064 17
0.224611 0.790303 19
0.921291 0.166573 20
0.0668399 0.128907 3
0.0263292 0.778057 19
0.37132 0.13092 7
0.12616 0.023682 0
0.350505 0.987167 25
0.697987 0.171794 15
0.15127 0.906352 22
0.35459 0.53911 14
0.753157 0.633623 22
0.857476 0.0753413 18
0.611512 0.283193 14
0.720035 0.535193 20
0.257748 0.531441 13
0.501573 0.225024 11
0.632191 0.283249 14
0.320338 0.0119003 5
0.0910372 0.409357 10
0.436719 0.183999 9
0.598963 0.533065 17
0.755471 0.337625 18
0.00426115 0.673425 17
0.677927 0.44565 17
0.611999 0.314737 14
0.21221 0.94362 23
0.665612 0.722113 22
0.886916 0.773567 27
0.405534 0.887816 23
0.809553 0.258792 18
0.103562 0.40765 10
0.192868 0.518876 12
0.738657 0.303022 17
0.771178 0.735543 24
0.615004 0.0121071 12
0.565354 0.290333 13
0.252094 0.60968 15
0 1 98
0 2 56
0 3 66
0 4 29
0 5 8
0 6 61
0 7 68
0 8 68
0 9 59
0 10 47
0 11 66
0 12 62
0 13 97
0 14 4
0 15 87
0 16 112
0 17 57
0 18 82
0 19 104
0 20 24
0 21 110
0 22 71
0 23 53
0 24 10
0 25 36
0 26 46
0 27 79
0 28 45
0 29 34
0 30 63
0 31 89
0 32 51
0 33 52
0 34 27
0 35 108
0 36 41
0 37 37
0 38 109
0 39 65
0 40 64
0 41 92
0 42 18
0 43 88
0 44 84
0 45 26
0 46 62
0 47 35
0 48 41
0 49 84
1 2 46
1 3 82
1 4 69
1 5 92
1 6 43
1 7 56
1 8 52
1 9 39
1 10 53
1 11 72
1 12 40
1 13 29
1 14 94
1 15 93
1 16 46
1 17 85
1 18 101
1 19 9
1 20 85
1 21 30
1 22 45
1 23 46
1 24 99
1 25 71
1 26 52
1 27 48
1 28 76
1 29 72
1 30 97
1 31 67
1 32 79
1 33 47
1 34 71
1 35 53
1 36 58
1 37 68
1 38 23
1 39 34
1 40 49
1 41 10
1 42 81
1 43 66
1 44 52
1 45 74
1 46 41
1 47 98
1 48 70
1 49 41
2 3 71
2 4 27
2 5 49
2 6 5
2 7 52
2 8 21
2 9 13
2 10 26
2 11 63
2 12 28
2 13 57
2 14 53
2 15 90
2 16 77
2 17 69
2 18 93
2 19 53
2 20 51
2 21 68
2 22 45
2 23 5
2 24 61
2 25 43
2 26 16
2 27 55
2 28 53
2 29 42
2 30 81
2 31 74
2 32 60
2 33 24
2 34 34
2 35 78
2 36 26
2 37 40
2 38 63
2 39 13
2 40 14
2 41 44
2 42 42
2 43 73
2 44 61
2 45 38
2 46 6
2 47 69
2 48 45
2 49 54
3 4 60
3 5 68
3 6 76
3 7 26
3 8 92
3 9 61
3 10 46
3 11 10
3 12 48
3 13 62
3 14 64
3 15 22
3 16 65
3 17 10
3 18 21
3 19 82
3 20 42
3 21 74
3 22 37
3 23 66
3 24 59
3 25 35
3 26 57
3 27 36
3 28 23
3 29 37
3 30 17
3 31 30
3 32 16
3 33 48
3 34 50
3 35 57
3 36 48
3 37 36
3 38 77
3 39 67
3 40 85
3 41 72
3 42 54
3 43 29
3 44 35
3 45 48
3 46 75
3 47 37
3 48 31
3 49 44
4 5 23
4 6 32
4 7 51
4 8 42
4 9 30
4 10 22
4 11 56
4 12 36
4 13 72
4 14 26
4 15 82
4 16 89
4 17 54
4 18 81
4 19 75
4 20 27
4 21 84
4 22 50
4 23 24
4 24 33
4 25 25
4 26 17
4 27 59
4 28 38
4 29 24
4 30 65
4 31 74
4 32 46
4 33 27
4 34 11
4 35 87
4 36 16
4 37 24
4 38 82
4 39 36
4 40 37
4 41 64
4 42 15
4 43 73
4 44 65
4 45 14
4 46 33
4 47 45
4 48 29
4 49 62
5 6 53
5 7 67
5 8 60
5 9 53
5 10 42
5 11 66
5 12 57
5 13 93
5 14 6
5 15 89
5 16 109
5 17 59
5 18 85
5 19 98
5 20 26
5 21 106
5 22 68
5 23 46
5 24 17
5 25 35
5 26 40
5 27 77
5 28 45
5 29 33
5 30 67
5 31 89
5 32 52
5 33 48
5 34 23
5 35 106
5 36 36
5 37 36
5 38 104
5 39 58
5 40 56
5 41 87
5 42 15
5 43 87
5 44 82
5 45 23
5 46 55
5 47 40
5 48 40
5 49 81
6 7 56
6 8 16
6 9 16
6 10 30
6 11 68
6 12 31
6 13 58
6 14 57
6 15 95
6 16 77
6 17 73
6 18 97
6 19 52
6 20 57
6 21 67
6 22 48
6 23 10
6 24 66
6 25 48
6 26 21
6 27 57
6 28 58
6 29 47
6 30 86
6 31 78
6 32 65
6 33 28
6 34 39
6 35 80
6 36 31
6 37 45
6 38 62
6 39 13
6 40 10
6 41 42
6 42 47
6 43 76
6 44 64
6 45 43
6 46 3
6 47 74
6 48 50
6 49 56
7 8 73
7 9 40
7 10 31
7 11 16
7 12 25
7 13 37
7 14 65
7 15 40
7 16 46
7 17 30
7 18 45
7 19 56
7 20 46
7 21 51
7 22 11
7 23 48
7 24 64
7 25 32
7 26 41
7 27 12
7 28 27
7 29 34
7 30 42
7 31 23
7 32 27
7 33 29
7 34 44
7 35 40
7 36 36
7 37 31
7 38 52
7 39 45
7 40 66
7 41 46
7 42 52
7 43 22
7 44 16
7 45 43
7 46 54
7 47 51
7 48 28
7 49 19
8 9 33
8 10 46
8 11 84
8 12 48
8 13 71
8 14 65
8 15 111
8 16 91
8 17 89
8 18 113
8 19 61
8 20 69
8 21 79
8 22 64
8 23 26
8 24 75
8 25 62
8 26 35
8 27 74
8 28 73
8 29 61
8 30 101
8 31 94
8 32 81
8 33 44
8 34 51
8 35 94
8 36 45
8 37 60
8 38 74
8 39 29
8 40 7
8 41 54
8 42 57
8 43 93
8 44 80
8 45 55
8 46 18
8 47 87
8 48 64
8 49 72
9 10 18
9 11 52
9 12 15
9 13 45
9 14 56
9 15 79
9 16 64
9 17 59
9 18 82
9 19 45
9 20 48
9 21 56
9 22 32
9 23 10
9 24 61
9 25 37
9 26 14
9 27 42
9 28 45
9 29 37
9 30 72
9 31 61
9 32 52
9 33 13
9 34 33
9 35 65
9 36 21
9 37 34
9 38 53
9 39 7
9 40 26
9 41 34
9 42 42
9 43 60
9 44 48
9 45 36
9 46 14
9 47 64
9 48 37
9 49 40
10 11 39
10 12 15
10 13 51
10 14 43
10 15 66
10 16 67
10 17 43
10 18 67
10 19 58
10 20 31
10 21 64
10 22 28
10 23 20
10 24 46
10 25 20
10 26 11
10 27 37
10 28 28
10 29 20
10 30 56
10 31 54
10 32 35
10 33 6
10 34 19
10 35 65
10 36 6
10 37 16
10 38 62
10 39 25
10 40 39
10 41 46
10 42 29
10 43 53
10 44 43
10 45 21
10 46 30
10 47 47
10 48 20
10 49 40
11 12 38
11 13 52
11 14 64
11 15 27
11 16 57
11 17 17
11 18 30
11 19 71
11 20 42
11 21 64
11 22 27
11 23 58
11 24 60
11 25 32
11 26 50
11 27 26
11 28 21
11 29 34
11 30 27
11 31 24
11 32 17
11 33 40
11 34 47
11 35 49
11 36 42
11 37 32
11 38 67
11 39 58
11 40 77
11 41 62
11 42 52
11 43 23
11 44 26
11 45 45
11 46 66
11 47 42
11 48 27
11 49 33
12 13 36
12 14 58
12 15 64
12 16 53
12 17 48
12 18 69
12 19 43
12 20 45
12 21 48
12 22 17
12 23 24
12 24 62
12 25 32
12 26 21
12 27 27
12 28 36
12 29 33
12 30 61
12 31 46
12 32 41
12 33 10
12 34 35
12 35 52
12 36 22
12 37 29
12 38 47
12 39 20
12 40 41
12 41 32
12 42 44
12 43 45
12 44 33
12 45 36
12 46 29
12 47 59
12 48 30
12 49 27
13 14 94
13 15 68
13 16 20
13 17 68
13 18 77
13 19 23
13 20 78
13 21 14
13 22 28
13 23 55
13 24 95
13 25 64
13 26 56
13 27 26
13 28 63
13 29 65
13 30 78
13 31 40
13 32 64
13 33 45
13 34 70
13 35 25
13 36 57
13 37 61
13 38 15
13 39 45
13 40 66
13 41 21
13 42 79
13 43 40
13 44 27
13 45 71
13 46 55
13 47 87
13 48 61
13 49 18
14 15 86
14 16 108
14 17 55
14 18 81
14 19 100
14 20 22
14 21 107
14 22 68
14 23 50
14 24 11
14 25 33
14 26 42
14 27 76
14 28 42
14 29 31
14 30 62
14 31 87
14 32 48
14 33 49
14 34 24
14 35 105
14 36 37
14 37 34
14 38 105
14 39 61
14 40 61
14 41 89
14 42 14
14 43 85
14 44 81
14 45 23
14 46 59
14 47 34
14 48 38
14 49 80
15 16 65
15 17 30
15 18 12
15 19 90
15 20 63
15 21 78
15 22 50
15 23 85
15 24 79
15 25 57
15 26 77
15 27 45
15 28 45
15 29 59
15 30 28
15 31 28
15 32 37
15 33 67
15 34 72
15 35 55
15 36 69
15 37 58
15 38 83
15 39 84
15 40 104
15 41 83
15 42 75
15 43 28
15 44 41
15 45 69
15 46 93
15 47 56
15 48 52
15 49 52
16 17 73
16 18 76
16 19 39
16 20 90
16 21 18
16 22 41
16 23 74
16 24 109
16 25 77
16 26 73
16 27 34
16 28 73
16 29 78
16 30 82
16 31 37
16 32 72
16 33 62
16 34 85
16 35 11
16 36 73
16 37 75
16 38 25
16 39 64
16 40 86
16 41 39
16 42 94
16 43 38
16 44 31
16 45 86
16 46 75
16 47 97
16 48 73
16 49 28
17 18 27
17 19 86
17 20 33
17 21 81
17 22 41
17 23 63
17 24 49
17 25 28
17 26 53
17 27 42
17 28 16
17 29 30
17 30 13
17 31 40
17 32 8
17 33 46
17 34 44
17 35 66
17 36 44
17 37 30
17 38 83
17 39 66
17 40 82
17 41 76
17 42 46
17 43 39
17 44 43
17 45 41
17 46 72
17 47 27
17 48 25
17 49 49
18 19 99
18 20 59
18 21 88
18 22 56
18 23 87
18 24 73
18 25 55
18 26 78
18 27 52
18 28 43
18 29 57
18 30 19
18 31 39
18 32 35
18 33 69
18 34 70
18 35 66
18 36 69
18 37 57
18 38 92
18 39 88
18 40 107
18 41 91
18 42 72
18 43 38
18 44 50
18 45 67
18 46 96
18 47 49
18 48 51
18 49 60
19 20 89
19 21 22
19 22 45
19 23 54
19 24 104
19 25 75
19 26 58
19 27 47
19 28 78
19 29 76
19 30 98
19 31 63
19 32 81
19 33 52
19 34 77
19 35 47
19 36 63
19 37 72
19 38 14
19 39 41
19 40 58
19 41 11
19 42 86
19 43 63
19 44 49
19 45 79
19 46 49
19 47 101
19 48 73
19 49 39
20 21 92
20 22 50
20 23 47
20 24 19
20 25 14
20 26 36
20 27 57
20 28 20
20 29 13
20 30 41
20 31 65
20 32 26
20 33 37
20 34 18
20 35 86
20 36 27
20 37 17
20 38 91
20 39 55
20 40 63
20 41 77
20 42 14
20 43 64
20 44 61
20 45 14
20 46 57
20 47 18
20 48 18
20 49 62
21 22 42
21 23 66
21 24 109
21 25 77
21 26 68
21 27 39
21 28 77
21 29 79
21 30 91
21 31 50
21 32 78
21 33 58
21 34 83
21 35 28
21 36 70
21 37 75
21 38 7
21 39 55
21 40 75
21 41 25
21 42 92
21 43 50
21 44 39
21 45 84
21 46 64
21 47 101
21 48 74
21 49 31
22 23 41
22 24 68
22 25 36
22 26 37
22 27 10
22 28 35
22 29 38
22 30 53
22 31 29
22 32 36
22 33 24
22 34 45
22 35 38
22 36 34
22 37 34
22 38 43
22 39 36
22 40 58
22 41 35
22 42 53
22 43 28
22 44 16
22 45 45
22 46 46
22 47 59
22 48 33
22 49 12
23 24 57
23 25 38
23 26 10
23 27 51
23 28 48
23 29 37
23 30 76
23 31 70
23 32 55
23 33 18
23 34 30
23 35 75
23 36 20
23 37 35
23 38 62
23 39 12
23 40 19
23 41 43
23 42 38
23 43 69
23 44 57
23 45 33
23 46 10
23 47 64
23 48 39
23 49 50
24 25 32
24 26 48
24 27 75
24 28 39
24 29 31
24 30 54
24 31 84
24 32 43
24 33 53
24 34 28
24 35 104
24 36 41
24 37 34
24 38 108
24 39 67
24 40 70
24 41 93
24 42 19
24 43 82
24 44 80
24 45 26
24 46 67
24 47 25
24 48 36
24 49 81
25 26 27
25 27 43
25 28 12
25 29 2
25 30 40
25 31 54
25 32 20
25 33 25
25 34 15
25 35 72
25 36 18
25 37 3
25 38 77
25 39 44
25 40 56
25 41 64
25 42 20
25 43 52
25 44 48
25 45 13
25 46 48
25 47 27
25 48 5
25 49 49
26 27 46
26 28 38
26 29 27
26 30 66
26 31 64
26 32 45
26 33 12
26 34 20
26 35 73
26 36 10
26 37 25
26 38 65
26 39 19
26 40 29
26 41 47
26 42 29
26 43 63
26 44 53
26 45 23
26 46 21
26 47 53
26 48 29
26 49 47
27 28 39
27 29 45
27 30 52
27 31 21
27 32 39
27 33 34
27 34 53
27 35 29
27 36 43
27 37 42
27 38 41
27 39 45
27 40 67
27 41 39
27 42 62
27 43 20
27 44 7
27 45 53
27 46 55
27 47 63
27 48 39
27 49 8
28 29 14
28 30 28
28 31 45
28 32 8
28 33 32
28 34 28
28 35 67
28 36 28
28 37 14
28 38 77
28 39 52
28 40 67
28 41 67
28 42 31
28 43 44
28 44 43
28 45 25
28 46 58
28 47 24
28 48 9
28 49 46
29 30 41
29 31 56
29 32 22
29 33 25
29 34 13
29 35 74
29 36 17
29 37 4
29 38 78
29 39 44
29 40 55
29 41 65
29 42 18
29 43 54
29 44 50
29 45 11
29 46 47
29 47 27
29 48 7
29 49 50
30 31 46
30 32 21
30 33 59
30 34 54
30 35 73
30 36 56
30 37 42
30 38 94
30 39 79
30 40 95
30 41 88
30 42 55
30 43 45
30 44 52
30 45 51
30 46 85
30 47 29
30 48 37
30 49 60
31 32 41
31 33 52
31 34 67
31 35 28
31 36 59
31 37 53
31 38 55
31 39 65
31 40 88
31 41 57
31 42 73
31 43 1
31 44 15
31 45 66
31 46 75
31 47 66
31 48 49
31 49 26
32 33 38
32 34 35
32 35 65
32 36 36
32 37 22
32 38 79
32 39 58
32 40 74
32 41 70
32 42 38
32 43 40
32 44 41
32 45 32
32 46 65
32 47 25
32 48 17
32 49 46
33 34 25
33 35 61
33 36 12
33 37 22
33 38 56
33 39 20
33 40 38
33 41 40
33 42 35
33 43 51
33 44 41
33 45 27
33 46 27
33 47 52
33 48 25
33 49 36
34 35 82
34 36 13
34 37 15
34 38 81
34 39 39
34 40 46
34 41 65
34 42 10
34 43 66
34 44 59
34 45 4
34 46 40
34 47 35
34 48 20
34 49 57
35 36 71
35 37 71
35 38 34
35 39 66
35 40 89
35 41 45
35 42 91
35 43 28
35 44 24
35 45 82
35 46 77
35 47 90
35 48 68
35 49 26
36 37 15
36 38 68
36 39 28
36 40 39
36 41 52
36 42 23
36 43 58
36 44 49
36 45 16
36 46 30
36 47 44
36 48 19
36 49 46
37 38 75
37 39 41
37 40 53
37 41 61
37 42 21
37 43 52
37 44 47
37 45 13
37 46 45
37 47 30
37 48 5
37 49 47
38 39 50
38 40 70
38 41 20
38 42 91
38 43 55
38 44 43
38 45 83
38 46 60
38 47 101
38 48 74
38 49 34
39 40 23
39 41 31
39 42 49
39 43 64
39 44 51
39 45 43
39 46 11
39 47 71
39 48 44
39 49 43
40 41 49
40 42 52
40 43 86
40 44 74
40 45 49
40 46 12
40 47 81
40 48 58
40 49 66
41 42 75
41 43 57
41 44 43
41 45 67
41 46 40
41 47 90
41 48 62
41 49 32
42 43 72
42 44 67
42 45 8
42 46 48
42 47 31
42 48 25
42 49 66
43 44 14
43 45 64
43 46 74
43 47 65
43 48 48
43 49 25
44 45 59
44 46 62
44 47 66
44 48 44
44 49 11
45 46 43
45 47 32
45 48 17
45 49 58
46 47 74
46 48 49
46 49 53
47 48 28
47 49 70
48 49 45
0 2 56
0 3 66
0 7 68
0 8 68
0 9 59
0 11 66
0 12 62
0 14 4
0 15 87
0 16 112
0 17 57
0 19 104
0 20 24
0 21 110
0 22 71
0 26 46
0 27 79
0 28 45
0 30 63
0 31 89
0 32 51
0 33 52
0 35 108
0 37 37
0 38 109
0 41 92
0 42 18
0 43 88
0 45 26
0 46 62
0 47 35
0 48 41
1 2 46
1 3 82
1 5 92
1 6 43
1 7 56
1 8 52
1 9 39
1 11 72
1 14 94
1 16 46
1 17 85
1 20 85
1 22 45
1 24 99
1 25 71
1 26 52
1 28 76
1 29 72
1 30 97
1 31 67
1 36 58
1 37 68
1 38 23
1 39 34
1 40 49
1 41 10
1 42 81
1 43 66
1 45 74
1 46 41
1 47 98
1 48 70
1 49 41
2 4 27
2 7 52
2 8 21
2 9 13
2 10 26
2 11 63
2 14 53
2 17 69
2 19 53
2 22 45
2 23 5
2 26 16
2 27 55
2 28 53
2 29 42
2 30 81
2 31 74
2 33 24
2 34 34
2 36 26
2 37 40
2 38 63
2 39 13
2 40 14
2 41 44
2 42 42
2 45 38
2 46 6
2 47 69
2 48 45
2 49 54
3 4 60
3 5 68
3 7 26
3 11 10
3 12 48
3 13 62
3 14 64
3 18 21
3 19 82
3 20 42
3 21 74
3 22 37
3 24 59
3 27 36
3 29 37
3 31 30
3 33 48
3 35 57
3 36 48
3 37 36
3 38 77
3 39 67
3 40 85
3 41 72
3 44 35
3 45 48
3 46 75
3 47 37
3 48 31
3 49 44
4 6 32
4 7 51
4 8 42
4 11 56
4 12 36
4 13 72
4 14 26
4 15 82
4 18 81
4 20 27
4 21 84
4 22 50
4 23 24
4 24 33
4 25 25
4 27 59
4 28 38
4 30 65
4 32 46
4 33 27
4 35 87
4 36 16
4 37 24
4 38 82
4 39 36
4 40 37
4 41 64
4 42 15
4 44 65
4 45 14
4 48 29
4 49 62
5 6 53
5 7 67
5 8 60
5 10 42
5 11 66
5 13 93
5 15 89
5 18 85
5 19 98
5 20 26
5 21 106
5 22 68
5 23 46
5 24 17
5 26 40
5 27 77
5 28 45
5 29 33
5 30 67
5 31 89
5 32 52
5 33 48
5 35 106
5 36 36
5 37 36
5 38 104
5 39 58
5 40 56
5 41 87
5 42 15
5 43 87
5 44 82
5 46 55
6 7 56
6 8 16
6 11 68
6 12 31
6 13 58
6 14 57
6 15 95
6 17 73
6 19 52
6 20 57
6 21 67
6 22 48
6 23 10
6 25 48
6 26 21
6 27 57
6 28 58
6 29 47
6 30 86
6 31 78
6 37 45
6 39 13
6 41 42
6 42 47
6 43 76
6 44 64
6 45 43
6 46 3
6 47 74
6 48 50
6 49 56
7 9 40
7 10 31
7 12 25
7 13 37
7 14 65
7 15 40
7 16 46
7 17 30
7 18 45
7 20 46
7 21 51
7 23 48
7 24 64
7 25 32
7 26 41
7 27 12
7 28 27
7 29 34
7 30 42
7 36 36
7 38 52
7 39 45
7 41 46
7 44 16
7 45 43
7 47 51
7 48 28
7 49 19
8 9 33
8 10 46
8 11 84
8 15 111
8 16 91
8 18 113
8 19 61
8 20 69
8 21 79
8 23 26
8 25 62
8 26 35
8 27 74
8 28 73
8 29 61
8 30 101
8 31 94
8 32 81
8 33 44
8 35 94
8 37 60
8 39 29
8 42 57
8 43 93
8 44 80
8 45 55
8 46 18
8 47 87
8 48 64
8 49 72
9 11 52
9 13 45
9 15 79
9 16 64
9 17 59
9 19 45
9 20 48
9 21 56
9 23 10
9 24 61
9 25 37
9 30 72
9 32 52
9 33 13
9 34 33
9 35 65
9 36 21
9 37 34
9 38 53
9 40 26
9 41 34
9 42 42
9 44 48
9 47 64
9 49 40
10 11 39
10 12 15
10 13 51
10 15 66
10 18 67
10 19 58
10 21 64
10 22 28
10 23 20
10 25 20
10 26 11
10 27 37
10 28 28
10 30 56
10 31 54
10 34 19
10 35 65
10 36 6
10 38 62
10 39 25
10 41 46
10 42 29
10 43 53
10 44 43
10 45 21
10 46 30
10 47 47
10 48 20
11 12 38
11 13 52
11 14 64
11 16 57
11 17 17
11 18 30
11 19 71
11 20 42
11 23 58
11 24 60
11 25 32
11 26 50
11 27 26
11 30 27
11 32 17
11 34 47
11 36 42
11 37 32
11 38 67
11 39 58
11 41 62
11 42 52
11 43 23
11 44 26
11 45 45
11 46 66
11 49 33
12 13 36
12 15 64
12 16 53
12 17 48
12 19 43
12 20 45
12 21 48
12 22 17
12 26 21
12 27 27
12 30 61
12 31 46
12 32 41
12 33 10
12 34 35
12 35 52
12 36 22
12 37 29
12 38 47
12 39 20
12 40 41
12 41 32
12 42 44
12 43 45
12 44 33
12 46 29
12 47 59
12 48 30
12 49 27
13 14 94
13 15 68
13 16 20
13 18 77
13 19 23
13 21 14
13 23 55
13 25 64
13 26 56
13 27 26
13 28 63
13 31 40
13 32 64
13 34 70
13 35 25
13 36 57
13 38 15
13 39 45
13 40 66
13 41 21
13 42 79
13 43 40
13 44 27
13 45 71
13 46 55
13 48 61
13 49 18
14 15 86
14 16 108
14 17 55
14 19 100
14 20 22
14 21 107
14 22 68
14 24 11
14 25 33
14 26 42
14 28 42
14 30 62
14 31 87
14 32 48
14 34 24
14 35 105
14 39 61
14 40 61
14 42 14
14 43 85
14 44 81
14 46 59
14 47 34
14 49 80
15 16 65
15 18 12
15 19 90
15 24 79
15 26 77
15 27 45
15 28 45
15 29 59
15 30 28
15 31 28
15 32 37
15 33 67
15 34 72
15 35 55
15 36 69
15 37 58
15 40 104
15 41 83
15 43 28
15 44 41
15 49 52
16 18 76
16 19 39
16 20 90
16 21 18
16 23 74
16 24 109
16 27 34
16 28 73
16 29 78
16 30 82
16 33 62
16 34 85
16 36 73
16 37 75
16 38 25
16 39 64
16 42 94
16 43 38
16 44 31
16 45 86
16 46 75
16 48 73
16 49 28
17 18 27
17 19 86
17 20 33
17 21 81
17 22 41
17 23 63
17 24 49
17 25 28
17 26 53
17 29 30
17 31 40
17 33 46
17 35 66
17 36 44
17 37 30
17 38 83
17 40 82
17 42 46
17 43 39
17 44 43
17 45 41
17 46 72
17 49 49
18 19 99
18 23 87
18 26 78
18 27 52
18 30 19
18 31 39
18 32 35
18 33 69
18 34 70
18 35 66
18 36 69
18 37 57
18 38 92
18 39 88
18 41 91
18 42 72
18 44 50
18 46 96
18 47 49
18 48 51
18 49 60
19 20 89
19 22 45
19 23 54
19 24 104
19 25 75
19 26 58
19 28 78
19 29 76
19 30 98
19 31 63
19 32 81
19 33 52
19 34 77
19 35 47
19 36 63
19 39 41
19 40 58
19 41 11
19 42 86
19 43 63
19 44 49
19 46 49
19 48 73
19 49 39
20 21 92
20 22 50
20 23 47
20 25 14
20 26 36
20 27 57
20 29 13
20 30 41
20 32 26
20 34 18
20 35 86
20 37 17
20 38 91
20 39 55
20 40 63
20 41 77
20 42 14
20 44 61
20 45 14
20 47 18
20 48 18
21 22 42
21 23 66
21 24 109
21 25 77
21 26 68
21 28 77
21 29 79
21 30 91
21 31 50
21 32 78
21 33 58
21 34 83
21 35 28
21 36 70
21 37 75
21 38 7
21 39 55
21 41 25
21 42 92
21 44 39
21 45 84
21 46 64
21 47 101
21 48 74
22 26 37
22 28 35
22 29 38
22 31 29
22 32 36
22 34 45
22 35 38
22 36 34
22 37 34
22 38 43
22 39 36
22 40 58
22 41 35
22 42 53
22 43 28
22 44 16
22 45 45
22 46 46
22 47 59
22 49 12
23 24 57
23 25 38
23 26 10
23 27 51
23 28 48
23 29 37
23 30 76
23 32 55
23 33 18
23 35 75
23 37 35
23 40 19
23 41 43
23 44 57
23 46 10
23 47 64
23 48 39
23 49 50
24 26 48
24 27 75
24 28 39
24 29 31
24 30 54
24 31 84
24 32 43
24 33 53
24 35 104
24 36 41
24 37 34
24 40 70
24 41 93
24 43 82
24 44 80
24 45 26
24 46 67
24 48 36
24 49 81
25 28 12
25 31 54
25 32 20
25 35 72
25 37 3
25 38 77
25 39 44
25 40 56
25 41 64
25 42 20
25 43 52
25 44 48
25 46 48
25 48 5
25 49 49
26 28 38
26 29 27
26 30 66
26 31 64
26 32 45
26 33 12
26 34 20
26 35 73
26 36 10
26 37 25
26 38 65
26 39 19
26 40 29
26 42 29
26 43 63
26 44 53
26 45 23
26 47 53
26 48 29
26 49 47
27 28 39
27 30 52
27 31 21
27 32 39
27 33 34
27 34 53
27 36 43
27 37 42
27 39 45
27 42 62
27 44 7
27 45 53
27 46 55
27 48 39
27 49 8
28 29 14
28 30 28
28 31 45
28 33 32
28 34 28
28 35 67
28 36 28
28 37 14
28 39 52
28 40 67
28 41 67
28 43 44
28 45 25
28 46 58
28 48 9
28 49 46
29 31 56
29 33 25
29 34 13
29 35 74
29 36 17
29 37 4
29 40 55
29 42 18
29 44 50
29 45 11
29 46 47
29 47 27
29 48 7
29 49 50
30 33 59
30 34 54
30 37 42
30 40 95
30 41 88
30 42 55
30 44 52
30 45 51
30 48 37
30 49 60
31 35 28
31 36 59
31 39 65
31 40 88
31 42 73
31 43 1
31 44 15
31 46 75
31 47 66
31 48 49
31 49 26
32 34 35
32 35 65
32 36 36
32 38 79
32 39 58
32 40 74
32 41 70
32 42 38
32 43 40
32 44 41
32 45 32
32 46 65
32 47 25
32 48 17
32 49 46
33 34 25
33 35 61
33 37 22
33 38 56
33 39 20
33 40 38
33 41 40
33 43 51
33 45 27
33 48 25
33 49 36
34 35 82
34 36 13
34 37 15
34 38 81
34 39 39
34 40 46
34 41 65
34 42 10
34 43 66
34 44 59
34 45 4
34 47 35
34 48 20
34 49 57
35 36 71
35 41 45
35 42 91
35 44 24
36 37 15
36 38 68
36 39 28
36 41 52
36 45 16
36 48 19
36 49 46
37 38 75
37 39 41
37 40 53
37 43 52
37 44 47
37 46 45
37 47 30
37 48 5
37 49 47
38 39 50
38 40 70
38 41 20
38 42 91
38 46 60
38 47 101
38 48 74
38 49 34
39 41 31
39 43 64
39 44 51
39 47 71
39 48 44
40 42 52
40 44 74
40 45 49
40 46 12
40 47 81
41 42 75
41 43 57
41 46 40
41 47 90
41 49 32
42 44 67
42 45 8
42 47 31
42 49 66
43 44 14
43 45 64
43 46 74
43 48 48
44 46 62
44 47 66
44 48 44
45 46 43
45 47 32
45 48 17
45 49 58
46 47 74
46 48 49
46 49 53
47 49 70
48 49 45
