20 0.5 8 1 1 0.25 190 95 6
0.0425067 0.502279 12
0.331583 0.355327 10
0.366448 0.374653 11
0.576178 0.0324518 12
0.830456 0.756654 26
0.167625 0.730358 17
0.920218 0.605592 25
0.676632 0.715297 22
0.536811 0.138798 11
0.459572 0.0522479 9
0.607863 0.73704 22
0.199638 0.687174 16
0.347334 0.449261 12
0.859075 0.883684 28
0.712395 0.714816 23
0.102862 0.7258 17
0.453846 0.496851 15
0.0960483 0.0392167 0
0.227924 0.894669 22
0.247957 0.732427 18
0 1 32
0 2 35
0 3 71
0 4 83
0 5 26
0 6 88
0 7 67
0 8 61
0 9 61
0 10 61
0 11 24
0 12 31
0 13 90
0 14 70
0 15 23
0 16 41
0 17 47
0 18 43
0 19 31
1 2 4
1 3 41
1 4 64
1 5 41
1 6 64
1 7 50
1 8 30
1 9 33
1 10 47
1 11 36
1 12 10
1 13 75
1 14 52
1 15 44
1 16 19
1 17 39
1 18 55
1 19 39
2 3 40
2 4 60
2 5 41
2 6 60
2 7 46
2 8 29
2 9 34
2 10 44
2 11 35
2 12 8
2 13 71
2 14 49
2 15 44
2 16 15
2 17 43
2 18 54
2 19 38
3 4 77
3 5 81
3 6 67
3 7 69
3 8 11
3 9 12
3 10 71
3 11 76
3 12 48
3 13 90
3 14 70
3 15 84
3 16 48
3 17 48
3 18 93
3 19 77
4 5 66
4 6 18
4 7 16
4 8 68
4 9 80
4 10 22
4 11 63
4 12 57
4 13 13
4 14 13
4 15 73
4 16 46
4 17 103
4 18 62
4 19 58
5 6 76
5 7 51
5 8 70
5 9 74
5 10 44
5 11 5
5 12 33
5 13 71
5 14 54
5 15 6
5 16 37
5 17 69
5 18 18
5 19 8
6 7 27
6 8 60
6 9 72
6 10 34
6 11 73
6 12 59
6 13 28
6 14 23
6 15 83
6 16 48
6 17 100
6 18 75
6 19 68
7 8 59
7 9 70
7 10 7
7 11 48
7 12 42
7 13 25
7 14 4
7 15 57
7 16 31
7 17 89
7 18 48
7 19 43
8 9 12
8 10 60
8 11 64
8 12 36
8 13 81
8 14 60
8 15 73
8 16 37
8 17 45
8 18 82
8 19 66
9 10 70
9 11 69
9 12 41
9 13 92
9 14 71
9 15 76
9 16 44
9 17 36
9 18 87
9 19 71
10 11 41
10 12 39
10 13 29
10 14 11
10 15 51
10 16 29
10 17 87
10 18 41
10 19 36
11 12 28
11 13 69
11 14 51
11 15 10
11 16 32
11 17 66
11 18 21
11 19 7
12 13 67
12 14 45
12 15 37
12 16 12
12 17 48
12 18 46
12 19 30
13 14 22
13 15 77
13 16 56
13 17 114
13 18 63
13 19 63
14 15 61
14 16 34
14 17 91
14 18 52
14 19 46
15 16 42
15 17 69
15 18 21
15 19 15
16 17 58
16 18 46
16 19 31
17 18 87
17 19 71
18 19 16
0 2 35
0 4 83
0 8 61
0 10 61
0 12 31
0 13 90
0 14 70
0 15 23
0 18 43
0 19 31
1 2 4
1 6 64
1 9 33
1 10 47
1 12 10
1 16 19
1 19 39
2 5 41
2 6 60
2 7 46
2 10 44
2 11 35
2 12 8
2 15 44
2 16 15
2 18 54
2 19 38
3 4 77
3 8 11
3 9 12
3 10 71
3 11 76
3 12 48
3 14 70
3 15 84
4 8 68
4 10 22
4 12 57
4 13 13
4 14 13
4 16 46
4 17 103
4 18 62
4 19 58
5 6 76
5 8 70
5 11 5
5 12 33
5 14 54
5 17 69
5 18 18
6 7 27
6 8 60
6 9 72
6 11 73
6 14 23
6 15 83
6 16 48
6 19 68
7 8 59
7 9 70
7 11 48
7 14 4
7 16 31
7 19 43
8 10 60
8 11 64
8 13 81
8 14 60
8 17 45
9 10 70
9 13 92
9 14 71
9 17 36
9 19 71
10 2 44
10 15 51
10 18 41
11 12 28
11 13 69
11 19 7
12 13 67
12 14 45
12 16 12
12 17 48
12 19 30
13 14 22
13 16 56
13 17 114
13 19 63
14 15 61
15 16 42
16 18 46
17 18 87
18 19 16
