20 0.7 20 0 1 190 133 3
0.928756 0.97011 77
0.86655 0.536686 48
0.861086 0.855903 64
0.402181 0.411113 0
0.738395 0.844248 55
0.704537 0.0246225 49
0.573654 0.0464125 40
0.547123 0.684976 31
0.674962 0.784265 46
0.0122008 0.326974 40
0.557078 0.732801 36
0.843688 0.783288 58
0.566268 0.944753 56
0.223356 0.397152 18
0.623599 0.749822 40
0.631442 0.473705 24
0.0139921 0.0192688 55
0.968292 0.90447 75
0.877453 0.133926 55
0.547867 0.650663 28
0 1 44
0 2 13
0 3 77
0 4 23
0 5 97
0 6 99
0 7 48
0 8 31
0 9 112
0 10 44
0 11 21
0 12 36
0 13 91
0 14 38
0 15 58
0 16 132
0 17 8
0 18 84
0 19 50
1 2 32
1 3 48
1 4 33
1 5 54
1 6 57
1 7 35
1 8 31
1 9 88
1 10 37
1 11 25
1 12 51
1 13 66
1 14 32
1 15 24
1 16 100
1 17 38
1 18 40
1 19 34
2 3 64
2 4 12
2 5 85
2 6 86
2 7 36
2 8 20
2 9 100
2 10 33
2 11 7
2 12 31
2 13 79
2 14 26
2 15 45
2 16 119
2 17 12
2 18 72
2 19 37
3 4 55
3 5 49
3 6 40
3 7 31
3 8 46
3 9 40
3 10 36
3 11 58
3 12 56
3 13 18
3 14 40
3 15 24
3 16 55
3 17 75
3 18 55
3 19 28
4 5 82
4 6 81
4 7 25
4 8 9
4 9 89
4 10 21
4 11 12
4 12 20
4 13 68
4 14 15
4 15 39
4 16 110
4 17 24
4 18 72
4 19 27
5 6 13
5 7 68
5 8 76
5 9 76
5 10 72
5 11 77
5 12 93
5 13 61
5 14 73
5 15 45
5 16 69
5 17 92
5 18 20
5 19 65
6 7 64
6 8 74
6 9 63
6 10 69
6 11 78
6 12 90
6 13 50
6 14 71
6 15 43
6 16 56
6 17 94
6 18 32
6 19 60
7 8 16
7 9 64
7 10 5
7 11 31
7 12 26
7 13 43
7 14 10
7 15 23
7 16 85
7 17 47
7 18 64
7 19 3
8 9 81
8 10 13
8 11 17
8 12 19
8 13 59
8 14 6
8 15 31
8 16 101
8 17 32
8 18 68
8 19 18
9 10 68
9 11 95
9 12 83
9 13 22
9 14 74
9 15 64
9 16 31
9 17 112
9 18 89
9 19 63
10 11 29
10 12 21
10 13 47
10 14 7
10 15 27
10 16 90
10 17 45
10 18 68
10 19 8
11 12 32
11 13 73
11 14 22
11 15 38
11 16 113
11 17 17
11 18 65
11 19 32
12 13 65
12 14 20
12 15 48
12 16 108
12 17 40
12 18 87
12 19 29
13 14 53
13 15 42
13 16 43
13 17 90
13 18 71
13 19 41
14 15 28
14 16 95
14 17 38
14 18 67
14 19 12
15 16 77
15 17 55
15 18 42
15 19 20
16 17 130
16 18 87
16 19 83
17 18 78
17 19 49
18 19 61
0 1 44
0 6 99
0 7 48
0 8 31
0 9 112
0 10 44
0 11 21
0 12 36
0 14 38
0 17 8
0 18 84
0 19 50
1 2 32
1 4 33
1 5 54
1 7 35
1 9 88
1 11 25
1 12 51
1 13 66
1 14 32
1 15 24
1 16 100
1 19 34
2 3 64
2 4 12
2 6 86
2 8 20
2 11 7
2 12 31
2 13 79
2 14 26
2 16 119
2 19 37
3 7 31
3 8 46
3 9 40
3 10 36
3 11 58
3 12 56
3 13 18
3 14 40
3 15 24
3 16 55
3 17 75
4 5 82
4 6 81
4 9 89
4 11 12
4 13 68
4 14 15
4 15 39
4 16 110
4 17 24
4 18 72
4 19 27
5 6 13
5 7 68
5 8 76
5 9 76
5 12 93
5 13 61
5 14 73
5 15 45
5 16 69
5 17 92
5 18 20
5 19 65
6 7 64
6 10 69
6 11 78
6 12 90
6 13 50
6 14 71
6 15 43
6 16 56
6 17 94
6 19 60
7 8 16
7 9 64
7 10 5
7 11 31
7 13 43
7 14 10
7 15 23
7 17 47
7 18 64
7 19 3
8 9 81
8 10 13
8 11 17
8 12 19
8 13 59
8 15 31
8 16 101
8 17 32
8 18 68
8 19 18
9 12 83
9 14 74
9 17 112
9 19 63
10 11 29
10 12 21
10 13 47
10 14 7
10 16 90
10 17 45
11 13 73
11 15 38
11 16 113
11 17 17
11 19 32
12 13 65
12 15 48
12 16 108
13 14 53
13 15 42
13 17 90
13 18 71
13 19 41
14 15 28
14 16 95
14 17 38
14 18 67
15 16 77
15 17 55
15 18 42
15 19 20
16 17 130
16 18 87
17 18 78
17 19 49
