20 0.7 20 0 0.5 190 133 8
0.682697 0.167838 24
0.498272 0.0709696 28
0.20165 0.245916 27
0.84546 0.915622 20
0.510281 0.934417 15
0.594699 0.104009 26
0.454982 0.935514 16
0.952459 0.174228 30
0.537417 0.316462 16
0.881987 0.0120345 35
0.673387 0.598336 6
0.69315 0.580725 7
0.669725 0.891014 14
0.88114 0.945886 22
0.55456 0.684365 3
0.82841 0.981902 22
0.176042 0.310732 25
0.175391 0.667947 20
0.567724 0.63191 0
0.359165 0.246425 22
0 1 21
0 2 49
0 3 77
0 4 79
0 5 11
0 6 80
0 7 27
0 8 21
0 9 25
0 10 43
0 11 41
0 12 72
0 13 80
0 14 53
0 15 83
0 16 53
0 17 71
0 18 48
0 19 33
1 2 34
1 3 91
1 4 86
1 5 10
1 6 87
1 7 47
1 8 25
1 9 39
1 10 56
1 11 55
1 12 84
1 13 96
1 14 62
1 15 97
1 16 40
1 17 68
1 18 57
1 19 22
2 3 93
2 4 75
2 5 42
2 6 73
2 7 75
2 8 34
2 9 72
2 10 59
2 11 59
2 12 80
2 13 98
2 14 56
2 15 97
2 16 7
2 17 42
2 18 53
2 19 16
3 4 34
3 5 85
3 6 39
3 7 75
3 8 67
3 9 90
3 10 36
3 11 37
3 12 18
3 13 5
3 14 37
3 15 7
3 16 90
3 17 71
3 18 40
3 19 83
4 5 83
4 6 6
4 7 88
4 8 62
4 9 99
4 10 37
4 11 40
4 12 17
4 13 37
4 14 25
4 15 32
4 16 71
4 17 43
4 18 31
4 19 70
5 6 84
5 7 36
5 8 22
5 9 30
5 10 50
5 11 49
5 12 79
5 13 89
5 14 58
5 15 91
5 16 47
5 17 70
5 18 53
5 19 28
6 7 91
6 8 62
6 9 102
6 10 40
6 11 43
6 12 22
6 13 43
6 14 27
6 15 38
6 16 68
6 17 39
6 18 32
6 19 70
7 8 44
7 9 18
7 10 51
7 11 48
7 12 77
7 13 77
7 14 65
7 15 82
7 16 79
7 17 92
7 18 60
7 19 60
8 9 46
8 10 31
8 11 31
8 12 59
8 13 72
8 14 37
8 15 73
8 16 36
8 17 50
8 18 32
8 19 19
9 10 62
9 11 60
9 12 90
9 13 93
9 14 75
9 15 97
9 16 77
9 17 96
9 18 69
9 19 57
10 11 3
10 12 29
10 13 40
10 14 15
10 15 41
10 16 57
10 17 50
10 18 11
10 19 47
11 12 31
11 13 41
11 14 17
11 15 42
11 16 58
11 17 53
11 18 14
11 19 47
12 13 22
12 14 24
12 15 18
12 16 76
12 17 54
12 18 28
12 19 72
13 14 42
13 15 6
13 16 95
13 17 76
13 18 44
13 19 87
14 15 40
14 16 53
14 17 38
14 18 5
14 19 48
15 16 94
15 17 72
15 18 44
15 19 87
16 17 36
16 18 51
16 19 19
17 18 39
17 19 46
18 19 44
0 1 21
0 2 49
0 4 79
0 5 11
0 6 80
0 8 21
0 10 43
0 11 41
0 14 53
0 15 83
0 18 48
0 19 33
1 3 91
1 4 86
1 5 10
1 6 87
1 7 47
1 9 39
1 10 56
1 11 55
1 13 96
1 14 62
1 15 97
1 18 57
1 19 22
2 3 93
2 4 75
2 6 73
2 7 75
2 8 34
2 10 59
2 12 80
2 13 98
2 14 56
2 15 97
2 17 42
2 19 16
3 5 85
3 6 39
3 7 75
3 8 67
3 12 18
3 13 5
3 15 7
3 16 90
3 17 71
3 18 40
4 5 83
4 6 6
4 11 40
4 12 17
4 13 37
4 16 71
4 18 31
4 19 70
5 6 84
5 7 36
5 8 22
5 10 50
5 11 49
5 12 79
5 13 89
5 14 58
5 15 91
5 16 47
5 17 70
5 18 53
5 19 28
6 7 91
6 9 102
6 12 22
6 13 43
6 14 27
6 15 38
6 16 68
6 17 39
6 19 70
7 8 44
7 9 18
7 11 48
7 14 65
7 15 82
7 16 79
7 17 92
8 10 31
8 11 31
8 12 59
8 13 72
8 14 37
8 15 73
8 17 50
8 19 19
9 11 60
9 12 90
9 13 93
9 14 75
9 15 97
9 16 77
9 17 96
9 18 69
10 11 3
10 12 29
10 13 40
10 14 15
10 16 57
10 19 47
11 13 41
11 14 17
11 15 42
11 16 58
11 17 53
12 13 22
12 14 24
12 15 18
12 17 54
12 18 28
12 19 72
13 14 42
13 15 6
13 17 76
13 18 44
13 19 87
14 15 40
14 17 38
14 18 5
14 19 48
15 16 94
15 17 72
16 17 36
16 18 51
16 19 19
17 18 39
17 19 46
