20 0.7 20 1 1 190 133 17
0.789375 0.722996 93
0.622916 0.81206 91
0.455402 0.58777 63
0.759523 0.500339 76
0.08099 0.268417 26
0.187685 0.672753 65
0.734733 0.281818 62
0.898439 0.818303 108
0.335436 0.90663 90
0.0493501 0.374657 37
0.74537 0.127456 58
0.494645 0.260434 40
0.245741 0.239953 23
0.957499 0.366433 86
0.423521 0.621179 65
0.288214 0.86236 85
0.170939 0.0240862 0
0.870164 0.500395 85
0.950243 0.591346 96
0.66254 0.685656 82
0 1 19
0 2 36
0 3 22
0 4 84
0 5 60
0 6 44
0 7 14
0 8 49
0 9 82
0 10 60
0 11 55
0 12 73
0 13 39
0 14 38
0 15 52
0 16 93
0 17 24
0 18 21
0 19 13
1 2 28
1 3 34
1 4 77
1 5 46
1 6 54
1 7 28
1 8 30
1 9 72
1 10 70
1 11 57
1 12 69
1 13 56
1 14 28
1 15 34
1 16 91
1 17 40
1 18 39
1 19 13
2 3 32
2 4 49
2 5 28
2 6 41
2 7 50
2 8 34
2 9 46
2 10 54
2 11 33
2 12 41
2 13 55
2 14 5
2 15 32
2 16 63
2 17 42
2 18 49
2 19 23
3 4 72
3 5 60
3 6 22
3 7 35
3 8 59
3 9 72
3 10 37
3 11 36
3 12 58
3 13 24
3 14 36
3 15 59
3 16 76
3 17 11
3 18 21
3 19 21
4 5 42
4 6 65
4 7 99
4 8 69
4 9 11
4 10 68
4 11 41
4 12 17
4 13 88
4 14 49
4 15 63
4 16 26
4 17 82
4 18 93
4 19 72
5 6 67
5 7 73
5 8 28
5 9 33
5 10 78
5 11 51
5 12 44
5 13 83
5 14 24
5 15 21
5 16 65
5 17 70
5 18 77
5 19 48
6 7 56
6 8 74
6 9 69
6 10 15
6 11 24
6 12 49
6 13 24
6 14 46
6 15 73
6 16 62
6 17 26
6 18 38
6 19 41
7 8 57
7 9 96
7 10 71
7 11 69
7 12 87
7 13 46
7 14 51
7 15 61
7 16 108
7 17 32
7 18 23
7 19 27
8 9 60
8 10 88
8 11 67
8 12 67
8 13 82
8 14 30
8 15 6
8 16 90
8 17 67
8 18 69
8 19 39
9 10 74
9 11 46
9 12 24
9 13 91
9 14 45
9 15 54
9 16 37
9 17 83
9 18 93
9 19 69
10 11 28
10 12 51
10 13 32
10 14 59
10 15 87
10 16 58
10 17 39
10 18 51
10 19 56
11 12 25
11 13 47
11 14 37
11 15 64
11 16 40
11 17 45
11 18 56
11 19 46
12 13 72
12 14 42
12 15 62
12 16 23
12 17 68
12 18 79
12 19 61
13 14 59
13 15 83
13 16 86
13 17 16
13 18 23
13 19 43
14 15 28
14 16 65
14 17 46
14 18 53
14 19 25
15 16 85
15 17 69
15 18 72
15 19 41
16 17 85
16 18 96
16 19 82
17 18 12
17 19 28
18 19 30
0 1 19
0 2 36
0 3 22
0 4 84
0 5 60
0 6 44
0 8 49
0 9 82
0 13 39
0 15 52
0 16 93
0 17 24
0 18 21
0 19 13
1 2 28
1 3 34
1 4 77
1 5 46
1 7 28
1 8 30
1 12 69
1 16 91
1 17 40
1 18 39
2 3 32
2 6 41
2 7 50
2 10 54
2 11 33
2 13 55
2 14 5
2 16 63
2 19 23
3 5 60
3 7 35
3 8 59
3 10 37
3 11 36
3 13 24
3 14 36
3 15 59
3 16 76
3 17 11
3 18 21
4 5 42
4 6 65
4 7 99
4 8 69
4 9 11
4 10 68
4 11 41
4 13 88
4 14 49
4 15 63
4 16 26
5 6 67
5 7 73
5 9 33
5 10 78
5 11 51
5 12 44
5 14 24
5 15 21
5 17 70
5 18 77
5 19 48
6 7 56
6 9 69
6 10 15
6 12 49
6 13 24
6 15 73
6 16 62
6 18 38
6 19 41
7 8 57
7 9 96
7 10 71
7 11 69
7 13 46
7 15 61
7 16 108
7 17 32
7 18 23
8 10 88
8 11 67
8 14 30
8 15 6
8 16 90
8 17 67
8 18 69
8 19 39
9 10 74
9 11 46
9 12 24
9 13 91
9 14 45
9 15 54
9 16 37
9 17 83
9 18 93
10 11 28
10 12 51
10 16 58
10 17 39
10 18 51
10 19 56
11 12 25
11 14 37
11 16 40
11 18 56
12 7 87
12 14 42
12 15 62
12 16 23
12 18 79
12 19 61
13 14 59
13 15 83
13 16 86
13 18 23
13 19 43
14 15 28
14 17 46
14 18 53
15 17 69
15 18 72
15 19 41
16 18 96
16 19 82
17 18 12
17 19 28
18 19 30
