50 0.3 10 0 2 0.5 1225 3688
0.228332 0.789581 23
0.886781 0.106338 25
0.148454 0.300905 22
0.560806 0.472634 0
0.0617487 0.979694 36
0.507241 0.856281 19
0.959058 0.825065 27
0.961341 0.732424 24
0.0910856 0.401306 24
0.556782 0.298944 9
0.625714 0.93798 23
0.199685 0.287378 20
0.857161 0.436535 15
0.0780204 0.263174 26
0.638153 0.150108 17
0.767893 0.51305 11
0.738591 0.148332 18
0.397442 0.538159 9
0.439796 0.696305 13
0.963141 0.0587694 29
0.446595 0.943218 24
0.434922 0.377931 8
0.800325 0.0552546 24
0.322745 0.746811 18
0.216811 0.873716 26
0.0873543 0.512013 24
0.674117 0.884059 21
0.758335 0.356431 11
0.214373 0.206577 22
0.718815 0.761476 16
0.278182 0.223027 19
0.704886 0.889051 22
0.600072 0.0100469 23
0.376031 0.391176 10
0.201609 0.913711 28
0.488478 0.669601 10
0.464539 0.406039 6
0.432037 0.143742 18
0.933446 0.469559 19
0.552999 0.740955 13
0.901387 0.808498 24
0.996063 0.0318421 31
0.387698 0.091368 21
0.245829 0.172989 22
0.175472 0.261524 22
0.476132 0.19452 15
0.169332 0.877024 28
0.0697945 0.841865 31
0.662906 0.512481 5
0.856667 0.476351 15
0 1 95
0 2 50
0 3 46
0 4 25
0 5 29
0 6 73
0 7 74
0 8 41
0 9 59
0 10 42
0 11 50
0 12 72
0 13 55
0 14 76
0 15 61
0 16 82
0 17 30
0 18 23
0 19 104
0 20 27
0 21 46
0 22 93
0 23 10
0 24 8
0 25 31
0 26 46
0 27 68
0 28 58
0 29 49
0 30 57
0 31 49
0 32 86
0 33 42
0 34 13
0 35 29
0 36 45
0 37 68
0 38 77
0 39 33
0 40 67
0 41 108
0 42 72
0 43 62
0 44 53
0 45 64
0 46 11
0 47 17
0 48 52
0 49 70
1 2 76
1 3 49
1 4 120
1 5 84
1 6 72
1 7 63
1 8 85
1 9 38
1 10 87
1 11 71
1 12 33
1 13 82
1 14 25
1 15 42
1 16 15
1 17 65
1 18 74
1 19 9
1 20 95
1 21 53
1 22 10
1 23 85
1 24 102
1 25 90
1 26 81
1 27 28
1 28 68
1 29 68
1 30 62
1 31 80
1 32 30
1 33 58
1 34 106
1 35 69
1 36 52
1 37 46
1 38 37
1 39 72
1 40 70
1 41 13
1 42 50
1 43 64
1 44 73
1 45 42
1 46 105
1 47 110
1 48 46
1 49 37
2 3 45
2 4 68
2 5 66
2 6 97
2 7 92
2 8 12
2 9 41
2 10 80
2 11 5
2 12 72
2 13 8
2 14 51
2 15 65
2 16 61
2 17 34
2 18 49
2 19 85
2 20 71
2 21 30
2 22 70
2 23 48
2 24 58
2 25 22
2 26 79
2 27 61
2 28 12
2 29 73
2 30 15
2 31 81
2 32 54
2 33 24
2 34 62
2 35 50
2 36 33
2 37 32
2 38 80
2 39 60
2 40 91
2 41 89
2 42 32
2 43 16
2 44 5
2 45 34
2 46 58
2 47 55
2 48 56
2 49 73
3 4 71
3 5 39
3 6 53
3 7 48
3 8 48
3 9 17
3 10 47
3 11 41
3 12 30
3 13 53
3 14 33
3 15 21
3 16 37
3 17 18
3 18 25
3 19 58
3 20 48
3 21 16
3 22 48
3 23 36
3 24 53
3 25 48
3 26 43
3 27 23
3 28 44
3 29 33
3 30 38
3 31 44
3 32 46
3 33 20
3 34 57
3 35 21
3 36 12
3 37 35
3 38 37
3 39 27
3 40 48
3 41 62
3 42 42
3 43 43
3 44 44
3 45 29
3 46 56
3 47 61
3 48 11
3 49 30
4 5 46
4 6 91
4 7 93
4 8 58
4 9 84
4 10 57
4 11 71
4 12 96
4 13 72
4 14 101
4 15 85
4 16 107
4 17 55
4 18 47
4 19 129
4 20 39
4 21 71
4 22 118
4 23 35
4 24 19
4 25 47
4 26 62
4 27 93
4 28 79
4 29 69
4 30 79
4 31 65
4 32 111
4 33 67
4 34 15
4 35 53
4 36 70
4 37 91
4 38 101
4 39 55
4 40 86
4 41 133
4 42 95
4 43 83
4 44 73
4 45 89
4 46 15
4 47 14
4 48 76
4 49 94
5 6 45
5 7 47
5 8 62
5 9 56
5 10 14
5 11 65
5 12 55
5 13 73
5 14 72
5 15 43
5 16 74
5 17 34
5 18 17
5 19 92
5 20 11
5 21 48
5 22 85
5 23 21
5 24 29
5 25 54
5 26 17
5 27 56
5 28 71
5 29 23
5 30 67
5 31 20
5 32 85
5 33 48
5 34 31
5 35 19
5 36 45
5 37 72
5 38 58
5 39 12
5 40 40
5 41 96
5 42 77
5 43 73
5 44 68
5 45 66
5 46 34
5 47 44
5 48 38
5 49 52
6 7 9
6 8 97
6 9 66
6 10 35
6 11 93
6 12 40
6 13 104
6 14 75
6 15 37
6 16 71
6 17 63
6 18 53
6 19 77
6 20 53
6 21 69
6 22 79
6 23 64
6 24 74
6 25 93
6 26 29
6 27 51
6 28 97
6 29 25
6 30 91
6 31 26
6 32 89
6 33 73
6 34 76
6 35 50
6 36 65
6 37 86
6 38 36
6 39 41
6 40 6
6 41 79
6 42 93
6 43 97
6 44 97
6 45 79
6 46 79
6 47 89
6 48 43
6 49 36
7 8 93
7 9 59
7 10 39
7 11 88
7 12 31
7 13 100
7 14 67
7 15 29
7 16 63
7 17 60
7 18 52
7 19 67
7 20 56
7 21 63
7 22 70
7 23 64
7 24 76
7 25 90
7 26 32
7 27 43
7 28 91
7 29 24
7 30 85
7 31 30
7 32 81
7 33 68
7 34 78
7 35 48
7 36 59
7 37 79
7 38 26
7 39 41
7 40 10
7 41 70
7 42 86
7 43 91
7 44 92
7 45 72
7 46 81
7 47 90
7 48 37
7 49 28
8 9 48
8 10 76
8 11 16
8 12 77
8 13 14
8 14 60
8 15 69
8 16 70
8 17 34
8 18 46
8 19 94
8 20 65
8 21 34
8 22 79
8 23 42
8 24 49
8 25 11
8 26 76
8 27 67
8 28 23
8 29 72
8 30 26
8 31 78
8 32 64
8 33 29
8 34 52
8 35 48
8 36 37
8 37 43
8 38 85
8 39 57
8 40 91
8 41 98
8 42 43
8 43 28
8 44 16
8 45 44
8 46 48
8 47 44
8 48 58
8 49 77
9 10 64
9 11 36
9 12 33
9 13 48
9 14 17
9 15 30
9 16 24
9 17 29
9 18 41
9 19 47
9 20 65
9 21 15
9 22 34
9 23 51
9 24 67
9 25 52
9 26 60
9 27 21
9 28 35
9 29 49
9 30 29
9 31 61
9 32 29
9 33 20
9 34 71
9 35 38
9 36 14
9 37 20
9 38 41
9 39 44
9 40 62
9 41 51
9 42 27
9 43 34
9 44 38
9 45 13
9 46 70
9 47 73
9 48 24
9 49 35
10 11 78
10 12 55
10 13 87
10 14 79
10 15 45
10 16 80
10 17 46
10 18 30
10 19 94
10 20 18
10 21 59
10 22 90
10 23 36
10 24 41
10 25 69
10 26 7
10 27 60
10 28 84
10 29 20
10 30 79
10 31 9
10 32 93
10 33 60
10 34 42
10 35 30
10 36 56
10 37 82
10 38 56
10 39 21
10 40 30
10 41 98
10 42 88
10 43 85
10 44 81
10 45 76
10 46 46
10 47 56
10 48 43
10 49 52
11 12 67
11 13 12
11 14 46
11 15 61
11 16 56
11 17 32
11 18 47
11 19 80
11 20 70
11 21 25
11 22 64
11 23 48
11 24 59
11 25 25
11 26 76
11 27 56
11 28 8
11 29 70
11 30 10
11 31 79
11 32 49
11 33 20
11 34 63
11 35 48
11 36 29
11 37 27
11 38 76
11 39 57
11 40 87
11 41 84
11 42 27
11 43 12
11 44 4
11 45 29
11 46 59
11 47 57
11 48 52
11 49 68
12 13 80
12 14 36
12 15 12
12 16 31
12 17 47
12 18 49
12 19 39
12 20 65
12 21 43
12 22 39
12 23 62
12 24 78
12 25 77
12 26 48
12 27 13
12 28 68
12 29 35
12 30 62
12 31 48
12 32 50
12 33 48
12 34 81
12 35 44
12 36 39
12 37 52
12 38 8
12 39 43
12 40 37
12 41 43
12 42 58
12 43 67
12 44 70
12 45 45
12 46 82
12 47 89
12 48 21
12 49 4
13 14 57
13 15 73
13 16 67
13 17 42
13 18 56
13 19 91
13 20 77
13 21 37
13 22 75
13 23 54
13 24 63
13 25 25
13 26 86
13 27 69
13 28 15
13 29 81
13 30 20
13 31 89
13 32 58
13 33 32
13 34 66
13 35 58
13 36 41
13 37 37
13 38 88
13 39 67
13 40 99
13 41 95
13 42 35
13 43 19
13 44 10
13 45 40
13 46 62
13 47 58
13 48 64
13 49 81
14 15 39
14 16 10
14 17 46
14 18 58
14 19 34
14 20 82
14 21 31
14 22 19
14 23 67
14 24 84
14 25 66
14 26 73
14 27 24
14 28 43
14 29 62
14 30 37
14 31 74
14 32 15
14 33 36
14 34 88
14 35 54
14 36 31
14 37 21
14 38 44
14 39 60
14 40 71
14 41 38
14 42 26
14 43 39
14 44 48
14 45 17
14 46 86
14 47 90
14 48 36
14 49 39
15 16 37
15 17 37
15 18 38
15 19 49
15 20 54
15 21 36
15 22 46
15 23 50
15 24 66
15 25 68
15 26 38
15 27 16
15 28 63
15 29 25
15 30 57
15 31 38
15 32 53
15 33 41
15 34 69
15 35 32
15 36 32
15 37 50
15 38 17
15 39 31
15 40 32
15 41 53
15 42 57
15 43 62
15 44 64
15 45 43
15 46 70
15 47 77
15 48 10
15 49 10
16 17 52
16 18 62
16 19 24
16 20 85
16 21 38
16 22 11
16 23 73
16 24 89
16 25 75
16 26 74
16 27 21
16 28 53
16 29 61
16 30 47
16 31 74
16 32 20
16 33 44
16 34 93
16 35 58
16 36 38
16 37 31
16 38 38
16 39 62
16 40 68
16 41 28
16 42 36
16 43 49
16 44 57
16 45 27
16 46 92
16 47 96
16 48 37
16 49 35
17 18 16
17 19 74
17 20 41
17 21 16
17 22 63
17 23 22
17 24 38
17 25 31
17 26 44
17 27 40
17 28 38
17 29 39
17 30 34
17 31 47
17 32 57
17 33 15
17 34 42
17 35 16
17 36 15
17 37 40
17 38 54
17 39 26
17 40 57
17 41 78
17 42 45
17 43 40
17 44 35
17 45 35
17 46 41
17 47 45
17 48 27
17 49 46
18 19 82
18 20 25
18 21 32
18 22 74
18 23 13
18 24 28
18 25 40
18 26 30
18 27 47
18 28 54
18 29 29
18 30 50
18 31 33
18 32 70
18 33 31
18 34 32
18 35 6
18 36 29
18 37 55
18 38 54
18 39 12
18 40 48
18 41 87
18 42 61
18 43 56
18 44 51
18 45 50
18 46 33
18 47 40
18 48 29
18 49 47
19 20 102
19 21 62
19 22 16
19 23 94
19 24 111
19 25 99
19 26 87
19 27 36
19 28 76
19 29 74
19 30 70
19 31 87
19 32 37
19 33 67
19 34 114
19 35 77
19 36 61
19 37 54
19 38 41
19 39 80
19 40 75
19 41 4
19 42 58
19 43 73
19 44 81
19 45 51
19 46 114
19 47 119
19 48 54
19 49 43
20 21 57
20 22 96
20 23 23
20 24 24
20 25 56
20 26 24
20 27 66
20 28 77
20 29 33
20 30 74
20 31 26
20 32 95
20 33 56
20 34 25
20 35 28
20 36 54
20 37 80
20 38 68
20 39 23
20 40 47
20 41 106
20 42 85
20 43 80
20 44 73
20 45 75
20 46 29
20 47 39
20 48 48
20 49 62
21 22 49
21 23 39
21 24 54
21 25 37
21 26 56
21 27 32
21 28 28
21 29 48
21 30 22
21 31 58
21 32 40
21 33 6
21 34 58
21 35 30
21 36 4
21 37 23
21 38 51
21 39 38
21 40 63
21 41 66
21 42 29
21 43 28
21 44 28
21 45 19
21 46 57
21 47 59
21 48 26
21 49 43
22 23 84
22 24 101
22 25 85
22 26 84
22 27 30
22 28 61
22 29 71
22 30 55
22 31 84
22 32 21
22 33 54
22 34 105
22 35 69
22 36 49
22 37 38
22 38 44
22 39 73
22 40 76
22 41 20
22 42 41
22 43 57
22 44 66
22 45 35
22 46 104
22 47 107
22 48 48
22 49 42
23 24 17
23 25 33
23 26 38
23 27 58
23 28 55
23 29 40
23 30 53
23 31 41
23 32 79
23 33 36
23 34 21
23 35 18
23 36 37
23 37 61
23 38 67
23 39 23
23 40 58
23 41 98
23 42 66
23 43 58
23 44 51
23 45 57
23 46 20
23 47 27
23 48 41
23 49 60
24 25 38
24 26 46
24 27 75
24 28 67
24 29 51
24 30 65
24 31 49
24 32 94
24 33 51
24 34 4
24 35 34
24 36 53
24 37 76
24 38 82
24 39 36
24 40 69
24 41 115
24 42 80
24 43 70
24 44 61
24 45 73
24 46 5
24 47 15
24 48 57
24 49 75
25 26 69
25 27 69
25 28 33
25 29 68
25 30 35
25 31 72
25 32 72
25 33 31
25 34 42
25 35 43
25 36 39
25 37 50
25 38 85
25 39 52
25 40 87
25 41 103
25 42 52
25 43 37
25 44 27
25 45 50
25 46 37
25 47 33
25 48 58
25 49 77
26 27 53
26 28 82
26 29 13
26 30 77
26 31 3
26 32 88
26 33 58
26 34 47
26 35 28
26 36 52
26 37 78
26 38 49
26 39 19
26 40 24
26 41 91
26 42 84
26 43 83
26 44 80
26 45 72
26 46 50
26 47 61
26 48 37
26 49 45
27 28 56
27 29 41
27 30 50
27 31 54
27 32 38
27 33 38
27 34 79
27 35 41
27 36 30
27 37 39
27 38 21
27 39 44
27 40 47
27 41 40
27 42 46
27 43 54
27 44 59
27 45 33
27 46 79
27 47 84
27 48 18
27 49 16
28 29 75
28 30 7
28 31 84
28 32 43
28 33 25
28 34 71
28 35 54
28 36 32
28 37 23
28 38 77
28 39 63
28 40 91
28 41 80
28 42 21
28 43 5
28 44 7
28 45 26
28 46 67
28 47 65
28 48 54
28 49 70
29 30 70
29 31 13
29 32 76
29 33 50
29 34 54
29 35 25
29 36 44
29 37 68
29 38 36
29 39 17
29 40 19
29 41 78
29 42 75
29 43 76
29 44 74
29 45 62
29 46 56
29 47 65
29 48 26
29 49 32
30 31 79
30 32 39
30 33 19
30 34 69
30 35 49
30 36 26
30 37 17
30 38 70
30 39 59
30 40 86
30 41 74
30 42 17
30 43 6
30 44 11
30 45 20
30 46 66
30 47 65
30 48 48
30 49 63
31 32 89
31 33 60
31 34 50
31 35 31
31 36 54
31 37 79
31 38 48
31 39 21
31 40 21
31 41 91
31 42 86
31 43 85
31 44 82
31 45 73
31 46 54
31 47 64
31 48 38
31 49 44
32 33 44
32 34 99
32 35 67
32 36 42
32 37 21
32 38 57
32 39 73
32 40 85
32 41 40
32 42 23
32 43 39
32 44 49
32 45 22
32 46 97
32 47 99
32 48 51
32 49 53
33 34 55
33 35 30
33 36 9
33 37 25
33 38 56
33 39 39
33 40 67
33 41 72
33 42 30
33 43 25
33 44 24
33 45 22
33 46 53
33 47 54
33 48 31
33 49 49
34 35 38
34 36 57
34 37 80
34 38 86
34 39 39
34 40 71
34 41 119
34 42 84
34 43 74
34 44 65
34 45 77
34 46 5
34 47 15
34 48 61
34 49 79
35 36 26
35 37 53
35 38 49
35 39 10
35 40 44
35 41 82
35 42 59
35 43 55
35 44 51
35 45 48
35 46 38
35 47 45
35 48 23
35 49 42
36 37 26
36 38 47
36 39 35
36 40 59
36 41 65
36 42 32
36 43 32
36 44 32
36 45 21
36 46 56
36 47 59
36 48 23
36 49 40
37 38 60
37 39 61
37 40 81
37 41 58
37 42 7
37 43 19
37 44 28
37 45 7
37 46 78
37 47 79
37 48 44
37 49 54
38 39 47
38 40 34
38 41 44
38 42 66
38 43 75
38 44 79
38 45 53
38 46 87
38 47 94
38 48 27
38 49 8
39 40 35
39 41 84
39 42 67
39 43 65
39 44 61
39 45 55
39 46 41
39 47 49
39 48 25
39 49 40
40 41 78
40 42 88
40 43 91
40 44 91
40 45 75
40 46 74
40 47 83
40 48 38
40 49 34
41 42 61
41 43 76
41 44 85
41 45 54
41 46 118
41 47 123
41 48 58
41 49 47
42 43 16
42 44 27
42 45 14
42 46 82
42 47 82
42 48 50
42 49 61
43 44 11
43 45 23
43 46 71
43 47 69
43 48 54
43 49 68
44 45 31
44 46 62
44 47 59
44 48 55
44 49 71
45 46 75
45 47 76
45 48 37
45 49 47
46 47 11
46 48 61
46 49 80
47 48 68
47 49 87
48 49 20
0 6 73
0 10 42
0 13 55
0 19 104
0 26 46
0 32 86
0 33 42
0 34 13
0 36 45
0 37 68
0 39 33
0 43 62
0 48 52
0 49 70
1 11 71
1 23 85
1 25 90
1 26 81
1 35 69
1 37 46
1 38 37
1 40 70
1 42 50
1 44 73
1 45 42
1 46 105
1 47 110
1 49 37
2 5 66
2 12 72
2 16 61
2 17 34
2 20 71
2 21 30
2 24 58
2 26 79
2 31 81
2 32 54
2 33 24
2 35 50
2 39 60
2 43 16
2 46 58
2 47 55
2 49 73
3 4 71
3 5 39
3 6 53
3 7 48
3 18 25
3 19 58
3 29 33
3 30 38
3 32 46
3 34 57
3 35 21
3 36 12
3 38 37
3 39 27
3 46 56
3 47 61
3 48 11
4 9 84
4 11 71
4 13 72
4 15 85
4 16 107
4 17 55
4 19 129
4 20 39
4 21 71
4 24 19
4 25 47
4 28 79
4 29 69
4 33 67
4 36 70
4 44 73
4 48 76
4 49 94
5 7 47
5 15 43
5 30 67
5 36 45
5 42 77
5 44 68
5 45 66
6 8 97
6 9 66
6 21 69
6 26 29
6 33 73
6 34 76
6 40 6
6 42 93
6 45 79
6 48 43
6 49 36
7 9 59
7 12 31
7 17 60
7 21 63
7 22 70
7 23 64
7 28 91
7 30 85
7 35 48
7 42 86
7 46 81
7 47 90
7 48 37
8 9 48
8 10 76
8 12 77
8 13 14
8 15 69
8 27 67
8 33 29
8 35 48
8 36 37
8 40 91
8 43 28
8 44 16
8 45 44
8 49 77
9 10 64
9 11 36
9 13 48
9 16 24
9 17 29
9 19 47
9 23 51
9 25 52
9 26 60
9 27 21
9 33 20
9 39 44
9 45 13
9 47 73
10 11 78
10 14 79
10 16 80
10 17 46
10 18 30
10 19 94
10 27 60
10 28 84
10 30 79
10 43 85
10 44 81
10 49 52
11 17 32
11 18 47
11 22 64
11 23 48
11 38 76
11 46 59
11 48 52
11 49 68
12 13 80
12 19 39
12 20 65
12 21 43
12 23 62
12 27 13
12 28 68
12 29 35
12 30 62
12 31 48
12 33 48
12 41 43
12 44 70
12 46 82
12 47 89
12 49 4
13 14 57
13 15 73
13 18 56
13 26 86
13 28 15
13 39 67
13 40 99
13 42 35
13 47 58
13 49 81
14 15 39
14 18 58
14 26 73
14 28 43
14 29 62
14 30 37
14 31 74
14 33 36
14 36 31
14 40 71
14 44 48
14 45 17
14 47 90
14 48 36
15 17 37
15 21 36
15 22 46
15 28 63
15 33 41
15 34 69
15 37 50
15 43 62
15 45 43
16 18 62
16 22 11
16 26 74
16 31 74
16 32 20
16 33 44
16 36 38
16 39 62
16 40 68
16 42 36
16 46 92
16 47 96
17 20 41
17 21 16
17 24 38
17 29 39
17 30 34
17 31 47
17 43 40
17 44 35
17 47 45
17 48 27
18 19 82
18 27 47
18 38 54
18 41 87
18 42 61
18 44 51
18 46 33
18 48 29
18 49 47
19 25 99
19 26 87
19 33 67
19 34 114
19 35 77
19 37 54
19 46 114
19 47 119
20 23 23
20 26 24
20 29 33
20 31 26
20 33 56
20 34 25
20 37 80
20 38 68
20 42 85
20 45 75
20 48 48
20 49 62
21 23 39
21 29 48
21 35 30
21 37 23
21 46 57
21 48 26
22 23 84
22 26 84
22 29 71
22 30 55
22 33 54
22 38 44
22 40 76
23 28 55
23 33 36
23 41 98
23 42 66
24 25 38
24 26 46
24 27 75
24 28 67
24 35 34
24 36 53
24 37 76
24 38 82
24 43 70
24 48 57
25 34 42
25 37 50
25 41 103
25 43 37
26 27 53
26 29 13
26 30 77
26 37 78
26 39 19
26 40 24
26 41 91
26 43 83
27 28 56
27 29 41
27 33 38
27 48 18
28 32 43
28 33 25
28 34 71
28 35 54
28 36 32
28 37 23
28 38 77
28 41 80
28 49 70
29 31 13
29 40 19
29 42 75
29 49 32
30 39 59
30 40 86
30 43 6
30 48 48
31 32 89
31 33 60
31 35 31
31 37 79
31 38 48
31 42 86
31 43 85
31 44 82
32 33 44
33 35 30
33 41 72
33 42 30
33 47 54
33 48 31
33 49 49
34 36 57
34 39 39
34 44 65
34 46 5
34 49 79
35 36 26
35 39 10
35 43 55
36 37 26
36 40 59
36 45 21
36 49 40
37 4 91
37 38 60
37 47 79
37 48 44
38 41 44
38 43 75
38 44 79
38 48 27
38 49 8
39 41 84
39 46 41
40 43 91
40 47 83
41 42 61
41 46 118
41 47 123
41 48 58
42 46 82
42 48 50
43 48 54
45 47 76
48 49 20
