10 0.3 5 0 0.5 45 14 9
0.568031 0.843963 31
0.976328 0.872221 34
0.762684 0.800256 28
0.953897 0.300389 12
0.722417 0.23638 0
0.3063 0.194287 21
0.0888329 0.463057 34
0.955119 0.226483 12
0.22898 0.761684 36
0.223925 0.215021 25
0 1 41
0 2 20
0 3 67
0 4 63
0 5 70
0 6 61
0 7 73
0 8 35
0 9 72
1 2 23
1 3 57
1 4 68
1 5 95
1 6 98
1 7 65
1 8 76
1 9 100
2 3 54
2 4 57
2 5 76
2 6 75
2 7 61
2 8 54
2 9 80
3 4 24
3 5 66
3 6 88
3 7 7
3 8 86
3 9 73
4 5 42
4 6 67
4 7 23
4 8 72
4 9 50
5 6 35
5 7 65
5 8 57
5 9 8
6 7 90
6 8 33
6 9 28
7 8 90
7 9 73
8 9 55
0 2 20
0 6 61
1 2 23
1 3 57
1 9 100
2 5 76
3 4 24
3 8 86
4 7 23
4 9 50
5 7 65
6 8 33
7 8 90
8 9 55
