50 0.7 20 0 1 1225 858 39
0.868712 0.593124 37
0.861298 0.373638 36
0.307779 0.433453 22
0.959581 0.976726 66
0.336865 0.61412 22
0.786145 0.64989 31
0.897072 0.337849 41
0.518201 0.48766 0
0.986316 0.311168 50
0.597415 0.783771 31
0.322139 0.727498 31
0.665829 0.65765 23
0.235899 0.36839 31
0.184066 0.667593 38
0.548319 0.307879 18
0.746539 0.930346 50
0.385113 0.719396 27
0.501833 0.62857 14
0.863058 0.299024 39
0.347661 0.679939 26
0.462115 0.192301 30
0.343631 0.857094 41
0.396602 0.347739 19
0.963116 0.144669 56
0.211591 0.00783572 57
0.609115 0.884108 41
0.440021 0.461886 8
0.459903 0.745078 26
0.807722 0.899921 50
0.845001 0.135428 48
0.480183 0.846097 36
0.321666 0.669614 27
0.348307 0.529266 17
0.593896 0.99523 51
0.405883 0.678104 22
0.361778 0.372707 19
0.358837 0.331705 22
0.432106 0.694745 22
0.566757 0.69212 21
0.626194 0.227967 28
0.529287 0.389631 10
0.255819 0.16932 41
0.459716 0.581829 11
0.68552 0.759943 32
0.690585 0.0393938 48
0.760955 0.270148 33
0.895083 0.903741 56
0.680817 0.167248 36
0.492895 0.629109 14
0.186629 0.635803 36
0 1 22
0 2 58
0 3 39
0 4 53
0 5 10
0 6 26
0 7 37
0 8 31
0 9 33
0 10 56
0 11 21
0 12 67
0 13 69
0 14 43
0 15 36
0 16 50
0 17 37
0 18 29
0 19 53
0 20 57
0 21 59
0 22 53
0 23 46
0 24 88
0 25 39
0 26 45
0 27 44
0 28 31
0 29 46
0 30 46
0 31 55
0 32 52
0 33 49
0 34 47
0 35 55
0 36 57
0 37 45
0 38 32
0 39 44
0 40 40
0 41 75
0 42 41
0 43 25
0 44 58
0 45 34
0 46 31
0 47 47
0 48 38
0 49 68
1 2 56
1 3 61
1 4 58
1 5 29
1 6 5
1 7 36
1 8 14
1 9 49
1 10 64
1 11 34
1 12 63
1 13 74
1 14 32
1 15 57
1 16 59
1 17 44
1 18 7
1 19 60
1 20 44
1 21 71
1 22 47
1 23 25
1 24 75
1 25 57
1 26 43
1 27 55
1 28 53
1 29 24
1 30 61
1 31 62
1 32 54
1 33 68
1 34 55
1 35 50
1 36 50
1 37 54
1 38 43
1 39 28
1 40 33
1 41 64
1 42 45
1 43 42
1 44 38
1 45 14
1 46 53
1 47 27
1 48 45
1 49 72
2 3 85
2 4 18
2 5 53
2 6 60
2 7 22
2 8 69
2 9 45
2 10 29
2 11 42
2 12 10
2 13 26
2 14 27
2 15 66
2 16 30
2 17 28
2 18 57
2 19 25
2 20 29
2 21 43
2 22 12
2 23 72
2 24 44
2 25 54
2 26 14
2 27 35
2 28 68
2 29 61
2 30 45
2 31 24
2 32 10
2 33 63
2 34 26
2 35 8
2 36 11
2 37 29
2 38 37
2 39 38
2 40 23
2 41 27
2 42 21
2 43 50
2 44 55
2 45 48
2 46 75
2 47 46
2 48 27
2 49 24
3 4 72
3 5 37
3 6 64
3 7 66
3 8 67
3 9 41
3 10 68
3 11 43
3 12 95
3 13 83
3 14 79
3 15 22
3 16 63
3 17 58
3 18 68
3 19 68
3 20 93
3 21 63
3 22 84
3 23 83
3 24 122
3 25 36
3 26 73
3 27 55
3 28 17
3 29 85
3 30 50
3 31 71
3 32 76
3 33 37
3 34 63
3 35 85
3 36 88
3 37 60
3 38 49
3 39 82
3 40 73
3 41 107
3 42 64
3 43 35
3 44 98
3 45 73
3 46 10
3 47 86
3 48 58
3 49 84
4 5 45
4 6 62
4 7 22
4 8 72
4 9 31
4 10 11
4 11 33
4 12 27
4 13 16
4 14 37
4 15 52
4 16 12
4 17 17
4 18 61
4 19 7
4 20 44
4 21 24
4 22 27
4 23 78
4 24 62
4 25 38
4 26 18
4 27 18
4 28 55
4 29 70
4 30 27
4 31 6
4 32 9
4 33 46
4 34 9
4 35 24
4 36 28
4 37 12
4 38 24
4 39 48
4 40 30
4 41 45
4 42 13
4 43 38
4 44 67
4 45 55
4 46 63
4 47 56
4 48 16
4 49 15
5 6 33
5 7 31
5 8 39
5 9 23
5 10 47
5 11 12
5 12 62
5 13 60
5 14 42
5 15 28
5 16 41
5 17 29
5 18 36
5 19 44
5 20 56
5 21 49
5 22 49
5 23 54
5 24 86
5 25 29
5 26 39
5 27 34
5 28 25
5 29 52
5 30 36
5 31 46
5 32 45
5 33 40
5 34 38
5 35 51
5 36 53
5 37 36
5 38 22
5 39 45
5 40 37
5 41 72
5 42 33
5 43 15
5 44 62
5 45 38
5 46 28
5 47 49
5 48 29
5 49 60
6 7 41
6 8 9
6 9 54
6 10 69
6 11 39
6 12 66
6 13 79
6 14 35
6 15 61
6 16 64
6 17 49
6 18 5
6 19 65
6 20 46
6 21 76
6 22 50
6 23 20
6 24 76
6 25 62
6 26 47
6 27 60
6 28 57
6 29 21
6 30 66
6 31 66
6 32 58
6 33 72
6 34 60
6 35 54
6 36 54
6 37 59
6 38 48
6 39 29
6 40 37
6 41 66
6 42 50
6 43 47
6 44 36
6 45 15
6 46 57
6 47 28
6 48 50
6 49 77
7 8 50
7 9 31
7 10 31
7 11 23
7 12 31
7 13 38
7 14 18
7 15 50
7 16 27
7 17 14
7 18 39
7 19 26
7 20 30
7 21 41
7 22 19
7 23 56
7 24 57
7 25 41
7 26 8
7 27 26
7 28 50
7 29 48
7 30 36
7 31 27
7 32 17
7 33 51
7 34 22
7 35 19
7 36 22
7 37 22
7 38 21
7 39 28
7 40 10
7 41 41
7 42 11
7 43 32
7 44 48
7 45 33
7 46 56
7 47 36
7 48 14
7 49 36
8 9 61
8 10 78
8 11 47
8 12 75
8 13 88
8 14 44
8 15 66
8 16 73
8 17 58
8 18 12
8 19 74
8 20 54
8 21 84
8 22 59
8 23 17
8 24 83
8 25 69
8 26 57
8 27 68
8 28 62
8 29 23
8 30 74
8 31 76
8 32 67
8 33 79
8 34 69
8 35 63
8 36 63
8 37 67
8 38 57
8 39 37
8 40 46
8 41 74
8 42 59
8 43 54
8 44 40
8 45 23
8 46 60
8 47 34
8 48 59
8 49 86
9 10 28
9 11 14
9 12 55
9 13 43
9 14 48
9 15 21
9 16 22
9 17 18
9 18 55
9 19 27
9 20 61
9 21 26
9 22 48
9 23 74
9 24 87
9 25 10
9 26 36
9 27 14
9 28 24
9 29 69
9 30 13
9 31 30
9 32 36
9 33 21
9 34 22
9 35 47
9 36 51
9 37 19
9 38 10
9 39 56
9 40 40
9 41 70
9 42 24
9 43 9
9 44 75
9 45 54
9 46 32
9 47 62
9 48 19
9 49 44
10 11 35
10 12 37
10 13 15
10 14 48
10 15 47
10 16 6
10 17 21
10 18 69
10 19 5
10 20 55
10 21 13
10 22 39
10 23 87
10 24 73
10 25 33
10 26 29
10 27 14
10 28 52
10 29 79
10 30 20
10 31 6
10 32 20
10 33 38
10 34 10
10 35 36
10 36 40
10 37 11
10 38 25
10 39 58
10 40 40
10 41 56
10 42 20
10 43 36
10 44 78
10 45 63
10 46 60
10 47 67
10 48 20
10 49 16
11 12 52
11 13 48
11 14 37
11 15 28
11 16 29
11 17 17
11 18 41
11 19 32
11 20 51
11 21 38
11 22 41
11 23 59
11 24 79
11 25 23
11 26 30
11 27 22
11 28 28
11 29 55
11 30 26
11 31 34
11 32 34
11 33 35
11 34 26
11 35 42
11 36 45
11 37 24
11 38 10
11 39 43
11 40 30
11 41 64
11 42 22
11 43 10
11 44 62
11 45 40
11 46 34
11 47 49
11 48 18
11 49 48
12 13 30
12 14 32
12 15 76
12 16 38
12 17 37
12 18 63
12 19 33
12 20 29
12 21 50
12 22 16
12 23 76
12 24 36
12 25 64
12 26 22
12 27 44
12 28 78
12 29 65
12 30 54
12 31 31
12 32 20
12 33 72
12 34 35
12 35 13
12 36 13
12 37 38
12 38 46
12 39 41
12 40 29
12 41 20
12 42 31
12 43 60
12 44 56
12 45 53
12 46 85
12 47 49
12 48 37
12 49 27
13 14 51
13 15 62
13 16 21
13 17 32
13 18 77
13 19 16
13 20 55
13 21 25
13 22 38
13 23 94
13 24 66
13 25 48
13 26 33
13 27 29
13 28 67
13 29 85
13 30 35
13 31 14
13 32 21
13 33 52
13 34 22
13 35 34
13 36 38
13 37 25
13 38 38
13 39 62
13 40 44
13 41 50
13 42 29
13 43 51
13 44 81
13 45 70
13 46 75
13 47 71
13 48 31
13 49 3
14 15 65
14 16 44
14 17 32
14 18 31
14 19 42
14 20 14
14 21 59
14 22 16
14 23 45
14 24 45
14 25 58
14 26 19
14 27 45
14 28 65
14 29 34
14 30 54
14 31 43
14 32 30
14 33 69
14 34 40
14 35 20
14 36 19
14 37 40
14 38 38
14 39 11
14 40 8
14 41 32
14 42 29
14 43 47
14 44 30
14 45 22
14 46 69
14 47 19
14 48 33
14 49 49
15 16 42
15 17 39
15 18 64
15 19 47
15 20 79
15 21 41
15 22 68
15 23 81
15 24 107
15 25 14
15 26 56
15 27 34
15 28 7
15 29 80
15 30 28
15 31 50
15 32 57
15 33 17
15 34 42
15 35 68
15 36 71
15 37 39
15 38 30
15 39 71
15 40 58
15 41 91
15 42 45
15 43 18
15 44 89
15 45 66
15 46 15
15 47 77
15 48 39
15 49 63
16 17 15
16 18 64
16 19 5
16 20 53
16 21 14
16 22 37
16 23 82
16 24 73
16 25 28
16 26 26
16 27 8
16 28 46
16 29 74
16 30 16
16 31 8
16 32 19
16 33 35
16 34 5
16 35 35
16 36 39
16 37 5
16 38 18
16 39 55
16 40 36
16 41 57
16 42 16
16 43 30
16 44 75
16 45 59
16 46 54
16 47 63
16 48 14
16 49 22
17 18 49
17 19 16
17 20 44
17 21 28
17 22 30
17 23 67
17 24 69
17 25 28
17 26 18
17 27 12
17 28 41
17 29 60
17 30 22
17 31 18
17 32 18
17 33 38
17 34 11
17 35 29
17 36 33
17 37 10
17 38 9
17 39 42
17 40 24
17 41 52
17 42 6
17 43 23
17 44 62
17 45 44
17 46 48
17 47 49
17 48 1
17 49 32
18 19 64
18 20 41
18 21 76
18 22 47
18 23 18
18 24 71
18 25 64
18 26 45
18 27 60
18 28 60
18 29 16
18 30 67
18 31 66
18 32 56
18 33 75
18 34 59
18 35 51
18 36 51
18 37 59
18 38 49
18 39 25
18 40 35
18 41 62
18 42 49
18 43 49
18 44 31
18 45 11
18 46 61
18 47 22
18 48 50
18 49 76
19 20 50
19 21 18
19 22 34
19 23 82
19 24 69
19 25 33
19 26 24
19 27 13
19 28 51
19 29 74
19 30 21
19 31 3
19 32 15
19 33 40
19 34 6
19 35 31
19 36 35
19 37 9
19 38 22
19 39 53
19 40 34
19 41 52
19 42 15
19 43 35
19 44 73
19 45 58
19 46 59
19 47 61
19 48 15
19 49 17
20 21 68
20 22 17
20 23 50
20 24 31
20 25 71
20 26 27
20 27 55
20 28 79
20 29 39
20 30 65
20 31 50
20 32 36
20 33 81
20 34 49
20 35 21
20 36 17
20 37 50
20 38 51
20 39 17
20 40 21
20 41 21
20 42 39
20 43 61
20 44 27
20 45 31
20 46 83
20 47 22
20 48 44
20 49 52
21 22 51
21 23 94
21 24 86
21 25 27
21 26 41
21 27 16
21 28 47
21 29 88
21 30 14
21 31 19
21 32 33
21 33 29
21 34 19
21 35 48
21 36 53
21 37 18
21 38 28
21 39 69
21 40 50
21 41 69
21 42 30
21 43 36
21 44 89
21 45 72
21 46 55
21 47 77
21 48 27
21 49 27
22 23 60
22 24 39
22 25 58
22 26 12
22 27 40
22 28 69
22 29 50
22 30 51
22 31 33
22 32 19
22 33 68
22 34 33
22 35 4
22 36 4
22 37 35
22 38 38
22 39 26
22 40 14
22 41 23
22 42 24
22 43 50
22 44 43
22 45 37
22 46 75
22 47 34
22 48 30
22 49 36
23 24 76
23 25 82
23 26 61
23 27 78
23 28 77
23 29 12
23 30 85
23 31 83
23 32 73
23 33 93
23 34 77
23 35 64
23 36 63
23 37 76
23 38 68
23 39 35
23 40 50
23 41 71
23 42 67
23 43 67
23 44 29
23 45 24
23 46 76
23 47 28
23 48 68
23 49 92
24 25 96
24 26 51
24 27 78
24 28 107
24 29 65
24 30 88
24 31 67
24 32 54
24 33 106
24 34 70
24 35 39
24 36 36
24 37 72
24 38 77
24 39 47
24 40 50
24 41 17
24 42 63
24 43 89
24 44 48
24 45 61
24 46 113
24 47 50
24 48 68
24 49 63
25 26 45
25 27 20
25 28 20
25 29 78
25 30 13
25 31 36
25 32 44
25 33 11
25 34 29
25 35 57
25 36 61
25 37 26
25 38 20
25 39 66
25 40 50
25 41 80
25 42 34
25 43 15
25 44 85
25 45 63
25 46 29
25 47 72
25 48 28
25 49 49
26 27 28
26 28 57
26 29 52
26 30 39
26 31 24
26 32 11
26 33 56
26 34 22
26 35 12
26 36 15
26 37 23
26 38 26
26 39 30
26 40 11
26 41 35
26 42 12
26 43 39
26 44 49
26 45 37
26 46 63
26 47 38
26 48 18
26 49 31
27 28 38
27 29 72
27 30 10
27 31 16
27 32 24
27 33 28
27 34 9
27 35 39
27 36 43
27 37 6
27 38 12
27 39 54
27 40 36
27 41 61
27 42 16
27 43 23
27 44 74
27 45 56
27 46 46
27 47 62
27 48 12
27 49 29
28 29 77
28 30 33
28 31 54
28 32 59
28 33 23
28 34 46
28 35 69
28 36 72
28 37 43
28 38 32
28 39 70
28 40 58
28 41 92
28 42 47
28 43 19
28 44 87
28 45 63
28 46 9
28 47 74
28 48 42
28 49 67
29 30 80
29 31 75
29 32 63
29 33 90
29 34 70
29 35 54
29 36 52
29 37 70
29 38 62
29 39 24
29 40 41
29 41 59
29 42 59
29 43 64
29 44 18
29 45 16
29 46 77
29 47 17
29 48 61
29 49 83
30 31 24
30 32 34
30 33 19
30 34 18
30 35 49
30 36 53
30 37 16
30 38 18
30 39 64
30 40 46
30 41 71
30 42 27
30 43 22
30 44 83
30 45 64
30 46 42
30 47 71
30 48 22
30 49 36
31 32 14
31 33 42
31 34 8
31 35 30
31 36 34
31 37 11
31 38 25
31 39 54
31 40 35
31 41 50
31 42 16
31 43 37
31 44 73
31 45 59
31 46 62
31 47 62
31 48 18
31 49 14
32 33 53
32 34 16
32 35 16
32 36 20
32 37 19
32 38 27
32 39 41
32 40 23
32 41 37
32 42 12
32 43 41
32 44 60
32 45 49
32 46 66
32 47 49
32 48 18
32 49 19
33 34 37
33 35 66
33 36 70
33 37 34
33 38 30
33 39 77
33 40 61
33 41 89
33 42 43
33 43 25
33 44 96
33 45 74
33 46 31
33 47 83
33 48 38
33 49 54
34 35 31
34 36 35
34 37 3
34 38 16
34 39 50
34 40 31
34 41 53
34 42 11
34 43 29
34 44 70
34 45 54
34 46 54
34 47 58
34 48 10
34 49 22
35 36 4
35 37 33
35 38 38
35 39 30
35 40 17
35 41 23
35 42 23
35 43 50
35 44 47
35 45 41
35 46 75
35 47 38
35 48 29
35 49 32
36 37 37
36 38 42
36 39 29
36 40 18
36 41 19
36 42 27
36 43 54
36 44 44
36 45 41
36 46 78
36 47 36
36 48 33
36 49 35
37 38 13
37 39 51
37 40 32
37 41 55
37 42 12
37 43 26
37 44 70
37 45 54
37 46 51
37 47 58
37 48 9
37 49 25
38 39 47
38 40 30
38 41 61
38 42 15
38 43 14
38 44 66
38 45 46
38 46 39
38 47 54
38 48 10
38 49 38
39 40 19
39 41 37
39 42 39
39 43 54
39 44 20
39 45 14
39 46 73
39 47 8
39 48 42
39 49 60
40 41 35
40 42 20
40 43 40
40 44 39
40 45 26
40 46 63
40 47 27
40 48 24
40 49 42
41 42 46
41 43 73
41 44 45
41 45 52
41 46 97
41 47 43
41 48 52
41 49 47
42 43 29
42 44 59
42 45 43
42 46 54
42 47 47
42 48 6
42 49 28
43 44 72
43 45 50
43 46 25
43 47 59
43 48 23
43 49 51
44 45 24
44 46 89
44 47 13
44 48 62
44 49 78
45 46 65
45 47 13
45 48 45
45 49 68
46 47 77
46 48 49
46 49 76
47 48 50
47 49 68
48 49 31
0 1 22
0 3 39
0 4 53
0 5 10
0 6 26
0 7 37
0 8 31
0 9 33
0 10 56
0 11 21
0 12 67
0 13 69
0 14 43
0 16 50
0 17 37
0 19 53
0 20 57
0 21 59
0 22 53
0 23 46
0 24 88
0 25 39
0 27 44
0 28 31
0 29 46
0 30 46
0 32 52
0 33 49
0 35 55
0 37 45
0 38 32
0 39 44
0 40 40
0 41 75
0 44 58
0 45 34
0 47 47
0 48 38
0 49 68
1 3 61
1 4 58
1 5 29
1 6 5
1 10 64
1 11 34
1 13 74
1 14 32
1 16 59
1 17 44
1 18 7
1 19 60
1 20 44
1 22 47
1 23 25
1 25 57
1 26 43
1 27 55
1 28 53
1 31 62
1 32 54
1 35 50
1 37 54
1 39 28
1 40 33
1 41 64
1 42 45
1 44 38
1 45 14
1 46 53
1 47 27
1 48 45
2 3 85
2 8 69
2 11 42
2 13 26
2 14 27
2 15 66
2 16 30
2 17 28
2 19 25
2 20 29
2 21 43
2 22 12
2 26 14
2 27 35
2 28 68
2 29 61
2 31 24
2 32 10
2 33 63
2 36 11
2 37 29
2 38 37
2 39 38
2 40 23
2 41 27
2 42 21
2 44 55
2 45 48
2 46 75
2 47 46
2 48 27
2 49 24
3 4 72
3 5 37
3 6 64
3 9 41
3 10 68
3 13 83
3 16 63
3 17 58
3 19 68
3 21 63
3 22 84
3 24 122
3 25 36
3 27 55
3 29 85
3 30 50
3 31 71
3 32 76
3 33 37
3 34 63
3 35 85
3 37 60
3 38 49
3 39 82
3 42 64
3 44 98
3 45 73
3 46 10
3 47 86
4 5 45
4 6 62
4 7 22
4 8 72
4 9 31
4 12 27
4 14 37
4 15 52
4 16 12
4 18 61
4 19 7
4 21 24
4 22 27
4 23 78
4 27 18
4 28 55
4 29 70
4 31 6
4 36 28
4 37 12
4 40 30
4 45 55
4 46 63
4 47 56
4 48 16
4 49 15
5 8 39
5 9 23
5 11 12
5 12 62
5 13 60
5 14 42
5 15 28
5 17 29
5 19 44
5 20 56
5 22 49
5 24 86
5 25 29
5 26 39
5 27 34
5 29 52
5 30 36
5 31 46
5 32 45
5 33 40
5 35 51
5 36 53
5 37 36
5 40 37
5 41 72
5 43 15
5 44 62
5 45 38
5 46 28
5 48 29
6 8 9
6 9 54
6 10 69
6 12 66
6 13 79
6 15 61
6 16 64
6 18 5
6 20 46
6 21 76
6 22 50
6 25 62
6 26 47
6 27 60
6 28 57
6 29 21
6 31 66
6 32 58
6 33 72
6 34 60
6 35 54
6 36 54
6 38 48
6 39 29
6 40 37
6 42 50
6 43 47
6 45 15
6 46 57
6 47 28
7 9 31
7 10 31
7 14 18
7 15 50
7 17 14
7 18 39
7 19 26
7 20 30
7 21 41
7 23 56
7 24 57
7 25 41
7 26 8
7 27 26
7 28 50
7 29 48
7 30 36
7 32 17
7 33 51
7 34 22
7 35 19
7 37 22
7 39 28
7 40 10
7 41 41
7 42 11
7 43 32
7 44 48
7 45 33
7 46 56
7 47 36
7 48 14
7 49 36
8 9 61
8 10 78
8 12 75
8 13 88
8 14 44
8 15 66
8 18 12
8 21 84
8 23 17
8 25 69
8 26 57
8 27 68
8 28 62
8 29 23
8 30 74
8 33 79
8 34 69
8 40 46
8 44 40
8 46 60
8 48 59
8 49 86
9 10 28
9 11 14
9 12 55
9 13 43
9 15 21
9 16 22
9 17 18
9 18 55
9 20 61
9 22 48
9 23 74
9 24 87
9 25 10
9 27 14
9 29 69
9 31 30
9 32 36
9 33 21
9 34 22
9 35 47
9 37 19
9 40 40
9 41 70
9 42 24
9 43 9
9 44 75
9 47 62
9 49 44
10 13 15
10 15 47
10 16 6
10 17 21
10 18 69
10 19 5
10 20 55
10 21 13
10 24 73
10 25 33
10 26 29
10 27 14
10 28 52
10 31 6
10 33 38
10 34 10
10 35 36
10 36 40
10 37 11
10 38 25
10 39 58
10 40 40
10 41 56
10 42 20
10 43 36
10 45 63
10 46 60
10 47 67
10 48 20
11 13 48
11 14 37
11 16 29
11 17 17
11 19 32
11 20 51
11 22 41
11 24 79
11 26 30
11 27 22
11 28 28
11 29 55
11 31 34
11 32 34
11 33 35
11 34 26
11 35 42
11 36 45
11 37 24
11 38 10
11 39 43
11 40 30
11 41 64
11 42 22
11 43 10
11 44 62
11 45 40
11 48 18
12 14 32
12 16 38
12 17 37
12 18 63
12 19 33
12 20 29
12 21 50
12 23 76
12 24 36
12 25 64
12 27 44
12 30 54
12 32 20
12 33 72
12 34 35
12 35 13
12 37 38
12 38 46
12 39 41
12 40 29
12 41 20
12 43 60
12 46 85
12 48 37
12 49 27
13 14 51
13 19 16
13 20 55
13 21 25
13 22 38
13 24 66
13 25 48
13 26 33
13 27 29
13 28 67
13 30 35
13 33 52
13 34 22
13 35 34
13 38 38
13 39 62
13 40 44
13 41 50
13 42 29
13 43 51
13 44 81
13 46 75
13 47 71
13 49 3
14 16 44
14 18 31
14 19 42
14 20 14
14 21 59
14 22 16
14 24 45
14 25 58
14 26 19
14 28 65
14 32 30
14 33 69
14 35 20
14 36 19
14 37 40
14 38 38
14 39 11
14 40 8
14 41 32
14 42 29
14 43 47
14 45 22
14 46 69
14 47 19
14 48 33
14 49 49
15 16 42
15 18 64
15 19 47
15 21 41
15 22 68
15 23 81
15 24 107
15 25 14
15 26 56
15 27 34
15 29 80
15 31 50
15 32 57
15 33 17
15 34 42
15 36 71
15 37 39
15 38 30
15 41 91
15 42 45
15 43 18
15 45 66
15 46 15
15 48 39
15 49 63
16 18 64
16 19 5
16 20 53
16 22 37
16 25 28
16 27 8
16 28 46
16 29 74
16 31 8
16 32 19
16 33 35
16 34 5
16 35 35
16 36 39
16 37 5
16 40 36
16 42 16
16 43 30
16 44 75
16 45 59
16 46 54
16 47 63
16 48 14
16 49 22
17 18 49
17 19 16
17 20 44
17 21 28
17 22 30
17 25 28
17 28 41
17 29 60
17 32 18
17 34 11
17 37 10
17 38 9
17 41 52
17 42 6
17 43 23
17 46 48
17 47 49
17 48 1
17 49 32
18 20 41
18 21 76
18 22 47
18 24 71
18 25 64
18 26 45
18 27 60
18 28 60
18 30 67
18 32 56
18 33 75
18 34 59
18 35 51
18 36 51
18 37 59
18 38 49
18 39 25
18 40 35
18 41 62
18 42 49
18 43 49
18 44 31
18 46 61
18 47 22
18 48 50
18 49 76
19 21 18
19 22 34
19 23 82
19 24 69
19 26 24
19 28 51
19 29 74
19 30 21
19 31 3
19 32 15
19 33 40
19 37 9
19 39 53
19 40 34
19 41 52
19 42 15
19 43 35
19 44 73
19 45 58
19 47 61
19 48 15
19 49 17
20 23 50
20 24 31
20 27 55
20 28 79
20 29 39
20 30 65
20 31 50
20 32 36
20 34 49
20 35 21
20 36 17
20 37 50
20 38 51
20 39 17
20 40 21
20 42 39
20 43 61
20 44 27
20 45 31
20 46 83
20 47 22
20 48 44
20 49 52
21 22 51
21 23 94
21 24 86
21 25 27
21 30 14
21 31 19
21 33 29
21 34 19
21 35 48
21 38 28
21 39 69
21 40 50
21 43 36
21 44 89
21 45 72
21 46 55
21 47 77
21 48 27
21 49 27
22 23 60
22 25 58
22 26 12
22 27 40
22 28 69
22 30 51
22 31 33
22 33 68
22 36 4
22 37 35
22 38 38
22 39 26
22 41 23
22 42 24
22 44 43
22 46 75
23 25 82
23 26 61
23 27 78
23 29 12
23 30 85
23 31 83
23 32 73
23 33 93
23 35 64
23 36 63
23 38 68
23 39 35
23 40 50
23 41 71
23 43 67
23 44 29
23 45 24
23 46 76
23 47 28
24 27 78
24 28 107
24 29 65
24 30 88
24 31 67
24 33 106
24 34 70
24 36 36
24 37 72
24 39 47
24 40 50
24 41 17
24 42 63
24 45 61
24 46 113
24 49 63
25 26 45
25 27 20
25 29 78
25 30 13
25 31 36
25 32 44
25 33 11
25 34 29
25 35 57
25 36 61
25 39 66
25 41 80
25 42 34
25 43 15
25 44 85
25 46 29
25 48 28
25 49 49
26 27 28
26 28 57
26 29 52
26 30 39
26 31 24
26 32 11
26 37 23
26 38 26
26 39 30
26 40 11
26 41 35
26 42 12
26 43 39
26 44 49
26 46 63
26 47 38
26 48 18
26 49 31
27 28 38
27 29 72
27 30 10
27 31 16
27 32 24
27 33 28
27 34 9
27 36 43
27 37 6
27 38 12
27 39 54
27 41 61
27 42 16
27 43 23
27 44 74
27 45 56
27 46 46
27 47 62
27 49 29
28 29 77
28 30 33
28 31 54
28 32 59
28 33 23
28 34 46
28 35 69
28 36 72
28 38 32
28 39 70
28 40 58
28 42 47
28 43 19
28 46 9
28 47 74
28 48 42
29 30 80
29 32 63
29 33 90
29 34 70
29 35 54
29 36 52
29 37 70
29 38 62
29 39 24
29 41 59
29 43 64
29 44 18
29 45 16
29 48 61
29 49 83
30 31 24
30 32 34
30 33 19
30 34 18
30 36 53
30 37 16
30 38 18
30 40 46
30 42 27
30 44 83
30 45 64
30 47 71
30 48 22
30 49 36
31 35 30
31 36 34
31 38 25
31 39 54
31 43 37
31 44 73
31 45 59
31 46 62
31 49 14
32 33 53
32 35 16
32 36 20
32 37 19
32 38 27
32 39 41
32 40 23
32 41 37
32 42 12
32 43 41
32 45 49
32 46 66
32 47 49
32 48 18
32 49 19
33 34 37
33 35 66
33 36 70
33 37 34
33 39 77
33 40 61
33 42 43
33 43 25
33 44 96
33 45 74
33 46 31
33 48 38
33 49 54
34 36 35
34 38 16
34 40 31
34 41 53
34 42 11
34 43 29
34 44 70
34 45 54
34 49 22
35 36 4
35 39 30
35 40 17
35 41 23
35 43 50
35 44 47
35 46 75
36 37 37
36 38 42
36 39 29
36 41 19
36 42 27
36 43 54
36 47 36
36 48 33
36 49 35
37 38 13
37 40 32
37 41 55
37 43 26
37 44 70
37 46 51
37 47 58
38 39 47
38 41 61
38 43 14
38 44 66
38 45 46
38 46 39
38 47 54
38 48 10
39 40 19
39 41 37
39 42 39
39 44 20
39 47 8
39 48 42
39 49 60
40 41 35
40 43 40
40 45 26
40 46 63
40 47 27
40 49 42
41 42 46
41 43 73
41 45 52
41 47 43
41 48 52
41 49 47
42 43 29
42 44 59
42 47 47
42 48 6
42 49 28
43 44 72
43 46 25
43 47 59
43 48 23
43 49 51
44 47 13
44 48 62
45 48 45
45 49 68
46 47 77
46 48 49
46 49 76
47 48 50
47 49 68
48 49 31
