50 0.5 5 1 1 1225 613 11
0.331881 0.817023 30
0.381785 0.954483 31
0.490879 0.535145 60
0.181524 0.251687 72
0.0321774 0.456313 51
0.878849 0.388159 99
0.34307 0.823602 30
0.182742 0.404511 57
0.140182 0.919228 8
0.460086 0.590134 54
0.124929 0.0498777 91
0.533186 0.42076 71
0.843348 0.0646362 118
0.162167 0.226912 74
0.958908 0.088713 124
0.218922 0.372414 61
0.203861 0.338551 64
0.756869 0.249425 99
0.17406 0.238245 73
0.416652 0.303912 74
0.580176 0.280829 85
0.446088 0.407545 67
0.0439257 0.283529 68
0.989604 0.368877 109
0.0108973 0.555415 41
0.855226 0.316393 101
0.220938 0.462307 52
0.511143 0.620243 55
0.241597 0.295516 69
0.261269 0.124991 86
0.852045 0.98481 78
0.472671 0.643562 51
0.142979 0.468562 50
0.936788 0.691364 90
0.529743 0.153159 93
0.0802097 0.755525 21
0.0752589 0.963355 0
0.197732 0.862675 16
0.22895 0.309268 67
0.579257 0.623098 61
0.828833 0.0857335 116
0.114084 0.646448 32
0.362528 0.627702 44
0.0126878 0.886419 10
0.853589 0.628159 85
0.369808 0.951989 29
0.871065 0.162871 113
0.989063 0.388406 108
0.429654 0.214995 83
0.375259 0.332715 70
0 1 15
0 2 32
0 3 58
0 4 47
0 5 70
0 6 1
0 7 44
0 8 22
0 9 26
0 10 79
0 11 44
0 12 91
0 13 61
0 14 96
0 15 46
0 16 50
0 17 71
0 18 60
0 19 52
0 20 59
0 21 43
0 22 61
0 23 80
0 24 41
0 25 72
0 26 37
0 27 27
0 28 53
0 29 70
0 30 55
0 31 22
0 32 40
0 33 62
0 34 69
0 35 26
0 36 30
0 37 14
0 38 52
0 39 31
0 40 88
0 41 28
0 42 19
0 43 33
0 44 55
0 45 14
0 46 85
0 47 78
0 48 61
0 49 49
1 2 43
1 3 73
1 4 61
1 5 75
1 6 14
1 7 58
1 8 24
1 9 37
1 10 94
1 11 55
1 12 100
1 13 76
1 14 104
1 15 60
1 16 64
1 17 80
1 18 75
1 19 65
1 20 70
1 21 55
1 22 75
1 23 84
1 24 54
1 25 79
1 26 52
1 27 36
1 28 67
1 29 84
1 30 47
1 31 32
1 32 54
1 33 61
1 34 81
1 35 36
1 36 31
1 37 21
1 38 66
1 39 39
1 40 98
1 41 41
1 42 33
1 43 38
1 44 57
1 45 1
1 46 93
1 47 83
1 48 74
1 49 62
2 3 42
2 4 47
2 5 41
2 6 32
2 7 33
2 8 52
2 9 6
2 10 61
2 11 12
2 12 59
2 13 45
2 14 65
2 15 32
2 16 35
2 17 39
2 18 43
2 19 24
2 20 27
2 21 14
2 22 51
2 23 53
2 24 48
2 25 42
2 26 28
2 27 9
2 28 35
2 29 47
2 30 58
2 31 11
2 32 35
2 33 47
2 34 38
2 35 47
2 36 60
2 37 44
2 38 35
2 39 12
2 40 56
2 41 39
2 42 16
2 43 59
2 44 37
2 45 43
2 46 53
2 47 52
2 48 33
2 49 23
3 4 25
3 5 71
3 6 59
3 7 15
3 8 67
3 9 44
3 10 21
3 11 39
3 12 69
3 13 3
3 14 79
3 15 13
3 16 9
3 17 58
3 18 2
3 19 24
3 20 40
3 21 31
3 22 14
3 23 82
3 24 35
3 25 68
3 26 21
3 27 49
3 28 7
3 29 15
3 30 99
3 31 49
3 32 22
3 33 87
3 34 36
3 35 51
3 36 72
3 37 61
3 38 7
3 39 54
3 40 67
3 41 40
3 42 42
3 43 66
3 44 77
3 45 73
3 46 70
3 47 82
3 48 25
3 49 21
4 5 85
4 6 48
4 7 16
4 8 48
4 9 45
4 10 42
4 11 50
4 12 90
4 13 26
4 14 100
4 15 20
4 16 21
4 17 75
4 18 26
4 19 41
4 20 58
4 21 42
4 22 17
4 23 96
4 24 10
4 25 83
4 26 19
4 27 51
4 28 26
4 29 40
4 30 98
4 31 48
4 32 11
4 33 93
4 34 58
4 35 30
4 36 51
4 37 44
4 38 25
4 39 57
4 40 88
4 41 21
4 42 37
4 43 43
4 44 84
4 45 60
4 46 89
4 47 96
4 48 46
4 49 36
5 6 69
5 7 70
5 8 91
5 9 46
5 10 83
5 11 35
5 12 33
5 13 73
5 14 31
5 15 66
5 16 68
5 17 18
5 18 72
5 19 47
5 20 32
5 21 43
5 22 84
5 23 11
5 24 88
5 25 8
5 26 66
5 27 43
5 28 64
5 29 67
5 30 60
5 31 48
5 32 74
5 33 31
5 34 42
5 35 88
5 36 99
5 37 83
5 38 65
5 39 38
5 40 31
5 41 81
5 42 57
5 43 100
5 44 24
5 45 76
5 46 23
5 47 11
5 48 48
5 49 51
6 7 45
6 8 22
6 9 26
6 10 80
6 11 45
6 12 91
6 13 62
6 14 96
6 15 47
6 16 50
6 17 71
6 18 61
6 19 52
6 20 59
6 21 43
6 22 62
6 23 79
6 24 43
6 25 72
6 26 38
6 27 26
6 28 54
6 29 70
6 30 53
6 31 22
6 32 41
6 33 61
6 34 70
6 35 27
6 36 30
6 37 15
6 38 53
6 39 31
6 40 88
6 41 29
6 42 20
6 43 34
6 44 55
6 45 13
6 46 85
6 47 78
6 48 61
6 49 49
7 8 52
7 9 33
7 10 36
7 11 35
7 12 74
7 13 18
7 14 84
7 15 5
7 16 7
7 17 59
7 18 17
7 19 25
7 20 42
7 21 26
7 22 18
7 23 81
7 24 23
7 25 68
7 26 7
7 27 39
7 28 12
7 29 29
7 30 89
7 31 38
7 32 8
7 33 81
7 34 43
7 35 37
7 36 57
7 37 46
7 38 11
7 39 45
7 40 72
7 41 25
7 42 29
7 43 51
7 44 71
7 45 58
7 46 73
7 47 81
7 48 31
7 49 21
8 9 46
8 10 87
8 11 63
8 12 111
8 13 69
8 14 117
8 15 55
8 16 58
8 17 91
8 18 68
8 19 67
8 20 78
8 21 60
8 22 64
8 23 101
8 24 39
8 25 94
8 26 46
8 27 48
8 28 63
8 29 80
8 30 71
8 31 43
8 32 45
8 33 83
8 34 86
8 35 17
8 36 8
8 37 8
8 38 62
8 39 53
8 40 108
8 41 27
8 42 37
8 43 13
8 44 77
8 45 23
8 46 105
8 47 100
8 48 76
8 49 63
9 10 64
9 11 18
9 12 65
9 13 47
9 14 71
9 15 32
9 16 36
9 17 45
9 18 45
9 19 29
9 20 33
9 21 18
9 22 52
9 23 57
9 24 45
9 25 48
9 26 27
9 27 6
9 28 37
9 29 51
9 30 56
9 31 5
9 32 34
9 33 49
9 34 44
9 35 41
9 36 54
9 37 38
9 38 36
9 39 12
9 40 62
9 41 35
9 42 10
9 43 54
9 44 40
9 45 37
9 46 59
9 47 57
9 48 38
9 49 27
10 11 55
10 12 72
10 13 18
10 14 83
10 15 34
10 16 30
10 17 66
10 18 19
10 19 39
10 20 51
10 21 48
10 22 25
10 23 92
10 24 52
10 25 78
10 26 42
10 27 69
10 28 27
10 29 16
10 30 118
10 31 69
10 32 42
10 33 103
10 34 42
10 35 71
10 36 91
10 37 82
10 38 28
10 39 73
10 40 70
10 41 60
10 42 62
10 43 84
10 44 93
10 45 93
10 46 75
10 47 93
10 48 35
10 49 38
11 12 47
11 13 42
11 14 54
11 15 32
11 16 34
11 17 28
11 18 40
11 19 17
11 20 15
11 21 9
11 22 51
11 23 46
11 24 54
11 25 34
11 26 31
11 27 20
11 28 32
11 29 40
11 30 65
11 31 23
11 32 39
11 33 49
11 34 27
11 35 56
11 36 71
11 37 55
11 38 32
11 39 21
11 40 45
11 41 48
11 42 27
11 43 70
11 44 38
11 45 56
11 46 43
11 47 46
11 48 23
11 49 18
12 13 70
12 14 12
12 15 70
12 16 70
12 17 20
12 18 69
12 19 49
12 20 34
12 21 52
12 22 83
12 23 34
12 24 97
12 25 25
12 26 74
12 27 65
12 28 64
12 29 59
12 30 92
12 31 69
12 32 81
12 33 63
12 34 33
12 35 103
12 36 118
12 37 103
12 38 66
12 39 62
12 40 3
12 41 93
12 42 74
12 43 117
12 44 56
12 45 101
12 46 10
12 47 36
12 48 44
12 49 54
13 14 81
13 15 16
13 16 12
13 17 60
13 18 2
13 19 27
13 20 42
13 21 34
13 22 13
13 23 84
13 24 36
13 25 70
13 26 24
13 27 53
13 28 10
13 29 14
13 30 102
13 31 52
13 32 24
13 33 90
13 34 37
13 35 53
13 36 74
13 37 64
13 38 11
13 39 58
13 40 68
13 41 42
13 42 45
13 43 68
13 44 80
13 45 75
13 46 71
13 47 84
13 48 27
13 49 24
14 15 79
14 16 80
14 17 26
14 18 80
14 19 58
14 20 42
14 21 60
14 22 94
14 23 28
14 24 106
14 25 25
14 26 83
14 27 69
14 28 75
14 29 70
14 30 90
14 31 74
14 32 90
14 33 60
14 34 43
14 35 110
14 36 124
14 37 109
14 38 76
14 39 66
14 40 13
14 41 101
14 42 80
14 43 124
14 44 55
14 45 105
14 46 11
14 47 30
14 48 54
14 49 63
15 16 4
15 17 55
15 18 14
15 19 21
15 20 37
15 21 23
15 22 20
15 23 77
15 24 28
15 25 64
15 26 9
15 27 38
15 28 8
15 29 25
15 30 88
15 31 37
15 32 12
15 33 79
15 34 38
15 35 41
15 36 61
15 37 49
15 38 6
15 39 44
15 40 67
15 41 29
15 42 29
15 43 55
15 44 68
15 45 60
15 46 68
15 47 77
15 48 26
15 49 16
16 17 56
16 18 10
16 19 22
16 20 38
16 21 25
16 22 17
16 23 79
16 24 29
16 25 65
16 26 12
16 27 42
16 28 6
16 29 22
16 30 92
16 31 41
16 32 14
16 33 81
16 34 37
16 35 43
16 36 64
16 37 52
16 38 4
16 39 47
16 40 67
16 41 32
16 42 33
16 43 58
16 44 71
16 45 64
16 46 69
16 47 79
16 48 26
16 49 17
17 18 58
17 19 34
17 20 18
17 21 35
17 22 71
17 23 26
17 24 81
17 25 12
17 26 58
17 27 44
17 28 52
17 29 51
17 30 74
17 31 49
17 32 65
17 33 48
17 34 25
17 35 84
17 36 99
17 37 83
17 38 53
17 39 41
17 40 18
17 41 76
17 42 55
17 43 98
17 44 39
17 45 80
17 46 14
17 47 27
17 48 33
17 49 39
18 19 25
18 20 41
18 21 32
18 22 14
18 23 83
18 24 36
18 25 69
18 26 23
18 27 51
18 28 9
18 29 14
18 30 101
18 31 50
18 32 23
18 33 89
18 34 37
18 35 53
18 36 73
18 37 62
18 38 9
18 39 56
18 40 67
18 41 41
18 42 43
18 43 67
18 44 78
18 45 74
18 46 70
18 47 83
18 48 26
18 49 22
19 20 17
19 21 11
19 22 37
19 23 58
19 24 48
19 25 44
19 26 25
19 27 33
19 28 18
19 29 24
19 30 81
19 31 34
19 32 32
19 33 65
19 34 19
19 35 56
19 36 74
19 37 60
19 38 19
19 39 36
19 40 47
19 41 46
19 42 33
19 43 71
19 44 54
19 45 65
19 46 48
19 47 58
19 48 9
19 49 5
20 21 18
20 22 54
20 23 42
20 24 63
20 25 28
20 26 40
20 27 35
20 28 34
20 29 35
20 30 75
20 31 38
20 32 48
20 33 54
20 34 14
20 35 69
20 36 85
20 37 70
20 38 35
20 39 34
20 40 32
20 41 59
20 42 41
20 43 83
20 44 44
20 45 70
20 46 31
20 47 42
20 48 16
20 49 21
21 22 42
21 23 54
21 24 46
21 25 42
21 26 23
21 27 22
21 28 23
21 29 34
21 30 71
21 31 24
21 32 31
21 33 57
21 34 27
21 35 50
21 36 67
21 37 52
21 38 24
21 39 25
21 40 50
21 41 41
21 42 24
21 43 65
21 44 46
21 45 55
21 46 49
21 47 54
21 48 19
21 49 10
22 23 95
22 24 27
22 25 81
22 26 25
22 27 58
22 28 20
22 29 27
22 30 107
22 31 56
22 32 21
22 33 98
22 34 50
22 35 47
22 36 68
22 37 60
22 38 19
22 39 63
22 40 81
22 41 37
22 42 47
22 43 60
22 44 88
22 45 74
22 46 84
22 47 95
22 48 39
22 49 33
23 24 100
23 25 14
23 26 77
23 27 54
23 28 75
23 29 77
23 30 63
23 31 59
23 32 85
23 33 33
23 34 51
23 35 99
23 36 109
23 37 93
23 38 76
23 39 48
23 40 33
23 41 92
23 42 68
23 43 111
23 44 29
23 45 85
23 46 24
23 47 2
23 48 58
23 49 62
24 25 88
24 26 23
24 27 50
24 28 35
24 29 50
24 30 94
24 31 47
24 32 16
24 33 94
24 34 66
24 35 21
24 36 41
24 37 36
24 38 33
24 39 57
24 40 94
24 41 14
24 42 36
24 43 33
24 44 85
24 45 53
24 46 95
24 47 99
24 48 54
24 49 43
25 26 65
25 27 46
25 28 61
25 29 62
25 30 67
25 31 50
25 32 73
25 33 38
25 34 36
25 35 89
25 36 101
25 37 85
25 38 63
25 39 41
25 40 23
25 41 81
25 42 58
25 43 102
25 44 31
25 45 80
25 46 15
25 47 15
25 48 44
25 49 48
26 27 33
26 28 17
26 29 34
26 30 82
26 31 31
26 32 8
26 33 75
26 34 44
26 35 33
26 36 52
26 37 40
26 38 15
26 39 39
26 40 72
26 41 21
26 42 22
26 43 47
26 44 65
26 45 51
26 46 72
26 47 77
26 48 32
26 49 20
27 28 42
27 29 55
27 30 50
27 31 4
27 32 40
27 33 43
27 34 47
27 35 45
27 36 55
27 37 40
27 38 42
27 39 7
27 40 62
27 41 40
27 42 15
27 43 57
27 44 34
27 45 36
27 46 58
27 47 53
27 48 41
27 49 32
28 29 17
28 30 92
28 31 42
28 32 20
28 33 80
28 34 32
28 35 49
28 36 69
28 37 57
28 38 2
28 39 47
28 40 62
28 41 37
28 42 35
28 43 63
28 44 70
28 45 67
28 46 64
28 47 75
28 48 20
28 49 14
29 30 104
29 31 56
29 32 36
29 33 88
29 34 27
29 35 66
29 36 86
29 37 74
29 38 19
29 39 59
29 40 57
29 41 54
29 42 51
29 43 80
29 44 78
29 45 83
29 46 61
29 47 77
29 48 19
29 49 24
30 31 51
30 32 88
30 33 31
30 34 89
30 35 81
30 36 78
30 37 67
30 38 92
30 39 45
30 40 90
30 41 81
30 42 61
30 43 85
30 44 36
30 45 48
30 46 82
30 47 61
30 48 88
30 49 81
31 32 37
31 33 47
31 34 49
31 35 41
31 36 51
31 37 35
31 38 41
31 39 11
31 40 66
31 41 36
31 42 11
31 43 52
31 44 38
31 45 33
31 46 62
31 47 58
31 48 43
31 49 33
32 33 82
32 34 50
32 35 29
32 36 50
32 37 40
32 38 18
32 39 46
32 40 79
32 41 18
32 42 27
32 43 44
32 44 73
32 45 53
32 46 79
32 47 85
32 48 38
32 49 27
33 34 67
33 35 86
33 36 90
33 37 76
33 38 80
33 39 36
33 40 62
33 41 82
33 42 58
33 43 94
33 44 10
33 45 62
33 46 53
33 47 31
33 48 70
33 49 67
34 35 75
34 36 93
34 37 78
34 38 34
34 39 47
34 40 31
34 41 65
34 42 50
34 43 90
34 44 57
34 45 81
34 46 34
34 47 52
34 48 12
34 49 24
35 36 21
35 37 16
35 38 47
35 39 52
35 40 100
35 41 11
35 42 31
35 43 15
35 44 78
35 45 35
35 46 99
35 47 98
35 48 64
35 49 52
36 37 16
36 38 67
36 39 61
36 40 116
36 41 32
36 42 44
36 43 10
36 44 85
36 45 29
36 46 113
36 47 108
36 48 83
36 49 70
37 38 55
37 39 45
37 40 100
37 41 23
37 42 29
37 43 19
37 44 70
37 45 19
37 46 97
37 47 92
37 48 69
37 49 56
38 39 47
38 40 64
38 41 36
38 42 35
38 43 62
38 44 70
38 45 66
38 46 66
38 47 76
38 48 22
38 49 15
39 40 59
39 41 47
39 42 22
39 43 62
39 44 27
39 45 39
39 46 54
39 47 47
39 48 43
39 49 35
40 41 91
40 42 71
40 43 114
40 44 54
40 45 98
40 46 9
40 47 34
40 48 42
40 49 52
41 42 25
41 43 26
41 44 74
41 45 40
41 46 90
41 47 91
41 48 53
41 49 41
42 43 44
42 44 49
42 45 32
42 46 69
42 47 67
42 48 42
42 49 30
43 44 88
43 45 36
43 46 112
43 47 110
43 48 79
43 49 66
44 45 58
44 46 47
44 47 28
44 48 59
44 49 56
45 46 93
45 47 84
45 48 74
45 49 62
46 47 25
46 48 44
46 49 52
47 48 59
47 49 62
48 49 13
0 1 15
0 3 58
0 8 22
0 9 26
0 10 79
0 12 91
0 13 61
0 14 96
0 16 50
0 17 71
0 18 60
0 19 52
0 20 59
0 22 61
0 23 80
0 24 41
0 28 53
0 29 70
0 30 55
0 31 22
0 33 62
0 36 30
0 40 88
0 41 28
0 42 19
0 45 14
0 46 85
0 47 78
1 2 43
1 3 73
1 8 24
1 9 37
1 11 55
1 12 100
1 13 76
1 14 104
1 15 60
1 16 64
1 17 80
1 18 75
1 19 65
1 22 75
1 25 79
1 26 52
1 29 84
1 30 47
1 31 32
1 32 54
1 34 81
1 38 66
1 40 98
1 43 38
1 44 57
1 45 1
1 47 83
2 4 47
2 5 41
2 6 32
2 7 33
2 8 52
2 14 65
2 15 32
2 17 39
2 19 24
2 23 53
2 26 28
2 27 9
2 28 35
2 29 47
2 30 58
2 31 11
2 33 47
2 34 38
2 35 47
2 37 44
2 41 39
2 42 16
2 45 43
2 46 53
2 47 52
3 8 67
3 9 44
3 12 69
3 16 9
3 17 58
3 19 24
3 27 49
3 28 7
3 30 99
3 31 49
3 34 36
3 35 51
3 38 7
3 43 66
3 45 73
3 46 70
3 48 25
4 5 85
4 8 48
4 9 45
4 10 42
4 13 26
4 14 100
4 16 21
4 18 26
4 19 41
4 20 58
4 21 42
4 27 51
4 30 98
4 32 11
4 33 93
4 34 58
4 36 51
4 37 44
4 39 57
4 40 88
4 43 43
4 46 89
5 9 46
5 10 83
5 13 73
5 15 66
5 17 18
5 18 72
5 19 47
5 20 32
5 23 11
5 24 88
5 25 8
5 26 66
5 27 43
5 28 64
5 31 48
5 32 74
5 33 31
5 34 42
5 37 83
5 39 38
5 40 31
5 41 81
5 42 57
5 43 100
5 44 24
5 46 23
5 48 48
5 49 51
6 7 45
6 8 22
6 12 91
6 14 96
6 15 47
6 17 71
6 18 61
6 20 59
6 22 62
6 23 79
6 24 43
6 26 38
6 28 54
6 29 70
6 31 22
6 32 41
6 33 61
6 34 70
6 35 27
6 39 31
6 41 29
6 48 61
7 8 52
7 10 36
7 11 35
7 12 74
7 13 18
7 15 5
7 18 17
7 19 25
7 20 42
7 21 26
7 25 68
7 34 43
7 35 37
7 36 57
7 37 46
7 39 45
7 41 25
7 42 29
7 44 71
7 45 58
7 47 81
8 9 46
8 11 63
8 12 111
8 13 69
8 17 91
8 20 78
8 21 60
8 25 94
8 27 48
8 28 63
8 29 80
8 31 43
8 32 45
8 33 83
8 34 86
8 35 17
8 38 62
8 39 53
8 40 108
8 43 13
8 46 105
8 49 63
9 11 18
9 12 65
9 15 32
9 16 36
9 19 29
9 26 27
9 27 6
9 32 34
9 34 44
9 35 41
9 36 54
9 37 38
9 39 12
9 43 54
9 48 38
10 11 55
10 12 72
10 14 83
10 15 34
10 19 39
10 20 51
10 22 25
10 23 92
10 24 52
10 25 78
10 27 69
10 28 27
10 32 42
10 34 42
10 35 71
10 36 91
10 38 28
10 40 70
10 44 93
10 47 93
11 12 47
11 14 54
11 16 34
11 17 28
11 20 15
11 21 9
11 22 51
11 24 54
11 26 31
11 29 40
11 30 65
11 31 23
11 32 39
11 34 27
11 36 71
11 37 55
11 39 21
11 40 45
11 42 27
11 43 70
11 48 23
11 49 18
12 14 12
12 15 70
12 16 70
12 17 20
12 18 69
12 22 83
12 25 25
12 27 65
12 29 59
12 31 69
12 34 33
12 35 103
12 37 103
12 38 66
12 44 56
12 45 101
13 17 60
13 18 2
13 26 24
13 30 102
13 33 90
13 34 37
13 35 53
13 37 64
13 39 58
13 40 68
13 41 42
13 43 68
13 45 75
13 48 27
14 17 26
14 19 58
14 22 94
14 23 28
14 24 106
14 25 25
14 31 74
14 34 43
14 38 76
14 42 80
14 45 105
14 49 63
15 16 4
15 20 37
15 23 77
15 24 28
15 28 8
15 30 88
15 31 37
15 34 38
15 36 61
15 37 49
15 41 29
15 42 29
15 45 60
15 48 26
15 49 16
16 18 10
16 19 22
16 20 38
16 22 17
16 24 29
16 27 42
16 28 6
16 29 22
16 32 14
16 33 81
16 35 43
16 37 52
16 39 47
16 40 67
16 41 32
16 43 58
16 45 64
17 18 58
17 19 34
17 20 18
17 22 71
17 24 81
17 26 58
17 31 49
17 33 48
17 34 25
17 36 99
17 39 41
17 41 76
17 42 55
17 43 98
17 44 39
17 46 14
17 48 33
18 19 25
18 20 41
18 21 32
18 22 14
18 23 83
18 24 36
18 26 23
18 27 51
18 28 9
18 30 101
18 32 23
18 34 37
18 37 62
18 38 9
18 40 67
18 41 41
18 43 67
18 44 78
18 46 70
18 47 83
18 49 22
19 20 17
19 22 37
19 25 44
19 26 25
19 28 18
19 29 24
19 30 81
19 33 65
19 36 74
19 38 19
19 39 36
19 40 47
19 43 71
19 45 65
19 47 58
19 48 9
19 49 5
20 26 40
20 27 35
20 28 34
20 29 35
20 30 75
20 32 48
20 36 85
20 39 34
20 40 32
20 41 59
20 43 83
21 22 42
21 23 54
21 25 42
21 27 22
21 28 23
21 29 34
21 32 31
21 33 57
21 36 67
21 38 24
21 39 25
21 40 50
21 41 41
21 45 55
21 48 19
22 24 27
22 25 81
22 26 25
22 29 27
22 30 107
22 32 21
22 34 50
22 35 47
22 36 68
22 37 60
22 41 37
22 44 88
22 46 84
22 47 95
22 49 33
23 27 54
23 28 75
23 32 85
23 34 51
23 35 99
23 36 109
23 37 93
23 38 76
23 39 48
23 41 92
23 43 111
23 44 29
23 47 2
23 48 58
24 25 88
24 26 23
24 28 35
24 30 94
24 31 47
24 32 16
24 37 36
24 38 33
24 39 57
24 43 33
24 45 53
25 26 65
25 27 46
25 28 61
25 31 50
25 33 38
25 39 41
25 40 23
25 42 58
25 43 102
25 44 31
25 48 44
25 49 48
26 28 17
26 31 31
26 33 75
26 34 44
26 35 33
26 41 21
26 45 51
26 46 72
26 49 20
27 28 42
27 33 43
27 34 47
27 35 45
27 39 7
27 40 62
27 41 40
27 42 15
27 43 57
27 48 41
28 29 17
28 30 92
28 32 20
28 33 80
28 35 49
28 36 69
28 38 2
28 41 37
28 42 35
28 44 70
28 45 67
28 46 64
28 49 14
29 30 104
29 32 36
29 33 88
29 35 66
29 36 86
29 37 74
29 38 19
29 39 59
29 40 57
29 42 51
29 43 80
29 44 78
29 47 77
30 32 88
30 35 81
30 37 67
30 38 92
30 39 45
30 43 85
30 45 48
30 46 82
30 48 88
31 33 47
31 38 41
31 41 36
31 42 11
31 43 52
31 44 38
31 45 33
31 46 62
31 47 58
31 49 33
32 35 29
32 37 40
32 38 18
32 39 46
32 42 27
32 43 44
32 47 85
32 48 38
33 34 67
33 35 86
33 37 76
33 38 80
33 42 58
33 46 53
33 47 31
33 49 67
34 35 75
34 36 93
34 37 78
34 38 34
34 46 34
34 49 24
35 36 21
35 38 47
35 40 100
35 43 15
35 44 78
35 45 35
35 49 52
36 37 16
36 38 67
36 42 44
36 43 10
36 45 29
36 48 83
37 38 55
37 39 45
37 40 100
37 43 19
37 44 70
37 45 19
37 47 92
37 48 69
38 41 36
38 42 35
38 43 62
38 45 66
38 48 22
38 49 15
39 45 39
39 46 54
39 47 47
40 41 91
40 48 42
40 49 52
41 43 26
41 44 74
41 45 40
41 46 90
41 47 91
41 49 41
42 45 32
42 46 69
42 48 42
43 45 36
43 46 112
43 47 110
43 48 79
44 45 58
44 46 47
45 49 62
46 47 25
48 49 13
