20 0.5 10 1 1 190 95 4
0.933776 0.605885 21
0.839068 0.682207 14
0.906336 0.280336 53
0.530777 0.117004 78
0.771627 0.571338 27
0.69039 0.398803 46
0.341543 0.505743 63
0.598712 0.330569 56
0.269763 0.533029 68
0.388745 0.0403627 92
0.896966 0.808143 0
0.941075 0.489404 32
0.692017 0.609078 29
0.701894 0.954069 24
0.13298 0.283015 93
0.619285 0.705509 30
0.850529 0.805096 5
0.658107 0.158969 69
0.540128 0.924811 38
0.112003 0.521572 84
0 1 12
0 2 33
0 3 63
0 4 17
0 5 32
0 6 60
0 7 43
0 8 67
0 9 79
0 10 21
0 11 12
0 12 24
0 13 42
0 14 86
0 15 33
0 16 22
0 17 53
0 18 51
0 19 83
1 2 41
1 3 64
1 4 13
1 5 32
1 6 53
1 7 43
1 8 59
1 9 78
1 10 14
1 11 22
1 12 16
1 13 30
1 14 81
1 15 22
1 16 12
1 17 55
1 18 38
1 19 74
2 3 41
2 4 32
2 5 25
2 6 61
2 7 31
2 8 68
2 9 57
2 10 53
2 11 21
2 12 39
2 13 70
2 14 77
2 15 51
2 16 53
2 17 28
2 18 74
2 19 83
3 4 51
3 5 32
3 6 43
3 7 22
3 8 49
3 9 16
3 10 78
3 11 55
3 12 52
3 13 85
3 14 43
3 15 60
3 16 76
3 17 13
3 18 81
3 19 58
4 5 19
4 6 44
4 7 30
4 8 50
4 9 65
4 10 27
4 11 19
4 12 9
4 13 39
4 14 70
4 15 20
4 16 25
4 17 43
4 18 42
4 19 66
5 6 36
5 7 11
5 8 44
5 9 47
5 10 46
5 11 27
5 12 21
5 13 56
5 14 57
5 15 31
5 16 44
5 17 24
5 18 55
5 19 59
6 7 31
6 8 8
6 9 47
6 10 63
6 11 60
6 12 37
6 13 58
6 14 31
6 15 34
6 16 59
6 17 47
6 18 46
6 19 23
7 8 39
7 9 36
7 10 56
7 11 38
7 12 29
7 13 63
7 14 47
7 15 38
7 16 54
7 17 18
7 18 60
7 19 52
8 9 51
8 10 68
8 11 67
8 12 43
8 13 60
8 14 28
8 15 39
8 16 64
8 17 54
8 18 48
8 19 16
9 10 92
9 11 71
9 12 64
9 13 97
9 14 35
9 15 70
9 16 89
9 17 29
9 18 90
9 19 56
10 11 32
10 12 29
10 13 24
10 14 93
10 15 30
10 16 5
10 17 69
10 18 38
10 19 84
11 12 28
11 13 52
11 14 83
11 15 39
11 16 33
11 17 44
11 18 59
11 19 83
12 13 35
12 14 65
12 15 12
12 16 25
12 17 45
12 18 35
12 19 59
13 14 88
13 15 26
13 16 21
13 17 80
13 18 16
13 19 73
14 15 64
14 16 89
14 17 54
14 18 76
14 19 24
15 16 25
15 17 55
15 18 23
15 19 54
16 17 67
16 18 33
16 19 79
17 18 77
17 19 66
18 19 59
0 2 33
0 5 32
0 6 60
0 7 43
0 8 67
0 9 79
0 10 21
0 11 12
0 12 24
0 14 86
0 15 33
0 16 22
0 17 53
0 18 51
1 5 32
1 8 59
1 11 22
1 13 30
1 18 38
1 19 74
2 3 41
2 5 25
2 6 61
2 8 68
2 10 53
2 13 70
2 14 77
2 15 51
2 16 53
2 17 28
3 4 51
3 6 43
3 10 78
3 13 85
3 14 43
3 15 60
3 17 13
3 19 58
4 5 19
4 7 30
4 11 19
4 13 39
4 14 70
4 16 25
4 17 43
4 18 42
4 19 66
5 11 27
5 14 57
5 15 31
5 17 24
5 19 59
6 7 31
6 8 8
6 11 60
6 12 37
6 13 58
6 15 34
6 17 47
6 18 46
7 14 47
7 16 54
7 17 18
7 18 60
8 14 28
8 15 39
8 16 64
8 18 48
9 11 71
9 12 64
9 13 97
9 15 70
9 18 90
10 12 29
10 14 93
10 16 5
10 18 38
10 19 84
11 12 28
11 15 39
12 13 35
12 16 25
12 17 45
12 18 35
13 14 88
13 15 26
13 16 21
13 19 73
14 15 64
14 16 89
14 19 24
15 16 25
15 18 23
16 17 67
17 19 66
