50 0.5 10 0 1 1225 613 40
0.558042 0.702437 19
0.314488 0.751731 30
0.523228 0.341842 18
0.224262 0.891889 47
0.480616 0.0598854 46
0.251613 0.620183 27
0.335136 0.674788 23
0.944892 0.686555 47
0.735346 0.260351 35
0.299056 0.22331 36
0.935719 0.197169 54
0.386065 0.569236 13
0.571723 0.404362 13
0.562979 0.048399 47
0.396334 0.386849 17
0.38915 0.390107 17
0.128163 0.696523 42
0.649424 0.31025 25
0.852227 0.954866 56
0.963644 0.794728 54
0.714778 0.991272 52
0.866787 0.967501 58
0.533909 0.374879 15
0.630592 0.814531 32
0.298504 0.441445 22
0.559297 0.255315 27
0.681343 0.850786 38
0.503839 0.1182 40
0.300086 0.731348 29
0.185473 0.0505724 57
0.485016 0.968525 45
0.425329 0.0681341 46
0.320438 0.344791 25
0.20063 0.961019 54
0.78778 0.977477 54
0.868289 0.866914 50
0.73976 0.471881 24
0.401024 0.739254 24
0.707232 0.134778 43
0.0962941 0.723385 46
0.975547 0.0953902 63
0.554693 0.368032 16
0.0980306 0.588272 41
0.46364 0.398776 13
0.543494 0.995181 48
0.0120319 0.485592 49
0.834508 0.188282 47
0.846268 0.328219 39
0.503203 0.518693 0
0.62014 0.869574 37
0 1 25
0 2 36
0 3 38
0 4 65
0 5 32
0 6 22
0 7 39
0 8 48
0 9 54
0 10 63
0 11 22
0 12 30
0 13 65
0 14 35
0 15 36
0 16 43
0 17 40
0 18 39
0 19 42
0 20 33
0 21 41
0 22 33
0 23 13
0 24 37
0 25 45
0 26 19
0 27 59
0 28 26
0 29 75
0 30 28
0 31 65
0 32 43
0 33 44
0 34 36
0 35 35
0 36 29
0 37 16
0 38 59
0 39 46
0 40 74
0 41 33
0 42 47
0 43 32
0 44 29
0 45 59
0 46 58
0 47 47
0 48 19
0 49 18
1 2 46
1 3 17
1 4 71
1 5 15
1 6 8
1 7 63
1 8 65
1 9 53
1 10 83
1 11 20
1 12 43
1 13 75
1 14 37
1 15 37
1 16 19
1 17 55
1 18 57
1 19 65
1 20 47
1 21 59
1 22 44
1 23 32
1 24 31
1 25 55
1 26 38
1 27 66
1 28 2
1 29 71
1 30 28
1 31 69
1 32 41
1 33 24
1 34 52
1 35 57
1 36 51
1 37 9
1 38 73
1 39 22
1 40 93
1 41 45
1 42 27
1 43 38
1 44 33
1 45 40
1 46 77
1 47 68
1 48 30
1 49 33
2 3 63
2 4 29
2 5 39
2 6 38
2 7 54
2 8 23
2 9 25
2 10 44
2 11 27
2 12 8
2 13 30
2 14 13
2 15 14
2 16 53
2 17 13
2 18 70
2 19 63
2 20 68
2 21 71
2 22 3
2 23 48
2 24 25
2 25 9
2 26 53
2 27 22
2 28 45
2 29 45
2 30 63
2 31 29
2 32 20
2 33 70
2 34 69
2 35 63
2 36 25
2 37 42
2 38 28
2 39 57
2 40 52
2 41 4
2 42 49
2 43 8
2 44 65
2 45 53
2 46 35
2 47 32
2 48 18
2 49 54
3 4 87
3 5 27
3 6 24
3 7 75
3 8 81
3 9 67
3 10 99
3 11 36
3 12 60
3 13 91
3 14 53
3 15 53
3 16 22
3 17 72
3 18 63
3 19 75
3 20 50
3 21 65
3 22 60
3 23 41
3 24 46
3 25 72
3 26 46
3 27 82
3 28 18
3 29 84
3 30 27
3 31 85
3 32 56
3 33 7
3 34 57
3 35 64
3 36 66
3 37 23
3 38 90
3 39 21
3 40 109
3 41 62
3 42 33
3 43 55
3 44 34
3 45 46
3 46 93
3 47 84
3 48 47
3 49 40
4 5 61
4 6 63
4 7 78
4 8 32
4 9 24
4 10 48
4 11 52
4 12 36
4 13 8
4 14 34
4 15 34
4 16 73
4 17 30
4 18 97
4 19 88
4 20 96
4 21 99
4 22 32
4 23 77
4 24 42
4 25 21
4 26 82
4 27 6
4 28 70
4 29 30
4 30 91
4 31 6
4 32 33
4 33 94
4 34 97
4 35 90
4 36 49
4 37 68
4 38 24
4 39 77
4 40 50
4 41 32
4 42 65
4 43 34
4 44 94
4 45 63
4 46 38
4 47 45
4 48 46
4 49 82
5 6 10
5 7 70
5 8 60
5 9 40
5 10 80
5 11 14
5 12 39
5 13 65
5 14 27
5 15 27
5 16 15
5 17 50
5 18 69
5 19 73
5 20 59
5 21 71
5 22 37
5 23 43
5 24 18
5 25 48
5 26 49
5 27 56
5 28 12
5 29 57
5 30 42
5 31 58
5 32 28
5 33 34
5 34 64
5 35 66
5 36 51
5 37 19
5 38 67
5 39 19
5 40 89
5 41 39
5 42 16
5 43 31
5 44 48
5 45 27
5 46 73
5 47 66
5 48 27
5 49 44
6 7 61
6 8 58
6 9 45
6 10 77
6 11 12
6 12 36
6 13 67
6 14 29
6 15 29
6 16 21
6 17 48
6 18 59
6 19 64
6 20 49
6 21 61
6 22 36
6 23 33
6 24 24
6 25 48
6 26 39
6 27 58
6 28 7
6 29 64
6 30 33
6 31 61
6 32 33
6 33 32
6 34 54
6 35 57
6 36 45
6 37 9
6 38 66
6 39 24
6 40 86
6 41 38
6 42 25
6 43 30
6 44 38
6 45 37
6 46 70
6 47 62
6 48 23
6 49 35
7 8 47
7 9 79
7 10 49
7 11 57
7 12 47
7 13 74
7 14 63
7 15 63
7 16 82
7 17 48
7 18 28
7 19 11
7 20 38
7 21 29
7 22 52
7 23 34
7 24 69
7 25 58
7 26 31
7 27 72
7 28 65
7 29 99
7 30 54
7 31 81
7 32 71
7 33 79
7 34 33
7 35 20
7 36 30
7 37 55
7 38 60
7 39 85
7 40 59
7 41 50
7 42 85
7 43 56
7 44 51
7 45 95
7 46 51
7 47 37
7 48 47
7 49 37
8 9 44
8 10 21
8 11 47
8 12 22
8 13 27
8 14 36
8 15 37
8 16 75
8 17 10
8 18 70
8 19 58
8 20 73
8 21 72
8 22 23
8 23 56
8 24 47
8 25 18
8 26 59
8 27 27
8 28 64
8 29 59
8 30 75
8 31 36
8 32 42
8 33 88
8 34 72
8 35 62
8 36 21
8 37 58
8 38 13
8 39 79
8 40 29
8 41 21
8 42 72
8 43 30
8 44 76
8 45 76
8 46 12
8 47 13
8 48 35
8 49 62
9 10 64
9 11 36
9 12 33
9 13 32
9 14 19
9 15 19
9 16 50
9 17 36
9 18 92
9 19 88
9 20 87
9 21 94
9 22 28
9 23 68
9 24 22
9 25 26
9 26 73
9 27 23
9 28 51
9 29 21
9 30 77
9 31 20
9 32 12
9 33 74
9 34 90
9 35 86
9 36 51
9 37 53
9 38 42
9 39 54
9 40 69
9 41 29
9 42 42
9 43 24
9 44 81
9 45 39
9 46 54
9 47 56
9 48 36
9 49 72
10 11 66
10 12 42
10 13 40
10 14 57
10 15 58
10 16 95
10 17 31
10 18 76
10 19 60
10 20 82
10 21 77
10 22 44
10 23 69
10 24 68
10 25 38
10 26 70
10 27 44
10 28 83
10 29 76
10 30 89
10 31 53
10 32 63
10 33 106
10 34 79
10 35 67
10 36 34
10 37 76
10 38 24
10 39 99
10 40 11
10 41 42
10 42 92
10 43 51
10 44 89
10 45 97
10 46 10
10 47 16
10 48 54
10 49 74
11 12 25
11 13 55
11 14 18
11 15 18
11 16 29
11 17 37
11 18 60
11 19 62
11 20 53
11 21 62
11 22 24
11 23 35
11 24 15
11 25 36
11 26 41
11 27 47
11 28 18
11 29 56
11 30 41
11 31 50
11 32 23
11 33 43
11 34 57
11 35 57
11 36 37
11 37 17
11 38 54
11 39 33
11 40 76
11 41 26
11 42 29
11 43 19
11 44 45
11 45 38
11 46 59
11 47 52
11 48 13
11 49 38
12 13 36
12 14 18
12 15 18
12 16 53
12 17 12
12 18 62
12 19 55
12 20 60
12 21 64
12 22 5
12 23 41
12 24 28
12 25 15
12 26 46
12 27 29
12 28 43
12 29 52
12 30 57
12 31 37
12 32 26
12 33 67
12 34 61
12 35 55
12 36 18
12 37 38
12 38 30
12 39 57
12 40 51
12 41 4
12 42 51
12 43 11
12 44 59
12 45 57
12 46 34
12 47 28
12 48 13
12 49 47
13 14 38
13 15 38
13 16 78
13 17 28
13 18 95
13 19 85
13 20 96
13 21 97
13 22 33
13 23 77
13 24 47
13 25 21
13 26 81
13 27 9
13 28 73
13 29 38
13 30 92
13 31 14
13 32 38
13 33 98
13 34 96
13 35 87
13 36 46
13 37 71
13 38 17
13 39 82
13 40 42
13 41 32
13 42 71
13 43 36
13 44 95
13 45 70
13 46 31
13 47 40
13 48 47
13 49 82
14 15 1
14 16 41
14 17 26
14 18 73
14 19 70
14 20 68
14 21 75
14 22 14
14 23 49
14 24 11
14 25 21
14 26 54
14 27 29
14 28 36
14 29 40
14 30 59
14 31 32
14 32 9
14 33 61
14 34 71
14 35 67
14 36 35
14 37 35
14 38 40
14 39 45
14 40 65
14 41 16
14 42 36
14 43 7
14 44 63
14 45 40
14 46 48
14 47 45
14 48 17
14 49 53
15 16 40
15 17 27
15 18 73
15 19 70
15 20 68
15 21 75
15 22 15
15 23 49
15 24 10
15 25 22
15 26 55
15 27 30
15 28 35
15 29 40
15 30 59
15 31 32
15 32 8
15 33 60
15 34 71
15 35 68
15 36 36
15 37 35
15 38 41
15 39 44
15 40 66
15 41 17
15 42 35
15 43 7
15 44 62
15 45 39
15 46 49
15 47 46
15 48 17
15 49 53
16 17 65
16 18 77
16 19 84
16 20 66
16 21 79
16 22 52
16 23 52
16 24 31
16 25 62
16 26 57
16 27 69
16 28 18
16 29 65
16 30 45
16 31 70
16 32 40
16 33 27
16 34 72
16 35 76
16 36 65
16 37 28
16 38 81
16 39 4
16 40 104
16 41 54
16 42 11
16 43 45
16 44 51
16 45 24
16 46 87
16 47 81
16 48 42
16 49 52
17 18 68
17 19 58
17 20 68
17 21 69
17 22 13
17 23 50
17 24 37
17 25 11
17 26 54
17 27 24
17 28 55
17 29 53
17 30 68
17 31 33
17 32 33
17 33 79
17 34 68
17 35 60
17 36 19
17 37 50
17 38 18
17 39 69
17 40 39
17 41 11
17 42 62
17 43 21
17 44 69
17 45 66
17 46 22
17 47 20
17 48 25
17 49 56
18 19 20
18 20 14
18 21 2
18 22 66
18 23 26
18 24 76
18 25 76
18 26 20
18 27 91
18 28 60
18 29 112
18 30 37
18 31 98
18 32 81
18 33 65
18 34 7
18 35 9
18 36 50
18 37 50
18 38 83
18 39 79
18 40 87
18 41 66
18 42 84
18 43 68
18 44 31
18 45 96
18 46 77
18 47 63
18 48 56
18 49 25
19 20 32
19 21 20
19 22 60
19 23 33
19 24 75
19 25 67
19 26 29
19 27 82
19 28 67
19 29 108
19 30 51
19 31 90
19 32 78
19 33 78
19 34 25
19 35 12
19 36 39
19 37 57
19 38 71
19 39 87
19 40 70
19 41 59
19 42 89
19 43 64
19 44 47
19 45 100
19 46 62
19 47 48
19 48 54
19 49 35
20 21 15
20 22 64
20 23 20
20 24 69
20 25 75
20 26 14
20 27 90
20 28 49
20 29 108
20 30 23
20 31 97
20 32 76
20 33 52
20 34 7
20 35 20
20 36 52
20 37 40
20 38 86
20 39 67
20 40 93
20 41 64
20 42 74
20 43 64
20 44 17
20 45 87
20 46 81
20 47 68
20 48 52
20 49 15
21 22 68
21 23 28
21 24 77
21 25 78
21 26 22
21 27 92
21 28 61
21 29 114
21 30 38
21 31 100
21 32 83
21 33 67
21 34 8
21 35 10
21 36 51
21 37 52
21 38 85
21 39 81
21 40 88
21 41 68
21 42 86
21 43 70
21 44 32
21 45 98
21 46 78
21 47 64
21 48 58
21 49 27
22 23 45
22 24 24
22 25 12
22 26 50
22 27 26
22 28 43
22 29 48
22 30 60
22 31 33
22 32 22
22 33 67
22 34 65
22 35 59
22 36 23
22 37 39
22 38 30
22 39 56
22 40 52
22 41 2
22 42 49
22 43 7
22 44 62
22 45 53
22 46 35
22 47 32
22 48 15
22 49 50
23 24 50
23 25 56
23 26 6
23 27 71
23 28 34
23 29 88
23 30 21
23 31 77
23 32 56
23 33 45
23 34 23
23 35 24
23 36 36
23 37 24
23 38 68
23 39 54
23 40 80
23 41 45
23 42 58
23 43 45
23 44 20
23 45 70
23 46 66
23 47 53
23 48 32
23 49 6
24 25 32
24 26 56
24 27 38
24 28 29
24 29 41
24 30 56
24 31 39
24 32 10
24 33 53
24 34 73
24 35 71
24 36 44
24 37 31
24 38 51
24 39 35
24 40 76
24 41 27
24 42 25
24 43 17
24 44 61
24 45 29
24 46 59
24 47 56
24 48 22
24 49 54
25 26 61
25 27 15
25 28 54
25 29 43
25 30 72
25 31 23
25 32 26
25 33 79
25 34 76
25 35 69
25 36 28
25 37 51
25 38 19
25 39 66
25 40 45
25 41 11
25 42 57
25 43 17
25 44 74
25 45 59
25 46 28
25 47 30
25 48 27
25 49 62
26 27 75
26 28 40
26 29 94
26 30 23
26 31 82
26 32 62
26 33 49
26 34 17
26 35 19
26 36 38
26 37 30
26 38 72
26 39 60
26 40 81
26 41 50
26 42 64
26 43 50
26 44 20
26 45 76
26 46 68
26 47 55
26 48 38
26 49 6
27 28 65
27 29 33
27 30 85
27 31 9
27 32 29
27 33 90
27 34 90
27 35 83
27 36 43
27 37 63
27 38 20
27 39 73
27 40 47
27 41 25
27 42 62
27 43 28
27 44 88
27 45 61
27 46 34
27 47 40
27 48 40
27 49 76
28 29 69
28 30 30
28 31 67
28 32 39
28 33 25
28 34 55
28 35 58
28 36 51
28 37 10
28 38 72
28 39 20
28 40 93
28 41 44
28 42 25
28 43 37
28 44 36
28 45 38
28 46 76
28 47 68
28 48 29
28 49 35
29 30 97
29 31 24
29 32 32
29 33 91
29 34 111
29 35 106
29 36 70
29 37 72
29 38 53
29 39 68
29 40 79
29 41 49
29 42 54
29 43 45
29 44 101
29 45 47
29 46 66
29 47 72
29 48 57
29 49 93
30 31 90
30 32 65
30 33 28
30 34 30
30 35 40
30 36 56
30 37 24
30 38 86
30 39 46
30 40 100
30 41 60
30 42 54
30 43 57
30 44 6
30 45 68
30 46 85
30 47 74
30 48 45
30 49 17
31 32 30
31 33 92
31 34 98
31 35 91
31 36 51
31 37 67
31 38 29
31 39 73
31 40 55
31 41 33
31 42 61
31 43 33
31 44 93
31 45 59
31 46 43
31 47 49
31 48 46
31 49 82
32 33 63
32 34 79
32 35 76
32 36 44
32 37 40
32 38 44
32 39 44
32 40 70
32 41 24
32 42 33
32 43 15
32 44 69
32 45 34
32 46 54
32 47 53
32 48 25
32 49 60
33 34 59
33 35 67
33 36 73
33 37 30
33 38 97
33 39 26
33 40 116
33 41 69
33 42 39
33 43 62
33 44 34
33 45 51
33 46 100
33 47 90
33 48 54
33 49 43
34 35 14
34 36 51
34 37 45
34 38 85
34 39 74
34 40 90
34 41 65
34 42 79
34 43 66
34 44 24
34 45 92
34 46 79
34 47 65
34 48 54
34 49 20
35 36 42
35 37 48
35 38 75
35 39 79
35 40 78
35 41 59
35 42 82
35 43 62
35 44 35
35 45 94
35 46 68
35 47 54
35 48 50
35 49 25
36 37 43
36 38 34
36 39 69
36 40 44
36 41 21
36 42 65
36 43 29
36 44 56
36 45 73
36 46 30
36 47 18
36 48 24
36 49 42
37 38 68
37 39 31
37 40 86
37 41 40
37 42 34
37 43 35
37 44 29
37 45 46
37 46 70
37 47 61
37 48 24
37 49 25
38 39 85
38 40 27
38 41 28
38 42 76
38 43 36
38 44 88
38 45 78
38 46 14
38 47 24
38 48 43
38 49 74
39 40 108
39 41 58
39 42 14
39 43 49
39 44 52
39 45 25
39 46 91
39 47 85
39 48 46
39 49 54
40 41 50
40 42 101
40 43 60
40 44 100
40 45 104
40 46 17
40 47 27
40 48 63
40 49 85
41 42 51
41 43 10
41 44 63
41 45 56
41 46 33
41 47 29
41 48 16
41 49 51
42 43 41
42 44 60
42 45 13
42 46 84
42 47 79
42 48 41
42 49 59
43 44 60
43 45 46
43 46 43
43 47 39
43 48 13
43 49 50
44 45 74
44 46 86
44 47 73
44 48 48
44 49 15
45 46 87
45 47 85
45 48 49
45 49 72
46 47 14
46 48 47
46 49 71
47 48 39
47 49 59
48 49 37
0 1 25
0 2 36
0 5 32
0 6 22
0 8 48
0 9 54
0 11 22
0 13 65
0 14 35
0 15 36
0 16 43
0 19 42
0 20 33
0 21 41
0 22 33
0 23 13
0 24 37
0 27 59
0 28 26
0 32 43
0 38 59
0 42 47
0 47 47
1 2 46
1 4 71
1 5 15
1 6 8
1 8 65
1 11 20
1 13 75
1 15 37
1 16 19
1 18 57
1 21 59
1 23 32
1 25 55
1 26 38
1 28 2
1 34 52
1 35 57
1 36 51
1 37 9
1 39 22
1 40 93
1 42 27
1 43 38
1 47 68
1 48 30
1 49 33
2 6 38
2 7 54
2 8 23
2 12 8
2 13 30
2 14 13
2 15 14
2 18 70
2 19 63
2 24 25
2 25 9
2 26 53
2 28 45
2 29 45
2 30 63
2 34 69
2 35 63
2 36 25
2 37 42
2 38 28
2 39 57
2 40 52
2 42 49
2 43 8
2 44 65
2 49 54
3 4 87
3 10 99
3 13 91
3 15 53
3 16 22
3 17 72
3 22 60
3 24 46
3 26 46
3 28 18
3 30 27
3 32 56
3 33 7
3 34 57
3 35 64
3 38 90
3 40 109
3 41 62
3 43 55
3 44 34
3 47 84
3 48 47
3 49 40
4 6 63
4 8 32
4 11 52
4 12 36
4 13 8
4 15 34
4 17 30
4 20 96
4 23 77
4 24 42
4 29 30
4 30 91
4 32 33
4 35 90
4 37 68
4 39 77
4 43 34
4 45 63
4 47 45
5 8 60
5 10 80
5 11 14
5 12 39
5 14 27
5 15 27
5 16 15
5 17 50
5 18 69
5 20 59
5 21 71
5 28 12
5 29 57
5 31 58
5 33 34
5 38 67
5 40 89
5 43 31
5 44 48
5 46 73
5 48 27
6 10 77
6 14 29
6 18 59
6 20 49
6 22 36
6 24 24
6 26 39
6 28 7
6 29 64
6 30 33
6 32 33
6 33 32
6 34 54
6 35 57
6 40 86
6 42 25
6 44 38
6 47 62
6 48 23
7 10 49
7 11 57
7 16 82
7 18 28
7 19 11
7 20 38
7 21 29
7 22 52
7 25 58
7 27 72
7 28 65
7 30 54
7 33 79
7 34 33
7 35 20
7 41 50
7 42 85
7 43 56
7 45 95
8 9 44
8 10 21
8 12 22
8 14 36
8 17 10
8 18 70
8 20 73
8 21 72
8 23 56
8 26 59
8 29 59
8 30 75
8 31 36
8 33 88
8 34 72
8 35 62
8 36 21
8 39 79
8 40 29
8 42 72
9 10 64
9 13 32
9 14 19
9 16 50
9 21 94
9 22 28
9 23 68
9 24 22
9 28 51
9 29 21
9 30 77
9 31 20
9 33 74
9 37 53
9 41 29
9 43 24
9 45 39
9 47 56
10 12 42
10 14 57
10 16 95
10 19 60
10 22 44
10 25 38
10 27 44
10 28 83
10 31 53
10 32 63
10 33 106
10 34 79
10 36 34
10 39 99
10 40 11
10 41 42
10 42 92
10 46 10
10 47 16
10 49 74
11 12 25
11 13 55
11 14 18
11 15 18
11 16 29
11 17 37
11 18 60
11 19 62
11 20 53
11 21 62
11 22 24
11 26 41
11 27 47
11 30 41
11 31 50
11 35 57
11 40 76
11 41 26
11 44 45
11 45 38
11 46 59
11 47 52
11 48 13
11 49 38
12 13 36
12 14 18
12 15 18
12 17 12
12 23 41
12 24 28
12 30 57
12 32 26
12 33 67
12 35 55
12 36 18
12 38 30
12 41 4
12 42 51
12 43 11
12 44 59
12 46 34
12 47 28
12 48 13
12 49 47
13 16 78
13 20 96
13 21 97
13 24 47
13 25 21
13 27 9
13 28 73
13 31 14
13 33 98
13 34 96
13 35 87
13 37 71
13 43 36
13 49 82
14 15 1
14 16 41
14 17 26
14 20 68
14 21 75
14 22 14
14 23 49
14 24 11
14 25 21
14 26 54
14 28 36
14 30 59
14 31 32
14 32 9
14 35 67
14 36 35
14 39 45
14 40 65
14 42 36
14 44 63
14 49 53
15 16 40
15 18 73
15 19 70
15 21 75
15 25 22
15 26 55
15 27 30
15 30 59
15 32 8
15 34 71
15 37 35
15 39 44
15 40 66
15 41 17
15 42 35
15 43 7
15 44 62
15 48 17
16 18 77
16 19 84
16 20 66
16 22 52
16 25 62
16 28 18
16 29 65
16 30 45
16 31 70
16 32 40
16 33 27
16 35 76
16 40 104
16 41 54
16 44 51
16 45 24
16 46 87
16 49 52
17 18 68
17 20 68
17 24 37
17 28 55
17 29 53
17 34 68
17 35 60
17 36 19
17 37 50
17 41 11
17 42 62
17 43 21
17 46 22
18 19 20
18 22 66
18 23 26
18 25 76
18 26 20
18 29 112
18 30 37
18 32 81
18 34 7
18 37 50
18 39 79
18 43 68
18 46 77
18 48 56
19 20 32
19 22 60
19 27 82
19 28 67
19 31 90
19 37 57
19 39 87
19 42 89
19 44 47
19 45 100
19 46 62
19 48 54
20 21 15
20 22 64
20 25 75
20 26 14
20 27 90
20 29 108
20 30 23
20 31 97
20 32 76
20 34 7
20 35 20
20 41 64
20 42 74
20 44 17
20 45 87
20 47 68
20 49 15
21 25 78
21 26 22
21 27 92
21 28 61
21 31 100
21 33 67
21 34 8
21 35 10
21 37 52
21 45 98
21 46 78
21 47 64
21 49 27
22 24 24
22 26 50
22 29 48
22 30 60
22 32 22
22 34 65
22 36 23
22 38 30
22 40 52
22 42 49
22 47 32
22 48 15
23 24 50
23 27 71
23 28 34
23 31 77
23 34 23
23 35 24
23 36 36
23 38 68
23 40 80
23 42 58
23 44 20
23 45 70
23 46 66
23 48 32
23 49 6
24 25 32
24 26 56
24 28 29
24 29 41
24 30 56
24 31 39
24 34 73
24 35 71
24 36 44
24 37 31
24 38 51
24 39 35
24 45 29
24 46 59
24 48 22
25 26 61
25 29 43
25 34 76
25 36 28
25 38 19
25 39 66
25 40 45
25 42 57
25 45 59
25 47 30
25 49 62
26 28 40
26 29 94
26 30 23
26 33 49
26 34 17
26 36 38
26 37 30
26 39 60
26 41 50
26 42 64
26 45 76
26 46 68
26 47 55
26 49 6
27 29 33
27 33 90
27 34 90
27 36 43
27 38 20
27 39 73
27 44 88
27 49 76
28 31 67
28 36 51
28 37 10
28 38 72
28 40 93
28 42 25
28 43 37
28 45 38
28 46 76
28 47 68
28 48 29
29 30 97
29 32 32
29 34 111
29 35 106
29 37 72
29 38 53
29 41 49
29 42 54
29 48 57
30 31 90
30 33 28
30 34 30
30 35 40
30 37 24
30 38 86
30 40 100
30 44 6
30 47 74
30 48 45
30 49 17
31 36 51
31 37 67
31 38 29
31 40 55
31 41 33
31 43 33
31 45 59
31 48 46
31 49 82
32 33 63
32 34 79
32 36 44
32 37 40
32 40 70
32 41 24
32 42 33
32 44 69
32 45 34
32 46 54
32 48 25
33 35 67
33 36 73
33 38 97
33 39 26
33 41 69
33 42 39
33 43 62
33 45 51
33 46 100
34 36 51
34 37 45
34 42 79
34 48 54
34 49 20
35 36 42
35 39 79
35 40 78
35 41 59
35 43 62
35 44 35
35 45 94
35 46 68
35 47 54
35 48 50
35 49 25
36 38 34
36 42 65
36 43 29
36 49 42
37 40 86
37 41 40
37 42 34
37 46 70
37 47 61
37 49 25
38 39 85
38 44 88
38 45 78
38 48 43
39 40 108
39 41 58
39 44 52
39 45 25
39 48 46
40 41 50
40 42 101
40 45 104
40 46 17
40 47 27
40 48 63
41 42 51
41 48 16
42 43 41
42 46 84
42 47 79
42 49 59
43 44 60
43 49 50
44 45 74
44 47 73
44 48 48
44 49 15
45 46 87
45 47 85
46 47 14
46 48 47
46 49 71
47 49 59
48 49 37
