100 0.7 20 1 4950 3465 57
0.605749 0.885154 12
0.258148 0.704864 7
0.779749 0.33967 20
0.416371 0.532781 12
0.646841 0.915361 12
0.714119 0.878192 14
0.153384 0.715129 6
0.229358 0.484329 11
0.101653 0.906849 2
0.269301 0.357839 14
0.0542462 0.161324 17
0.504988 0.010849 22
0.291547 0.0965867 19
0.100347 0.164709 17
0.437505 0.28999 16
0.0126316 0.795699 4
0.800337 0.758967 16
0.967618 0.126674 26
0.127377 0.794246 5
0.159648 0.119032 18
0.160502 0.734955 6
0.892103 0.858662 17
0.423663 0.677983 10
0.825328 0.90643 16
0.745888 0.53357 17
0.0186255 0.333506 13
0.212444 0.230091 16
0.608327 0.800692 12
0.132894 0.661051 7
0.201458 0.740324 6
0.080392 0.078631 18
0.957718 0.982838 18
0.00289172 0.678281 6
0.456724 0.664603 11
0.213735 0.407918 12
0.219954 0.801613 5
0.371222 0.185841 18
0.45529 0.0253991 21
0.311396 0.585638 10
0.386328 0.247147 17
0.121598 0.94459 2
0.197498 0.791984 5
0.616034 0.132415 21
0.469669 0.733875 10
0.501705 0.999542 9
0.823796 0.612294 18
0.981549 0.715501 20
0.508159 0.355859 16
0.472584 0.367989 15
0.307609 0.516449 11
0.567872 0.206826 19
0.169024 0.810715 5
0.571499 0.914352 11
0.49887 0.718389 11
0.000341698 0.656767 7
0.245099 0.735803 7
0.338954 0.750888 8
0.280295 0.643312 9
0.819456 0.891795 16
0.234805 0.532505 10
0.0590761 0.794999 4
0.703556 0.938801 13
0.234568 0.715088 7
0.859758 0.940909 17
0.232311 0.937261 4
0.635376 0.0552541 22
0.925903 0.235956 23
0.594634 0.343832 17
0.849264 0.268439 22
0.347488 0.836371 7
0.0617388 0.643141 7
0.0329781 0.998959 0
0.321026 0.670783 9
0.206897 0.577331 9
0.22853 0.075392 19
0.557071 0.165176 20
0.731509 0.316873 20
0.246735 0.520669 10
0.128584 0.836892 4
0.761764 0.678292 16
0.269575 0.435288 12
0.165253 0.838549 4
0.4851 0.564473 13
0.104166 0.650759 7
0.558475 0.275199 18
0.359457 0.272617 16
0.500928 0.884448 10
0.64565 0.605352 15
0.981667 0.418349 22
0.407649 0.899288 8
0.050939 0.884289 2
0.0145695 0.614739 8
0.166337 0.445908 11
0.176493 0.663439 7
0.164567 0.164662 17
0.984327 0.24932 24
0.303917 0.0282678 20
0.294159 0.91872 5
0.795752 0.136762 23
0.293229 0.325719 14
0 1 39
0 2 57
0 3 40
0 4 5
0 5 11
0 6 48
0 7 55
0 8 50
0 9 63
0 10 91
0 11 88
0 12 85
0 13 88
0 14 62
0 15 60
0 16 23
0 17 84
0 18 49
0 19 89
0 20 47
0 21 29
0 22 28
0 23 22
0 24 38
0 25 81
0 26 76
0 27 8
0 28 52
0 29 43
0 30 96
0 31 37
0 32 64
0 33 27
0 34 62
0 35 39
0 36 74
0 37 87
0 38 42
0 39 67
0 40 49
0 41 42
0 42 75
0 43 20
0 44 15
0 45 35
0 46 41
0 47 54
0 48 53
0 49 47
0 50 68
0 51 44
0 52 5
0 53 20
0 54 65
0 55 39
0 56 30
0 57 41
0 58 21
0 59 51
0 60 55
0 61 11
0 62 41
0 63 26
0 64 38
0 65 83
0 66 72
0 67 54
0 68 66
0 69 26
0 70 60
0 71 58
0 72 36
0 73 50
0 74 89
0 75 72
0 76 58
0 77 51
0 78 48
0 79 26
0 80 56
0 81 44
0 82 34
0 83 55
0 84 61
0 85 66
0 86 10
0 87 28
0 88 60
0 89 20
0 90 55
0 91 65
0 92 62
0 93 48
0 94 84
0 95 74
0 96 91
0 97 31
0 98 77
0 99 64
1 2 64
1 3 23
1 4 44
1 5 49
1 6 11
1 7 22
1 8 26
1 9 35
1 10 58
1 11 74
1 12 61
1 13 56
1 14 45
1 15 26
1 16 54
1 17 92
1 18 16
1 19 59
1 20 10
1 21 65
1 22 17
1 23 60
1 24 52
1 25 44
1 26 48
1 27 36
1 28 13
1 29 7
1 30 65
1 31 75
1 32 26
1 33 20
1 34 30
1 35 10
1 36 53
1 37 71
1 38 13
1 39 48
1 40 28
1 41 11
1 42 68
1 43 21
1 44 38
1 45 57
1 46 72
1 47 43
1 48 40
1 49 19
1 50 59
1 51 14
1 52 38
1 53 24
1 54 26
1 55 3
1 56 9
1 57 7
1 58 59
1 59 17
1 60 22
1 61 50
1 62 3
1 63 65
1 64 23
1 65 75
1 66 82
1 67 49
1 68 73
1 69 16
1 70 21
1 71 37
1 72 7
1 73 14
1 74 63
1 75 62
1 76 61
1 77 18
1 78 18
1 79 50
1 80 27
1 81 16
1 82 27
1 83 16
1 84 52
1 85 44
1 86 30
1 87 40
1 88 78
1 89 25
1 90 27
1 91 26
1 92 27
1 93 9
1 94 55
1 95 86
1 96 68
1 97 22
1 98 78
1 99 38
2 3 41
2 4 59
2 5 54
2 6 73
2 7 57
2 8 88
2 9 51
2 10 75
2 11 43
2 12 55
2 13 70
2 14 35
2 15 89
2 16 42
2 17 28
2 18 80
2 19 66
2 20 73
2 21 53
2 22 49
2 23 57
2 24 20
2 25 76
2 26 58
2 27 49
2 28 72
2 29 70
2 30 75
2 31 67
2 32 85
2 33 46
2 34 57
2 35 73
2 36 44
2 37 45
2 38 53
2 39 40
2 40 89
2 41 74
2 42 26
2 43 50
2 44 72
2 45 28
2 46 43
2 47 27
2 48 31
2 49 50
2 50 25
2 51 77
2 52 61
2 53 47
2 54 84
2 55 67
2 56 60
2 57 58
2 58 55
2 59 58
2 60 85
2 61 60
2 62 66
2 63 61
2 64 81
2 65 32
2 66 18
2 67 19
2 68 10
2 69 66
2 70 78
2 71 100
2 72 57
2 73 62
2 74 61
2 75 28
2 76 5
2 77 56
2 78 82
2 79 34
2 80 52
2 81 79
2 82 37
2 83 74
2 84 23
2 85 43
2 86 61
2 87 30
2 88 22
2 89 67
2 90 91
2 91 81
2 92 62
2 93 68
2 94 64
2 95 22
2 96 57
2 97 76
2 98 20
2 99 49
3 4 45
3 5 46
3 6 32
3 7 19
3 8 49
3 9 23
3 10 52
3 11 53
3 12 45
3 13 49
3 14 24
3 15 48
3 16 45
3 17 68
3 18 39
3 19 49
3 20 33
3 21 58
3 22 15
3 23 55
3 24 33
3 25 44
3 26 36
3 27 33
3 28 31
3 29 30
3 30 56
3 31 70
3 32 44
3 33 14
3 34 24
3 35 33
3 36 35
3 37 51
3 38 12
3 39 29
3 40 51
3 41 34
3 42 45
3 43 21
3 44 47
3 45 42
3 46 59
3 47 20
3 48 17
3 49 11
3 50 36
3 51 37
3 52 41
3 53 20
3 54 43
3 55 27
3 56 23
3 57 18
3 58 54
3 59 18
3 60 44
3 61 50
3 62 26
3 63 60
3 64 44
3 65 53
3 66 59
3 67 26
3 68 51
3 69 31
3 70 37
3 71 60
3 72 17
3 73 21
3 74 49
3 75 39
3 76 38
3 77 17
3 78 42
3 79 37
3 80 18
3 81 40
3 82 8
3 83 33
3 84 29
3 85 27
3 86 36
3 87 24
3 88 58
3 89 37
3 90 51
3 91 41
3 92 26
3 93 27
3 94 45
3 95 63
3 96 52
3 97 40
3 98 55
3 99 24
4 5 8
4 6 53
4 7 60
4 8 55
4 9 67
4 10 96
4 11 92
4 12 89
4 13 93
4 14 66
4 15 65
4 16 22
4 17 85
4 18 53
4 19 93
4 20 52
4 21 25
4 22 33
4 23 18
4 24 39
4 25 86
4 26 81
4 27 12
4 28 57
4 29 48
4 30 101
4 31 32
4 32 69
4 33 31
4 34 67
4 35 44
4 36 78
4 37 91
4 38 47
4 39 72
4 40 53
4 41 47
4 42 78
4 43 25
4 44 17
4 45 35
4 46 39
4 47 58
4 48 57
4 49 52
4 50 71
4 51 49
4 52 8
4 53 25
4 54 70
4 55 44
4 56 35
4 57 46
4 58 17
4 59 56
4 60 60
4 61 6
4 62 46
4 63 21
4 64 42
4 65 86
4 66 73
4 67 57
4 68 68
4 69 31
4 70 65
4 71 62
4 72 41
4 73 55
4 74 94
4 75 76
4 76 60
4 77 56
4 78 52
4 79 26
4 80 61
4 81 49
4 82 39
4 83 60
4 84 65
4 85 70
4 86 15
4 87 31
4 88 60
4 89 24
4 90 60
4 91 70
4 92 67
4 93 53
4 94 89
4 95 75
4 96 95
4 97 35
4 98 79
4 99 69
5 6 58
5 7 62
5 8 61
5 9 68
5 10 97
5 11 89
5 12 89
5 13 94
5 14 65
5 15 71
5 16 15
5 17 79
5 18 59
5 19 94
5 20 57
5 21 18
5 22 35
5 23 11
5 24 35
5 25 88
5 26 82
5 27 13
5 28 62
5 29 53
5 30 102
5 31 27
5 32 74
5 33 33
5 34 69
5 35 50
5 36 77
5 37 89
5 38 50
5 39 71
5 40 60
5 41 52
5 42 75
5 43 28
5 44 24
5 45 29
5 46 31
5 47 56
5 48 56
5 49 54
5 50 69
5 51 55
5 52 15
5 53 27
5 54 75
5 55 49
5 56 40
5 57 49
5 58 11
5 59 59
5 60 66
5 61 6
5 62 51
5 63 16
5 64 49
5 65 83
5 66 68
5 67 55
5 68 62
5 69 37
5 70 69
5 71 69
5 72 44
5 73 59
5 74 94
5 75 73
5 76 56
5 77 59
5 78 59
5 79 21
5 80 63
5 81 55
5 82 39
5 83 65
5 84 62
5 85 70
5 86 21
5 87 28
5 88 53
5 89 31
5 90 66
5 91 75
5 92 70
5 93 58
5 94 90
5 95 68
5 96 94
5 97 42
5 98 75
5 99 69
6 7 24
6 8 20
6 9 38
6 10 56
6 11 79
6 12 63
6 13 55
6 14 51
6 15 16
6 16 65
6 17 100
6 18 8
6 19 60
6 20 2
6 21 75
6 22 27
6 23 70
6 24 62
6 25 40
6 26 49
6 27 46
6 28 6
6 29 5
6 30 64
6 31 85
6 32 15
6 33 31
6 34 31
6 35 11
6 36 57
6 37 75
6 38 20
6 39 52
6 40 23
6 41 9
6 42 74
6 43 32
6 44 45
6 45 68
6 46 83
6 47 50
6 48 47
6 49 25
6 50 66
6 51 10
6 52 46
6 53 35
6 54 16
6 55 9
6 56 19
6 57 15
6 58 69
6 59 20
6 60 12
6 61 59
6 62 8
6 63 74
6 64 24
6 65 82
6 66 91
6 67 58
6 68 83
6 69 23
6 70 12
6 71 31
6 72 17
6 73 15
6 74 64
6 75 68
6 76 70
6 77 22
6 78 12
6 79 61
6 80 30
6 81 12
6 82 36
6 83 8
6 84 60
6 85 49
6 86 39
6 87 50
6 88 88
6 89 31
6 90 20
6 91 17
6 92 27
6 93 6
6 94 55
6 95 95
6 96 70
6 97 25
6 98 86
6 99 41
7 8 44
7 9 13
7 10 37
7 11 55
7 12 39
7 13 34
7 14 28
7 15 38
7 16 63
7 17 82
7 18 33
7 19 37
7 20 26
7 21 76
7 22 27
7 23 73
7 24 52
7 25 26
7 26 25
7 27 49
7 28 20
7 29 26
7 30 43
7 31 88
7 32 30
7 33 29
7 34 8
7 35 32
7 36 33
7 37 51
7 38 13
7 39 28
7 40 47
7 41 31
7 42 52
7 43 35
7 44 58
7 45 61
7 46 79
7 47 31
7 48 27
7 49 8
7 50 44
7 51 33
7 52 55
7 53 36
7 54 29
7 55 25
7 56 29
7 57 17
7 58 72
7 59 5
7 60 35
7 61 66
7 62 23
7 63 78
7 64 45
7 65 59
7 66 74
7 67 39
7 68 66
7 69 37
7 70 23
7 71 55
7 72 21
7 73 10
7 74 41
7 75 46
7 76 53
7 77 4
7 78 37
7 79 57
7 80 6
7 81 36
7 82 27
7 83 21
7 84 39
7 85 25
7 86 48
7 87 43
7 88 76
7 89 45
7 90 44
7 91 25
7 92 7
7 93 19
7 94 33
7 95 79
7 96 46
7 97 44
7 98 66
7 99 17
8 9 57
8 10 75
8 11 98
8 12 83
8 13 74
8 14 70
8 15 14
8 16 71
8 17 117
8 18 12
8 19 79
8 20 18
8 21 79
8 22 40
8 23 72
8 24 74
8 25 58
8 26 69
8 27 52
8 28 25
8 29 19
8 30 83
8 31 86
8 32 25
8 33 43
8 34 51
8 35 16
8 36 77
8 37 95
8 38 38
8 39 72
8 40 4
8 41 15
8 42 93
8 43 41
8 44 41
8 45 78
8 46 90
8 47 68
8 48 65
8 49 44
8 50 84
8 51 12
8 52 47
8 53 44
8 54 27
8 55 22
8 56 28
8 57 32
8 58 72
8 59 40
8 60 12
8 61 60
8 62 23
8 63 76
8 64 13
8 65 101
8 66 106
8 67 75
8 68 98
8 69 26
8 70 27
8 71 11
8 72 32
8 73 35
8 74 84
8 75 87
8 76 86
8 77 41
8 78 7
8 79 70
8 80 50
8 81 9
8 82 51
8 83 26
8 84 78
8 85 68
8 86 40
8 87 62
8 88 101
8 89 31
8 90 6
8 91 30
8 92 47
8 93 25
8 94 74
8 95 110
8 96 90
8 97 19
8 98 104
8 99 61
9 10 29
9 11 42
9 12 26
9 13 26
9 14 18
9 15 51
9 16 67
9 17 74
9 18 46
9 19 26
9 20 39
9 21 80
9 22 36
9 23 78
9 24 51
9 25 25
9 26 14
9 27 56
9 28 33
9 29 39
9 30 34
9 31 93
9 32 42
9 33 36
9 34 7
9 35 45
9 36 20
9 37 38
9 38 23
9 39 16
9 40 61
9 41 44
9 42 41
9 43 43
9 44 68
9 45 61
9 46 80
9 47 24
9 48 20
9 49 16
9 50 33
9 51 46
9 52 63
9 53 43
9 54 40
9 55 38
9 56 40
9 57 29
9 58 77
9 59 18
9 60 49
9 61 73
9 62 36
9 63 83
9 64 58
9 65 47
9 66 67
9 67 33
9 68 59
9 69 48
9 70 35
9 71 68
9 72 32
9 73 23
9 74 29
9 75 35
9 76 46
9 77 16
9 78 50
9 79 59
9 80 8
9 81 49
9 82 30
9 83 34
9 84 30
9 85 12
9 86 58
9 87 45
9 88 71
9 89 56
9 90 57
9 91 36
9 92 14
9 93 32
9 94 22
9 95 72
9 96 33
9 97 56
9 98 57
9 99 4
10 11 48
10 12 25
10 13 5
10 14 40
10 15 64
10 16 96
10 17 91
10 18 64
10 19 11
10 20 58
10 21 109
10 22 64
10 23 107
10 24 79
10 25 18
10 26 17
10 27 85
10 28 51
10 29 60
10 30 9
10 31 122
10 32 52
10 33 64
10 34 29
10 35 66
10 36 32
10 37 42
10 38 50
10 39 34
10 40 79
10 41 65
10 42 56
10 43 71
10 44 95
10 45 89
10 46 108
10 47 49
10 48 47
10 49 44
10 50 52
10 51 66
10 52 91
10 53 71
10 54 50
10 55 61
10 56 65
10 57 53
10 58 106
10 59 41
10 60 63
10 61 101
10 62 58
10 63 112
10 64 80
10 65 59
10 66 87
10 67 57
10 68 80
10 69 74
10 70 48
10 71 84
10 72 58
10 73 44
10 74 19
10 75 50
10 76 69
10 77 41
10 78 68
10 79 88
10 80 35
10 81 69
10 82 59
10 83 49
10 84 52
10 85 32
10 86 85
10 87 74
10 88 96
10 89 82
10 90 72
10 91 46
10 92 31
10 93 52
10 94 11
10 95 93
10 96 28
10 97 79
10 98 74
10 99 29
11 12 23
11 13 43
11 14 29
11 15 93
11 16 80
11 17 48
11 18 87
11 19 36
11 20 80
11 21 93
11 22 67
11 23 95
11 24 58
11 25 58
11 26 37
11 27 80
11 28 75
11 29 79
11 30 43
11 31 107
11 32 84
11 33 66
11 34 49
11 35 84
11 36 22
11 37 5
11 38 61
11 39 26
11 40 101
11 41 84
11 42 16
11 43 72
11 44 99
11 45 68
11 46 85
11 47 35
11 48 36
11 49 54
11 50 21
11 51 87
11 52 91
11 53 71
11 54 82
11 55 77
11 56 76
11 57 67
11 58 94
11 59 59
11 60 90
11 61 95
11 62 75
11 63 100
11 64 97
11 65 14
11 66 48
11 67 34
11 68 43
11 69 84
11 70 77
11 71 110
11 72 69
11 73 64
11 74 28
11 75 16
11 76 38
11 77 57
11 78 91
11 79 72
11 80 49
11 81 89
11 82 55
11 83 76
11 84 27
11 85 30
11 86 87
11 87 61
11 88 63
11 89 89
11 90 98
11 91 78
11 92 55
11 93 73
11 94 37
11 95 54
11 96 20
11 97 93
11 98 32
11 99 38
12 13 20
12 14 24
12 15 75
12 16 84
12 17 68
12 18 72
12 19 13
12 20 65
12 21 97
12 22 60
12 23 97
12 24 63
12 25 36
12 26 16
12 27 77
12 28 59
12 29 65
12 30 21
12 31 111
12 32 65
12 33 59
12 34 32
12 35 71
12 36 12
12 37 18
12 38 49
12 39 18
12 40 86
12 41 70
12 42 33
12 43 66
12 44 93
12 45 74
12 46 93
12 47 34
12 48 33
12 49 42
12 50 30
12 51 72
12 52 86
12 53 66
12 54 63
12 55 64
12 56 66
12 57 55
12 58 95
12 59 44
12 60 74
12 61 94
12 62 62
12 63 102
12 64 84
12 65 35
12 66 65
12 67 39
12 68 58
12 69 74
12 70 59
12 71 94
12 72 57
12 73 49
12 74 7
12 75 27
12 76 49
12 77 43
12 78 76
12 79 75
12 80 34
12 81 75
12 82 51
12 83 58
12 84 32
12 85 19
12 86 82
12 87 62
12 88 76
12 89 81
12 90 82
12 91 59
12 92 37
12 93 58
12 94 14
12 95 71
12 96 7
12 97 82
12 98 51
12 99 23
13 14 36
13 15 64
13 16 92
13 17 87
13 18 63
13 19 7
13 20 57
13 21 105
13 22 61
13 23 104
13 24 74
13 25 19
13 26 13
13 27 81
13 28 50
13 29 58
13 30 9
13 31 119
13 32 52
13 33 61
13 34 27
13 35 65
13 36 27
13 37 38
13 38 47
13 39 30
13 40 78
13 41 63
13 42 52
13 43 68
13 44 93
13 45 85
13 46 104
13 47 45
13 48 42
13 49 41
13 50 47
13 51 65
13 52 89
13 53 68
13 54 50
13 55 59
13 56 63
13 57 51
13 58 102
13 59 39
13 60 63
13 61 98
13 62 57
13 63 109
13 64 78
13 65 55
13 66 83
13 67 53
13 68 76
13 69 72
13 70 48
13 71 84
13 72 55
13 73 43
13 74 16
13 75 46
13 76 65
13 77 38
13 78 67
13 79 84
13 80 32
13 81 68
13 82 55
13 83 49
13 84 47
13 85 28
13 86 82
13 87 70
13 88 92
13 89 80
13 90 72
13 91 46
13 92 29
13 93 50
13 94 6
13 95 89
13 96 25
13 97 78
13 98 70
13 99 25
14 15 66
14 16 59
14 17 55
14 18 59
14 19 33
14 20 52
14 21 73
14 22 39
14 23 73
14 24 39
14 25 42
14 26 23
14 27 54
14 28 48
14 29 51
14 30 41
14 31 87
14 32 58
14 33 38
14 34 25
14 35 56
14 36 12
14 37 27
14 38 32
14 39 7
14 40 73
14 41 56
14 42 24
14 43 45
14 44 71
14 45 50
14 46 69
14 47 10
14 48 9
14 49 26
14 50 15
14 51 59
14 52 64
14 53 43
14 54 57
14 55 49
14 56 47
14 57 39
14 58 71
14 59 32
14 60 63
14 61 70
14 62 47
14 63 78
14 64 68
14 65 31
14 66 49
14 67 17
14 68 41
14 69 55
14 70 52
14 71 82
14 72 40
14 73 37
14 74 30
14 75 17
14 76 30
14 77 30
14 78 63
14 79 51
14 80 22
14 81 61
14 82 28
14 83 49
14 84 12
14 85 8
14 86 60
14 87 38
14 88 56
14 89 61
14 90 71
14 91 53
14 92 31
14 93 46
14 94 30
14 95 55
14 96 29
14 97 64
14 98 39
14 99 15
15 16 79
15 17 117
15 18 11
15 19 69
15 20 16
15 21 88
15 22 43
15 23 82
15 24 78
15 25 46
15 26 60
15 27 60
15 28 18
15 29 20
15 30 72
15 31 96
15 32 12
15 33 46
15 34 44
15 35 21
15 36 71
15 37 89
15 38 37
15 39 66
15 40 18
15 41 18
15 42 90
15 43 46
15 44 53
15 45 83
15 46 97
15 47 66
15 48 63
15 49 41
15 50 81
15 51 16
15 52 57
15 53 49
15 54 14
15 55 24
15 56 33
15 57 31
15 58 81
15 59 34
15 60 5
15 61 71
15 62 24
15 63 86
15 64 26
15 65 97
15 66 107
15 67 74
15 68 99
15 69 34
15 70 16
15 71 20
15 72 33
15 73 29
15 74 75
15 75 83
15 76 86
15 77 36
15 78 12
15 79 76
15 80 44
15 81 16
15 82 53
15 83 17
15 84 75
15 85 63
15 86 50
15 87 66
15 88 104
15 89 41
15 90 10
15 91 18
15 92 38
15 93 21
15 94 65
15 95 111
15 96 82
15 97 31
15 98 102
15 99 55
16 17 65
16 18 67
16 19 91
16 20 64
16 21 14
16 22 39
16 23 15
16 24 23
16 25 89
16 26 79
16 27 20
16 28 67
16 29 60
16 30 99
16 31 27
16 32 80
16 33 36
16 34 68
16 35 58
16 36 72
16 37 81
16 38 52
16 39 66
16 40 70
16 41 60
16 42 65
16 43 33
16 44 38
16 45 15
16 46 19
16 47 50
16 48 51
16 49 55
16 50 60
16 51 63
16 52 28
16 53 30
16 54 81
16 55 56
16 56 46
16 57 53
16 58 13
16 59 61
16 60 74
16 61 20
16 62 57
16 63 19
16 64 60
16 65 72
16 66 54
16 67 46
16 68 49
16 69 46
16 70 75
16 71 80
16 72 49
16 73 62
16 74 89
16 75 64
16 76 45
16 77 60
16 78 68
16 79 9
16 80 62
16 81 64
16 82 37
16 83 70
16 84 54
16 85 66
16 86 32
16 87 22
16 88 39
16 89 42
16 90 76
16 91 80
16 92 71
16 93 63
16 94 87
16 95 54
16 96 88
16 97 53
16 98 62
16 99 67
17 18 107
17 19 81
17 20 101
17 21 74
17 22 77
17 23 79
17 24 46
17 25 97
17 26 76
17 27 76
17 28 99
17 29 98
17 30 89
17 31 86
17 32 111
17 33 74
17 34 80
17 35 101
17 36 60
17 37 52
17 38 80
17 39 59
17 40 118
17 41 102
17 42 35
17 43 79
17 44 99
17 45 51
17 46 59
17 47 51
17 48 55
17 49 77
17 50 41
17 51 105
17 52 88
17 53 75
17 54 110
17 55 95
17 56 89
17 57 86
17 58 78
17 59 84
17 60 113
17 61 85
17 62 94
17 63 82
17 64 109
17 65 34
17 66 12
17 67 43
17 68 18
17 69 94
17 70 104
17 71 128
17 72 85
17 73 88
17 74 74
17 75 41
17 76 30
17 77 82
17 78 110
17 79 59
17 80 76
17 81 107
17 82 65
17 83 101
17 84 44
17 85 63
17 86 89
17 87 58
17 88 29
17 89 95
17 90 119
17 91 107
17 92 86
17 93 96
17 94 80
17 95 12
17 96 67
17 97 104
17 98 17
17 99 70
18 19 68
18 20 7
18 21 77
18 22 32
18 23 71
18 24 67
18 25 47
18 26 57
18 27 48
18 28 13
18 29 9
18 30 72
18 31 85
18 32 17
18 33 35
18 34 40
18 35 9
18 36 66
18 37 84
18 38 28
18 39 61
18 40 15
18 41 7
18 42 82
18 43 35
18 44 43
18 45 72
18 46 86
18 47 58
18 48 55
18 49 33
18 50 73
18 51 4
18 52 46
18 53 38
18 54 19
18 55 13
18 56 22
18 57 21
18 58 70
18 59 28
18 60 7
18 61 59
18 62 13
18 63 75
18 64 18
18 65 90
18 66 97
18 67 65
18 68 89
18 69 22
18 70 16
18 71 23
18 72 23
18 73 23
18 74 73
18 75 76
18 76 77
18 77 30
18 78 4
18 79 64
18 80 39
18 81 6
18 82 43
18 83 15
18 84 67
18 85 57
18 86 38
18 87 55
18 88 93
18 89 30
18 90 12
18 91 21
18 92 35
18 93 14
18 94 63
18 95 102
18 96 79
18 97 21
18 98 94
18 99 50
19 20 62
19 21 104
19 22 62
19 23 103
19 24 72
19 25 26
19 26 12
19 27 82
19 28 54
19 29 62
19 30 9
19 31 118
19 32 58
19 33 62
19 34 29
19 35 69
19 36 22
19 37 31
19 38 49
19 39 26
19 40 83
19 41 67
19 42 46
19 43 69
19 44 94
19 45 83
19 46 102
19 47 42
19 48 40
19 49 42
19 50 42
19 51 69
19 52 90
19 53 69
19 54 56
19 55 62
19 56 66
19 57 54
19 58 102
19 59 42
19 60 68
19 61 98
19 62 60
19 63 108
19 64 82
19 65 48
19 66 78
19 67 49
19 68 71
19 69 74
19 70 53
19 71 89
19 72 57
19 73 46
19 74 8
19 75 40
19 76 61
19 77 41
19 78 72
19 79 82
19 80 33
19 81 72
19 82 55
19 83 53
19 84 43
19 85 25
19 86 84
19 87 69
19 88 87
19 89 82
19 90 77
19 91 52
19 92 33
19 93 54
19 94 5
19 95 83
19 96 17
19 97 81
19 98 64
19 99 25
20 21 74
20 22 27
20 23 69
20 24 62
20 25 43
20 26 51
20 27 45
20 28 8
20 29 4
20 30 66
20 31 83
20 32 17
20 33 30
20 34 33
20 35 9
20 36 59
20 37 77
20 38 21
20 39 54
20 40 21
20 41 7
20 42 76
20 43 31
20 44 43
20 45 67
20 46 82
20 47 51
20 48 48
20 49 26
20 50 67
20 51 8
20 52 45
20 53 34
20 54 18
20 55 8
20 56 18
20 57 15
20 58 68
20 59 22
20 60 12
20 61 58
20 62 8
20 63 73
20 64 21
20 65 83
20 66 91
20 67 58
20 68 83
20 69 21
20 70 13
20 71 29
20 72 17
20 73 16
20 74 66
20 75 69
20 76 71
20 77 23
20 78 11
20 79 60
20 80 32
20 81 10
20 82 37
20 83 10
20 84 61
20 85 50
20 86 37
20 87 50
20 88 88
20 89 30
20 90 19
20 91 19
20 92 29
20 93 7
20 94 57
20 95 96
20 96 72
20 97 23
20 98 87
20 99 43
21 22 50
21 23 8
21 24 36
21 25 102
21 26 93
21 27 29
21 28 78
21 29 70
21 30 113
21 31 14
21 32 91
21 33 48
21 34 81
21 35 67
21 36 85
21 37 94
21 38 64
21 39 79
21 40 78
21 41 70
21 42 78
21 43 44
21 44 42
21 45 26
21 46 17
21 47 63
21 48 65
21 49 68
21 50 73
21 51 72
21 52 33
21 53 42
21 54 91
21 55 66
21 56 56
21 57 65
21 58 8
21 59 73
21 60 84
21 61 20
21 62 67
21 63 9
21 64 66
21 65 84
21 66 62
21 67 59
21 68 59
21 69 55
21 70 86
21 71 87
21 72 60
21 73 74
21 74 103
21 75 77
21 76 57
21 77 73
21 78 76
21 79 22
21 80 75
21 81 73
21 82 50
21 83 81
21 84 67
21 85 79
21 86 39
21 87 35
21 88 45
21 89 49
21 90 84
21 91 91
21 92 83
21 93 74
21 94 101
21 95 62
21 96 102
21 97 60
21 98 73
21 99 80
22 23 46
22 24 35
22 25 53
22 26 50
22 27 22
22 28 29
22 29 23
22 30 69
22 31 61
22 32 42
22 33 4
22 34 34
22 35 24
22 36 49
22 37 65
22 38 15
22 39 43
22 40 40
22 41 25
22 42 58
22 43 7
22 44 33
22 45 41
22 46 56
22 47 33
22 48 31
22 49 20
22 50 49
22 51 29
22 52 28
22 53 9
22 54 42
22 55 19
22 56 11
22 57 15
22 58 45
22 59 24
22 60 38
22 61 38
22 62 19
22 63 51
22 64 32
22 65 66
22 66 67
22 67 38
22 68 59
22 69 18
22 70 36
22 71 51
22 72 10
22 73 24
22 74 63
22 75 53
22 76 47
22 77 24
22 78 34
22 79 34
22 80 29
22 81 30
22 82 13
22 83 32
22 84 42
22 85 41
22 86 22
22 87 23
22 88 62
22 89 22
22 90 43
22 91 41
22 92 35
22 93 25
22 94 58
22 95 71
22 96 66
22 97 27
22 98 66
22 99 38
23 24 38
23 25 99
23 26 91
23 27 24
23 28 73
23 29 65
23 30 111
23 31 15
23 32 85
23 33 44
23 34 79
23 35 61
23 36 85
23 37 96
23 38 61
23 39 79
23 40 70
23 41 64
23 42 80
23 43 40
23 44 34
23 45 29
23 46 25
23 47 64
23 48 64
23 49 65
23 50 75
23 51 66
23 52 25
23 53 38
23 54 86
23 55 60
23 56 51
23 57 61
23 58 2
23 59 70
23 60 77
23 61 13
23 62 62
23 63 5
23 64 59
23 65 87
23 66 68
23 67 61
23 68 64
23 69 48
23 70 81
23 71 80
23 72 56
23 73 70
23 74 102
23 75 79
23 76 60
23 77 70
23 78 70
23 79 24
23 80 73
23 81 66
23 82 48
23 83 77
23 84 69
23 85 79
23 86 33
23 87 35
23 88 51
23 89 42
23 90 77
23 91 86
23 92 80
23 93 69
23 94 99
23 95 68
23 96 102
23 97 53
23 98 77
23 99 79
24 25 75
24 26 61
24 27 30
24 28 63
24 29 58
24 30 81
24 31 50
24 32 76
24 33 32
24 34 55
24 35 59
24 36 51
24 37 59
24 38 44
24 39 46
24 40 75
24 41 61
24 42 42
24 43 34
24 44 53
24 45 11
24 46 30
24 47 30
24 48 32
24 49 44
24 50 37
24 51 64
24 52 42
24 53 31
24 54 76
24 55 54
24 56 46
24 57 48
24 58 37
24 59 51
24 60 73
24 61 41
24 62 54
24 63 42
24 64 65
24 65 49
24 66 35
24 67 24
24 68 28
24 69 50
24 70 69
24 71 85
24 72 45
24 73 54
24 74 69
24 75 41
24 76 22
24 77 50
24 78 69
24 79 15
24 80 49
24 81 66
24 82 26
24 83 65
24 84 32
24 85 47
24 86 43
24 87 12
24 88 26
24 89 50
24 90 78
24 91 74
24 92 59
24 93 58
24 94 69
24 95 37
24 96 67
24 97 59
24 98 40
24 99 50
25 26 22
25 27 75
25 28 35
25 29 45
25 30 26
25 31 114
25 32 35
25 33 55
25 34 21
25 35 51
25 36 38
25 37 53
25 38 39
25 39 38
25 40 62
25 41 49
25 42 63
25 43 60
25 44 82
25 45 85
25 46 104
25 47 49
25 48 46
25 49 34
25 50 56
25 51 50
25 52 80
25 53 62
25 54 32
25 55 46
25 56 53
25 57 41
25 58 98
25 59 29
25 60 46
25 61 91
25 62 44
25 63 104
25 64 64
25 65 68
25 66 91
25 67 58
25 68 83
25 69 60
25 70 31
25 71 67
25 72 45
25 73 31
25 74 33
25 75 56
25 76 71
25 77 30
25 78 52
25 79 82
25 80 27
25 81 53
25 82 52
25 83 33
25 84 54
25 85 35
25 86 73
25 87 68
25 88 97
25 89 69
25 90 55
25 91 28
25 92 19
25 93 37
25 94 22
25 95 97
25 96 42
25 97 65
25 98 80
25 99 27
26 27 69
26 28 44
26 29 51
26 30 20
26 31 106
26 32 49
26 33 50
26 34 18
26 35 57
26 36 16
26 37 32
26 38 37
26 39 17
26 40 72
26 41 56
26 42 42
26 43 57
26 44 82
26 45 72
26 46 91
26 47 32
26 48 29
26 49 30
26 50 36
26 51 58
26 52 77
26 53 57
26 54 48
26 55 51
26 56 54
26 57 42
26 58 90
26 59 30
26 60 59
26 61 86
26 62 49
26 63 96
26 64 71
26 65 46
26 66 71
26 67 40
26 68 64
26 69 62
26 70 44
26 71 79
26 72 45
26 73 35
26 74 16
26 75 35
26 76 53
26 77 29
26 78 61
26 79 71
26 80 21
26 81 61
26 82 43
26 83 43
26 84 35
26 85 15
26 86 72
26 87 57
26 88 79
26 89 70
26 90 67
26 91 43
26 92 22
26 93 43
26 94 8
26 95 77
26 96 22
26 97 69
26 98 59
26 99 13
27 28 50
27 29 41
27 30 89
27 31 39
27 32 62
27 33 20
27 34 56
27 35 39
27 36 66
27 37 79
27 38 37
27 39 60
27 40 51
27 41 41
27 42 67
27 43 15
27 44 23
27 45 29
27 46 38
27 47 46
27 48 45
27 49 41
27 50 60
27 51 44
27 52 12
27 53 14
27 54 62
27 55 37
27 56 27
27 57 36
27 58 23
27 59 46
27 60 55
27 61 17
27 62 38
27 63 29
27 64 40
27 65 75
27 66 65
27 67 46
27 68 58
27 69 26
27 70 57
27 71 61
27 72 32
27 73 46
27 74 82
27 75 64
27 76 50
27 77 46
27 78 48
27 79 20
27 80 50
27 81 44
27 82 27
27 83 53
27 84 53
27 85 58
27 86 14
27 87 20
27 88 53
27 89 22
27 90 56
27 91 62
27 92 57
27 93 45
27 94 78
27 95 67
27 96 83
27 97 34
27 98 69
27 99 57
28 29 10
28 30 58
28 31 89
28 32 13
28 33 32
28 34 27
28 35 17
28 36 53
28 37 71
28 38 19
28 39 49
28 40 28
28 41 15
28 42 72
28 43 34
28 44 50
28 45 69
28 46 85
28 47 48
28 48 45
28 49 23
28 50 63
28 51 15
28 52 51
28 53 37
28 54 13
28 55 13
28 56 22
28 57 15
28 58 72
28 59 16
28 60 15
28 61 63
28 62 12
28 63 78
28 64 29
28 65 79
28 66 90
28 67 56
28 68 82
28 69 28
28 70 7
28 71 35
28 72 19
28 73 11
28 74 59
28 75 65
28 76 69
28 77 18
28 78 18
28 79 63
28 80 26
28 81 18
28 82 37
28 83 3
28 84 57
28 85 45
28 86 43
28 87 52
28 88 88
28 89 36
28 90 24
28 91 13
28 92 22
28 93 4
28 94 50
28 95 95
28 96 66
28 97 30
28 98 85
28 99 37
29 30 67
29 31 79
29 32 21
29 33 27
29 34 33
29 35 6
29 36 58
29 37 76
29 38 19
29 39 53
29 40 22
29 41 5
29 42 74
29 43 27
29 44 40
29 45 64
29 46 78
29 47 49
29 48 46
29 49 25
29 50 65
29 51 8
29 52 41
29 53 30
29 54 22
29 55 4
29 56 14
29 57 13
29 58 64
29 59 21
29 60 15
29 61 54
29 62 4
29 63 69
29 64 20
29 65 81
29 66 88
29 67 56
29 68 80
29 69 17
29 70 17
29 71 31
29 72 14
29 73 16
29 74 67
29 75 68
29 76 68
29 77 22
29 78 12
29 79 56
29 80 31
29 81 10
29 82 33
29 83 13
29 84 59
29 85 49
29 86 33
29 87 46
29 88 84
29 89 26
29 90 21
29 91 23
29 92 30
29 93 8
29 94 58
29 95 92
29 96 72
29 97 20
29 98 85
29 99 42
30 31 126
30 32 60
30 33 70
30 34 36
30 35 74
30 36 31
30 37 38
30 38 56
30 39 35
30 40 87
30 41 72
30 42 54
30 43 76
30 44 101
30 45 92
30 46 110
30 47 51
30 48 49
30 49 49
30 50 50
30 51 74
30 52 97
30 53 76
30 54 58
30 55 68
30 56 72
30 57 60
30 58 110
30 59 48
30 60 72
30 61 106
30 62 65
30 63 116
30 64 87
30 65 56
30 66 86
30 67 58
30 68 79
30 69 80
30 70 56
30 71 92
30 72 64
30 73 51
30 74 15
30 75 48
30 76 69
30 77 47
30 78 76
30 79 91
30 80 40
30 81 76
30 82 63
30 83 57
30 84 52
30 85 34
30 86 91
30 87 77
30 88 96
30 89 88
30 90 81
30 91 54
30 92 38
30 93 59
30 94 12
30 95 92
30 96 23
30 97 87
30 98 72
30 99 33
31 32 100
31 33 59
31 34 94
31 35 76
31 36 99
31 37 108
31 38 76
31 39 93
31 40 84
31 41 78
31 42 92
31 43 55
31 44 46
31 45 39
31 46 27
31 47 77
31 48 78
31 49 80
31 50 87
31 51 81
31 52 39
31 53 53
31 54 101
31 55 75
31 56 66
31 57 76
31 58 17
31 59 85
31 60 92
31 61 26
31 62 77
31 63 11
31 64 73
31 65 98
31 66 75
31 67 73
31 68 72
31 69 63
31 70 96
31 71 92
31 72 71
31 73 85
31 74 116
31 75 91
31 76 70
31 77 85
31 78 84
31 79 36
31 80 88
31 81 81
31 82 63
31 83 92
31 84 81
31 85 93
31 86 47
31 87 49
31 88 56
31 89 56
31 90 91
31 91 101
31 92 96
31 93 84
31 94 114
31 95 73
31 96 116
31 97 67
31 98 86
31 99 93
32 33 45
32 34 34
32 35 25
32 36 61
32 37 79
32 38 32
32 39 58
32 40 29
32 41 23
32 42 82
32 43 47
32 44 59
32 45 82
32 46 98
32 47 60
32 48 56
32 49 35
32 50 74
32 51 21
32 52 62
32 53 50
32 54 2
32 55 25
32 56 34
32 57 28
32 58 84
32 59 27
32 60 13
32 61 75
32 62 23
32 63 90
32 64 35
32 65 89
32 66 102
32 67 68
32 68 94
32 69 38
32 70 7
32 71 32
32 72 32
32 73 23
32 74 64
32 75 76
32 76 81
32 77 29
32 78 20
32 79 76
32 80 36
32 81 23
32 82 50
32 83 10
32 84 69
32 85 54
32 86 54
32 87 65
32 88 101
32 89 46
32 90 21
32 91 6
32 92 28
32 93 17
32 94 54
32 95 107
32 96 72
32 97 38
32 98 96
32 99 46
33 34 35
33 35 27
33 36 49
33 37 64
33 38 17
33 39 42
33 40 44
33 41 29
33 42 56
33 43 7
33 44 34
33 45 37
33 46 53
33 47 31
33 48 30
33 49 21
33 50 47
33 51 32
33 52 27
33 53 7
33 54 46
33 55 22
33 56 15
33 57 18
33 58 43
33 59 26
33 60 42
33 61 37
33 62 23
33 63 49
33 64 35
33 65 63
33 66 64
33 67 35
33 68 56
33 69 20
33 70 40
33 71 54
33 72 14
33 73 26
33 74 63
33 75 51
33 76 44
33 77 25
33 78 37
33 79 31
33 80 30
33 81 34
33 82 10
33 83 35
33 84 40
33 85 40
33 86 22
33 87 20
33 88 58
33 89 24
33 90 46
33 91 44
33 92 36
33 93 28
33 94 58
33 95 67
33 96 65
33 97 30
33 98 63
33 99 38
34 35 39
34 36 27
34 37 45
34 38 20
34 39 24
34 40 54
34 41 38
34 42 49
34 43 41
34 44 66
34 45 64
34 46 83
34 47 30
34 48 26
34 49 14
34 50 41
34 51 41
34 52 62
34 53 42
34 54 33
34 55 33
34 56 37
34 57 24
34 58 78
34 59 13
34 60 42
34 61 72
34 62 31
34 63 84
34 64 53
34 65 55
34 66 73
34 67 39
34 68 65
34 69 45
34 70 28
34 71 62
34 72 28
34 73 17
34 74 33
34 75 42
34 76 53
34 77 12
34 78 44
34 79 61
34 80 6
34 81 43
34 82 31
34 83 27
34 84 37
34 85 20
34 86 56
34 87 47
34 88 77
34 89 53
34 90 50
34 91 29
34 92 6
34 93 26
34 94 25
34 95 79
34 96 39
34 97 52
34 98 64
34 99 11
35 36 63
35 37 81
35 38 23
35 39 58
35 40 17
35 41 2
35 42 78
35 43 26
35 44 34
35 45 63
35 46 77
35 47 53
35 48 50
35 49 30
35 50 69
35 51 5
35 52 37
35 53 29
35 54 26
35 55 7
35 56 13
35 57 17
35 58 61
35 59 27
35 60 16
35 61 50
35 62 9
35 63 65
35 64 14
35 65 85
35 66 90
35 67 59
35 68 82
35 69 13
35 70 22
35 71 27
35 72 17
35 73 22
35 74 73
35 75 72
35 76 70
35 77 28
35 78 10
35 79 56
35 80 37
35 81 7
35 82 36
35 83 19
35 84 63
35 85 55
35 86 29
35 87 47
35 88 85
35 89 21
35 90 19
35 91 28
35 92 36
35 93 14
35 94 64
35 95 94
35 96 78
35 97 14
35 98 88
35 99 48
36 37 18
36 38 40
36 39 6
36 40 80
36 41 63
36 42 25
36 43 56
36 44 82
36 45 62
36 46 81
36 47 22
36 48 21
36 49 34
36 50 20
36 51 66
36 52 76
36 53 55
36 54 60
36 55 56
36 56 57
36 57 47
36 58 84
36 59 37
36 60 68
36 61 82
36 62 55
36 63 90
36 64 76
36 65 29
36 66 56
36 67 27
36 68 49
36 69 65
36 70 55
36 71 88
36 72 49
36 73 42
36 74 18
36 75 19
36 76 38
36 77 36
36 78 69
36 79 63
36 80 27
36 81 68
36 82 40
36 83 54
36 84 21
36 85 9
36 86 71
36 87 50
36 88 65
36 89 71
36 90 77
36 91 56
36 92 33
36 93 52
36 94 21
36 95 62
36 96 17
36 97 74
36 98 43
36 99 16
37 38 58
37 39 23
37 40 98
37 41 81
37 42 19
37 43 71
37 44 98
37 45 69
37 46 87
37 47 33
37 48 34
37 49 51
37 50 21
37 51 84
37 52 90
37 53 69
37 54 78
37 55 74
37 56 73
37 57 64
37 58 94
37 59 55
37 60 87
37 61 95
37 62 72
37 63 100
37 64 94
37 65 18
37 66 52
37 67 35
37 68 46
37 69 82
37 70 73
37 71 106
37 72 66
37 73 61
37 74 23
37 75 17
37 76 40
37 77 54
37 78 87
37 79 72
37 80 45
37 81 86
37 82 54
37 83 72
37 84 27
37 85 27
37 86 86
37 87 61
37 88 66
37 89 88
37 90 95
37 91 74
37 92 51
37 93 70
37 94 32
37 95 57
37 96 15
37 97 91
37 98 36
37 99 34
38 39 35
38 40 41
38 41 24
38 42 55
38 43 22
38 44 46
38 45 51
38 46 68
38 47 30
38 48 27
38 49 7
38 50 46
38 51 27
38 52 42
38 53 23
38 54 32
38 55 16
38 56 17
38 57 7
38 58 59
38 59 9
38 60 33
38 61 53
38 62 15
38 63 65
38 64 36
38 65 62
38 66 71
38 67 37
38 68 62
38 69 25
38 70 26
38 71 50
38 72 9
38 73 10
38 74 52
38 75 49
38 76 50
38 77 9
38 78 31
38 79 46
38 80 16
38 81 29
38 82 17
38 83 22
38 84 40
38 85 32
38 86 35
38 87 33
38 88 69
38 89 33
38 90 40
38 91 30
38 92 20
38 93 16
38 94 45
38 95 75
38 96 56
38 97 33
38 98 66
38 99 26
39 40 75
39 41 58
39 42 26
39 43 49
39 44 76
39 45 57
39 46 76
39 47 16
39 48 15
39 49 28
39 50 19
39 51 60
39 52 69
39 53 48
39 54 56
39 55 51
39 56 51
39 57 41
39 58 78
39 59 32
39 60 64
39 61 76
39 62 49
39 63 84
39 64 71
39 65 31
39 66 54
39 67 23
39 68 46
39 69 59
39 70 51
39 71 83
39 72 43
39 73 38
39 74 23
39 75 19
39 76 35
39 77 31
39 78 64
39 79 57
39 80 22
39 81 63
39 82 33
39 83 49
39 84 17
39 85 4
39 86 65
39 87 44
39 88 62
39 89 65
39 90 72
39 91 52
39 92 30
39 93 47
39 94 24
39 95 60
39 96 23
39 97 68
39 98 42
39 99 12
40 41 17
40 42 95
40 43 41
40 44 38
40 45 78
40 46 89
40 47 70
40 48 68
40 49 47
40 50 86
40 51 14
40 52 45
40 53 44
40 54 31
40 55 24
40 56 29
40 57 34
40 58 70
40 59 43
40 60 16
40 61 58
40 62 26
40 63 74
40 64 11
40 65 103
40 66 107
40 67 76
40 68 99
40 69 25
40 70 31
40 71 10
40 72 34
40 73 38
40 74 88
40 75 89
40 76 88
40 77 44
40 78 11
40 79 69
40 80 53
40 81 11
40 82 53
40 83 29
40 84 80
40 85 71
40 86 38
40 87 62
40 88 101
40 89 29
40 90 9
40 91 35
40 92 50
40 93 29
40 94 78
40 95 111
40 96 93
40 97 17
40 98 105
40 99 64
41 42 78
41 43 28
41 44 37
41 45 65
41 46 79
41 47 54
41 48 51
41 49 30
41 50 69
41 51 3
41 52 39
41 53 31
41 54 24
41 55 7
41 56 15
41 57 17
41 58 63
41 59 26
41 60 14
41 61 53
41 62 9
41 63 68
41 64 15
41 65 86
41 66 92
41 67 60
41 68 84
41 69 16
41 70 20
41 71 26
41 72 17
41 73 21
41 74 72
41 75 72
41 76 71
41 77 28
41 78 8
41 79 58
41 80 36
41 81 6
41 82 37
41 83 17
41 84 63
41 85 54
41 86 32
41 87 49
41 88 87
41 89 24
41 90 17
41 91 25
41 92 35
41 93 13
41 94 63
41 95 96
41 96 77
41 97 16
41 98 89
41 99 48
42 43 62
42 44 87
42 45 52
42 46 69
42 47 25
42 48 28
42 49 49
42 50 9
42 51 81
42 52 78
42 53 60
42 54 81
42 55 71
42 56 68
42 57 61
42 58 79
42 59 55
42 60 87
42 61 81
42 62 70
42 63 84
42 64 89
42 65 8
42 66 33
42 67 21
42 68 27
42 69 75
42 70 75
42 71 104
42 72 61
42 73 60
42 74 39
42 75 7
42 76 22
42 77 54
42 78 86
42 79 56
42 80 46
42 81 84
42 82 45
42 83 73
42 84 15
42 85 29
42 86 76
42 87 47
42 88 46
42 89 79
42 90 94
42 91 77
42 92 55
42 93 69
42 94 45
42 95 39
42 96 33
42 97 85
42 98 18
42 99 38
43 44 27
43 45 37
43 46 51
43 47 38
43 48 37
43 49 27
43 50 54
43 51 31
43 52 21
43 53 3
43 54 48
43 55 22
43 56 13
43 57 21
43 58 38
43 59 31
43 60 42
43 61 31
43 62 24
43 63 44
43 64 31
43 65 70
43 66 68
43 67 41
43 68 60
43 69 16
43 70 42
43 71 51
43 72 16
43 73 31
43 74 70
43 75 58
43 76 49
43 77 31
43 78 36
43 79 30
43 80 36
43 81 32
43 82 17
43 83 37
43 84 47
43 85 47
43 86 15
43 87 22
43 88 60
43 89 18
43 90 44
43 91 47
43 92 42
43 93 30
43 94 65
43 95 71
43 96 72
43 97 25
43 98 68
43 99 44
44 45 50
44 46 56
44 47 64
44 48 63
44 49 52
44 50 80
44 51 38
44 52 11
44 53 28
44 54 61
44 55 37
44 56 30
44 57 42
44 58 34
44 59 54
44 60 49
44 61 21
44 62 39
44 63 36
44 64 28
44 65 95
44 66 87
44 67 66
44 68 81
44 69 22
44 70 57
44 71 47
44 72 38
44 73 51
44 74 96
44 75 84
44 76 72
44 77 54
44 78 41
44 79 41
44 80 61
44 81 37
44 82 44
44 83 53
44 84 73
44 85 74
44 86 12
44 87 42
44 88 75
44 89 14
44 90 47
44 91 62
44 92 65
44 93 47
44 94 90
44 95 89
44 96 99
44 97 22
44 98 91
44 99 71
45 46 19
45 47 41
45 48 43
45 49 53
45 50 48
45 51 68
45 52 39
45 53 34
45 54 82
45 55 59
45 56 50
45 57 54
45 58 28
45 59 59
45 60 79
45 61 35
45 62 60
45 63 33
45 64 67
45 65 59
45 66 39
45 67 35
45 68 34
45 69 53
45 70 76
45 71 88
45 72 51
45 73 62
45 74 80
45 75 52
45 76 31
45 77 58
45 78 73
45 79 9
45 80 58
45 81 70
45 82 34
45 83 72
45 84 43
45 85 58
45 86 42
45 87 18
45 88 25
45 89 51
45 90 82
45 91 81
45 92 68
45 93 65
45 94 80
45 95 40
45 96 78
45 97 61
45 98 48
45 99 60
46 47 59
46 48 62
46 49 70
46 50 66
46 51 82
46 52 46
46 53 48
46 54 98
46 55 74
46 56 64
46 57 70
46 58 24
46 59 77
46 60 93
46 61 36
46 62 75
46 63 26
46 64 78
46 65 75
46 66 48
46 67 54
46 68 47
46 69 65
46 70 92
46 71 99
46 72 66
46 73 79
46 74 99
46 75 70
46 76 47
46 77 76
46 78 86
46 79 22
46 80 77
46 81 83
46 82 52
46 83 88
46 84 61
46 85 76
46 86 51
46 87 35
46 88 30
46 89 60
46 90 95
46 91 97
46 92 86
46 93 81
46 94 99
46 95 47
46 96 97
46 97 72
46 98 61
46 99 79
47 48 4
47 49 26
47 50 16
47 51 57
47 52 56
47 53 36
47 54 59
47 55 46
47 56 43
47 57 37
47 58 62
47 59 33
47 60 63
47 61 61
47 62 45
47 63 68
47 64 64
47 65 33
47 66 43
47 67 9
47 68 35
47 69 51
47 70 53
47 71 80
47 72 37
47 73 37
47 74 40
47 75 20
47 76 23
47 77 31
47 78 61
47 79 41
47 80 25
47 81 59
47 82 21
47 83 50
47 84 10
47 85 17
47 86 53
47 87 28
47 88 48
47 89 55
47 90 70
47 91 56
47 92 35
47 93 45
47 94 39
47 95 49
47 96 39
47 97 60
47 98 36
47 99 22
48 49 22
48 50 19
48 51 54
48 52 56
48 53 35
48 54 55
48 55 43
48 56 41
48 57 34
48 58 63
48 59 29
48 60 59
48 61 62
48 62 42
48 63 69
48 64 62
48 65 35
48 66 47
48 67 12
48 68 39
48 69 48
48 70 49
48 71 77
48 72 34
48 73 34
48 74 38
48 75 22
48 76 26
48 77 27
48 78 58
48 79 42
48 80 21
48 81 56
48 82 20
48 83 46
48 84 13
48 85 15
48 86 52
48 87 29
48 88 51
48 89 54
48 90 67
48 91 52
48 92 32
48 93 42
48 94 37
48 95 53
48 96 38
48 97 58
48 98 40
48 99 18
49 50 40
49 51 33
49 52 48
49 53 28
49 54 34
49 55 23
49 56 24
49 57 13
49 58 63
49 59 7
49 60 37
49 61 58
49 62 21
49 63 70
49 64 43
49 65 57
49 66 68
49 67 33
49 68 60
49 69 32
49 70 28
49 71 56
49 72 15
49 73 12
49 74 45
49 75 43
49 76 47
49 77 6
49 78 37
49 79 48
49 80 9
49 81 35
49 82 18
49 83 24
49 84 35
49 85 25
49 86 42
49 87 35
49 88 68
49 89 40
49 90 45
49 91 31
49 92 16
49 93 20
49 94 38
49 95 73
49 96 49
49 97 40
49 98 62
49 99 19
50 51 72
50 52 71
50 53 52
50 54 72
50 55 62
50 56 59
50 57 52
50 58 73
50 59 47
50 60 78
50 61 74
50 62 61
50 63 79
50 64 80
50 65 17
50 66 36
50 67 14
50 68 29
50 69 67
50 70 67
50 71 96
50 72 53
50 73 52
50 74 36
50 75 4
50 76 20
50 77 45
50 78 77
50 79 51
50 80 38
50 81 75
50 82 37
50 83 64
50 84 7
50 85 22
50 86 68
50 87 41
50 88 46
50 89 71
50 90 85
50 91 69
50 92 47
50 93 60
50 94 41
50 95 42
50 96 32
50 97 76
50 98 24
50 99 30
51 52 42
51 53 34
51 54 23
51 55 11
51 56 18
51 57 20
51 58 66
51 59 29
51 60 11
51 61 55
51 62 12
51 63 70
51 64 14
51 65 89
51 66 95
51 67 63
51 68 87
51 69 18
51 70 20
51 71 23
51 72 21
51 73 24
51 74 74
51 75 75
51 76 75
51 77 30
51 78 5
51 79 61
51 80 39
51 81 3
51 82 40
51 83 17
51 84 66
51 85 57
51 86 34
51 87 52
51 88 90
51 89 25
51 90 14
51 91 25
51 92 36
51 93 15
51 94 65
51 95 99
51 96 79
51 97 17
51 98 92
51 99 50
52 53 21
52 54 63
52 55 37
52 56 28
52 57 40
52 58 25
52 59 51
52 60 53
52 61 13
52 62 39
52 63 29
52 64 34
52 65 86
52 66 77
52 67 57
52 68 70
52 69 24
52 70 58
52 71 55
52 72 35
52 73 50
52 74 91
52 75 75
52 76 62
52 77 51
52 78 45
52 79 30
52 80 57
52 81 41
52 82 36
52 83 54
52 84 64
52 85 68
52 86 8
52 87 32
52 88 64
52 89 16
52 90 52
52 91 63
52 92 62
52 93 47
52 94 85
52 95 78
52 96 93
52 97 28
52 98 81
52 99 65
53 54 50
53 55 25
53 56 16
53 57 23
53 58 36
53 59 32
53 60 45
53 61 30
53 62 26
53 63 42
53 64 34
53 65 68
53 66 64
53 67 39
53 68 57
53 69 19
53 70 44
53 71 54
53 72 18
53 73 32
53 74 70
53 75 56
53 76 46
53 77 32
53 78 39
53 79 27
53 80 36
53 81 35
53 82 15
53 83 40
53 84 45
53 85 47
53 86 17
53 87 19
53 88 57
53 89 20
53 90 48
53 91 50
53 92 43
53 93 33
53 94 65
53 95 68
53 96 72
53 97 29
53 98 65
53 99 44
54 55 26
54 56 35
54 57 28
54 58 85
54 59 27
54 60 15
54 61 76
54 62 24
54 63 91
54 64 36
54 65 87
54 66 102
54 67 67
54 68 93
54 69 39
54 70 6
54 71 34
54 72 32
54 73 22
54 74 62
54 75 74
54 76 81
54 77 28
54 78 22
54 79 76
54 80 35
54 81 25
54 82 49
54 83 10
54 84 68
54 85 53
54 86 55
54 87 65
54 88 101
54 89 47
54 90 23
54 91 4
54 92 27
54 93 18
54 94 52
54 95 107
54 96 70
54 97 39
54 98 95
54 99 44
55 56 10
55 57 10
55 58 60
55 59 20
55 60 20
55 61 50
55 62 2
55 63 65
55 64 20
55 65 78
55 66 84
55 67 53
55 68 76
55 69 14
55 70 21
55 71 34
55 72 10
55 73 16
55 74 66
55 75 65
55 76 64
55 77 22
55 78 15
55 79 52
55 80 30
55 81 13
55 82 29
55 83 16
55 84 56
55 85 48
55 86 30
55 87 42
55 88 80
55 89 23
55 90 24
55 91 26
55 92 30
55 93 10
55 94 58
55 95 88
55 96 71
55 97 19
55 98 81
55 99 41
56 57 12
56 58 50
56 59 24
56 60 28
56 61 41
56 62 11
56 63 55
56 64 21
56 65 76
56 66 78
56 67 48
56 68 70
56 69 9
56 70 30
56 71 39
56 72 8
56 73 22
56 74 68
56 75 63
56 76 59
56 77 25
56 78 23
56 79 43
56 80 32
56 81 19
56 82 24
56 83 26
56 84 52
56 85 48
56 86 21
56 87 34
56 88 72
56 89 16
56 90 32
56 91 35
56 92 35
56 93 18
56 94 61
56 95 82
56 96 72
56 97 17
56 98 77
56 99 43
57 58 59
57 59 12
57 60 27
57 61 52
57 62 9
57 63 65
57 64 30
57 65 69
57 66 76
57 67 43
57 68 68
57 69 20
57 70 22
57 71 43
57 72 5
57 73 10
57 74 57
57 75 55
57 76 56
57 77 13
57 78 25
57 79 48
57 80 21
57 81 23
57 82 22
57 83 18
57 84 46
57 85 38
57 86 33
57 87 37
57 88 74
57 89 29
57 90 33
57 91 27
57 92 23
57 93 11
57 94 49
57 95 81
57 96 62
57 97 28
57 98 72
57 99 32
58 59 69
58 60 77
58 61 13
58 62 61
58 63 6
58 64 59
58 65 86
58 66 66
58 67 59
58 68 62
58 69 48
58 70 80
58 71 79
58 72 55
58 73 69
58 74 101
58 75 77
58 76 58
58 77 68
58 78 69
58 79 22
58 80 71
58 81 66
58 82 47
58 83 75
58 84 67
58 85 77
58 86 32
58 87 34
58 88 50
58 89 41
58 90 77
58 91 85
58 92 79
58 93 68
58 94 98
58 95 66
58 96 101
58 97 53
58 98 76
58 99 77
59 60 32
59 61 62
59 62 18
59 63 75
59 64 40
59 65 62
59 66 75
59 67 41
59 68 67
59 69 32
59 70 21
59 71 51
59 72 16
59 73 5
59 74 46
59 75 49
59 76 54
59 77 2
59 78 32
59 79 55
59 80 10
59 81 31
59 82 25
59 83 18
59 84 41
59 85 29
59 86 44
59 87 42
59 88 76
59 89 41
59 90 40
59 91 24
59 92 11
59 93 14
59 94 37
59 95 80
59 96 51
59 97 39
59 98 69
59 99 21
60 61 66
60 62 19
60 63 81
60 64 22
60 65 94
60 66 103
60 67 70
60 68 95
60 69 29
60 70 15
60 71 21
60 72 29
60 73 26
60 74 74
60 75 80
60 76 83
60 77 33
60 78 8
60 79 71
60 80 42
60 81 11
60 82 48
60 83 15
60 84 72
60 85 60
60 86 45
60 87 62
60 88 100
60 89 36
60 90 9
60 91 19
60 92 37
60 93 18
60 94 64
60 95 107
60 96 80
60 97 27
60 98 99
60 99 52
61 62 52
61 63 16
61 64 47
61 65 89
61 66 74
61 67 60
61 68 69
61 69 37
61 70 71
61 71 67
61 72 47
61 73 61
61 74 99
61 75 79
61 76 62
61 77 62
61 78 58
61 79 27
61 80 66
61 81 55
61 82 43
61 83 67
61 84 68
61 85 75
61 86 21
61 87 34
61 88 59
61 89 30
61 90 65
61 91 76
61 92 73
61 93 59
61 94 94
61 95 74
61 96 99
61 97 41
61 98 81
61 99 74
62 63 66
62 64 22
62 65 77
62 66 84
62 67 52
62 68 76
62 69 17
62 70 19
62 71 35
62 72 10
62 73 14
62 74 64
62 75 64
62 76 64
62 77 19
62 78 16
62 79 53
62 80 28
62 81 14
62 82 29
62 83 15
62 84 55
62 85 46
62 86 32
62 87 43
62 88 80
62 89 25
62 90 25
62 91 24
62 92 28
62 93 8
62 94 55
62 95 88
62 96 69
62 97 21
62 98 81
62 99 39
63 64 63
63 65 91
63 66 71
63 67 65
63 68 67
63 69 52
63 70 85
63 71 83
63 72 60
63 73 75
63 74 107
63 75 83
63 76 64
63 77 74
63 78 74
63 79 28
63 80 78
63 81 70
63 82 53
63 83 81
63 84 73
63 85 83
63 86 36
63 87 40
63 88 54
63 89 45
63 90 81
63 91 91
63 92 85
63 93 74
63 94 104
63 95 70
63 96 107
63 97 57
63 98 81
63 99 84
64 65 97
64 66 99
64 67 70
64 68 91
64 69 15
64 70 34
64 71 21
64 72 28
64 73 36
64 74 86
64 75 84
64 76 80
64 77 42
64 78 14
64 79 59
64 80 50
64 81 12
64 82 45
64 83 31
64 84 74
64 85 68
64 86 27
64 87 53
64 88 91
64 89 18
64 90 19
64 91 39
64 92 50
64 93 28
64 94 78
64 95 102
64 96 91
64 97 6
64 98 98
64 99 61
65 66 34
65 67 29
65 68 30
65 69 83
65 70 82
65 71 112
65 72 69
65 73 68
65 74 41
65 75 13
65 76 28
65 77 61
65 78 93
65 79 64
65 80 53
65 81 91
65 82 53
65 83 80
65 84 23
65 85 35
65 86 84
65 87 55
65 88 50
65 89 87
65 90 101
65 91 84
65 92 61
65 93 76
65 94 48
65 95 40
65 96 33
65 97 93
65 98 18
65 99 44
66 67 35
66 68 8
66 69 83
66 70 96
66 71 117
66 72 74
66 73 80
66 74 72
66 75 38
66 76 21
66 77 74
66 78 100
66 79 47
66 80 69
66 81 97
66 82 55
66 83 92
66 84 37
66 85 57
66 86 78
66 87 46
66 88 19
66 89 84
66 90 109
66 91 99
66 92 79
66 93 86
66 94 76
66 95 6
66 96 66
66 97 93
66 98 16
66 99 64
67 68 27
67 69 55
67 70 61
67 71 86
67 72 43
67 73 45
67 74 45
67 75 18
67 76 14
67 77 39
67 78 68
67 79 37
67 80 34
67 81 66
67 82 25
67 83 58
67 84 8
67 85 25
67 86 55
67 87 27
67 88 39
67 89 59
67 90 77
67 91 64
67 92 44
67 93 53
67 94 47
67 95 40
67 96 43
67 97 65
67 98 29
67 99 30
68 69 76
68 70 87
68 71 110
68 72 66
68 73 71
68 74 65
68 75 31
68 76 13
68 77 65
68 78 92
68 79 42
68 80 60
68 81 89
68 82 47
68 83 84
68 84 29
68 85 49
68 86 71
68 87 39
68 88 20
68 89 77
68 90 101
68 91 90
68 92 71
68 93 78
68 94 69
68 95 14
68 96 60
68 97 85
68 98 14
68 99 56
69 70 34
69 71 35
69 72 17
69 73 29
69 74 77
69 75 70
69 76 65
69 77 33
69 78 22
69 79 44
69 80 41
69 81 18
69 82 30
69 83 31
69 84 60
69 85 56
69 86 16
69 87 38
69 88 76
69 89 9
69 90 30
69 91 40
69 92 43
69 93 24
69 94 70
69 95 87
69 96 81
69 97 10
69 98 83
69 99 51
70 71 36
70 72 26
70 73 16
70 74 59
70 75 69
70 76 75
70 77 22
70 78 20
70 79 70
70 80 29
70 81 22
70 82 43
70 83 4
70 84 62
70 85 48
70 86 50
70 87 59
70 88 95
70 89 43
70 90 24
70 91 6
70 92 22
70 93 12
70 94 49
70 95 100
70 96 66
70 97 36
70 98 89
70 99 39
71 72 44
71 73 46
71 74 94
71 75 98
71 76 98
71 77 52
71 78 19
71 79 80
71 80 61
71 81 21
71 82 63
71 83 36
71 84 89
71 85 80
71 86 48
71 87 73
71 88 111
71 89 39
71 90 12
71 91 38
71 92 57
71 93 36
71 94 84
71 95 121
71 96 101
71 97 27
71 98 115
71 99 72
72 73 15
72 74 60
72 75 56
72 76 54
72 77 17
72 78 25
72 79 44
72 80 24
72 81 23
72 82 20
72 83 22
72 84 46
72 85 40
72 86 28
72 87 33
72 88 71
72 89 24
72 90 34
72 91 31
72 92 27
72 93 14
72 94 53
72 95 79
72 96 64
72 97 25
72 98 71
72 99 35
73 74 50
73 75 54
73 76 59
73 77 7
73 78 27
73 79 56
73 80 16
73 81 26
73 82 28
73 83 13
73 84 46
73 85 34
73 86 43
73 87 44
73 88 79
73 89 38
73 90 34
73 91 20
73 92 14
73 93 9
73 94 41
73 95 84
73 96 56
73 97 35
73 98 74
73 99 27
74 75 34
74 76 56
74 77 45
74 78 77
74 79 80
74 80 36
74 81 77
74 82 55
74 83 59
74 84 39
74 85 24
74 86 85
74 87 67
74 88 83
74 89 84
74 90 83
74 91 58
74 92 38
74 93 59
74 94 11
74 95 78
74 96 9
74 97 85
74 98 57
74 99 26
75 76 23
75 77 47
75 78 80
75 79 55
75 80 39
75 81 78
75 82 41
75 83 66
75 84 11
75 85 22
75 86 72
75 87 45
75 88 49
75 89 75
75 90 88
75 91 70
75 92 48
75 93 63
75 94 39
75 95 44
75 96 29
75 97 80
75 98 24
75 99 31
76 77 53
76 78 80
76 79 36
76 80 48
76 81 77
76 82 35
76 83 71
76 84 18
76 85 37
76 86 61
76 87 30
76 88 27
76 89 67
76 90 89
76 91 78
76 92 58
76 93 65
76 94 59
76 95 26
76 96 52
76 97 74
76 98 19
76 99 44
77 78 34
77 79 54
77 80 9
77 81 33
77 82 24
77 83 19
77 84 40
77 85 27
77 86 44
77 87 41
77 88 74
77 89 41
77 90 41
77 91 25
77 92 11
77 93 16
77 94 37
77 95 79
77 96 50
77 97 40
77 98 67
77 99 20
78 79 65
78 80 43
78 81 4
78 82 45
78 83 19
78 84 71
78 85 61
78 86 38
78 87 57
78 88 95
78 89 29
78 90 9
78 91 25
78 92 39
78 93 18
78 94 67
78 95 104
78 96 83
78 97 18
78 98 97
78 99 54
79 80 55
79 81 62
79 82 30
79 83 66
79 84 45
79 85 57
79 86 33
79 87 14
79 88 34
79 89 42
79 90 74
79 91 75
79 92 64
79 93 59
79 94 79
79 95 48
79 96 80
79 97 53
79 98 54
79 99 59
80 81 42
80 82 25
80 83 27
80 84 33
80 85 19
80 86 51
80 87 41
80 88 71
80 89 48
80 90 50
80 91 31
80 92 10
80 93 25
80 94 29
80 95 74
80 96 41
80 97 48
80 98 60
80 99 11
81 82 42
81 83 20
81 84 69
81 85 60
81 86 34
81 87 53
81 88 92
81 89 25
81 90 12
81 91 27
81 92 39
81 93 18
81 94 67
81 95 101
81 96 82
81 97 15
81 98 94
81 99 53
82 83 39
82 84 30
82 85 32
82 86 32
82 87 17
82 88 52
82 89 34
82 90 54
82 91 47
82 92 34
82 93 32
82 94 51
82 95 59
82 96 57
82 97 40
82 98 53
82 99 31
83 84 59
83 85 46
83 86 46
83 87 54
83 88 91
83 89 39
83 90 24
83 91 10
83 92 21
83 93 7
83 94 49
83 95 97
83 96 65
83 97 33
83 98 86
83 99 38
84 85 20
84 86 61
84 87 34
84 88 45
84 89 64
84 90 79
84 91 64
84 92 43
84 93 54
84 94 41
84 95 43
84 96 35
84 97 70
84 98 27
84 99 27
85 86 63
85 87 44
85 88 64
85 89 63
85 90 69
85 91 49
85 92 26
85 93 43
85 94 22
85 95 63
85 96 25
85 97 65
85 98 46
85 99 8
86 87 31
86 88 67
86 89 9
86 90 45
86 91 56
86 92 55
86 93 39
86 94 79
86 95 80
86 96 88
86 97 21
86 98 80
86 99 60
87 88 38
87 89 38
87 90 66
87 91 63
87 92 51
87 93 47
87 94 65
87 95 49
87 96 67
87 97 47
87 98 49
87 99 45
88 89 75
88 90 104
88 91 99
88 92 82
88 93 84
88 94 86
88 95 17
88 96 78
88 97 85
88 98 34
88 99 69
89 90 36
89 91 49
89 92 51
89 93 33
89 94 77
89 95 87
89 96 88
89 97 12
89 98 86
89 99 58
90 91 27
90 92 45
90 93 25
90 94 73
90 95 113
90 96 89
90 97 25
90 98 106
90 99 61
91 92 23
91 93 17
91 94 47
91 95 104
91 96 65
91 97 41
91 98 92
91 99 40
92 93 22
92 94 28
92 95 84
92 96 44
92 97 49
92 98 70
92 99 17
93 94 50
93 95 91
93 96 65
93 97 28
93 98 81
93 99 36
94 95 82
94 96 19
94 97 77
94 98 63
94 99 21
95 96 72
95 97 96
95 98 22
95 99 70
96 97 89
96 98 50
96 99 30
97 98 93
97 99 59
98 99 54
0 1 39
0 4 5
0 5 11
0 6 48
0 7 55
0 8 50
0 10 91
0 12 85
0 13 88
0 14 62
0 15 60
0 16 23
0 18 49
0 19 89
0 21 29
0 22 28
0 23 22
0 25 81
0 27 8
0 28 52
0 29 43
0 30 96
0 31 37
0 34 62
0 35 39
0 36 74
0 37 87
0 41 42
0 42 75
0 43 20
0 44 15
0 45 35
0 46 41
0 47 54
0 48 53
0 49 47
0 51 44
0 52 5
0 55 39
0 56 30
0 57 41
0 58 21
0 59 51
0 61 11
0 62 41
0 64 38
0 65 83
0 67 54
0 68 66
0 69 26
0 70 60
0 73 50
0 74 89
0 75 72
0 76 58
0 77 51
0 78 48
0 79 26
0 80 56
0 82 34
0 83 55
0 85 66
0 87 28
0 88 60
0 90 55
0 91 65
0 92 62
0 95 74
0 96 91
0 97 31
0 98 77
0 99 64
1 4 44
1 5 49
1 6 11
1 9 35
1 11 74
1 12 61
1 13 56
1 14 45
1 15 26
1 16 54
1 17 92
1 19 59
1 21 65
1 22 17
1 24 52
1 26 48
1 27 36
1 29 7
1 30 65
1 31 75
1 32 26
1 33 20
1 36 53
1 37 71
1 38 13
1 39 48
1 40 28
1 42 68
1 43 21
1 44 38
1 46 72
1 47 43
1 48 40
1 49 19
1 50 59
1 51 14
1 52 38
1 53 24
1 54 26
1 55 3
1 59 17
1 60 22
1 61 50
1 62 3
1 63 65
1 64 23
1 65 75
1 66 82
1 67 49
1 68 73
1 69 16
1 70 21
1 71 37
1 72 7
1 73 14
1 74 63
1 75 62
1 78 18
1 79 50
1 81 16
1 82 27
1 84 52
1 85 44
1 86 30
1 87 40
1 88 78
1 89 25
1 91 26
1 92 27
1 93 9
1 94 55
1 95 86
1 96 68
1 97 22
1 98 78
2 3 41
2 4 59
2 5 54
2 6 73
2 9 51
2 11 43
2 13 70
2 14 35
2 15 89
2 16 42
2 19 66
2 20 73
2 21 53
2 23 57
2 24 20
2 25 76
2 26 58
2 27 49
2 28 72
2 29 70
2 30 75
2 31 67
2 33 46
2 36 44
2 37 45
2 38 53
2 41 74
2 42 26
2 44 72
2 45 28
2 47 27
2 48 31
2 49 50
2 50 25
2 52 61
2 53 47
2 54 84
2 55 67
2 56 60
2 57 58
2 58 55
2 59 58
2 60 85
2 62 66
2 63 61
2 64 81
2 65 32
2 66 18
2 67 19
2 68 10
2 71 100
2 74 61
2 75 28
2 77 56
2 78 82
2 80 52
2 81 79
2 82 37
2 84 23
2 85 43
2 86 61
2 88 22
2 90 91
2 93 68
2 94 64
2 95 22
2 97 76
2 98 20
2 99 49
3 4 45
3 5 46
3 6 32
3 7 19
3 8 49
3 10 52
3 12 45
3 15 48
3 16 45
3 17 68
3 19 49
3 21 58
3 27 33
3 29 30
3 30 56
3 32 44
3 33 14
3 34 24
3 35 33
3 36 35
3 37 51
3 38 12
3 39 29
3 40 51
3 43 21
3 44 47
3 46 59
3 47 20
3 48 17
3 49 11
3 51 37
3 52 41
3 53 20
3 54 43
3 55 27
3 57 18
3 58 54
3 59 18
3 61 50
3 63 60
3 67 26
3 69 31
3 71 60
3 72 17
3 75 39
3 77 17
3 78 42
3 79 37
3 80 18
3 82 8
3 83 33
3 84 29
3 85 27
3 86 36
3 88 58
3 89 37
3 90 51
3 91 41
3 92 26
3 93 27
3 95 63
3 96 52
3 97 40
3 98 55
4 5 8
4 7 60
4 8 55
4 9 67
4 13 93
4 14 66
4 16 22
4 18 53
4 19 93
4 20 52
4 24 39
4 25 86
4 26 81
4 27 12
4 28 57
4 29 48
4 30 101
4 33 31
4 34 67
4 36 78
4 38 47
4 39 72
4 40 53
4 42 78
4 43 25
4 45 35
4 46 39
4 47 58
4 48 57
4 50 71
4 51 49
4 52 8
4 54 70
4 56 35
4 57 46
4 58 17
4 59 56
4 60 60
4 63 21
4 64 42
4 65 86
4 67 57
4 68 68
4 69 31
4 70 65
4 71 62
4 72 41
4 74 94
4 75 76
4 76 60
4 77 56
4 78 52
4 79 26
4 81 49
4 82 39
4 83 60
4 84 65
4 85 70
4 86 15
4 87 31
4 88 60
4 89 24
4 90 60
4 92 67
4 93 53
4 94 89
4 95 75
4 96 95
4 97 35
4 98 79
4 99 69
5 7 62
5 8 61
5 9 68
5 10 97
5 11 89
5 14 65
5 15 71
5 16 15
5 18 59
5 19 94
5 20 57
5 22 35
5 23 11
5 24 35
5 25 88
5 26 82
5 27 13
5 28 62
5 29 53
5 30 102
5 31 27
5 32 74
5 33 33
5 34 69
5 35 50
5 36 77
5 37 89
5 38 50
5 39 71
5 40 60
5 42 75
5 43 28
5 45 29
5 47 56
5 50 69
5 51 55
5 52 15
5 53 27
5 54 75
5 55 49
5 57 49
5 58 11
5 59 59
5 60 66
5 61 6
5 63 16
5 64 49
5 66 68
5 68 62
5 69 37
5 70 69
5 71 69
5 72 44
5 73 59
5 74 94
5 75 73
5 76 56
5 77 59
5 79 21
5 80 63
5 82 39
5 83 65
5 86 21
5 87 28
5 88 53
5 90 66
5 92 70
5 94 90
5 97 42
5 99 69
6 7 24
6 8 20
6 9 38
6 10 56
6 11 79
6 12 63
6 13 55
6 14 51
6 16 65
6 17 100
6 18 8
6 19 60
6 20 2
6 21 75
6 22 27
6 24 62
6 25 40
6 26 49
6 30 64
6 31 85
6 33 31
6 34 31
6 35 11
6 39 52
6 40 23
6 41 9
6 43 32
6 44 45
6 45 68
6 48 47
6 49 25
6 50 66
6 51 10
6 53 35
6 54 16
6 55 9
6 56 19
6 57 15
6 59 20
6 60 12
6 61 59
6 63 74
6 64 24
6 66 91
6 67 58
6 68 83
6 70 12
6 72 17
6 73 15
6 74 64
6 75 68
6 76 70
6 77 22
6 78 12
6 81 12
6 85 49
6 87 50
6 90 20
6 91 17
6 92 27
6 95 95
6 96 70
6 97 25
6 98 86
6 99 41
7 9 13
7 11 55
7 12 39
7 13 34
7 14 28
7 15 38
7 16 63
7 17 82
7 18 33
7 19 37
7 20 26
7 21 76
7 22 27
7 23 73
7 25 26
7 26 25
7 28 20
7 30 43
7 31 88
7 32 30
7 33 29
7 34 8
7 35 32
7 36 33
7 38 13
7 40 47
7 42 52
7 43 35
7 44 58
7 45 61
7 46 79
7 48 27
7 51 33
7 52 55
7 53 36
7 54 29
7 55 25
7 56 29
7 57 17
7 58 72
7 59 5
7 60 35
7 61 66
7 63 78
7 65 59
7 66 74
7 67 39
7 68 66
7 69 37
7 70 23
7 71 55
7 72 21
7 73 10
7 74 41
7 75 46
7 76 53
7 77 4
7 79 57
7 81 36
7 82 27
7 84 39
7 85 25
7 86 48
7 89 45
7 90 44
7 91 25
7 94 33
7 96 46
7 97 44
7 98 66
8 9 57
8 10 75
8 11 98
8 12 83
8 13 74
8 14 70
8 16 71
8 17 117
8 18 12
8 19 79
8 20 18
8 21 79
8 22 40
8 24 74
8 25 58
8 26 69
8 27 52
8 28 25
8 29 19
8 30 83
8 31 86
8 32 25
8 33 43
8 34 51
8 35 16
8 37 95
8 40 4
8 41 15
8 42 93
8 44 41
8 45 78
8 46 90
8 48 65
8 49 44
8 51 12
8 52 47
8 53 44
8 54 27
8 55 22
8 57 32
8 58 72
8 60 12
8 63 76
8 65 101
8 69 26
8 70 27
8 72 32
8 76 86
8 77 41
8 80 50
8 81 9
8 83 26
8 85 68
8 87 62
8 88 101
8 89 31
8 90 6
8 91 30
8 92 47
8 93 25
8 95 110
8 96 90
8 97 19
8 98 104
9 11 42
9 12 26
9 13 26
9 16 67
9 17 74
9 18 46
9 20 39
9 21 80
9 22 36
9 23 78
9 27 56
9 28 33
9 29 39
9 30 34
9 31 93
9 32 42
9 33 36
9 34 7
9 36 20
9 37 38
9 38 23
9 39 16
9 40 61
9 41 44
9 43 43
9 44 68
9 45 61
9 46 80
9 49 16
9 50 33
9 51 46
9 53 43
9 54 40
9 55 38
9 57 29
9 58 77
9 59 18
9 61 73
9 62 36
9 64 58
9 65 47
9 66 67
9 67 33
9 68 59
9 71 68
9 73 23
9 74 29
9 77 16
9 79 59
9 82 30
9 83 34
9 85 12
9 86 58
9 87 45
9 90 57
9 91 36
9 93 32
9 95 72
9 96 33
9 99 4
10 11 48
10 14 40
10 15 64
10 16 96
10 17 91
10 19 11
10 20 58
10 21 109
10 23 107
10 24 79
10 25 18
10 26 17
10 28 51
10 29 60
10 31 122
10 33 64
10 35 66
10 37 42
10 39 34
10 43 71
10 44 95
10 46 108
10 47 49
10 48 47
10 49 44
10 50 52
10 51 66
10 52 91
10 53 71
10 55 61
10 56 65
10 57 53
10 58 106
10 59 41
10 60 63
10 61 101
10 62 58
10 63 112
10 67 57
10 68 80
10 72 58
10 74 19
10 75 50
10 77 41
10 78 68
10 80 35
10 81 69
10 82 59
10 83 49
10 84 52
10 85 32
10 88 96
10 89 82
10 90 72
10 91 46
10 92 31
10 93 52
10 94 11
10 95 93
10 96 28
10 97 79
10 98 74
11 14 29
11 16 80
11 17 48
11 18 87
11 19 36
11 20 80
11 21 93
11 22 67
11 23 95
11 24 58
11 25 58
11 28 75
11 29 79
11 33 66
11 34 49
11 35 84
11 36 22
11 37 5
11 38 61
11 39 26
11 41 84
11 42 16
11 43 72
11 44 99
11 45 68
11 46 85
11 47 35
11 48 36
11 49 54
11 50 21
11 51 87
11 52 91
11 53 71
11 54 82
11 55 77
11 58 94
11 59 59
11 62 75
11 63 100
11 65 14
11 67 34
11 69 84
11 70 77
11 74 28
11 76 38
11 77 57
11 78 91
11 79 72
11 80 49
11 84 27
11 85 30
11 87 61
11 88 63
11 89 89
11 91 78
11 92 55
11 94 37
11 95 54
11 96 20
11 97 93
11 98 32
12 13 20
12 14 24
12 15 75
12 16 84
12 17 68
12 19 13
12 21 97
12 22 60
12 23 97
12 26 16
12 28 59
12 30 21
12 33 59
12 35 71
12 37 18
12 38 49
12 39 18
12 41 70
12 42 33
12 44 93
12 46 93
12 47 34
12 48 33
12 49 42
12 51 72
12 52 86
12 53 66
12 54 63
12 58 95
12 60 74
12 61 94
12 62 62
12 63 102
12 64 84
12 65 35
12 67 39
12 68 58
12 69 74
12 71 94
12 73 49
12 74 7
12 75 27
12 76 49
12 77 43
12 80 34
12 81 75
12 82 51
12 83 58
12 84 32
12 85 19
12 86 82
12 87 62
12 89 81
12 91 59
12 92 37
12 96 7
12 97 82
12 99 23
13 14 36
13 16 92
13 19 7
13 20 57
13 21 105
13 22 61
13 23 104
13 24 74
13 25 19
13 27 81
13 28 50
13 34 27
13 35 65
13 37 38
13 38 47
13 39 30
13 40 78
13 42 52
13 43 68
13 44 93
13 46 104
13 47 45
13 48 42
13 50 47
13 53 68
13 54 50
13 55 59
13 56 63
13 57 51
13 60 63
13 62 57
13 63 109
13 64 78
13 65 55
13 68 76
13 71 84
13 72 55
13 73 43
13 75 46
13 76 65
13 79 84
13 80 32
13 81 68
13 82 55
13 83 49
13 86 82
13 87 70
13 88 92
13 89 80
13 90 72
13 91 46
13 93 50
13 96 25
13 97 78
13 98 70
14 15 66
14 16 59
14 17 55
14 18 59
14 19 33
14 20 52
14 23 73
14 25 42
14 28 48
14 29 51
14 30 41
14 31 87
14 33 38
14 34 25
14 35 56
14 36 12
14 37 27
14 38 32
14 39 7
14 40 73
14 41 56
14 42 24
14 43 45
14 44 71
14 45 50
14 46 69
14 47 10
14 49 26
14 50 15
14 51 59
14 52 64
14 56 47
14 58 71
14 59 32
14 60 63
14 61 70
14 62 47
14 63 78
14 64 68
14 65 31
14 66 49
14 67 17
14 70 52
14 71 82
14 72 40
14 73 37
14 74 30
14 75 17
14 78 63
14 80 22
14 83 49
14 85 8
14 86 60
14 87 38
14 88 56
14 90 71
14 94 30
14 95 55
14 99 15
15 16 79
15 18 11
15 19 69
15 20 16
15 21 88
15 26 60
15 27 60
15 31 96
15 32 12
15 33 46
15 34 44
15 37 89
15 38 37
15 39 66
15 44 53
15 45 83
15 46 97
15 49 41
15 50 81
15 52 57
15 54 14
15 55 24
15 58 81
15 59 34
15 60 5
15 61 71
15 62 24
15 64 26
15 65 97
15 66 107
15 67 74
15 69 34
15 70 16
15 73 29
15 75 83
15 76 86
15 77 36
15 79 76
15 80 44
15 81 16
15 82 53
15 83 17
15 84 75
15 85 63
15 86 50
15 87 66
15 88 104
15 89 41
15 90 10
15 92 38
15 94 65
15 95 111
15 97 31
15 98 102
15 99 55
16 18 67
16 20 64
16 21 14
16 23 15
16 26 79
16 32 80
16 34 68
16 35 58
16 36 72
16 40 70
16 41 60
16 45 15
16 46 19
16 47 50
16 48 51
16 50 60
16 51 63
16 52 28
16 53 30
16 54 81
16 56 46
16 58 13
16 60 74
16 61 20
16 63 19
16 64 60
16 65 72
16 66 54
16 67 46
16 68 49
16 69 46
16 70 75
16 73 62
16 74 89
16 75 64
16 76 45
16 78 68
16 81 64
16 82 37
16 83 70
16 84 54
16 85 66
16 88 39
16 91 80
16 92 71
16 94 87
16 95 54
16 96 88
16 97 53
16 99 67
17 19 81
17 20 101
17 22 77
17 23 79
17 24 46
17 27 76
17 28 99
17 29 98
17 31 86
17 32 111
17 33 74
17 34 80
17 35 101
17 36 60
17 37 52
17 38 80
17 39 59
17 40 118
17 41 102
17 42 35
17 43 79
17 45 51
17 46 59
17 47 51
17 48 55
17 50 41
17 51 105
17 53 75
17 55 95
17 57 86
17 60 113
17 61 85
17 62 94
17 63 82
17 64 109
17 65 34
17 67 43
17 69 94
17 70 104
17 71 128
17 73 88
17 75 41
17 76 30
17 77 82
17 82 65
17 83 101
17 84 44
17 85 63
17 86 89
17 89 95
17 90 119
17 91 107
17 93 96
17 94 80
17 95 12
17 96 67
17 97 104
17 98 17
17 99 70
18 19 68
18 20 7
18 22 32
18 24 67
18 25 47
18 26 57
18 28 13
18 29 9
18 30 72
18 31 85
18 32 17
18 34 40
18 37 84
18 39 61
18 40 15
18 42 82
18 44 43
18 46 86
18 47 58
18 49 33
18 50 73
18 51 4
18 52 46
18 53 38
18 56 22
18 57 21
18 59 28
18 60 7
18 61 59
18 62 13
18 63 75
18 64 18
18 65 90
18 67 65
18 68 89
18 71 23
18 72 23
18 73 23
18 74 73
18 75 76
18 77 30
18 78 4
18 80 39
18 81 6
18 82 43
18 83 15
18 84 67
18 85 57
18 86 38
18 87 55
18 88 93
18 92 35
18 94 63
18 95 102
19 20 62
19 22 62
19 26 12
19 27 82
19 28 54
19 30 9
19 31 118
19 32 58
19 34 29
19 35 69
19 37 31
19 38 49
19 39 26
19 40 83
19 43 69
19 44 94
19 46 102
19 47 42
19 53 69
19 54 56
19 55 62
19 56 66
19 57 54
19 60 68
19 61 98
19 62 60
19 64 82
19 67 49
19 68 71
19 69 74
19 73 46
19 75 40
19 80 33
19 82 55
19 84 43
19 85 25
19 86 84
19 87 69
19 88 87
19 89 82
19 90 77
19 91 52
19 93 54
19 94 5
19 97 81
20 22 27
20 23 69
20 24 62
20 25 43
20 27 45
20 28 8
20 30 66
20 31 83
20 33 30
20 34 33
20 35 9
20 36 59
20 37 77
20 38 21
20 39 54
20 41 7
20 42 76
20 43 31
20 45 67
20 48 48
20 49 26
20 50 67
20 51 8
20 52 45
20 53 34
20 54 18
20 55 8
20 56 18
20 57 15
20 59 22
20 61 58
20 62 8
20 63 73
20 67 58
20 68 83
20 70 13
20 71 29
20 72 17
20 73 16
20 74 66
20 75 69
20 76 71
20 77 23
20 80 32
20 81 10
20 82 37
20 84 61
20 85 50
20 87 50
20 88 88
20 89 30
20 90 19
20 91 19
20 95 96
20 97 23
20 98 87
20 99 43
21 22 50
21 23 8
21 24 36
21 25 102
21 26 93
21 28 78
21 29 70
21 30 113
21 34 81
21 35 67
21 36 85
21 38 64
21 39 79
21 40 78
21 41 70
21 42 78
21 44 42
21 46 17
21 47 63
21 48 65
21 49 68
21 51 72
21 52 33
21 53 42
21 55 66
21 56 56
21 59 73
21 60 84
21 61 20
21 62 67
21 64 66
21 66 62
21 68 59
21 69 55
21 70 86
21 71 87
21 72 60
21 73 74
21 74 103
21 77 73
21 78 76
21 79 22
21 80 75
21 83 81
21 84 67
21 85 79
21 86 39
21 87 35
21 88 45
21 89 49
21 90 84
21 91 91
21 92 83
21 94 101
21 95 62
21 96 102
21 97 60
21 98 73
22 23 46
22 25 53
22 27 22
22 28 29
22 29 23
22 30 69
22 32 42
22 33 4
22 35 24
22 36 49
22 37 65
22 38 15
22 39 43
22 40 40
22 42 58
22 47 33
22 48 31
22 49 20
22 51 29
22 52 28
22 54 42
22 55 19
22 56 11
22 58 45
22 60 38
22 63 51
22 65 66
22 67 38
22 69 18
22 70 36
22 72 10
22 74 63
22 75 53
22 76 47
22 77 24
22 79 34
22 80 29
22 81 30
22 82 13
22 86 22
22 87 23
22 88 62
22 89 22
22 90 43
22 92 35
22 93 25
22 95 71
22 96 66
22 97 27
22 98 66
22 99 38
23 24 38
23 27 24
23 28 73
23 29 65
23 30 111
23 31 15
23 32 85
23 33 44
23 34 79
23 35 61
23 38 61
23 41 64
23 43 40
23 44 34
23 45 29
23 46 25
23 47 64
23 48 64
23 50 75
23 51 66
23 53 38
23 54 86
23 55 60
23 56 51
23 57 61
23 59 70
23 61 13
23 62 62
23 63 5
23 64 59
23 68 64
23 70 81
23 73 70
23 74 102
23 76 60
23 77 70
23 78 70
23 81 66
23 82 48
23 83 77
23 86 33
23 87 35
23 88 51
23 89 42
23 92 80
23 93 69
23 95 68
23 96 102
23 98 77
23 99 79
24 25 75
24 26 61
24 27 30
24 28 63
24 29 58
24 30 81
24 32 76
24 33 32
24 34 55
24 35 59
24 36 51
24 37 59
24 38 44
24 39 46
24 44 53
24 45 11
24 46 30
24 47 30
24 49 44
24 51 64
24 52 42
24 55 54
24 56 46
24 58 37
24 59 51
24 60 73
24 61 41
24 65 49
24 66 35
24 68 28
24 69 50
24 70 69
24 71 85
24 72 45
24 73 54
24 75 41
24 76 22
24 77 50
24 78 69
24 79 15
24 80 49
24 81 66
24 82 26
24 83 65
24 86 43
24 88 26
24 89 50
24 90 78
24 91 74
24 92 59
24 93 58
24 94 69
24 95 37
24 96 67
24 97 59
24 98 40
24 99 50
25 26 22
25 27 75
25 29 45
25 31 114
25 32 35
25 33 55
25 34 21
25 36 38
25 37 53
25 39 38
25 40 62
25 41 49
25 42 63
25 43 60
25 44 82
25 45 85
25 46 104
25 47 49
25 48 46
25 51 50
25 52 80
25 56 53
25 57 41
25 58 98
25 59 29
25 61 91
25 62 44
25 65 68
25 67 58
25 70 31
25 71 67
25 72 45
25 73 31
25 76 71
25 77 30
25 78 52
25 79 82
25 80 27
25 81 53
25 82 52
25 84 54
25 86 73
25 87 68
25 90 55
25 91 28
25 92 19
25 94 22
25 97 65
25 98 80
26 27 69
26 28 44
26 29 51
26 31 106
26 33 50
26 35 57
26 37 32
26 38 37
26 39 17
26 41 56
26 42 42
26 43 57
26 44 82
26 45 72
26 47 32
26 49 30
26 51 58
26 52 77
26 55 51
26 56 54
26 59 30
26 60 59
26 61 86
26 62 49
26 64 71
26 67 40
26 68 64
26 69 62
26 72 45
26 73 35
26 74 16
26 75 35
26 76 53
26 77 29
26 78 61
26 79 71
26 81 61
26 82 43
26 83 43
26 85 15
26 86 72
26 87 57
26 91 43
26 93 43
26 94 8
26 95 77
26 97 69
26 98 59
27 28 50
27 30 89
27 31 39
27 32 62
27 33 20
27 34 56
27 35 39
27 37 79
27 38 37
27 40 51
27 43 15
27 44 23
27 48 45
27 49 41
27 50 60
27 51 44
27 52 12
27 53 14
27 54 62
27 55 37
27 56 27
27 58 23
27 59 46
27 60 55
27 61 17
27 62 38
27 63 29
27 64 40
27 65 75
27 66 65
27 68 58
27 69 26
27 70 57
27 74 82
27 75 64
27 76 50
27 77 46
27 78 48
27 79 20
27 80 50
27 81 44
27 83 53
27 87 20
27 89 22
27 91 62
27 92 57
27 93 45
27 94 78
27 95 67
27 99 57
28 29 10
28 30 58
28 31 89
28 33 32
28 34 27
28 36 53
28 37 71
28 38 19
28 41 15
28 42 72
28 43 34
28 44 50
28 45 69
28 46 85
28 47 48
28 48 45
28 49 23
28 51 15
28 52 51
28 54 13
28 55 13
28 58 72
28 59 16
28 60 15
28 61 63
28 62 12
28 63 78
28 64 29
28 65 79
28 66 90
28 67 56
28 68 82
28 69 28
28 70 7
28 71 35
28 72 19
28 73 11
28 74 59
28 75 65
28 76 69
28 79 63
28 80 26
28 81 18
28 84 57
28 85 45
28 86 43
28 87 52
28 89 36
28 91 13
28 92 22
28 93 4
28 94 50
28 95 95
28 96 66
28 98 85
28 99 37
29 30 67
29 31 79
29 32 21
29 35 6
29 36 58
29 40 22
29 41 5
29 44 40
29 46 78
29 47 49
29 48 46
29 50 65
29 52 41
29 53 30
29 54 22
29 55 4
29 56 14
29 58 64
29 59 21
29 60 15
29 61 54
29 63 69
29 64 20
29 65 81
29 66 88
29 67 56
29 68 80
29 70 17
29 73 16
29 74 67
29 77 22
29 78 12
29 79 56
29 80 31
29 81 10
29 85 49
29 86 33
29 88 84
29 90 21
29 91 23
29 92 30
29 93 8
29 94 58
29 95 92
29 96 72
29 97 20
29 98 85
30 31 126
30 32 60
30 33 70
30 34 36
30 35 74
30 37 38
30 38 56
30 40 87
30 41 72
30 42 54
30 44 101
30 45 92
30 46 110
30 50 50
30 51 74
30 52 97
30 53 76
30 54 58
30 56 72
30 57 60
30 58 110
30 59 48
30 60 72
30 62 65
30 63 116
30 64 87
30 66 86
30 67 58
30 68 79
30 70 56
30 71 92
30 72 64
30 73 51
30 74 15
30 75 48
30 76 69
30 78 76
30 79 91
30 80 40
30 81 76
30 84 52
30 85 34
30 86 91
30 87 77
30 89 88
30 90 81
30 92 38
30 93 59
30 94 12
30 95 92
30 96 23
30 98 72
31 33 59
31 37 108
31 38 76
31 41 78
31 42 92
31 46 27
31 49 80
31 50 87
31 51 81
31 52 39
31 53 53
31 55 75
31 56 66
31 57 76
31 58 17
31 59 85
31 60 92
31 61 26
31 62 77
31 63 11
31 64 73
31 67 73
31 68 72
31 69 63
31 70 96
31 71 92
31 72 71
31 73 85
31 74 116
31 77 85
31 80 88
31 82 63
31 83 92
31 84 81
31 85 93
31 86 47
31 88 56
31 89 56
31 90 91
31 91 101
31 92 96
31 94 114
31 96 116
31 97 67
31 98 86
31 99 93
32 33 45
32 34 34
32 36 61
32 38 32
32 39 58
32 40 29
32 41 23
32 43 47
32 46 98
32 48 56
32 50 74
32 53 50
32 54 2
32 55 25
32 56 34
32 57 28
32 58 84
32 59 27
32 61 75
32 62 23
32 64 35
32 65 89
32 66 102
32 67 68
32 68 94
32 69 38
32 70 7
32 71 32
32 72 32
32 73 23
32 74 64
32 75 76
32 76 81
32 79 76
32 80 36
32 81 23
32 82 50
32 83 10
32 85 54
32 87 65
32 88 101
32 89 46
32 90 21
32 91 6
32 92 28
32 93 17
32 95 107
32 96 72
33 34 35
33 35 27
33 36 49
33 37 64
33 38 17
33 39 42
33 40 44
33 41 29
33 42 56
33 43 7
33 44 34
33 45 37
33 46 53
33 48 30
33 49 21
33 50 47
33 51 32
33 52 27
33 53 7
33 54 46
33 55 22
33 56 15
33 58 43
33 59 26
33 61 37
33 63 49
33 64 35
33 66 64
33 67 35
33 68 56
33 70 40
33 71 54
33 72 14
33 75 51
33 77 25
33 78 37
33 79 31
33 80 30
33 82 10
33 84 40
33 85 40
33 86 22
33 87 20
33 88 58
33 91 44
33 92 36
33 93 28
33 94 58
33 95 67
33 97 30
33 98 63
33 99 38
34 35 39
34 36 27
34 38 20
34 39 24
34 40 54
34 41 38
34 42 49
34 43 41
34 44 66
34 45 64
34 46 83
34 47 30
34 48 26
34 49 14
34 50 41
34 52 62
34 53 42
34 54 33
34 55 33
34 57 24
34 59 13
34 61 72
34 65 55
34 66 73
34 67 39
34 68 65
34 71 62
34 73 17
34 76 53
34 78 44
34 80 6
34 81 43
34 82 31
34 83 27
34 84 37
34 85 20
34 86 56
34 87 47
34 89 53
34 90 50
34 91 29
34 92 6
34 93 26
34 94 25
34 96 39
34 97 52
34 98 64
34 99 11
35 36 63
35 37 81
35 38 23
35 39 58
35 40 17
35 42 78
35 43 26
35 44 34
35 45 63
35 47 53
35 50 69
35 51 5
35 53 29
35 54 26
35 55 7
35 56 13
35 57 17
35 58 61
35 59 27
35 60 16
35 61 50
35 63 65
35 64 14
35 66 90
35 68 82
35 70 22
35 72 17
35 74 73
35 75 72
35 77 28
35 78 10
35 80 37
35 82 36
35 83 19
35 84 63
35 87 47
35 88 85
35 90 19
35 92 36
35 94 64
35 95 94
35 97 14
36 37 18
36 38 40
36 39 6
36 40 80
36 42 25
36 43 56
36 44 82
36 45 62
36 46 81
36 47 22
36 48 21
36 50 20
36 52 76
36 54 60
36 56 57
36 57 47
36 58 84
36 59 37
36 60 68
36 61 82
36 62 55
36 64 76
36 66 56
36 69 65
36 71 88
36 72 49
36 74 18
36 75 19
36 76 38
36 77 36
36 78 69
36 79 63
36 82 40
36 83 54
36 84 21
36 85 9
36 86 71
36 90 77
36 92 33
36 94 21
36 98 43
36 99 16
37 39 23
37 40 98
37 44 98
37 45 69
37 47 33
37 49 51
37 50 21
37 51 84
37 52 90
37 53 69
37 55 74
37 56 73
37 57 64
37 58 94
37 59 55
37 62 72
37 63 100
37 67 35
37 68 46
37 69 82
37 72 66
37 73 61
37 74 23
37 75 17
37 76 40
37 78 87
37 79 72
37 80 45
37 81 86
37 84 27
37 87 61
37 88 66
37 91 74
37 93 70
37 95 57
37 96 15
37 97 91
37 98 36
37 99 34
38 39 35
38 40 41
38 43 22
38 45 51
38 46 68
38 47 30
38 48 27
38 50 46
38 51 27
38 52 42
38 55 16
38 57 7
38 58 59
38 62 15
38 63 65
38 64 36
38 67 37
38 68 62
38 69 25
38 71 50
38 72 9
38 73 10
38 74 52
38 75 49
38 76 50
38 77 9
38 78 31
38 79 46
38 81 29
38 82 17
38 83 22
38 84 40
38 86 35
38 87 33
38 91 30
38 92 20
38 93 16
38 94 45
38 95 75
38 96 56
38 97 33
38 99 26
39 40 75
39 41 58
39 42 26
39 43 49
39 45 57
39 46 76
39 48 15
39 54 56
39 55 51
39 56 51
39 57 41
39 58 78
39 59 32
39 60 64
39 61 76
39 62 49
39 64 71
39 66 54
39 67 23
39 69 59
39 74 23
39 75 19
39 76 35
39 77 31
39 78 64
39 79 57
39 82 33
39 84 17
39 86 65
39 87 44
39 88 62
39 90 72
39 91 52
39 93 47
39 98 42
39 99 12
40 42 95
40 43 41
40 44 38
40 45 78
40 46 89
40 47 70
40 48 68
40 49 47
40 50 86
40 52 45
40 53 44
40 54 31
40 55 24
40 56 29
40 57 34
40 58 70
40 61 58
40 62 26
40 64 11
40 65 103
40 66 107
40 67 76
40 68 99
40 69 25
40 71 10
40 72 34
40 73 38
40 75 89
40 76 88
40 79 69
40 81 11
40 82 53
40 83 29
40 84 80
40 85 71
40 86 38
40 87 62
40 90 9
40 91 35
40 93 29
40 95 111
40 96 93
40 97 17
40 98 105
40 99 64
41 42 78
41 43 28
41 44 37
41 46 79
41 47 54
41 48 51
41 49 30
41 51 3
41 52 39
41 53 31
41 56 15
41 57 17
41 58 63
41 61 53
41 63 68
41 65 86
41 67 60
41 70 20
41 72 17
41 73 21
41 74 72
41 75 72
41 80 36
41 81 6
41 83 17
41 84 63
41 85 54
41 86 32
41 87 49
41 88 87
41 90 17
41 91 25
41 93 13
41 94 63
41 96 77
41 98 89
42 44 87
42 45 52
42 46 69
42 47 25
42 48 28
42 49 49
42 51 81
42 52 78
42 53 60
42 54 81
42 55 71
42 57 61
42 58 79
42 60 87
42 61 81
42 62 70
42 63 84
42 64 89
42 65 8
42 66 33
42 67 21
42 68 27
42 69 75
42 70 75
42 71 104
42 72 61
42 73 60
42 74 39
42 76 22
42 77 54
42 78 86
42 79 56
42 80 46
42 81 84
42 82 45
42 84 15
42 86 76
42 87 47
42 89 79
42 90 94
42 92 55
42 93 69
42 94 45
42 95 39
42 96 33
42 98 18
42 99 38
43 45 37
43 46 51
43 47 38
43 48 37
43 51 31
43 52 21
43 54 48
43 55 22
43 56 13
43 57 21
43 58 38
43 60 42
43 63 44
43 64 31
43 65 70
43 66 68
43 67 41
43 68 60
43 71 51
43 72 16
43 73 31
43 75 58
43 77 31
43 78 36
43 79 30
43 81 32
43 82 17
43 83 37
43 85 47
43 86 15
43 87 22
43 88 60
43 89 18
43 90 44
43 92 42
43 93 30
43 94 65
43 96 72
43 97 25
43 98 68
43 99 44
44 46 56
44 47 64
44 51 38
44 52 11
44 53 28
44 56 30
44 57 42
44 58 34
44 60 49
44 61 21
44 62 39
44 64 28
44 65 95
44 66 87
44 67 66
44 69 22
44 72 38
44 73 51
44 76 72
44 77 54
44 80 61
44 81 37
44 82 44
44 83 53
44 84 73
44 85 74
44 89 14
44 90 47
44 91 62
44 93 47
44 95 89
44 97 22
44 98 91
44 99 71
45 46 19
45 47 41
45 48 43
45 49 53
45 50 48
45 51 68
45 52 39
45 53 34
45 54 82
45 56 50
45 57 54
45 58 28
45 59 59
45 60 79
45 61 35
45 62 60
45 63 33
45 64 67
45 65 59
45 68 34
45 71 88
45 73 62
45 74 80
45 75 52
45 76 31
45 77 58
45 78 73
45 79 9
45 80 58
45 81 70
45 82 34
45 84 43
45 85 58
45 86 42
45 87 18
45 88 25
45 89 51
45 90 82
45 91 81
45 92 68
45 94 80
45 95 40
45 96 78
45 97 61
45 99 60
46 47 59
46 48 62
46 49 70
46 50 66
46 51 82
46 52 46
46 53 48
46 55 74
46 56 64
46 57 70
46 59 77
46 60 93
46 61 36
46 62 75
46 63 26
46 64 78
46 65 75
46 66 48
46 67 54
46 69 65
46 74 99
46 75 70
46 76 47
46 77 76
46 79 22
46 82 52
46 83 88
46 86 51
46 87 35
46 88 30
46 89 60
46 91 97
46 92 86
46 93 81
46 95 47
46 97 72
47 48 4
47 50 16
47 51 57
47 52 56
47 53 36
47 54 59
47 55 46
47 56 43
47 57 37
47 59 33
47 60 63
47 61 61
47 62 45
47 63 68
47 65 33
47 67 9
47 68 35
47 70 53
47 71 80
47 72 37
47 73 37
47 75 20
47 76 23
47 77 31
47 78 61
47 79 41
47 82 21
47 83 50
47 85 17
47 86 53
47 87 28
47 88 48
47 89 55
47 90 70
47 91 56
47 92 35
47 93 45
47 94 39
47 96 39
47 99 22
48 49 22
48 52 56
48 54 55
48 56 41
48 58 63
48 59 29
48 60 59
48 62 42
48 64 62
48 65 35
48 66 47
48 67 12
48 68 39
48 69 48
48 70 49
48 71 77
48 72 34
48 73 34
48 74 38
48 75 22
48 76 26
48 78 58
48 79 42
48 80 21
48 82 20
48 83 46
48 85 15
48 88 51
48 89 54
48 91 52
48 92 32
48 94 37
48 96 38
48 97 58
48 98 40
49 51 33
49 53 28
49 54 34
49 55 23
49 56 24
49 57 13
49 58 63
49 60 37
49 61 58
49 62 21
49 63 70
49 64 43
49 65 57
49 66 68
49 67 33
49 68 60
49 69 32
49 70 28
49 71 56
49 72 15
49 73 12
49 74 45
49 77 6
49 78 37
49 82 18
49 83 24
49 85 25
49 87 35
49 88 68
49 89 40
49 91 31
49 92 16
49 93 20
49 94 38
49 96 49
49 97 40
49 98 62
49 99 19
50 51 72
50 54 72
50 55 62
50 56 59
50 57 52
50 58 73
50 59 47
50 60 78
50 62 61
50 63 79
50 64 80
50 65 17
50 66 36
50 67 14
50 68 29
50 69 67
50 70 67
50 71 96
50 72 53
50 73 52
50 74 36
50 76 20
50 77 45
50 78 77
50 79 51
50 80 38
50 83 64
50 84 7
50 85 22
50 86 68
50 87 41
50 88 46
50 90 85
50 91 69
50 93 60
50 94 41
50 97 76
50 98 24
51 52 42
51 54 23
51 55 11
51 56 18
51 57 20
51 58 66
51 59 29
51 60 11
51 61 55
51 64 14
51 65 89
51 67 63
51 69 18
51 70 20
51 71 23
51 74 74
51 75 75
51 76 75
51 77 30
51 78 5
51 80 39
51 82 40
51 83 17
51 84 66
51 85 57
51 87 52
51 88 90
51 91 25
51 93 15
51 94 65
51 95 99
52 53 21
52 54 63
52 55 37
52 56 28
52 57 40
52 58 25
52 60 53
52 62 39
52 63 29
52 64 34
52 65 86
52 66 77
52 67 57
52 68 70
52 69 24
52 71 55
52 74 91
52 77 51
52 79 30
52 80 57
52 81 41
52 82 36
52 84 64
52 85 68
52 86 8
52 87 32
52 88 64
52 89 16
52 90 52
52 91 63
52 92 62
52 93 47
52 94 85
52 95 78
52 98 81
52 99 65
53 55 25
53 56 16
53 57 23
53 60 45
53 61 30
53 63 42
53 64 34
53 65 68
53 66 64
53 68 57
53 69 19
53 71 54
53 72 18
53 73 32
53 74 70
53 76 46
53 78 39
53 79 27
53 80 36
53 83 40
53 84 45
53 85 47
53 87 19
53 88 57
53 89 20
53 90 48
53 91 50
53 92 43
53 93 33
53 95 68
53 96 72
53 98 65
53 99 44
54 55 26
54 57 28
54 58 85
54 60 15
54 62 24
54 64 36
54 65 87
54 67 67
54 68 93
54 69 39
54 70 6
54 71 34
54 72 32
54 73 22
54 75 74
54 76 81
54 77 28
54 78 22
54 80 35
54 82 49
54 83 10
54 84 68
54 87 65
54 89 47
54 90 23
54 91 4
54 92 27
54 93 18
54 96 70
54 97 39
54 98 95
54 99 44
55 57 10
55 58 60
55 59 20
55 60 20
55 64 20
55 65 78
55 66 84
55 67 53
55 68 76
55 70 21
55 71 34
55 79 52
55 81 13
55 82 29
55 83 16
55 84 56
55 85 48
55 86 30
55 87 42
55 88 80
55 90 24
55 91 26
55 94 58
55 95 88
55 96 71
55 98 81
55 99 41
56 57 12
56 58 50
56 59 24
56 60 28
56 62 11
56 64 21
56 65 76
56 66 78
56 68 70
56 69 9
56 70 30
56 71 39
56 72 8
56 74 68
56 77 25
56 80 32
56 81 19
56 83 26
56 85 48
56 86 21
56 87 34
56 88 72
56 89 16
56 90 32
56 91 35
56 92 35
56 93 18
56 95 82
56 96 72
56 97 17
56 98 77
56 99 43
57 58 59
57 59 12
57 60 27
57 61 52
57 63 65
57 64 30
57 66 76
57 67 43
57 68 68
57 69 20
57 70 22
57 71 43
57 72 5
57 73 10
57 75 55
57 79 48
57 81 23
57 82 22
57 83 18
57 85 38
57 86 33
57 88 74
57 91 27
57 92 23
57 93 11
57 94 49
57 95 81
57 97 28
57 98 72
58 59 69
58 60 77
58 61 13
58 62 61
58 63 6
58 65 86
58 66 66
58 67 59
58 68 62
58 69 48
58 70 80
58 71 79
58 73 69
58 74 101
58 75 77
58 76 58
58 77 68
58 78 69
58 79 22
58 82 47
58 84 67
58 87 34
58 88 50
58 90 77
58 91 85
58 93 68
58 94 98
58 98 76
58 99 77
59 62 18
59 63 75
59 64 40
59 67 41
59 71 51
59 72 16
59 74 46
59 75 49
59 76 54
59 77 2
59 78 32
59 80 10
59 82 25
59 83 18
59 84 41
59 85 29
59 86 44
59 87 42
59 88 76
59 89 41
59 92 11
59 93 14
59 95 80
59 96 51
59 98 69
60 61 66
60 64 22
60 65 94
60 66 103
60 67 70
60 70 15
60 71 21
60 72 29
60 73 26
60 74 74
60 77 33
60 78 8
60 80 42
60 81 11
60 82 48
60 85 60
60 86 45
60 87 62
60 88 100
60 89 36
60 90 9
60 91 19
60 93 18
60 94 64
60 95 107
60 97 27
60 98 99
60 99 52
61 63 16
61 65 89
61 68 69
61 69 37
61 70 71
61 71 67
61 74 99
61 76 62
61 77 62
61 78 58
61 79 27
61 80 66
61 81 55
61 84 68
61 85 75
61 86 21
61 87 34
61 88 59
61 89 30
61 90 65
61 91 76
61 92 73
61 93 59
61 95 74
61 96 99
61 97 41
61 99 74
62 63 66
62 64 22
62 65 77
62 67 52
62 68 76
62 71 35
62 72 10
62 74 64
62 75 64
62 76 64
62 77 19
62 78 16
62 79 53
62 80 28
62 82 29
62 84 55
62 85 46
62 88 80
62 89 25
62 90 25
62 91 24
62 92 28
62 93 8
62 94 55
62 95 88
62 96 69
62 97 21
63 64 63
63 65 91
63 66 71
63 67 65
63 69 52
63 71 83
63 72 60
63 74 107
63 75 83
63 77 74
63 78 74
63 79 28
63 80 78
63 81 70
63 82 53
63 83 81
63 84 73
63 86 36
63 87 40
63 88 54
63 89 45
63 90 81
63 92 85
63 93 74
63 95 70
63 97 57
64 65 97
64 70 34
64 71 21
64 72 28
64 73 36
64 74 86
64 75 84
64 76 80
64 77 42
64 78 14
64 79 59
64 80 50
64 82 45
64 83 31
64 84 74
64 85 68
64 87 53
64 88 91
64 89 18
64 90 19
64 91 39
64 92 50
64 93 28
64 94 78
64 96 91
64 99 61
65 66 34
65 67 29
65 68 30
65 70 82
65 71 112
65 74 41
65 75 13
65 77 61
65 78 93
65 80 53
65 81 91
65 82 53
65 83 80
65 85 35
65 86 84
65 87 55
65 89 87
65 90 101
65 91 84
65 92 61
65 97 93
66 69 83
66 71 117
66 72 74
66 74 72
66 75 38
66 76 21
66 78 100
66 79 47
66 81 97
66 82 55
66 83 92
66 84 37
66 86 78
66 87 46
66 88 19
66 89 84
66 90 109
66 91 99
66 92 79
66 93 86
66 94 76
66 96 66
66 97 93
66 98 16
66 99 64
67 70 61
67 72 43
67 74 45
67 75 18
67 78 68
67 79 37
67 80 34
67 81 66
67 82 25
67 83 58
67 84 8
67 85 25
67 87 27
67 90 77
67 92 44
67 93 53
67 94 47
67 96 43
67 97 65
67 98 29
67 99 30
68 69 76
68 70 87
68 71 110
68 72 66
68 74 65
68 76 13
68 77 65
68 78 92
68 79 42
68 80 60
68 81 89
68 83 84
68 86 71
68 87 39
68 89 77
68 91 90
68 92 71
68 93 78
68 95 14
68 98 14
69 70 34
69 71 35
69 73 29
69 74 77
69 75 70
69 76 65
69 77 33
69 78 22
69 79 44
69 80 41
69 82 30
69 83 31
69 84 60
69 85 56
69 88 76
69 89 9
69 91 40
69 92 43
69 93 24
69 94 70
69 95 87
69 96 81
69 97 10
70 71 36
70 72 26
70 75 69
70 76 75
70 77 22
70 80 29
70 81 22
70 82 43
70 83 4
70 84 62
70 85 48
70 88 95
70 90 24
70 91 6
70 92 22
70 95 100
70 96 66
70 98 89
70 99 39
71 72 44
71 73 46
71 75 98
71 77 52
71 78 19
71 83 36
71 84 89
71 85 80
71 86 48
71 87 73
71 88 111
71 91 38
71 92 57
71 93 36
71 96 101
71 97 27
71 98 115
71 99 72
72 73 15
72 75 56
72 76 54
72 77 17
72 79 44
72 80 24
72 81 23
72 82 20
72 87 33
72 89 24
72 90 34
72 92 27
72 94 53
72 95 79
72 96 64
72 97 25
72 99 35
73 74 50
73 76 59
73 77 7
73 79 56
73 80 16
73 81 26
73 82 28
73 83 13
73 84 46
73 85 34
73 87 44
73 88 79
73 89 38
73 90 34
73 91 20
73 92 14
73 93 9
73 95 84
73 98 74
74 75 34
74 76 56
74 77 45
74 78 77
74 79 80
74 80 36
74 82 55
74 83 59
74 84 39
74 85 24
74 86 85
74 88 83
74 89 84
74 90 83
74 91 58
74 92 38
74 93 59
74 94 11
74 98 57
74 99 26
75 76 23
75 77 47
75 79 55
75 80 39
75 81 78
75 82 41
75 83 66
75 85 22
75 86 72
75 87 45
75 88 49
75 89 75
75 91 70
75 92 48
75 93 63
75 94 39
75 97 80
75 98 24
75 99 31
76 77 53
76 78 80
76 79 36
76 82 35
76 83 71
76 84 18
76 85 37
76 86 61
76 88 27
76 89 67
76 90 89
76 91 78
76 92 58
76 93 65
76 94 59
76 95 26
76 96 52
76 98 19
77 78 34
77 79 54
77 82 24
77 83 19
77 84 40
77 86 44
77 87 41
77 89 41
77 90 41
77 92 11
77 93 16
77 94 37
77 97 40
77 98 67
78 79 65
78 82 45
78 83 19
78 87 57
78 88 95
78 90 9
78 91 25
78 92 39
78 94 67
78 96 83
78 98 97
78 99 54
79 80 55
79 81 62
79 82 30
79 83 66
79 85 57
79 86 33
79 87 14
79 88 34
79 89 42
79 93 59
79 94 79
79 95 48
79 98 54
80 81 42
80 83 27
80 84 33
80 85 19
80 86 51
80 87 41
80 88 71
80 90 50
80 93 25
80 95 74
80 96 41
80 97 48
80 98 60
80 99 11
81 82 42
81 83 20
81 85 60
81 86 34
81 87 53
81 88 92
81 91 27
81 92 39
81 93 18
81 95 101
81 96 82
81 97 15
81 98 94
82 83 39
82 85 32
82 86 32
82 89 34
82 90 54
82 92 34
82 93 32
82 96 57
82 97 40
82 98 53
83 84 59
83 86 46
83 87 54
83 89 39
83 90 24
83 91 10
83 92 21
83 93 7
83 94 49
83 95 97
83 98 86
84 85 20
84 86 61
84 87 34
84 88 45
84 89 64
84 92 43
84 93 54
84 94 41
84 95 43
84 98 27
84 99 27
85 86 63
85 88 64
85 90 69
85 91 49
85 92 26
85 93 43
85 95 63
85 97 65
85 98 46
85 99 8
86 88 67
86 89 9
86 90 45
86 92 55
86 93 39
86 94 79
86 95 80
86 96 88
86 97 21
86 98 80
86 99 60
87 89 38
87 90 66
87 91 63
87 92 51
87 93 47
87 94 65
87 95 49
87 96 67
87 97 47
87 98 49
87 99 45
88 89 75
88 90 104
88 93 84
88 94 86
88 96 78
88 98 34
88 99 69
89 91 49
89 92 51
89 93 33
89 94 77
89 96 88
89 97 12
89 98 86
89 99 58
90 91 27
90 92 45
90 99 61
91 92 23
91 93 17
91 94 47
91 95 104
91 97 41
91 98 92
92 93 22
92 94 28
92 96 44
92 97 49
92 99 17
93 94 50
93 96 65
93 97 28
93 98 81
93 99 36
94 95 82
94 97 77
94 99 21
95 96 72
95 98 22
96 98 50
96 99 30
97 98 93
97 99 59
98 99 54
