50 0.3 0 1 1 1225 368 23
0.993487 0.873242 87
0.791295 0.739943 75
0.577647 0.278791 45
0.69175 0.798507 83
0.0572014 0.285416 92
0.933044 0.000603187 0
0.916556 0.500804 50
0.757765 0.568635 59
0.695483 0.497622 55
0.89745 0.228025 23
0.437096 0.422364 65
0.527429 0.206313 45
0.662715 0.46479 54
0.173432 0.199934 79
0.496659 0.730036 85
0.64965 0.0897361 30
0.454282 0.731365 87
0.47964 0.956898 106
0.954698 0.288115 29
0.135753 0.119029 81
0.0703507 0.718655 112
0.576212 0.797736 87
0.988202 0.445864 45
0.247909 0.281304 74
0.123068 0.97682 127
0.0726819 0.967044 129
0.708903 0.774993 81
0.571888 0.180509 40
0.821301 0.568189 58
0.062978 0.108393 88
0.321805 0.968139 114
0.547832 0.675822 78
0.644471 0.451984 54
0.577676 0.60445 70
0.761279 0.605943 63
0.265482 0.0932239 67
0.534314 0.163863 43
0.47656 0.53484 70
0.0586722 0.289242 92
0.139935 0.49439 93
0.125344 0.75834 111
0.171578 0.769308 108
0.562406 0.71621 81
0.882696 0.932663 93
0.0967569 0.537043 99
0.405424 0.90657 105
0.327175 0.158802 63
0.310281 0.247569 67
0.313343 0.623215 88
0.347367 0.551007 80
0 1 24
0 2 73
0 3 31
0 4 111
0 5 87
0 6 38
0 7 39
0 8 48
0 9 65
0 10 72
0 11 81
0 12 53
0 13 106
0 14 52
0 15 86
0 16 56
0 17 52
0 18 59
0 19 114
0 20 94
0 21 42
0 22 43
0 23 95
0 24 88
0 25 93
0 26 30
0 27 81
0 28 35
0 29 120
0 30 68
0 31 49
0 32 55
0 33 50
0 34 35
0 35 107
0 36 85
0 37 62
0 38 110
0 39 93
0 40 88
0 41 83
0 42 46
0 43 13
0 44 96
0 45 59
0 46 98
0 47 93
0 48 72
0 49 72
1 2 51
1 3 12
1 4 86
1 5 75
1 6 27
1 7 17
1 8 26
1 9 52
1 10 48
1 11 60
1 12 30
1 13 82
1 14 29
1 15 67
1 16 34
1 17 38
1 18 48
1 19 90
1 20 72
1 21 22
1 22 35
1 23 71
1 24 71
1 25 75
1 26 9
1 27 60
1 28 17
1 29 96
1 30 52
1 31 25
1 32 32
1 33 25
1 34 14
1 35 83
1 36 63
1 37 38
1 38 86
1 39 70
1 40 67
1 41 62
1 42 23
1 43 21
1 44 72
1 45 42
1 46 74
1 47 69
1 48 49
1 49 48
2 3 53
2 4 52
2 5 45
2 6 41
2 7 34
2 8 25
2 9 32
2 10 20
2 11 9
2 12 20
2 13 41
2 14 46
2 15 20
2 16 47
2 17 69
2 18 38
2 19 47
2 20 67
2 21 52
2 22 44
2 23 33
2 24 83
2 25 85
2 26 51
2 27 10
2 28 38
2 29 54
2 30 74
2 31 40
2 32 19
2 33 33
2 34 38
2 35 36
2 36 12
2 37 28
2 38 52
2 39 49
2 40 66
2 41 64
2 42 44
2 43 72
2 44 55
2 45 65
2 46 28
2 47 27
2 48 43
2 49 36
3 4 82
3 5 83
3 6 37
3 7 24
3 8 30
3 9 61
3 10 45
3 11 61
3 12 33
3 13 79
3 14 21
3 15 71
3 16 25
3 17 26
3 18 57
3 19 88
3 20 63
3 21 12
3 22 46
3 23 68
3 24 60
3 25 64
3 26 3
3 27 63
3 28 26
3 29 93
3 30 41
3 31 19
3 32 35
3 33 23
3 34 20
3 35 82
3 36 65
3 37 34
3 38 81
3 39 63
3 40 57
3 41 52
3 42 15
3 43 23
3 44 65
3 45 31
3 46 74
3 47 67
3 48 42
3 49 42
4 5 92
4 6 89
4 7 76
4 8 67
4 9 84
4 10 40
4 11 48
4 12 63
4 13 14
4 14 63
4 15 62
4 16 60
4 17 79
4 18 90
4 19 18
4 20 43
4 21 73
4 22 94
4 23 19
4 24 69
4 25 68
4 26 82
4 27 53
4 28 81
4 29 18
4 30 73
4 31 63
4 32 61
4 33 61
4 34 77
4 35 28
4 36 49
4 37 49
4 38 0
4 39 22
4 40 48
4 41 50
4 42 66
4 43 105
4 44 25
4 45 71
4 46 30
4 47 26
4 48 42
4 49 39
5 6 50
5 7 59
5 8 55
5 9 23
5 10 65
5 11 45
5 12 54
5 13 79
5 14 85
5 15 30
5 16 87
5 17 106
5 18 29
5 19 81
5 20 112
5 21 87
5 22 45
5 23 74
5 24 127
5 25 129
5 26 81
5 27 40
5 28 58
5 29 88
5 30 114
5 31 78
5 32 54
5 33 70
5 34 63
5 35 67
5 36 43
5 37 70
5 38 92
5 39 93
5 40 111
5 41 108
5 42 81
5 43 93
5 44 99
5 45 105
5 46 63
5 47 67
5 48 88
5 49 80
6 7 17
6 8 22
6 9 27
6 10 49
6 11 49
6 12 26
6 13 80
6 14 48
6 15 49
6 16 52
6 17 63
6 18 22
6 19 87
6 20 87
6 21 45
6 22 9
6 23 70
6 24 93
6 25 96
6 26 34
6 27 47
6 28 12
6 29 94
6 30 76
6 31 41
6 32 28
6 33 35
6 34 19
6 35 77
6 36 51
6 37 44
6 38 88
6 39 78
6 40 83
6 41 79
6 42 41
6 43 43
6 44 82
6 45 65
6 46 68
6 47 66
6 48 62
6 49 57
7 8 9
7 9 37
7 10 35
7 11 43
7 12 14
7 13 69
7 14 31
7 15 49
7 16 34
7 17 48
7 18 34
7 19 77
7 20 70
7 21 29
7 22 26
7 23 59
7 24 75
7 25 79
7 26 21
7 27 43
7 28 6
7 29 83
7 30 59
7 31 24
7 32 16
7 33 18
7 34 4
7 35 68
7 36 46
7 37 28
7 38 75
7 39 62
7 40 66
7 41 62
7 42 24
7 43 38
7 44 66
7 45 49
7 46 59
7 47 55
7 48 45
7 49 41
8 9 34
8 10 27
8 11 34
8 12 5
8 13 60
8 14 31
8 15 41
8 16 34
8 17 51
8 18 33
8 19 68
8 20 66
8 21 32
8 22 30
8 23 50
8 24 75
8 25 78
8 26 28
8 27 34
8 28 14
8 29 74
8 30 60
8 31 23
8 32 7
8 33 16
8 34 13
8 35 59
8 36 37
8 37 22
8 38 67
8 39 56
8 40 63
8 41 59
8 42 26
8 43 47
8 44 60
8 45 50
8 46 50
8 47 46
8 48 40
8 49 35
9 10 50
9 11 37
9 12 33
9 13 72
9 14 64
9 15 28
9 16 67
9 17 84
9 18 8
9 19 77
9 20 96
9 21 65
9 22 24
9 23 65
9 24 108
9 25 111
9 26 58
9 27 33
9 28 35
9 29 84
9 30 94
9 31 57
9 32 34
9 33 49
9 34 40
9 35 65
9 36 37
9 37 52
9 38 84
9 39 80
9 40 94
9 41 91
9 42 59
9 43 70
9 44 86
9 45 84
9 46 57
9 47 59
9 48 71
9 49 64
10 11 23
10 12 23
10 13 34
10 14 31
10 15 39
10 16 31
10 17 54
10 18 53
10 19 43
10 20 47
10 21 40
10 22 55
10 23 24
10 24 64
10 25 66
10 26 45
10 27 28
10 28 41
10 29 49
10 30 56
10 31 28
10 32 21
10 33 23
10 34 37
10 35 37
10 36 28
10 37 12
10 38 40
10 39 31
10 40 46
10 41 44
10 42 32
10 43 68
10 44 36
10 45 49
10 46 29
10 47 22
10 48 24
10 49 16
11 12 29
11 13 35
11 14 52
11 15 17
11 16 53
11 17 75
11 18 44
11 19 40
11 20 69
11 21 59
11 22 52
11 23 29
11 24 87
11 25 89
11 26 60
11 27 5
11 28 47
11 29 47
11 30 79
11 31 47
11 32 27
11 33 40
11 34 46
11 35 29
11 36 4
11 37 33
11 38 48
11 39 48
11 40 68
11 41 67
11 42 51
11 43 81
11 44 54
11 45 71
11 46 21
11 47 22
11 48 47
11 49 39
12 13 56
12 14 31
12 15 38
12 16 34
12 17 53
12 18 34
12 19 63
12 20 64
12 21 34
12 22 33
12 23 45
12 24 74
12 25 77
12 26 31
12 27 30
12 28 19
12 29 70
12 30 61
12 31 24
12 32 2
12 33 16
12 34 17
12 35 54
12 36 33
12 37 20
12 38 63
12 39 52
12 40 61
12 41 58
12 42 27
12 43 52
12 44 57
12 45 51
12 46 45
12 47 41
12 48 38
12 49 33
13 14 62
13 15 49
13 16 60
13 17 82
13 18 79
13 19 9
13 20 53
13 21 72
13 22 85
13 23 11
13 24 78
13 25 77
13 26 79
13 27 40
13 28 75
13 29 14
13 30 78
13 31 61
13 32 53
13 33 57
13 34 71
13 35 14
13 36 36
13 37 45
13 38 15
13 39 30
13 40 56
13 41 57
13 42 65
13 43 102
13 44 35
13 45 74
13 46 16
13 47 14
13 48 45
13 49 39
14 15 66
14 16 4
14 17 23
14 18 64
14 19 71
14 20 43
14 21 10
14 22 57
14 23 51
14 24 45
14 25 49
14 26 22
14 27 55
14 28 36
14 29 76
14 30 30
14 31 7
14 32 31
14 33 15
14 34 29
14 35 68
14 36 57
14 37 20
14 38 62
14 39 43
14 40 37
14 41 33
14 42 7
14 43 44
14 44 44
14 45 20
14 46 60
14 47 52
14 48 21
14 49 23
15 16 67
15 17 88
15 18 36
15 19 51
15 20 86
15 21 71
15 22 49
15 23 45
15 24 103
15 25 105
15 26 69
15 27 12
15 28 51
15 29 59
15 30 94
15 31 59
15 32 36
15 33 52
15 34 53
15 35 38
15 36 14
15 37 48
15 38 62
15 39 65
15 40 85
15 41 83
15 42 63
15 43 87
15 44 71
15 45 85
15 46 33
15 47 37
15 48 63
15 49 55
16 17 23
16 18 67
16 19 69
16 20 38
16 21 14
16 22 61
16 23 50
16 24 41
16 25 45
16 26 26
16 27 56
16 28 40
16 29 74
16 30 27
16 31 11
16 32 34
16 33 18
16 34 33
16 35 67
16 36 57
16 37 20
16 38 59
16 39 39
16 40 33
16 41 29
16 42 11
16 43 47
16 44 41
16 45 18
16 46 59
16 47 50
16 48 18
16 49 21
17 18 82
17 19 91
17 20 47
17 21 19
17 22 72
17 23 71
17 24 36
17 25 41
17 26 29
17 27 78
17 28 52
17 29 95
17 30 16
17 31 29
17 32 53
17 33 37
17 34 45
17 35 89
17 36 79
17 37 42
17 38 79
17 39 57
17 40 41
17 41 36
17 42 25
17 43 40
17 44 57
17 45 9
17 46 81
17 47 73
17 48 37
17 49 43
18 19 84
18 20 98
18 21 63
18 22 16
18 23 71
18 24 108
18 25 111
18 26 55
18 27 40
18 28 31
18 29 91
18 30 93
18 31 56
18 32 35
18 33 49
18 34 37
18 35 72
18 36 44
18 37 54
18 38 90
18 39 84
18 40 95
18 41 92
18 42 58
18 43 65
18 44 89
18 45 83
18 46 64
18 47 65
18 48 72
18 49 66
19 20 60
19 21 81
19 22 91
19 23 20
19 24 86
19 25 85
19 26 87
19 27 44
19 28 82
19 29 7
19 30 87
19 31 69
19 32 61
19 33 66
19 34 79
19 35 13
19 36 40
19 37 54
19 38 19
19 39 38
19 40 64
19 41 65
19 42 73
19 43 110
19 44 42
19 45 83
19 46 20
19 47 22
19 48 53
19 49 48
20 21 51
20 22 96
20 23 47
20 24 26
20 25 25
20 26 64
20 27 74
20 28 77
20 29 61
20 30 35
20 31 48
20 32 63
20 33 52
20 34 70
20 35 66
20 36 72
20 37 45
20 38 43
20 39 23
20 40 7
20 41 11
20 42 49
20 43 84
20 44 18
20 45 38
20 46 62
20 47 53
20 48 26
20 49 32
21 22 54
21 23 61
21 24 49
21 25 53
21 26 13
21 27 62
21 28 34
21 29 86
21 30 31
21 31 13
21 32 35
21 33 19
21 34 27
21 35 77
21 36 64
21 37 28
21 38 73
21 39 53
21 40 45
21 41 41
21 42 8
21 43 33
21 44 55
21 45 20
21 46 69
21 47 61
21 48 32
21 49 34
22 23 76
22 24 102
22 25 105
22 26 43
22 27 49
22 28 21
22 29 98
22 30 85
22 31 50
22 32 34
22 33 44
22 34 28
22 35 80
22 36 53
22 37 52
22 38 94
22 39 85
22 40 92
22 41 88
22 42 50
22 43 50
22 44 90
22 45 74
22 46 72
22 47 71
22 48 70
22 49 65
23 24 71
23 25 71
23 26 68
23 27 34
23 28 64
23 29 25
23 30 69
23 31 50
23 32 43
23 33 46
23 34 61
23 35 19
23 36 31
23 37 34
23 38 19
23 39 24
23 40 49
23 41 49
23 42 54
23 43 91
23 44 30
23 45 64
23 46 15
23 47 7
23 48 35
23 49 29
24 25 5
24 26 62
24 27 91
24 28 81
24 29 87
24 30 20
24 31 52
24 32 74
24 33 59
24 34 74
24 35 89
24 36 91
24 37 57
24 38 69
24 39 48
24 40 22
24 41 21
24 42 51
24 43 76
24 44 44
24 45 29
24 46 84
24 47 75
24 48 40
24 49 48
25 26 66
25 27 93
25 28 85
25 29 86
25 30 25
25 31 56
25 32 77
25 33 62
25 34 78
25 35 89
25 36 93
25 37 59
25 38 68
25 39 48
25 40 22
25 41 22
25 42 55
25 43 81
25 44 43
25 45 34
25 46 85
25 47 76
25 48 42
25 49 50
26 27 61
26 28 24
26 29 93
26 30 43
26 31 19
26 32 33
26 33 22
26 34 18
26 35 81
26 36 64
26 37 33
26 38 81
26 39 63
26 40 58
26 41 54
26 42 16
26 43 23
26 44 66
26 45 33
26 46 72
26 47 66
26 48 42
26 49 43
27 28 46
27 29 51
27 30 83
27 31 50
27 32 28
27 33 42
27 34 47
27 35 32
27 36 4
27 37 37
27 38 52
27 39 53
27 40 73
27 41 71
27 42 54
27 43 81
27 44 59
27 45 74
27 46 25
27 47 27
27 48 51
27 49 43
28 29 89
28 30 64
28 31 29
28 32 21
28 33 25
28 34 7
28 35 73
28 36 50
28 37 35
28 38 81
28 39 69
28 40 72
28 41 68
28 42 30
28 43 37
28 44 73
28 45 54
28 46 64
28 47 60
28 48 51
28 49 47
29 30 90
29 31 75
29 32 68
29 33 71
29 34 86
29 35 20
29 36 47
29 37 59
29 38 18
29 39 39
29 40 65
29 41 67
29 42 79
29 43 116
29 44 43
29 45 87
29 46 27
29 47 28
29 48 57
29 49 53
30 31 37
30 32 61
30 33 44
30 34 57
30 35 88
30 36 83
30 37 46
30 38 73
30 39 51
30 40 29
30 41 25
30 42 35
30 43 56
30 44 49
30 45 10
30 46 81
30 47 72
30 48 35
30 49 42
31 32 24
31 33 8
31 34 22
31 35 65
31 36 51
31 37 16
31 38 62
31 39 45
31 40 43
31 41 39
31 42 4
31 43 42
31 44 47
31 45 27
31 46 56
31 47 49
31 48 24
31 49 24
32 33 17
32 34 19
32 35 52
32 36 31
32 37 19
32 38 61
32 39 51
32 40 60
32 41 57
32 42 28
32 43 54
32 44 55
32 45 51
32 46 43
32 47 39
32 48 37
32 49 31
33 34 18
33 35 60
33 36 44
33 37 12
33 38 61
33 39 45
33 40 48
33 41 44
33 42 11
33 43 45
33 44 49
33 45 35
33 46 51
33 47 45
33 48 26
33 49 24
34 35 71
34 36 50
34 37 29
34 38 77
34 39 63
34 40 65
34 41 61
34 42 23
34 43 35
34 44 67
34 45 47
34 46 62
34 47 58
34 48 45
34 49 42
35 36 28
35 37 49
35 38 28
35 39 42
35 40 68
35 41 68
35 42 69
35 43 104
35 44 47
35 45 83
35 46 9
35 47 16
35 48 53
35 49 47
36 37 38
36 38 49
36 39 51
36 40 72
36 41 71
36 42 55
36 43 84
36 44 58
36 45 75
36 46 21
36 47 24
36 48 51
36 49 43
37 38 48
37 39 34
37 40 42
37 41 38
37 42 20
37 43 57
37 44 38
37 45 38
37 46 40
37 47 33
37 48 19
37 49 13
38 39 22
38 40 47
38 41 49
38 42 66
38 43 105
38 44 25
38 45 71
38 46 30
38 47 26
38 48 42
38 49 39
39 40 26
39 41 28
39 42 48
39 43 86
39 44 6
39 45 49
39 46 38
39 47 30
39 48 22
39 49 22
40 41 5
40 42 44
40 43 78
40 44 22
40 45 32
40 46 63
40 47 54
40 48 23
40 49 30
41 42 39
41 43 73
41 44 24
41 45 27
41 46 63
41 47 54
41 48 20
41 49 28
42 43 39
42 44 50
42 45 25
42 46 61
42 47 53
42 48 27
42 49 27
43 44 88
43 45 48
43 46 95
43 47 89
43 48 65
43 49 66
44 45 48
44 46 44
44 47 36
44 48 23
44 49 25
45 46 75
45 47 67
45 48 30
45 49 36
46 47 9
46 48 46
46 49 39
47 48 38
47 49 31
48 49 8
0 1 24
0 2 73
0 3 31
0 5 87
0 6 38
0 7 39
0 15 86
0 28 35
0 30 68
0 36 85
0 38 110
0 43 13
0 47 93
0 49 72
1 2 51
1 5 75
1 7 17
1 10 48
1 21 22
1 25 75
1 37 38
1 39 70
1 42 23
1 45 42
1 46 74
1 47 69
1 48 49
2 3 53
2 5 45
2 7 34
2 11 9
2 12 20
2 17 69
2 19 47
2 26 51
2 32 19
2 33 33
2 34 38
2 35 36
2 37 28
2 43 72
2 44 55
2 47 27
3 4 82
3 8 30
3 9 61
3 13 79
3 17 26
3 18 57
3 19 88
3 29 93
3 33 23
3 46 74
4 6 89
4 12 63
4 13 14
4 17 79
4 19 18
4 21 73
4 23 19
4 24 69
4 26 82
4 28 81
4 29 18
4 30 73
4 31 63
4 37 49
4 45 71
5 8 55
5 24 127
5 27 40
5 28 58
5 33 70
5 34 63
5 36 43
5 38 92
5 48 88
5 49 80
6 7 17
6 9 27
6 15 49
6 17 63
6 18 22
6 22 9
6 24 93
6 26 34
6 39 78
6 40 83
6 44 82
6 46 68
6 47 66
7 11 43
7 16 34
7 19 77
7 22 26
7 25 79
7 26 21
7 27 43
7 33 18
7 39 62
7 40 66
7 42 24
7 44 66
7 45 49
7 48 45
8 16 34
8 21 32
8 22 30
8 23 50
8 25 78
8 26 28
8 32 7
8 34 13
8 36 37
8 37 22
8 39 56
8 41 59
8 42 26
8 43 47
8 44 60
8 48 40
8 49 35
9 10 50
9 12 33
9 17 84
9 24 108
9 27 33
9 30 94
9 34 40
9 44 86
9 46 57
10 14 31
10 19 43
10 27 28
10 37 12
10 46 29
11 12 29
11 14 52
11 18 44
11 25 89
11 28 47
11 29 47
11 31 47
11 37 33
11 41 67
11 43 81
11 45 71
11 47 22
12 13 56
12 14 31
12 16 34
12 18 34
12 21 34
12 23 45
12 25 77
12 26 31
12 28 19
12 30 61
12 34 17
12 36 33
12 37 20
12 39 52
12 44 57
13 17 82
13 18 79
13 19 9
13 21 72
13 24 78
13 26 79
13 30 78
13 31 61
13 38 15
13 39 30
13 42 65
13 48 45
13 49 39
14 16 4
14 27 55
14 28 36
14 29 76
14 31 7
14 32 31
14 37 20
14 39 43
14 40 37
14 43 44
14 48 21
15 16 67
15 18 36
15 20 86
15 22 49
15 23 45
15 24 103
15 30 94
15 33 52
15 34 53
15 35 38
15 40 85
15 41 83
15 45 85
15 46 33
15 49 55
16 22 61
16 26 26
16 36 57
16 44 41
16 48 18
17 20 47
17 27 78
17 31 29
17 36 79
17 43 40
17 46 81
17 49 43
18 22 16
18 23 71
18 34 37
18 35 72
18 37 54
18 39 84
18 40 95
18 47 65
19 22 91
19 30 87
19 33 66
19 34 79
19 35 13
19 39 38
19 44 42
19 46 20
19 48 53
20 21 51
20 23 47
20 24 26
20 25 25
20 29 61
20 31 48
20 35 66
20 36 72
20 37 45
20 38 43
20 43 84
21 25 53
21 27 62
21 29 86
21 30 31
21 31 13
21 36 64
21 37 28
21 40 45
21 41 41
21 47 61
21 48 32
22 25 105
22 26 43
22 30 85
22 34 28
22 39 85
22 41 88
22 42 50
22 43 50
22 45 74
22 49 65
23 30 69
23 33 46
23 34 61
23 35 19
23 38 19
23 40 49
23 43 91
24 25 5
24 27 91
24 29 87
24 31 52
24 35 89
24 38 69
24 44 44
24 46 84
25 27 93
25 32 77
25 33 62
25 34 78
25 35 89
25 36 93
25 37 59
25 43 81
25 45 34
25 47 76
26 37 33
26 39 63
26 40 58
27 29 51
27 32 28
27 33 42
27 36 4
27 38 52
27 42 54
27 44 59
27 46 25
28 30 64
28 31 29
28 42 30
28 44 73
28 45 54
28 46 64
28 49 47
29 30 90
29 36 47
29 39 39
29 40 65
29 45 87
30 36 83
30 41 25
30 44 49
30 46 81
31 33 8
31 34 22
31 37 16
31 43 42
31 46 56
31 48 24
32 39 51
32 42 28
32 43 54
32 44 55
32 45 51
32 46 43
32 48 37
33 38 61
33 41 44
33 47 45
34 36 50
34 38 77
34 39 63
35 42 69
35 46 9
36 37 38
36 40 72
36 46 21
36 48 51
36 49 43
37 38 48
37 41 38
37 43 57
37 44 38
37 45 38
37 47 33
37 48 19
38 42 66
38 45 71
38 48 42
39 41 28
39 43 86
39 46 38
39 48 22
40 41 5
40 44 22
40 45 32
41 46 63
42 43 39
42 45 25
42 46 61
42 47 53
42 49 27
43 45 48
44 48 23
45 48 30
46 49 39
