100 0.5 20 1 0.5 4950 2475 67
0.883634 0.286412 54
0.291041 0.9317 15
0.39657 0.614448 25
0.836277 0.252211 53
0.680482 0.684128 36
0.944154 0.565023 50
0.609595 0.959612 31
0.287609 0.474495 26
0.428453 0.846448 22
0.504254 0.182207 45
0.228487 0.155571 40
0.94208 0.0558832 64
0.359075 0.315452 35
0.737937 0.0779558 56
0.355932 0.684556 21
0.57153 0.98746 29
0.891755 0.965999 45
0.12147 0.857466 7
0.570398 0.416654 38
0.31835 0.52872 25
0.810898 0.063225 59
0.265437 0.755427 16
0.628468 0.901 31
0.78024 0.590206 42
0.933168 0.699832 48
0.85021 0.963114 43
0.0292658 0.0879029 42
0.546234 0.475431 35
0.949308 0.508699 52
0.0397352 0.930297 2
0.115597 0.123763 40
0.744627 0.395253 45
0.588766 0.914414 29
0.438911 0.724317 24
0.830303 0.574892 45
0.590838 0.149951 48
0.120391 0.855335 7
0.772434 0.986381 39
0.00303687 0.240326 34
0.259137 0.229956 37
0.625255 0.287482 44
0.922496 0.59665 49
0.788011 0.305289 50
0.492183 0.57511 30
0.316904 0.842967 16
0.374891 0.381784 33
0.55306 0.446583 36
0.691347 0.30716 46
0.0740992 0.704823 11
0.777021 0.21223 52
0.835366 0.590677 45
0.416054 0.593555 26
0.906421 0.721157 46
0.811685 0.487552 46
0.552762 0.877935 28
0.806673 0.0486102 59
0.86322 0.350661 52
0.291853 0.157441 41
0.17381 0.635482 17
0.492881 0.402586 36
0.000682846 0.91782 0
0.144071 0.0902798 42
0.0121027 0.172002 37
0.969791 0.490188 53
0.89968 0.887235 45
0.597301 0.111357 50
0.687417 0.205136 49
0.57745 0.727499 30
0.893207 0.39786 52
0.627958 0.063551 53
0.523939 0.725458 28
0.192178 0.971472 10
0.00630537 0.498717 21
0.886381 0.701395 46
0.420234 0.320694 36
0.588884 0.315127 42
0.967593 0.659789 50
0.0103654 0.405871 26
0.997431 0.154093 63
0.0930096 0.65742 14
0.992091 0.527811 53
0.722255 0.965403 36
0.749776 0.0928098 56
0.651442 0.70878 34
0.41805 0.597038 26
0.121658 0.349535 29
0.337935 0.354092 33
0.665528 0.876057 33
0.325196 0.313756 34
0.0762581 0.232692 34
0.59048 0.411755 39
0.877376 0.540809 48
0.223953 0.794236 13
0.904836 0.466153 51
0.807785 0.0295522 60
0.717641 0.362049 45
0.430001 0.4273 33
0.81074 0.0475109 59
0.822154 0.758137 42
0.203801 0.36944 29
0 1 88
0 2 59
0 3 6
0 4 45
0 5 29
0 6 73
0 7 62
0 8 72
0 9 39
0 10 67
0 11 24
0 12 53
0 13 25
0 14 66
0 15 77
0 16 68
0 17 95
0 18 34
0 19 62
0 20 23
0 21 78
0 22 67
0 23 32
0 24 42
0 25 68
0 26 88
0 27 39
0 28 23
0 29 106
0 30 79
0 31 18
0 32 69
0 33 62
0 34 29
0 35 32
0 36 95
0 37 71
0 38 88
0 39 63
0 40 26
0 41 31
0 42 10
0 43 49
0 44 79
0 45 52
0 46 37
0 47 19
0 48 91
0 49 13
0 50 31
0 51 56
0 52 44
0 53 21
0 54 68
0 55 25
0 56 7
0 57 61
0 58 79
0 59 41
0 60 109
0 61 77
0 62 88
0 63 22
0 64 60
0 65 34
0 66 21
0 67 54
0 68 11
0 69 34
0 70 57
0 71 97
0 72 90
0 73 41
0 74 46
0 75 30
0 76 38
0 77 88
0 78 17
0 79 87
0 80 26
0 81 70
0 82 24
0 83 48
0 84 56
0 85 76
0 86 55
0 87 63
0 88 56
0 89 81
0 90 32
0 91 25
0 92 83
0 93 18
0 94 27
0 95 18
0 96 48
0 97 25
0 98 48
0 99 68
1 2 33
1 3 87
1 4 46
1 5 75
1 6 32
1 7 46
1 8 16
1 9 78
1 10 78
1 11 109
1 12 62
1 13 96
1 14 26
1 15 29
1 16 60
1 17 19
1 18 59
1 19 40
1 20 101
1 21 18
1 22 34
1 23 60
1 24 68
1 25 56
1 26 88
1 27 52
1 28 78
1 29 25
1 30 83
1 31 70
1 32 30
1 33 25
1 34 65
1 35 84
1 36 19
1 37 48
1 38 75
1 39 70
1 40 73
1 41 71
1 42 80
1 43 41
1 44 9
1 45 56
1 46 55
1 47 74
1 48 31
1 49 87
1 50 64
1 51 36
1 52 65
1 53 68
1 54 27
1 55 102
1 56 82
1 57 77
1 58 32
1 59 57
1 60 29
1 61 85
1 62 81
1 63 81
1 64 61
1 65 88
1 66 83
1 67 35
1 68 80
1 69 93
1 70 31
1 71 11
1 72 52
1 73 64
1 74 62
1 75 68
1 76 73
1 77 60
1 78 105
1 79 34
1 80 81
1 81 43
1 82 96
1 83 42
1 84 36
1 85 61
1 86 58
1 87 38
1 88 62
1 89 73
1 90 60
1 91 70
1 92 15
1 93 77
1 94 104
1 95 71
1 96 52
1 97 103
1 98 56
1 99 57
2 3 57
2 4 29
2 5 55
2 6 41
2 7 18
2 8 23
2 9 45
2 10 49
2 11 78
2 12 30
2 13 64
2 14 8
2 15 41
2 16 61
2 17 37
2 18 26
2 19 12
2 20 69
2 21 19
2 22 37
2 23 38
2 24 54
2 25 57
2 26 64
2 27 20
2 28 56
2 29 48
2 30 57
2 31 41
2 32 36
2 33 12
2 34 44
2 35 50
2 36 37
2 37 53
2 38 54
2 39 41
2 40 40
2 41 53
2 42 50
2 43 10
2 44 24
2 45 23
2 46 23
2 47 43
2 48 33
2 49 55
2 50 44
2 51 3
2 52 52
2 53 43
2 54 31
2 55 70
2 56 54
2 57 47
2 58 22
2 59 23
2 60 50
2 61 58
2 62 59
2 63 59
2 64 57
2 65 54
2 66 50
2 67 21
2 68 54
2 69 60
2 70 17
2 71 41
2 72 41
2 73 50
2 74 29
2 75 36
2 76 57
2 77 44
2 78 76
2 79 31
2 80 60
2 81 48
2 82 63
2 83 27
2 84 3
2 85 38
2 86 27
2 87 38
2 88 31
2 89 50
2 90 28
2 91 49
2 92 25
2 93 53
2 94 71
2 95 41
2 96 19
2 97 70
2 98 45
2 99 31
3 4 46
3 5 33
3 6 74
3 7 59
3 8 72
3 9 34
3 10 62
3 11 22
3 12 48
3 13 20
3 14 65
3 15 78
3 16 72
3 17 94
3 18 31
3 19 59
3 20 19
3 21 76
3 22 68
3 23 34
3 24 46
3 25 71
3 26 82
3 27 37
3 28 28
3 29 105
3 30 73
3 31 17
3 32 71
3 33 62
3 34 32
3 35 27
3 36 94
3 37 74
3 38 83
3 39 58
3 40 21
3 41 36
3 42 7
3 43 47
3 44 79
3 45 48
3 46 34
3 47 15
3 48 89
3 49 7
3 50 34
3 51 54
3 52 47
3 53 24
3 54 69
3 55 21
3 56 10
3 57 55
3 58 77
3 59 37
3 60 107
3 61 71
3 62 83
3 63 27
3 64 64
3 65 28
3 66 16
3 67 54
3 68 16
3 69 28
3 70 57
3 71 97
3 72 87
3 73 45
3 74 42
3 75 26
3 76 43
3 77 84
3 78 19
3 79 85
3 80 32
3 81 72
3 82 18
3 83 49
3 84 54
3 85 72
3 86 51
3 87 65
3 88 51
3 89 76
3 90 29
3 91 29
3 92 82
3 93 22
3 94 22
3 95 16
3 96 44
3 97 21
3 98 51
3 99 64
4 5 29
4 6 28
4 7 45
4 8 30
4 9 53
4 10 70
4 11 68
4 12 49
4 13 61
4 14 32
4 15 32
4 16 35
4 17 59
4 18 29
4 19 39
4 20 63
4 21 42
4 22 22
4 23 14
4 24 25
4 25 33
4 26 88
4 27 25
4 28 32
4 29 69
4 30 80
4 31 30
4 32 25
4 33 24
4 34 19
4 35 54
4 36 59
4 37 32
4 38 81
4 39 62
4 40 40
4 41 26
4 42 39
4 43 22
4 44 40
4 45 43
4 46 27
4 47 38
4 48 61
4 49 48
4 50 18
4 51 28
4 52 23
4 53 24
4 54 23
4 55 65
4 56 38
4 57 65
4 58 51
4 59 34
4 60 72
4 61 80
4 62 84
4 63 35
4 64 30
4 65 58
4 66 48
4 67 11
4 68 36
4 69 62
4 70 16
4 71 57
4 72 70
4 73 21
4 74 45
4 75 38
4 76 29
4 77 73
4 78 62
4 79 59
4 80 35
4 81 28
4 82 60
4 83 4
4 84 28
4 85 65
4 86 48
4 87 19
4 88 51
4 89 75
4 90 29
4 91 24
4 92 47
4 93 31
4 94 67
4 95 32
4 96 36
4 97 65
4 98 16
4 99 57
5 6 52
5 7 66
5 8 59
5 9 58
5 10 82
5 11 51
5 12 64
5 13 53
5 14 60
5 15 56
5 16 40
5 17 87
5 18 40
5 19 63
5 20 52
5 21 70
5 22 46
5 23 17
5 24 14
5 25 41
5 26 103
5 27 41
5 28 6
5 29 98
5 30 94
5 31 26
5 32 50
5 33 53
5 34 11
5 35 55
5 36 87
5 37 46
5 38 100
5 39 76
5 40 42
5 41 4
5 42 30
5 43 45
5 44 69
5 45 60
5 46 41
5 47 36
5 48 88
5 49 39
5 50 11
5 51 53
5 52 16
5 53 15
5 54 50
5 55 53
5 56 23
5 57 77
5 58 77
5 59 48
5 60 101
5 61 93
5 62 101
5 63 8
5 64 33
5 65 57
5 66 44
5 67 40
5 68 17
5 69 59
5 70 45
5 71 85
5 72 94
5 73 15
5 74 58
5 75 43
5 76 10
5 77 95
5 78 41
5 79 86
5 80 6
5 81 46
5 82 51
5 83 33
5 84 53
5 85 85
5 86 64
5 87 42
5 88 67
5 89 93
5 90 39
5 91 7
5 92 76
5 93 11
5 94 55
5 95 30
5 96 53
5 97 53
5 98 23
5 99 77
6 7 58
6 8 21
6 9 78
6 10 89
6 11 96
6 12 69
6 13 89
6 14 37
6 15 5
6 16 28
6 17 50
6 18 54
6 19 52
6 20 92
6 21 40
6 22 6
6 23 41
6 24 41
6 25 24
6 26 105
6 27 49
6 28 56
6 29 57
6 30 97
6 31 58
6 32 5
6 33 29
6 34 44
6 35 81
6 36 50
6 37 17
6 38 94
6 39 81
6 40 67
6 41 48
6 42 68
6 43 40
6 44 32
6 45 62
6 46 52
6 47 66
6 48 59
6 49 77
6 50 43
6 51 41
6 52 38
6 53 51
6 54 10
6 55 93
6 56 66
6 57 86
6 58 54
6 59 57
6 60 61
6 61 99
6 62 99
6 63 59
6 64 30
6 65 85
6 66 76
6 67 23
6 68 63
6 69 90
6 70 25
6 71 42
6 72 76
6 73 38
6 74 67
6 75 64
6 76 47
6 77 82
6 78 89
6 79 60
6 80 58
6 81 11
6 82 88
6 83 25
6 84 41
6 85 78
6 86 66
6 87 10
6 88 71
6 89 90
6 90 55
6 91 50
6 92 42
6 93 58
6 94 95
6 95 61
6 96 56
6 97 93
6 98 29
6 99 72
7 8 40
7 9 36
7 10 32
7 11 78
7 12 17
7 13 60
7 14 22
7 15 59
7 16 78
7 17 42
7 18 29
7 19 6
7 20 67
7 21 28
7 22 55
7 23 51
7 24 68
7 25 75
7 26 46
7 27 26
7 28 66
7 29 52
7 30 39
7 31 46
7 32 53
7 33 29
7 34 55
7 35 44
7 36 42
7 37 71
7 38 37
7 39 25
7 40 39
7 41 65
7 42 53
7 43 23
7 44 37
7 45 13
7 46 27
7 47 44
7 48 31
7 49 56
7 50 56
7 51 18
7 52 67
7 53 52
7 54 48
7 55 67
7 56 59
7 57 32
7 58 20
7 59 22
7 60 53
7 61 41
7 62 41
7 63 68
7 64 74
7 65 48
7 66 48
7 67 38
7 68 61
7 69 53
7 70 34
7 71 51
7 72 28
7 73 64
7 74 20
7 75 34
7 76 70
7 77 29
7 78 78
7 79 27
7 80 71
7 81 66
7 82 60
7 83 43
7 84 18
7 85 21
7 86 13
7 87 55
7 88 17
7 89 32
7 90 31
7 91 59
7 92 33
7 93 62
7 94 68
7 95 44
7 96 15
7 97 68
7 98 61
7 99 13
8 9 67
8 10 72
8 11 94
8 12 54
8 13 83
8 14 18
8 15 20
8 16 48
8 17 31
8 18 45
8 19 34
8 20 87
8 21 19
8 22 21
8 23 44
8 24 53
8 25 44
8 26 86
8 27 39
8 28 62
8 29 40
8 30 79
8 31 55
8 32 17
8 33 12
8 34 49
8 35 72
8 36 31
8 37 37
8 38 74
8 39 64
8 40 59
8 41 55
8 42 65
8 43 28
8 44 11
8 45 47
8 46 42
8 47 60
8 48 38
8 49 72
8 50 48
8 51 25
8 52 49
8 53 53
8 54 13
8 55 88
8 56 66
8 57 70
8 58 33
8 59 45
8 60 43
8 61 81
8 62 79
8 63 65
8 64 47
8 65 75
8 66 69
8 67 19
8 68 65
8 69 81
8 70 15
8 71 27
8 72 55
8 73 48
8 74 53
8 75 56
8 76 57
8 77 61
8 78 90
8 79 39
8 80 65
8 81 32
8 82 82
8 83 26
8 84 25
8 85 58
8 86 50
8 87 24
8 88 54
8 89 71
8 90 46
8 91 54
8 92 21
8 93 61
8 94 90
8 95 56
8 96 42
8 97 89
8 98 40
8 99 53
9 10 28
9 11 46
9 12 20
9 13 26
9 14 52
9 15 81
9 16 87
9 17 78
9 18 24
9 19 39
9 20 33
9 21 62
9 22 73
9 23 49
9 24 67
9 25 85
9 26 48
9 27 30
9 28 55
9 29 88
9 30 39
9 31 32
9 32 74
9 33 55
9 34 51
9 35 9
9 36 77
9 37 85
9 38 50
9 39 25
9 40 16
9 41 59
9 42 31
9 43 39
9 44 69
9 45 24
9 46 27
9 47 22
9 48 68
9 49 27
9 50 53
9 51 42
9 52 67
9 53 43
9 54 70
9 55 33
9 56 40
9 57 21
9 58 56
9 59 22
9 60 89
9 61 37
9 62 49
9 63 56
9 64 81
9 65 12
9 66 18
9 67 55
9 68 44
9 69 17
9 70 54
9 71 85
9 72 59
9 73 64
9 74 16
9 75 16
9 76 67
9 77 54
9 78 49
9 79 63
9 80 60
9 81 81
9 82 26
9 83 55
9 84 42
9 85 42
9 86 24
9 87 71
9 88 22
9 89 43
9 90 25
9 91 52
9 92 67
9 93 49
9 94 34
9 95 28
9 96 26
9 97 33
9 98 66
9 99 35
10 11 72
10 12 21
10 13 52
10 14 54
10 15 90
10 16 105
10 17 71
10 18 43
10 19 38
10 20 59
10 21 60
10 22 85
10 23 70
10 24 89
10 25 102
10 26 21
10 27 45
10 28 80
10 29 80
10 30 12
10 31 57
10 32 84
10 33 61
10 34 73
10 35 36
10 36 71
10 37 99
10 38 24
10 39 8
10 40 42
10 41 82
10 42 58
10 43 50
10 44 69
10 45 27
10 46 44
10 47 49
10 48 57
10 49 55
10 50 75
10 51 48
10 52 88
10 53 67
10 54 79
10 55 59
10 56 66
10 57 6
10 58 48
10 59 36
10 60 80
10 61 11
10 62 22
10 63 81
10 64 99
10 65 37
10 66 46
10 67 67
10 68 71
10 69 41
10 70 64
10 71 82
10 72 41
10 73 85
10 74 25
10 75 39
10 76 89
10 77 33
10 78 77
10 79 52
10 80 85
10 81 95
10 82 53
10 83 70
10 84 48
10 85 22
10 86 23
10 87 84
10 88 19
10 89 17
10 90 44
10 91 75
10 92 64
10 93 74
10 94 59
10 95 53
10 96 34
10 97 59
10 98 85
10 99 22
11 12 64
11 13 21
11 14 86
11 15 100
11 16 91
11 17 115
11 18 52
11 19 78
11 20 13
11 21 97
11 22 90
11 23 56
11 24 64
11 25 91
11 26 91
11 27 58
11 28 45
11 29 126
11 30 83
11 31 39
11 32 93
11 33 84
11 34 53
11 35 36
11 36 115
11 37 95
11 38 96
11 39 70
11 40 39
11 41 54
11 42 29
11 43 69
11 44 101
11 45 65
11 46 55
11 47 35
11 48 108
11 49 23
11 50 55
11 51 75
11 52 67
11 53 45
11 54 91
11 55 14
11 56 31
11 57 66
11 58 96
11 59 57
11 60 128
11 61 80
11 62 94
11 63 44
11 64 83
11 65 35
11 66 30
11 67 76
11 68 35
11 69 31
11 70 79
11 71 118
11 72 104
11 73 65
11 74 59
11 75 44
11 76 60
11 77 100
11 78 11
11 79 104
11 80 47
11 81 94
11 82 20
11 83 71
11 84 75
11 85 87
11 86 67
11 87 87
11 88 67
11 89 88
11 90 50
11 91 49
11 92 103
11 93 41
11 94 14
11 95 38
11 96 63
11 97 13
11 98 71
11 99 80
12 13 45
12 14 37
12 15 70
12 16 84
12 17 59
12 18 23
12 19 22
12 20 52
12 21 45
12 22 64
12 23 50
12 24 69
12 25 81
12 26 40
12 27 25
12 28 62
12 29 69
12 30 31
12 31 39
12 32 64
12 33 42
12 34 54
12 35 28
12 36 59
12 37 79
12 38 36
12 39 13
12 40 27
12 41 63
12 42 43
12 43 29
12 44 53
12 45 7
12 46 23
12 47 33
12 48 48
12 49 43
12 50 55
12 51 28
12 52 68
12 53 48
12 54 59
12 55 52
12 56 51
12 57 17
12 58 37
12 59 16
12 60 70
12 61 31
12 62 38
12 63 64
12 64 79
12 65 31
12 66 35
12 67 47
12 68 54
12 69 37
12 70 44
12 71 68
12 72 40
12 73 65
12 74 6
12 75 23
12 76 70
12 77 36
12 78 66
12 79 43
12 80 67
12 81 74
12 82 45
12 83 49
12 84 29
12 85 24
12 86 4
12 87 64
12 88 3
12 89 29
12 90 25
12 91 57
12 92 50
12 93 57
12 94 53
12 95 36
12 96 13
12 97 53
12 98 64
12 99 16
13 14 72
13 15 92
13 16 90
13 17 99
13 18 38
13 19 62
13 20 7
13 21 83
13 22 83
13 23 51
13 24 65
13 25 89
13 26 71
13 27 44
13 28 48
13 29 110
13 30 62
13 31 32
13 32 85
13 33 71
13 34 51
13 35 16
13 36 99
13 37 91
13 38 75
13 39 50
13 40 24
13 41 55
13 42 23
13 43 55
13 44 87
13 45 47
13 46 41
13 47 23
13 48 91
13 49 14
13 50 52
13 51 61
13 52 66
13 53 42
13 54 82
13 55 7
13 56 30
13 57 45
13 58 79
13 59 41
13 60 112
13 61 59
13 62 73
13 63 47
13 64 83
13 65 14
13 66 14
13 67 67
13 68 36
13 69 11
13 70 68
13 71 105
13 72 84
13 73 64
13 74 40
13 75 28
13 76 63
13 77 80
13 78 27
13 79 87
13 80 52
13 81 89
13 82 2
13 83 64
13 84 61
13 85 67
13 86 49
13 87 80
13 88 48
13 89 68
13 90 36
13 91 48
13 92 88
13 93 42
13 94 8
13 95 28
13 96 47
13 97 8
13 98 69
13 99 61
14 15 37
14 16 61
14 17 29
14 18 34
14 19 16
14 20 77
14 21 11
14 22 35
14 23 43
14 24 58
14 25 57
14 26 68
14 27 28
14 28 62
14 29 40
14 30 61
14 31 48
14 32 33
14 33 9
14 34 49
14 35 58
14 36 29
14 37 51
14 38 57
14 39 46
14 40 48
14 41 57
14 42 57
14 43 17
14 44 16
14 45 30
14 46 31
14 47 50
14 48 28
14 49 63
14 50 49
14 51 11
14 52 55
14 53 50
14 54 28
14 55 78
14 56 61
14 57 53
14 58 19
14 59 31
14 60 42
14 61 63
14 62 62
14 63 64
14 64 58
14 65 62
14 66 58
14 67 23
14 68 61
14 69 68
14 70 17
14 71 33
14 72 40
14 73 53
14 74 37
14 75 44
14 76 61
14 77 44
14 78 83
14 79 26
14 80 66
14 81 46
14 82 71
14 83 30
14 84 11
14 85 41
14 86 33
14 87 36
14 88 37
14 89 53
14 90 36
14 91 54
14 92 17
14 93 59
14 94 80
14 95 48
14 96 27
14 97 78
14 98 47
14 99 35
15 16 32
15 17 47
15 18 57
15 19 52
15 20 95
15 21 38
15 22 10
15 23 45
15 24 46
15 25 28
15 26 105
15 27 51
15 28 61
15 29 53
15 30 98
15 31 62
15 32 8
15 33 29
15 34 49
15 35 84
15 36 47
15 37 20
15 38 94
15 39 82
15 40 70
15 41 53
15 42 72
15 43 42
15 44 29
15 45 64
15 46 54
15 47 69
15 48 57
15 49 80
15 50 48
15 51 42
15 52 43
15 53 55
15 54 11
15 55 97
15 56 70
15 57 88
15 58 53
15 59 59
15 60 58
15 61 99
15 62 99
15 63 64
15 64 34
15 65 88
15 66 79
15 67 26
15 68 67
15 69 93
15 70 27
15 71 38
15 72 75
15 73 43
15 74 68
15 75 67
15 76 51
15 77 81
15 78 94
15 79 58
15 80 62
15 81 15
15 82 91
15 83 29
15 84 42
15 85 78
15 86 68
15 87 15
15 88 72
15 89 90
15 90 58
15 91 54
15 92 40
15 93 62
15 94 99
15 95 64
15 96 58
15 97 97
15 98 34
15 99 72
16 17 78
16 18 64
16 19 72
16 20 91
16 21 66
16 22 27
16 23 39
16 24 27
16 25 4
16 26 123
16 27 60
16 28 46
16 29 85
16 30 115
16 31 59
16 32 31
16 33 51
16 34 40
16 35 87
16 36 78
16 37 12
16 38 115
16 39 97
16 40 73
16 41 37
16 42 67
16 43 56
16 44 59
16 45 78
16 46 62
16 47 69
16 48 86
16 49 76
16 50 38
16 51 60
16 52 25
16 53 49
16 54 35
16 55 92
16 56 62
16 57 101
16 58 79
16 59 69
16 60 89
16 61 115
16 62 118
16 63 48
16 64 8
16 65 90
16 66 79
16 67 39
16 68 57
16 69 94
16 70 44
16 71 70
16 72 100
16 73 26
16 74 80
16 75 72
16 76 32
16 77 104
16 78 82
16 79 86
16 80 45
16 81 17
16 82 88
16 83 35
16 84 60
16 85 99
16 86 83
16 87 24
16 88 86
16 89 110
16 90 63
16 91 43
16 92 69
16 93 50
16 94 94
16 95 63
16 96 71
16 97 92
16 98 22
16 99 91
17 18 63
17 19 38
17 20 105
17 21 18
17 22 51
17 23 71
17 24 83
17 25 74
17 26 78
17 27 57
17 28 90
17 29 11
17 30 73
17 31 78
17 32 47
17 33 34
17 34 76
17 35 85
17 36 0
17 37 66
17 38 63
17 39 64
17 40 76
17 41 84
17 42 87
17 43 47
17 44 20
17 45 54
17 46 60
17 47 79
17 48 16
17 49 92
17 50 76
17 51 40
17 52 80
17 53 78
17 54 43
17 55 106
17 56 90
17 57 72
17 58 23
17 59 59
17 60 14
17 61 77
17 62 69
17 63 92
17 64 78
17 65 88
17 66 86
17 67 47
17 68 90
17 69 94
17 70 42
17 71 13
17 72 38
17 73 78
17 74 61
17 75 72
17 76 87
17 77 47
17 78 112
17 79 20
17 80 93
17 81 61
17 82 99
17 83 55
17 84 39
17 85 51
17 86 55
17 87 54
17 88 58
17 89 63
17 90 65
17 91 82
17 92 12
17 93 88
17 94 108
17 95 78
17 96 53
17 97 106
17 98 71
17 99 49
18 19 28
18 20 43
18 21 46
18 22 49
18 23 27
18 24 46
18 25 61
18 26 63
18 27 6
18 28 39
18 29 74
18 30 54
18 31 18
18 32 50
18 33 33
18 34 30
18 35 27
18 36 63
18 37 60
18 38 59
18 39 36
18 40 14
18 41 40
18 42 24
18 43 18
18 44 50
18 45 20
18 46 3
18 47 16
18 48 57
18 49 29
18 50 32
18 51 23
18 52 45
18 53 25
18 54 46
18 55 44
18 56 30
18 57 38
18 58 45
18 59 8
18 60 76
18 61 54
18 62 61
18 63 41
18 64 57
18 65 31
18 66 24
18 67 31
18 68 32
18 69 36
18 70 31
18 71 67
18 72 57
18 73 43
18 74 18
18 75 10
18 76 47
18 77 56
18 78 50
18 79 53
18 80 44
18 81 57
18 82 37
18 83 30
18 84 24
18 85 45
18 86 24
18 87 47
18 88 27
18 89 53
18 90 2
18 91 33
18 92 51
18 93 34
18 94 45
18 95 16
18 96 14
18 97 44
18 98 42
18 99 37
19 20 68
19 21 23
19 22 48
19 23 47
19 24 64
19 25 69
19 26 53
19 27 23
19 28 63
19 29 49
19 30 45
19 31 45
19 32 47
19 33 23
19 34 51
19 35 47
19 36 38
19 37 64
19 38 43
19 39 30
19 40 39
19 41 61
19 42 52
19 43 18
19 44 31
19 45 16
19 46 25
19 47 43
19 48 30
19 49 56
19 50 52
19 51 12
19 52 62
19 53 50
19 54 42
19 55 68
19 56 57
19 57 37
19 58 18
19 59 22
19 60 50
19 61 47
19 62 47
19 63 65
19 64 68
19 65 50
19 66 49
19 67 33
19 68 59
19 69 56
19 70 28
19 71 46
19 72 31
19 73 59
19 74 23
19 75 34
19 76 66
19 77 33
19 78 78
19 79 26
19 80 67
19 81 59
19 82 61
19 83 38
19 84 12
19 85 27
19 86 18
19 87 49
19 88 22
19 89 38
19 90 30
19 91 56
19 92 28
19 93 59
19 94 70
19 95 43
19 96 15
19 97 69
19 98 55
19 99 20
20 21 88
20 22 86
20 23 53
20 24 65
20 25 90
20 26 78
20 27 49
20 28 47
20 29 116
20 30 70
20 31 34
20 32 88
20 33 76
20 34 51
20 35 24
20 36 105
20 37 92
20 38 83
20 39 58
20 40 29
20 41 54
20 42 24
20 43 60
20 44 92
20 45 54
20 46 46
20 47 27
20 48 98
20 49 15
20 50 53
20 51 66
20 52 66
20 53 42
20 54 85
20 55 2
20 56 29
20 57 53
20 58 86
20 59 47
20 60 118
20 61 67
20 62 81
20 63 46
20 64 83
20 65 22
20 66 19
20 67 70
20 68 34
20 69 18
20 70 72
20 71 110
20 72 91
20 73 64
20 74 47
20 75 34
20 76 62
20 77 87
20 78 21
20 79 93
20 80 50
20 81 91
20 82 7
20 83 66
20 84 66
20 85 75
20 86 56
20 87 83
20 88 55
20 89 75
20 90 41
20 91 48
20 92 94
20 93 41
20 94 3
20 95 31
20 96 53
20 97 2
20 98 70
20 99 68
21 22 39
21 23 54
21 24 67
21 25 62
21 26 71
21 27 40
21 28 73
21 29 29
21 30 65
21 31 60
21 32 36
21 33 18
21 34 59
21 35 69
21 36 18
21 37 56
21 38 58
21 39 53
21 40 59
21 41 68
21 42 69
21 43 29
21 44 10
21 45 39
21 46 42
21 47 62
21 48 20
21 49 75
21 50 59
21 51 22
21 52 64
21 53 61
21 54 31
21 55 89
21 56 72
21 57 60
21 58 15
21 59 42
21 60 31
21 61 68
21 62 64
21 63 75
21 64 65
21 65 72
21 66 69
21 67 31
21 68 72
21 69 78
21 70 26
21 71 23
21 72 36
21 73 62
21 74 46
21 75 55
21 76 71
21 77 43
21 78 95
21 79 20
21 80 76
21 81 50
21 82 82
21 83 39
21 84 22
21 85 43
21 86 41
21 87 42
21 88 45
21 89 56
21 90 47
21 91 65
21 92 6
21 93 70
21 94 91
21 95 60
21 96 37
21 97 89
21 98 56
21 99 39
22 23 35
22 24 37
22 25 23
22 26 101
22 27 43
22 28 51
22 29 59
22 30 93
22 31 52
22 32 4
22 33 26
22 34 38
22 35 75
22 36 51
22 37 17
22 38 91
22 39 77
22 40 61
22 41 42
22 42 62
22 43 35
22 44 32
22 45 58
22 46 46
22 47 60
22 48 59
22 49 70
22 50 37
22 51 37
22 52 33
22 53 45
22 54 8
22 55 87
22 56 60
22 57 82
22 58 53
22 59 52
22 60 63
22 61 94
22 62 95
22 63 53
22 64 27
22 65 79
22 66 70
22 67 18
22 68 57
22 69 84
22 70 20
22 71 44
22 72 74
22 73 33
22 74 62
22 75 59
22 76 42
22 77 79
22 78 83
22 79 59
22 80 52
22 81 11
22 82 82
22 83 19
22 84 37
22 85 75
22 86 62
22 87 4
22 88 66
22 89 87
22 90 49
22 91 44
22 92 42
22 93 52
22 94 89
22 95 55
22 96 51
22 97 87
22 98 24
22 99 68
23 24 19
23 25 38
23 26 90
23 27 26
23 28 19
23 29 81
23 30 81
23 31 20
23 32 38
23 33 37
23 34 5
23 35 48
23 36 71
23 37 40
23 38 85
23 39 63
23 40 34
23 41 14
23 42 29
23 43 29
23 44 53
23 45 46
23 46 27
23 47 30
23 48 72
23 49 38
23 50 6
23 51 36
23 52 18
23 53 11
23 54 37
23 55 54
23 56 25
23 57 65
23 58 61
23 59 34
23 60 85
23 61 81
23 62 87
23 63 21
23 64 32
23 65 51
23 66 40
23 67 24
23 68 22
23 69 55
23 70 29
23 71 70
23 72 78
23 73 15
23 74 45
23 75 34
23 76 20
23 77 79
23 78 49
23 79 69
23 80 22
23 81 38
23 82 50
23 83 18
23 84 36
23 85 70
23 86 50
23 87 31
23 88 53
23 89 79
23 90 26
23 91 11
23 92 59
23 93 18
23 94 56
23 95 24
23 96 39
23 97 54
23 98 17
23 99 62
24 25 28
24 26 109
24 27 45
24 28 19
24 29 92
24 30 100
24 31 36
24 32 41
24 33 49
24 34 16
24 35 65
24 36 83
24 37 33
24 38 104
24 39 82
24 40 51
24 41 10
24 42 42
24 43 46
24 44 63
24 45 64
24 46 46
24 47 46
24 48 86
24 49 51
24 50 15
24 51 53
24 52 3
24 53 24
24 54 42
24 55 66
24 56 36
24 57 84
24 58 76
24 59 53
24 60 96
24 61 100
24 62 106
24 63 21
24 64 19
24 65 68
24 66 55
24 67 36
24 68 30
24 69 71
24 70 41
24 71 79
24 72 95
24 73 5
24 74 64
24 75 52
24 76 5
24 77 97
24 78 55
24 79 84
24 80 18
24 81 34
24 82 63
24 83 28
24 84 53
24 85 88
24 86 69
24 87 32
24 88 72
24 89 98
24 90 45
24 91 17
24 92 72
24 93 24
24 94 68
24 95 40
24 96 57
24 97 66
24 98 13
24 99 80
25 26 120
25 27 57
25 28 47
25 29 81
25 30 112
25 31 58
25 32 27
25 33 48
25 34 39
25 35 85
25 36 74
25 37 8
25 38 111
25 39 94
25 40 71
25 41 37
25 42 66
25 43 53
25 44 55
25 45 75
25 46 60
25 47 67
25 48 82
25 49 75
25 50 37
25 51 57
25 52 25
25 53 48
25 54 31
25 55 92
25 56 61
25 57 98
25 58 75
25 59 66
25 60 85
25 61 112
25 62 115
25 63 49
25 64 9
25 65 89
25 66 78
25 67 36
25 68 57
25 69 93
25 70 40
25 71 66
25 72 96
25 73 26
25 74 77
25 75 70
25 76 33
25 77 101
25 78 82
25 79 82
25 80 46
25 81 13
25 82 88
25 83 32
25 84 57
25 85 95
25 86 80
25 87 20
25 88 84
25 89 106
25 90 61
25 91 42
25 92 65
25 93 50
25 94 93
25 95 62
25 96 68
25 97 92
25 98 21
25 99 88
26 27 65
26 28 101
26 29 84
26 30 9
26 31 78
26 32 100
26 33 76
26 34 94
26 35 56
26 36 77
26 37 117
26 38 15
26 39 27
26 40 63
26 41 103
26 42 79
26 43 67
26 44 81
26 45 45
26 46 63
26 47 70
26 48 62
26 49 76
26 50 95
26 51 64
26 52 108
26 53 88
26 54 95
26 55 78
26 56 87
26 57 27
26 58 57
26 59 56
26 60 83
26 61 11
26 62 9
26 63 102
26 64 118
26 65 57
26 66 67
26 67 84
26 68 92
26 69 60
26 70 81
26 71 90
26 72 41
26 73 105
26 74 46
26 75 60
26 76 110
26 77 32
26 78 97
26 79 57
26 80 106
26 81 112
26 82 72
26 83 88
26 84 64
26 85 28
26 86 41
26 87 101
26 88 37
26 89 15
26 90 65
26 91 96
26 92 73
26 93 95
26 94 78
26 95 74
26 96 53
26 97 78
26 98 104
26 99 33
27 28 40
27 29 68
27 30 56
27 31 21
27 32 44
27 33 27
27 34 30
27 35 33
27 36 57
27 37 56
27 38 59
27 39 38
27 40 20
27 41 40
27 42 30
27 43 11
27 44 43
27 45 20
27 46 3
27 47 22
27 48 52
27 49 35
27 50 31
27 51 18
27 52 44
27 53 27
27 54 40
27 55 50
27 56 34
27 57 41
27 58 41
27 59 9
27 60 70
27 61 56
27 62 61
27 63 42
27 64 54
27 65 37
27 66 30
27 67 25
27 68 36
27 69 42
27 70 25
27 71 61
27 72 54
27 73 41
27 74 20
27 75 17
27 76 46
27 77 54
27 78 55
27 79 49
27 80 45
27 81 52
27 82 43
27 83 26
27 84 18
27 85 44
27 86 24
27 87 42
27 88 27
27 89 53
27 90 8
27 91 34
27 92 45
27 93 36
27 94 52
27 95 21
27 96 13
27 97 50
27 98 40
27 99 36
28 29 100
28 30 92
28 31 23
28 32 54
28 33 55
28 34 14
28 35 51
28 36 90
28 37 51
28 38 98
28 39 74
28 40 39
28 41 9
28 42 26
28 43 46
28 44 72
28 45 59
28 46 40
28 47 33
28 48 90
28 49 34
28 50 14
28 51 54
28 52 22
28 53 14
28 54 54
28 55 48
28 56 18
28 57 75
28 58 79
28 59 47
28 60 103
28 61 91
28 62 100
28 63 3
28 64 38
28 65 53
28 66 40
28 67 43
28 68 12
28 69 55
28 70 48
28 71 89
28 72 94
28 73 20
28 74 56
28 75 41
28 76 15
28 77 94
28 78 36
28 79 87
28 80 5
28 81 51
28 82 46
28 83 36
28 84 54
28 85 84
28 86 63
28 87 46
28 88 65
28 89 92
28 90 37
28 91 8
28 92 78
28 93 6
28 94 50
28 95 27
28 96 53
28 97 48
28 98 28
28 99 76
29 30 81
29 31 88
29 32 55
29 33 45
29 34 87
29 35 96
29 36 11
29 37 73
29 38 69
29 39 73
29 40 87
29 41 94
29 42 97
29 43 58
29 44 29
29 45 64
29 46 71
29 47 90
29 48 23
29 49 103
29 50 87
29 51 50
29 52 89
29 53 89
29 54 52
29 55 117
29 56 101
29 57 81
29 58 32
29 59 70
29 60 4
29 61 85
29 62 76
29 63 103
29 64 86
29 65 99
29 66 97
29 67 57
29 68 101
29 69 105
29 70 53
29 71 16
29 72 43
29 73 88
29 74 72
29 75 82
29 76 97
29 77 53
29 78 123
29 79 28
29 80 103
29 81 68
29 82 110
29 83 65
29 84 50
29 85 59
29 86 65
29 87 63
29 88 68
29 89 70
29 90 76
29 91 92
29 92 23
29 93 98
29 94 118
29 95 88
29 96 64
29 97 117
29 98 80
29 99 58
30 31 69
30 32 92
30 33 68
30 34 85
30 35 48
30 36 73
30 37 108
30 38 16
30 39 18
30 40 54
30 41 94
30 42 70
30 43 59
30 44 75
30 45 37
30 46 54
30 47 60
30 48 58
30 49 67
30 50 86
30 51 56
30 52 99
30 53 79
30 54 87
30 55 70
30 56 78
30 57 18
30 58 52
30 59 47
30 60 80
30 61 4
30 62 11
30 63 93
30 64 109
30 65 48
30 66 58
30 67 76
30 68 82
30 69 52
30 70 73
30 71 85
30 72 39
30 73 96
30 74 36
30 75 51
30 76 101
30 77 30
30 78 88
30 79 53
30 80 97
30 81 104
30 82 63
30 83 79
30 84 56
30 85 23
30 86 32
30 87 93
30 88 28
30 89 12
30 90 56
30 91 87
30 92 68
30 93 86
30 94 70
30 95 65
30 96 44
30 97 70
30 98 95
30 99 26
31 32 54
31 33 45
31 34 20
31 35 29
31 36 78
31 37 59
31 38 76
31 39 51
31 40 16
31 41 27
31 42 10
31 43 31
31 44 62
31 45 37
31 46 20
31 47 10
31 48 74
31 49 19
31 50 22
31 51 38
31 52 36
31 53 11
31 54 52
31 55 35
31 56 13
31 57 51
31 58 62
31 59 25
31 60 91
31 61 67
31 62 77
31 63 24
31 64 52
31 65 32
31 66 20
31 67 37
31 68 15
31 69 35
31 70 40
31 71 80
31 72 75
31 73 34
31 74 33
31 75 18
31 76 35
31 77 73
31 78 35
31 79 70
31 80 28
31 81 57
31 82 30
31 83 33
31 84 38
31 85 62
31 86 41
31 87 49
31 88 43
31 89 69
31 90 16
31 91 20
31 92 66
31 93 18
31 94 37
31 95 4
31 96 32
31 97 35
31 98 37
31 99 54
32 33 24
32 34 42
32 35 76
32 36 47
32 37 20
32 38 89
32 39 76
32 40 63
32 41 46
32 42 64
32 43 35
32 44 28
32 45 57
32 46 47
32 47 62
32 48 56
32 49 73
32 50 41
32 51 36
32 52 37
32 53 48
32 54 5
32 55 89
32 56 63
32 57 81
32 58 50
32 59 52
32 60 59
32 61 94
32 62 94
32 63 57
32 64 31
32 65 80
32 66 72
32 67 19
32 68 60
32 69 85
32 70 20
32 71 40
32 72 72
32 73 37
32 74 62
32 75 60
32 76 46
32 77 77
32 78 86
32 79 56
32 80 56
32 81 14
32 82 84
32 83 21
32 84 36
32 85 73
32 86 61
32 87 9
32 88 66
32 89 85
32 90 50
32 91 47
32 92 38
32 93 55
32 94 91
32 95 57
32 96 51
32 97 89
32 98 28
32 99 67
33 34 42
33 35 59
33 36 34
33 37 42
33 38 65
33 39 53
33 40 47
33 41 50
33 42 55
33 43 16
33 44 17
33 45 35
33 46 30
33 47 49
33 48 37
33 49 61
33 50 42
33 51 13
33 52 47
33 53 44
33 54 19
33 55 77
33 56 57
33 57 59
33 58 28
33 59 33
33 60 48
33 61 70
33 62 70
33 63 58
33 64 49
33 65 63
33 66 58
33 67 14
33 68 56
33 69 69
33 70 9
33 71 35
33 72 49
33 73 45
33 74 40
33 75 44
33 76 53
33 77 53
33 78 80
33 79 35
33 80 59
33 81 37
33 82 70
33 83 21
33 84 13
33 85 49
33 86 38
33 87 27
33 88 43
33 89 61
33 90 35
33 91 48
33 92 23
33 93 53
33 94 79
33 95 46
33 96 30
33 97 77
33 98 38
33 99 43
34 35 49
34 36 76
34 37 42
34 38 89
34 39 67
34 40 35
34 41 9
34 42 27
34 43 34
34 44 58
34 45 49
34 46 31
34 47 30
34 48 77
34 49 37
34 50 2
34 51 41
34 52 16
34 53 9
34 54 41
34 55 53
34 56 23
34 57 68
34 58 66
34 59 38
34 60 90
34 61 84
34 62 91
34 63 16
34 64 32
34 65 52
34 66 40
34 67 30
34 68 19
34 69 55
34 70 34
34 71 75
34 72 83
34 73 14
34 74 48
34 75 35
34 76 16
34 77 84
34 78 45
34 79 74
34 80 17
34 81 41
34 82 49
34 83 22
34 84 41
34 85 74
34 86 54
34 87 34
34 88 57
34 89 83
34 90 29
34 91 6
34 92 64
34 93 13
34 94 55
34 95 24
34 96 43
34 97 53
34 98 18
34 99 66
35 36 85
35 37 86
35 38 59
35 39 34
35 40 14
35 41 56
35 42 25
35 43 44
35 44 75
35 45 32
35 46 30
35 47 19
35 48 76
35 49 20
35 50 50
35 51 48
35 52 65
35 53 40
35 54 73
35 55 24
35 56 34
35 57 30
35 58 64
35 59 27
35 60 97
35 61 45
35 62 58
35 63 51
35 64 80
35 65 4
35 66 11
35 67 58
35 68 39
35 69 9
35 70 58
35 71 91
35 72 68
35 73 63
35 74 24
35 75 17
35 76 63
35 77 63
35 78 41
35 79 71
35 80 55
35 81 83
35 82 17
35 83 56
35 84 48
35 85 51
35 86 33
35 87 73
35 88 31
35 89 52
35 90 26
35 91 48
35 92 74
35 93 45
35 94 25
35 95 25
35 96 32
35 97 24
35 98 65
35 99 44
36 37 67
36 38 63
36 39 64
36 40 76
36 41 84
36 42 87
36 43 47
36 44 20
36 45 54
36 46 60
36 47 79
36 48 16
36 49 92
36 50 76
36 51 39
36 52 80
36 53 78
36 54 43
36 55 106
36 56 90
36 57 72
36 58 23
36 59 59
36 60 14
36 61 77
36 62 69
36 63 92
36 64 78
36 65 88
36 66 86
36 67 47
36 68 90
36 69 94
36 70 42
36 71 14
36 72 37
36 73 78
36 74 61
36 75 72
36 76 87
36 77 46
36 78 112
36 79 20
36 80 93
36 81 61
36 82 99
36 83 55
36 84 39
36 85 51
36 86 55
36 87 55
36 88 58
36 89 62
36 90 65
36 91 82
36 92 12
36 93 88
36 94 107
36 95 77
36 96 53
36 97 106
36 98 71
36 99 49
37 38 107
37 39 91
37 40 71
37 41 42
37 42 68
37 43 50
37 44 48
37 45 72
37 46 58
37 47 68
37 48 75
37 49 77
37 50 40
37 51 53
37 52 30
37 53 50
37 54 24
37 55 94
37 56 64
37 57 96
37 58 69
37 59 65
37 60 77
37 61 109
37 62 111
37 63 53
37 64 16
37 65 89
37 66 79
37 67 32
37 68 60
37 69 93
37 70 36
37 71 58
37 72 91
37 73 31
37 74 75
37 75 70
37 76 38
37 77 96
37 78 86
37 79 75
37 80 51
37 81 5
37 82 89
37 83 30
37 84 53
37 85 91
37 86 77
37 87 15
37 88 81
37 89 103
37 90 60
37 91 46
37 92 58
37 93 54
37 94 96
37 95 63
37 96 66
37 97 94
37 98 23
37 99 84
38 39 26
38 40 62
38 41 99
38 42 79
38 43 59
38 44 68
38 45 40
38 46 59
38 47 69
38 48 47
38 49 77
38 50 90
38 51 54
38 52 102
38 53 85
38 54 84
38 55 83
38 56 87
38 57 30
38 58 43
38 59 52
38 60 68
38 61 21
38 62 7
38 63 100
38 64 111
38 65 61
38 66 69
38 67 75
38 68 90
38 69 65
38 70 71
38 71 76
38 72 26
38 73 100
38 74 42
38 75 59
38 76 105
38 77 17
38 78 100
38 79 43
38 80 103
38 81 102
38 82 76
38 83 80
38 84 55
38 85 16
38 86 35
38 87 92
38 88 33
38 89 7
38 90 61
38 91 92
38 92 60
38 93 93
38 94 83
38 95 72
38 96 47
38 97 83
38 98 97
38 99 24
39 40 37
39 41 76
39 42 53
39 43 42
39 44 62
39 45 19
39 46 37
39 47 44
39 48 51
39 49 52
39 50 68
39 51 40
39 52 81
39 53 61
39 54 71
39 55 58
39 56 62
39 57 8
39 58 41
39 59 29
39 60 73
39 61 18
39 62 25
39 63 76
39 64 92
39 65 36
39 66 43
39 67 59
39 68 66
39 69 40
39 70 56
39 71 74
39 72 37
39 73 78
39 74 18
39 75 34
39 76 83
39 77 30
39 78 74
39 79 46
39 80 79
39 81 87
39 82 51
39 83 62
39 84 40
39 85 18
39 86 15
39 87 76
39 88 11
39 89 18
39 90 38
39 91 69
39 92 57
39 93 69
39 94 58
39 95 48
39 96 26
39 97 58
39 98 77
39 99 15
40 41 43
40 42 16
40 43 32
40 44 64
40 45 27
40 46 17
40 47 7
40 48 69
40 49 17
40 50 37
40 51 37
40 52 52
40 53 27
40 54 59
40 55 30
40 56 25
40 57 36
40 58 57
40 59 18
40 60 89
40 61 52
40 62 62
40 63 40
40 64 66
40 65 18
40 66 10
40 67 44
40 68 29
40 69 22
40 70 45
40 71 81
40 72 65
40 73 49
40 74 21
40 75 5
40 76 51
40 77 63
40 78 40
40 79 65
40 80 44
40 81 68
40 82 23
40 83 42
40 84 37
40 85 51
40 86 29
40 87 59
40 88 30
40 89 55
40 90 13
40 91 36
40 92 65
40 93 33
40 94 32
40 95 12
40 96 24
40 97 30
40 98 51
40 99 43
41 42 32
41 43 43
41 44 65
41 45 59
41 46 40
41 47 37
41 48 86
41 49 41
41 50 9
41 51 51
41 52 13
41 53 16
41 54 46
41 55 56
41 56 25
41 57 77
41 58 75
41 59 47
41 60 98
41 61 93
41 62 100
41 63 12
41 64 29
41 65 58
41 66 46
41 67 37
41 68 20
41 69 61
41 70 42
41 71 82
41 72 92
41 73 11
41 74 57
41 75 44
41 76 8
41 77 93
41 78 45
41 79 83
41 80 10
41 81 42
41 82 53
41 83 29
41 84 50
41 85 84
41 86 63
41 87 38
41 88 66
41 89 92
41 90 38
41 91 7
41 92 73
41 93 13
41 94 58
41 95 31
41 96 52
41 97 56
41 98 19
41 99 75
42 43 40
42 44 71
42 45 42
42 46 27
42 47 10
42 48 82
42 49 9
42 50 29
42 51 47
42 52 43
42 53 18
42 54 62
42 55 26
42 56 9
42 57 52
42 58 70
42 59 31
42 60 100
42 61 68
42 62 79
42 63 26
42 64 59
42 65 27
42 66 14
42 67 47
42 68 14
42 69 29
42 70 50
42 71 89
42 72 81
42 73 41
42 74 37
42 75 20
42 76 40
42 77 78
42 78 26
42 79 78
42 80 30
42 81 66
42 82 22
42 83 43
42 84 47
42 85 67
42 86 45
42 87 58
42 88 46
42 89 72
42 90 22
42 91 25
42 92 75
42 93 20
42 94 28
42 95 9
42 96 38
42 97 26
42 98 45
42 99 59
43 44 32
43 45 23
43 46 14
43 47 33
43 48 44
43 49 46
43 50 34
43 51 8
43 52 44
43 53 33
43 54 31
43 55 61
43 56 43
43 57 46
43 58 32
43 59 17
43 60 60
43 61 60
43 62 63
43 63 49
43 64 51
43 65 48
43 66 42
43 67 17
43 68 44
43 69 53
43 70 15
43 71 50
43 72 49
43 73 41
43 74 26
43 75 28
43 76 48
43 77 51
43 78 66
43 79 41
43 80 50
43 81 45
43 82 55
43 83 21
43 84 8
43 85 43
43 86 27
43 87 35
43 88 31
43 89 54
43 90 19
43 91 39
43 92 35
43 93 43
43 94 63
43 95 31
43 96 16
43 97 62
43 98 38
43 99 35
44 45 46
44 46 46
44 47 65
44 48 28
44 49 78
44 50 58
44 51 27
44 52 60
44 53 61
44 54 24
44 55 93
44 56 74
44 57 69
44 58 25
44 59 47
44 60 32
44 61 77
44 62 74
44 63 74
44 64 58
44 65 78
44 66 74
44 67 28
44 68 73
44 69 84
44 70 24
44 71 18
44 72 46
44 73 59
44 74 53
44 75 59
44 76 68
44 77 53
44 78 97
44 79 29
44 80 75
44 81 42
44 82 87
44 83 36
44 84 27
44 85 53
44 86 49
44 87 35
44 88 53
44 89 66
44 90 51
44 91 64
44 92 10
44 93 70
44 94 95
44 95 63
44 96 43
44 97 94
44 98 51
44 99 49
45 46 19
45 47 33
45 48 44
45 49 44
45 50 51
45 51 22
45 52 63
45 53 45
45 54 53
45 55 55
45 56 49
45 57 24
45 58 32
45 59 12
45 60 65
45 61 37
45 62 42
45 63 60
45 64 73
45 65 35
45 66 36
45 67 40
45 68 52
45 69 41
45 70 37
45 71 62
45 72 39
45 73 60
45 74 8
45 75 22
45 76 65
45 77 37
45 78 66
45 79 39
45 80 63
45 81 68
45 82 47
45 83 43
45 84 22
45 85 26
45 86 5
45 87 57
45 88 8
45 89 33
45 90 22
45 91 53
45 92 44
45 93 54
45 94 56
45 95 34
45 96 7
45 97 55
45 98 58
45 99 17
46 47 20
46 48 54
46 49 32
46 50 32
46 51 20
46 52 45
46 53 26
46 54 43
46 55 47
46 56 32
46 57 39
46 58 42
46 59 7
46 60 73
46 61 54
46 62 61
46 63 42
46 64 56
46 65 34
46 66 28
46 67 28
46 68 34
46 69 39
46 70 28
46 71 64
46 72 55
46 73 42
46 74 18
46 75 14
46 76 47
46 77 54
46 78 53
46 79 51
46 80 45
46 81 55
46 82 40
46 83 28
46 84 20
46 85 44
46 86 23
46 87 44
46 88 26
46 89 52
46 90 5
46 91 34
46 92 48
46 93 35
46 94 49
46 95 19
46 96 12
46 97 48
46 98 41
46 99 36
47 48 73
47 49 13
47 50 32
47 51 40
47 52 47
47 53 22
47 54 59
47 55 28
47 56 18
47 57 43
47 58 61
47 59 22
47 60 92
47 61 59
47 62 69
47 63 33
47 64 62
47 65 22
47 66 10
47 67 44
47 68 22
47 69 25
47 70 45
47 71 83
47 72 71
47 73 44
47 74 27
47 75 10
47 76 45
47 77 69
47 78 34
47 79 69
47 80 37
47 81 66
47 82 22
47 83 40
47 84 40
47 85 57
47 86 36
47 87 57
47 88 37
47 89 62
47 90 15
47 91 30
47 92 68
47 93 27
47 94 30
47 95 6
47 96 29
47 97 29
47 98 47
47 99 49
48 49 86
48 50 77
48 51 36
48 52 83
48 53 77
48 54 51
48 55 98
48 56 86
48 57 59
48 58 12
48 59 52
48 60 23
48 61 62
48 62 54
48 63 92
48 64 85
48 65 79
48 66 79
48 67 50
48 68 87
48 69 85
48 70 45
48 71 29
48 72 22
48 73 81
48 74 52
48 75 65
48 76 89
48 77 31
48 78 108
48 79 5
48 80 93
48 81 70
48 82 91
48 83 58
48 84 36
48 85 36
48 86 44
48 87 62
48 88 46
48 89 47
48 90 59
48 91 82
48 92 17
48 93 86
48 94 100
48 95 73
48 96 45
48 97 99
48 98 75
48 99 36
49 50 38
49 51 53
49 52 53
49 53 28
49 54 70
49 55 17
49 56 16
49 57 49
49 58 74
49 59 34
49 60 105
49 61 64
49 62 77
49 63 34
49 64 69
49 65 21
49 66 9
49 67 55
49 68 22
49 69 21
49 70 57
49 71 96
49 72 82
49 73 50
49 74 37
49 75 21
49 76 49
49 77 79
49 78 23
49 79 82
49 80 38
49 81 76
49 82 12
49 83 51
49 84 53
49 85 67
49 86 46
49 87 67
49 88 46
49 89 70
49 90 27
49 91 34
49 92 80
49 93 28
49 94 19
49 95 16
49 96 41
49 97 17
49 98 55
49 99 59
50 51 42
50 52 15
50 53 11
50 54 40
50 55 54
50 56 24
50 57 70
50 58 66
50 59 39
50 60 90
50 61 85
50 62 92
50 63 17
50 64 30
50 65 54
50 66 41
50 67 29
50 68 20
50 69 57
50 70 34
50 71 75
50 72 83
50 73 12
50 74 50
50 75 37
50 76 15
50 77 85
50 78 47
50 79 75
50 80 17
50 81 39
50 82 51
50 83 22
50 84 42
50 85 75
50 86 55
50 87 33
50 88 58
50 89 84
50 90 30
50 91 7
50 92 64
50 93 14
50 94 56
50 95 26
50 96 44
50 97 54
50 98 17
50 99 67
51 52 51
51 53 41
51 54 32
51 55 67
51 56 51
51 57 45
51 58 25
51 59 21
51 60 53
51 61 57
51 62 58
51 63 56
51 64 57
51 65 52
51 66 47
51 67 21
51 68 52
51 69 57
51 70 17
51 71 44
51 72 42
51 73 48
51 74 27
51 75 33
51 76 56
51 77 45
51 78 73
51 79 33
51 80 58
51 81 48
51 82 60
51 83 26
51 84 0
51 85 38
51 86 25
51 87 38
51 88 29
51 89 50
51 90 25
51 91 46
51 92 28
51 93 51
51 94 69
51 95 38
51 96 17
51 97 67
51 98 44
51 99 31
52 53 25
52 54 39
52 55 68
52 56 37
52 57 83
52 58 74
52 59 52
52 60 93
52 61 99
52 62 105
52 63 24
52 64 17
52 65 68
52 66 56
52 67 33
52 68 32
52 69 71
52 70 38
52 71 76
52 72 93
52 73 3
52 74 63
52 75 52
52 76 9
52 77 95
52 78 57
52 79 82
52 80 21
52 81 31
52 82 65
52 83 26
52 84 50
52 85 87
52 86 68
52 87 29
52 88 71
52 89 96
52 90 44
52 91 18
52 92 69
52 93 26
52 94 70
52 95 41
52 96 56
52 97 68
52 98 9
52 99 79
53 54 47
53 55 44
53 56 15
53 57 62
53 58 65
53 59 33
53 60 92
53 61 78
53 62 86
53 63 16
53 64 41
53 65 43
53 66 31
53 67 34
53 68 12
53 69 46
53 70 37
53 71 79
53 72 81
53 73 23
53 74 43
53 75 28
53 76 23
53 77 81
53 78 38
53 79 74
53 80 18
53 81 49
53 82 40
53 83 27
53 84 41
53 85 70
53 86 49
53 87 42
53 88 52
53 89 78
53 90 23
53 91 8
53 92 66
53 93 10
53 94 46
53 95 16
53 96 39
53 97 44
53 98 27
53 99 62
54 55 87
54 56 61
54 57 77
54 58 45
54 59 48
54 60 55
54 61 89
54 62 89
54 63 57
54 64 35
54 65 77
54 66 69
54 67 15
54 68 59
54 69 82
54 70 16
54 71 37
54 72 67
54 73 38
54 74 57
54 75 56
54 76 47
54 77 72
54 78 85
54 79 51
54 80 56
54 81 19
54 82 81
54 83 20
54 84 31
54 85 68
54 86 57
54 87 11
54 88 61
54 89 80
54 90 47
54 91 47
54 92 34
54 93 54
54 94 89
54 95 54
54 96 47
54 97 87
54 98 29
54 99 62
55 56 31
55 57 53
55 58 86
55 59 47
55 60 119
55 61 66
55 62 80
55 63 47
55 64 84
55 65 22
55 66 20
55 67 72
55 68 36
55 69 18
55 70 73
55 71 111
55 72 92
55 73 66
55 74 47
55 75 34
55 76 63
55 77 87
55 78 22
55 79 94
55 80 51
55 81 92
55 82 7
55 83 68
55 84 67
55 85 75
55 86 56
55 87 84
55 88 55
55 89 75
55 90 42
55 91 50
55 92 95
55 93 43
55 94 2
55 95 33
55 96 53
55 97 0
55 98 71
55 99 68
56 57 60
56 58 75
56 59 37
56 60 103
56 61 76
56 62 87
56 63 18
56 64 54
56 65 36
56 66 23
56 67 47
56 68 6
56 69 37
56 70 51
56 71 91
56 72 87
56 73 35
56 74 44
56 75 28
56 76 33
56 77 85
56 78 24
56 79 83
56 80 22
56 81 63
56 82 28
56 83 42
56 84 51
56 85 74
56 86 53
56 87 56
56 88 54
56 89 80
56 90 28
56 91 19
56 92 78
56 93 12
56 94 33
56 95 15
56 96 44
56 97 31
56 98 41
56 99 66
57 58 49
57 59 32
57 60 81
57 61 16
57 62 28
57 63 76
57 64 95
57 65 31
57 66 40
57 67 64
57 68 65
57 69 35
57 70 61
57 71 82
57 72 44
57 73 81
57 74 21
57 75 34
57 76 84
57 77 38
57 78 71
57 79 54
57 80 79
57 81 92
57 82 46
57 83 66
57 84 46
57 85 26
57 86 20
57 87 81
57 88 16
57 89 23
57 90 39
57 91 70
57 92 64
57 93 69
57 94 53
57 95 47
57 96 30
57 97 53
57 98 80
57 99 23
58 59 40
58 60 33
58 61 55
58 62 49
58 63 81
58 64 77
58 65 67
58 66 67
58 67 41
58 68 76
58 69 73
58 70 36
58 71 34
58 72 22
58 73 72
58 74 40
58 75 52
58 76 79
58 77 28
58 78 95
58 79 8
58 80 83
58 81 64
58 82 79
58 83 48
58 84 25
58 85 29
58 86 33
58 87 55
58 88 36
58 89 41
58 90 47
58 91 71
58 92 17
58 93 75
58 94 88
58 95 61
58 96 33
58 97 87
58 98 66
58 99 27
59 60 71
59 61 47
59 62 53
59 63 48
59 64 63
59 65 31
59 66 28
59 67 34
59 68 40
59 69 36
59 70 32
59 71 64
59 72 50
59 73 49
59 74 11
59 75 13
59 76 54
59 77 48
59 78 56
59 79 47
59 80 51
59 81 61
59 82 40
59 83 34
59 84 21
59 85 37
59 86 16
59 87 50
59 88 19
59 89 45
59 90 10
59 91 41
59 92 48
59 93 42
59 94 49
59 95 23
59 96 7
59 97 48
59 98 48
59 99 29
60 61 84
60 62 75
60 63 106
60 64 90
60 65 100
60 66 99
60 67 61
60 68 103
60 69 106
60 70 56
60 71 20
60 72 42
60 73 91
60 74 73
60 75 84
60 76 100
60 77 51
60 78 126
60 79 28
60 80 107
60 81 72
60 82 111
60 83 68
60 84 53
60 85 58
60 86 66
60 87 67
60 88 69
60 89 69
60 90 78
60 91 95
60 92 26
60 93 101
60 94 120
60 95 91
60 96 65
60 97 119
60 98 84
60 99 58
61 62 16
61 63 92
61 64 110
61 65 45
61 66 56
61 67 77
61 68 81
61 69 48
61 70 74
61 71 88
61 72 43
61 73 96
61 74 36
61 75 50
61 76 100
61 77 34
61 78 86
61 79 57
61 80 95
61 81 105
61 82 61
61 83 80
61 84 58
61 85 26
61 86 33
61 87 94
61 88 29
61 89 16
61 90 55
61 91 86
61 92 71
61 93 85
61 94 67
61 95 63
61 96 44
61 97 67
61 98 95
61 99 29
62 63 101
62 64 114
62 65 59
62 66 68
62 67 79
62 68 91
62 69 63
62 70 75
62 71 82
62 72 33
62 73 102
62 74 43
62 75 59
62 76 107
62 77 23
62 78 99
62 79 49
62 80 104
62 81 106
62 82 74
62 83 83
62 84 59
62 85 21
62 86 37
62 87 96
62 88 34
62 89 9
62 90 63
62 91 94
62 92 66
62 93 94
62 94 81
62 95 73
62 96 49
62 97 81
62 98 100
62 99 28
63 64 40
63 65 53
63 66 40
63 67 46
63 68 12
63 69 55
63 70 50
63 71 91
63 72 96
63 73 23
63 74 58
63 75 42
63 76 17
63 77 96
63 78 34
63 79 89
63 80 4
63 81 54
63 82 45
63 83 39
63 84 56
63 85 86
63 86 65
63 87 49
63 88 67
63 89 93
63 90 39
63 91 11
63 92 81
63 93 7
63 94 49
63 95 28
63 96 54
63 97 47
63 98 31
63 99 78
64 65 83
64 66 71
64 67 36
64 68 49
64 69 87
64 70 41
64 71 71
64 72 97
64 73 19
64 74 74
64 75 65
64 76 24
64 77 101
64 78 74
64 79 84
64 80 37
64 81 19
64 82 81
64 83 31
64 84 56
64 85 95
64 86 77
64 87 23
64 88 81
64 89 105
64 90 57
64 91 35
64 92 68
64 93 42
64 94 86
64 95 56
64 96 66
64 97 84
64 98 15
64 99 87
65 66 13
65 67 62
65 68 41
65 69 6
65 70 62
65 71 95
65 72 71
65 73 66
65 74 27
65 75 20
65 76 66
65 77 66
65 78 40
65 79 74
65 80 57
65 81 86
65 82 15
65 83 60
65 84 52
65 85 53
65 86 36
65 87 77
65 88 34
65 89 53
65 90 30
65 91 51
65 92 78
65 93 47
65 94 23
65 95 28
65 96 36
65 97 22
65 98 68
65 99 47
66 67 53
66 68 28
66 69 15
66 70 55
66 71 91
66 72 74
66 73 53
66 74 29
66 75 15
66 76 53
66 77 71
66 78 31
66 79 75
66 80 44
66 81 76
66 82 13
66 83 50
66 84 48
66 85 58
66 86 38
66 87 67
66 88 38
66 89 61
66 90 23
66 91 39
66 92 75
66 93 34
66 94 21
66 95 16
66 96 34
66 97 20
66 98 57
66 99 51
67 68 46
67 69 67
67 70 5
67 71 46
67 72 62
67 73 31
67 74 44
67 75 41
67 76 40
67 77 65
67 78 71
67 79 49
67 80 46
67 81 28
67 82 66
67 83 8
67 84 21
67 85 59
67 86 44
67 87 17
67 88 48
67 89 70
67 90 32
67 91 35
67 92 36
67 93 42
67 94 73
67 95 39
67 96 33
67 97 72
67 98 25
67 99 52
68 69 43
68 70 49
68 71 91
68 72 89
68 73 30
68 74 48
68 75 32
68 76 27
68 77 88
68 78 27
68 79 84
68 80 16
68 81 59
68 82 34
68 83 39
68 84 52
68 85 77
68 86 56
68 87 53
68 88 57
68 89 83
68 90 30
68 91 14
68 92 78
68 93 7
68 94 38
68 95 18
68 96 46
68 97 36
68 98 37
68 99 69
69 70 67
69 71 101
69 72 76
69 73 69
69 74 33
69 75 25
69 76 69
69 77 71
69 78 38
69 79 80
69 80 59
69 81 91
69 82 13
69 83 65
69 84 57
69 85 58
69 86 41
69 87 81
69 88 39
69 89 58
69 90 35
69 91 54
69 92 83
69 93 49
69 94 18
69 95 31
69 96 41
69 97 18
69 98 72
69 99 52
70 71 41
70 72 57
70 73 36
70 74 42
70 75 42
70 76 45
70 77 60
70 78 74
70 79 44
70 80 51
70 81 31
70 82 67
70 83 13
70 84 17
70 85 55
70 86 42
70 87 21
70 88 46
70 89 67
70 90 32
70 91 40
70 92 31
70 93 46
70 94 75
70 95 41
70 96 31
70 97 74
70 98 30
70 99 48
71 72 51
71 73 74
71 74 69
71 75 77
71 76 84
71 77 59
71 78 115
71 79 33
71 80 91
71 81 53
71 82 104
71 83 53
71 84 44
71 85 63
71 86 63
71 87 48
71 88 67
71 89 75
71 90 69
71 91 81
71 92 18
71 93 87
71 94 113
71 95 80
71 96 59
71 97 111
71 98 67
71 99 60
72 73 90
72 74 45
72 75 61
72 76 97
72 77 9
72 78 105
72 79 18
72 80 99
72 81 85
72 82 85
72 83 68
72 84 42
72 85 19
72 86 36
72 87 76
72 88 37
72 89 28
72 90 59
72 91 87
72 92 37
72 93 90
72 94 93
72 95 72
72 96 43
72 97 92
72 98 86
72 99 24
73 74 60
73 75 49
73 76 9
73 77 92
73 78 56
73 79 79
73 80 20
73 81 31
73 82 62
73 83 24
73 84 48
73 85 84
73 86 65
73 87 28
73 88 68
73 89 94
73 90 41
73 91 16
73 92 67
73 93 24
73 94 68
73 95 38
73 96 53
73 97 66
73 98 9
73 99 76
74 75 17
74 76 64
74 77 42
74 78 60
74 79 47
74 80 61
74 81 71
74 82 40
74 83 45
74 84 28
74 85 30
74 86 9
74 87 61
74 88 10
74 89 36
74 90 19
74 91 51
74 92 51
74 93 51
74 94 48
74 95 30
74 96 11
74 97 48
74 98 59
74 99 22
75 76 51
75 77 59
75 78 44
75 79 60
75 80 46
75 81 66
75 82 27
75 83 40
75 84 33
75 85 47
75 86 25
75 87 57
75 88 26
75 89 52
75 90 10
75 91 37
75 92 60
75 93 35
75 94 36
75 95 14
75 96 19
75 97 35
75 98 50
75 99 39
76 77 99
76 78 51
76 79 87
76 80 13
76 81 39
76 82 61
76 83 32
76 84 55
76 85 90
76 86 70
76 87 37
76 88 73
76 89 99
76 90 45
76 91 15
76 92 76
76 93 20
76 94 65
76 95 39
76 96 59
76 97 63
76 98 18
76 99 82
77 78 102
77 79 26
77 80 99
77 81 91
77 82 80
77 83 71
77 84 45
77 85 12
77 86 33
77 87 81
77 88 33
77 89 19
77 90 58
77 91 88
77 92 44
77 93 90
77 94 88
77 95 71
77 96 42
77 97 88
77 98 88
77 99 20
78 79 104
78 80 37
78 81 86
78 82 26
78 83 65
78 84 73
78 85 90
78 86 69
78 87 79
78 88 69
78 89 92
78 90 48
78 91 40
78 92 100
78 93 33
78 94 23
78 95 35
78 96 63
78 97 21
78 98 63
78 99 82
79 80 91
79 81 70
79 82 87
79 83 56
79 84 33
79 85 31
79 86 39
79 87 61
79 88 41
79 89 43
79 90 55
79 91 79
79 92 19
79 93 83
79 94 95
79 95 69
79 96 41
79 97 94
79 98 74
79 99 31
80 81 51
80 82 50
80 83 39
80 84 58
80 85 89
80 86 68
80 87 48
80 88 70
80 89 96
80 90 42
80 91 12
80 92 81
80 93 11
80 94 53
80 95 32
80 96 57
80 97 51
80 98 29
80 99 80
81 82 87
81 83 27
81 84 48
81 85 86
81 86 72
81 87 11
81 88 76
81 89 98
81 90 57
81 91 45
81 92 53
81 93 53
81 94 94
81 95 60
81 96 61
81 97 92
81 98 23
81 99 79
82 83 62
82 84 60
82 85 68
82 86 49
82 87 79
82 88 48
82 89 69
82 90 36
82 91 47
82 92 88
82 93 40
82 94 9
82 95 27
82 96 46
82 97 8
82 98 67
82 99 61
83 84 26
83 85 64
83 86 47
83 87 17
83 88 51
83 89 75
83 90 30
83 91 28
83 92 44
83 93 35
83 94 70
83 95 35
83 96 36
83 97 68
83 98 18
83 99 56
84 85 39
84 86 26
84 87 37
84 88 30
84 89 50
84 90 25
84 91 46
84 92 28
84 93 50
84 94 69
84 95 38
84 96 17
84 97 68
84 98 44
84 99 31
85 86 22
85 87 76
85 88 21
85 89 13
85 90 47
85 91 78
85 92 46
85 93 79
85 94 76
85 95 60
85 96 32
85 97 75
85 98 81
85 99 8
86 87 62
86 88 4
86 89 29
86 90 26
86 91 57
86 92 45
86 93 58
86 94 57
86 95 38
86 96 12
86 97 56
86 98 63
86 99 14
87 88 66
87 89 87
87 90 47
87 91 40
87 92 45
87 93 47
87 94 86
87 95 52
87 96 51
87 97 84
87 98 20
87 99 69
88 89 26
88 90 28
88 91 60
88 92 49
88 93 60
88 94 56
88 95 40
88 96 15
88 97 55
88 98 67
88 99 13
89 90 54
89 91 86
89 92 58
89 93 86
89 94 76
89 95 65
89 96 40
89 97 76
89 98 91
89 99 19
90 91 31
90 92 53
90 93 32
90 94 44
90 95 14
90 96 16
90 97 43
90 98 42
90 99 39
91 92 70
91 93 8
91 94 52
91 95 24
91 96 46
91 97 50
91 98 22
91 99 70
92 93 76
92 94 96
92 95 66
92 96 42
92 97 95
92 98 60
92 99 43
93 94 45
93 95 21
93 96 48
93 97 43
93 98 30
93 99 71
94 95 34
94 96 55
94 97 2
94 98 73
94 99 69
95 96 29
95 97 33
95 98 41
95 99 51
96 97 54
96 98 51
96 99 23
97 98 71
97 99 69
98 99 73
0 2 59
0 11 24
0 12 53
0 14 66
0 15 77
0 19 62
0 28 23
0 29 106
0 30 79
0 31 18
0 33 62
0 34 29
0 35 32
0 36 95
0 37 71
0 38 88
0 42 10
0 43 49
0 45 52
0 50 31
0 51 56
0 53 21
0 54 68
0 57 61
0 59 41
0 62 88
0 63 22
0 66 21
0 67 54
0 68 11
0 70 57
0 71 97
0 72 90
0 73 41
0 76 38
0 77 88
0 79 87
0 81 70
0 82 24
0 87 63
0 89 81
0 95 18
0 96 48
0 98 48
0 99 68
1 6 32
1 7 46
1 8 16
1 9 78
1 10 78
1 11 109
1 12 62
1 13 96
1 16 60
1 17 19
1 20 101
1 22 34
1 24 68
1 25 56
1 28 78
1 30 83
1 31 70
1 40 73
1 43 41
1 44 9
1 45 56
1 47 74
1 49 87
1 51 36
1 53 68
1 54 27
1 55 102
1 57 77
1 59 57
1 62 81
1 64 61
1 65 88
1 66 83
1 67 35
1 70 31
1 71 11
1 76 73
1 77 60
1 82 96
1 84 36
1 85 61
1 86 58
1 87 38
1 89 73
1 90 60
1 91 70
1 96 52
1 97 103
1 99 57
2 3 57
2 6 41
2 7 18
2 8 23
2 13 64
2 14 8
2 16 61
2 17 37
2 20 69
2 22 37
2 25 57
2 27 20
2 29 48
2 30 57
2 33 12
2 35 50
2 36 37
2 39 41
2 42 50
2 44 24
2 46 23
2 47 43
2 49 55
2 50 44
2 62 59
2 63 59
2 64 57
2 68 54
2 69 60
2 70 17
2 72 41
2 73 50
2 76 57
2 77 44
2 78 76
2 83 27
2 85 38
2 89 50
2 90 28
2 91 49
2 93 53
2 94 71
2 95 41
2 96 19
2 98 45
2 99 31
3 5 33
3 6 74
3 7 59
3 9 34
3 10 62
3 11 22
3 12 48
3 17 94
3 19 59
3 24 46
3 26 82
3 29 105
3 32 71
3 33 62
3 34 32
3 37 74
3 38 83
3 39 58
3 40 21
3 41 36
3 42 7
3 45 48
3 46 34
3 47 15
3 49 7
3 52 47
3 53 24
3 54 69
3 55 21
3 58 77
3 59 37
3 64 64
3 66 16
3 67 54
3 72 87
3 79 85
3 81 72
3 82 18
3 83 49
3 85 72
3 87 65
3 89 76
3 93 22
3 94 22
3 96 44
4 6 28
4 8 30
4 9 53
4 12 49
4 15 32
4 19 39
4 23 14
4 24 25
4 25 33
4 27 25
4 30 80
4 35 54
4 36 59
4 37 32
4 38 81
4 41 26
4 42 39
4 44 40
4 45 43
4 46 27
4 51 28
4 54 23
4 56 38
4 57 65
4 59 34
4 60 72
4 61 80
4 62 84
4 63 35
4 64 30
4 65 58
4 67 11
4 68 36
4 69 62
4 70 16
4 71 57
4 72 70
4 74 45
4 77 73
4 78 62
4 79 59
4 81 28
4 88 51
4 94 67
4 95 32
5 6 52
5 10 82
5 11 51
5 13 53
5 17 87
5 18 40
5 19 63
5 20 52
5 21 70
5 23 17
5 27 41
5 28 6
5 29 98
5 33 53
5 34 11
5 35 55
5 36 87
5 38 100
5 39 76
5 40 42
5 41 4
5 44 69
5 46 41
5 47 36
5 48 88
5 54 50
5 55 53
5 56 23
5 61 93
5 62 101
5 63 8
5 65 57
5 68 17
5 69 59
5 72 94
5 73 15
5 75 43
5 77 95
5 80 6
5 81 46
5 82 51
5 83 33
5 84 53
5 86 64
5 87 42
5 88 67
5 89 93
5 90 39
5 94 55
5 97 53
5 98 23
6 7 58
6 9 78
6 12 69
6 15 5
6 19 52
6 20 92
6 22 6
6 24 41
6 26 105
6 27 49
6 28 56
6 29 57
6 31 58
6 32 5
6 34 44
6 35 81
6 38 94
6 39 81
6 41 48
6 44 32
6 45 62
6 48 59
6 49 77
6 50 43
6 53 51
6 54 10
6 57 86
6 58 54
6 59 57
6 61 99
6 65 85
6 67 23
6 68 63
6 75 64
6 77 82
6 78 89
6 80 58
6 82 88
6 84 41
6 85 78
6 86 66
6 89 90
6 91 50
6 94 95
6 95 61
6 98 29
7 8 40
7 9 36
7 11 78
7 15 59
7 16 78
7 17 42
7 20 67
7 21 28
7 22 55
7 23 51
7 24 68
7 26 46
7 29 52
7 32 53
7 34 55
7 35 44
7 37 71
7 38 37
7 45 13
7 46 27
7 49 56
7 50 56
7 52 67
7 54 48
7 55 67
7 57 32
7 64 74
7 65 48
7 66 48
7 68 61
7 69 53
7 71 51
7 72 28
7 73 64
7 76 70
7 78 78
7 80 71
7 83 43
7 91 59
7 94 68
7 95 44
7 96 15
7 97 68
7 98 61
7 99 13
8 9 67
8 10 72
8 17 31
8 18 45
8 19 34
8 22 21
8 24 53
8 25 44
8 28 62
8 31 55
8 32 17
8 33 12
8 34 49
8 35 72
8 37 37
8 39 64
8 40 59
8 46 42
8 47 60
8 48 38
8 49 72
8 52 49
8 58 33
8 59 45
8 64 47
8 65 75
8 66 69
8 67 19
8 68 65
8 71 27
8 72 55
8 76 57
8 79 39
8 81 32
8 82 82
8 85 58
8 86 50
8 87 24
8 88 54
8 89 71
8 93 61
8 95 56
8 96 42
8 98 40
8 99 53
9 13 26
9 15 81
9 17 78
9 18 24
9 20 33
9 23 49
9 28 55
9 33 55
9 34 51
9 37 85
9 38 50
9 39 25
9 40 16
9 42 31
9 44 69
9 45 24
9 47 22
9 48 68
9 49 27
9 50 53
9 53 43
9 55 33
9 56 40
9 59 22
9 60 89
9 61 37
9 65 12
9 66 18
9 67 55
9 68 44
9 70 54
9 72 59
9 73 64
9 74 16
9 78 49
9 79 63
9 80 60
9 82 26
9 86 24
9 87 71
9 88 22
9 89 43
9 90 25
9 91 52
9 94 34
9 99 35
10 11 72
10 13 52
10 14 54
10 15 90
10 16 105
10 17 71
10 19 38
10 20 59
10 21 60
10 25 102
10 26 21
10 29 80
10 30 12
10 31 57
10 32 84
10 34 73
10 36 71
10 38 24
10 44 69
10 45 27
10 47 49
10 53 67
10 54 79
10 55 59
10 56 66
10 59 36
10 60 80
10 62 22
10 63 81
10 65 37
10 67 67
10 68 71
10 69 41
10 71 82
10 72 41
10 73 85
10 75 39
10 77 33
10 78 77
10 79 52
10 80 85
10 81 95
10 82 53
10 83 70
10 87 84
10 89 17
10 90 44
10 92 64
10 93 74
10 94 59
10 95 53
10 97 59
11 12 64
11 14 86
11 15 100
11 16 91
11 17 115
11 19 78
11 21 97
11 22 90
11 23 56
11 24 64
11 25 91
11 26 91
11 27 58
11 28 45
11 30 83
11 32 93
11 33 84
11 34 53
11 39 70
11 40 39
11 42 29
11 44 101
11 47 35
11 48 108
11 49 23
11 50 55
11 51 75
11 52 67
11 56 31
11 57 66
11 58 96
11 66 30
11 67 76
11 68 35
11 70 79
11 73 65
11 74 59
11 75 44
11 76 60
11 79 104
11 82 20
11 84 75
11 85 87
11 87 87
11 89 88
11 92 103
11 98 71
11 99 80
12 14 37
12 15 70
12 16 84
12 21 45
12 22 64
12 25 81
12 26 40
12 28 62
12 31 39
12 32 64
12 33 42
12 34 54
12 36 59
12 38 36
12 42 43
12 43 29
12 44 53
12 45 7
12 47 33
12 51 28
12 55 52
12 57 17
12 58 37
12 59 16
12 61 31
12 63 64
12 64 79
12 67 47
12 70 44
12 74 6
12 75 23
12 76 70
12 82 45
12 87 64
12 88 3
12 89 29
12 94 53
12 96 13
12 97 53
13 15 92
13 17 99
13 19 62
13 25 89
13 27 44
13 28 48
13 29 110
13 31 32
13 33 71
13 34 51
13 37 91
13 39 50
13 40 24
13 42 23
13 43 55
13 49 14
13 50 52
13 51 61
13 55 7
13 57 45
13 60 112
13 61 59
13 63 47
13 64 83
13 65 14
13 67 67
13 69 11
13 73 64
13 75 28
13 76 63
13 77 80
13 78 27
13 79 87
13 80 52
13 81 89
13 82 2
13 86 49
13 88 48
13 91 48
13 92 88
13 93 42
13 97 8
13 98 69
14 16 61
14 20 77
14 21 11
14 24 58
14 25 57
14 28 62
14 29 40
14 30 61
14 33 9
14 34 49
14 35 58
14 36 29
14 37 51
14 38 57
14 39 46
14 42 57
14 43 17
14 45 30
14 46 31
14 48 28
14 51 11
14 53 50
14 55 78
14 57 53
14 58 19
14 60 42
14 62 62
14 64 58
14 65 62
14 70 17
14 71 33
14 72 40
14 73 53
14 76 61
14 79 26
14 80 66
14 81 46
14 82 71
14 83 30
14 84 11
14 85 41
14 87 36
14 88 37
14 89 53
14 92 17
14 93 59
14 96 27
14 98 47
15 17 47
15 19 52
15 21 38
15 23 45
15 24 46
15 25 28
15 26 105
15 27 51
15 29 53
15 33 29
15 37 20
15 38 94
15 39 82
15 41 53
15 42 72
15 44 29
15 45 64
15 47 69
15 49 80
15 53 55
15 62 99
15 66 79
15 67 26
15 69 93
15 71 38
15 73 43
15 74 68
15 76 51
15 78 94
15 79 58
15 80 62
15 82 91
15 84 42
15 85 78
15 86 68
15 87 15
15 89 90
15 91 54
15 92 40
15 95 64
15 98 34
15 99 72
16 19 72
16 26 123
16 27 60
16 29 85
16 31 59
16 32 31
16 34 40
16 35 87
16 38 115
16 39 97
16 40 73
16 41 37
16 42 67
16 44 59
16 46 62
16 47 69
16 48 86
16 50 38
16 54 35
16 55 92
16 56 62
16 59 69
16 60 89
16 62 118
16 63 48
16 67 39
16 69 94
16 71 70
16 78 82
16 79 86
16 80 45
16 83 35
16 86 83
16 88 86
16 94 94
16 95 63
16 96 71
16 98 22
17 18 63
17 20 105
17 22 51
17 25 74
17 26 78
17 28 90
17 29 11
17 30 73
17 31 78
17 33 34
17 35 85
17 38 63
17 40 76
17 42 87
17 43 47
17 44 20
17 46 60
17 47 79
17 48 16
17 51 40
17 52 80
17 53 78
17 54 43
17 55 106
17 56 90
17 60 14
17 66 86
17 69 94
17 71 13
17 72 38
17 74 61
17 75 72
17 76 87
17 78 112
17 82 99
17 83 55
17 84 39
17 86 55
17 89 63
17 94 108
17 95 78
17 97 106
17 98 71
17 99 49
18 19 28
18 20 43
18 22 49
18 23 27
18 25 61
18 27 6
18 28 39
18 29 74
18 30 54
18 32 50
18 36 63
18 37 60
18 39 36
18 40 14
18 41 40
18 42 24
18 45 20
18 55 44
18 56 30
18 57 38
18 59 8
18 61 54
18 63 41
18 65 31
18 67 31
18 69 36
18 70 31
18 71 67
18 73 43
18 75 10
18 76 47
18 77 56
18 88 27
18 90 2
18 91 33
18 92 51
18 93 34
18 96 14
18 97 44
18 99 37
19 20 68
19 21 23
19 23 47
19 25 69
19 28 63
19 29 49
19 32 47
19 33 23
19 35 47
19 41 61
19 45 16
19 46 25
19 48 30
19 49 56
19 51 12
19 53 50
19 54 42
19 55 68
19 57 37
19 58 18
19 59 22
19 60 50
19 61 47
19 63 65
19 64 68
19 65 50
19 69 56
19 70 28
19 72 31
19 73 59
19 76 66
19 77 33
19 78 78
19 79 26
19 85 27
19 87 49
19 93 59
19 94 70
19 95 43
19 96 15
19 97 69
19 98 55
19 99 20
20 21 88
20 22 86
20 23 53
20 26 78
20 27 49
20 30 70
20 31 34
20 35 24
20 36 105
20 37 92
20 38 83
20 39 58
20 42 24
20 44 92
20 45 54
20 46 46
20 48 98
20 51 66
20 52 66
20 55 2
20 56 29
20 60 118
20 61 67
20 63 46
20 64 83
20 66 19
20 72 91
20 75 34
20 77 87
20 81 91
20 82 7
20 83 66
20 84 66
20 85 75
20 88 55
20 90 41
20 92 94
20 94 3
20 97 2
20 98 70
21 23 54
21 24 67
21 25 62
21 26 71
21 27 40
21 28 73
21 31 60
21 35 69
21 36 18
21 37 56
21 39 53
21 40 59
21 42 69
21 44 10
21 45 39
21 46 42
21 50 59
21 51 22
21 52 64
21 54 31
21 55 89
21 58 15
21 60 31
21 62 64
21 63 75
21 64 65
21 66 69
21 67 31
21 68 72
21 69 78
21 71 23
21 73 62
21 75 55
21 80 76
21 84 22
21 86 41
21 88 45
21 91 65
21 92 6
21 94 91
21 95 60
21 97 89
22 23 35
22 26 101
22 27 43
22 28 51
22 31 52
22 32 4
22 33 26
22 34 38
22 36 51
22 38 91
22 41 42
22 43 35
22 45 58
22 47 60
22 48 59
22 50 37
22 53 45
22 54 8
22 55 87
22 61 94
22 67 18
22 69 84
22 70 20
22 71 44
22 75 59
22 76 42
22 78 83
22 81 11
22 83 19
22 84 37
22 86 62
22 87 4
22 88 66
22 89 87
22 95 55
23 25 38
23 26 90
23 27 26
23 28 19
23 29 81
23 34 5
23 36 71
23 38 85
23 40 34
23 43 29
23 45 46
23 46 27
23 49 38
23 50 6
23 52 18
23 57 65
23 58 61
23 59 34
23 61 81
23 62 87
23 63 21
23 65 51
23 66 40
23 67 24
23 68 22
23 71 70
23 73 15
23 74 45
23 76 20
23 77 79
23 78 49
23 82 50
23 83 18
23 85 70
23 87 31
23 88 53
23 89 79
23 91 11
23 93 18
23 94 56
23 95 24
23 97 54
24 27 45
24 30 100
24 31 36
24 33 49
24 35 65
24 36 83
24 38 104
24 39 82
24 40 51
24 41 10
24 42 42
24 43 46
24 44 63
24 46 46
24 47 46
24 48 86
24 49 51
24 50 15
24 52 3
24 53 24
24 54 42
24 55 66
24 56 36
24 57 84
24 59 53
24 60 96
24 61 100
24 63 21
24 68 30
24 69 71
24 72 95
24 73 5
24 77 97
24 78 55
24 79 84
24 80 18
24 82 63
24 83 28
24 84 53
24 86 69
24 89 98
24 90 45
24 91 17
24 92 72
24 93 24
24 97 66
24 98 13
25 28 47
25 30 112
25 33 48
25 34 39
25 35 85
25 36 74
25 37 8
25 41 37
25 42 66
25 43 53
25 44 55
25 45 75
25 47 67
25 50 37
25 51 57
25 53 48
25 55 92
25 56 61
25 58 75
25 59 66
25 61 112
25 64 9
25 66 78
25 69 93
25 71 66
25 73 26
25 76 33
25 77 101
25 78 82
25 82 88
25 86 80
25 87 20
25 88 84
25 89 106
25 91 42
25 94 93
25 95 62
25 97 92
26 27 65
26 28 101
26 30 9
26 35 56
26 38 15
26 41 103
26 42 79
26 43 67
26 44 81
26 45 45
26 49 76
26 50 95
26 52 108
26 53 88
26 61 11
26 62 9
26 63 102
26 65 57
26 67 84
26 68 92
26 69 60
26 70 81
26 73 105
26 74 46
26 77 32
26 82 72
26 83 88
26 84 64
26 86 41
26 91 96
26 92 73
26 93 95
26 94 78
26 96 53
26 98 104
26 99 33
27 28 40
27 29 68
27 31 21
27 35 33
27 36 57
27 39 38
27 41 40
27 46 3
27 48 52
27 50 31
27 53 27
27 54 40
27 56 34
27 57 41
27 60 70
27 62 61
27 63 42
27 64 54
27 66 30
27 67 25
27 68 36
27 69 42
27 71 61
27 76 46
27 77 54
27 78 55
27 81 52
27 82 43
27 84 18
27 85 44
27 86 24
27 88 27
27 91 34
27 95 21
27 96 13
27 99 36
28 30 92
28 33 55
28 36 90
28 37 51
28 38 98
28 40 39
28 43 46
28 44 72
28 45 59
28 49 34
28 50 14
28 52 22
28 54 54
28 56 18
28 57 75
28 58 79
28 59 47
28 63 3
28 65 53
28 67 43
28 69 55
28 71 89
28 74 56
28 75 41
28 77 94
28 78 36
28 79 87
28 82 46
28 86 63
28 87 46
28 89 92
28 94 50
28 95 27
28 97 48
28 98 28
28 99 76
29 34 87
29 37 73
29 38 69
29 41 94
29 45 64
29 46 71
29 49 103
29 51 50
29 60 4
29 61 85
29 64 86
29 65 99
29 68 101
29 70 53
29 72 43
29 73 88
29 74 72
29 77 53
29 80 103
29 81 68
29 83 65
29 84 50
29 90 76
29 91 92
29 92 23
29 93 98
29 95 88
30 36 73
30 37 108
30 39 18
30 44 75
30 45 37
30 48 58
30 49 67
30 50 86
30 51 56
30 52 99
30 56 78
30 61 4
30 67 76
30 69 52
30 71 85
30 72 39
30 73 96
30 74 36
30 75 51
30 79 53
30 80 97
30 81 104
30 84 56
30 88 28
30 90 56
30 91 87
30 95 65
30 96 44
30 98 95
30 99 26
31 34 20
31 36 78
31 40 16
31 41 27
31 42 10
31 44 62
31 45 37
31 47 10
31 48 74
31 51 38
31 53 11
31 55 35
31 59 25
31 61 67
31 64 52
31 65 32
31 67 37
31 73 34
31 74 33
31 75 18
31 76 35
31 82 30
31 87 49
31 90 16
31 97 35
31 98 37
31 99 54
32 33 24
32 34 42
32 35 76
32 38 89
32 39 76
32 41 46
32 43 35
32 45 57
32 48 56
32 49 73
32 56 63
32 58 50
32 59 52
32 60 59
32 61 94
32 62 94
32 64 31
32 66 72
32 67 19
32 68 60
32 70 20
32 71 40
32 73 37
32 76 46
32 77 77
32 80 56
32 81 14
32 83 21
32 86 61
32 89 85
32 92 38
32 93 55
32 94 91
32 95 57
32 98 28
33 35 59
33 40 47
33 41 50
33 42 55
33 43 16
33 48 37
33 54 19
33 55 77
33 58 28
33 60 48
33 63 58
33 69 69
33 74 40
33 75 44
33 79 35
33 80 59
33 81 37
33 82 70
33 84 13
33 87 27
33 91 48
33 94 79
33 96 30
33 97 77
33 99 43
34 36 76
34 38 89
34 40 35
34 42 27
34 43 34
34 44 58
34 45 49
34 49 37
34 50 2
34 52 16
34 53 9
34 54 41
34 55 53
34 58 66
34 59 38
34 60 90
34 62 91
34 66 40
34 67 30
34 68 19
34 72 83
34 74 48
34 75 35
34 76 16
34 77 84
34 81 41
34 82 49
34 83 22
34 84 41
34 85 74
34 88 57
34 89 83
34 90 29
34 91 6
34 94 55
34 97 53
35 36 85
35 40 14
35 41 56
35 42 25
35 43 44
35 44 75
35 45 32
35 46 30
35 55 24
35 57 30
35 59 27
35 61 45
35 66 11
35 69 9
35 70 58
35 71 91
35 72 68
35 73 63
35 74 24
35 75 17
35 79 71
35 81 83
35 82 17
35 83 56
35 84 48
35 94 25
35 96 32
35 97 24
36 37 67
36 40 76
36 42 87
36 44 20
36 45 54
36 47 79
36 49 92
36 51 39
36 53 78
36 55 106
36 59 59
36 60 14
36 62 69
36 63 92
36 68 90
36 69 94
36 70 42
36 73 78
36 80 93
36 85 51
36 86 55
36 88 58
36 89 62
36 90 65
36 91 82
36 93 88
36 94 107
36 95 77
36 96 53
36 97 106
36 99 49
37 38 107
37 39 91
37 40 71
37 41 42
37 42 68
37 43 50
37 45 72
37 49 77
37 50 40
37 52 30
37 54 24
37 55 94
37 57 96
37 58 69
37 59 65
37 61 109
37 62 111
37 67 32
37 68 60
37 73 31
37 74 75
37 75 70
37 76 38
37 78 86
37 79 75
37 80 51
37 81 5
37 82 89
37 83 30
37 89 103
37 90 60
37 91 46
37 95 63
37 96 66
37 98 23
37 99 84
38 39 26
38 40 62
38 41 99
38 42 79
38 48 47
38 49 77
38 50 90
38 51 54
38 52 102
38 53 85
38 59 52
38 60 68
38 61 21
38 62 7
38 66 69
38 70 71
38 71 76
38 73 100
38 74 42
38 75 59
38 78 100
38 82 76
38 83 80
38 85 16
38 86 35
38 89 7
38 91 92
38 96 47
38 97 83
38 98 97
39 41 76
39 42 53
39 43 42
39 44 62
39 45 19
39 47 44
39 48 51
39 51 40
39 54 71
39 56 62
39 58 41
39 62 25
39 63 76
39 64 92
39 65 36
39 66 43
39 67 59
39 71 74
39 72 37
39 73 78
39 74 18
39 82 51
39 83 62
39 87 76
39 89 18
39 96 26
40 41 43
40 43 32
40 46 17
40 48 69
40 49 17
40 50 37
40 52 52
40 53 27
40 56 25
40 58 57
40 61 52
40 64 66
40 65 18
40 66 10
40 67 44
40 71 81
40 73 49
40 74 21
40 75 5
40 80 44
40 81 68
40 82 23
40 83 42
40 84 37
40 85 51
40 86 29
40 87 59
40 88 30
40 90 13
40 92 65
40 95 12
40 96 24
41 42 32
41 43 43
41 48 86
41 49 41
41 50 9
41 52 13
41 54 46
41 56 25
41 58 75
41 60 98
41 61 93
41 66 46
41 67 37
41 69 61
41 72 92
41 76 8
41 78 45
41 80 10
41 81 42
41 83 29
41 85 84
41 86 63
41 88 66
41 91 7
41 92 73
41 94 58
41 95 31
41 98 19
42 45 42
42 47 10
42 48 82
42 49 9
42 53 18
42 60 100
42 62 79
42 64 59
42 66 14
42 68 14
42 72 81
42 75 20
42 76 40
42 77 78
42 78 26
42 80 30
42 81 66
42 83 43
42 84 47
42 86 45
42 87 58
42 88 46
42 89 72
42 90 22
42 95 9
42 97 26
43 46 14
43 47 33
43 50 34
43 53 33
43 54 31
43 55 61
43 57 46
43 59 17
43 60 60
43 61 60
43 63 49
43 64 51
43 66 42
43 68 44
43 69 53
43 71 50
43 73 41
43 74 26
43 76 48
43 77 51
43 78 66
43 80 50
43 83 21
43 84 8
43 85 43
43 86 27
43 88 31
43 89 54
43 91 39
43 93 43
43 99 35
44 45 46
44 46 46
44 47 65
44 48 28
44 49 78
44 50 58
44 51 27
44 53 61
44 57 69
44 58 25
44 59 47
44 60 32
44 61 77
44 63 74
44 64 58
44 68 73
44 69 84
44 70 24
44 72 46
44 73 59
44 76 68
44 78 97
44 83 36
44 84 27
44 87 35
44 88 53
44 91 64
44 92 10
44 95 63
44 96 43
45 48 44
45 49 44
45 51 22
45 52 63
45 53 45
45 55 55
45 56 49
45 58 32
45 61 37
45 63 60
45 65 35
45 66 36
45 67 40
45 69 41
45 71 62
45 72 39
45 73 60
45 74 8
45 76 65
45 79 39
45 80 63
45 81 68
45 83 43
45 85 26
45 86 5
45 91 53
45 92 44
45 93 54
45 95 34
45 96 7
46 47 20
46 50 32
46 52 45
46 53 26
46 54 43
46 55 47
46 62 61
46 64 56
46 66 28
46 69 39
46 70 28
46 71 64
46 73 42
46 75 14
46 76 47
46 79 51
46 80 45
46 81 55
46 87 44
46 88 26
46 91 34
46 92 48
46 94 49
46 98 41
46 99 36
47 48 73
47 50 32
47 51 40
47 56 18
47 61 59
47 62 69
47 63 33
47 65 22
47 67 44
47 69 25
47 71 83
47 75 10
47 76 45
47 77 69
47 79 69
47 80 37
47 82 22
47 86 36
47 88 37
47 89 62
47 90 15
47 91 30
47 93 27
47 94 30
47 97 29
47 98 47
47 99 49
48 49 86
48 51 36
48 56 86
48 63 92
48 65 79
48 67 50
48 69 85
48 70 45
48 72 22
48 74 52
48 76 89
48 77 31
48 78 108
48 79 5
48 80 93
48 82 91
48 85 36
48 86 44
48 88 46
48 91 82
48 94 100
48 95 73
48 96 45
48 97 99
48 99 36
49 52 53
49 54 70
49 57 49
49 59 34
49 60 105
49 62 77
49 63 34
49 64 69
49 68 22
49 69 21
49 70 57
49 74 37
49 75 21
49 76 49
49 82 12
49 85 67
49 86 46
49 88 46
49 93 28
49 96 41
49 97 17
49 99 59
50 51 42
50 52 15
50 53 11
50 56 24
50 57 70
50 59 39
50 60 90
50 63 17
50 64 30
50 65 54
50 66 41
50 67 29
50 69 57
50 72 83
50 75 37
50 76 15
50 78 47
50 80 17
50 83 22
50 85 75
50 87 33
50 89 84
50 90 30
50 91 7
50 93 14
50 96 44
50 99 67
51 54 32
51 58 25
51 59 21
51 60 53
51 61 57
51 62 58
51 63 56
51 64 57
51 67 21
51 68 52
51 69 57
51 73 48
51 76 56
51 78 73
51 79 33
51 82 60
51 84 0
51 85 38
51 86 25
51 89 50
51 90 25
51 91 46
51 92 28
51 97 67
51 99 31
52 53 25
52 56 37
52 57 83
52 59 52
52 63 24
52 66 56
52 67 33
52 71 76
52 72 93
52 74 63
52 76 9
52 78 57
52 79 82
52 80 21
52 81 31
52 84 50
52 85 87
52 87 29
52 88 71
52 89 96
52 91 18
52 92 69
52 93 26
52 95 41
52 96 56
52 97 68
52 98 9
53 55 44
53 56 15
53 58 65
53 62 86
53 63 16
53 66 31
53 67 34
53 69 46
53 70 37
53 71 79
53 77 81
53 79 74
53 80 18
53 81 49
53 83 27
53 86 49
53 87 42
53 89 78
53 90 23
53 92 66
53 99 62
54 56 61
54 57 77
54 64 35
54 65 77
54 66 69
54 70 16
54 74 57
54 75 56
54 77 72
54 78 85
54 80 56
54 81 19
54 86 57
54 87 11
54 89 80
54 90 47
54 91 47
54 93 54
54 95 54
54 97 87
54 99 62
55 56 31
55 57 53
55 62 80
55 63 47
55 64 84
55 68 36
55 71 111
55 72 92
55 76 63
55 77 87
55 80 51
55 81 92
55 82 7
55 84 67
55 86 56
55 87 84
55 89 75
55 90 42
55 96 53
55 98 71
56 58 75
56 61 76
56 62 87
56 64 54
56 66 23
56 73 35
56 75 28
56 76 33
56 81 63
56 82 28
56 83 42
56 85 74
56 90 28
56 91 19
56 92 78
56 94 33
56 95 15
56 99 66
57 59 32
57 60 81
57 62 28
57 64 95
57 65 31
57 67 64
57 68 65
57 72 44
57 75 34
57 76 84
57 77 38
57 81 92
57 82 46
57 85 26
57 86 20
57 87 81
57 89 23
57 90 39
57 92 64
58 59 40
58 60 33
58 62 49
58 65 67
58 66 67
58 68 76
58 70 36
58 71 34
58 73 72
58 74 40
58 75 52
58 76 79
58 77 28
58 80 83
58 81 64
58 85 29
58 86 33
58 87 55
58 88 36
58 89 41
58 90 47
58 92 17
58 96 33
58 98 66
59 62 53
59 63 48
59 64 63
59 65 31
59 66 28
59 67 34
59 71 64
59 77 48
59 78 56
59 79 47
59 82 40
59 84 21
59 88 19
59 90 10
59 93 42
59 94 49
59 96 7
59 98 48
59 99 29
60 63 106
60 70 56
60 71 20
60 73 91
60 74 73
60 76 100
60 78 126
60 79 28
60 80 107
60 81 72
60 84 53
60 86 66
60 91 95
60 93 101
60 94 120
60 95 91
60 96 65
60 97 119
61 63 92
61 65 45
61 66 56
61 69 48
61 72 43
61 73 96
61 75 50
61 76 100
61 77 34
61 79 57
61 80 95
61 82 61
61 83 80
61 84 58
61 86 33
61 87 94
61 90 55
61 91 86
61 99 29
62 66 68
62 67 79
62 69 63
62 78 99
62 82 74
62 83 83
62 86 37
62 88 34
62 91 94
62 92 66
62 94 81
62 95 73
62 97 81
62 99 28
63 65 53
63 66 40
63 67 46
63 69 55
63 70 50
63 71 91
63 72 96
63 75 42
63 76 17
63 80 4
63 81 54
63 83 39
63 86 65
63 90 39
63 93 7
63 96 54
63 98 31
63 99 78
64 65 83
64 66 71
64 72 97
64 73 19
64 74 74
64 75 65
64 77 101
64 79 84
64 80 37
64 82 81
64 85 95
64 86 77
64 88 81
64 89 105
64 91 35
64 95 56
64 99 87
65 66 13
65 67 62
65 68 41
65 73 66
65 75 20
65 76 66
65 77 66
65 78 40
65 83 60
65 84 52
65 85 53
65 86 36
65 89 53
65 91 51
65 92 78
65 93 47
65 95 28
65 96 36
65 98 68
66 67 53
66 69 15
66 70 55
66 72 74
66 73 53
66 75 15
66 76 53
66 79 75
66 81 76
66 85 58
66 86 38
66 87 67
66 89 61
66 91 39
66 92 75
66 94 21
66 95 16
66 98 57
66 99 51
67 69 67
67 70 5
67 71 46
67 74 44
67 76 40
67 77 65
67 79 49
67 81 28
67 84 21
67 85 59
67 86 44
67 88 48
67 90 32
67 93 42
67 94 73
67 96 33
68 70 49
68 71 91
68 72 89
68 75 32
68 76 27
68 79 84
68 82 34
68 83 39
68 84 52
68 85 77
68 88 57
68 90 30
68 92 78
68 97 36
68 99 69
69 73 69
69 75 25
69 78 38
69 79 80
69 80 59
69 81 91
69 82 13
69 83 65
69 85 58
69 87 81
69 88 39
69 89 58
69 92 83
69 96 41
69 98 72
70 71 41
70 72 57
70 73 36
70 75 42
70 76 45
70 78 74
70 80 51
70 81 31
70 84 17
70 87 21
70 88 46
70 89 67
70 90 32
70 91 40
70 94 75
70 95 41
70 97 74
71 74 69
71 76 84
71 77 59
71 86 63
71 87 48
71 88 67
71 89 75
71 91 81
71 93 87
71 94 113
71 95 80
71 96 59
71 97 111
72 73 90
72 75 61
72 78 105
72 79 18
72 80 99
72 82 85
72 85 19
72 89 28
72 92 37
72 97 92
72 98 86
72 99 24
73 74 60
73 76 9
73 78 56
73 79 79
73 80 20
73 81 31
73 88 68
73 89 94
73 90 41
73 95 38
73 96 53
73 97 66
73 99 76
74 79 47
74 81 71
74 82 40
74 84 28
74 90 19
74 92 51
74 93 51
74 94 48
74 95 30
74 98 59
74 99 22
75 78 44
75 79 60
75 80 46
75 82 27
75 83 40
75 86 25
75 87 57
75 90 10
75 92 60
75 93 35
75 95 14
75 96 19
75 97 35
75 99 39
76 79 87
76 80 13
76 83 32
76 84 55
76 85 90
76 86 70
76 89 99
76 91 15
76 93 20
76 94 65
76 96 59
76 97 63
76 98 18
76 99 82
77 82 80
77 85 12
77 86 33
77 87 81
77 89 19
77 91 88
77 92 44
77 93 90
77 94 88
77 96 42
78 80 37
78 81 86
78 83 65
78 85 90
78 86 69
78 88 69
78 91 40
78 93 33
78 97 21
79 80 91
79 85 31
79 86 39
79 88 41
79 89 43
79 91 79
79 92 19
79 93 83
79 94 95
79 95 69
79 97 94
79 98 74
79 99 31
80 83 39
80 88 70
80 89 96
80 90 42
80 92 81
80 93 11
80 94 53
80 95 32
80 96 57
80 97 51
80 98 29
81 83 27
81 88 76
81 89 98
81 90 57
81 93 53
81 96 61
81 98 23
82 87 79
82 89 69
82 91 47
82 92 88
82 94 9
82 96 46
82 97 8
82 98 67
82 99 61
83 84 26
83 87 17
83 88 51
83 90 30
83 95 35
83 97 68
83 99 56
84 85 39
84 86 26
84 89 50
84 92 28
84 94 69
84 95 38
84 96 17
84 97 68
85 87 76
85 90 47
85 91 78
85 92 46
85 94 76
85 95 60
85 96 32
86 88 4
86 89 29
86 90 26
86 91 57
86 92 45
86 93 58
86 95 38
86 96 12
86 98 63
87 88 66
87 90 47
87 93 47
87 94 86
87 95 52
87 99 69
88 89 26
88 91 60
88 92 49
88 95 40
88 98 67
88 99 13
89 90 54
89 91 86
89 92 58
89 93 86
89 94 76
89 99 19
90 91 31
90 92 53
90 93 32
90 94 44
90 95 14
90 97 43
90 98 42
91 93 8
91 94 52
91 95 24
91 96 46
91 97 50
91 98 22
92 95 66
92 99 43
93 94 45
93 98 30
93 99 71
94 95 34
94 96 55
96 97 54
97 99 69
98 99 73
