50 0.3 20 0 1 1225 368 6
0.379089 0.105066 44
0.225934 0.309568 31
0.140049 0.945275 50
0.225219 0.445504 23
0.814053 0.572978 38
0.278449 0.404371 21
0.231773 0.35881 27
0.07478 0.915631 52
0.812513 0.844834 48
0.0801387 0.726489 40
0.060221 0.368217 41
0.195671 0.830906 37
0.433708 0.542906 0
0.405223 0.0398294 50
0.439697 0.554014 1
0.724077 0.944359 50
0.0862832 0.616915 36
0.926115 0.579951 49
0.318989 0.0113571 54
0.738594 0.188003 47
0.178475 0.57175 26
0.458497 0.344438 20
0.826012 0.0150854 66
0.00688881 0.569571 43
0.0011282 0.213739 54
0.0954243 0.21661 47
0.246373 0.821779 34
0.22184 0.179741 42
0.041705 0.0229646 65
0.274821 0.263803 32
0.389164 0.583209 6
0.136525 0.361222 35
0.979911 0.389756 57
0.127061 0.0805457 55
0.0388488 0.508605 40
0.493643 0.907171 37
0.887244 0.135049 61
0.407692 0.0213897 52
0.592263 0.814435 31
0.0662674 0.400268 39
0.59956 0.696019 23
0.786488 0.538688 35
0.241897 0.441359 22
0.543311 0.0520783 50
0.704741 0.287805 37
0.920688 0.789652 55
0.75022 0.254477 43
0.993779 0.33291 60
0.00757684 0.166386 57
0.371554 0.0357329 51
0 1 26
0 2 87
0 3 37
0 4 64
0 5 32
0 6 29
0 7 87
0 8 86
0 9 69
0 10 41
0 11 75
0 12 44
0 13 7
0 14 45
0 15 91
0 16 59
0 17 72
0 18 11
0 19 37
0 20 51
0 21 25
0 22 46
0 23 60
0 24 39
0 25 30
0 26 73
0 27 17
0 28 35
0 29 19
0 30 48
0 31 35
0 32 66
0 33 25
0 34 53
0 35 81
0 36 51
0 37 9
0 38 74
0 39 43
0 40 63
0 41 59
0 42 36
0 43 17
0 44 37
0 45 87
0 46 40
0 47 66
0 48 38
0 49 7
1 2 64
1 3 14
1 4 64
1 5 11
1 6 5
1 7 62
1 8 79
1 9 44
1 10 18
1 11 52
1 12 31
1 13 32
1 14 32
1 15 81
1 16 34
1 17 75
1 18 31
1 19 53
1 20 27
1 21 24
1 22 67
1 23 34
1 24 24
1 25 16
1 26 51
1 27 13
1 28 34
1 29 7
1 30 32
1 31 10
1 32 76
1 33 25
1 34 27
1 35 65
1 36 68
1 37 34
1 38 62
1 39 18
1 40 54
1 41 61
1 42 13
1 43 41
1 44 48
1 45 84
1 46 53
1 47 77
1 48 26
1 49 31
2 3 51
2 4 77
2 5 56
2 6 59
2 7 7
2 8 68
2 9 23
2 10 58
2 11 13
2 12 50
2 13 94
2 14 49
2 15 58
2 16 33
2 17 87
2 18 95
2 19 97
2 20 38
2 21 68
2 22 116
2 23 40
2 24 74
2 25 73
2 26 16
2 27 77
2 28 93
2 29 69
2 30 44
2 31 58
2 32 101
2 33 86
2 34 45
2 35 36
2 36 110
2 37 96
2 38 47
2 39 55
2 40 52
2 41 76
2 42 51
2 43 98
2 44 87
2 45 80
2 46 92
2 47 105
2 48 79
2 49 94
3 4 60
3 5 7
3 6 9
3 7 49
3 8 71
3 9 32
3 10 18
3 11 39
3 12 23
3 13 44
3 14 24
3 15 71
3 16 22
3 17 71
3 18 44
3 19 57
3 20 13
3 21 25
3 22 74
3 23 25
3 24 32
3 25 26
3 26 38
3 27 27
3 28 46
3 29 19
3 30 21
3 31 12
3 32 76
3 33 38
3 34 20
3 35 53
3 36 73
3 37 46
3 38 52
3 39 17
3 40 45
3 41 57
3 42 2
3 43 51
3 44 50
3 45 78
3 46 56
3 47 78
3 48 35
3 49 44
4 5 56
4 6 62
4 7 81
4 8 27
4 9 75
4 10 78
4 11 67
4 12 38
4 13 67
4 14 37
4 15 38
4 16 73
4 17 11
4 18 75
4 19 39
4 20 64
4 21 42
4 22 56
4 23 81
4 24 89
4 25 80
4 26 62
4 27 71
4 28 95
4 29 62
4 30 43
4 31 71
4 32 25
4 33 85
4 34 78
4 35 46
4 36 44
4 37 69
4 38 33
4 39 77
4 40 25
4 41 4
4 42 59
4 43 59
4 44 31
4 45 24
4 46 32
4 47 30
4 48 90
4 49 70
5 6 7
5 7 55
5 8 69
5 9 38
5 10 22
5 11 43
5 12 21
5 13 39
5 14 22
5 15 70
5 16 29
5 17 67
5 18 40
5 19 51
5 20 19
5 21 19
5 22 67
5 23 32
5 24 34
5 25 26
5 26 42
5 27 23
5 28 45
5 29 14
5 30 21
5 31 15
5 32 70
5 33 36
5 34 26
5 35 55
5 36 67
5 37 40
5 38 52
5 39 21
5 40 43
5 41 53
5 42 5
5 43 44
5 44 44
5 45 75
5 46 50
5 47 72
5 48 36
5 49 38
6 7 58
6 8 76
6 9 40
6 10 17
6 11 47
6 12 27
6 13 36
6 14 29
6 15 77
6 16 30
6 17 73
6 18 36
6 19 53
6 20 22
6 21 23
6 22 69
6 23 31
6 24 27
6 25 20
6 26 46
6 27 18
6 28 39
6 29 10
6 30 27
6 31 10
6 32 75
6 33 30
6 34 24
6 35 61
6 36 69
6 37 38
6 38 58
6 39 17
6 40 50
6 41 58
6 42 8
6 43 44
6 44 48
6 45 81
6 46 53
6 47 76
6 48 30
6 49 35
7 8 74
7 9 19
7 10 55
7 11 15
7 12 52
7 13 94
7 14 51
7 15 65
7 16 30
7 17 92
7 18 94
7 19 98
7 20 36
7 21 69
7 22 117
7 23 35
7 24 71
7 25 70
7 26 20
7 27 75
7 28 89
7 29 68
7 30 46
7 31 56
7 32 105
7 33 84
7 34 41
7 35 42
7 36 113
7 37 95
7 38 53
7 39 52
7 40 57
7 41 81
7 42 50
7 43 98
7 44 89
7 45 86
7 46 95
7 47 109
7 48 75
7 49 93
8 9 74
8 10 89
8 11 62
8 12 48
8 13 90
8 14 47
8 15 13
8 16 76
8 17 29
8 18 97
8 19 66
8 20 69
8 21 61
8 22 83
8 23 85
8 24 103
8 25 95
8 26 57
8 27 89
8 28 113
8 29 79
8 30 50
8 31 83
8 32 48
8 33 103
8 34 84
8 35 32
8 36 71
8 37 92
8 38 22
8 39 87
8 40 26
8 41 31
8 42 70
8 43 84
8 44 57
8 45 12
8 46 59
8 47 54
8 48 105
8 49 92
9 10 36
9 11 16
9 12 40
9 13 76
9 14 40
9 15 68
9 16 11
9 17 86
9 18 75
9 19 85
9 20 18
9 21 54
9 22 103
9 23 17
9 24 52
9 25 51
9 26 19
9 27 56
9 28 70
9 29 50
9 30 34
9 31 37
9 32 96
9 33 65
9 34 22
9 35 45
9 36 100
9 37 78
9 38 52
9 39 33
9 40 52
9 41 73
9 42 33
9 43 82
9 44 76
9 45 84
9 46 82
9 47 99
9 48 56
9 49 75
10 11 48
10 12 41
10 13 48
10 14 42
10 15 88
10 16 25
10 17 89
10 18 44
10 19 70
10 20 24
10 21 40
10 22 84
10 23 21
10 24 17
10 25 16
10 26 49
10 27 25
10 28 35
10 29 24
10 30 39
10 31 8
10 32 92
10 33 30
10 34 14
10 35 69
10 36 86
10 37 49
10 38 69
10 39 3
10 40 63
10 41 75
10 42 20
10 43 58
10 44 65
10 45 96
10 46 70
10 47 93
10 48 21
10 49 46
11 12 37
11 13 82
11 14 37
11 15 54
11 16 24
11 17 77
11 18 83
11 19 84
11 20 26
11 21 55
11 22 103
11 23 32
11 24 65
11 25 62
11 26 5
11 27 65
11 28 82
11 29 57
11 30 31
11 31 47
11 32 90
11 33 75
11 34 36
11 35 31
11 36 98
11 37 84
11 38 40
11 39 45
11 40 43
11 41 66
11 42 39
11 43 85
11 44 74
11 45 73
11 46 80
11 47 94
11 48 69
11 49 81
12 13 50
12 14 1
12 15 50
12 16 36
12 17 49
12 18 54
12 19 47
12 20 26
12 21 20
12 22 66
12 23 43
12 24 54
12 25 47
12 26 34
12 27 42
12 28 65
12 29 32
12 30 6
12 31 35
12 32 57
12 33 55
12 34 40
12 35 37
12 36 61
12 37 52
12 38 31
12 39 39
12 40 23
12 41 35
12 42 22
12 43 50
12 44 37
12 45 55
12 46 43
12 47 60
12 48 57
12 49 51
13 14 52
13 15 96
13 16 66
13 17 75
13 18 9
13 19 36
13 20 58
13 21 31
13 22 42
13 23 66
13 24 44
13 25 36
13 26 80
13 27 23
13 28 36
13 29 26
13 30 54
13 31 42
13 32 67
13 33 28
13 34 59
13 35 87
13 36 49
13 37 2
13 38 80
13 39 49
13 40 68
13 41 63
13 42 43
13 43 14
13 44 39
13 45 91
13 46 41
13 47 66
13 48 42
13 49 3
14 15 48
14 16 36
14 17 49
14 18 56
14 19 47
14 20 26
14 21 21
14 22 66
14 23 43
14 24 56
14 25 48
14 26 33
14 27 43
14 28 66
14 29 33
14 30 6
14 31 36
14 32 56
14 33 57
14 34 40
14 35 36
14 36 61
14 37 53
14 38 30
14 39 40
14 40 21
14 41 35
14 42 23
14 43 51
14 44 38
14 45 54
14 46 43
14 47 60
14 48 58
14 49 52
15 16 72
15 17 42
15 18 102
15 19 76
15 20 66
15 21 66
15 22 93
15 23 81
15 24 103
15 25 96
15 26 49
15 27 91
15 28 115
15 29 82
15 30 49
15 31 83
15 32 61
15 33 105
15 34 81
15 35 23
15 36 83
15 37 98
15 38 19
15 39 85
15 40 28
15 41 41
15 42 70
15 43 91
15 44 66
15 45 25
15 46 69
15 47 67
15 48 106
15 49 97
16 17 84
16 18 65
16 19 78
16 20 10
16 21 46
16 22 95
16 23 9
16 24 41
16 25 40
16 26 26
16 27 46
16 28 60
16 29 40
16 30 30
16 31 26
16 32 92
16 33 54
16 34 12
16 35 50
16 36 93
16 37 68
16 38 54
16 39 22
16 40 52
16 41 70
16 42 23
16 43 73
16 44 70
16 45 85
16 46 76
16 47 95
16 48 46
16 49 65
17 18 83
17 19 43
17 20 75
17 21 52
17 22 57
17 23 92
17 24 99
17 25 91
17 26 72
17 27 81
17 28 105
17 29 72
17 30 54
17 31 82
17 32 20
17 33 94
17 34 89
17 35 54
17 36 45
17 37 76
17 38 41
17 39 88
17 40 35
17 41 15
17 42 70
17 43 65
17 44 37
17 45 21
17 46 37
17 47 26
17 48 101
17 49 78
18 19 46
18 20 58
18 21 36
18 22 51
18 23 64
18 24 38
18 25 30
18 26 81
18 27 19
18 28 28
18 29 26
18 30 58
18 31 39
18 32 76
18 33 20
18 34 57
18 35 91
18 36 58
18 37 9
18 38 85
18 39 46
18 40 74
18 41 70
18 42 44
18 43 23
18 44 47
18 45 98
18 46 50
18 47 75
18 48 35
18 49 6
19 20 68
19 21 32
19 22 19
19 23 83
19 24 74
19 25 64
19 26 80
19 27 52
19 28 72
19 29 47
19 30 53
19 31 63
19 32 31
19 33 62
19 34 77
19 35 76
19 36 16
19 37 37
19 38 64
19 39 71
19 40 53
19 41 35
19 42 56
19 43 24
19 44 11
19 45 63
19 46 7
19 47 29
19 48 73
19 49 40
20 21 36
20 22 85
20 23 17
20 24 40
20 25 36
20 26 26
20 27 39
20 28 57
20 29 32
20 30 21
20 31 21
20 32 82
20 33 49
20 34 15
20 35 46
20 36 83
20 37 60
20 38 48
20 39 20
20 40 44
20 41 61
20 42 14
20 43 63
20 44 60
20 45 77
20 46 65
20 47 85
20 48 44
20 49 57
21 22 49
21 23 50
21 24 48
21 25 38
21 26 52
21 27 29
21 28 53
21 29 20
21 30 25
21 31 32
21 32 52
21 33 42
21 34 45
21 35 56
21 36 48
21 37 33
21 38 49
21 39 40
21 40 38
21 41 38
21 42 24
21 43 30
21 44 25
21 45 64
21 46 31
21 47 54
21 48 48
21 49 32
22 23 99
22 24 85
22 25 76
22 26 99
22 27 63
22 28 78
22 29 60
22 30 72
22 31 77
22 32 41
22 33 70
22 34 93
22 35 95
22 36 13
22 37 42
22 38 83
22 39 85
22 40 72
22 41 53
22 42 72
22 43 29
22 44 30
22 45 78
22 46 25
22 47 36
22 48 83
22 49 45
23 24 36
23 25 36
23 26 35
23 27 45
23 28 55
23 29 41
23 30 38
23 31 25
23 32 99
23 33 50
23 34 7
23 35 59
23 36 98
23 37 68
23 38 63
23 39 18
23 40 61
23 41 78
23 42 27
23 43 75
23 44 75
23 45 94
23 46 81
23 47 101
23 48 40
23 49 65
24 25 9
24 26 66
24 27 22
24 28 20
24 29 28
24 30 54
24 31 20
24 32 99
24 33 18
24 34 30
24 35 85
24 36 89
24 37 45
24 38 84
24 39 20
24 40 77
24 41 85
24 42 33
24 43 57
24 44 71
24 45 109
24 46 75
24 47 100
24 48 5
24 49 41
25 26 62
25 27 13
25 28 20
25 29 19
25 30 47
25 31 15
25 32 90
25 33 14
25 34 30
25 35 80
25 36 80
25 37 37
25 38 78
25 39 19
25 40 70
25 41 76
25 42 27
25 43 48
25 44 61
25 45 100
25 46 66
25 47 91
25 48 10
25 49 33
26 27 64
26 28 82
26 29 56
26 30 28
26 31 47
26 32 85
26 33 75
26 34 38
26 35 26
26 36 94
26 37 82
26 38 35
26 39 46
26 40 37
26 41 61
26 42 38
26 43 82
26 44 70
26 45 68
26 46 76
26 47 89
26 48 70
26 49 80
27 28 24
27 29 10
27 30 44
27 31 20
27 32 79
27 33 14
27 34 38
27 35 78
27 36 67
27 37 24
27 38 73
27 39 27
27 40 64
27 41 67
27 42 26
27 43 35
27 44 49
27 45 93
27 46 53
27 47 79
27 48 21
27 49 21
28 29 34
28 30 66
28 31 35
28 32 101
28 33 10
28 34 49
28 35 99
28 36 85
28 37 37
28 38 96
28 39 38
28 40 87
28 41 91
28 42 46
28 43 50
28 44 71
28 45 117
28 46 75
28 47 100
28 48 15
28 49 33
29 30 34
29 31 17
29 32 72
29 33 24
29 34 34
29 35 68
29 36 63
29 37 28
29 38 64
29 39 25
29 40 54
29 41 58
29 42 18
29 43 34
29 44 43
29 45 83
29 46 48
29 47 72
29 48 28
29 49 25
30 31 34
30 32 62
30 33 57
30 34 36
30 35 34
30 36 67
30 37 56
30 38 31
30 39 37
30 40 24
30 41 40
30 42 20
30 43 55
30 44 43
30 45 57
30 46 49
30 47 65
30 48 57
30 49 55
31 32 84
31 33 28
31 34 18
31 35 65
31 36 78
31 37 43
31 38 64
31 39 8
31 40 57
31 41 67
31 42 13
31 43 51
31 44 57
31 45 89
31 46 62
31 47 86
31 48 23
31 49 40
32 33 91
32 34 95
32 35 71
32 36 27
32 37 68
32 38 57
32 39 91
32 40 49
32 41 24
32 42 74
32 43 55
32 44 29
32 45 40
32 46 27
32 47 6
32 48 100
32 49 70
33 34 44
33 35 90
33 36 76
33 37 29
33 38 87
33 39 33
33 40 78
33 41 80
33 42 38
33 43 42
33 44 61
33 45 106
33 46 65
33 47 90
33 48 15
33 49 25
34 35 60
34 36 93
34 37 61
34 38 63
34 39 11
34 40 59
34 41 75
34 42 21
34 43 68
34 44 70
34 45 93
34 46 76
34 47 97
34 48 34
34 49 58
35 36 87
35 37 89
35 38 14
35 39 66
35 40 24
35 41 47
35 42 53
35 43 86
35 44 65
35 45 44
35 46 70
35 47 76
35 48 89
35 49 88
36 37 49
36 38 74
36 39 86
36 40 63
36 41 42
36 42 71
36 43 35
36 44 24
36 45 66
36 46 18
36 47 22
36 48 88
36 49 53
37 38 81
37 39 51
37 40 70
37 41 64
37 42 45
37 43 14
37 44 40
37 45 92
37 46 41
37 47 66
37 48 43
37 49 4
38 39 67
38 40 12
38 41 34
38 42 51
38 43 76
38 44 54
38 45 33
38 46 58
38 47 63
38 48 87
38 49 81
39 40 61
39 41 73
39 42 18
39 43 59
39 44 65
39 45 94
39 46 70
39 47 93
39 48 24
39 49 48
40 41 24
40 42 44
40 43 65
40 44 42
40 45 33
40 46 47
40 47 54
40 48 79
40 49 70
41 42 55
41 43 54
41 44 26
41 45 28
41 46 29
41 47 29
41 48 86
41 49 65
42 43 49
42 44 49
42 45 76
42 46 54
42 47 76
42 48 36
42 49 43
43 44 29
43 45 83
43 46 29
43 47 53
43 48 55
43 49 17
44 45 55
44 46 6
44 47 29
44 48 71
44 49 42
45 46 56
45 47 46
45 48 111
45 49 93
46 47 26
46 48 75
46 49 44
47 48 100
47 49 69
48 49 39
0 3 37
0 6 29
0 8 86
0 9 69
0 15 91
0 16 59
0 17 72
0 18 11
0 19 37
0 21 25
0 23 60
0 27 17
0 28 35
0 30 48
0 32 66
0 37 9
0 41 59
0 43 17
0 44 37
1 2 64
1 3 14
1 8 79
1 10 18
1 14 32
1 17 75
1 22 67
1 31 10
1 32 76
1 37 34
1 40 54
1 42 13
1 44 48
1 48 26
1 49 31
2 3 51
2 6 59
2 7 7
2 13 94
2 15 58
2 17 87
2 22 116
2 27 77
2 29 69
2 31 58
2 32 101
2 33 86
2 36 110
2 39 55
2 41 76
2 44 87
2 46 92
3 5 7
3 15 71
3 21 25
3 23 25
3 25 26
3 28 46
3 31 12
3 36 73
3 38 52
3 43 51
3 44 50
3 49 44
4 9 75
4 19 39
4 22 56
4 27 71
4 30 43
4 37 69
4 38 33
4 39 77
4 41 4
4 42 59
4 45 24
4 46 32
4 47 30
4 48 90
5 11 43
5 12 21
5 13 39
5 15 70
5 17 67
5 23 32
5 29 14
5 37 40
5 41 53
5 43 44
5 44 44
5 47 72
5 49 38
6 9 40
6 10 17
6 11 47
6 17 73
6 22 69
6 23 31
6 24 27
6 32 75
6 33 30
6 35 61
6 38 58
6 43 44
7 16 30
7 17 92
7 20 36
7 22 117
7 23 35
7 24 71
7 27 75
7 29 68
7 32 105
7 36 113
7 38 53
7 40 57
7 43 98
7 45 86
7 47 109
8 10 89
8 17 29
8 18 97
8 20 69
8 21 61
8 25 95
8 27 89
8 28 113
8 30 50
8 36 71
8 39 87
8 40 26
9 20 18
9 33 65
9 35 45
9 37 78
9 40 52
9 43 82
9 46 82
9 49 75
10 13 48
10 19 70
10 20 24
10 26 49
10 37 49
10 38 69
10 43 58
10 47 93
10 49 46
11 14 37
11 19 84
11 29 57
11 32 90
11 36 98
11 37 84
11 40 43
12 16 36
12 17 49
12 18 54
12 19 47
12 20 26
12 25 47
12 31 35
12 32 57
12 37 52
12 46 43
12 47 60
13 15 96
13 22 42
13 26 80
13 27 23
13 29 26
13 33 28
13 36 49
13 38 80
13 39 49
13 40 68
13 41 63
13 44 39
13 47 66
14 15 48
14 17 49
14 18 56
14 19 47
14 21 21
14 24 56
14 25 48
14 32 56
14 38 30
14 41 35
14 44 38
14 48 58
15 16 72
15 26 49
15 28 115
15 32 61
15 37 98
15 43 91
15 46 69
15 48 106
16 17 84
16 21 46
16 24 41
16 26 26
16 28 60
16 33 54
16 34 12
16 36 93
16 39 22
16 41 70
17 19 43
17 23 92
17 27 81
17 28 105
17 30 54
17 31 82
17 32 20
17 38 41
17 41 15
17 42 70
17 43 65
17 46 37
17 47 26
18 19 46
18 20 58
18 25 30
18 28 28
18 30 58
18 31 39
18 38 85
18 39 46
18 41 70
18 45 98
19 23 83
19 26 80
19 29 47
19 32 31
19 35 76
19 40 53
19 46 7
19 48 73
20 21 36
20 23 17
20 28 57
20 36 83
20 42 14
20 47 85
21 22 49
21 26 52
21 31 32
21 36 48
21 37 33
21 38 49
21 46 31
21 48 48
22 25 76
22 29 60
22 31 77
22 41 53
22 44 30
22 46 25
22 47 36
22 49 45
23 27 45
23 30 38
23 31 25
23 38 63
23 42 27
23 44 75
23 46 81
23 47 101
23 48 40
24 29 28
24 35 85
24 36 89
24 39 20
24 41 85
24 46 75
25 26 62
25 28 20
25 29 19
25 30 47
25 33 14
25 37 37
25 39 19
25 42 27
25 47 91
25 48 10
26 27 64
26 28 82
26 37 82
26 42 38
26 43 82
26 47 89
26 48 70
27 28 24
27 32 79
27 35 78
27 37 24
27 40 64
27 41 67
27 42 26
27 45 93
27 49 21
28 29 34
28 34 49
28 41 91
28 49 33
29 31 17
29 33 24
29 34 34
29 38 64
29 40 54
29 41 58
29 43 34
29 45 83
29 48 28
29 49 25
30 32 62
30 33 57
30 35 34
30 40 24
30 41 40
30 42 20
30 44 43
31 35 65
31 38 64
31 42 13
31 47 86
31 49 40
32 35 71
32 40 49
32 45 40
32 48 100
32 49 70
33 36 76
33 40 78
33 42 38
33 47 90
34 35 60
34 37 61
34 42 21
34 43 68
34 45 93
34 46 76
35 38 14
35 47 76
36 37 49
37 39 51
37 44 40
37 47 66
38 47 63
38 49 81
39 43 59
39 45 94
40 43 65
40 47 54
41 42 55
41 43 54
41 44 26
41 45 28
41 46 29
41 47 29
41 49 65
42 44 49
43 44 29
43 47 53
43 49 17
44 48 71
44 49 42
46 49 44
