100 0.3 0 0 1 0.25 4950 148576
0.638538 0.833671 8
0.839446 0.374596 9
0.514545 0.405281 3
0.199273 0.0946769 14
0.685988 0.261131 8
0.362458 0.624181 5
0.270454 0.200423 11
0.604832 0.712704 5
0.253037 0.132159 12
0.637242 0.636239 4
0.15055 0.00354454 16
0.403277 0.386526 5
0.100718 0.172081 14
0.0409228 0.606615 12
0.434353 0.679635 4
0.319129 0.381196 6
0.682332 0.43406 5
0.821629 0.58123 7
0.400316 0.297837 7
0.771256 0.407919 7
0.34448 0.818287 8
0.368408 0.12349 11
0.126128 0.310648 11
0.827488 0.707954 9
0.219633 0.437499 8
0.149881 0.821561 12
0.284429 0.0995877 12
0.295115 0.568808 6
0.65778 0.381231 5
0.480789 0.131847 10
0.00784554 0.699408 14
0.147598 0.465918 10
0.851819 0.599099 8
0.813277 0.747379 9
0.835664 0.417818 8
0.743296 0.41246 6
0.856801 0.624524 9
0.829998 0.532736 8
0.436044 0.167454 9
0.357675 0.414176 5
0.447735 0.334386 5
0.0959835 0.578266 11
0.167815 0.617053 9
0.149593 0.45368 10
0.496954 0.822962 7
0.0387944 0.603159 12
0.908486 0.87285 13
0.243378 0.640482 8
0.369892 0.094871 12
0.213503 0.571089 8
0.397298 0.398394 5
0.238234 0.932796 12
0.931657 0.730556 11
0.185205 0.547309 9
0.987157 0.418722 12
0.98876 0.850211 14
0.468931 0.604749 2
0.454501 0.377317 4
0.785331 0.354398 8
0.615075 0.394871 4
0.147022 0.842989 12
0.00406315 0.949744 17
0.547333 0.0198603 13
0.658605 0.385246 5
0.328265 0.0880517 12
0.0302704 0.900219 15
0.598176 0.42166 3
0.525298 0.534574 0
0.679013 0.856356 9
0.521956 0.767252 6
0.908695 0.231596 12
0.28558 0.694264 7
0.640337 0.519081 3
0.156572 0.428679 10
0.395267 0.0997085 11
0.601487 0.0510694 12
0.591356 0.300549 6
0.105178 0.451842 11
0.987582 0.556481 12
0.151809 0.50111 9
0.515693 0.701188 4
0.83835 0.853975 11
0.649876 0.875764 9
0.00594395 0.12181 17
0.305963 0.763038 8
0.285741 0.518232 6
0.540579 0.202837 8
0.402137 0.0389334 13
0.380409 0.911313 10
0.902585 0.18751 13
0.811135 0.971399 13
0.0682329 0.514459 11
0.744234 0.24713 9
0.879757 0.816542 11
0.263652 0.225231 10
0.410921 0.638418 4
0.24322 0.0112142 15
0.519671 0.399293 3
0.780887 0.425161 7
0.267902 0.704725 8
0 1 50
0 2 45
0 3 86
0 4 57
0 5 35
0 6 73
0 7 13
0 8 80
0 9 20
0 10 96
0 11 51
0 12 85
0 13 64
0 14 26
0 15 55
0 16 40
0 17 31
0 18 59
0 19 45
0 20 29
0 21 76
0 22 73
0 23 23
0 24 58
0 25 49
0 26 82
0 27 43
0 28 45
0 29 72
0 30 64
0 31 61
0 32 32
0 33 19
0 34 46
0 35 43
0 36 30
0 37 36
0 38 70
0 39 50
0 40 53
0 41 60
0 42 52
0 43 62
0 44 14
0 45 64
0 46 27
0 47 44
0 48 79
0 49 50
0 50 50
0 51 41
0 52 31
0 53 54
0 54 54
0 55 35
0 56 28
0 57 49
0 58 50
0 59 44
0 60 49
0 61 65
0 62 82
0 63 45
0 64 81
0 65 61
0 66 41
0 67 32
0 68 5
0 69 13
0 70 66
0 71 38
0 72 31
0 73 63
0 74 77
0 75 78
0 76 54
0 77 66
0 78 45
0 79 59
0 80 18
0 81 20
0 82 4
0 83 95
0 84 34
0 85 47
0 86 64
0 87 83
0 88 27
0 89 70
0 90 22
0 91 65
0 92 60
0 93 24
0 94 71
0 95 30
0 96 91
0 97 45
0 98 43
0 99 39
1 2 33
1 3 70
1 4 19
1 5 54
1 6 60
1 7 41
1 8 63
1 9 33
1 10 78
1 11 44
1 12 77
1 13 83
1 14 51
1 15 52
1 16 17
1 17 21
1 18 45
1 19 8
1 20 66
1 21 53
1 22 72
1 23 33
1 24 62
1 25 82
1 26 62
1 27 58
1 28 18
1 29 43
1 30 89
1 31 70
1 32 22
1 33 37
1 34 4
1 35 10
1 36 25
1 37 16
1 38 45
1 39 48
1 40 39
1 41 77
1 42 71
1 43 69
1 44 56
1 45 83
1 46 50
1 47 65
1 48 55
1 49 66
1 50 44
1 51 82
1 52 37
1 53 68
1 54 15
1 55 50
1 56 44
1 57 38
1 58 6
1 59 23
1 60 84
1 61 101
1 62 46
1 63 18
1 64 59
1 65 96
1 66 25
1 67 35
1 68 51
1 69 50
1 70 16
1 71 64
1 72 25
1 73 69
1 74 52
1 75 40
1 76 26
1 77 74
1 78 23
1 79 70
1 80 46
1 81 48
1 82 54
1 83 87
1 84 66
1 85 57
1 86 34
1 87 55
1 88 71
1 89 20
1 90 60
1 91 78
1 92 16
1 93 44
1 94 59
1 95 50
1 96 70
1 97 32
1 98 8
1 99 66
2 3 44
2 4 22
2 5 27
2 6 32
2 7 32
2 8 38
2 9 26
2 10 54
2 11 11
2 12 48
2 13 51
2 14 29
2 15 20
2 16 17
2 17 35
2 18 16
2 19 26
2 20 45
2 21 32
2 22 40
2 23 44
2 24 30
2 25 55
2 26 38
2 27 27
2 28 15
2 29 28
2 30 59
2 31 37
2 32 39
2 33 45
2 34 32
2 35 23
2 36 41
2 37 34
2 38 25
2 39 16
2 40 10
2 41 45
2 42 41
2 43 37
2 44 42
2 45 52
2 46 61
2 47 36
2 48 34
2 49 34
2 50 12
2 51 60
2 52 53
2 53 36
2 54 47
2 55 65
2 56 20
2 57 7
2 58 28
2 59 10
2 60 57
2 61 75
2 62 39
2 63 15
2 64 37
2 65 69
2 66 9
2 67 13
2 68 48
2 69 36
2 70 43
2 71 37
2 72 17
2 73 36
2 74 33
2 75 36
2 76 13
2 77 41
2 78 50
2 79 38
2 80 30
2 81 55
2 82 49
2 83 58
2 84 41
2 85 26
2 86 20
2 87 38
2 88 52
2 89 44
2 90 64
2 91 46
2 92 28
2 93 55
2 94 31
2 95 26
2 96 48
2 97 1
2 98 27
2 99 39
3 4 51
3 5 55
3 6 13
3 7 74
3 8 7
3 9 70
3 10 10
3 11 36
3 12 13
3 13 54
3 14 63
3 15 31
3 16 59
3 17 79
3 18 29
3 19 65
3 20 74
3 21 17
3 22 23
3 23 88
3 24 34
3 25 73
3 26 9
3 27 48
3 28 54
3 29 28
3 30 63
3 31 37
3 32 82
3 33 90
3 34 71
3 35 63
3 36 84
3 37 77
3 38 25
3 39 36
3 40 35
3 41 49
3 42 52
3 43 36
3 44 79
3 45 53
3 46 105
3 47 55
3 48 17
3 49 48
3 50 36
3 51 84
3 52 97
3 53 45
3 54 85
3 55 109
3 56 58
3 57 38
3 58 64
3 59 51
3 60 75
3 61 88
3 62 36
3 63 54
3 64 13
3 65 82
3 66 52
3 67 55
3 68 90
3 69 75
3 70 72
3 71 61
3 72 61
3 73 34
3 74 20
3 75 40
3 76 44
3 77 37
3 78 91
3 79 41
3 80 68
3 81 99
3 82 90
3 83 20
3 84 68
3 85 43
3 86 36
3 87 21
3 88 84
3 89 71
3 90 107
3 91 44
3 92 57
3 93 99
3 94 15
3 95 58
3 96 9
3 97 44
3 98 67
3 99 61
4 5 49
4 6 42
4 7 46
4 8 45
4 9 38
4 10 59
4 11 31
4 12 59
4 13 73
4 14 49
4 15 39
4 16 17
4 17 35
4 18 29
4 19 17
4 20 65
4 21 35
4 22 56
4 23 47
4 24 50
4 25 78
4 26 43
4 27 50
4 28 12
4 29 24
4 30 81
4 31 58
4 32 38
4 33 50
4 34 22
4 35 16
4 36 40
4 37 31
4 38 27
4 39 36
4 40 25
4 41 67
4 42 63
4 43 57
4 44 59
4 45 73
4 46 65
4 47 58
4 48 36
4 49 57
4 50 32
4 51 81
4 52 53
4 53 58
4 54 34
4 55 66
4 56 41
4 57 26
4 58 14
4 59 15
4 60 79
4 61 97
4 62 28
4 63 13
4 64 40
4 65 92
4 66 18
4 67 32
4 68 60
4 69 53
4 70 22
4 71 59
4 72 26
4 73 56
4 74 33
4 75 23
4 76 10
4 77 61
4 78 42
4 79 59
4 80 47
4 81 61
4 82 62
4 83 69
4 84 63
4 85 48
4 86 16
4 87 36
4 88 72
4 89 23
4 90 72
4 91 67
4 92 6
4 93 59
4 94 42
4 95 47
4 96 51
4 97 22
4 98 19
4 99 61
5 6 43
5 7 26
5 8 50
5 9 28
5 10 66
5 11 24
5 12 52
5 13 32
5 14 9
5 15 25
5 16 37
5 17 46
5 18 33
5 19 46
5 20 19
5 21 50
5 22 39
5 23 47
5 24 24
5 25 29
5 26 53
5 27 9
5 28 38
5 29 51
5 30 36
5 31 27
5 32 49
5 33 47
5 34 52
5 35 44
5 36 49
5 37 48
5 38 46
5 39 21
5 40 30
5 41 27
5 42 19
5 43 27
5 44 24
5 45 32
5 46 60
5 47 12
5 48 53
5 49 16
5 50 23
5 51 33
5 52 58
5 53 19
5 54 66
5 55 67
5 56 11
5 57 26
5 58 50
5 59 34
5 60 31
5 61 48
5 62 63
5 63 38
5 64 54
5 65 43
5 66 31
5 67 19
5 68 39
5 69 21
5 70 67
5 71 10
5 72 30
5 73 28
5 74 53
5 75 62
5 76 40
5 77 31
5 78 63
5 79 24
5 80 17
5 81 53
5 82 38
5 83 62
5 84 15
5 85 13
5 86 46
5 87 59
5 88 29
5 89 69
5 90 57
5 91 31
5 92 54
5 93 55
5 94 41
5 95 5
5 96 62
5 97 27
5 98 46
5 99 12
6 7 61
6 8 7
6 9 57
6 10 23
6 11 23
6 12 17
6 13 47
6 14 51
6 15 19
6 16 47
6 17 67
6 18 16
6 19 54
6 20 62
6 21 12
6 22 18
6 23 75
6 24 24
6 25 63
6 26 10
6 27 37
6 28 43
6 29 22
6 30 56
6 31 29
6 32 70
6 33 77
6 34 61
6 35 52
6 36 72
6 37 65
6 38 17
6 39 23
6 40 22
6 41 42
6 42 43
6 43 28
6 44 66
6 45 46
6 46 93
6 47 44
6 48 15
6 49 38
6 50 24
6 51 73
6 52 85
6 53 36
6 54 75
6 55 97
6 56 45
6 57 26
6 58 54
6 59 40
6 60 65
6 61 80
6 62 33
6 63 43
6 64 13
6 65 74
6 66 40
6 67 42
6 68 77
6 69 62
6 70 64
6 71 49
6 72 49
6 73 26
6 74 16
6 75 36
6 76 34
6 77 30
6 78 80
6 79 32
6 80 56
6 81 87
6 82 77
6 83 28
6 84 56
6 85 32
6 86 27
6 87 21
6 88 72
6 89 63
6 90 94
6 91 37
6 92 48
6 93 87
6 94 3
6 95 46
6 96 19
6 97 32
6 98 56
6 99 50
7 8 68
7 9 8
7 10 84
7 11 38
7 12 74
7 13 57
7 14 17
7 15 44
7 16 29
7 17 25
7 18 46
7 19 35
7 20 28
7 21 63
7 22 63
7 23 22
7 24 47
7 25 47
7 26 69
7 27 34
7 28 34
7 29 59
7 30 60
7 31 52
7 32 27
7 33 21
7 34 37
7 35 33
7 36 27
7 37 29
7 38 57
7 39 39
7 40 41
7 41 53
7 42 45
7 43 52
7 44 15
7 45 58
7 46 34
7 47 37
7 48 66
7 49 42
7 50 38
7 51 43
7 52 33
7 53 45
7 54 48
7 55 41
7 56 17
7 57 37
7 58 40
7 59 32
7 60 48
7 61 65
7 62 70
7 63 33
7 64 68
7 65 60
7 66 29
7 67 20
7 68 16
7 69 10
7 70 57
7 71 32
7 72 20
7 73 53
7 74 65
7 75 66
7 76 41
7 77 56
7 78 41
7 79 50
7 80 9
7 81 27
7 82 17
7 83 84
7 84 30
7 85 37
7 86 51
7 87 70
7 88 30
7 89 60
7 90 33
7 91 57
7 92 49
7 93 29
7 94 60
7 95 21
7 96 79
7 97 32
7 98 34
7 99 34
8 9 63
8 10 16
8 11 30
8 12 16
8 13 52
8 14 58
8 15 26
8 16 52
8 17 72
8 18 22
8 19 59
8 20 69
8 21 12
8 22 22
8 23 81
8 24 31
8 25 70
8 26 5
8 27 44
8 28 48
8 29 23
8 30 62
8 31 35
8 32 76
8 33 83
8 34 65
8 35 56
8 36 78
8 37 70
8 38 19
8 39 30
8 40 28
8 41 47
8 42 49
8 43 34
8 44 73
8 45 52
8 46 99
8 47 51
8 48 12
8 49 44
8 50 30
8 51 80
8 52 90
8 53 42
8 54 79
8 55 103
8 56 52
8 57 32
8 58 58
8 59 45
8 60 72
8 61 85
8 62 31
8 63 48
8 64 9
8 65 80
8 66 45
8 67 49
8 68 84
8 69 69
8 70 66
8 71 56
8 72 55
8 73 31
8 74 15
8 75 36
8 76 38
8 77 35
8 78 85
8 79 38
8 80 63
8 81 93
8 82 84
8 83 25
8 84 63
8 85 39
8 86 30
8 87 18
8 88 79
8 89 65
8 90 101
8 91 42
8 92 50
8 93 93
8 94 9
8 95 53
8 96 12
8 97 38
8 98 60
8 99 57
9 10 80
9 11 34
9 12 71
9 13 60
9 14 21
9 15 41
9 16 21
9 17 19
9 18 41
9 19 26
9 20 34
9 21 58
9 22 61
9 23 20
9 24 46
9 25 52
9 26 64
9 27 35
9 28 26
9 29 53
9 30 63
9 31 52
9 32 22
9 33 21
9 34 30
9 35 25
9 36 22
9 37 22
9 38 51
9 39 36
9 40 36
9 41 54
9 42 47
9 43 52
9 44 23
9 45 60
9 46 36
9 47 39
9 48 60
9 49 43
9 50 34
9 51 50
9 52 31
9 53 46
9 54 41
9 55 41
9 56 17
9 57 32
9 58 32
9 59 24
9 60 53
9 61 71
9 62 62
9 63 25
9 64 63
9 65 66
9 66 22
9 67 15
9 68 22
9 69 17
9 70 49
9 71 36
9 72 12
9 73 52
9 74 59
9 75 59
9 76 34
9 77 56
9 78 36
9 79 50
9 80 14
9 81 30
9 82 24
9 83 81
9 84 35
9 85 37
9 86 44
9 87 64
9 88 38
9 89 52
9 90 38
9 91 58
9 92 40
9 93 30
9 94 56
9 95 23
9 96 74
9 97 26
9 98 26
9 99 38
10 11 46
10 12 18
10 13 61
10 14 73
10 15 41
10 16 68
10 17 89
10 18 39
10 19 74
10 20 84
10 21 25
10 22 31
10 23 98
10 24 44
10 25 82
10 26 16
10 27 58
10 28 63
10 29 35
10 30 71
10 31 46
10 32 92
10 33 100
10 34 80
10 35 72
10 36 94
10 37 86
10 38 33
10 39 46
10 40 44
10 41 58
10 42 61
10 43 45
10 44 89
10 45 61
10 46 115
10 47 64
10 48 24
10 49 57
10 50 47
10 51 93
10 52 107
10 53 54
10 54 93
10 55 119
10 56 68
10 57 48
10 58 73
10 59 61
10 60 84
10 61 96
10 62 40
10 63 64
10 64 20
10 65 90
10 66 61
10 67 65
10 68 100
10 69 85
10 70 79
10 71 70
10 72 71
10 73 43
10 74 26
10 75 45
10 76 53
10 77 45
10 78 100
10 79 50
10 80 79
10 81 109
10 82 101
10 83 19
10 84 78
10 85 53
10 86 44
10 87 25
10 88 94
10 89 77
10 90 117
10 91 52
10 92 64
10 93 109
10 94 25
10 95 69
10 96 9
10 97 54
10 98 76
10 99 71
11 12 37
11 13 42
11 14 29
11 15 8
11 16 28
11 17 46
11 18 9
11 19 37
11 20 44
11 21 27
11 22 29
11 23 53
11 24 19
11 25 50
11 26 31
11 27 21
11 28 25
11 29 27
11 30 50
11 31 27
11 32 50
11 33 55
11 34 43
11 35 34
11 36 51
11 37 45
11 38 22
11 39 5
11 40 7
11 41 36
11 42 33
11 43 26
11 44 45
11 45 42
11 46 70
11 47 30
11 48 29
11 49 26
11 50 1
11 51 57
11 52 63
11 53 27
11 54 58
11 55 75
11 56 23
11 57 5
11 58 38
11 59 21
11 60 52
11 61 69
11 62 39
11 63 26
11 64 31
11 65 63
11 66 20
11 67 19
11 68 54
11 69 40
11 70 53
11 71 33
11 72 27
11 73 25
11 74 29
11 75 39
11 76 21
11 77 31
11 78 61
11 79 28
11 80 33
11 81 64
11 82 55
11 83 48
11 84 39
11 85 18
11 86 23
11 87 35
11 88 53
11 89 54
11 90 71
11 91 36
11 92 37
11 93 64
11 94 21
11 95 25
11 96 41
11 97 12
11 98 38
11 99 35
12 13 44
12 14 61
12 15 30
12 16 64
12 17 83
12 18 32
12 19 71
12 20 69
12 21 27
12 22 14
12 23 90
12 24 29
12 25 65
12 26 20
12 27 44
12 28 60
12 29 38
12 30 54
12 31 30
12 32 86
12 33 92
12 34 77
12 35 69
12 36 88
12 37 81
12 38 34
12 39 35
12 40 38
12 41 41
12 42 45
12 43 29
12 44 76
12 45 44
12 46 107
12 47 49
12 48 28
12 49 41
12 50 37
12 51 77
12 52 100
12 53 38
12 54 92
12 55 112
12 56 57
12 57 41
12 58 71
12 59 56
12 60 67
12 61 78
12 62 47
12 63 60
12 64 24
12 65 73
12 66 56
12 67 56
12 68 90
12 69 73
12 70 81
12 71 55
12 72 64
12 73 26
12 74 30
12 75 52
12 76 51
12 77 28
12 78 97
12 79 33
12 80 67
12 81 100
12 82 89
12 83 11
12 84 63
12 85 39
12 86 44
12 87 33
12 88 79
12 89 80
12 90 107
12 91 34
12 92 65
12 93 101
12 94 17
12 95 56
12 96 21
12 97 48
12 98 73
12 99 56
13 14 40
13 15 36
13 16 66
13 17 78
13 18 47
13 19 76
13 20 37
13 21 58
13 22 31
13 23 79
13 24 25
13 25 24
13 26 56
13 27 26
13 28 66
13 29 65
13 30 10
13 31 18
13 32 81
13 33 79
13 34 82
13 35 73
13 36 82
13 37 79
13 38 59
13 39 37
13 40 49
13 41 6
13 42 13
13 43 19
13 44 50
13 45 0
13 46 91
13 47 21
13 48 61
13 49 18
13 50 41
13 51 38
13 52 90
13 53 16
13 54 96
13 55 98
13 56 43
13 57 47
13 58 79
13 59 61
13 60 26
13 61 35
13 62 78
13 63 66
13 64 59
13 65 29
13 66 59
13 67 49
13 68 69
13 69 51
13 70 95
13 71 26
13 72 61
13 73 21
13 74 62
13 75 79
13 76 63
13 77 17
13 78 95
13 79 15
13 80 48
13 81 83
13 82 67
13 83 49
13 84 31
13 85 26
13 86 64
13 87 67
13 88 46
13 89 96
13 90 85
13 91 10
13 92 79
13 93 86
13 94 44
13 95 37
13 96 63
13 97 52
13 98 76
13 99 25
14 15 32
14 16 35
14 17 40
14 18 38
14 19 43
14 20 17
14 21 56
14 22 48
14 23 39
14 24 32
14 25 32
14 26 60
14 27 18
14 28 37
14 29 55
14 30 43
14 31 36
14 32 43
14 33 38
14 34 48
14 35 41
14 36 43
14 37 42
14 38 51
14 39 28
14 40 35
14 41 35
14 42 27
14 43 36
14 44 16
14 45 40
14 46 51
14 47 19
14 48 59
14 49 25
14 50 28
14 51 32
14 52 50
14 53 28
14 54 61
14 55 58
14 56 8
14 57 30
14 58 48
14 59 34
14 60 33
14 61 51
14 62 67
14 63 37
14 64 60
14 65 46
14 66 31
14 67 17
14 68 30
14 69 12
14 70 65
14 71 15
14 72 26
14 73 37
14 74 58
14 75 65
14 76 41
14 77 40
14 78 57
14 79 33
14 80 8
14 81 44
14 82 29
14 83 70
14 84 15
14 85 22
14 86 49
14 87 64
14 88 24
14 89 68
14 90 48
14 91 40
14 92 53
14 93 47
14 94 49
14 95 5
14 96 70
14 97 29
14 98 43
14 99 17
15 16 37
15 17 54
15 18 12
15 19 45
15 20 44
15 21 26
15 22 21
15 23 60
15 24 11
15 25 47
15 26 28
15 27 19
15 28 34
15 29 30
15 30 45
15 31 19
15 32 58
15 33 62
15 34 52
15 35 43
15 36 59
15 37 53
15 38 24
15 39 5
15 40 14
15 41 30
15 42 28
15 43 18
15 44 48
15 45 36
15 46 77
15 47 27
15 48 29
15 49 22
15 50 8
15 51 56
15 52 71
15 53 21
15 54 67
15 55 82
15 56 27
15 57 14
15 58 47
15 59 30
15 60 49
15 61 65
15 62 43
15 63 34
15 64 29
15 65 59
15 66 28
15 67 26
15 68 60
15 69 44
15 70 61
15 71 31
15 72 35
15 73 17
15 74 29
15 75 43
15 76 28
15 77 23
15 78 69
15 79 21
15 80 38
15 81 70
15 82 59
15 83 41
15 84 38
15 85 14
15 86 28
15 87 35
15 88 53
15 89 61
15 90 77
15 91 28
15 92 45
15 93 71
15 94 17
15 95 27
15 96 38
15 97 20
15 98 46
15 99 33
16 17 20
16 18 31
16 19 9
16 20 51
16 21 44
16 22 57
16 23 31
16 24 46
16 25 66
16 26 52
16 27 41
16 28 6
16 29 36
16 30 72
16 31 54
16 32 24
16 33 34
16 34 15
16 35 6
16 36 26
16 37 18
16 38 36
16 39 33
16 40 25
16 41 60
16 42 55
16 43 53
16 44 43
16 45 67
16 46 49
16 47 49
16 48 46
16 49 49
16 50 29
16 51 67
16 52 39
16 53 51
16 54 31
16 55 52
16 56 27
16 57 23
16 58 13
16 59 8
16 60 67
16 61 85
16 62 44
16 63 5
16 64 50
16 65 80
16 66 9
16 67 19
16 68 42
16 69 37
16 70 30
16 71 47
16 72 9
16 73 53
16 74 44
16 75 39
16 76 16
16 77 58
16 78 33
16 79 53
16 80 31
16 81 45
16 82 44
16 83 74
16 84 50
16 85 41
16 86 27
16 87 48
16 88 56
16 89 33
16 90 55
16 91 62
16 92 20
16 93 43
16 94 47
16 95 34
16 96 61
16 97 17
16 98 10
16 99 49
17 18 51
17 19 18
17 20 53
17 21 64
17 22 75
17 23 13
17 24 62
17 25 71
17 26 72
17 27 53
17 28 26
17 29 56
17 30 82
17 31 68
17 32 4
17 33 17
17 34 16
17 35 19
17 36 6
17 37 5
17 38 57
17 39 49
17 40 45
17 41 73
17 42 65
17 43 68
17 44 40
17 45 78
17 46 30
17 47 58
17 48 66
17 49 61
17 50 46
17 51 68
17 52 19
17 53 64
17 54 23
17 55 32
17 56 35
17 57 42
17 58 23
17 59 28
17 60 72
17 61 90
17 62 62
17 63 25
17 64 70
17 65 85
17 66 27
17 67 30
17 68 31
17 69 35
17 70 36
17 71 55
17 72 19
17 73 68
17 74 64
17 75 57
17 76 36
17 77 73
17 78 17
17 79 67
17 80 33
17 81 27
17 82 34
17 83 94
17 84 55
17 85 54
17 86 47
17 87 69
17 88 55
17 89 40
17 90 39
17 91 76
17 92 34
17 93 24
17 94 66
17 95 41
17 96 81
17 97 35
17 98 16
17 99 57
18 19 39
18 20 52
18 21 18
18 22 27
18 23 59
18 24 23
18 25 58
18 26 23
18 27 29
18 28 27
18 29 18
18 30 56
18 31 30
18 32 54
18 33 61
18 34 45
18 35 36
18 36 56
18 37 49
18 38 14
18 39 12
18 40 6
18 41 41
18 42 39
18 43 30
18 44 53
18 45 47
18 46 77
18 47 38
18 48 21
18 49 33
18 50 10
18 51 66
18 52 69
18 53 33
18 54 60
18 55 81
18 56 31
18 57 10
18 58 39
18 59 24
18 60 60
18 61 76
18 62 31
18 63 27
18 64 22
18 65 71
18 66 23
18 67 27
18 68 62
18 69 48
18 70 51
18 71 41
18 72 33
18 73 28
18 74 20
18 75 32
18 76 19
18 77 33
18 78 64
18 79 32
18 80 42
18 81 71
18 82 63
18 83 43
18 84 47
18 85 25
18 86 17
18 87 26
18 88 61
18 89 51
18 90 79
18 91 40
18 92 35
18 93 71
18 94 15
18 95 34
18 96 33
18 97 16
18 98 40
18 99 43
19 20 59
19 21 49
19 22 65
19 23 31
19 24 55
19 25 75
19 26 58
19 27 50
19 28 12
19 29 40
19 30 82
19 31 63
19 32 21
19 33 34
19 34 7
19 35 3
19 36 23
19 37 14
19 38 41
19 39 41
19 40 33
19 41 70
19 42 64
19 43 62
19 44 50
19 45 76
19 46 48
19 47 58
19 48 51
19 49 58
19 50 37
19 51 75
19 52 36
19 53 60
19 54 22
19 55 49
19 56 36
19 57 32
19 58 6
19 59 16
19 60 76
19 61 94
19 62 45
19 63 11
19 64 55
19 65 89
19 66 17
19 67 28
19 68 46
19 69 44
19 70 22
19 71 56
19 72 17
19 73 62
19 74 49
19 75 40
19 76 21
19 77 67
19 78 26
19 79 63
19 80 39
19 81 45
19 82 48
19 83 82
19 84 59
19 85 50
19 86 31
19 87 52
19 88 64
19 89 26
19 90 56
19 91 71
19 92 16
19 93 42
19 94 54
19 95 43
19 96 66
19 97 25
19 98 2
19 99 58
20 21 70
20 22 55
20 23 50
20 24 40
20 25 19
20 26 72
20 27 25
20 28 54
20 29 70
20 30 36
20 31 40
20 32 55
20 33 47
20 34 63
20 35 57
20 36 55
20 37 56
20 38 66
20 39 40
20 40 49
20 41 35
20 42 27
20 43 41
20 44 15
20 45 37
20 46 57
20 47 20
20 48 72
20 49 28
20 50 42
20 51 16
20 52 59
20 53 31
20 54 76
20 55 65
20 56 25
20 57 45
20 58 64
20 59 50
20 60 20
20 61 36
20 62 82
20 63 53
20 64 73
20 65 32
20 66 47
20 67 34
20 68 34
20 69 18
20 70 81
20 71 14
20 72 42
20 73 43
20 74 72
20 75 81
20 76 57
20 77 44
20 78 69
20 79 37
20 80 21
20 81 50
20 82 31
20 83 77
20 84 7
20 85 31
20 86 65
20 87 78
20 88 10
20 89 84
20 90 49
20 91 41
20 92 70
20 93 54
20 94 60
20 95 19
20 96 81
20 97 45
20 98 59
20 99 14
21 22 31
21 23 74
21 24 35
21 25 73
21 26 9
21 27 45
21 28 39
21 29 11
21 30 68
21 31 41
21 32 68
21 33 77
21 34 55
21 35 47
21 36 70
21 37 62
21 38 8
21 39 29
21 40 23
21 41 53
21 42 53
21 43 40
21 44 71
21 45 58
21 46 92
21 47 53
21 48 3
21 49 47
21 50 28
21 51 82
21 52 83
21 53 46
21 54 69
21 55 96
21 56 49
21 57 27
21 58 48
21 59 37
21 60 75
21 61 90
21 62 21
21 63 39
21 64 5
21 65 85
21 66 38
21 67 44
21 68 80
21 69 66
21 70 55
21 71 58
21 72 48
21 73 37
21 74 4
21 75 24
21 76 28
21 77 42
21 78 76
21 79 44
21 80 60
21 81 87
21 82 80
21 83 36
21 84 64
21 85 40
21 86 19
21 87 9
21 88 79
21 89 54
21 90 96
21 91 49
21 92 40
21 93 86
21 94 15
21 95 52
21 96 17
21 97 31
21 98 51
21 99 59
22 23 81
22 24 16
22 25 51
22 26 26
22 27 31
22 28 54
22 29 40
22 30 41
22 31 16
22 32 78
22 33 81
22 34 72
22 35 63
22 36 80
22 37 74
22 38 34
22 39 25
22 40 32
22 41 27
22 42 31
22 43 14
22 44 63
22 45 31
22 46 96
22 47 35
22 48 33
22 49 27
22 50 29
22 51 63
22 52 91
22 53 24
22 54 87
22 55 102
22 56 45
22 57 34
22 58 66
22 59 50
22 60 53
22 61 65
22 62 51
22 63 54
22 64 30
22 65 60
22 66 48
22 67 46
22 68 78
22 69 60
22 70 79
22 71 42
22 72 55
22 73 12
22 74 34
22 75 54
22 76 47
22 77 14
22 78 90
22 79 19
22 80 55
22 81 90
22 82 77
22 83 22
22 84 49
22 85 26
22 86 43
22 87 39
22 88 65
22 89 79
22 90 95
22 91 21
22 92 62
22 93 91
22 94 16
22 95 43
22 96 32
22 97 40
22 98 66
22 99 42
23 24 67
23 25 69
23 26 82
23 27 55
23 28 37
23 29 67
23 30 82
23 31 72
23 32 11
23 33 4
23 34 29
23 35 31
23 36 9
23 37 18
23 38 67
23 39 55
23 40 53
23 41 74
23 42 67
23 43 72
23 44 35
23 45 80
23 46 18
23 47 59
23 48 77
23 49 63
23 50 53
23 51 63
23 52 11
23 53 66
23 54 33
23 55 22
23 56 37
23 57 50
23 58 36
23 59 38
23 60 69
23 61 86
23 62 74
23 63 36
23 64 80
23 65 82
23 66 37
23 67 35
23 68 21
23 69 31
23 70 48
23 71 54
23 72 27
23 73 73
23 74 75
23 75 69
23 76 47
23 77 77
23 78 22
23 79 71
23 80 31
23 81 15
23 82 24
23 83 101
23 84 52
23 85 57
23 86 58
23 87 79
23 88 49
23 89 53
23 90 26
23 91 78
23 92 47
23 93 12
23 94 74
23 95 42
23 96 91
23 97 44
23 98 29
23 99 56
24 25 39
24 26 34
24 27 15
24 28 44
24 29 40
24 30 34
24 31 8
24 32 65
24 33 67
24 34 62
24 35 52
24 36 66
24 37 62
24 38 35
24 39 14
24 40 25
24 41 19
24 42 19
24 43 7
24 44 47
24 45 25
24 46 81
24 47 20
24 48 37
24 49 13
24 50 18
24 51 50
24 52 77
24 53 12
24 54 77
24 55 87
24 56 30
24 57 24
24 58 57
24 59 40
24 60 41
24 61 56
24 62 53
24 63 44
24 64 37
24 65 50
24 66 38
24 67 32
24 68 62
24 69 45
24 70 72
24 71 27
24 72 43
24 73 6
24 74 38
24 75 54
24 76 40
24 77 12
24 78 78
24 79 9
24 80 40
24 81 75
24 82 61
24 83 38
24 84 34
24 85 10
24 86 40
24 87 44
24 88 50
24 89 73
24 90 80
24 91 17
24 92 56
24 93 76
24 94 22
24 95 28
24 96 43
24 97 30
24 98 56
24 99 27
25 26 73
25 27 29
25 28 67
25 29 76
25 30 19
25 31 36
25 32 74
25 33 67
25 34 80
25 35 72
25 36 73
25 37 74
25 38 71
25 39 46
25 40 57
25 41 25
25 42 21
25 43 37
25 44 35
25 45 25
25 46 76
25 47 20
25 48 76
25 49 26
25 50 49
25 51 14
25 52 79
25 53 28
25 54 93
25 55 84
25 56 39
25 57 54
25 58 79
25 59 63
25 60 2
25 61 19
25 62 89
25 63 67
25 64 75
25 65 14
25 66 60
25 67 47
25 68 53
25 69 38
25 70 96
25 71 19
25 72 58
25 73 39
25 74 76
25 75 89
25 76 68
25 77 37
25 78 88
25 79 32
25 80 39
25 81 69
25 82 50
25 83 71
25 84 17
25 85 33
25 86 73
25 87 82
25 88 25
25 89 98
25 90 68
25 91 32
25 92 83
25 93 73
25 94 61
25 95 32
25 96 82
25 97 56
25 98 75
25 99 17
26 27 47
26 28 47
26 29 20
26 30 66
26 31 39
26 32 76
26 33 84
26 34 64
26 35 56
26 36 78
26 37 70
26 38 17
26 39 32
26 40 29
26 41 51
26 42 53
26 43 38
26 44 75
26 45 56
26 46 99
26 47 54
26 48 9
26 49 48
26 50 32
26 51 83
26 52 90
26 53 46
26 54 77
26 55 103
26 56 54
26 57 33
26 58 56
26 59 44
26 60 76
26 61 90
26 62 27
26 63 47
26 64 5
26 65 84
26 66 45
26 67 50
26 68 85
26 69 71
26 70 64
26 71 59
26 72 55
26 73 35
26 74 11
26 75 32
26 76 37
26 77 40
26 78 84
26 79 42
26 80 64
26 81 94
26 82 86
26 83 28
26 84 66
26 85 42
26 86 28
26 87 13
26 88 82
26 89 62
26 90 102
26 91 47
26 92 48
26 93 93
26 94 13
26 95 55
26 96 10
26 97 38
26 98 59
26 99 61
27 28 41
27 29 47
27 30 32
27 31 18
27 32 56
27 33 55
27 34 56
27 35 47
27 36 56
27 37 54
27 38 43
27 39 17
27 40 28
27 41 20
27 42 14
27 43 19
27 44 32
27 45 26
27 46 68
27 47 9
27 48 48
27 49 8
27 50 20
27 51 37
27 52 66
27 53 11
27 54 71
27 55 75
27 56 18
27 57 25
27 58 54
27 59 36
27 60 31
27 61 48
27 62 60
27 63 41
27 64 48
27 65 42
27 66 34
27 67 23
27 68 48
27 69 30
27 70 70
27 71 13
27 72 35
27 73 20
27 74 48
27 75 60
27 76 40
27 77 22
27 78 69
27 79 16
27 80 26
27 81 61
27 82 47
27 83 53
27 84 19
27 85 5
27 86 44
27 87 54
27 88 35
27 89 72
27 90 65
27 91 23
27 92 55
27 93 63
27 94 35
27 95 14
27 96 56
27 97 28
27 98 51
27 99 14
28 29 31
28 30 72
28 31 52
28 32 29
28 33 40
28 34 18
28 35 9
28 36 31
28 37 23
28 38 31
28 39 30
28 40 22
28 41 60
28 42 54
28 43 51
28 44 47
28 45 66
28 46 55
28 47 49
28 48 41
28 49 48
28 50 26
28 51 69
28 52 44
28 53 50
28 54 33
28 55 57
28 56 29
28 57 20
28 58 13
28 59 4
28 60 69
28 61 87
28 62 38
28 63 0
28 64 44
28 65 81
28 66 7
28 67 20
28 68 48
28 69 41
28 70 29
28 71 49
28 72 14
28 73 50
28 74 38
28 75 33
28 76 10
28 77 56
28 78 37
28 79 52
28 80 35
28 81 51
28 82 49
28 83 70
28 84 52
28 85 40
28 86 21
28 87 43
28 88 60
28 89 31
28 90 61
28 91 60
28 92 16
28 93 49
28 94 42
28 95 36
28 96 56
28 97 14
28 98 13
28 99 51
29 30 74
29 31 47
29 32 60
29 33 70
29 34 46
29 35 38
29 36 62
29 37 53
29 38 6
29 39 31
29 40 21
29 41 59
29 42 58
29 43 46
29 44 69
29 45 65
29 46 86
29 47 56
29 48 12
29 49 51
29 50 28
29 51 84
29 52 75
29 53 51
29 54 58
29 55 88
29 56 47
29 57 25
29 58 38
29 59 30
29 60 79
29 61 95
29 62 13
29 63 31
29 64 16
29 65 89
29 66 31
29 67 41
29 68 75
29 69 64
29 70 44
29 71 60
29 72 42
29 73 44
29 74 9
29 75 15
29 76 20
29 77 49
29 78 66
29 79 49
29 80 57
29 81 81
29 82 76
29 83 47
29 84 65
29 85 43
29 86 9
29 87 12
29 88 79
29 89 43
29 90 90
29 91 56
29 92 29
29 93 79
29 94 24
29 95 51
29 96 27
29 97 27
29 98 42
29 99 61
30 31 27
30 32 85
30 33 81
30 34 87
30 35 79
30 36 85
30 37 84
30 38 68
30 39 45
30 40 57
30 41 15
30 42 18
30 43 28
30 44 50
30 45 10
30 46 92
30 47 24
30 48 70
30 49 24
30 50 49
30 51 33
30 52 92
30 53 23
30 54 102
30 55 99
30 56 47
30 57 55
30 58 85
30 59 68
30 60 20
30 61 25
30 62 87
30 63 72
30 64 69
30 65 20
30 66 65
30 67 54
30 68 69
30 69 52
30 70 102
30 71 28
30 72 66
30 73 31
30 74 71
30 75 88
30 76 71
30 77 27
30 78 99
30 79 25
30 80 51
30 81 84
30 82 67
30 83 58
30 84 30
30 85 33
30 86 73
30 87 77
30 88 43
30 89 103
30 90 85
30 91 19
30 92 86
30 93 88
30 94 54
30 95 41
30 96 73
30 97 59
30 98 82
30 99 26
31 32 72
31 33 72
31 34 69
31 35 60
31 36 73
31 37 69
31 38 42
31 39 22
31 40 33
31 41 12
31 42 15
31 43 1
31 44 50
31 45 18
31 46 86
31 47 20
31 48 43
31 49 12
31 50 26
31 51 48
31 52 83
31 53 9
31 54 84
31 55 92
31 56 35
31 57 32
31 58 65
31 59 47
31 60 38
31 61 50
31 62 60
31 63 52
31 64 42
31 65 45
31 66 45
31 67 38
31 68 66
31 69 48
31 70 80
31 71 27
31 72 50
31 73 4
31 74 44
31 75 61
31 76 47
31 77 4
31 78 84
31 79 4
31 80 44
31 81 79
31 82 65
31 83 37
31 84 34
31 85 15
31 86 47
31 87 50
31 88 50
31 89 80
31 90 83
31 91 9
31 92 64
31 93 81
31 94 27
31 95 31
31 96 46
31 97 38
31 98 63
31 99 27
32 33 15
32 34 18
32 35 22
32 36 3
32 37 7
32 38 60
32 39 53
32 40 48
32 41 76
32 42 68
32 43 72
32 44 42
32 45 81
32 46 28
32 47 61
32 48 70
32 49 64
32 50 50
32 51 70
32 52 15
32 53 67
32 54 23
32 55 29
32 56 38
32 57 46
32 58 25
32 59 31
32 60 75
32 61 92
32 62 65
32 63 29
32 64 73
32 65 87
32 66 31
32 67 33
32 68 31
32 69 37
32 70 37
32 71 57
32 72 23
32 73 72
32 74 68
32 75 60
32 76 40
32 77 76
32 78 14
32 79 71
32 80 35
32 81 26
32 82 34
32 83 97
32 84 57
32 85 57
32 86 50
32 87 72
32 88 57
32 89 41
32 90 37
32 91 79
32 92 37
32 93 22
32 94 70
32 95 44
32 96 85
32 97 39
32 98 19
32 99 59
33 34 33
33 35 34
33 36 13
33 37 22
33 38 69
33 39 56
33 40 55
33 41 74
33 42 66
33 43 73
33 44 33
33 45 79
33 46 16
33 47 58
33 48 79
33 49 63
33 50 54
33 51 60
33 52 12
33 53 66
33 54 37
33 55 20
33 56 37
33 57 52
33 58 39
33 59 40
33 60 67
33 61 83
33 62 77
33 63 39
33 64 82
33 65 80
33 66 39
33 67 36
33 68 17
33 69 29
33 70 52
33 71 53
33 72 29
33 73 73
33 74 77
33 75 73
33 76 50
33 77 77
33 78 26
33 79 71
33 80 30
33 81 11
33 82 21
33 83 102
33 84 51
33 85 58
33 86 61
33 87 82
33 88 46
33 89 57
33 90 22
33 91 78
33 92 50
33 93 10
33 94 76
33 95 42
33 96 93
33 97 46
33 98 32
33 99 55
34 35 9
34 36 21
34 37 12
34 38 47
34 39 48
34 40 40
34 41 76
34 42 70
34 43 69
34 44 53
34 45 82
34 46 46
34 47 63
34 48 57
34 49 64
34 50 44
34 51 79
34 52 33
34 53 66
34 54 15
34 55 46
34 56 41
34 57 38
34 58 8
34 59 22
34 60 81
34 61 99
34 62 49
34 63 18
34 64 61
34 65 94
34 66 24
34 67 33
34 68 47
34 69 47
34 70 20
34 71 62
34 72 22
34 73 68
34 74 54
34 75 44
34 76 27
34 77 73
34 78 21
34 79 69
34 80 43
34 81 44
34 82 49
34 83 88
34 84 63
34 85 56
34 86 37
34 87 58
34 88 67
34 89 24
34 90 55
34 91 77
34 92 19
34 93 40
34 94 60
34 95 48
34 96 72
34 97 32
34 98 6
34 99 64
35 36 24
35 37 15
35 38 39
35 39 39
35 40 31
35 41 67
35 42 61
35 43 60
35 44 48
35 45 73
35 46 49
35 47 55
35 48 49
35 49 55
35 50 35
35 51 73
35 52 37
35 53 57
35 54 24
35 55 50
35 56 34
35 57 29
35 58 7
35 59 13
35 60 74
35 61 91
35 62 44
35 63 9
35 64 53
35 65 86
35 66 15
35 67 25
35 68 45
35 69 42
35 70 25
35 71 54
35 72 15
35 73 59
35 74 47
35 75 39
35 76 19
35 77 64
35 78 28
35 79 60
35 80 37
35 81 45
35 82 47
35 83 79
35 84 56
35 85 47
35 86 29
35 87 51
35 88 62
35 89 28
35 90 56
35 91 68
35 92 17
35 93 43
35 94 51
35 95 40
35 96 64
35 97 22
35 98 4
35 99 56
36 37 10
36 38 62
36 39 54
36 40 50
36 41 76
36 42 69
36 43 73
36 44 41
36 45 82
36 46 25
36 47 61
36 48 72
36 49 65
36 50 51
36 51 69
36 52 13
36 53 68
36 54 24
36 55 26
36 56 39
36 57 47
36 58 28
36 59 33
36 60 74
36 61 91
36 62 68
36 63 31
36 64 75
36 65 87
36 66 33
36 67 34
36 68 29
36 69 36
36 70 40
36 71 58
36 72 24
36 73 73
36 74 70
36 75 63
36 76 42
36 77 77
36 78 15
36 79 72
36 80 35
36 81 23
36 82 33
36 83 99
36 84 57
36 85 58
36 86 53
36 87 74
36 88 56
36 89 44
36 90 35
36 91 80
36 92 39
36 93 19
36 94 72
36 95 45
36 96 87
36 97 41
36 98 21
36 99 59
37 38 54
37 39 49
37 40 43
37 41 74
37 42 67
37 43 68
37 44 44
37 45 79
37 46 35
37 47 60
37 48 64
37 49 62
37 50 45
37 51 71
37 52 22
37 53 64
37 54 19
37 55 35
37 56 37
37 57 41
37 58 18
37 59 26
37 60 75
37 61 93
37 62 59
37 63 23
37 64 67
37 65 88
37 66 26
37 67 30
37 68 36
37 69 39
37 70 31
37 71 57
37 72 19
37 73 68
37 74 61
37 75 53
37 76 33
37 77 73
37 78 16
37 79 68
37 80 36
37 81 32
37 82 39
37 83 92
37 84 57
37 85 54
37 86 44
37 87 65
37 88 59
37 89 35
37 90 44
37 91 76
37 92 30
37 93 29
37 94 64
37 95 43
37 96 79
37 97 34
37 98 12
37 99 59
38 39 26
38 40 17
38 41 53
38 42 52
38 43 40
38 44 66
38 45 59
38 46 85
38 47 51
38 48 10
38 49 46
38 50 23
38 51 79
38 52 75
38 53 46
38 54 61
38 55 88
38 56 44
38 57 21
38 58 40
38 59 29
38 60 73
38 61 89
38 62 18
38 63 31
38 64 13
38 65 84
38 66 30
38 67 38
38 68 73
38 69 61
38 70 48
38 71 55
38 72 41
38 73 38
38 74 8
38 75 20
38 76 20
38 77 44
38 78 67
38 79 44
38 80 54
38 81 80
38 82 74
38 83 43
38 84 61
38 85 38
38 86 11
38 87 13
38 88 75
38 89 47
38 90 89
38 91 51
38 92 32
38 93 79
38 94 18
38 95 47
38 96 25
38 97 25
38 98 43
38 99 56
39 40 12
39 41 31
39 42 28
39 43 21
39 44 43
39 45 37
39 46 72
39 47 25
39 48 32
39 49 21
39 50 4
39 51 53
39 52 66
39 53 22
39 54 63
39 55 77
39 56 22
39 57 10
39 58 43
39 59 26
39 60 48
39 61 64
39 62 44
39 63 30
39 64 33
39 65 59
39 66 24
39 67 21
39 68 55
39 69 39
39 70 58
39 71 29
39 72 30
39 73 20
39 74 32
39 75 44
39 76 26
39 77 26
39 78 65
39 79 22
39 80 33
39 81 65
39 82 55
39 83 46
39 84 35
39 85 13
39 86 28
39 87 38
39 88 50
39 89 59
39 90 72
39 91 31
39 92 42
39 93 66
39 94 21
39 95 23
39 96 42
39 97 16
39 98 42
39 99 30
40 41 43
40 42 40
40 43 32
40 44 49
40 45 49
40 46 71
40 47 37
40 48 25
40 49 33
40 50 8
40 51 63
40 52 63
40 53 34
40 54 55
40 55 75
40 56 27
40 57 4
40 58 34
40 59 18
40 60 59
40 61 76
40 62 33
40 63 22
40 64 27
40 65 70
40 66 17
40 67 21
40 68 57
40 69 44
40 70 47
40 71 39
40 72 27
40 73 31
40 74 24
40 75 32
40 76 15
40 77 36
40 78 58
40 79 34
40 80 37
40 81 65
40 82 58
40 83 49
40 84 45
40 85 25
40 86 16
40 87 30
40 88 58
40 89 48
40 90 73
40 91 42
40 92 31
40 93 65
40 94 21
40 95 31
40 96 38
40 97 10
40 98 35
40 99 41
41 42 8
41 43 14
41 44 47
41 45 6
41 46 86
41 47 16
41 48 56
41 49 12
41 50 35
41 51 38
41 52 85
41 53 9
41 54 91
41 55 93
41 56 37
41 57 41
41 58 72
41 59 55
41 60 27
41 61 38
41 62 72
41 63 59
41 64 54
41 65 33
41 66 53
41 67 43
41 68 65
41 69 47
41 70 88
41 71 22
41 72 55
41 73 16
41 74 56
41 75 73
41 76 57
41 77 13
41 78 89
41 79 10
41 80 44
41 81 79
41 82 63
41 83 47
41 84 28
41 85 20
41 86 58
41 87 62
41 88 44
41 89 90
41 90 82
41 91 7
41 92 73
41 93 82
41 94 39
41 95 32
41 96 59
41 97 46
41 98 70
41 99 21
42 43 16
42 44 39
42 45 13
42 46 78
42 47 8
42 48 56
42 49 6
42 50 32
42 51 32
42 52 77
42 53 7
42 54 84
42 55 85
42 56 30
42 57 37
42 58 67
42 59 50
42 60 23
42 61 37
42 62 71
42 63 54
42 64 55
42 65 31
42 66 47
42 67 37
42 68 56
42 69 38
42 70 84
42 71 14
42 72 48
42 73 19
42 74 57
42 75 71
42 76 53
42 77 18
42 78 82
42 79 12
42 80 36
42 81 71
42 82 55
42 83 52
42 84 20
42 85 15
42 86 56
42 87 62
42 88 36
42 89 85
42 90 73
42 91 14
42 92 68
42 93 74
42 94 40
42 95 24
42 96 61
42 97 41
42 98 64
42 99 13
43 44 51
43 45 19
43 46 87
43 47 21
43 48 42
43 49 13
43 50 25
43 51 49
43 52 83
43 53 10
43 54 84
43 55 93
43 56 35
43 57 31
43 58 64
43 59 47
43 60 39
43 61 52
43 62 59
43 63 51
43 64 41
43 65 46
43 66 45
43 67 38
43 68 67
43 69 49
43 70 79
43 71 28
43 72 50
43 73 3
43 74 43
43 75 61
43 76 47
43 77 4
43 78 84
43 79 5
43 80 44
43 81 80
43 82 65
43 83 36
43 84 35
43 85 15
43 86 46
43 87 49
43 88 51
43 89 80
43 90 84
43 91 10
43 92 63
43 93 82
43 94 26
43 95 32
43 96 45
43 97 37
43 98 63
43 99 28
44 45 51
44 46 41
44 47 31
44 48 74
44 49 38
44 50 44
44 51 28
44 52 44
44 53 42
44 54 64
44 55 49
44 56 22
44 57 45
44 58 55
44 59 44
44 60 35
44 61 51
44 62 80
44 63 47
44 64 75
44 65 47
44 66 41
44 67 29
44 68 19
44 69 6
44 70 72
44 71 25
44 72 34
44 73 52
44 74 73
44 75 78
44 76 53
44 77 54
44 78 56
44 79 47
44 80 12
44 81 34
44 82 16
44 83 86
44 84 20
44 85 37
44 86 62
44 87 79
44 88 15
44 89 75
44 90 35
44 91 53
44 92 63
44 93 38
44 94 64
44 95 20
44 96 85
44 97 42
44 98 49
44 99 26
45 46 91
45 47 21
45 48 61
45 49 18
45 50 41
45 51 39
45 52 90
45 53 16
45 54 97
45 55 98
45 56 43
45 57 47
45 58 79
45 59 61
45 60 26
45 61 35
45 62 77
45 63 66
45 64 59
45 65 30
45 66 59
45 67 49
45 68 69
45 69 51
45 70 95
45 71 26
45 72 61
45 73 21
45 74 62
45 75 79
45 76 63
45 77 17
45 78 95
45 79 15
45 80 49
45 81 84
45 82 67
45 83 48
45 84 31
45 85 26
45 86 64
45 87 67
45 88 46
45 89 96
45 90 86
45 91 9
45 92 79
45 93 87
45 94 44
45 95 37
45 96 63
45 97 52
45 98 76
45 99 25
46 47 70
46 48 95
46 49 76
46 50 70
46 51 67
46 52 14
46 53 79
46 54 46
46 55 8
46 56 51
46 57 67
46 58 53
46 59 56
46 60 76
46 61 91
46 62 93
46 63 55
46 64 98
46 65 88
46 66 55
46 67 51
46 68 23
46 69 40
46 70 64
46 71 65
46 72 44
46 73 87
46 74 93
46 75 88
46 76 65
46 77 91
46 78 33
46 79 84
46 80 43
46 81 7
46 82 26
46 83 117
46 84 61
46 85 72
46 86 76
46 87 98
46 88 53
46 89 69
46 90 14
46 91 91
46 92 65
46 93 6
46 94 91
46 95 55
46 96 109
46 97 61
46 98 47
46 99 66
47 48 56
47 49 8
47 50 29
47 51 29
47 52 69
47 53 11
47 54 78
47 55 77
47 56 23
47 57 34
47 58 61
47 59 45
47 60 22
47 61 39
47 62 69
47 63 49
47 64 56
47 65 34
47 66 42
47 67 30
47 68 49
47 69 31
47 70 78
47 71 7
47 72 42
47 73 23
47 74 56
47 75 69
47 76 49
47 77 23
47 78 75
47 79 17
47 80 28
47 81 63
47 82 47
47 83 57
47 84 14
47 85 13
47 86 53
47 87 62
47 88 30
47 89 80
47 90 66
47 91 22
47 92 64
47 93 66
47 94 42
47 95 17
47 96 63
47 97 37
47 98 58
47 99 7
48 49 50
48 50 30
48 51 85
48 52 85
48 53 49
48 54 70
48 55 98
48 56 52
48 57 29
48 58 49
48 59 39
48 60 78
48 61 93
48 62 19
48 63 41
48 64 4
48 65 87
48 66 40
48 67 47
48 68 82
48 69 69
48 70 56
48 71 61
48 72 50
48 73 40
48 74 3
48 75 24
48 76 30
48 77 44
48 78 77
48 79 46
48 80 62
48 81 89
48 82 83
48 83 36
48 84 67
48 85 43
48 86 20
48 87 6
48 88 82
48 89 54
48 90 98
48 91 52
48 92 40
48 93 88
48 94 17
48 95 55
48 96 15
48 97 34
48 98 53
48 99 62
49 50 25
49 51 36
49 52 74
49 53 4
49 54 79
49 55 82
49 56 26
49 57 31
49 58 61
49 59 44
49 60 28
49 61 43
49 62 64
49 63 48
49 64 50
49 65 38
49 66 41
49 67 31
49 68 55
49 69 37
49 70 77
49 71 14
49 72 43
49 73 15
49 74 51
49 75 65
49 76 46
49 77 16
49 78 77
49 79 9
49 80 33
49 81 69
49 82 53
49 83 49
49 84 21
49 85 9
49 86 49
49 87 56
49 88 38
49 89 79
49 90 72
49 91 16
49 92 62
49 93 71
49 94 35
49 95 21
49 96 56
49 97 35
49 98 59
49 99 14
50 51 56
50 52 63
50 53 26
50 54 59
50 55 74
50 56 22
50 57 6
50 58 39
50 59 22
50 60 51
50 61 68
50 62 41
50 63 26
50 64 32
50 65 62
50 66 20
50 67 19
50 68 54
50 69 39
50 70 54
50 71 32
50 72 27
50 73 24
50 74 30
50 75 40
50 76 22
50 77 30
50 78 61
50 79 27
50 80 33
50 81 63
50 82 54
50 83 48
50 84 38
50 85 16
50 86 24
50 87 36
50 88 51
50 89 55
50 90 71
50 91 35
50 92 38
50 93 64
50 94 22
50 95 24
50 96 42
50 97 12
50 98 38
50 99 33
51 52 72
51 53 39
51 54 91
51 55 76
51 56 40
51 57 60
51 58 80
51 59 66
51 60 13
51 61 23
51 62 96
51 63 69
51 64 85
51 65 21
51 66 63
51 67 49
51 68 45
51 69 33
51 70 97
51 71 24
51 72 58
51 73 51
51 74 85
51 75 95
51 76 72
51 77 50
51 78 84
51 79 44
51 80 36
51 81 61
51 82 42
51 83 84
51 84 18
51 85 42
51 86 79
51 87 91
51 88 14
51 89 100
51 90 57
51 91 45
51 92 85
51 93 65
51 94 71
51 95 34
51 96 92
51 97 60
51 98 74
51 99 23
52 53 77
52 54 32
52 55 13
52 56 48
52 57 59
52 58 40
52 59 46
52 60 79
52 61 95
52 62 81
52 63 44
52 64 88
52 65 92
52 66 45
52 67 45
52 68 28
52 69 41
52 70 50
52 71 65
52 72 36
52 73 83
52 74 83
52 75 76
52 76 55
52 77 87
52 78 18
52 79 81
52 80 42
52 81 15
52 82 32
52 83 111
52 84 63
52 85 68
52 86 66
52 87 87
52 88 58
52 89 54
52 90 27
52 91 89
52 92 52
52 93 10
52 94 84
52 95 53
52 96 100
52 97 53
52 98 34
52 99 66
53 54 81
53 55 86
53 56 29
53 57 32
53 58 63
53 59 46
53 60 30
53 61 44
53 62 64
53 63 50
53 64 48
53 65 39
53 66 43
53 67 34
53 68 58
53 69 40
53 70 79
53 71 18
53 72 46
53 73 12
53 74 49
53 75 65
53 76 48
53 77 12
53 78 80
53 79 6
53 80 36
53 81 72
53 82 57
53 83 46
53 84 25
53 85 10
53 86 49
53 87 55
53 88 41
53 89 80
53 90 76
53 91 12
53 92 63
53 93 74
53 94 33
53 95 24
53 96 54
53 97 37
53 98 61
53 99 18
54 55 43
54 56 55
54 57 53
54 58 21
54 59 37
54 60 94
54 61 112
54 62 59
54 63 33
54 64 74
54 65 107
54 66 39
54 67 48
54 68 54
54 69 58
54 70 20
54 71 75
54 72 36
54 73 83
54 74 67
54 75 53
54 76 41
54 77 88
54 78 14
54 79 84
54 80 55
54 81 46
54 82 57
54 83 103
54 84 76
54 85 71
54 86 50
54 87 70
54 88 78
54 89 25
54 90 58
54 91 92
54 92 30
54 93 41
54 94 75
54 95 62
54 96 85
54 97 47
54 98 21
54 99 77
55 56 57
55 57 71
55 58 54
55 59 59
55 60 84
55 61 99
55 62 94
55 63 57
55 64 101
55 65 96
55 66 58
55 67 56
55 68 31
55 69 47
55 70 62
55 71 72
55 72 48
55 73 93
55 74 96
55 75 89
55 76 68
55 77 97
55 78 29
55 79 91
55 80 50
55 81 15
55 82 34
55 83 122
55 84 69
55 85 78
55 86 79
55 87 100
55 88 61
55 89 67
55 90 22
55 91 98
55 92 65
55 93 11
55 94 96
55 95 62
55 96 112
55 97 65
55 98 47
55 99 74
56 57 23
56 58 40
56 59 26
56 60 40
56 61 58
56 62 59
56 63 29
56 64 54
56 65 53
56 66 22
56 67 9
56 68 33
56 69 17
56 70 58
56 71 20
56 72 19
56 73 36
56 74 51
56 75 57
56 76 33
56 77 39
56 78 52
56 79 33
56 80 11
56 81 45
56 82 33
56 83 67
56 84 23
56 85 20
56 86 41
56 87 57
56 88 32
56 89 60
56 90 50
56 91 41
56 92 45
56 93 46
56 94 43
56 95 7
56 96 64
56 97 21
56 98 36
56 99 22
57 58 33
57 59 16
57 60 56
57 61 73
57 62 37
57 63 20
57 64 32
57 65 67
57 66 15
57 67 17
57 68 53
57 69 40
57 70 48
57 71 36
57 72 23
57 73 30
57 74 28
57 75 36
57 76 16
57 77 36
57 78 56
57 79 33
57 80 33
57 81 61
57 82 54
57 83 52
57 84 41
57 85 22
57 86 19
57 87 34
57 88 54
57 89 49
57 90 69
57 91 41
57 92 32
57 93 61
57 94 24
57 95 26
57 96 42
57 97 7
57 98 33
57 99 38
58 59 18
58 60 80
58 61 98
58 62 41
58 63 13
58 64 53
58 65 93
58 66 20
58 67 32
58 68 51
58 69 49
58 70 17
58 71 60
58 72 22
58 73 63
58 74 47
58 75 35
58 76 20
58 77 69
58 78 29
58 79 65
58 80 44
58 81 50
58 82 54
58 83 81
58 84 63
58 85 53
58 86 29
58 87 50
58 88 69
58 89 20
58 90 62
58 91 73
58 92 11
58 93 47
58 94 54
58 95 47
58 96 64
58 97 27
58 98 7
58 99 62
59 60 65
59 61 83
59 62 38
59 63 4
59 64 42
59 65 77
59 66 3
59 67 17
59 68 47
59 69 38
59 70 34
59 71 45
59 72 13
59 73 46
59 74 37
59 75 34
59 76 10
59 77 51
59 78 41
59 79 48
59 80 32
59 81 51
59 82 48
59 83 67
59 84 48
59 85 35
59 86 21
59 87 41
59 88 57
59 89 35
59 90 61
59 91 56
59 92 20
59 93 50
59 94 39
59 95 32
59 96 53
59 97 10
59 98 17
59 99 47
60 61 18
60 62 92
60 63 69
60 64 78
60 65 13
60 66 62
60 67 49
60 68 53
60 69 38
60 70 98
60 71 20
60 72 59
60 73 41
60 74 78
60 75 91
60 76 70
60 77 39
60 78 89
60 79 34
60 80 40
60 81 69
60 82 50
60 83 73
60 84 18
60 85 35
60 86 75
60 87 84
60 88 24
60 89 100
60 90 68
60 91 34
60 92 84
60 93 73
60 94 63
60 95 33
60 96 84
60 97 58
60 98 76
60 99 18
61 62 108
61 63 86
61 64 92
61 65 6
61 66 79
61 67 67
61 68 68
61 69 55
61 70 116
61 71 38
61 72 77
61 73 54
61 74 94
61 75 108
61 76 88
61 77 51
61 78 106
61 79 47
61 80 57
61 81 84
61 82 65
61 83 83
61 84 35
61 85 52
61 86 92
61 87 99
61 88 38
61 89 118
61 90 81
61 91 44
61 92 102
61 93 89
61 94 77
61 95 51
61 96 97
61 97 75
61 98 94
61 99 36
62 63 38
62 64 23
62 65 102
62 66 41
62 67 52
62 68 85
62 69 75
62 70 42
62 71 72
62 72 51
62 73 57
62 74 17
62 75 6
62 76 28
62 77 62
62 78 69
62 79 62
62 80 68
62 81 88
62 82 86
62 83 55
62 84 78
62 85 56
62 86 18
62 87 15
62 88 91
62 89 39
62 90 99
62 91 69
62 92 30
62 93 86
62 94 35
62 95 63
62 96 30
62 97 38
62 98 47
62 99 74
63 64 44
63 65 81
63 66 7
63 67 20
63 68 47
63 69 41
63 70 29
63 71 48
63 72 14
63 73 50
63 74 39
63 75 34
63 76 11
63 77 56
63 78 37
63 79 52
63 80 35
63 81 50
63 82 49
63 83 70
63 84 52
63 85 40
63 86 22
63 87 43
63 88 60
63 89 31
63 90 61
63 91 60
63 92 16
63 93 48
63 94 43
63 95 35
63 96 56
63 97 14
63 98 13
63 99 50
64 65 87
64 66 43
64 67 49
64 68 84
64 69 71
64 70 60
64 71 61
64 72 53
64 73 38
64 74 7
64 75 28
64 76 34
64 77 43
64 78 81
64 79 45
64 80 64
64 81 92
64 82 85
64 83 32
64 84 68
64 85 43
64 86 24
64 87 9
64 88 82
64 89 58
64 90 101
64 91 50
64 92 45
64 93 91
64 94 15
64 95 56
64 96 11
64 97 37
64 98 56
64 99 62
65 66 74
65 67 62
65 68 65
65 69 51
65 70 110
65 71 33
65 72 72
65 73 49
65 74 88
65 75 102
65 76 82
65 77 45
65 78 102
65 79 42
65 80 52
65 81 81
65 82 62
65 83 78
65 84 31
65 85 46
65 86 86
65 87 94
65 88 35
65 89 113
65 90 78
65 91 39
65 92 97
65 93 85
65 94 71
65 95 46
65 96 91
65 97 70
65 98 89
65 99 31
66 67 13
66 68 44
66 69 35
66 70 36
66 71 41
66 72 11
66 73 44
66 74 38
66 75 37
66 76 12
66 77 49
66 78 41
66 79 45
66 80 29
66 81 49
66 82 46
66 83 66
66 84 45
66 85 33
66 86 23
66 87 43
66 88 54
66 89 38
66 90 59
66 91 54
66 92 23
66 93 48
66 94 39
66 95 29
66 96 54
66 97 8
66 98 18
66 99 43
67 68 36
67 69 23
67 70 49
67 71 29
67 72 12
67 73 38
67 74 45
67 75 49
67 76 24
67 77 43
67 78 46
67 79 37
67 80 17
67 81 45
67 82 36
67 83 66
67 84 32
67 85 24
67 86 33
67 87 51
67 88 40
67 89 51
67 90 52
67 91 46
67 92 36
67 93 45
67 94 41
67 95 15
67 96 59
67 97 14
67 98 28
67 99 31
68 69 18
68 70 67
68 71 43
68 72 34
68 73 68
68 74 81
68 75 81
68 76 56
68 77 70
68 78 43
68 79 64
68 80 23
68 81 16
68 82 4
68 83 100
68 84 38
68 85 52
68 86 67
68 87 86
68 88 30
68 89 71
68 90 18
68 91 70
68 92 61
68 93 20
68 94 76
68 95 35
68 96 95
68 97 48
68 98 44
68 99 44
69 70 66
69 71 25
69 72 27
69 73 50
69 74 68
69 75 72
69 76 47
69 77 52
69 78 51
69 79 46
69 80 7
69 81 33
69 82 17
69 83 83
69 84 22
69 85 34
69 86 56
69 87 74
69 88 20
69 89 69
69 90 35
69 91 52
69 92 57
69 93 36
69 94 60
69 95 17
69 96 81
69 97 37
69 98 43
69 99 26
70 71 78
70 72 39
70 73 78
70 74 53
70 75 36
70 76 32
70 77 83
70 78 33
70 79 80
70 80 61
70 81 63
70 82 69
70 83 91
70 84 80
70 85 69
70 86 37
70 87 54
70 88 86
70 89 4
70 90 75
70 91 89
70 92 17
70 93 59
70 94 65
70 95 64
70 96 70
70 97 42
70 98 23
70 99 80
71 72 40
71 73 30
71 74 60
71 75 72
71 76 50
71 77 30
71 78 72
71 79 23
71 80 23
71 81 58
71 82 41
71 83 64
71 84 7
71 85 18
71 86 55
71 87 67
71 88 24
71 89 80
71 90 59
71 91 28
71 92 64
71 93 61
71 94 47
71 95 14
71 96 68
71 97 38
71 98 56
71 99 2
72 73 49
72 74 49
72 75 47
72 76 22
72 77 54
72 78 35
72 79 49
72 80 22
72 81 39
72 82 36
72 83 75
72 84 41
72 85 35
72 86 33
72 87 54
72 88 47
72 89 42
72 90 48
72 91 57
72 92 29
72 93 38
72 94 48
72 95 26
72 96 64
72 97 17
72 98 17
72 99 42
73 74 41
73 75 58
73 76 45
73 77 6
73 78 84
73 79 7
73 80 45
73 81 80
73 82 67
73 83 34
73 84 37
73 85 16
73 86 45
73 87 46
73 88 53
73 89 78
73 90 85
73 91 12
73 92 62
73 93 82
73 94 23
73 95 33
73 96 43
73 97 36
73 98 62
73 99 30
74 75 21
74 76 28
74 77 46
74 78 75
74 79 47
74 80 61
74 81 87
74 82 82
74 83 39
74 84 67
74 85 43
74 86 18
74 87 6
74 88 81
74 89 51
74 90 97
74 91 53
74 92 38
74 93 87
74 94 18
74 95 54
74 96 18
74 97 32
74 98 50
74 99 62
75 76 25
75 77 64
75 78 64
75 79 64
75 80 66
75 81 84
75 82 83
75 83 60
75 84 77
75 85 56
75 86 16
75 87 20
75 88 89
75 89 33
75 90 94
75 91 71
75 92 24
75 93 81
75 94 38
75 95 62
75 96 36
75 97 36
75 98 41
75 99 73
76 77 51
76 78 47
76 79 48
76 80 41
76 81 61
76 82 58
76 83 61
76 84 54
76 85 38
76 86 11
76 87 32
76 88 65
76 89 33
76 90 71
76 91 57
76 92 16
76 93 59
76 94 34
76 95 38
76 96 45
76 97 12
76 98 23
76 99 52
77 78 89
77 79 7
77 80 48
77 81 84
77 82 69
77 83 34
77 84 37
77 85 19
77 86 50
77 87 51
77 88 54
77 89 84
77 90 88
77 91 7
77 92 67
77 93 86
77 94 28
77 95 36
77 96 46
77 97 42
77 98 68
77 99 30
78 79 84
78 80 49
78 81 33
78 82 46
78 83 107
78 84 71
78 85 70
78 86 57
78 87 78
78 88 70
78 89 38
78 90 45
78 91 92
78 92 39
78 93 28
78 94 80
78 95 58
78 96 92
78 97 49
78 98 24
78 99 73
79 80 42
79 81 77
79 82 62
79 83 41
79 84 30
79 85 14
79 86 49
79 87 53
79 88 47
79 89 81
79 90 81
79 91 8
79 92 64
79 93 79
79 94 30
79 95 29
79 96 50
79 97 38
79 98 63
79 99 23
80 81 36
80 82 22
80 83 77
80 84 22
80 85 29
80 86 50
80 87 67
80 88 25
80 89 64
80 90 40
80 91 48
80 92 51
80 93 38
80 94 54
80 95 12
80 96 74
80 97 30
80 98 38
80 99 25
81 82 19
81 83 111
81 84 54
81 85 65
81 86 72
81 87 92
81 88 46
81 89 67
81 90 12
81 91 84
81 92 61
81 93 6
81 94 85
81 95 48
81 96 103
81 97 56
81 98 43
81 99 59
82 83 99
82 84 36
82 85 51
82 86 68
82 87 87
82 88 27
82 89 73
82 90 19
82 91 68
82 92 64
82 93 24
82 94 76
82 95 34
82 96 96
82 97 49
82 98 47
82 99 42
83 84 71
83 85 49
83 86 54
83 87 40
83 88 87
83 89 90
83 90 117
83 91 40
83 92 75
83 93 112
83 94 28
83 95 66
83 96 26
83 97 58
83 98 83
83 99 64
84 85 25
84 86 61
84 87 73
84 88 17
84 89 83
84 90 55
84 91 34
84 92 68
84 93 58
84 94 54
84 95 16
84 96 75
84 97 42
84 98 58
84 99 7
85 86 41
85 87 49
85 88 40
85 89 70
85 90 69
85 91 22
85 92 53
85 93 66
85 94 29
85 95 17
85 96 51
85 97 26
85 98 50
85 99 19
86 87 21
86 88 73
86 89 36
86 90 81
86 91 57
86 92 21
86 93 70
86 94 28
86 95 45
86 96 35
86 97 20
86 98 33
86 99 57
87 88 87
87 89 52
87 90 102
87 91 58
87 92 40
87 93 91
87 94 23
87 95 60
87 96 16
87 97 38
87 98 54
87 99 68
88 89 89
88 90 43
88 91 50
88 92 76
88 93 51
88 94 70
88 95 27
88 96 91
88 97 53
88 98 63
88 99 24
89 90 79
89 91 90
89 92 17
89 93 63
89 94 64
89 95 67
89 96 68
89 97 44
89 98 27
89 99 82
90 91 87
90 92 73
90 93 17
90 94 93
90 95 52
90 96 112
90 97 64
90 98 55
90 99 61
91 92 73
91 93 87
91 94 35
91 95 36
91 96 53
91 97 47
91 98 72
91 99 28
92 93 59
92 94 48
92 95 51
92 96 55
92 97 27
92 98 18
92 99 66
93 94 85
93 95 50
93 96 103
93 97 55
93 98 40
93 99 62
94 95 44
94 96 21
94 97 31
94 98 55
94 99 48
95 96 65
95 97 26
95 98 43
95 99 16
96 97 48
96 98 68
96 99 69
97 98 26
97 99 40
98 99 58
0 3 86
0 9 20
0 13 64
0 15 55
0 33 19
0 35 43
0 36 30
0 39 50
0 40 53
0 53 54
0 55 35
0 62 82
0 63 45
0 68 5
0 69 13
0 71 38
0 86 64
0 94 71
0 95 30
1 2 33
1 3 70
1 4 19
1 6 60
1 7 41
1 10 78
1 11 44
1 18 45
1 22 72
1 23 33
1 27 58
1 30 89
1 31 70
1 35 10
1 40 39
1 41 77
1 42 71
1 45 83
1 51 82
1 64 59
1 79 70
1 80 46
1 82 54
1 83 87
1 85 57
1 86 34
1 92 16
1 97 32
1 98 8
2 3 44
2 9 26
2 10 54
2 14 29
2 19 26
2 29 28
2 30 59
2 32 39
2 33 45
2 36 41
2 38 25
2 40 10
2 55 65
2 56 20
2 58 28
2 61 75
2 62 39
2 64 37
2 67 13
2 69 36
2 71 37
2 77 41
2 79 38
2 88 52
3 4 51
3 8 7
3 13 54
3 14 63
3 16 59
3 17 79
3 18 29
3 19 65
3 20 74
3 22 23
3 29 28
3 30 63
3 33 90
3 36 84
3 38 25
3 39 36
3 45 53
3 47 55
3 51 84
3 54 85
3 55 109
3 56 58
3 57 38
3 60 75
3 61 88
3 63 54
3 65 82
3 67 55
3 68 90
3 71 61
3 72 61
3 73 34
3 75 40
3 77 37
3 80 68
3 83 20
3 84 68
3 88 84
3 92 57
3 96 9
4 5 49
4 8 45
4 13 73
4 14 49
4 18 29
4 19 17
4 21 35
4 23 47
4 26 43
4 27 50
4 28 12
4 29 24
4 30 81
4 37 31
4 38 27
4 39 36
4 40 25
4 42 63
4 45 73
4 55 66
4 59 15
4 60 79
4 65 92
4 68 60
4 72 26
4 74 33
4 76 10
4 87 36
4 89 23
4 90 72
4 93 59
4 94 42
4 96 51
4 98 19
4 99 61
5 6 43
5 10 66
5 13 32
5 14 9
5 18 33
5 24 24
5 27 9
5 32 49
5 36 49
5 40 30
5 41 27
5 50 23
5 51 33
5 52 58
5 54 66
5 55 67
5 59 34
5 62 63
5 65 43
5 66 31
5 67 19
5 76 40
5 79 24
5 81 53
5 82 38
5 87 59
5 90 57
5 91 31
5 92 54
6 9 57
6 10 23
6 12 17
6 13 47
6 15 19
6 20 62
6 22 18
6 23 75
6 26 10
6 28 43
6 31 29
6 38 17
6 39 23
6 43 28
6 47 44
6 65 74
6 73 26
6 77 30
6 85 32
6 87 21
6 88 72
6 89 63
6 95 46
6 96 19
7 9 8
7 20 28
7 23 22
7 25 47
7 28 34
7 29 59
7 30 60
7 31 52
7 32 27
7 34 37
7 38 57
7 41 53
7 46 34
7 47 37
7 51 43
7 57 37
7 64 68
7 66 29
7 70 57
7 72 20
7 73 53
7 74 65
7 76 41
7 77 56
7 78 41
7 80 9
7 85 37
7 86 51
7 88 30
7 92 49
7 94 60
7 96 79
8 11 30
8 17 72
8 22 22
8 24 31
8 25 70
8 29 23
8 35 56
8 40 28
8 49 44
8 51 80
8 53 42
8 55 103
8 56 52
8 58 58
8 59 45
8 62 31
8 66 45
8 72 55
8 81 93
8 82 84
8 85 39
8 86 30
8 88 79
8 92 50
8 94 9
8 95 53
8 96 12
9 14 21
9 17 19
9 18 41
9 21 58
9 26 64
9 28 26
9 37 22
9 38 51
9 39 36
9 42 47
9 45 60
9 61 71
9 64 63
9 66 22
9 68 22
9 69 17
9 76 34
9 79 50
9 81 30
9 85 37
9 88 38
9 93 30
9 95 23
9 96 74
9 97 26
9 99 38
10 12 18
10 14 73
10 15 41
10 16 68
10 19 74
10 22 31
10 23 98
10 28 63
10 30 71
10 32 92
10 35 72
10 37 86
10 41 58
10 44 89
10 46 115
10 48 24
10 53 54
10 54 93
10 60 84
10 63 64
10 68 100
10 69 85
10 70 79
10 72 71
10 75 45
10 76 53
10 77 45
10 78 100
10 82 101
10 89 77
10 90 117
10 94 25
10 95 69
10 97 54
10 98 76
11 14 29
11 16 28
11 17 46
11 21 27
11 25 50
11 26 31
11 28 25
11 29 27
11 31 27
11 36 51
11 41 36
11 42 33
11 44 45
11 49 26
11 57 5
11 63 26
11 64 31
11 65 63
11 66 20
11 70 53
11 71 33
11 78 61
11 83 48
11 90 71
11 91 36
11 92 37
11 93 64
11 97 12
11 98 38
12 17 83
12 22 14
12 23 90
12 24 29
12 27 44
12 33 92
12 34 77
12 38 34
12 41 41
12 43 29
12 44 76
12 45 44
12 48 28
12 53 38
12 55 112
12 56 57
12 59 56
12 60 67
12 61 78
12 72 64
12 83 11
12 84 63
12 87 33
12 89 80
12 92 65
12 97 48
13 14 40
13 20 37
13 22 31
13 26 56
13 27 26
13 28 66
13 33 79
13 34 82
13 35 73
13 36 82
13 39 37
13 42 13
13 46 91
13 47 21
13 52 90
13 53 16
13 54 96
13 55 98
13 57 47
13 59 61
13 68 69
13 76 63
13 77 17
13 78 95
13 84 31
13 86 64
13 88 46
13 91 10
13 99 25
14 15 32
14 16 35
14 18 38
14 20 17
14 22 48
14 34 48
14 40 35
14 41 35
14 44 16
14 45 40
14 48 59
14 54 61
14 59 34
14 61 51
14 67 17
14 74 58
14 75 65
14 78 57
14 81 44
14 82 29
14 83 70
14 84 15
14 86 49
14 88 24
14 92 53
14 99 17
15 18 12
15 20 44
15 25 47
15 29 30
15 31 19
15 33 62
15 34 52
15 36 59
15 39 5
15 41 30
15 47 27
15 48 29
15 60 49
15 61 65
15 69 44
15 71 31
15 73 17
15 78 69
15 83 41
15 86 28
15 92 45
15 95 27
16 19 9
16 20 51
16 21 44
16 24 46
16 25 66
16 26 52
16 31 54
16 36 26
16 37 18
16 45 67
16 50 29
16 52 39
16 55 52
16 61 85
16 63 5
16 64 50
16 68 42
16 72 9
16 73 53
16 74 44
16 75 39
16 83 74
16 84 50
16 85 41
16 88 56
16 90 55
16 98 10
17 19 18
17 22 75
17 28 26
17 33 17
17 37 5
17 42 65
17 43 68
17 46 30
17 54 23
17 56 35
17 57 42
17 60 72
17 63 25
17 68 31
17 78 17
17 79 67
17 82 34
17 88 55
17 89 40
17 90 39
17 92 34
17 94 66
18 20 52
18 24 23
18 26 23
18 27 29
18 28 27
18 30 56
18 39 12
18 47 38
18 48 21
18 50 10
18 53 33
18 54 60
18 56 31
18 60 60
18 62 31
18 66 23
18 68 62
18 70 51
18 74 20
18 83 43
18 87 26
18 89 51
18 90 79
18 92 35
18 97 16
18 99 43
19 20 59
19 24 55
19 26 58
19 30 82
19 32 21
19 35 3
19 37 14
19 39 41
19 45 76
19 46 48
19 50 37
19 56 36
19 57 32
19 63 11
19 65 89
19 70 22
19 71 56
19 72 17
19 74 49
19 78 26
19 79 63
19 84 59
19 85 50
19 88 64
19 90 56
19 93 42
19 95 43
19 98 2
20 21 70
20 23 50
20 24 40
20 25 19
20 26 72
20 27 25
20 34 63
20 36 55
20 50 42
20 51 16
20 53 31
20 54 76
20 56 25
20 57 45
20 58 64
20 60 20
20 61 36
20 62 82
20 63 53
20 66 47
20 69 18
20 73 43
20 74 72
20 76 57
20 77 44
20 79 37
20 88 10
20 89 84
20 90 49
20 93 54
20 95 19
21 24 35
21 25 73
21 28 39
21 32 68
21 36 70
21 37 62
21 48 3
21 51 82
21 55 96
21 59 37
21 62 21
21 81 87
21 82 80
21 85 40
21 94 15
21 96 17
22 23 81
22 24 16
22 27 31
22 31 16
22 39 25
22 42 31
22 47 35
22 50 29
22 51 63
22 54 87
22 57 34
22 58 66
22 60 53
22 61 65
22 71 42
22 73 12
22 75 54
22 76 47
22 89 79
22 96 32
22 97 40
23 24 67
23 26 82
23 28 37
23 31 72
23 44 35
23 49 63
23 52 11
23 54 33
23 56 37
23 61 86
23 62 74
23 66 37
23 78 22
23 79 71
23 84 52
23 86 58
23 91 78
23 94 74
23 95 42
23 98 29
24 25 39
24 29 40
24 30 34
24 32 65
24 36 66
24 37 62
24 38 35
24 41 19
24 51 50
24 53 12
24 61 56
24 63 44
24 64 37
24 67 32
24 72 43
24 73 6
24 74 38
24 79 9
24 80 40
24 84 34
24 87 44
24 88 50
24 89 73
24 92 56
24 96 43
25 28 67
25 33 67
25 34 80
25 39 46
25 40 57
25 41 25
25 48 76
25 51 14
25 53 28
25 56 39
25 58 79
25 63 67
25 66 60
25 81 69
25 82 50
25 90 68
25 91 32
25 96 82
25 97 56
26 29 20
26 35 56
26 36 78
26 47 54
26 48 9
26 49 48
26 52 90
26 53 46
26 54 77
26 61 90
26 62 27
26 64 5
26 67 50
26 69 71
26 70 64
26 73 35
26 74 11
26 77 40
26 84 66
26 86 28
26 87 13
26 89 62
26 90 102
26 95 55
26 97 38
27 28 41
27 31 18
27 37 54
27 39 17
27 40 28
27 48 48
27 51 37
27 53 11
27 54 71
27 55 75
27 64 48
27 67 23
27 70 70
27 73 20
27 74 48
27 75 60
27 81 61
27 82 47
27 85 5
27 91 23
27 93 63
27 98 51
27 99 14
28 32 29
28 35 9
28 41 60
28 47 49
28 49 48
28 51 69
28 52 44
28 57 20
28 60 69
28 68 48
28 76 10
28 78 37
28 82 49
28 83 70
28 86 21
28 88 60
28 97 14
29 34 46
29 37 53
29 38 6
29 41 59
29 43 46
29 45 65
29 47 56
29 50 28
29 52 75
29 54 58
29 55 88
29 58 38
29 63 31
29 64 16
29 66 31
29 68 75
29 69 64
29 80 57
29 82 76
29 86 9
29 89 43
29 90 90
29 94 24
30 32 85
30 35 79
30 36 85
30 37 84
30 39 45
30 41 15
30 43 28
30 44 50
30 45 10
30 46 92
30 50 49
30 51 33
30 57 55
30 59 68
30 60 20
30 65 20
30 66 65
30 68 69
30 70 102
30 71 28
30 75 88
30 78 99
30 81 84
30 85 33
30 89 103
30 90 85
30 93 88
30 96 73
30 99 26
31 32 72
31 45 18
31 46 86
31 48 43
31 50 26
31 55 92
31 56 35
31 66 45
31 73 4
31 78 84
31 82 65
31 84 34
31 89 80
31 91 9
32 36 3
32 37 7
32 44 42
32 46 28
32 49 64
32 52 15
32 53 67
32 56 38
32 61 92
32 68 31
32 81 26
32 86 50
32 88 57
32 89 41
32 91 79
32 94 70
32 98 19
32 99 59
33 35 34
33 37 22
33 38 69
33 42 66
33 44 33
33 47 58
33 55 20
33 56 37
33 67 36
33 68 17
33 72 29
33 76 50
33 79 71
33 82 21
33 83 102
33 88 46
33 89 57
33 92 50
33 96 93
34 36 21
34 39 48
34 43 69
34 46 46
34 47 63
34 54 15
34 55 46
34 56 41
34 57 38
34 58 8
34 61 99
34 64 61
34 65 94
34 68 47
34 74 54
34 75 44
34 76 27
34 79 69
34 80 43
34 81 44
34 86 37
34 88 67
34 90 55
34 93 40
34 94 60
34 95 48
35 38 39
35 40 31
35 43 60
35 46 49
35 48 49
35 50 35
35 53 57
35 57 29
35 58 7
35 61 91
35 63 9
35 73 59
35 74 47
35 80 37
35 87 51
35 89 28
35 93 43
35 95 40
35 97 22
36 37 10
36 38 62
36 57 47
36 61 91
36 73 73
36 75 63
36 80 35
36 81 23
36 82 33
36 86 53
36 90 35
36 92 39
36 94 72
36 98 21
37 38 54
37 40 43
37 48 64
37 50 45
37 51 71
37 54 19
37 60 75
37 64 67
37 65 88
37 67 30
37 70 31
37 74 61
37 76 33
37 77 73
37 78 16
37 79 68
37 81 32
37 83 92
37 85 54
37 91 76
37 93 29
38 40 17
38 43 40
38 44 66
38 47 51
38 50 23
38 58 40
38 60 73
38 82 74
38 83 43
38 85 38
38 92 32
38 93 79
38 95 47
38 98 43
39 41 31
39 49 21
39 53 22
39 58 43
39 65 59
39 72 30
39 77 26
39 82 55
39 85 13
39 89 59
39 90 72
39 95 23
39 96 42
39 98 42
39 99 30
40 42 40
40 45 49
40 49 33
40 51 63
40 63 22
40 65 70
40 66 17
40 69 44
40 71 39
40 72 27
40 73 31
40 74 24
40 75 32
40 80 37
40 82 58
40 85 25
40 88 58
40 93 65
40 95 31
41 42 8
41 50 35
41 52 85
41 55 93
41 56 37
41 60 27
41 62 72
41 64 54
41 65 33
41 67 43
41 68 65
41 71 22
41 73 16
41 76 57
41 79 10
41 90 82
41 92 73
41 93 82
41 94 39
41 96 59
42 47 8
42 48 56
42 51 32
42 53 7
42 57 37
42 63 54
42 66 47
42 72 48
42 73 19
42 75 71
42 79 12
42 81 71
42 87 62
42 92 68
42 96 61
42 97 41
43 44 51
43 45 19
43 46 87
43 50 25
43 52 83
43 62 59
43 65 46
43 68 67
43 70 79
43 73 3
43 90 84
43 92 63
43 98 63
43 99 28
44 46 41
44 53 42
44 60 35
44 61 51
44 65 47
44 68 19
44 69 6
44 75 78
44 76 53
44 80 12
44 85 37
44 86 62
44 87 79
44 89 75
44 90 35
44 96 85
44 97 42
45 48 61
45 49 18
45 54 97
45 57 47
45 58 79
45 60 26
45 61 35
45 63 66
45 64 59
45 65 30
45 67 49
45 70 95
45 75 79
45 78 95
45 81 84
45 83 48
45 88 46
45 91 9
45 98 76
46 47 70
46 49 76
46 51 67
46 58 53
46 65 88
46 70 64
46 75 88
46 76 65
46 79 84
46 81 7
46 82 26
46 85 72
46 89 69
46 90 14
46 93 6
46 95 55
46 98 47
47 56 23
47 58 61
47 61 39
47 62 69
47 64 56
47 65 34
47 66 42
47 70 78
47 71 7
47 73 23
47 76 49
47 79 17
47 84 14
47 88 30
47 97 37
47 98 58
48 50 30
48 51 85
48 53 49
48 56 52
48 64 4
48 67 47
48 72 50
48 74 3
48 79 46
48 85 43
48 86 20
48 90 98
48 93 88
48 97 34
49 53 4
49 59 44
49 62 64
49 67 31
49 69 37
49 73 15
49 77 16
49 81 69
49 82 53
49 84 21
49 94 35
49 96 56
50 56 22
50 57 6
50 59 22
50 65 62
50 67 19
50 69 39
50 70 54
50 71 32
50 81 63
50 88 51
51 53 39
51 56 40
51 60 13
51 63 69
51 66 63
51 67 49
51 74 85
51 76 72
51 77 50
51 80 36
51 82 42
51 84 18
51 88 14
51 89 100
51 95 34
51 97 60
51 98 74
51 99 23
52 58 40
52 60 79
52 62 81
52 63 44
52 64 88
52 65 92
52 69 41
52 71 65
52 79 81
52 89 54
52 94 84
52 95 53
52 97 53
53 59 46
53 62 64
53 63 50
53 65 39
53 67 34
53 69 40
53 72 46
53 73 12
53 75 65
53 82 57
53 83 46
53 90 76
53 93 74
53 97 37
53 98 61
54 57 53
54 59 37
54 62 59
54 67 48
54 76 41
54 80 55
54 85 71
54 87 70
54 90 58
54 98 21
55 60 84
55 62 94
55 63 57
55 65 96
55 68 31
55 70 62
55 71 72
55 73 93
55 81 15
55 83 122
55 86 79
55 89 67
55 90 22
55 91 98
55 92 65
55 94 96
55 96 112
55 97 65
55 98 47
56 60 40
56 64 54
56 68 33
56 70 58
56 71 20
56 72 19
56 74 51
56 78 52
56 79 33
56 84 23
56 85 20
56 90 50
56 93 46
56 97 21
56 99 22
57 59 16
57 70 48
57 77 36
57 78 56
57 82 54
57 83 52
57 86 19
57 97 7
57 98 33
58 61 98
58 65 93
58 69 49
58 72 22
58 76 20
58 79 65
58 82 54
58 84 63
58 87 50
58 88 69
58 89 20
58 90 62
58 92 11
58 94 54
58 98 7
58 99 62
59 69 38
59 70 34
59 75 34
59 76 10
59 80 32
59 84 48
59 85 35
59 88 57
59 92 20
59 99 47
60 61 18
60 62 92
60 67 49
60 68 53
60 72 59
60 80 40
60 84 18
60 86 75
60 91 34
60 94 63
60 98 76
61 64 92
61 66 79
61 75 108
61 80 57
61 84 35
61 88 38
61 89 118
61 90 81
61 98 94
62 64 23
62 82 86
62 84 78
62 86 18
62 97 38
63 65 81
63 66 7
63 71 48
63 74 39
63 77 56
63 79 52
63 82 49
63 84 52
63 86 22
63 90 61
63 92 16
63 93 48
63 98 13
64 66 43
64 67 49
64 72 53
64 74 7
64 81 92
64 83 32
64 84 68
64 87 9
64 93 91
65 66 74
65 68 65
65 69 51
65 71 33
65 72 72
65 77 45
65 88 35
65 94 71
65 95 46
65 98 89
66 70 36
66 73 44
66 74 38
66 76 12
66 78 41
66 80 29
66 85 33
66 89 38
66 91 54
66 97 8
66 98 18
66 99 43
67 68 36
67 69 23
67 74 45
67 75 49
67 76 24
67 78 46
67 84 32
67 85 24
67 91 46
68 69 18
68 70 67
68 73 68
68 77 70
68 83 100
68 84 38
68 89 71
68 90 18
68 93 20
68 94 76
69 74 68
69 76 47
69 80 7
69 81 33
69 86 56
69 87 74
69 89 69
70 71 78
70 72 39
70 73 78
70 80 61
70 81 63
70 83 91
70 84 80
70 94 65
70 99 80
71 76 50
71 80 23
71 81 58
71 82 41
71 90 59
71 92 64
71 98 56
71 99 2
72 73 49
72 74 49
72 82 36
72 84 41
72 85 35
72 87 54
72 89 42
72 90 48
72 91 57
72 94 48
73 76 45
73 78 84
73 84 37
73 86 45
73 87 46
73 91 12
73 98 62
74 77 46
74 82 82
74 94 18
74 95 54
74 97 32
74 99 62
75 76 25
75 77 64
75 82 83
75 87 20
75 89 33
75 95 62
75 98 41
76 77 51
76 84 54
76 88 65
76 91 57
76 92 16
76 93 59
76 97 12
77 84 37
77 87 51
77 92 67
77 93 86
77 94 28
78 82 46
78 83 107
78 87 78
78 93 28
78 97 49
78 99 73
79 84 30
79 86 49
79 89 81
79 95 29
79 96 50
79 99 23
80 83 77
80 88 25
80 96 74
80 98 38
81 85 65
81 90 12
81 91 84
81 92 61
81 93 6
81 96 103
81 98 43
81 99 59
82 87 87
82 89 73
82 94 76
82 95 34
82 96 96
82 97 49
83 88 87
83 90 117
83 96 26
83 97 58
83 98 83
83 99 64
84 90 55
84 94 54
84 97 42
85 86 41
85 92 53
85 99 19
86 87 21
86 98 33
86 99 57
87 88 87
87 90 102
87 92 40
87 97 38
88 93 51
88 94 70
88 95 27
88 97 53
88 98 63
89 91 90
89 95 67
89 96 68
90 93 17
90 94 93
91 98 72
92 95 51
93 96 103
93 97 55
93 99 62
94 96 21
94 98 55
94 99 48
95 97 26
