10 0.7 4 0 1 0.25 45 31 9
0.639246 0.967481 10
0.992452 0.557546 5
0.799638 0.588884 0
0.21086 0.98827 18
0.853928 0.845433 7
0.951522 0.99484 11
0.446675 0.0974759 15
0.536052 0.0450175 15
0.288009 0.882298 15
0.960321 0.486155 5
0 1 54
0 2 41
0 3 43
0 4 25
0 5 31
0 6 89
0 7 93
0 8 36
0 9 58
1 2 20
1 3 89
1 4 32
1 5 44
1 6 71
1 7 69
1 8 78
1 9 8
2 3 71
2 4 26
2 5 43
2 6 61
2 7 60
2 8 59
2 9 19
3 4 66
3 5 74
3 6 92
3 7 100
3 8 13
3 9 90
4 5 18
4 6 85
4 7 86
4 8 57
4 9 37
5 6 103
5 7 104
5 8 67
5 9 51
6 7 10
6 8 80
6 9 64
7 8 87
7 9 61
8 9 78
0 1 54
0 3 43
0 5 31
0 6 89
0 7 93
0 8 36
0 9 58
1 2 20
1 5 44
1 6 71
1 8 78
1 9 8
2 3 71
2 5 43
2 7 60
2 8 59
3 4 66
3 6 92
3 8 13
3 9 90
4 5 18
4 6 85
4 7 86
4 9 37
5 6 103
5 7 104
5 8 67
6 2 61
6 8 80
7 8 87
8 9 78
