20 0.5 10 1 0.1 190 95 18
0.850225 0.468468 5
0.81694 0.419583 4
0.854257 0.797033 8
0.27078 0.222949 7
0.857052 0.69755 7
0.504582 0.795487 9
0.30153 0.502893 8
0.311168 0.934031 11
0.2015 0.695713 10
0.26464 0.921525 11
0.344545 0.858904 10
0.0884593 0.549884 10
0.905504 0.630428 6
0.047065 0.916809 13
0.512958 0.698711 8
0.138565 0.0907296 8
0.406143 0.784645 9
0.222024 0.569913 9
0.92623 0.00322732 0
0.52938 0.89911 10
0 1 6
0 2 33
0 3 63
0 4 23
0 5 48
0 6 55
0 7 71
0 8 69
0 9 74
0 10 64
0 11 77
0 12 17
0 13 92
0 14 41
0 15 81
0 16 55
0 17 64
0 18 47
0 19 54
1 2 38
1 3 58
1 4 28
1 5 49
1 6 52
1 7 72
1 8 67
1 9 75
1 10 65
1 11 74
1 12 23
1 13 92
1 14 41
1 15 75
1 16 55
1 17 61
1 18 43
1 19 56
2 3 82
2 4 10
2 5 35
2 6 63
2 7 56
2 8 66
2 9 60
2 10 51
2 11 80
2 12 17
2 13 82
2 14 36
2 15 101
2 16 45
2 17 67
2 18 80
2 19 34
3 4 75
3 5 62
3 6 28
3 7 71
3 8 48
3 9 70
3 10 64
3 11 37
3 12 75
3 13 73
3 14 53
3 15 19
3 16 58
3 17 35
3 18 69
3 19 72
4 5 37
4 6 59
4 7 59
4 8 66
4 9 63
4 10 54
4 11 78
4 12 8
4 13 84
4 14 34
4 15 94
4 16 46
4 17 65
4 18 70
4 19 38
5 6 36
5 7 24
5 8 32
5 9 27
5 10 17
5 11 48
5 12 43
5 13 47
5 14 10
5 15 79
5 16 10
5 17 36
5 18 90
5 19 11
6 7 43
6 8 22
6 9 42
6 10 36
6 11 22
6 12 62
6 13 49
6 14 29
6 15 44
6 16 30
6 17 10
6 18 80
6 19 46
7 8 26
7 9 5
7 10 8
7 11 44
7 12 67
7 13 26
7 14 31
7 15 86
7 16 18
7 17 37
7 18 112
7 19 22
8 9 23
8 10 22
8 11 18
8 12 71
8 13 27
8 14 31
8 15 61
8 16 22
8 17 13
8 18 100
8 19 39
9 10 10
9 11 41
9 12 70
9 13 22
9 14 33
9 15 84
9 16 20
9 17 35
9 18 113
9 19 27
10 11 40
10 12 61
10 13 30
10 14 23
10 15 80
10 16 10
10 17 31
10 18 103
10 19 19
11 12 82
11 13 37
11 14 45
11 15 46
11 16 40
11 17 14
11 18 100
11 19 56
12 13 90
12 14 40
12 15 94
12 16 52
12 17 69
12 18 63
12 19 46
13 14 51
13 15 83
13 16 38
13 17 39
13 18 127
13 19 48
14 15 71
14 16 14
14 17 32
14 18 81
14 19 20
15 16 74
15 17 49
15 18 79
15 19 90
16 17 28
16 18 94
16 19 17
17 18 90
17 19 45
18 19 98
0 4 23
0 7 71
0 9 74
0 10 64
0 12 17
0 13 92
0 14 41
0 16 55
0 17 64
0 19 54
1 2 38
1 3 58
1 5 49
1 6 52
1 9 75
1 10 65
1 11 74
1 18 43
2 3 82
2 6 63
2 7 56
2 8 66
2 10 51
2 11 80
2 13 82
2 16 45
2 18 80
2 19 34
3 4 75
3 5 62
3 7 71
3 9 70
3 11 37
3 17 35
4 6 59
4 7 59
4 9 63
4 12 8
4 14 34
4 15 94
4 17 65
4 18 70
5 6 36
5 7 24
5 8 32
5 17 36
5 19 11
6 8 22
6 10 36
6 11 22
6 14 29
6 15 44
6 16 30
6 19 46
7 8 26
7 10 8
7 11 44
7 12 67
7 13 26
7 14 31
7 16 18
7 17 37
7 19 22
8 9 23
8 12 71
8 16 22
8 17 13
9 12 70
9 14 33
9 15 84
9 17 35
9 19 27
10 11 40
10 12 61
10 14 23
10 15 80
10 17 31
10 18 103
10 19 19
11 12 82
11 15 46
11 17 14
11 18 100
12 14 40
12 19 46
13 15 83
13 17 39
13 18 127
13 19 48
14 19 20
15 16 74
15 17 49
15 18 79
16 17 28
18 19 98
