50 0.5 4 0 1 0.5 1225 61330
0.052151 0.242592 30
0.77563 0.596894 10
0.263921 0.116004 26
0.79426 0.0802414 26
0.567022 0.697155 8
0.600714 0.0759037 23
0.334104 0.205293 21
0.317227 0.810922 19
0.666585 0.4233 7
0.963704 0.582716 20
0.397537 0.542621 9
0.810427 0.863436 20
0.250594 0.391837 18
0.0642435 0.176697 31
0.728677 0.909687 20
0.161553 0.114197 30
0.639277 0.80196 13
0.917744 0.0960466 28
0.040547 0.168864 33
0.1302 0.415471 23
0.361345 0.845885 19
0.147577 0.785224 25
0.0190326 0.489743 28
0.813042 0.550121 12
0.613545 0.582311 3
0.0506021 0.183703 32
0.500955 0.655493 7
0.442749 0.698263 10
0.313368 0.369636 16
0.383579 0.93897 22
0.167923 0.375096 22
0.398455 0.0865307 24
0.757668 0.81829 17
0.255187 0.53284 16
0.18668 0.176229 27
0.456032 0.9174 20
0.953166 0.896078 26
0.0511573 0.70072 27
0.321136 0.76212 17
0.581543 0.441362 5
0.540819 0.719122 9
0.574148 0.540335 0
0.854682 0.0718703 27
0.733036 0.734091 13
0.430771 0.0540108 25
0.0927024 0.577756 24
0.811082 0.288648 17
0.124248 0.963249 31
0.925841 0.583033 18
0.788186 0.500759 11
0 1 81
0 2 25
0 3 76
0 4 69
0 5 57
0 6 28
0 7 63
0 8 64
0 9 97
0 10 46
0 11 98
0 12 25
0 13 7
0 14 95
0 15 17
0 16 81
0 17 88
0 18 7
0 19 19
0 20 68
0 21 55
0 22 25
0 23 82
0 24 66
0 25 6
0 26 61
0 27 60
0 28 29
0 29 77
0 30 18
0 31 38
0 32 91
0 33 35
0 34 15
0 35 79
0 36 111
0 37 46
0 38 59
0 39 57
0 40 68
0 41 60
0 42 82
0 43 84
0 44 42
0 45 34
0 46 76
0 47 72
0 48 94
0 49 78
1 2 70
1 3 52
1 4 23
1 5 55
1 6 59
1 7 51
1 8 21
1 9 19
1 10 38
1 11 27
1 12 56
1 13 83
1 14 32
1 15 78
1 16 25
1 17 52
1 18 85
1 19 67
1 20 48
1 21 66
1 22 76
1 23 6
1 24 16
1 25 83
1 26 28
1 27 35
1 28 52
1 29 52
1 30 65
1 31 63
1 32 22
1 33 52
1 34 72
1 35 45
1 36 35
1 37 73
1 38 48
1 39 25
1 40 26
1 41 21
1 42 53
1 43 14
1 44 64
1 45 68
1 46 31
1 47 75
1 48 15
1 49 10
2 3 53
2 4 66
2 5 34
2 6 11
2 7 70
2 8 51
2 9 84
2 10 45
2 11 93
2 12 28
2 13 21
2 14 92
2 15 10
2 16 78
2 17 65
2 18 23
2 19 33
2 20 74
2 21 68
2 22 45
2 23 70
2 24 58
2 25 22
2 26 59
2 27 61
2 28 26
2 29 83
2 30 28
2 31 14
2 32 86
2 33 42
2 34 10
2 35 82
2 36 104
2 37 62
2 38 65
2 39 45
2 40 66
2 41 53
2 42 59
2 43 78
2 44 18
2 45 49
2 46 57
2 47 86
2 48 81
2 49 65
3 4 66
3 5 19
3 6 48
3 7 87
3 8 37
3 9 53
3 10 61
3 11 78
3 12 63
3 13 74
3 14 83
3 15 63
3 16 74
3 17 12
3 18 76
3 19 74
3 20 88
3 21 96
3 22 88
3 23 47
3 24 53
3 25 75
3 26 65
3 27 71
3 28 56
3 29 95
3 30 69
3 31 40
3 32 74
3 33 70
3 34 62
3 35 90
3 36 83
3 37 97
3 38 83
3 39 42
3 40 69
3 41 51
3 42 6
3 43 66
3 44 36
3 45 86
3 46 21
3 47 111
3 48 52
3 49 42
4 5 62
4 6 54
4 7 27
4 8 29
4 9 41
4 10 23
4 11 29
4 12 44
4 13 72
4 14 27
4 15 71
4 16 13
4 17 70
4 18 75
4 19 52
4 20 25
4 21 43
4 22 59
4 23 29
4 24 12
4 25 73
4 26 8
4 27 12
4 28 41
4 29 30
4 30 51
4 31 63
4 32 23
4 33 35
4 34 64
4 35 25
4 36 43
4 37 52
4 38 25
4 39 26
4 40 3
4 41 16
4 42 69
4 43 17
4 44 66
4 45 49
4 46 48
4 47 52
4 48 38
4 49 30
5 6 30
5 7 79
5 8 35
5 9 62
5 10 51
5 11 81
5 12 47
5 13 55
5 14 84
5 15 44
5 16 73
5 17 32
5 18 57
5 19 58
5 20 81
5 21 84
5 22 71
5 23 52
5 24 51
5 25 56
5 26 59
5 27 64
5 28 41
5 29 89
5 30 53
5 31 20
5 32 76
5 33 57
5 34 43
5 35 85
5 36 89
5 37 83
5 38 74
5 39 37
5 40 65
5 41 47
5 42 25
5 43 67
5 44 17
5 45 71
5 46 30
5 47 101
5 48 60
5 49 46
6 7 61
6 8 40
6 9 73
6 10 34
6 11 81
6 12 20
6 13 27
6 14 81
6 15 20
6 16 67
6 17 59
6 18 30
6 19 29
6 20 64
6 21 61
6 22 42
6 23 59
6 24 47
6 25 28
6 26 48
6 27 50
6 28 17
6 29 74
6 30 24
6 31 14
6 32 75
6 33 34
6 34 15
6 35 72
6 36 93
6 37 57
6 38 56
6 39 34
6 40 55
6 41 41
6 42 54
6 43 66
6 44 18
6 45 44
6 46 48
6 47 79
6 48 70
6 49 54
7 8 52
7 9 69
7 10 28
7 11 50
7 12 42
7 13 68
7 14 42
7 15 71
7 16 32
7 17 93
7 18 70
7 19 44
7 20 6
7 21 17
7 22 44
7 23 56
7 24 37
7 25 68
7 26 24
7 27 17
7 28 44
7 29 14
7 30 46
7 31 73
7 32 44
7 33 28
7 34 65
7 35 17
7 36 64
7 37 29
7 38 5
7 39 45
7 40 24
7 41 37
7 42 91
7 43 42
7 44 77
7 45 32
7 46 72
7 47 25
7 48 65
7 49 56
8 9 34
8 10 29
8 11 46
8 12 42
8 13 65
8 14 49
8 15 59
8 16 38
8 17 41
8 18 68
8 19 54
8 20 52
8 21 63
8 22 65
8 23 19
8 24 17
8 25 66
8 26 29
8 27 35
8 28 36
8 29 59
8 30 50
8 31 43
8 32 41
8 33 43
8 34 54
8 35 54
8 36 55
8 37 68
8 38 48
8 39 9
8 40 32
8 41 15
8 42 40
8 43 32
8 44 44
8 45 59
8 46 20
8 47 77
8 48 30
8 49 14
9 10 57
9 11 32
9 12 74
9 13 99
9 14 40
9 15 93
9 16 39
9 17 49
9 18 101
9 19 85
9 20 66
9 21 84
9 22 95
9 23 15
9 24 35
9 25 100
9 26 47
9 27 53
9 28 68
9 29 68
9 30 82
9 31 75
9 32 31
9 33 71
9 34 88
9 35 61
9 36 31
9 37 92
9 38 67
9 39 41
9 40 44
9 41 39
9 42 52
9 43 28
9 44 75
9 45 87
9 46 33
9 47 92
9 48 4
9 49 19
10 11 52
10 12 21
10 13 49
10 14 49
10 15 49
10 16 35
10 17 69
10 18 52
10 19 30
10 20 31
10 21 35
10 22 38
10 23 42
10 24 22
10 25 50
10 26 15
10 27 16
10 28 19
10 29 40
10 30 28
10 31 46
10 32 45
10 33 14
10 34 42
10 35 38
10 36 66
10 37 38
10 38 23
10 39 21
10 40 23
10 41 18
10 42 66
10 43 39
10 44 49
10 45 31
10 46 49
10 47 50
10 48 53
10 49 39
11 12 73
11 13 101
11 14 9
11 15 99
11 16 18
11 17 77
11 18 104
11 19 81
11 20 45
11 21 67
11 22 88
11 23 31
11 24 34
11 25 102
11 26 37
11 27 40
11 28 70
11 29 43
11 30 81
11 31 88
11 32 7
11 33 65
11 34 93
11 35 36
11 36 15
11 37 78
11 38 50
11 39 48
11 40 31
11 41 40
11 42 79
11 43 15
11 44 89
11 45 77
11 46 57
11 47 69
11 48 30
11 49 36
12 13 28
12 14 70
12 15 29
12 16 57
12 17 73
12 18 31
12 19 12
12 20 47
12 21 41
12 22 25
12 23 58
12 24 41
12 25 29
12 26 36
12 27 36
12 28 7
12 29 56
12 30 8
12 31 34
12 32 66
12 33 14
12 34 22
12 35 56
12 36 86
12 37 37
12 38 38
12 39 33
12 40 44
12 41 36
12 42 68
12 43 59
12 44 38
12 45 24
12 46 57
12 47 59
12 48 70
12 49 55
13 14 99
13 15 12
13 16 85
13 17 86
13 18 2
13 19 25
13 20 73
13 21 61
13 22 32
13 23 84
13 24 68
13 25 2
13 26 65
13 27 64
13 28 32
13 29 83
13 30 22
13 31 35
13 32 94
13 33 40
13 34 12
13 35 84
13 36 114
13 37 52
13 38 64
13 39 58
13 40 72
13 41 63
13 42 80
13 43 87
13 44 39
13 45 40
13 46 76
13 47 79
13 48 95
13 49 79
14 15 98
14 16 14
14 17 84
14 18 101
14 19 78
14 20 37
14 21 59
14 22 82
14 23 37
14 24 35
14 25 99
14 26 34
14 27 36
14 28 68
14 29 35
14 30 77
14 31 89
14 32 10
14 33 61
14 34 91
14 35 27
14 36 22
14 37 71
14 38 43
14 39 49
14 40 27
14 41 40
14 42 85
14 43 18
14 44 91
14 45 72
14 46 63
14 47 61
14 48 38
14 49 41
15 16 84
15 17 76
15 18 13
15 19 30
15 20 76
15 21 67
15 22 40
15 23 78
15 24 65
15 25 13
15 26 64
15 27 65
15 28 30
15 29 85
15 30 26
15 31 24
15 32 92
15 33 43
15 34 7
15 35 86
15 36 111
15 37 60
15 38 67
15 39 53
15 40 71
15 41 59
15 42 69
15 43 84
15 44 28
15 45 47
15 46 67
15 47 85
15 48 90
15 49 74
16 17 76
16 18 87
16 19 64
16 20 28
16 21 49
16 22 69
16 23 31
16 24 22
16 25 85
16 26 20
16 27 22
16 28 54
16 29 29
16 30 64
16 31 75
16 32 12
16 33 47
16 34 77
16 35 22
16 36 33
16 37 60
16 38 32
16 39 37
16 40 13
16 41 27
16 42 76
16 43 12
16 44 78
16 45 59
16 46 54
16 47 54
16 48 36
16 49 34
17 18 88
17 19 85
17 20 93
17 21 103
17 22 98
17 23 47
17 24 57
17 25 87
17 26 70
17 27 77
17 28 66
17 29 100
17 30 80
17 31 52
17 32 74
17 33 79
17 34 74
17 35 94
17 36 80
17 37 106
17 38 89
17 39 48
17 40 73
17 41 56
17 42 7
17 43 66
17 44 49
17 45 96
17 46 22
17 47 118
17 48 49
17 49 42
18 19 26
18 20 75
18 21 63
18 22 32
18 23 86
18 24 71
18 25 2
18 26 67
18 27 66
18 28 34
18 29 84
18 30 24
18 31 37
18 32 97
18 33 42
18 34 15
18 35 86
18 36 117
18 37 53
18 38 66
18 39 61
18 40 74
18 41 65
18 42 82
18 43 89
18 44 41
18 45 41
18 46 78
18 47 80
18 48 98
18 49 82
19 20 49
19 21 37
19 22 13
19 23 70
19 24 51
19 25 25
19 26 44
19 27 42
19 28 19
19 29 58
19 30 6
19 31 42
19 32 75
19 33 17
19 34 25
19 35 60
19 36 95
19 37 30
19 38 40
19 39 45
19 40 51
19 41 46
19 42 80
19 43 68
19 44 47
19 45 17
19 46 69
19 47 55
19 48 81
19 49 66
20 21 22
20 22 49
20 23 54
20 24 36
20 25 73
20 26 24
20 27 17
20 28 48
20 29 10
20 30 51
20 31 76
20 32 40
20 33 33
20 34 69
20 35 12
20 36 59
20 37 34
20 38 9
20 39 46
20 40 22
20 41 37
20 42 92
20 43 39
20 44 79
20 45 38
20 46 72
20 47 26
20 48 62
20 49 55
21 22 32
21 23 71
21 24 51
21 25 61
21 26 38
21 27 31
21 28 45
21 29 28
21 30 41
21 31 74
21 32 61
21 33 27
21 34 61
21 35 34
21 36 81
21 37 13
21 38 18
21 39 55
21 40 40
21 41 49
21 42 100
21 43 59
21 44 78
21 45 21
21 46 83
21 47 18
21 48 80
21 49 70
22 23 80
22 24 60
22 25 31
22 26 51
22 27 47
22 28 32
22 29 58
22 30 19
22 31 55
22 32 81
22 33 24
22 34 36
22 35 61
22 36 102
22 37 21
22 38 41
22 39 56
22 40 57
22 41 56
22 42 93
22 43 75
22 44 60
22 45 11
22 46 82
22 47 49
22 48 91
22 49 77
23 24 20
23 25 85
23 26 33
23 27 40
23 28 53
23 29 58
23 30 67
23 31 62
23 32 27
23 33 56
23 34 73
23 35 51
23 36 37
23 37 78
23 38 54
23 39 26
23 40 32
23 41 24
23 42 48
23 43 20
23 44 63
23 45 72
23 46 26
23 47 80
23 48 12
23 49 6
24 25 69
24 26 13
24 27 21
24 28 37
24 29 42
24 30 49
24 31 54
24 32 28
24 33 36
24 34 59
24 35 37
24 36 46
24 37 57
24 38 34
24 39 14
24 40 15
24 41 6
24 42 56
24 43 19
24 44 56
24 45 52
24 46 35
24 47 62
24 48 31
24 49 19
25 26 65
25 27 65
25 28 32
25 29 83
25 30 22
25 31 36
25 32 95
25 33 40
25 34 14
25 35 84
25 36 115
25 37 52
25 38 64
25 39 59
25 40 73
25 41 63
25 42 81
25 43 88
25 44 40
25 45 40
25 46 77
25 47 78
25 48 96
25 49 80
26 27 7
26 28 34
26 29 31
26 30 44
26 31 58
26 32 30
26 33 27
26 34 57
26 35 27
26 36 51
26 37 45
26 38 21
26 39 23
26 40 8
26 41 14
26 42 68
26 43 25
26 44 61
26 45 42
26 46 48
26 47 49
26 48 43
26 49 33
27 28 35
27 29 25
27 30 42
27 31 61
27 32 34
27 33 25
27 34 58
27 35 22
27 36 55
27 37 39
27 38 14
27 39 29
27 40 10
27 41 21
27 42 75
27 43 29
27 44 64
27 45 37
27 46 55
27 47 41
27 48 50
27 49 40
28 29 57
28 30 15
28 31 30
28 32 63
28 33 17
28 34 23
28 35 57
28 36 83
28 37 42
28 38 39
28 39 28
28 40 42
28 41 31
28 42 62
28 43 56
28 44 34
28 45 30
28 46 50
28 47 62
28 48 65
28 49 49
29 30 60
29 31 85
29 32 39
29 33 43
29 34 79
29 35 8
29 36 57
29 37 41
29 38 19
29 39 54
29 40 27
29 41 44
29 42 99
29 43 41
29 44 89
29 45 46
29 46 78
29 47 26
29 48 65
29 49 60
30 31 37
30 32 74
30 33 18
30 34 20
30 35 61
30 36 94
30 37 35
30 38 42
30 39 42
30 40 51
30 41 44
30 42 75
30 43 67
30 44 41
30 45 22
30 46 65
30 47 59
30 48 79
30 49 63
31 32 82
31 33 47
31 34 23
31 35 83
31 36 98
31 37 71
31 38 68
31 39 40
31 40 65
31 41 49
31 42 46
31 43 73
31 44 5
31 45 58
31 46 46
31 47 92
31 48 72
31 49 57
32 33 58
32 34 86
32 35 32
32 36 21
32 37 72
32 38 44
32 39 42
32 40 24
32 41 33
32 42 75
32 43 9
32 44 83
32 45 71
32 46 53
32 47 65
32 48 29
32 49 32
33 34 36
33 35 43
33 36 79
33 37 26
33 38 24
33 39 34
33 40 34
33 41 32
33 42 76
33 43 52
33 44 51
33 45 17
33 46 61
33 47 45
33 48 67
33 49 53
34 35 79
34 36 105
34 37 54
34 38 60
34 39 48
34 40 65
34 41 53
34 42 68
34 43 78
34 44 27
34 45 41
34 46 63
34 47 79
34 48 84
34 49 68
35 36 50
35 37 46
35 38 21
35 39 49
35 40 22
35 41 40
35 42 93
35 43 33
35 44 86
35 45 50
35 46 72
35 47 33
35 48 58
35 49 53
36 37 92
36 38 65
36 39 59
36 40 45
36 41 52
36 42 83
36 43 27
36 44 99
36 45 92
36 46 62
36 47 83
36 48 31
36 49 43
37 38 28
37 39 59
37 40 49
37 41 55
37 42 102
37 43 68
37 44 75
37 45 13
37 46 86
37 47 27
37 48 88
37 49 76
38 39 41
38 40 22
38 41 34
38 42 87
38 43 41
38 44 72
38 45 29
38 46 68
38 47 28
38 48 63
38 49 54
39 40 28
39 41 10
39 42 46
39 43 33
39 44 42
39 45 51
39 46 28
39 47 69
39 48 37
39 49 22
40 41 18
40 42 72
40 43 19
40 44 67
40 45 47
40 46 51
40 47 48
40 48 41
40 49 33
41 42 55
41 43 25
41 44 51
41 45 48
41 46 35
41 47 62
41 48 35
41 49 22
42 43 67
42 44 42
42 45 91
42 46 22
42 47 115
42 48 52
42 49 43
43 44 74
43 45 66
43 46 45
43 47 65
43 48 24
43 49 24
44 45 62
44 46 45
44 47 96
44 48 72
44 49 57
45 46 77
45 47 39
45 48 83
45 49 70
46 47 96
46 48 32
46 49 21
47 48 89
47 49 81
48 49 16
0 1 81
0 6 28
0 10 46
0 14 95
0 15 17
0 16 81
0 22 25
0 23 82
0 24 66
0 26 61
0 27 60
0 28 29
0 29 77
0 33 35
0 34 15
0 35 79
0 36 111
0 37 46
0 38 59
0 39 57
0 42 82
0 46 76
0 47 72
0 48 94
0 49 78
1 2 70
1 3 52
1 5 55
1 6 59
1 7 51
1 9 19
1 10 38
1 11 27
1 12 56
1 17 52
1 18 85
1 20 48
1 23 6
1 25 83
1 26 28
1 29 52
1 30 65
1 31 63
1 32 22
1 35 45
1 37 73
1 38 48
1 41 21
1 42 53
1 43 14
1 44 64
1 45 68
1 46 31
1 47 75
2 4 66
2 7 70
2 10 45
2 11 93
2 12 28
2 17 65
2 18 23
2 21 68
2 22 45
2 25 22
2 26 59
2 27 61
2 31 14
2 32 86
2 34 10
2 37 62
2 39 45
2 40 66
2 42 59
2 43 78
2 44 18
2 45 49
2 49 65
3 6 48
3 11 78
3 13 74
3 14 83
3 18 76
3 19 74
3 20 88
3 24 53
3 25 75
3 28 56
3 29 95
3 31 40
3 32 74
3 33 70
3 38 83
3 40 69
3 42 6
3 44 36
3 45 86
3 46 21
3 47 111
4 7 27
4 9 41
4 10 23
4 13 72
4 16 13
4 17 70
4 18 75
4 19 52
4 20 25
4 21 43
4 22 59
4 23 29
4 24 12
4 25 73
4 26 8
4 29 30
4 31 63
4 32 23
4 33 35
4 35 25
4 36 43
4 40 3
4 43 17
4 45 49
4 46 48
4 47 52
4 49 30
5 6 30
5 7 79
5 9 62
5 10 51
5 11 81
5 12 47
5 13 55
5 16 73
5 17 32
5 20 81
5 21 84
5 22 71
5 28 41
5 29 89
5 30 53
5 31 20
5 35 85
5 37 83
5 39 37
5 40 65
5 41 47
5 43 67
5 45 71
5 46 30
5 47 101
5 48 60
6 7 61
6 8 40
6 10 34
6 11 81
6 12 20
6 14 81
6 19 29
6 20 64
6 25 28
6 26 48
6 28 17
6 30 24
6 32 75
6 33 34
6 34 15
6 35 72
6 36 93
6 38 56
6 40 55
6 45 44
6 46 48
6 48 70
6 49 54
7 8 52
7 9 69
7 10 28
7 13 68
7 14 42
7 15 71
7 19 44
7 21 17
7 22 44
7 23 56
7 24 37
7 26 24
7 27 17
7 30 46
7 31 73
7 32 44
7 34 65
7 36 64
7 39 45
7 45 32
7 46 72
7 48 65
7 49 56
8 15 59
8 17 41
8 19 54
8 24 17
8 25 66
8 26 29
8 27 35
8 28 36
8 29 59
8 30 50
8 36 55
8 37 68
8 38 48
8 39 9
8 40 32
8 41 15
8 43 32
8 44 44
8 45 59
8 47 77
8 48 30
8 49 14
9 14 40
9 17 49
9 18 101
9 19 85
9 20 66
9 21 84
9 26 47
9 29 68
9 30 82
9 32 31
9 34 88
9 36 31
9 38 67
9 39 41
9 43 28
9 44 75
9 47 92
9 48 4
9 49 19
10 11 52
10 12 21
10 13 49
10 15 49
10 17 69
10 19 30
10 21 35
10 23 42
10 24 22
10 27 16
10 34 42
10 35 38
10 36 66
10 37 38
10 38 23
10 41 18
10 43 39
10 45 31
10 46 49
11 12 73
11 14 9
11 15 99
11 16 18
11 17 77
11 19 81
11 20 45
11 21 67
11 23 31
11 24 34
11 27 40
11 33 65
11 34 93
11 41 40
11 45 77
11 47 69
11 48 30
12 14 70
12 17 73
12 19 12
12 25 29
12 26 36
12 29 56
12 31 34
12 32 66
12 33 14
12 34 22
12 37 37
12 39 33
12 41 36
12 42 68
12 43 59
12 44 38
12 46 57
13 16 85
13 17 86
13 18 2
13 19 25
13 20 73
13 22 32
13 24 68
13 25 2
13 26 65
13 31 35
13 32 94
13 34 12
13 37 52
13 38 64
13 42 80
13 43 87
13 44 39
13 45 40
13 47 79
13 48 95
13 49 79
14 16 14
14 18 101
14 19 78
14 20 37
14 21 59
14 23 37
14 28 68
14 29 35
14 31 89
14 33 61
14 34 91
14 35 27
14 39 49
14 43 18
14 46 63
14 47 61
14 48 38
15 16 84
15 17 76
15 19 30
15 20 76
15 21 67
15 22 40
15 24 65
15 26 64
15 28 30
15 29 85
15 32 92
15 33 43
15 35 86
15 36 111
15 37 60
15 38 67
15 40 71
15 41 59
15 42 69
15 44 28
15 47 85
15 48 90
15 49 74
16 18 87
16 19 64
16 21 49
16 23 31
16 26 20
16 27 22
16 32 12
16 36 33
16 37 60
16 39 37
16 43 12
16 46 54
16 47 54
16 48 36
17 19 85
17 20 93
17 21 103
17 26 70
17 27 77
17 28 66
17 29 100
17 30 80
17 31 52
17 36 80
17 37 106
17 40 73
17 43 66
17 44 49
17 45 96
17 47 118
17 49 42
18 21 63
18 23 86
18 24 71
18 25 2
18 26 67
18 27 66
18 29 84
18 30 24
18 31 37
18 33 42
18 36 117
18 37 53
18 39 61
18 41 65
18 42 82
18 43 89
19 20 49
19 21 37
19 22 13
19 23 70
19 24 51
19 26 44
19 28 19
19 29 58
19 30 6
19 38 40
19 39 45
19 40 51
19 41 46
19 42 80
19 43 68
19 44 47
19 47 55
19 48 81
19 49 66
20 21 22
20 22 49
20 25 73
20 26 24
20 28 48
20 30 51
20 31 76
20 32 40
20 33 33
20 38 9
20 40 22
20 41 37
20 46 72
21 22 32
21 23 71
21 24 51
21 26 38
21 27 31
21 28 45
21 31 74
21 32 61
21 34 61
21 35 34
21 36 81
21 37 13
21 39 55
21 42 100
21 43 59
21 44 78
21 47 18
22 23 80
22 30 19
22 32 81
22 33 24
22 34 36
22 38 41
22 41 56
22 42 93
22 43 75
22 44 60
22 46 82
23 24 20
23 27 40
23 28 53
23 29 58
23 30 67
23 31 62
23 32 27
23 33 56
23 34 73
23 36 37
23 37 78
23 38 54
23 43 20
23 46 26
23 48 12
23 49 6
24 29 42
24 32 28
24 38 34
24 39 14
24 44 56
24 45 52
25 27 65
25 28 32
25 29 83
25 36 115
25 40 73
25 45 40
26 27 7
26 30 44
26 32 30
26 40 8
26 41 14
26 43 25
26 46 48
26 47 49
26 48 43
26 49 33
27 28 35
27 29 25
27 33 25
27 36 55
27 39 29
27 40 10
27 41 21
27 42 75
27 43 29
27 45 37
28 29 57
28 31 30
28 35 57
28 40 42
28 41 31
28 42 62
28 44 34
28 47 62
28 49 49
29 31 85
29 34 79
29 35 8
29 39 54
29 40 27
29 41 44
29 43 41
29 44 89
29 45 46
30 31 37
30 33 18
30 36 94
30 38 42
30 39 42
30 41 44
30 42 75
30 44 41
30 45 22
30 48 79
31 33 47
31 43 73
31 45 58
31 47 92
32 34 86
32 36 21
32 40 24
32 42 75
32 43 9
32 44 83
32 46 53
32 47 65
32 49 32
33 34 36
33 36 79
33 38 24
33 40 34
33 45 17
33 47 45
33 48 67
34 35 79
34 38 60
34 39 48
34 42 68
34 44 27
34 45 41
34 46 63
34 47 79
34 48 84
34 49 68
35 37 46
35 42 93
35 44 86
35 45 50
35 48 58
35 49 53
36 39 59
36 40 45
36 41 52
36 45 92
36 47 83
36 49 43
37 39 59
37 44 75
37 48 88
37 49 76
38 41 34
38 45 29
38 46 68
38 48 63
39 45 51
39 47 69
40 41 18
40 43 19
40 45 47
40 46 51
40 47 48
40 49 33
41 42 55
41 44 51
41 48 35
42 43 67
42 46 22
42 47 115
42 49 43
43 44 74
43 46 45
43 47 65
43 48 24
44 46 45
44 48 72
44 49 57
45 48 83
46 48 32
46 49 21
47 48 89
47 49 81
48 49 16
