20 0.5 5 1 0.5 190 95 7
0.417468 0.798005 26
0.416978 0.651274 29
0.813283 0.354202 29
0.433861 0.642188 29
0.390356 0.859405 27
0.348896 0.547545 35
0.237863 0.165242 51
0.121282 0.867849 40
0.474441 0.130315 46
0.467716 0.528288 31
0.480789 0.417375 34
0.92861 0.929201 0
0.358149 0.148577 48
0.384533 0.986575 27
0.56533 0.476085 29
0.378514 0.336838 40
0.379211 0.754468 29
0.0988053 0.339613 51
0.537899 0.499517 29
0.489931 0.531773 30
0 1 15
0 2 59
0 3 16
0 4 7
0 5 26
0 6 66
0 7 30
0 8 67
0 9 27
0 10 39
0 11 53
0 12 65
0 13 19
0 14 35
0 15 46
0 16 6
0 17 56
0 18 32
0 19 28
1 2 50
1 3 2
1 4 21
1 5 12
1 6 52
1 7 37
1 8 52
1 9 13
1 10 24
1 11 58
1 12 51
1 13 34
1 14 23
1 15 32
1 16 11
1 17 45
1 18 19
1 19 14
2 3 48
2 4 66
2 5 50
2 6 61
2 7 86
2 8 41
2 9 39
2 10 34
2 11 59
2 12 50
2 13 76
2 14 28
2 15 44
2 16 59
2 17 71
2 18 31
2 19 37
3 4 22
3 5 13
3 6 52
3 7 39
3 8 51
3 9 12
3 10 23
3 11 57
3 12 50
3 13 35
3 14 21
3 15 31
3 16 12
3 17 45
3 18 18
3 19 12
4 5 31
4 6 71
4 7 27
4 8 73
4 9 34
4 10 45
4 11 54
4 12 71
4 13 13
4 14 42
4 15 52
4 16 11
4 17 60
4 18 39
4 19 34
5 6 40
5 7 39
5 8 44
5 9 12
5 10 19
5 11 69
5 12 40
5 13 44
5 14 23
5 15 21
5 16 21
5 17 33
5 18 20
5 19 14
6 7 71
6 8 24
6 9 43
6 10 35
6 11 103
6 12 12
6 13 83
6 14 45
6 15 22
6 16 61
6 17 22
6 18 45
6 19 44
7 8 82
7 9 49
7 10 58
7 11 81
7 12 76
7 13 29
7 14 59
7 15 59
7 16 28
7 17 53
7 18 56
7 19 50
8 9 40
8 10 29
8 11 92
8 12 12
8 13 86
8 14 36
8 15 23
8 16 63
8 17 43
8 18 37
8 19 40
9 10 11
9 11 61
9 12 40
9 13 47
9 14 11
9 15 21
9 16 24
9 17 41
9 18 8
9 19 2
10 11 68
10 12 30
10 13 58
10 14 10
10 15 13
10 16 35
10 17 39
10 18 10
10 19 11
11 12 97
11 13 55
11 14 58
11 15 81
11 16 58
11 17 102
11 18 58
11 19 59
12 13 84
12 14 39
12 15 19
12 16 61
12 17 32
12 18 39
12 19 41
13 14 54
13 15 65
13 16 23
13 17 71
13 18 51
13 19 47
14 15 23
14 16 33
14 17 49
14 18 4
14 19 9
15 16 42
15 17 28
15 18 23
15 19 22
16 17 50
16 18 30
16 19 25
17 18 47
17 19 44
18 19 6
0 1 15
0 6 66
0 7 30
0 8 67
0 11 53
0 13 19
0 14 35
0 15 46
0 17 56
0 19 28
1 6 52
1 8 52
1 11 58
1 15 32
1 17 45
2 4 66
2 9 39
2 10 34
2 11 59
2 12 50
2 14 28
2 15 44
2 16 59
2 18 31
3 4 22
3 5 13
3 6 52
3 8 51
3 12 50
3 16 12
3 18 18
3 19 12
4 6 71
4 9 34
4 10 45
4 17 60
4 18 39
5 7 39
5 12 40
5 14 23
5 15 21
5 18 20
6 8 24
6 9 43
6 10 35
6 12 12
6 13 83
6 14 45
6 18 45
7 8 82
7 9 49
7 10 58
7 11 81
7 12 76
7 13 29
7 14 59
7 15 59
8 9 40
8 10 29
8 15 23
8 16 63
8 18 37
8 19 40
9 10 11
9 12 40
9 14 11
9 16 24
9 17 41
9 19 2
10 11 68
10 12 30
10 13 58
10 15 13
10 16 35
10 18 10
10 19 11
11 12 97
11 13 55
11 16 58
12 13 84
12 16 61
12 17 32
13 15 65
13 16 23
13 17 71
14 15 23
14 16 33
14 17 49
14 18 4
15 16 42
15 17 28
16 17 50
16 19 25
17 18 47
17 19 44
