20 0.5 20 1 1 190 95 6
0.275657 0.446985 48
0.711061 0.268552 69
0.266853 0.801078 82
0.321616 0.806272 84
0.278136 0.837013 85
0.378713 0.956037 100
0.570616 0.391687 63
0.394342 0.190502 37
0.897765 0.307298 87
0.299167 0.220788 31
0.582638 0.542497 74
0.105062 0.331685 33
0.0774588 0.00616617 0
0.514132 0.190767 47
0.32524 0.797896 83
0.0479817 0.615968 61
0.219551 0.0759439 16
0.570583 0.307895 58
0.794185 0.550667 90
0.547852 0.898856 101
0 1 47
0 2 35
0 3 36
0 4 39
0 5 52
0 6 30
0 7 28
0 8 64
0 9 23
0 10 32
0 11 21
0 12 48
0 13 35
0 14 35
0 15 28
0 16 38
0 17 33
0 18 53
0 19 53
1 2 69
1 3 66
1 4 71
1 5 76
1 6 19
1 7 33
1 8 19
1 9 41
1 10 30
1 11 61
1 12 69
1 13 21
1 14 66
1 15 75
1 16 53
1 17 15
1 18 29
1 19 65
2 3 6
2 4 4
2 5 19
2 6 51
2 7 62
2 8 80
2 9 58
2 10 41
2 11 50
2 12 82
2 13 66
2 14 6
2 15 29
2 16 73
2 17 58
2 18 58
2 19 30
3 4 5
3 5 16
3 6 48
3 7 62
3 8 76
3 9 59
3 10 37
3 11 52
3 12 84
3 13 64
3 14 1
3 15 33
3 16 74
3 17 56
3 18 54
3 19 24
4 5 16
4 6 53
4 7 66
4 8 82
4 9 62
4 10 42
4 11 53
4 12 85
4 13 69
4 14 6
4 15 32
4 16 76
4 17 60
4 18 59
4 19 28
5 6 60
5 7 77
5 8 83
5 9 74
5 10 46
5 11 68
5 12 100
5 13 78
5 14 17
5 15 47
5 16 89
5 17 68
5 18 58
5 19 18
6 7 27
6 8 34
6 9 32
6 10 15
6 11 47
6 12 63
6 13 21
6 14 47
6 15 57
6 16 47
6 17 8
6 18 27
6 19 51
7 8 52
7 9 10
7 10 40
7 11 32
7 12 37
7 13 12
7 14 61
7 15 55
7 16 21
7 17 21
7 18 54
7 19 72
8 9 60
8 10 39
8 11 79
8 12 87
8 13 40
8 14 75
8 15 90
8 16 72
8 17 33
8 18 26
8 19 69
9 10 43
9 11 22
9 12 31
9 13 22
9 14 58
9 15 47
9 16 17
9 17 29
9 18 59
9 19 72
10 11 52
10 12 74
10 13 36
10 14 36
10 15 54
10 16 59
10 17 23
10 18 21
10 19 36
11 12 33
11 13 43
11 14 52
11 15 29
11 16 28
11 17 47
11 18 72
11 19 72
12 13 47
12 14 83
12 15 61
12 16 16
12 17 58
12 18 90
12 19 101
13 14 64
13 15 63
13 16 32
13 17 13
13 18 46
13 19 71
14 15 33
14 16 73
14 17 55
14 18 53
14 19 24
15 16 57
15 17 61
15 18 75
15 19 57
16 17 42
16 18 75
16 19 89
17 18 33
17 19 59
18 19 43
0 1 47
0 2 35
0 4 39
0 8 64
0 9 23
0 11 21
0 12 48
0 13 35
0 14 35
0 19 53
1 3 66
1 4 71
1 6 19
1 9 41
1 10 30
1 13 21
1 17 15
1 19 65
2 4 4
2 7 62
2 8 80
2 9 58
2 11 50
2 12 82
2 16 73
3 5 16
3 8 76
3 9 59
3 10 37
3 14 1
3 16 74
3 19 24
4 5 16
4 6 53
4 9 62
4 10 42
4 11 53
4 14 6
4 17 60
4 18 59
4 19 28
5 9 74
5 10 46
5 12 100
5 13 78
5 16 89
5 17 68
6 7 27
6 8 34
6 9 32
6 11 47
6 13 21
6 15 57
6 16 47
6 17 8
7 8 52
7 9 10
7 13 12
7 14 61
7 19 72
8 10 39
8 17 33
8 19 69
9 10 43
9 11 22
9 13 22
9 18 59
10 11 52
10 12 74
10 13 36
10 15 54
10 17 23
10 19 36
11 12 33
11 13 43
11 14 52
11 15 29
11 17 47
11 18 72
11 19 72
12 13 47
12 15 61
12 16 16
12 18 90
12 19 101
13 14 64
13 16 32
13 17 13
14 15 33
14 16 73
14 19 24
15 16 57
15 18 75
16 19 89
17 19 59
