10 0.5 5 0 0.1 45 23 4
0.749954 0.418935 3
0.374269 0.0748174 4
0.418232 0.433131 0
0.678322 0.858267 5
0.904124 0.740495 6
0.136665 0.320723 3
0.861274 0.652955 5
0.856779 0.84585 6
0.825195 0.673524 5
0.0618519 0.79348 5
0 1 51
0 2 33
0 3 45
0 4 36
0 5 62
0 6 26
0 7 44
0 8 27
0 9 78
1 2 36
1 3 84
1 4 85
1 5 34
1 6 76
1 7 91
1 8 75
1 9 78
2 3 50
2 4 57
2 5 30
2 6 49
2 7 60
2 8 47
2 9 51
3 4 25
3 5 76
3 6 27
3 7 18
3 8 24
3 9 62
4 5 87
4 6 10
4 7 12
4 8 10
4 9 84
5 6 80
5 7 89
5 8 77
5 9 48
6 7 19
6 8 4
6 9 81
7 8 18
7 9 80
8 9 77
0 1 51
0 3 45
0 4 36
0 5 62
0 6 26
0 9 78
1 2 36
1 3 84
1 6 76
1 7 91
1 8 75
2 3 50
2 4 57
2 5 30
2 8 47
3 7 18
3 8 24
3 9 62
4 5 87
4 6 10
4 9 84
6 8 4
7 8 18
