100 0.7 8 1 1 0.5 4950 346557
0.114642 0.625153 51
0.809088 0.930739 45
0.550342 0.630669 35
0.694935 0.378986 21
0.758331 0.680403 33
0.755506 0.211393 13
0.918389 0.19408 8
0.512917 0.917792 49
0.858035 0.814138 39
0.415493 0.0829118 26
0.330792 0.051514 30
0.609996 0.89761 46
0.414948 0.755599 44
0.551848 0.65673 37
0.267375 0.524563 42
0.622784 0.306831 21
0.835994 0.0623672 5
0.316934 0.358877 35
0.573174 0.034801 18
0.485634 0.775683 43
0.315722 0.615032 43
0.270323 0.558963 42
0.840499 0.751878 36
0.0266092 0.754147 58
0.121002 0.702982 53
0.66864 0.117638 14
0.296978 0.861205 52
0.0970465 0.0358115 42
0.965079 0.665093 31
0.521022 0.777724 43
0.0349529 0.771744 58
0.00443399 0.513083 52
0.769525 0.456572 23
0.029564 0.870996 62
0.979644 0.299289 13
0.809384 0.319969 16
0.240945 0.146843 35
0.0638558 0.411053 48
0.732385 0.964635 48
0.746121 0.504667 25
0.482455 0.622759 37
0.170904 0.537739 46
0.0781888 0.822861 58
0.146133 0.70434 52
0.558158 0.769888 41
0.429817 0.0574 26
0.940292 0.0373933 0
0.70925 0.566169 29
0.112505 0.252591 43
0.729535 0.241068 15
0.108749 0.789018 56
0.134201 0.612039 49
0.291107 0.806554 50
0.978827 0.671468 32
0.871823 0.288189 13
0.962896 0.307274 14
0.746052 0.789244 39
0.736906 0.0801175 10
0.841194 0.537776 26
0.575751 0.65982 36
0.757433 0.199281 12
0.439505 0.528118 35
0.62383 0.194554 18
0.866979 0.992728 48
0.500365 0.435547 30
0.00348521 0.394021 50
0.49925 0.136196 23
0.265522 0.152051 34
0.921889 0.574562 27
0.131735 0.832789 57
0.485859 0.362849 28
0.997013 0.887213 43
0.575767 0.542178 31
0.547704 0.468797 29
0.543522 0.133109 20
0.114593 0.175127 42
0.978345 0.68511 32
0.744672 0.384028 20
0.077758 0.159195 44
0.352917 0.732948 46
0.62197 0.571782 31
0.636361 0.68449 36
0.877794 0.120417 5
0.417309 0.953385 53
0.0897799 0.649986 52
0.0726777 0.161652 44
0.8212 0.105444 7
0.765385 0.0555716 9
0.475603 0.357601 28
0.459031 0.297028 27
0.0532086 0.736474 56
0.431686 0.194655 27
0.277679 0.933058 56
0.652513 0.678517 35
0.538425 0.108602 20
0.530591 0.817647 44
0.793632 0.737242 36
0.0348551 0.536927 52
0.414363 0.386024 32
0.0911604 0.774957 56
0 1 76
0 2 44
0 3 63
0 4 65
0 5 76
0 6 91
0 7 49
0 8 77
0 9 62
0 10 61
0 11 57
0 12 33
0 13 44
0 14 18
0 15 60
0 16 91
0 17 33
0 18 75
0 19 40
0 20 20
0 21 17
0 22 74
0 23 16
0 24 8
0 25 75
0 26 30
0 27 59
0 28 85
0 29 43
0 30 17
0 31 16
0 32 68
0 33 26
0 34 92
0 35 76
0 36 49
0 37 22
0 38 70
0 39 64
0 40 37
0 41 10
0 42 20
0 43 9
0 44 47
0 45 65
0 46 101
0 47 60
0 48 37
0 49 72
0 50 16
0 51 2
0 52 25
0 53 87
0 54 83
0 55 91
0 56 65
0 57 83
0 58 73
0 59 46
0 60 77
0 61 34
0 62 67
0 63 84
0 64 43
0 65 26
0 66 62
0 67 50
0 68 81
0 69 21
0 70 45
0 71 92
0 72 47
0 73 46
0 74 65
0 75 45
0 76 87
0 77 67
0 78 47
0 79 26
0 80 51
0 81 53
0 82 91
0 83 45
0 84 4
0 85 47
0 86 88
0 87 86
0 88 45
0 89 48
0 90 13
0 91 53
0 92 35
0 93 54
0 94 67
0 95 46
0 96 69
0 97 12
0 98 38
0 99 15
1 2 40
1 3 56
1 4 26
1 5 72
1 6 74
1 7 30
1 8 13
1 9 93
1 10 100
1 11 20
1 12 43
1 13 38
1 14 68
1 15 65
1 16 87
1 17 75
1 18 93
1 19 36
1 20 59
1 21 65
1 22 18
1 23 80
1 24 72
1 25 83
1 26 52
1 27 114
1 28 31
1 29 33
1 30 79
1 31 91
1 32 48
1 33 78
1 34 65
1 35 61
1 36 97
1 37 91
1 38 8
1 39 43
1 40 45
1 41 75
1 42 74
1 43 70
1 44 30
1 45 95
1 46 90
1 47 38
1 48 97
1 49 69
1 50 71
1 51 75
1 52 53
1 53 31
1 54 65
1 55 64
1 56 15
1 57 85
1 58 39
1 59 36
1 60 73
1 61 55
1 62 76
1 63 8
1 64 58
1 65 97
1 66 85
1 67 95
1 68 37
1 69 68
1 70 65
1 71 19
1 72 45
1 73 53
1 74 84
1 75 103
1 76 30
1 77 55
1 78 106
1 79 50
1 80 40
1 81 30
1 82 81
1 83 39
1 84 77
1 85 106
1 86 83
1 87 88
1 88 66
1 89 72
1 90 78
1 91 83
1 92 53
1 93 30
1 94 87
1 95 30
1 96 19
1 97 87
1 98 67
1 99 73
2 3 29
2 4 21
2 5 47
2 6 57
2 7 29
2 8 36
2 9 56
2 10 62
2 11 27
2 12 18
2 13 3
2 14 30
2 15 33
2 16 64
2 17 36
2 18 60
2 19 16
2 20 24
2 21 29
2 22 31
2 23 54
2 24 44
2 25 53
2 26 34
2 27 75
2 28 42
2 29 15
2 30 53
2 31 56
2 32 28
2 33 57
2 34 54
2 35 40
2 36 57
2 37 53
2 38 38
2 39 23
2 40 7
2 41 39
2 42 51
2 43 41
2 44 14
2 45 59
2 46 71
2 47 17
2 48 58
2 49 43
2 50 47
2 51 42
2 52 31
2 53 43
2 54 47
2 55 52
2 56 25
2 57 58
2 58 31
2 59 4
2 60 48
2 61 15
2 62 44
2 63 48
2 64 20
2 65 60
2 66 50
2 67 56
2 68 38
2 69 46
2 70 28
2 71 52
2 72 9
2 73 16
2 74 50
2 75 63
2 76 43
2 77 31
2 78 67
2 79 22
2 80 9
2 81 10
2 82 61
2 83 35
2 84 46
2 85 67
2 86 59
2 87 61
2 88 28
2 89 35
2 90 51
2 91 45
2 92 41
2 93 11
2 94 52
2 95 19
2 96 27
2 97 52
2 98 28
2 99 48
3 4 31
3 5 18
3 6 29
3 7 57
3 8 46
3 9 41
3 10 49
3 11 53
3 12 47
3 13 31
3 14 45
3 15 10
3 16 35
3 17 38
3 18 37
3 19 45
3 20 45
3 21 46
3 22 40
3 23 77
3 24 66
3 25 26
3 26 63
3 27 69
3 28 39
3 29 44
3 30 77
3 31 70
3 32 11
3 33 83
3 34 30
3 35 13
3 36 51
3 37 63
3 38 59
3 39 14
3 40 32
3 41 55
3 42 76
3 43 64
3 44 41
3 45 42
3 46 42
3 47 19
3 48 60
3 49 14
3 50 72
3 51 61
3 52 59
3 53 41
3 54 20
3 55 28
3 56 41
3 57 30
3 58 22
3 59 31
3 60 19
3 61 30
3 62 20
3 63 64
3 64 20
3 65 69
3 66 31
3 67 49
3 68 30
3 69 72
3 70 21
3 71 59
3 72 20
3 73 17
3 74 29
3 75 62
3 76 42
3 77 5
3 78 66
3 79 49
3 80 21
3 81 31
3 82 32
3 83 64
3 84 66
3 85 66
3 86 30
3 87 33
3 88 22
3 89 25
3 90 73
3 91 32
3 92 69
3 93 30
3 94 31
3 95 47
3 96 37
3 97 68
3 98 28
3 99 72
4 5 47
4 6 51
4 7 34
4 8 17
4 9 69
4 10 76
4 11 26
4 12 35
4 13 21
4 14 52
4 15 40
4 16 62
4 17 55
4 18 67
4 19 29
4 20 45
4 21 50
4 22 11
4 23 74
4 24 64
4 25 57
4 26 50
4 27 92
4 28 21
4 29 26
4 30 73
4 31 77
4 32 22
4 33 75
4 34 44
4 35 36
4 36 74
4 37 74
4 38 29
4 39 18
4 40 28
4 41 60
4 42 69
4 43 61
4 44 22
4 45 70
4 46 67
4 47 12
4 48 77
4 49 44
4 50 66
4 51 63
4 52 48
4 53 22
4 54 41
4 55 43
4 56 11
4 57 60
4 58 16
4 59 18
4 60 48
4 61 35
4 62 50
4 63 33
4 64 36
4 65 81
4 66 60
4 67 72
4 68 19
4 69 64
4 70 42
4 71 32
4 72 23
4 73 30
4 74 59
4 75 82
4 76 22
4 77 30
4 78 86
4 79 41
4 80 17
4 81 12
4 82 57
4 83 44
4 84 67
4 85 86
4 86 58
4 87 62
4 88 43
4 89 49
4 90 71
4 91 59
4 92 54
4 93 11
4 94 61
4 95 27
4 96 7
4 97 74
4 98 45
4 99 67
5 6 16
5 7 75
5 8 61
5 9 36
5 10 45
5 11 70
5 12 64
5 13 49
5 14 58
5 15 16
5 16 17
5 17 46
5 18 25
5 19 63
5 20 60
5 21 60
5 22 55
5 23 91
5 24 80
5 25 13
5 26 80
5 27 68
5 28 50
5 29 61
5 30 91
5 31 81
5 32 25
5 33 98
5 34 24
5 35 12
5 36 52
5 37 72
5 38 75
5 39 29
5 40 49
5 41 67
5 42 91
5 43 78
5 44 59
5 45 36
5 46 25
5 47 36
5 48 64
5 49 4
5 50 87
5 51 74
5 52 75
5 53 51
5 54 14
5 55 23
5 56 58
5 57 13
5 58 34
5 59 48
5 60 1
5 61 45
5 62 13
5 63 79
5 64 34
5 65 77
5 66 27
5 67 49
5 68 40
5 69 88
5 70 31
5 71 72
5 72 38
5 73 33
5 74 23
5 75 64
5 76 52
5 77 17
5 78 68
5 79 66
5 80 38
5 81 49
5 82 15
5 83 82
5 84 80
5 85 68
5 86 12
5 87 16
5 88 32
5 89 31
5 90 88
5 91 32
5 92 87
5 93 48
5 94 24
5 95 65
5 96 53
5 97 79
5 98 38
5 99 87
6 7 83
6 8 62
6 9 52
6 10 60
6 11 77
6 12 75
6 13 59
6 14 73
6 15 32
6 16 16
6 17 62
6 18 38
6 19 72
6 20 74
6 21 74
6 22 56
6 23 105
6 24 95
6 25 26
6 26 91
6 27 84
6 28 47
6 29 71
6 30 106
6 31 97
6 32 30
6 33 112
6 34 12
6 35 17
6 36 68
6 37 88
6 38 79
6 39 36
6 40 61
6 41 82
6 42 105
6 43 93
6 44 68
6 45 51
6 46 16
6 47 43
6 48 81
6 49 19
6 50 100
6 51 89
6 52 88
6 53 48
6 54 10
6 55 12
6 56 62
6 57 21
6 58 35
6 59 58
6 60 16
6 61 58
6 62 29
6 63 80
6 64 48
6 65 94
6 66 42
6 67 65
6 68 38
6 69 101
6 70 46
6 71 70
6 72 49
6 73 46
6 74 38
6 75 80
6 76 49
6 77 26
6 78 84
6 79 78
6 80 48
6 81 57
6 82 8
6 83 91
6 84 95
6 85 85
6 86 13
6 87 21
6 88 47
6 89 47
6 90 102
6 91 49
6 92 98
6 93 55
6 94 39
6 95 73
6 96 56
6 97 95
6 98 54
6 99 101
7 8 36
7 9 84
7 10 89
7 11 10
7 12 19
7 13 26
7 14 46
7 15 62
7 16 91
7 17 59
7 18 89
7 19 14
7 20 36
7 21 43
7 22 37
7 23 51
7 24 45
7 25 82
7 26 22
7 27 98
7 28 52
7 29 14
7 30 50
7 31 65
7 32 53
7 33 49
7 34 77
7 35 67
7 36 82
7 37 68
7 38 22
7 39 47
7 40 30
7 41 51
7 42 44
7 43 42
7 44 15
7 45 86
7 46 98
7 47 40
7 48 78
7 49 71
7 50 42
7 51 49
7 52 25
7 53 53
7 54 72
7 55 76
7 56 27
7 57 87
7 58 50
7 59 27
7 60 76
7 61 40
7 62 73
7 63 36
7 64 48
7 65 73
7 66 78
7 67 80
7 68 53
7 69 39
7 70 56
7 71 49
7 72 38
7 73 45
7 74 79
7 75 84
7 76 52
7 77 58
7 78 87
7 79 24
7 80 36
7 81 26
7 82 88
7 83 10
7 84 50
7 85 87
7 86 87
7 87 90
7 88 56
7 89 62
7 90 49
7 91 73
7 92 24
7 93 28
7 94 81
7 95 10
7 96 33
7 97 61
7 98 54
7 99 45
8 9 85
8 10 93
8 11 26
8 12 45
8 13 34
8 14 66
8 15 56
8 16 75
8 17 71
8 18 83
8 19 37
8 20 58
8 21 64
8 22 6
8 23 83
8 24 75
8 25 72
8 26 56
8 27 109
8 28 18
8 29 34
8 30 82
8 31 91
8 32 37
8 33 83
8 34 53
8 35 50
8 36 91
8 37 89
8 38 20
8 39 33
8 40 42
8 41 74
8 42 78
8 43 72
8 44 30
8 45 87
8 46 78
8 47 29
8 48 93
8 49 59
8 50 75
8 51 75
8 52 57
8 53 19
8 54 53
8 55 52
8 56 11
8 57 74
8 58 28
8 59 32
8 60 62
8 61 51
8 62 66
8 63 18
8 64 52
8 65 95
8 66 77
8 67 89
8 68 25
8 69 73
8 70 58
8 71 16
8 72 39
8 73 46
8 74 75
8 75 98
8 76 18
8 77 44
8 78 102
8 79 51
8 80 34
8 81 26
8 82 69
8 83 46
8 84 79
8 85 102
8 86 71
8 87 76
8 88 60
8 89 65
8 90 81
8 91 75
8 92 59
8 93 25
8 94 77
8 95 33
8 96 10
8 97 87
8 98 62
8 99 77
9 10 9
9 11 84
9 12 67
9 13 59
9 14 47
9 15 31
9 16 42
9 17 29
9 18 16
9 19 70
9 20 54
9 21 50
9 22 79
9 23 78
9 24 69
9 25 26
9 26 79
9 27 32
9 28 80
9 29 70
9 30 79
9 31 59
9 32 51
9 33 88
9 34 60
9 35 46
9 36 19
9 37 48
9 38 94
9 39 54
9 40 54
9 41 52
9 42 81
9 43 68
9 44 70
9 45 3
9 46 53
9 47 57
9 48 35
9 49 35
9 50 77
9 51 60
9 52 73
9 53 81
9 54 50
9 55 59
9 56 78
9 57 32
9 58 62
9 59 60
9 60 36
9 61 45
9 62 24
9 63 102
9 64 36
9 65 52
9 66 10
9 67 17
9 68 71
9 69 80
9 70 29
9 71 99
9 72 49
9 73 41
9 74 14
9 75 31
9 76 82
9 77 45
9 78 35
9 79 65
9 80 53
9 81 64
9 82 46
9 83 87
9 84 65
9 85 35
9 86 41
9 87 35
9 88 28
9 89 22
9 90 75
9 91 11
9 92 86
9 93 64
9 94 13
9 95 74
9 96 76
9 97 59
9 98 30
9 99 76
10 11 89
10 12 71
10 13 64
10 14 48
10 15 39
10 16 51
10 17 31
10 18 24
10 19 74
10 20 56
10 21 51
10 22 87
10 23 77
10 24 68
10 25 34
10 26 81
10 27 23
10 28 88
10 29 75
10 30 78
10 31 57
10 32 60
10 33 87
10 34 69
10 35 55
10 36 13
10 37 45
10 38 100
10 39 61
10 40 59
10 41 51
10 42 81
10 43 68
10 44 75
10 45 10
10 46 61
10 47 64
10 48 30
10 49 44
10 50 77
10 51 59
10 52 76
10 53 90
10 54 59
10 55 68
10 56 85
10 57 41
10 58 70
10 59 66
10 60 45
10 61 49
10 62 33
10 63 108
10 64 42
10 65 47
10 66 19
10 67 12
10 68 79
10 69 81
10 70 35
10 71 107
10 72 55
10 73 47
10 74 23
10 75 25
10 76 91
10 77 53
10 78 27
10 79 68
10 80 60
10 81 70
10 82 55
10 83 91
10 84 65
10 85 28
10 86 49
10 87 43
10 88 34
10 89 28
10 90 74
10 91 18
10 92 88
10 93 70
10 94 22
10 95 79
10 96 83
10 97 57
10 98 34
10 99 76
11 12 24
11 13 25
11 14 51
11 15 59
11 16 87
11 17 61
11 18 86
11 19 17
11 20 41
11 21 48
11 22 27
11 23 60
11 24 53
11 25 78
11 26 32
11 27 100
11 28 42
11 29 15
11 30 59
11 31 72
11 32 47
11 33 58
11 34 70
11 35 61
11 36 84
11 37 73
11 38 14
11 39 42
11 40 30
11 41 57
11 42 54
11 43 50
11 44 14
11 45 86
11 46 92
11 47 35
11 48 81
11 49 67
11 50 51
11 51 55
11 52 33
11 53 43
11 54 66
11 55 69
11 56 17
11 57 83
11 58 43
11 59 24
11 60 71
11 61 41
11 62 70
11 63 27
11 64 47
11 65 79
11 66 77
11 67 82
11 68 45
11 69 48
11 70 55
11 71 39
11 72 36
11 73 43
11 74 77
11 75 88
11 76 43
11 77 53
11 78 91
11 79 31
11 80 33
11 81 21
11 82 82
11 83 20
11 84 58
11 85 91
11 86 82
11 87 86
11 88 56
11 89 62
11 90 58
11 91 73
11 92 33
11 93 22
11 94 79
11 95 11
11 96 24
11 97 68
11 98 55
11 99 53
12 13 17
12 14 27
12 15 49
12 16 81
12 17 41
12 18 74
12 19 7
12 20 17
12 21 24
12 22 43
12 23 39
12 24 30
12 25 69
12 26 16
12 27 79
12 28 56
12 29 11
12 30 38
12 31 48
12 32 46
12 33 40
12 34 73
12 35 59
12 36 63
12 37 49
12 38 38
12 39 42
12 40 15
12 41 33
12 42 34
12 43 27
12 44 14
12 45 70
12 46 89
12 47 35
12 48 59
12 49 60
12 50 31
12 51 32
12 52 13
12 53 57
12 54 65
12 55 71
12 56 33
12 57 75
12 58 48
12 59 19
12 60 65
12 61 23
12 62 60
12 63 51
12 64 33
12 65 55
12 66 63
12 67 62
12 68 54
12 69 29
12 70 40
12 71 60
12 72 27
12 73 32
12 74 64
12 75 65
12 76 57
12 77 50
12 78 69
12 79 7
12 80 28
12 81 23
12 82 79
12 83 20
12 84 34
12 85 69
12 86 77
12 87 78
12 88 40
12 89 46
12 90 36
12 91 56
12 92 22
12 93 25
12 94 66
12 95 13
12 96 38
12 97 44
12 98 37
12 99 32
13 14 31
13 15 36
13 16 66
13 17 38
13 18 62
13 19 14
13 20 24
13 21 30
13 22 30
13 23 53
13 24 43
13 25 55
13 26 33
13 27 77
13 28 41
13 29 12
13 30 53
13 31 57
13 32 30
13 33 56
13 34 56
13 35 42
13 36 60
13 37 55
13 38 36
13 39 25
13 40 8
13 41 40
13 42 50
13 43 41
13 44 11
13 45 61
13 46 73
13 47 18
13 48 60
13 49 45
13 50 46
13 51 42
13 52 30
13 53 43
13 54 49
13 55 54
13 56 24
13 57 61
13 58 31
13 59 2
13 60 50
13 61 17
13 62 47
13 63 46
13 64 23
13 65 61
13 66 52
13 67 58
13 68 38
13 69 46
13 70 30
13 71 50
13 72 12
13 73 19
13 74 52
13 75 65
13 76 43
13 77 33
13 78 69
13 79 21
13 80 11
13 81 9
13 82 63
13 83 33
13 84 46
13 85 69
13 86 61
13 87 64
13 88 31
13 89 37
13 90 50
13 91 48
13 92 39
13 93 10
13 94 55
13 95 16
13 96 25
13 97 53
13 98 30
13 99 48
14 15 42
14 16 73
14 17 17
14 18 58
14 19 33
14 20 10
14 21 3
14 22 62
14 23 33
14 24 23
14 25 57
14 26 34
14 27 52
14 28 71
14 29 36
14 30 34
14 31 26
14 32 51
14 33 42
14 34 75
14 35 58
14 36 38
14 37 23
14 38 64
14 39 48
14 40 24
14 41 10
14 42 35
14 43 22
14 44 38
14 45 49
14 46 83
14 47 44
14 48 31
14 49 54
14 50 31
14 51 16
14 52 28
14 53 73
14 54 65
14 55 73
14 56 55
14 57 65
14 58 57
14 59 34
14 60 59
14 61 17
14 62 49
14 63 76
14 64 25
14 65 29
14 66 45
14 67 37
14 68 66
14 69 34
14 70 27
14 71 81
14 72 31
14 73 29
14 74 48
14 75 38
14 76 73
14 77 50
14 78 41
14 79 23
14 80 36
14 81 40
14 82 73
14 83 45
14 84 22
14 85 41
14 86 69
14 87 68
14 88 27
14 89 30
14 90 30
14 91 37
14 92 41
14 93 41
14 94 50
14 95 39
14 96 57
14 97 23
14 98 20
14 99 31
15 16 32
15 17 31
15 18 28
15 19 49
15 20 44
15 21 43
15 22 50
15 23 75
15 24 64
15 25 19
15 26 64
15 27 59
15 28 50
15 29 48
15 30 75
15 31 65
15 32 21
15 33 82
15 34 36
15 35 19
15 36 41
15 37 57
15 38 67
15 39 23
15 40 35
15 41 51
15 42 75
15 43 62
15 44 47
15 45 32
15 46 42
15 47 27
15 48 51
15 49 13
15 50 70
15 51 58
15 52 60
15 53 51
15 54 25
15 55 34
15 56 50
15 57 25
15 58 32
15 59 36
15 60 17
15 61 29
15 62 11
15 63 73
15 64 18
15 65 63
15 66 21
15 67 39
15 68 40
15 69 72
15 70 15
15 71 69
15 72 24
15 73 18
15 74 19
15 75 52
15 76 52
15 77 14
15 78 56
15 79 50
15 80 26
15 81 38
15 82 32
15 83 68
15 84 63
15 85 57
15 86 28
15 87 29
15 88 16
15 89 16
15 90 71
15 91 22
15 92 72
15 93 37
15 94 22
15 95 52
15 96 46
15 97 63
15 98 22
15 99 71
16 17 60
16 18 26
16 19 79
16 20 76
16 21 75
16 22 69
16 23 106
16 24 96
16 25 18
16 26 96
16 27 74
16 28 62
16 29 78
16 30 107
16 31 95
16 32 40
16 33 114
16 34 28
16 35 26
16 36 60
16 37 85
16 38 91
16 39 45
16 40 66
16 41 82
16 42 107
16 43 94
16 44 76
16 45 41
16 46 11
16 47 52
16 48 75
16 49 21
16 50 103
16 51 89
16 52 92
16 53 63
16 54 23
16 55 28
16 56 73
16 57 10
16 58 48
16 59 65
16 60 16
16 61 61
16 62 25
16 63 93
16 64 50
16 65 90
16 66 34
16 67 58
16 68 52
16 69 104
16 70 46
16 71 84
16 72 55
16 73 50
16 74 30
16 75 73
16 76 64
16 77 33
16 78 76
16 79 83
16 80 55
16 81 65
16 82 7
16 83 98
16 84 95
16 85 77
16 86 5
16 87 7
16 88 47
16 89 44
16 90 103
16 91 43
16 92 103
16 93 64
16 94 30
16 95 81
16 96 68
16 97 93
16 98 53
16 99 103
17 18 41
17 19 45
17 20 26
17 21 21
17 22 65
17 23 49
17 24 40
17 25 43
17 26 50
17 27 39
17 28 72
17 29 47
17 30 50
17 31 35
17 32 46
17 33 59
17 34 67
17 35 49
17 36 23
17 37 26
17 38 73
17 39 45
17 40 31
17 41 23
17 42 52
17 43 39
17 44 48
17 45 32
17 46 70
17 47 44
17 48 23
17 49 43
17 50 48
17 51 31
17 52 45
17 53 73
17 54 56
17 55 65
17 56 61
17 57 50
17 58 55
17 59 40
17 60 47
17 61 21
17 62 35
17 63 84
17 64 20
17 65 32
17 66 29
17 67 21
17 68 64
17 69 51
17 70 17
17 71 86
17 72 32
17 73 26
17 74 32
17 75 27
17 76 74
17 77 43
17 78 31
17 79 38
17 80 37
17 81 46
17 82 61
17 83 60
17 84 37
17 85 31
17 86 56
17 87 54
17 88 16
17 89 15
17 90 46
17 91 20
17 92 58
17 93 46
17 94 33
17 95 51
17 96 61
17 97 33
17 98 10
17 99 47
18 19 75
18 20 63
18 21 61
18 22 77
18 23 90
18 24 81
18 25 13
18 26 87
18 27 48
18 28 74
18 29 74
18 30 91
18 31 74
18 32 47
18 33 100
18 34 48
18 35 37
18 36 35
18 37 63
18 38 94
18 39 50
18 40 59
18 41 64
18 42 93
18 43 79
18 44 74
18 45 15
18 46 37
18 47 55
18 48 51
18 49 26
18 50 89
18 51 73
18 52 82
18 53 75
18 54 39
18 55 48
18 56 77
18 57 17
18 58 57
18 59 63
18 60 25
18 61 51
18 62 17
18 63 100
18 64 41
18 65 67
18 66 13
18 67 33
18 68 64
18 69 91
18 70 34
18 71 95
18 72 51
18 73 43
18 74 10
18 75 48
18 76 77
18 77 39
18 78 51
18 79 73
18 80 54
18 81 65
18 82 32
18 83 93
18 84 78
18 85 52
18 86 26
18 87 19
18 88 34
18 89 29
18 90 87
18 91 21
18 92 95
18 93 65
18 94 8
18 95 78
18 96 74
18 97 74
18 98 39
18 99 88
19 20 23
19 21 31
19 22 36
19 23 46
19 24 37
19 25 68
19 26 21
19 27 84
19 28 49
19 29 4
19 30 45
19 31 55
19 32 43
19 33 47
19 34 69
19 35 56
19 36 67
19 37 56
19 38 31
19 39 38
19 40 15
19 41 39
19 42 41
19 43 35
19 44 7
19 45 72
19 46 87
19 47 31
19 48 64
19 49 59
19 50 38
19 51 39
19 52 20
19 53 50
19 54 62
19 55 67
19 56 26
19 57 74
19 58 43
19 59 15
19 60 64
19 61 25
19 62 60
19 63 44
19 64 34
19 65 61
19 66 64
19 67 66
19 68 48
19 69 36
19 70 41
19 71 52
19 72 25
19 73 31
19 74 65
19 75 71
19 76 50
19 77 47
19 78 74
19 79 14
19 80 25
19 81 18
19 82 76
19 83 19
19 84 42
19 85 74
19 86 75
19 87 77
19 88 42
19 89 48
19 90 43
19 91 58
19 92 26
19 93 19
19 94 67
19 95 6
19 96 31
19 97 51
19 98 40
19 99 39
20 21 7
20 22 54
20 23 32
20 24 21
20 25 61
20 26 25
20 27 62
20 28 65
20 29 26
20 30 32
20 31 33
20 32 48
20 33 38
20 34 74
20 35 58
20 36 47
20 37 32
20 38 54
20 39 44
20 40 17
20 41 16
20 42 32
20 43 19
20 44 29
20 45 57
20 46 85
20 47 40
20 48 42
20 49 56
20 50 27
20 51 18
20 52 19
20 53 67
20 54 65
20 55 72
20 56 46
20 57 68
20 58 53
20 59 26
20 60 61
20 61 15
20 62 52
20 63 67
20 64 26
20 65 38
20 66 51
20 67 47
20 68 61
20 69 29
20 70 30
20 71 73
20 72 27
20 73 27
20 74 53
20 75 48
20 76 67
20 77 49
20 78 51
20 79 12
20 80 31
20 81 33
20 82 75
20 83 35
20 84 23
20 85 51
20 86 72
20 87 72
20 88 30
20 89 35
20 90 29
20 91 44
20 92 32
20 93 34
20 94 55
20 95 30
20 96 49
20 97 29
20 98 25
20 99 28
21 22 60
21 23 31
21 24 21
21 25 59
21 26 30
21 27 55
21 28 70
21 29 33
21 30 32
21 31 27
21 32 51
21 33 39
21 34 76
21 35 59
21 36 41
21 37 25
21 38 61
21 39 48
21 40 22
21 41 10
21 42 33
21 43 19
21 44 36
21 45 53
21 46 85
21 47 44
21 48 34
21 49 56
21 50 28
21 51 15
21 52 25
21 53 72
21 54 66
21 55 74
21 56 53
21 57 67
21 58 57
21 59 32
21 60 61
21 61 17
21 62 51
21 63 74
21 64 26
21 65 31
21 66 48
21 67 41
21 68 65
21 69 31
21 70 29
21 71 80
21 72 31
21 73 29
21 74 51
21 75 41
21 76 72
21 77 51
21 78 44
21 79 19
21 80 35
21 81 39
21 82 75
21 83 42
21 84 20
21 85 44
21 86 71
21 87 71
21 88 29
21 89 32
21 90 28
21 91 40
21 92 37
21 93 40
21 94 52
21 95 37
21 96 55
21 97 24
21 98 23
21 99 28
22 23 81
22 24 72
22 25 66
22 26 55
22 27 103
22 28 15
22 29 32
22 30 81
22 31 87
22 32 30
22 33 82
22 34 47
22 35 43
22 36 85
22 37 85
22 38 24
22 39 26
22 40 38
22 41 70
22 42 77
22 43 70
22 44 28
22 45 81
22 46 72
22 47 23
22 48 88
22 49 52
22 50 73
22 51 72
22 52 55
22 53 16
22 54 46
22 55 46
22 56 10
22 57 68
22 58 21
22 59 28
22 60 56
22 61 46
22 62 60
22 63 24
22 64 46
22 65 91
22 66 70
22 67 83
22 68 20
22 69 71
22 70 53
22 71 21
22 72 34
22 73 41
22 74 69
22 75 93
22 76 15
22 77 38
22 78 97
22 79 49
22 80 28
22 81 21
22 82 63
22 83 47
22 84 76
22 85 97
22 86 65
22 87 70
22 88 54
22 89 59
22 90 79
22 91 69
22 92 59
22 93 20
22 94 71
22 95 32
22 96 5
22 97 83
22 98 56
22 99 75
23 24 11
23 25 90
23 26 29
23 27 72
23 28 94
23 29 49
23 30 2
23 31 24
23 32 80
23 33 12
23 34 106
23 35 90
23 36 64
23 37 35
23 38 74
23 39 76
23 40 47
23 41 26
23 42 9
23 43 13
23 44 53
23 45 81
23 46 116
23 47 71
23 48 51
23 49 87
23 50 9
23 51 18
23 52 27
23 53 96
23 54 97
23 55 104
23 56 72
23 57 98
23 58 84
23 59 56
23 60 92
23 61 47
23 62 82
23 63 87
23 64 57
23 65 36
23 66 78
23 67 65
23 68 91
23 69 13
23 70 60
23 71 98
23 72 59
23 73 59
23 74 81
23 75 59
23 76 95
23 77 81
23 78 60
23 79 33
23 80 62
23 81 61
23 82 106
23 83 44
23 84 12
23 85 59
23 86 103
23 87 102
23 88 60
23 89 63
23 90 3
23 91 69
23 92 31
23 93 63
23 94 82
23 95 51
23 96 77
23 97 22
23 98 53
23 99 7
24 25 80
24 26 24
24 27 67
24 28 84
24 29 41
24 30 11
24 31 22
24 32 69
24 33 19
24 34 95
24 35 79
24 36 57
24 37 30
24 38 67
24 39 66
24 40 37
24 41 17
24 42 13
24 43 3
24 44 44
24 45 72
24 46 106
24 47 60
24 48 45
24 49 76
24 50 9
24 51 9
24 52 20
24 53 86
24 54 86
24 55 93
24 56 63
24 57 88
24 58 74
24 59 46
24 60 81
24 61 36
24 62 72
24 63 80
24 64 46
24 65 33
24 66 68
24 67 57
24 68 81
24 69 13
24 70 50
24 71 90
24 72 48
24 73 49
24 74 71
24 75 53
24 76 86
24 77 70
24 78 55
24 79 23
24 80 52
24 81 52
24 82 96
24 83 39
24 84 6
24 85 54
24 86 92
24 87 91
24 88 50
24 89 53
24 90 8
24 91 60
24 92 28
24 93 53
24 94 73
24 95 43
24 96 67
24 97 19
24 98 43
24 99 8
25 26 83
25 27 58
25 28 62
25 29 68
25 30 91
25 31 77
25 32 35
25 33 99
25 34 36
25 35 25
25 36 43
25 37 67
25 38 85
25 39 39
25 40 54
25 41 65
25 42 92
25 43 79
25 44 66
25 45 25
25 46 28
25 47 45
25 48 57
25 49 14
25 50 87
25 51 73
25 52 79
25 53 63
25 54 27
25 55 35
25 56 68
25 57 8
25 58 45
25 59 55
25 60 12
25 61 47
25 62 9
25 63 90
25 64 36
25 65 72
25 66 17
25 67 40
25 68 52
25 69 89
25 70 31
25 71 84
25 72 43
25 73 37
25 74 13
25 75 56
25 76 65
25 77 28
25 78 59
25 79 69
25 80 46
25 81 57
25 82 21
25 83 87
25 84 79
25 85 60
25 86 15
25 87 11
25 88 31
25 89 28
25 90 87
25 91 25
25 92 90
25 93 56
25 94 13
25 95 71
25 96 63
25 97 76
25 98 37
25 99 87
26 27 85
26 28 70
26 29 24
26 30 28
26 31 45
26 32 62
26 33 27
26 34 88
26 35 75
26 36 72
26 37 51
26 38 45
26 39 57
26 40 30
26 41 35
26 42 22
26 43 22
26 44 28
26 45 81
26 46 105
26 47 51
26 48 64
26 49 76
26 50 20
26 51 30
26 52 5
26 53 71
26 54 81
26 55 87
26 56 45
26 57 90
26 58 63
26 59 34
26 60 81
26 61 36
26 62 74
26 63 58
26 64 47
26 65 55
26 66 75
26 67 71
26 68 69
26 69 17
26 70 53
26 71 70
26 72 42
26 73 47
26 74 77
26 75 71
26 76 70
26 77 65
26 78 74
26 79 14
26 80 44
26 81 38
26 82 94
26 83 15
26 84 30
26 85 73
26 86 92
26 87 93
26 88 53
26 89 59
26 90 27
26 91 68
26 92 7
26 93 40
26 94 79
26 95 24
26 96 51
26 97 42
26 98 49
26 99 22
27 28 107
27 29 85
27 30 74
27 31 49
27 32 79
27 33 84
27 34 92
27 35 77
27 36 18
27 37 38
27 38 113
27 39 80
27 40 70
27 41 51
27 42 79
27 43 67
27 44 87
27 45 33
27 46 84
27 47 81
27 48 22
27 49 66
27 50 75
27 51 58
27 52 79
27 53 109
27 54 81
27 55 91
27 56 99
27 57 64
27 58 90
27 59 79
27 60 68
27 61 60
27 62 55
27 63 123
27 64 57
27 65 37
27 66 41
27 67 20
27 68 99
27 69 80
27 70 51
27 71 124
27 72 70
27 73 62
27 74 46
27 75 14
27 76 109
27 77 74
27 78 12
27 79 74
27 80 75
27 81 84
27 82 79
27 83 97
27 84 61
27 85 13
27 86 73
27 87 67
27 88 50
27 89 45
27 90 70
27 91 37
27 92 92
27 93 85
27 94 45
27 95 89
27 96 99
27 97 50
27 98 47
27 99 74
28 29 46
28 30 94
28 31 97
28 32 29
28 33 96
28 34 37
28 35 38
28 36 89
28 37 94
28 38 38
28 39 27
28 40 48
28 41 80
28 42 90
28 43 82
28 44 42
28 45 81
28 46 63
28 47 27
28 48 95
28 49 49
28 50 87
28 51 83
28 52 69
28 53 2
28 54 39
28 55 36
28 56 25
28 57 63
28 58 18
28 59 39
28 60 51
28 61 54
28 62 58
28 63 34
28 64 52
28 65 100
28 66 70
28 67 87
28 68 10
28 69 85
28 70 57
28 71 22
28 72 41
28 73 46
28 74 68
28 75 98
28 76 2
28 77 36
28 78 102
28 79 62
28 80 36
28 81 33
28 82 55
28 83 62
28 84 88
28 85 102
28 86 58
28 87 64
28 88 58
28 89 63
28 90 91
28 91 71
28 92 74
28 93 31
28 94 70
28 95 46
28 96 19
28 97 94
28 98 62
28 99 88
29 30 49
29 31 58
29 32 41
29 33 50
29 34 66
29 35 54
29 36 69
29 37 59
29 38 28
29 39 35
29 40 16
29 41 42
29 42 45
29 43 38
29 44 4
29 45 73
29 46 85
29 47 28
29 48 67
29 49 58
29 50 41
29 51 42
29 52 23
29 53 47
29 54 60
29 55 65
29 56 23
29 57 73
29 58 40
29 59 13
29 60 62
29 61 26
29 62 59
29 63 41
29 64 34
29 65 64
29 66 64
29 67 68
29 68 45
29 69 39
29 70 42
29 71 49
29 72 24
29 73 31
29 74 65
29 75 73
29 76 47
29 77 45
29 78 76
29 79 17
29 80 23
29 81 15
29 82 75
29 83 20
29 84 45
29 85 76
29 86 74
29 87 76
29 88 42
29 89 48
29 90 47
29 91 59
29 92 29
29 93 16
29 94 67
29 95 4
29 96 28
29 97 54
29 98 41
29 99 43
30 31 26
30 32 80
30 33 10
30 34 106
30 35 90
30 36 66
30 37 36
30 38 72
30 39 76
30 40 47
30 41 27
30 42 7
30 43 13
30 44 52
30 45 82
30 46 117
30 47 70
30 48 52
30 49 87
30 50 8
30 51 19
30 52 26
30 53 95
30 54 97
30 55 104
30 56 71
30 57 99
30 58 84
30 59 55
30 60 92
30 61 47
30 62 82
30 63 86
30 64 57
30 65 38
30 66 79
30 67 66
30 68 91
30 69 11
30 70 61
30 71 97
30 72 59
30 73 60
30 74 82
30 75 60
30 76 95
30 77 81
30 78 61
30 79 32
30 80 62
30 81 61
30 82 107
30 83 42
30 84 13
30 85 61
30 86 103
30 87 102
30 88 60
30 89 64
30 90 4
30 91 70
30 92 29
30 93 62
30 94 83
30 95 50
30 96 76
30 97 23
30 98 54
30 99 6
31 32 77
31 33 36
31 34 100
31 35 83
31 36 44
31 37 12
31 38 86
31 39 74
31 40 49
31 41 17
31 42 32
31 43 24
31 44 61
31 45 62
31 46 105
31 47 71
31 48 28
31 49 77
31 50 29
31 51 16
31 52 41
31 53 99
31 54 90
31 55 98
31 56 79
31 57 85
31 58 84
31 59 59
31 60 82
31 61 44
31 62 70
31 63 99
31 64 50
31 65 12
31 66 62
31 67 45
31 68 92
31 69 34
31 70 50
31 71 106
31 72 57
31 73 55
31 74 66
31 75 36
31 76 99
31 77 75
31 78 36
31 79 41
31 80 62
31 81 65
31 82 96
31 83 60
31 84 16
31 85 36
31 86 91
31 87 89
31 88 50
31 89 50
31 90 23
31 91 53
31 92 50
31 93 67
31 94 67
31 95 61
31 96 82
31 97 4
31 98 43
31 99 28
32 33 85
32 34 26
32 35 14
32 36 61
32 37 71
32 38 51
32 39 5
32 40 33
32 41 60
32 42 78
32 43 67
32 44 38
32 45 52
32 46 45
32 47 13
32 48 69
32 49 22
32 50 74
32 51 65
32 52 59
32 53 30
32 54 20
32 55 24
32 56 33
32 57 38
32 58 11
32 59 28
32 60 26
32 61 34
32 62 30
32 63 54
32 64 27
32 65 77
32 66 42
32 67 59
32 68 19
32 69 74
32 70 30
32 71 49
32 72 21
32 73 22
32 74 39
32 75 71
32 76 31
32 77 8
32 78 75
32 79 50
32 80 19
32 81 26
32 82 35
32 83 61
32 84 71
32 85 76
32 86 35
32 87 40
32 88 31
32 89 35
32 90 77
32 91 43
32 92 68
32 93 25
32 94 42
32 95 43
32 96 28
32 97 74
32 98 36
32 99 75
33 34 111
33 35 95
33 36 75
33 37 46
33 38 71
33 39 80
33 40 52
33 41 36
33 42 7
33 43 20
33 44 54
33 45 91
33 46 123
33 47 74
33 48 62
33 49 94
33 50 11
33 51 28
33 52 27
33 53 97
33 54 102
33 55 109
33 56 72
33 57 106
33 58 88
33 59 59
33 60 99
33 61 53
33 62 90
33 63 85
33 64 64
33 65 48
33 66 87
33 67 76
33 68 94
33 69 11
33 70 68
33 71 97
33 72 64
33 73 66
33 74 90
33 75 70
33 76 97
33 77 87
33 78 71
33 79 35
33 80 66
33 81 63
33 82 113
33 83 40
33 84 23
33 85 71
33 86 110
33 87 110
33 88 68
33 89 72
33 90 14
33 91 79
33 92 26
33 93 65
33 94 92
33 95 50
33 96 78
33 97 33
33 98 62
33 99 11
34 35 17
34 36 75
34 37 92
34 38 71
34 39 31
34 40 59
34 41 84
34 42 104
34 43 93
34 44 63
34 45 60
34 46 26
34 47 38
34 48 87
34 49 26
34 50 100
34 51 90
34 52 86
34 53 37
34 54 11
34 55 2
34 56 54
34 57 33
34 58 28
34 59 54
34 60 24
34 61 59
34 62 37
34 63 70
34 64 50
34 65 98
34 66 51
34 67 73
34 68 28
34 69 100
34 70 50
34 71 59
34 72 47
34 73 46
34 74 47
34 75 87
34 76 39
34 77 25
34 78 91
34 79 76
34 80 45
34 81 52
34 82 21
34 83 86
34 84 96
34 85 92
34 86 25
34 87 32
34 88 51
34 89 52
34 90 102
34 91 56
34 92 95
34 93 50
34 94 48
34 95 69
34 96 48
34 97 97
34 98 57
34 99 101
35 36 59
35 37 75
35 38 65
35 39 20
35 40 45
35 41 67
35 42 89
35 43 77
35 44 52
35 45 46
35 46 31
35 47 27
35 48 70
35 49 11
35 50 84
35 51 74
35 52 71
35 53 39
35 54 7
35 55 15
35 56 47
35 57 25
35 58 22
35 59 41
35 60 13
35 61 42
35 62 22
35 63 68
35 64 33
35 65 81
35 66 36
35 67 57
35 68 28
35 69 85
35 70 33
35 71 60
35 72 32
35 73 30
35 74 32
35 75 71
35 76 40
35 77 9
35 78 75
35 79 62
35 80 31
35 81 40
35 82 21
35 83 74
35 84 79
35 85 75
35 86 21
35 87 27
35 88 34
35 89 35
35 90 86
35 91 40
35 92 81
35 93 39
35 94 34
35 95 57
35 96 42
35 97 80
35 98 40
35 99 85
36 37 32
36 38 95
36 39 62
36 40 53
36 41 40
36 42 70
36 43 57
36 44 70
36 45 21
36 46 71
36 47 63
36 48 17
36 49 50
36 50 66
36 51 48
36 52 66
36 53 91
36 54 65
36 55 74
36 56 82
36 57 50
36 58 72
36 59 61
36 60 52
36 61 43
36 62 39
36 63 105
36 64 39
36 65 34
36 66 26
36 67 3
36 68 80
36 69 69
36 70 33
36 71 106
36 72 52
36 73 44
36 74 30
36 75 13
36 76 91
36 77 56
36 78 16
36 79 60
36 80 57
36 81 67
36 82 64
36 83 83
36 84 53
36 85 17
36 86 58
36 87 53
36 88 32
36 89 26
36 90 62
36 91 20
36 92 79
36 93 67
36 94 30
36 95 73
36 96 81
36 97 44
36 98 30
36 99 65
37 38 87
37 39 69
37 40 47
37 41 17
37 42 41
37 43 30
37 44 61
37 45 51
37 46 95
37 47 66
37 48 17
37 49 69
37 50 38
37 51 21
37 52 46
37 53 95
37 54 82
37 55 91
37 56 78
37 57 75
37 58 79
37 59 57
37 60 73
37 61 39
37 62 60
37 63 99
37 64 44
37 65 6
37 66 51
37 67 33
37 68 87
37 69 43
37 70 42
37 71 105
37 72 53
37 73 49
37 74 55
37 75 24
37 76 95
37 77 68
37 78 25
37 79 43
37 80 58
37 81 63
37 82 86
37 83 65
37 84 24
37 85 25
37 86 82
37 87 79
37 88 42
37 89 41
37 90 33
37 91 43
37 92 56
37 93 65
37 94 56
37 95 62
37 96 80
37 97 13
37 98 35
37 99 36
38 39 46
38 40 42
38 41 71
38 42 67
38 43 64
38 44 26
38 45 96
38 46 95
38 47 40
38 48 94
38 49 72
38 50 65
38 51 69
38 52 47
38 53 38
38 54 69
38 55 70
38 56 18
38 57 88
38 58 44
38 59 34
38 60 77
38 61 53
38 62 78
38 63 14
38 64 58
38 65 93
38 66 86
38 67 94
38 68 43
38 69 61
38 70 65
38 71 28
38 72 45
38 73 53
38 74 85
38 75 100
38 76 37
38 77 58
38 78 104
38 79 44
38 80 41
38 81 30
38 82 86
38 83 32
38 84 72
38 85 104
38 86 86
38 87 91
38 88 66
38 89 72
38 90 72
38 91 83
38 92 46
38 93 30
38 94 88
38 95 25
38 96 24
38 97 82
38 98 66
38 99 67
39 40 29
39 41 58
39 42 74
39 43 63
39 44 33
39 45 55
39 46 51
39 47 7
39 48 68
39 49 26
39 50 70
39 51 62
39 52 55
39 53 29
39 54 25
39 55 29
39 56 28
39 57 42
39 58 10
39 59 23
39 60 31
39 61 31
39 62 33
39 63 50
39 64 26
39 65 75
39 66 44
39 67 60
39 68 19
39 69 70
39 70 30
39 71 46
39 72 17
39 73 20
39 74 42
39 75 71
39 76 29
39 77 12
39 78 75
39 79 45
39 80 14
39 81 21
39 82 41
39 83 56
39 84 67
39 85 76
39 86 41
39 87 45
39 88 31
39 89 35
39 90 73
39 91 44
39 92 63
39 93 20
39 94 45
39 95 38
39 96 24
39 97 71
39 98 35
39 99 71
40 41 32
40 42 45
40 43 35
40 44 17
40 45 57
40 46 74
40 47 23
40 48 52
40 49 45
40 50 41
40 51 35
40 52 27
40 53 50
40 54 51
40 55 57
40 56 31
40 57 60
40 58 37
40 59 10
40 60 50
40 61 10
40 62 45
40 63 53
40 64 19
40 65 53
40 66 49
40 67 52
40 68 44
40 69 41
40 70 26
40 71 58
40 72 12
40 73 17
40 74 49
40 75 58
40 76 50
40 77 35
40 78 62
40 79 17
40 80 15
40 81 17
40 82 64
40 83 34
40 84 39
40 85 62
40 86 62
40 87 63
40 88 27
40 89 33
40 90 44
40 91 43
40 92 37
40 93 18
40 94 52
40 95 20
40 96 33
40 97 46
40 98 25
40 99 42
41 42 30
41 43 17
41 44 45
41 45 55
41 46 92
41 47 54
41 48 29
41 49 63
41 50 26
41 51 8
41 52 29
41 53 82
41 54 74
41 55 82
41 56 63
41 57 73
41 58 67
41 59 42
41 60 68
41 61 27
41 62 57
41 63 83
41 64 34
41 65 22
41 66 52
41 67 40
41 68 75
41 69 30
41 70 36
41 71 90
41 72 40
41 73 38
41 74 55
41 75 37
41 76 82
41 77 59
41 78 39
41 79 27
41 80 45
41 81 49
41 82 82
41 83 48
41 84 14
41 85 39
41 86 78
41 87 77
41 88 35
41 89 38
41 90 23
41 91 43
41 92 41
41 93 50
41 94 57
41 95 46
41 96 65
41 97 14
41 98 29
41 99 25
42 43 14
42 44 48
42 45 84
42 46 117
42 47 68
42 48 57
42 49 87
42 50 5
42 51 22
42 52 21
42 53 91
42 54 96
42 55 102
42 56 67
42 57 99
42 58 81
42 59 52
42 60 92
42 61 47
42 62 83
42 63 81
42 64 57
42 65 44
42 66 81
42 67 70
42 68 88
42 69 5
42 70 61
42 71 92
42 72 57
42 73 59
42 74 83
42 75 65
42 76 91
42 77 80
42 78 66
42 79 29
42 80 60
42 81 58
42 82 106
42 83 36
42 84 17
42 85 66
42 86 103
42 87 103
42 88 61
42 89 65
42 90 9
42 91 72
42 92 23
42 93 59
42 94 85
42 95 45
42 96 72
42 97 29
42 98 55
42 99 5
43 44 42
43 45 71
43 46 104
43 47 58
43 48 45
43 49 74
43 50 9
43 51 9
43 52 18
43 53 83
43 54 84
43 55 91
43 56 61
43 57 86
43 58 71
43 59 43
43 60 79
43 61 34
43 62 70
43 63 78
43 64 44
43 65 34
43 66 67
43 67 57
43 68 79
43 69 13
43 70 48
43 71 87
43 72 46
43 73 47
43 74 70
43 75 53
43 76 83
43 77 68
43 78 55
43 79 21
43 80 49
43 81 49
43 82 94
43 83 37
43 84 8
43 85 55
43 86 90
43 87 90
43 88 48
43 89 51
43 90 10
43 91 58
43 92 26
43 93 51
43 94 71
43 95 40
43 96 65
43 97 20
43 98 42
43 99 9
44 45 72
44 46 83
44 47 25
44 48 68
44 49 56
44 50 45
44 51 45
44 52 27
44 53 43
44 54 57
44 55 61
44 56 19
44 57 71
44 58 37
44 59 11
44 60 60
44 61 27
44 62 58
44 63 38
44 64 34
44 65 67
44 66 64
44 67 68
44 68 41
44 69 43
44 70 41
44 71 45
44 72 23
44 73 30
44 74 64
44 75 74
44 76 43
44 77 43
44 78 78
44 79 21
44 80 21
44 81 12
44 82 72
44 83 23
44 84 48
44 85 78
44 86 71
44 87 74
44 88 42
44 89 48
44 90 51
44 91 59
44 92 32
44 93 13
44 94 66
44 95 6
44 96 24
44 97 57
44 98 41
44 99 47
45 46 51
45 47 58
45 48 37
45 49 35
45 50 80
45 51 63
45 52 76
45 53 82
45 54 50
45 55 59
45 56 80
45 57 31
45 58 63
45 59 62
45 60 36
45 61 47
45 62 24
45 63 103
45 64 38
45 65 54
45 66 11
45 67 19
45 68 71
45 69 83
45 70 31
45 71 101
45 72 51
45 73 43
45 74 14
45 75 34
45 76 83
45 77 45
45 78 37
45 79 68
45 80 55
45 81 66
45 82 45
45 83 90
45 84 68
45 85 37
45 86 39
45 87 34
45 88 30
45 89 24
45 90 78
45 91 14
45 92 89
45 93 66
45 94 12
45 95 77
45 96 77
45 97 62
45 98 33
45 99 79
46 47 58
46 48 86
46 49 29
46 50 112
46 51 99
46 52 101
46 53 64
46 54 26
46 55 27
46 56 78
46 57 21
46 58 51
46 59 72
46 60 24
46 61 70
46 62 35
46 63 96
46 64 59
46 65 100
46 66 45
46 67 68
46 68 54
46 69 113
46 70 56
46 71 85
46 72 62
46 73 58
46 74 41
46 75 84
46 76 65
46 77 40
46 78 87
46 79 91
46 80 62
46 81 71
46 82 10
46 83 105
46 84 105
46 85 88
46 86 14
46 87 18
46 88 56
46 89 55
46 90 113
46 91 53
46 92 111
46 93 70
46 94 41
46 95 88
46 96 72
46 97 103
46 98 63
46 99 112
47 48 67
47 49 33
47 50 64
47 51 58
47 52 48
47 53 29
47 54 32
47 55 36
47 56 23
47 57 49
47 58 13
47 59 16
47 60 37
47 61 27
47 62 38
47 63 45
47 64 25
47 65 73
47 66 48
47 67 61
47 68 21
47 69 64
47 70 30
47 71 43
47 72 14
47 73 19
47 74 46
47 75 71
47 76 29
47 77 19
47 78 75
47 79 39
47 80 9
47 81 14
47 82 48
47 83 48
47 84 63
47 85 75
47 86 47
47 87 51
47 88 31
47 89 37
47 90 68
47 91 46
47 92 57
47 93 13
47 94 49
47 95 31
47 96 19
47 97 68
47 98 35
47 99 65
48 49 62
48 50 54
48 51 36
48 52 58
48 53 96
48 54 76
48 55 85
48 56 83
48 57 65
48 58 78
48 59 62
48 60 65
48 61 43
48 62 51
48 63 106
48 64 43
48 65 18
48 66 40
48 67 18
48 68 87
48 69 58
48 70 39
48 71 109
48 72 55
48 73 49
48 74 45
48 75 8
48 76 97
48 77 65
48 78 10
48 79 54
48 80 60
48 81 68
48 82 78
48 83 76
48 84 40
48 85 10
48 86 72
48 87 68
48 88 38
48 89 35
48 90 49
48 91 32
48 92 70
48 93 69
48 94 45
48 95 70
48 96 84
48 97 29
48 98 33
48 99 52
49 50 83
49 51 70
49 52 72
49 53 50
49 54 15
49 55 24
49 56 55
49 57 16
49 58 32
49 59 45
49 60 5
49 61 41
49 62 12
49 63 76
49 64 30
49 65 74
49 66 25
49 67 47
49 68 38
49 69 84
49 70 27
49 71 70
49 72 34
49 73 29
49 74 22
49 75 62
49 76 51
49 77 14
49 78 66
49 79 62
49 80 35
49 81 45
49 82 19
49 83 78
49 84 76
49 85 66
49 86 16
49 87 19
49 88 28
49 89 28
49 90 84
49 91 30
49 92 83
49 93 44
49 94 23
49 95 61
49 96 50
49 97 76
49 98 35
49 99 83
50 51 18
50 52 18
50 53 88
50 54 91
50 55 98
50 56 64
50 57 95
50 58 77
50 59 48
50 60 88
50 61 42
50 62 79
50 63 79
50 64 53
50 65 41
50 66 76
50 67 66
50 68 84
50 69 5
50 70 57
50 71 89
50 72 53
50 73 54
50 74 79
50 75 61
50 76 88
50 77 75
50 78 63
50 79 25
50 80 56
50 81 54
50 82 102
50 83 35
50 84 14
50 85 63
50 86 99
50 87 98
50 88 57
50 89 60
50 90 8
50 91 68
50 92 22
50 93 55
50 94 80
50 95 42
50 96 69
50 97 26
50 98 51
50 99 2
51 52 25
51 53 85
51 54 81
51 55 88
51 56 64
51 57 80
51 58 71
51 59 44
51 60 75
51 61 32
51 62 64
51 63 83
51 64 41
51 65 25
51 66 60
51 67 48
51 68 79
51 69 22
51 70 43
51 71 91
51 72 45
51 73 44
51 74 63
51 75 44
51 76 85
51 77 65
51 78 46
51 79 25
51 80 49
51 81 51
51 82 89
51 83 44
51 84 6
51 85 45
51 86 85
51 87 84
51 88 43
51 89 45
51 90 15
51 91 51
51 92 35
51 93 52
51 94 65
51 95 45
51 96 67
51 97 12
51 98 36
51 99 17
52 53 70
52 54 78
52 55 84
52 56 46
52 57 85
52 58 61
52 59 32
52 60 77
52 61 32
52 62 70
52 63 61
52 64 43
52 65 50
52 66 70
52 67 66
52 68 67
52 69 16
52 70 48
52 71 71
52 72 39
52 73 42
52 74 72
52 75 66
52 76 70
52 77 62
52 78 68
52 79 10
52 80 41
52 81 37
52 82 90
52 83 19
52 84 26
52 85 68
52 86 88
52 87 89
52 88 49
52 89 54
52 90 25
52 91 63
52 92 13
52 93 38
52 94 74
52 95 24
52 96 51
52 97 37
52 98 44
52 99 20
53 54 40
53 55 36
53 56 26
53 57 64
53 58 19
53 59 40
53 60 52
53 61 56
53 62 59
53 63 34
53 64 53
53 65 101
53 66 72
53 67 88
53 68 11
53 69 86
53 70 58
53 71 22
53 72 42
53 73 48
53 74 69
53 75 100
53 76 1
53 77 37
53 78 104
53 79 63
53 80 37
53 81 34
53 82 56
53 83 63
53 84 89
53 85 104
53 86 59
53 87 65
53 88 59
53 89 64
53 90 93
53 91 73
53 92 75
53 93 33
53 94 71
53 95 47
53 96 20
53 97 95
53 98 63
53 99 89
54 55 9
54 56 52
54 57 25
54 58 25
54 59 48
54 60 14
54 61 49
54 62 27
54 63 70
54 64 40
54 65 87
54 66 40
54 67 62
54 68 29
54 69 92
54 70 39
54 71 61
54 72 39
54 73 37
54 74 36
54 75 77
54 76 41
54 77 16
54 78 80
54 79 68
54 80 38
54 81 46
54 82 17
54 83 81
54 84 86
54 85 81
54 86 19
54 87 26
54 88 40
54 89 41
54 90 93
54 91 45
54 92 88
54 93 45
54 94 38
54 95 63
54 96 46
54 97 87
54 98 47
54 99 92
55 56 53
55 57 32
55 58 26
55 59 52
55 60 23
55 61 57
55 62 36
55 63 69
55 64 48
55 65 96
55 66 49
55 67 71
55 68 27
55 69 98
55 70 48
55 71 58
55 72 45
55 73 45
55 74 45
55 75 86
55 76 38
55 77 23
55 78 90
55 79 74
55 80 43
55 81 50
55 82 21
55 83 85
55 84 94
55 85 90
55 86 25
55 87 32
55 88 49
55 89 50
55 90 101
55 91 54
55 92 93
55 93 48
55 94 47
55 95 67
55 96 46
55 97 96
55 98 55
55 99 99
56 57 71
56 58 27
56 59 21
56 60 59
56 61 40
56 62 61
56 63 24
56 64 43
56 65 84
56 66 70
56 67 80
56 68 28
56 69 62
56 70 50
56 71 27
56 72 30
56 73 38
56 74 69
56 75 88
56 76 25
56 77 41
56 78 92
56 79 40
56 80 25
56 81 15
56 82 68
56 83 37
56 84 67
56 85 92
56 86 69
56 87 73
56 88 51
56 89 57
56 90 69
56 91 67
56 92 49
56 93 14
56 94 71
56 95 22
56 96 7
56 97 75
56 98 52
56 99 66
57 58 47
57 59 60
57 60 12
57 61 54
57 62 16
57 63 92
57 64 43
57 65 80
57 66 24
57 67 48
57 68 53
57 69 97
57 70 38
57 71 85
57 72 49
57 73 43
57 74 20
57 75 63
57 76 65
57 77 30
57 78 66
57 79 76
57 80 50
57 81 61
57 82 15
57 83 93
57 84 86
57 85 67
57 86 9
57 87 4
57 88 38
57 89 35
57 90 95
57 91 33
57 92 97
57 93 60
57 94 20
57 95 77
57 96 66
57 97 84
57 98 44
57 99 95
58 59 29
58 60 35
58 61 40
58 62 41
58 63 46
58 64 36
58 65 85
58 66 53
58 67 69
58 68 9
58 69 77
58 70 40
58 71 38
58 72 27
58 73 30
58 74 50
58 75 81
58 76 20
58 77 18
58 78 85
58 79 53
58 80 22
58 81 25
58 82 42
58 83 59
58 84 76
58 85 86
58 86 43
58 87 49
58 88 41
58 89 45
58 90 81
58 91 53
58 92 69
58 93 24
58 94 53
58 95 42
58 96 21
58 97 81
58 98 45
58 99 79
59 60 50
59 61 19
59 62 47
59 63 44
59 64 24
59 65 63
59 66 53
59 67 60
59 68 36
59 69 48
59 70 31
59 71 48
59 72 12
59 73 19
59 74 53
59 75 67
59 76 40
59 77 32
59 78 71
59 79 23
59 80 10
59 81 7
59 82 62
59 83 33
59 84 49
59 85 71
59 86 61
59 87 63
59 88 32
59 89 38
59 90 53
59 91 49
59 92 40
59 93 8
59 94 55
59 95 16
59 96 23
59 97 55
59 98 32
59 99 50
60 61 46
60 62 13
60 63 80
60 64 35
60 65 78
60 66 27
60 67 49
60 68 41
60 69 89
60 70 32
60 71 73
60 72 39
60 73 34
60 74 22
60 75 64
60 76 53
60 77 19
60 78 68
60 79 67
60 80 40
60 81 50
60 82 14
60 83 83
60 84 81
60 85 69
60 86 11
60 87 14
60 88 32
60 89 31
60 90 89
60 91 33
60 92 88
60 93 49
60 94 24
60 95 66
60 96 54
60 97 80
60 98 39
60 99 88
61 62 38
61 63 63
61 64 11
61 65 46
61 66 40
61 67 41
61 68 48
61 69 43
61 70 17
61 71 66
61 72 14
61 73 12
61 74 41
61 75 48
61 76 56
61 77 34
61 78 52
61 79 22
61 80 19
61 81 25
61 82 60
61 83 43
61 84 37
61 85 52
61 86 57
61 87 57
61 88 17
61 89 23
61 90 44
61 91 33
61 92 44
61 93 26
61 94 43
61 95 30
61 96 41
61 97 40
61 98 14
61 99 43
62 63 83
62 64 27
62 65 65
62 66 14
62 67 36
62 68 48
62 69 81
62 70 22
62 71 79
62 72 35
62 73 28
62 74 10
62 75 51
62 76 61
62 77 22
62 78 55
62 79 60
62 80 38
62 81 49
62 82 26
62 83 79
62 84 70
62 85 55
62 86 22
62 87 20
62 88 22
62 89 19
62 90 79
62 91 19
62 92 82
62 93 48
62 94 12
62 95 63
62 96 57
62 97 68
62 98 28
62 99 79
63 64 67
63 65 105
63 66 93
63 67 103
63 68 42
63 69 75
63 70 74
63 71 17
63 72 54
63 73 61
63 74 92
63 75 111
63 76 33
63 77 62
63 78 115
63 79 58
63 80 49
63 81 38
63 82 87
63 83 45
63 84 85
63 85 115
63 86 89
63 87 94
63 88 75
63 89 81
63 90 85
63 91 91
63 92 59
63 93 38
63 94 94
63 95 38
63 96 27
63 97 95
63 98 76
63 99 81
64 65 50
64 66 30
64 67 37
64 68 44
64 69 54
64 70 7
64 71 67
64 72 13
64 73 6
64 74 31
64 75 47
64 76 54
64 77 25
64 78 50
64 79 33
64 80 18
64 81 28
64 82 49
64 83 52
64 84 46
64 85 51
64 86 46
64 87 46
64 88 8
64 89 14
64 90 54
64 91 25
64 92 55
64 93 29
64 94 33
64 95 38
64 96 42
64 97 48
64 98 10
64 99 53
65 66 56
65 67 36
65 68 94
65 69 46
65 70 48
65 71 111
65 72 59
65 73 55
65 74 60
65 75 25
65 76 102
65 77 74
65 78 25
65 79 49
65 80 64
65 81 70
65 82 92
65 83 70
65 84 27
65 85 24
65 86 87
65 87 83
65 88 47
65 89 47
65 90 35
65 91 47
65 92 60
65 93 71
65 94 61
65 95 68
65 96 86
65 97 15
65 98 41
65 99 39
66 67 23
66 68 61
66 69 79
66 70 23
66 71 90
66 72 41
66 73 34
66 74 4
66 75 39
66 76 73
66 77 35
66 78 42
66 79 61
66 80 45
66 81 57
66 82 38
66 83 82
66 84 66
66 85 43
66 86 32
66 87 28
66 88 22
66 89 17
66 90 75
66 91 9
66 92 83
66 93 56
66 94 5
66 95 68
66 96 67
66 97 61
66 98 26
66 99 76
67 68 78
67 69 69
67 70 30
67 71 104
67 72 50
67 73 42
67 74 28
67 75 15
67 76 89
67 77 53
67 78 19
67 79 59
67 80 55
67 81 65
67 82 61
67 83 82
67 84 53
67 85 19
67 86 56
67 87 51
67 88 29
67 89 24
67 90 62
67 91 17
67 92 78
67 93 65
67 94 28
67 95 72
67 96 79
67 97 45
67 98 28
67 99 65
68 69 83
68 70 48
68 71 32
68 72 35
68 73 39
68 74 58
68 75 90
68 76 12
68 77 26
68 78 94
68 79 59
68 80 30
68 81 31
68 82 46
68 83 63
68 84 84
68 85 94
68 86 48
68 87 54
68 88 50
68 89 54
68 90 88
68 91 62
68 92 74
68 93 29
68 94 60
68 95 46
68 96 21
68 97 89
68 98 54
68 99 85
69 70 59
69 71 87
69 72 53
69 73 55
69 74 81
69 75 66
69 76 86
69 77 76
69 78 68
69 79 24
69 80 56
69 81 53
69 82 103
69 83 31
69 84 19
69 85 67
69 86 100
69 87 100
69 88 59
69 89 63
69 90 12
69 91 71
69 92 18
69 93 54
69 94 83
69 95 40
69 96 67
69 97 31
69 98 53
69 99 7
70 71 73
70 72 20
70 73 12
70 74 24
70 75 42
70 76 59
70 77 26
70 78 46
70 79 39
70 80 25
70 81 36
70 82 46
70 83 59
70 84 49
70 85 46
70 86 42
70 87 42
70 88 1
70 89 7
70 90 57
70 91 18
70 92 61
70 93 36
70 94 26
70 95 46
70 96 48
70 97 48
70 98 8
70 99 57
71 72 54
71 73 61
71 74 88
71 75 113
71 76 20
71 77 56
71 78 117
71 79 66
71 80 49
71 81 41
71 82 78
71 83 58
71 84 94
71 85 118
71 86 80
71 87 86
71 88 74
71 89 80
71 90 96
71 91 89
71 92 72
71 93 40
71 94 90
71 95 47
71 96 25
71 97 102
71 98 77
71 99 91
72 73 8
72 74 41
72 75 59
72 76 43
72 77 23
72 78 63
72 79 29
72 80 5
72 81 15
72 82 52
72 83 44
72 84 50
72 85 63
72 86 50
72 87 52
72 88 21
72 89 27
72 90 56
72 91 38
72 92 49
72 93 16
72 94 44
72 95 28
72 96 29
72 97 54
72 98 22
72 99 54
73 74 34
73 75 52
73 76 48
73 77 21
73 78 56
73 79 33
73 80 13
73 81 23
73 82 48
73 83 50
73 84 49
73 85 57
73 86 45
73 87 47
73 88 13
73 89 19
73 90 56
73 91 30
73 92 54
73 93 23
73 94 36
73 95 35
73 96 36
73 97 52
73 98 16
73 99 55
74 75 43
74 76 70
74 77 32
74 78 47
74 79 63
74 80 45
74 81 56
74 82 33
74 83 83
74 84 69
74 85 47
74 86 28
74 87 24
74 88 23
74 89 18
74 90 78
74 91 13
74 92 84
74 93 56
74 94 3
74 95 68
74 96 65
74 97 65
74 98 28
74 99 79
75 76 100
75 77 66
75 78 4
75 79 61
75 80 64
75 81 73
75 82 77
75 83 84
75 84 48
75 85 4
75 86 71
75 87 66
75 88 40
75 89 37
75 90 56
75 91 32
75 92 78
75 93 74
75 94 43
75 95 77
75 96 88
75 97 37
75 98 37
75 99 60
76 77 38
76 78 104
76 79 63
76 80 37
76 81 34
76 82 57
76 83 62
76 84 89
76 85 105
76 86 60
76 87 66
76 88 60
76 89 65
76 90 93
76 91 73
76 92 74
76 93 33
76 94 73
76 95 47
76 96 19
76 97 96
76 98 64
76 99 89
77 78 70
77 79 52
77 80 22
77 81 32
77 82 30
77 83 66
77 84 71
77 85 71
77 86 29
77 87 33
77 88 27
77 89 30
77 90 78
77 91 37
77 92 72
77 93 31
77 94 34
77 95 48
77 96 36
77 97 73
77 98 33
77 99 76
78 79 64
78 80 68
78 81 77
78 82 80
78 83 86
78 84 49
78 85 1
78 86 75
78 87 70
78 88 44
78 89 41
78 90 58
78 91 36
78 92 80
78 93 77
78 94 46
78 95 80
78 96 92
78 97 38
78 98 41
78 99 62
79 80 31
79 81 29
79 82 81
79 83 23
79 84 28
79 85 64
79 86 78
79 87 79
79 88 39
79 89 45
79 90 30
79 91 54
79 92 21
79 93 30
79 94 65
79 95 20
79 96 44
79 97 37
79 98 35
79 99 27
80 81 11
80 82 52
80 83 43
80 84 54
80 85 69
80 86 51
80 87 54
80 88 26
80 89 32
80 90 59
80 91 42
80 92 50
80 93 11
80 94 47
80 95 26
80 96 24
80 97 59
80 98 28
80 99 57
81 82 61
81 83 35
81 84 55
81 85 77
81 86 61
81 87 64
81 88 36
81 89 43
81 90 59
81 91 53
81 92 44
81 93 2
81 94 58
81 95 17
81 96 17
81 97 62
81 98 37
81 99 55
82 83 95
82 84 95
82 85 81
82 86 6
82 87 13
82 88 47
82 89 45
82 90 103
82 91 45
82 92 101
82 93 60
82 94 34
82 95 78
82 96 62
82 97 94
82 98 53
82 99 102
83 84 45
83 85 86
83 86 94
83 87 96
83 88 60
83 89 66
83 90 42
83 91 76
83 92 14
83 93 36
83 94 85
83 95 18
83 96 43
83 97 57
83 98 57
83 99 37
84 85 49
84 86 91
84 87 90
84 88 48
84 89 51
84 90 9
84 91 57
84 92 34
84 93 56
84 94 70
84 95 47
84 96 71
84 97 13
84 98 42
84 99 12
85 86 75
85 87 70
85 88 45
85 89 41
85 90 58
85 91 36
85 92 80
85 93 78
85 94 47
85 95 80
85 96 92
85 97 38
85 98 41
85 99 61
86 87 7
86 88 43
86 89 41
86 90 99
86 91 40
86 92 99
86 93 60
86 94 28
86 95 77
86 96 63
86 97 90
86 98 49
86 99 99
87 88 42
87 89 39
87 90 99
87 91 36
87 92 100
87 93 63
87 94 23
87 95 80
87 96 68
87 97 87
87 98 48
87 99 99
88 89 6
88 90 57
88 91 17
88 92 61
88 93 37
88 94 26
88 95 46
88 96 50
88 97 48
88 98 7
88 99 57
89 90 60
89 91 11
89 92 66
89 93 43
89 94 20
89 95 53
89 96 55
89 97 49
89 98 10
89 99 60
90 91 66
90 92 30
90 93 60
90 94 79
90 95 48
90 96 74
90 97 20
90 98 50
90 99 5
91 92 75
91 93 53
91 94 14
91 95 63
91 96 65
91 97 52
91 98 19
91 99 67
92 93 45
92 94 86
92 95 28
92 96 55
92 97 46
92 98 56
92 99 24
93 94 58
93 95 18
93 96 15
93 97 63
93 98 38
93 99 57
94 95 71
94 96 68
94 97 66
94 98 30
94 99 80
95 96 28
95 97 57
95 98 45
95 99 44
96 97 78
96 98 52
96 99 70
97 98 41
97 99 24
98 99 51
0 1 76
0 2 44
0 3 63
0 5 76
0 6 91
0 7 49
0 9 62
0 10 61
0 11 57
0 12 33
0 13 44
0 14 18
0 15 60
0 16 91
0 18 75
0 20 20
0 21 17
0 22 74
0 24 8
0 25 75
0 26 30
0 27 59
0 28 85
0 29 43
0 30 17
0 31 16
0 32 68
0 36 49
0 37 22
0 38 70
0 41 10
0 42 20
0 44 47
0 45 65
0 46 101
0 49 72
0 54 83
0 55 91
0 60 77
0 61 34
0 63 84
0 65 26
0 66 62
0 67 50
0 68 81
0 69 21
0 73 46
0 75 45
0 76 87
0 77 67
0 78 47
0 79 26
0 80 51
0 81 53
0 82 91
0 84 4
0 85 47
0 86 88
0 89 48
0 91 53
0 93 54
0 94 67
0 95 46
0 96 69
0 97 12
0 98 38
1 3 56
1 5 72
1 6 74
1 7 30
1 8 13
1 9 93
1 10 100
1 12 43
1 14 68
1 17 75
1 18 93
1 19 36
1 20 59
1 21 65
1 23 80
1 26 52
1 27 114
1 29 33
1 30 79
1 31 91
1 33 78
1 34 65
1 35 61
1 36 97
1 38 8
1 39 43
1 42 74
1 43 70
1 44 30
1 45 95
1 46 90
1 47 38
1 48 97
1 49 69
1 54 65
1 55 64
1 57 85
1 58 39
1 60 73
1 64 58
1 65 97
1 68 37
1 69 68
1 70 65
1 71 19
1 75 103
1 77 55
1 78 106
1 80 40
1 81 30
1 82 81
1 83 39
1 85 106
1 86 83
1 87 88
1 88 66
1 90 78
1 91 83
1 92 53
1 94 87
1 96 19
1 97 87
1 98 67
1 99 73
2 4 21
2 6 57
2 9 56
2 10 62
2 11 27
2 12 18
2 13 3
2 15 33
2 16 64
2 20 24
2 21 29
2 22 31
2 23 54
2 24 44
2 25 53
2 26 34
2 27 75
2 28 42
2 30 53
2 31 56
2 34 54
2 35 40
2 36 57
2 37 53
2 38 38
2 40 7
2 41 39
2 42 51
2 43 41
2 46 71
2 47 17
2 48 58
2 52 31
2 53 43
2 54 47
2 58 31
2 60 48
2 61 15
2 62 44
2 63 48
2 64 20
2 65 60
2 67 56
2 69 46
2 70 28
2 72 9
2 73 16
2 74 50
2 75 63
2 77 31
2 78 67
2 80 9
2 81 10
2 82 61
2 84 46
2 85 67
2 86 59
2 89 35
2 91 45
2 92 41
2 94 52
3 9 41
3 10 49
3 11 53
3 12 47
3 13 31
3 14 45
3 15 10
3 16 35
3 18 37
3 20 45
3 21 46
3 22 40
3 24 66
3 25 26
3 26 63
3 27 69
3 28 39
3 29 44
3 30 77
3 31 70
3 33 83
3 34 30
3 35 13
3 36 51
3 37 63
3 39 14
3 41 55
3 42 76
3 44 41
3 46 42
3 47 19
3 49 14
3 50 72
3 51 61
3 53 41
3 54 20
3 55 28
3 56 41
3 57 30
3 58 22
3 60 19
3 62 20
3 64 20
3 65 69
3 66 31
3 67 49
3 69 72
3 70 21
3 72 20
3 74 29
3 76 42
3 78 66
3 81 31
3 83 64
3 84 66
3 86 30
3 87 33
3 88 22
3 89 25
3 91 32
3 93 30
3 94 31
3 95 47
3 96 37
3 97 68
3 98 28
3 99 72
4 6 51
4 8 17
4 10 76
4 11 26
4 12 35
4 13 21
4 14 52
4 15 40
4 16 62
4 17 55
4 18 67
4 19 29
4 20 45
4 21 50
4 22 11
4 23 74
4 24 64
4 26 50
4 29 26
4 30 73
4 31 77
4 34 44
4 36 74
4 37 74
4 38 29
4 45 70
4 46 67
4 48 77
4 49 44
4 50 66
4 51 63
4 52 48
4 53 22
4 54 41
4 55 43
4 57 60
4 59 18
4 60 48
4 61 35
4 63 33
4 65 81
4 66 60
4 67 72
4 68 19
4 69 64
4 73 30
4 74 59
4 75 82
4 76 22
4 77 30
4 78 86
4 79 41
4 82 57
4 83 44
4 85 86
4 86 58
4 87 62
4 88 43
4 89 49
4 90 71
4 91 59
4 92 54
4 96 7
4 97 74
4 98 45
4 99 67
5 7 75
5 9 36
5 10 45
5 11 70
5 12 64
5 14 58
5 15 16
5 19 63
5 20 60
5 21 60
5 22 55
5 23 91
5 25 13
5 27 68
5 28 50
5 29 61
5 30 91
5 31 81
5 32 25
5 33 98
5 37 72
5 38 75
5 40 49
5 41 67
5 42 91
5 44 59
5 45 36
5 46 25
5 48 64
5 49 4
5 52 75
5 53 51
5 54 14
5 56 58
5 57 13
5 58 34
5 59 48
5 60 1
5 62 13
5 63 79
5 64 34
5 65 77
5 66 27
5 67 49
5 68 40
5 69 88
5 70 31
5 71 72
5 72 38
5 73 33
5 76 52
5 77 17
5 79 66
5 81 49
5 82 15
5 85 68
5 86 12
5 87 16
5 89 31
5 90 88
5 91 32
5 92 87
5 94 24
5 96 53
5 97 79
6 7 83
6 8 62
6 15 32
6 17 62
6 18 38
6 19 72
6 20 74
6 22 56
6 24 95
6 26 91
6 27 84
6 29 71
6 31 97
6 33 112
6 34 12
6 35 17
6 37 88
6 38 79
6 39 36
6 40 61
6 41 82
6 43 93
6 45 51
6 46 16
6 48 81
6 49 19
6 50 100
6 51 89
6 53 48
6 54 10
6 55 12
6 56 62
6 57 21
6 58 35
6 59 58
6 64 48
6 65 94
6 66 42
6 67 65
6 68 38
6 69 101
6 71 70
6 72 49
6 74 38
6 75 80
6 76 49
6 78 84
6 81 57
6 82 8
6 83 91
6 84 95
6 87 21
6 88 47
6 90 102
6 92 98
6 93 55
6 95 73
6 97 95
6 98 54
7 8 36
7 9 84
7 10 89
7 12 19
7 13 26
7 14 46
7 15 62
7 16 91
7 17 59
7 18 89
7 20 36
7 24 45
7 26 22
7 28 52
7 31 65
7 33 49
7 34 77
7 38 22
7 39 47
7 40 30
7 42 44
7 44 15
7 45 86
7 46 98
7 47 40
7 48 78
7 49 71
7 50 42
7 51 49
7 52 25
7 55 76
7 56 27
7 57 87
7 58 50
7 59 27
7 60 76
7 61 40
7 64 48
7 67 80
7 68 53
7 70 56
7 71 49
7 73 45
7 75 84
7 78 87
7 80 36
7 81 26
7 83 10
7 84 50
7 86 87
7 89 62
7 91 73
7 93 28
7 94 81
7 97 61
7 98 54
8 9 85
8 10 93
8 14 66
8 15 56
8 16 75
8 17 71
8 18 83
8 21 64
8 22 6
8 25 72
8 26 56
8 27 109
8 28 18
8 29 34
8 30 82
8 31 91
8 34 53
8 35 50
8 36 91
8 37 89
8 38 20
8 39 33
8 40 42
8 41 74
8 43 72
8 48 93
8 49 59
8 50 75
8 51 75
8 52 57
8 53 19
8 55 52
8 56 11
8 57 74
8 59 32
8 60 62
8 61 51
8 62 66
8 63 18
8 64 52
8 65 95
8 66 77
8 67 89
8 68 25
8 72 39
8 75 98
8 76 18
8 77 44
8 78 102
8 80 34
8 81 26
8 82 69
8 83 46
8 84 79
8 85 102
8 86 71
8 87 76
8 88 60
8 89 65
8 90 81
8 91 75
8 92 59
8 93 25
8 94 77
8 95 33
8 97 87
8 98 62
9 10 9
9 11 84
9 12 67
9 14 47
9 15 31
9 16 42
9 17 29
9 18 16
9 19 70
9 20 54
9 22 79
9 23 78
9 24 69
9 26 79
9 27 32
9 29 70
9 30 79
9 32 51
9 34 60
9 36 19
9 37 48
9 39 54
9 42 81
9 43 68
9 45 3
9 46 53
9 47 57
9 48 35
9 49 35
9 50 77
9 51 60
9 53 81
9 54 50
9 55 59
9 56 78
9 57 32
9 58 62
9 59 60
9 60 36
9 62 24
9 65 52
9 66 10
9 68 71
9 69 80
9 70 29
9 71 99
9 72 49
9 73 41
9 74 14
9 78 35
9 79 65
9 81 64
9 82 46
9 84 65
9 86 41
9 87 35
9 88 28
9 89 22
9 90 75
9 91 11
9 94 13
9 95 74
9 96 76
9 97 59
9 98 30
9 99 76
10 11 89
10 15 39
10 16 51
10 19 74
10 21 51
10 22 87
10 24 68
10 25 34
10 26 81
10 27 23
10 28 88
10 30 78
10 31 57
10 32 60
10 33 87
10 34 69
10 35 55
10 36 13
10 38 100
10 39 61
10 43 68
10 46 61
10 48 30
10 49 44
10 50 77
10 51 59
10 52 76
10 53 90
10 54 59
10 55 68
10 56 85
10 57 41
10 60 45
10 62 33
10 64 42
10 66 19
10 67 12
10 69 81
10 70 35
10 73 47
10 75 25
10 76 91
10 77 53
10 78 27
10 79 68
10 80 60
10 81 70
10 82 55
10 84 65
10 85 28
10 86 49
10 88 34
10 90 74
10 91 18
10 92 88
10 93 70
10 96 83
10 97 57
10 98 34
10 99 76
11 12 24
11 17 61
11 20 41
11 21 48
11 22 27
11 25 78
11 26 32
11 27 100
11 28 42
11 29 15
11 31 72
11 34 70
11 36 84
11 37 73
11 39 42
11 40 30
11 41 57
11 42 54
11 43 50
11 46 92
11 47 35
11 49 67
11 50 51
11 51 55
11 52 33
11 54 66
11 55 69
11 57 83
11 59 24
11 60 71
11 61 41
11 64 47
11 65 79
11 66 77
11 67 82
11 68 45
11 70 55
11 73 43
11 74 77
11 75 88
11 76 43
11 77 53
11 78 91
11 79 31
11 81 21
11 86 82
11 87 86
11 89 62
11 91 73
11 92 33
11 93 22
11 94 79
11 95 11
11 96 24
11 97 68
11 98 55
11 99 53
12 13 17
12 14 27
12 17 41
12 18 74
12 19 7
12 21 24
12 22 43
12 23 39
12 27 79
12 28 56
12 29 11
12 30 38
12 31 48
12 32 46
12 33 40
12 35 59
12 36 63
12 37 49
12 39 42
12 41 33
12 43 27
12 44 14
12 46 89
12 51 32
12 52 13
12 53 57
12 56 33
12 57 75
12 58 48
12 59 19
12 61 23
12 62 60
12 64 33
12 66 63
12 67 62
12 72 27
12 75 65
12 77 50
12 78 69
12 79 7
12 81 23
12 82 79
12 84 34
12 85 69
12 86 77
12 87 78
12 88 40
12 90 36
12 93 25
12 94 66
12 95 13
12 96 38
12 97 44
12 98 37
12 99 32
13 14 31
13 15 36
13 17 38
13 19 14
13 20 24
13 21 30
13 23 53
13 24 43
13 25 55
13 26 33
13 27 77
13 28 41
13 29 12
13 30 53
13 31 57
13 33 56
13 34 56
13 35 42
13 36 60
13 37 55
13 39 25
13 40 8
13 41 40
13 43 41
13 44 11
13 46 73
13 48 60
13 49 45
13 50 46
13 51 42
13 52 30
13 55 54
13 56 24
13 57 61
13 58 31
13 60 50
13 63 46
13 66 52
13 67 58
13 68 38
13 69 46
13 70 30
13 71 50
13 72 12
13 73 19
13 74 52
13 75 65
13 78 69
13 79 21
13 80 11
13 81 9
13 83 33
13 84 46
13 85 69
13 86 61
13 87 64
13 88 31
13 89 37
13 90 50
13 91 48
13 93 10
13 94 55
13 95 16
13 98 30
13 99 48
14 16 73
14 18 58
14 20 10
14 21 3
14 22 62
14 23 33
14 24 23
14 27 52
14 30 34
14 31 26
14 34 75
14 35 58
14 36 38
14 38 64
14 39 48
14 41 10
14 42 35
14 44 38
14 45 49
14 47 44
14 49 54
14 52 28
14 53 73
14 55 73
14 56 55
14 57 65
14 58 57
14 59 34
14 64 25
14 66 45
14 68 66
14 69 34
14 70 27
14 75 38
14 77 50
14 78 41
14 79 23
14 80 36
14 83 45
14 86 69
14 87 68
14 88 27
14 89 30
14 90 30
14 91 37
14 94 50
14 96 57
14 97 23
14 98 20
14 99 31
15 16 32
15 17 31
15 23 75
15 24 64
15 25 19
15 26 64
15 27 59
15 28 50
15 29 48
15 30 75
15 31 65
15 33 82
15 34 36
15 35 19
15 36 41
15 37 57
15 39 23
15 41 51
15 44 47
15 45 32
15 46 42
15 48 51
15 50 70
15 51 58
15 52 60
15 53 51
15 54 25
15 56 50
15 58 32
15 59 36
15 61 29
15 62 11
15 64 18
15 65 63
15 68 40
15 69 72
15 70 15
15 71 69
15 72 24
15 74 19
15 75 52
15 76 52
15 77 14
15 78 56
15 79 50
15 80 26
15 81 38
15 82 32
15 84 63
15 85 57
15 86 28
15 88 16
15 89 16
15 90 71
15 91 22
15 92 72
15 93 37
15 94 22
15 95 52
15 96 46
15 98 22
15 99 71
16 18 26
16 19 79
16 20 76
16 21 75
16 22 69
16 23 106
16 24 96
16 25 18
16 26 96
16 27 74
16 28 62
16 29 78
16 31 95
16 32 40
16 33 114
16 34 28
16 35 26
16 37 85
16 38 91
16 39 45
16 40 66
16 41 82
16 43 94
16 45 41
16 46 11
16 48 75
16 49 21
16 50 103
16 51 89
16 52 92
16 53 63
16 54 23
16 55 28
16 56 73
16 57 10
16 58 48
16 59 65
16 60 16
16 61 61
16 62 25
16 63 93
16 64 50
16 65 90
16 66 34
16 68 52
16 69 104
16 70 46
16 72 55
16 74 30
16 76 64
16 77 33
16 79 83
16 80 55
16 81 65
16 83 98
16 84 95
16 86 5
16 88 47
16 89 44
16 91 43
16 92 103
16 93 64
16 94 30
16 96 68
16 97 93
16 98 53
16 99 103
17 18 41
17 19 45
17 20 26
17 21 21
17 22 65
17 23 49
17 24 40
17 25 43
17 26 50
17 27 39
17 28 72
17 29 47
17 31 35
17 32 46
17 33 59
17 34 67
17 36 23
17 37 26
17 39 45
17 40 31
17 41 23
17 42 52
17 45 32
17 46 70
17 48 23
17 49 43
17 52 45
17 53 73
17 54 56
17 56 61
17 58 55
17 60 47
17 62 35
17 63 84
17 64 20
17 65 32
17 66 29
17 69 51
17 70 17
17 71 86
17 72 32
17 73 26
17 74 32
17 75 27
17 76 74
17 77 43
17 78 31
17 79 38
17 80 37
17 81 46
17 82 61
17 83 60
17 85 31
17 86 56
17 87 54
17 88 16
17 89 15
17 90 46
17 91 20
17 92 58
17 94 33
17 95 51
17 96 61
17 97 33
17 98 10
17 99 47
18 19 75
18 20 63
18 21 61
18 22 77
18 23 90
18 24 81
18 25 13
18 26 87
18 29 74
18 30 91
18 31 74
18 32 47
18 33 100
18 34 48
18 36 35
18 37 63
18 38 94
18 39 50
18 40 59
18 42 93
18 43 79
18 46 37
18 47 55
18 48 51
18 49 26
18 50 89
18 52 82
18 53 75
18 54 39
18 55 48
18 56 77
18 57 17
18 59 63
18 60 25
18 62 17
18 63 100
18 65 67
18 66 13
18 67 33
18 70 34
18 71 95
18 72 51
18 75 48
18 76 77
18 77 39
18 78 51
18 80 54
18 81 65
18 82 32
18 83 93
18 85 52
18 86 26
18 88 34
18 89 29
18 91 21
18 92 95
18 93 65
18 94 8
18 95 78
18 97 74
18 98 39
18 99 88
19 20 23
19 21 31
19 22 36
19 23 46
19 24 37
19 25 68
19 26 21
19 27 84
19 28 49
19 29 4
19 32 43
19 34 69
19 38 31
19 40 15
19 41 39
19 43 35
19 46 87
19 47 31
19 48 64
19 49 59
19 51 39
19 52 20
19 53 50
19 54 62
19 55 67
19 56 26
19 59 15
19 60 64
19 61 25
19 63 44
19 64 34
19 65 61
19 66 64
19 67 66
19 69 36
19 70 41
19 71 52
19 73 31
19 74 65
19 75 71
19 77 47
19 78 74
19 80 25
19 81 18
19 82 76
19 84 42
19 86 75
19 89 48
19 90 43
19 93 19
19 95 6
19 96 31
19 97 51
19 98 40
20 21 7
20 22 54
20 23 32
20 24 21
20 27 62
20 28 65
20 29 26
20 30 32
20 31 33
20 32 48
20 33 38
20 34 74
20 35 58
20 36 47
20 37 32
20 38 54
20 39 44
20 40 17
20 41 16
20 42 32
20 43 19
20 44 29
20 45 57
20 47 40
20 48 42
20 49 56
20 50 27
20 51 18
20 52 19
20 53 67
20 54 65
20 57 68
20 58 53
20 59 26
20 61 15
20 62 52
20 65 38
20 68 61
20 69 29
20 70 30
20 72 27
20 74 53
20 75 48
20 76 67
20 77 49
20 78 51
20 82 75
20 83 35
20 85 51
20 86 72
20 87 72
20 88 30
20 89 35
20 91 44
20 92 32
20 94 55
20 95 30
20 96 49
20 97 29
20 98 25
21 22 60
21 24 21
21 25 59
21 27 55
21 28 70
21 29 33
21 31 27
21 32 51
21 33 39
21 34 76
21 35 59
21 37 25
21 38 61
21 39 48
21 40 22
21 42 33
21 43 19
21 45 53
21 46 85
21 47 44
21 48 34
21 51 15
21 53 72
21 55 74
21 56 53
21 57 67
21 58 57
21 59 32
21 60 61
21 61 17
21 63 74
21 65 31
21 67 41
21 70 29
21 72 31
21 73 29
21 74 51
21 75 41
21 76 72
21 77 51
21 78 44
21 79 19
21 81 39
21 84 20
21 85 44
21 86 71
21 91 40
21 92 37
21 94 52
21 95 37
21 96 55
21 97 24
22 23 81
22 24 72
22 25 66
22 26 55
22 27 103
22 28 15
22 29 32
22 31 87
22 33 82
22 34 47
22 35 43
22 36 85
22 37 85
22 38 24
22 39 26
22 40 38
22 41 70
22 42 77
22 44 28
22 45 81
22 46 72
22 47 23
22 48 88
22 49 52
22 50 73
22 54 46
22 55 46
22 56 10
22 57 68
22 58 21
22 60 56
22 61 46
22 62 60
22 64 46
22 65 91
22 66 70
22 69 71
22 71 21
22 72 34
22 73 41
22 74 69
22 76 15
22 77 38
22 78 97
22 79 49
22 80 28
22 81 21
22 84 76
22 86 65
22 87 70
22 88 54
22 90 79
22 92 59
22 93 20
22 94 71
22 95 32
22 96 5
22 98 56
23 24 11
23 27 72
23 28 94
23 29 49
23 31 24
23 32 80
23 36 64
23 37 35
23 38 74
23 40 47
23 41 26
23 42 9
23 43 13
23 44 53
23 46 116
23 47 71
23 56 72
23 58 84
23 60 92
23 62 82
23 63 87
23 64 57
23 65 36
23 67 65
23 68 91
23 69 13
23 70 60
23 72 59
23 73 59
23 74 81
23 75 59
23 76 95
23 77 81
23 78 60
23 79 33
23 80 62
23 81 61
23 83 44
23 84 12
23 87 102
23 88 60
23 89 63
23 90 3
23 91 69
23 92 31
23 94 82
23 95 51
23 96 77
23 99 7
24 25 80
24 27 67
24 28 84
24 29 41
24 30 11
24 31 22
24 32 69
24 34 95
24 36 57
24 37 30
24 40 37
24 44 44
24 47 60
24 48 45
24 49 76
24 52 20
24 54 86
24 55 93
24 56 63
24 57 88
24 58 74
24 59 46
24 60 81
24 63 80
24 64 46
24 65 33
24 68 81
24 69 13
24 70 50
24 71 90
24 72 48
24 73 49
24 74 71
24 75 53
24 77 70
24 78 55
24 80 52
24 81 52
24 85 54
24 86 92
24 88 50
24 89 53
24 93 53
24 94 73
24 95 43
24 96 67
24 97 19
24 98 43
24 99 8
25 26 83
25 27 58
25 28 62
25 29 68
25 30 91
25 32 35
25 33 99
25 35 25
25 36 43
25 37 67
25 41 65
25 43 79
25 44 66
25 46 28
25 47 45
25 48 57
25 49 14
25 50 87
25 51 73
25 52 79
25 53 63
25 54 27
25 56 68
25 57 8
25 58 45
25 63 90
25 64 36
25 67 40
25 68 52
25 71 84
25 72 43
25 73 37
25 74 13
25 75 56
25 76 65
25 77 28
25 78 59
25 79 69
25 81 57
25 82 21
25 83 87
25 84 79
25 87 11
25 88 31
25 89 28
25 90 87
25 91 25
25 92 90
25 94 13
25 95 71
25 96 63
25 97 76
25 98 37
26 29 24
26 30 28
26 31 45
26 32 62
26 33 27
26 34 88
26 35 75
26 36 72
26 37 51
26 38 45
26 41 35
26 42 22
26 43 22
26 44 28
26 45 81
26 46 105
26 47 51
26 48 64
26 49 76
26 50 20
26 51 30
26 52 5
26 56 45
26 57 90
26 58 63
26 59 34
26 60 81
26 61 36
26 62 74
26 63 58
26 64 47
26 65 55
26 68 69
26 69 17
26 70 53
26 71 70
26 72 42
26 73 47
26 74 77
26 75 71
26 76 70
26 77 65
26 79 14
26 80 44
26 81 38
26 83 15
26 84 30
26 85 73
26 86 92
26 87 93
26 88 53
26 89 59
26 90 27
26 92 7
26 95 24
26 97 42
26 98 49
26 99 22
27 28 107
27 29 85
27 30 74
27 31 49
27 33 84
27 34 92
27 35 77
27 36 18
27 38 113
27 39 80
27 40 70
27 42 79
27 43 67
27 44 87
27 45 33
27 48 22
27 50 75
27 51 58
27 53 109
27 54 81
27 56 99
27 57 64
27 58 90
27 59 79
27 61 60
27 62 55
27 63 123
27 64 57
27 65 37
27 66 41
27 68 99
27 69 80
27 70 51
27 71 124
27 72 70
27 74 46
27 75 14
27 77 74
27 78 12
27 80 75
27 81 84
27 82 79
27 83 97
27 84 61
27 85 13
27 86 73
27 87 67
27 90 70
27 91 37
27 94 45
27 95 89
27 96 99
27 97 50
27 98 47
27 99 74
28 29 46
28 30 94
28 31 97
28 32 29
28 34 37
28 35 38
28 37 94
28 39 27
28 40 48
28 42 90
28 43 82
28 44 42
28 45 81
28 46 63
28 47 27
28 50 87
28 53 2
28 54 39
28 57 63
28 58 18
28 59 39
28 62 58
28 64 52
28 66 70
28 67 87
28 68 10
28 69 85
28 70 57
28 71 22
28 72 41
28 74 68
28 75 98
28 76 2
28 77 36
28 78 102
28 79 62
28 81 33
28 82 55
28 84 88
28 85 102
28 86 58
28 87 64
28 91 71
28 93 31
28 94 70
28 95 46
28 96 19
28 97 94
28 98 62
29 30 49
29 31 58
29 32 41
29 33 50
29 34 66
29 35 54
29 37 59
29 38 28
29 39 35
29 41 42
29 42 45
29 44 4
29 49 58
29 50 41
29 52 23
29 53 47
29 54 60
29 55 65
29 56 23
29 57 73
29 63 41
29 66 64
29 67 68
29 68 45
29 69 39
29 70 42
29 71 49
29 72 24
29 73 31
29 77 45
29 78 76
29 79 17
29 80 23
29 82 75
29 83 20
29 84 45
29 86 74
29 88 42
29 89 48
29 90 47
29 93 16
29 94 67
29 95 4
29 98 41
30 31 26
30 33 10
30 34 106
30 35 90
30 36 66
30 37 36
30 38 72
30 41 27
30 42 7
30 43 13
30 44 52
30 45 82
30 46 117
30 47 70
30 50 8
30 51 19
30 52 26
30 53 95
30 55 104
30 56 71
30 57 99
30 58 84
30 60 92
30 61 47
30 62 82
30 63 86
30 64 57
30 65 38
30 66 79
30 67 66
30 68 91
30 69 11
30 71 97
30 72 59
30 74 82
30 75 60
30 77 81
30 78 61
30 79 32
30 81 61
30 83 42
30 84 13
30 87 102
30 88 60
30 89 64
30 90 4
30 92 29
30 93 62
30 94 83
30 96 76
30 98 54
30 99 6
31 32 77
31 33 36
31 34 100
31 35 83
31 36 44
31 37 12
31 38 86
31 40 49
31 42 32
31 44 61
31 46 105
31 47 71
31 48 28
31 49 77
31 50 29
31 51 16
31 52 41
31 53 99
31 54 90
31 55 98
31 56 79
31 57 85
31 58 84
31 59 59
31 60 82
31 61 44
31 62 70
31 64 50
31 65 12
31 66 62
31 68 92
31 69 34
31 71 106
31 72 57
31 73 55
31 74 66
31 75 36
31 77 75
31 78 36
31 80 62
31 82 96
31 83 60
31 87 89
31 88 50
31 89 50
31 90 23
31 92 50
31 93 67
31 95 61
31 96 82
31 98 43
31 99 28
32 34 26
32 35 14
32 38 51
32 39 5
32 40 33
32 41 60
32 42 78
32 43 67
32 44 38
32 45 52
32 47 13
32 48 69
32 49 22
32 52 59
32 53 30
32 54 20
32 56 33
32 57 38
32 59 28
32 60 26
32 61 34
32 63 54
32 65 77
32 67 59
32 69 74
32 72 21
32 73 22
32 74 39
32 76 31
32 77 8
32 78 75
32 79 50
32 80 19
32 82 35
32 83 61
32 84 71
32 85 76
32 86 35
32 88 31
32 90 77
32 91 43
32 92 68
32 93 25
32 94 42
32 95 43
32 96 28
32 97 74
32 98 36
32 99 75
33 36 75
33 38 71
33 40 52
33 41 36
33 43 20
33 44 54
33 51 28
33 52 27
33 53 97
33 54 102
33 57 106
33 58 88
33 60 99
33 61 53
33 62 90
33 63 85
33 64 64
33 65 48
33 66 87
33 67 76
33 68 94
33 69 11
33 70 68
33 71 97
33 72 64
33 73 66
33 75 70
33 76 97
33 78 71
33 79 35
33 80 66
33 82 113
33 84 23
33 86 110
33 87 110
33 90 14
33 91 79
33 92 26
33 93 65
33 94 92
33 95 50
33 96 78
33 97 33
33 98 62
33 99 11
34 35 17
34 36 75
34 37 92
34 38 71
34 39 31
34 41 84
34 42 104
34 43 93
34 44 63
34 45 60
34 46 26
34 48 87
34 49 26
34 50 100
34 51 90
34 52 86
34 54 11
34 55 2
34 56 54
34 58 28
34 59 54
34 60 24
34 61 59
34 63 70
34 65 98
34 66 51
34 67 73
34 69 100
34 71 59
34 72 47
34 73 46
34 74 47
34 76 39
34 77 25
34 78 91
34 79 76
34 82 21
34 83 86
34 85 92
34 87 32
34 91 56
34 92 95
34 93 50
34 94 48
34 96 48
34 97 97
34 98 57
34 99 101
35 40 45
35 44 52
35 45 46
35 46 31
35 47 27
35 49 11
35 50 84
35 51 74
35 53 39
35 55 15
35 56 47
35 59 41
35 60 13
35 61 42
35 62 22
35 64 33
35 65 81
35 66 36
35 69 85
35 70 33
35 73 30
35 74 32
35 75 71
35 76 40
35 77 9
35 78 75
35 79 62
35 80 31
35 81 40
35 82 21
35 83 74
35 84 79
35 87 27
35 88 34
35 89 35
35 90 86
35 91 40
35 92 81
35 94 34
35 95 57
35 96 42
35 97 80
35 99 85
36 37 32
36 38 95
36 39 62
36 40 53
36 41 40
36 42 70
36 45 21
36 46 71
36 47 63
36 48 17
36 49 50
36 50 66
36 51 48
36 52 66
36 53 91
36 55 74
36 56 82
36 57 50
36 58 72
36 59 61
36 60 52
36 61 43
36 62 39
36 63 105
36 66 26
36 67 3
36 68 80
36 69 69
36 72 52
36 73 44
36 74 30
36 75 13
36 76 91
36 77 56
36 78 16
36 79 60
36 80 57
36 81 67
36 82 64
36 83 83
36 84 53
36 86 58
36 87 53
36 89 26
36 90 62
36 91 20
36 92 79
36 93 67
36 94 30
36 96 81
36 98 30
36 99 65
37 38 87
37 39 69
37 40 47
37 41 17
37 42 41
37 44 61
37 45 51
37 48 17
37 49 69
37 50 38
37 52 46
37 53 95
37 54 82
37 56 78
37 58 79
37 59 57
37 60 73
37 61 39
37 62 60
37 63 99
37 64 44
37 65 6
37 66 51
37 70 42
37 72 53
37 74 55
37 75 24
37 76 95
37 77 68
37 78 25
37 79 43
37 81 63
37 82 86
37 86 82
37 87 79
37 88 42
37 89 41
37 90 33
37 92 56
37 93 65
37 94 56
37 95 62
37 96 80
37 97 13
37 98 35
37 99 36
38 39 46
38 40 42
38 42 67
38 43 64
38 44 26
38 45 96
38 46 95
38 47 40
38 48 94
38 49 72
38 50 65
38 51 69
38 56 18
38 57 88
38 58 44
38 61 53
38 62 78
38 63 14
38 65 93
38 66 86
38 67 94
38 68 43
38 70 65
38 72 45
38 73 53
38 75 100
38 77 58
38 78 104
38 79 44
38 80 41
38 83 32
38 84 72
38 85 104
38 86 86
38 87 91
38 88 66
38 89 72
38 90 72
38 91 83
38 92 46
38 93 30
38 94 88
38 96 24
38 97 82
38 98 66
38 99 67
39 41 58
39 42 74
39 43 63
39 45 55
39 46 51
39 47 7
39 49 26
39 50 70
39 53 29
39 57 42
39 58 10
39 59 23
39 60 31
39 61 31
39 63 50
39 65 75
39 66 44
39 67 60
39 69 70
39 70 30
39 71 46
39 74 42
39 75 71
39 77 12
39 79 45
39 81 21
39 82 41
39 83 56
39 84 67
39 85 76
39 86 41
39 88 31
39 92 63
39 93 20
39 96 24
39 97 71
39 98 35
39 99 71
40 41 32
40 44 17
40 45 57
40 46 74
40 49 45
40 52 27
40 54 51
40 56 31
40 57 60
40 58 37
40 59 10
40 61 10
40 62 45
40 64 19
40 66 49
40 67 52
40 68 44
40 70 26
40 71 58
40 74 49
40 80 15
40 83 34
40 85 62
40 87 63
40 89 33
40 90 44
40 91 43
40 93 18
40 94 52
40 95 20
40 97 46
40 98 25
40 99 42
41 42 30
41 44 45
41 45 55
41 46 92
41 48 29
41 49 63
41 51 8
41 52 29
41 53 82
41 54 74
41 55 82
41 57 73
41 58 67
41 59 42
41 60 68
41 61 27
41 62 57
41 63 83
41 64 34
41 65 22
41 67 40
41 70 36
41 71 90
41 72 40
41 74 55
41 77 59
41 78 39
41 79 27
41 80 45
41 81 49
41 83 48
41 84 14
41 85 39
41 86 78
41 87 77
41 88 35
41 91 43
41 93 50
41 95 46
41 97 14
41 98 29
42 44 48
42 45 84
42 48 57
42 49 87
42 50 5
42 52 21
42 53 91
42 54 96
42 56 67
42 57 99
42 60 92
42 61 47
42 64 57
42 65 44
42 67 70
42 68 88
42 70 61
42 71 92
42 72 57
42 73 59
42 74 83
42 76 91
42 77 80
42 78 66
42 79 29
42 80 60
42 81 58
42 82 106
42 83 36
42 84 17
42 85 66
42 86 103
42 87 103
42 88 61
42 89 65
42 92 23
42 95 45
42 97 29
42 99 5
43 44 42
43 45 71
43 46 104
43 47 58
43 48 45
43 49 74
43 50 9
43 52 18
43 53 83
43 55 91
43 56 61
43 58 71
43 59 43
43 61 34
43 62 70
43 64 44
43 66 67
43 67 57
43 68 79
43 70 48
43 71 87
43 72 46
43 73 47
43 75 53
43 76 83
43 77 68
43 79 21
43 80 49
43 81 49
43 83 37
43 86 90
43 87 90
43 88 48
43 89 51
43 90 10
43 93 51
43 95 40
43 96 65
43 97 20
43 98 42
43 99 9
44 45 72
44 46 83
44 47 25
44 48 68
44 52 27
44 53 43
44 54 57
44 55 61
44 56 19
44 58 37
44 59 11
44 60 60
44 61 27
44 62 58
44 64 34
44 65 67
44 66 64
44 67 68
44 68 41
44 70 41
44 71 45
44 73 30
44 74 64
44 75 74
44 76 43
44 77 43
44 78 78
44 79 21
44 81 12
44 82 72
44 83 23
44 84 48
44 85 78
44 88 42
44 89 48
44 90 51
44 91 59
44 92 32
44 94 66
44 95 6
44 98 41
44 99 47
45 46 51
45 47 58
45 48 37
45 50 80
45 52 76
45 53 82
45 54 50
45 55 59
45 56 80
45 58 63
45 61 47
45 63 103
45 64 38
45 65 54
45 66 11
45 67 19
45 68 71
45 69 83
45 71 101
45 72 51
45 73 43
45 75 34
45 76 83
45 78 37
45 79 68
45 81 66
45 82 45
45 83 90
45 84 68
45 85 37
45 86 39
45 87 34
45 88 30
45 89 24
45 90 78
45 93 66
45 96 77
45 98 33
45 99 79
46 47 58
46 49 29
46 50 112
46 51 99
46 53 64
46 54 26
46 56 78
46 58 51
46 59 72
46 60 24
46 63 96
46 64 59
46 65 100
46 66 45
46 67 68
46 68 54
46 69 113
46 70 56
46 72 62
46 73 58
46 74 41
46 76 65
46 77 40
46 79 91
46 80 62
46 81 71
46 83 105
46 84 105
46 85 88
46 86 14
46 88 56
46 89 55
46 91 53
46 94 41
46 95 88
46 96 72
46 97 103
46 98 63
46 99 112
47 48 67
47 50 64
47 51 58
47 52 48
47 53 29
47 54 32
47 55 36
47 57 49
47 58 13
47 59 16
47 60 37
47 61 27
47 62 38
47 63 45
47 64 25
47 65 73
47 66 48
47 70 30
47 74 46
47 75 71
47 78 75
47 81 14
47 83 48
47 85 75
47 86 47
47 87 51
47 90 68
47 92 57
47 93 13
47 98 35
48 49 62
48 51 36
48 52 58
48 53 96
48 54 76
48 55 85
48 56 83
48 57 65
48 58 78
48 61 43
48 62 51
48 64 43
48 65 18
48 66 40
48 67 18
48 68 87
48 69 58
48 70 39
48 71 109
48 72 55
48 75 8
48 76 97
48 77 65
48 79 54
48 81 68
48 82 78
48 83 76
48 84 40
48 85 10
48 86 72
48 87 68
48 88 38
48 90 49
48 92 70
48 94 45
48 95 70
48 96 84
48 97 29
48 98 33
48 99 52
49 50 83
49 53 50
49 54 15
49 55 24
49 57 16
49 59 45
49 61 41
49 62 12
49 63 76
49 65 74
49 68 38
49 72 34
49 73 29
49 75 62
49 76 51
49 78 66
49 79 62
49 80 35
49 82 19
49 83 78
49 84 76
49 86 16
49 87 19
49 89 28
49 90 84
49 92 83
49 93 44
49 94 23
49 95 61
49 96 50
49 99 83
50 52 18
50 53 88
50 55 98
50 56 64
50 57 95
50 58 77
50 59 48
50 60 88
50 61 42
50 63 79
50 64 53
50 66 76
50 67 66
50 68 84
50 70 57
50 72 53
50 73 54
50 75 61
50 76 88
50 77 75
50 79 25
50 80 56
50 83 35
50 85 63
50 87 98
50 88 57
50 89 60
50 90 8
50 91 68
50 92 22
50 94 80
50 95 42
50 96 69
50 97 26
50 98 51
50 99 2
51 52 25
51 53 85
51 56 64
51 58 71
51 59 44
51 60 75
51 62 64
51 63 83
51 64 41
51 65 25
51 67 48
51 68 79
51 70 43
51 71 91
51 72 45
51 73 44
51 74 63
51 75 44
51 76 85
51 78 46
51 79 25
51 80 49
51 81 51
51 82 89
51 83 44
51 86 85
51 87 84
51 88 43
51 89 45
51 93 52
51 94 65
51 95 45
51 97 12
51 99 17
52 53 70
52 54 78
52 57 85
52 59 32
52 61 32
52 62 70
52 63 61
52 64 43
52 65 50
52 66 70
52 67 66
52 68 67
52 69 16
52 70 48
52 71 71
52 72 39
52 73 42
52 74 72
52 76 70
52 77 62
52 79 10
52 81 37
52 82 90
52 83 19
52 85 68
52 86 88
52 90 25
52 91 63
52 92 13
52 94 74
52 95 24
52 97 37
52 99 20
53 54 40
53 55 36
53 56 26
53 58 19
53 59 40
53 60 52
53 62 59
53 63 34
53 64 53
53 65 101
53 66 72
53 68 11
53 69 86
53 73 48
53 74 69
53 75 100
53 76 1
53 77 37
53 78 104
53 80 37
53 81 34
53 83 63
53 84 89
53 86 59
53 87 65
53 90 93
53 91 73
53 92 75
53 93 33
53 94 71
53 95 47
53 97 95
53 98 63
53 99 89
54 57 25
54 58 25
54 59 48
54 61 49
54 63 70
54 65 87
54 67 62
54 68 29
54 69 92
54 70 39
54 72 39
54 73 37
54 75 77
54 76 41
54 77 16
54 78 80
54 80 38
54 82 17
54 84 86
54 86 19
54 87 26
54 88 40
54 89 41
54 90 93
54 92 88
54 93 45
54 94 38
54 95 63
54 96 46
54 97 87
54 98 47
54 99 92
55 58 26
55 59 52
55 61 57
55 63 69
55 64 48
55 67 71
55 69 98
55 70 48
55 71 58
55 72 45
55 75 86
55 76 38
55 77 23
55 78 90
55 81 50
55 83 85
55 84 94
55 85 90
55 86 25
55 87 32
55 90 101
55 91 54
55 92 93
55 93 48
55 94 47
55 96 46
55 98 55
55 99 99
56 58 27
56 59 21
56 61 40
56 62 61
56 63 24
56 65 84
56 67 80
56 70 50
56 71 27
56 72 30
56 73 38
56 74 69
56 75 88
56 76 25
56 77 41
56 80 25
56 81 15
56 82 68
56 83 37
56 84 67
56 85 92
56 86 69
56 87 73
56 88 51
56 89 57
56 90 69
56 94 71
56 95 22
56 96 7
56 97 75
56 98 52
56 99 66
57 58 47
57 59 60
57 60 12
57 61 54
57 63 92
57 66 24
57 69 97
57 72 49
57 73 43
57 75 63
57 77 30
57 79 76
57 80 50
57 81 61
57 82 15
57 83 93
57 84 86
57 85 67
57 86 9
57 87 4
57 88 38
57 89 35
57 90 95
57 91 33
57 92 97
57 95 77
57 96 66
57 97 84
58 59 29
58 60 35
58 61 40
58 62 41
58 63 46
58 67 69
58 68 9
58 69 77
58 70 40
58 73 30
58 75 81
58 76 20
58 77 18
58 78 85
58 79 53
58 80 22
58 81 25
58 82 42
58 83 59
58 85 86
58 87 49
58 89 45
58 90 81
58 92 69
58 93 24
58 94 53
58 95 42
58 96 21
58 97 81
58 98 45
58 99 79
59 60 50
59 61 19
59 62 47
59 67 60
59 68 36
59 69 48
59 70 31
59 71 48
59 73 19
59 74 53
59 75 67
59 76 40
59 80 10
59 81 7
59 83 33
59 84 49
59 86 61
59 87 63
59 88 32
59 91 49
59 92 40
59 94 55
59 95 16
59 96 23
59 98 32
59 99 50
60 61 46
60 62 13
60 63 80
60 64 35
60 65 78
60 67 49
60 68 41
60 69 89
60 70 32
60 71 73
60 72 39
60 74 22
60 76 53
60 77 19
60 78 68
60 79 67
60 82 14
60 83 83
60 84 81
60 85 69
60 86 11
60 87 14
60 89 31
60 91 33
60 92 88
60 93 49
60 94 24
60 95 66
60 96 54
60 97 80
60 98 39
60 99 88
61 62 38
61 63 63
61 65 46
61 66 40
61 67 41
61 68 48
61 69 43
61 70 17
61 71 66
61 72 14
61 74 41
61 77 34
61 81 25
61 83 43
61 84 37
61 85 52
61 86 57
61 87 57
61 88 17
61 90 44
61 93 26
61 95 30
61 96 41
61 97 40
61 99 43
62 66 14
62 70 22
62 71 79
62 73 28
62 74 10
62 75 51
62 77 22
62 78 55
62 81 49
62 82 26
62 83 79
62 85 55
62 86 22
62 91 19
62 92 82
62 94 12
62 95 63
62 96 57
62 97 68
62 98 28
62 99 79
63 64 67
63 65 105
63 66 93
63 68 42
63 70 74
63 73 61
63 74 92
63 76 33
63 78 115
63 79 58
63 81 38
63 83 45
63 85 115
63 86 89
63 87 94
63 88 75
63 91 91
63 92 59
63 93 38
63 94 94
63 95 38
63 96 27
63 97 95
63 98 76
63 99 81
64 65 50
64 66 30
64 67 37
64 68 44
64 69 54
64 70 7
64 71 67
64 72 13
64 73 6
64 74 31
64 76 54
64 78 50
64 79 33
64 80 18
64 81 28
64 83 52
64 84 46
64 86 46
64 89 14
64 90 54
64 92 55
64 93 29
64 96 42
64 97 48
64 98 10
64 99 53
65 66 56
65 68 94
65 69 46
65 71 111
65 73 55
65 75 25
65 76 102
65 77 74
65 78 25
65 82 92
65 83 70
65 85 24
65 88 47
65 90 35
65 95 68
65 96 86
65 97 15
65 98 41
65 99 39
66 67 23
66 68 61
66 70 23
66 74 4
66 77 35
66 78 42
66 80 45
66 81 57
66 84 66
66 86 32
66 87 28
66 88 22
66 89 17
66 90 75
66 91 9
66 92 83
66 93 56
66 94 5
66 96 67
66 97 61
66 98 26
66 99 76
67 68 78
67 69 69
67 71 104
67 72 50
67 73 42
67 74 28
67 76 89
67 79 59
67 80 55
67 82 61
67 83 82
67 84 53
67 86 56
67 87 51
67 88 29
67 89 24
67 90 62
67 91 17
67 92 78
67 95 72
67 96 79
67 97 45
67 98 28
67 99 65
68 69 83
68 72 35
68 73 39
68 74 58
68 75 90
68 76 12
68 77 26
68 78 94
68 79 59
68 80 30
68 81 31
68 83 63
68 84 84
68 85 94
68 86 48
68 87 54
68 88 50
68 89 54
68 90 88
68 91 62
68 92 74
68 93 29
68 95 46
68 96 21
68 97 89
68 99 85
69 70 59
69 71 87
69 72 53
69 74 81
69 75 66
69 78 68
69 79 24
69 84 19
69 85 67
69 86 100
69 87 100
69 88 59
69 89 63
69 91 71
69 92 18
69 94 83
69 95 40
69 96 67
69 97 31
69 98 53
69 99 7
70 71 73
70 72 20
70 73 12
70 74 24
70 75 42
70 76 59
70 79 39
70 81 36
70 84 49
70 85 46
70 86 42
70 87 42
70 89 7
70 91 18
70 92 61
70 93 36
70 94 26
70 95 46
70 96 48
70 99 57
71 72 54
71 73 61
71 75 113
71 77 56
71 79 66
71 81 41
71 82 78
71 83 58
71 84 94
71 85 118
71 86 80
71 89 80
71 90 96
71 92 72
71 93 40
71 94 90
71 95 47
71 97 102
71 98 77
71 99 91
72 73 8
72 74 41
72 75 59
72 76 43
72 77 23
72 78 63
72 79 29
72 80 5
72 81 15
72 83 44
72 84 50
72 85 63
72 86 50
72 87 52
72 88 21
72 89 27
72 90 56
72 92 49
72 93 16
72 95 28
72 96 29
72 97 54
72 98 22
72 99 54
73 74 34
73 75 52
73 76 48
73 77 21
73 79 33
73 80 13
73 82 48
73 83 50
73 85 57
73 86 45
73 88 13
73 90 56
73 93 23
73 94 36
73 95 35
73 96 36
73 97 52
73 98 16
74 77 32
74 79 63
74 80 45
74 81 56
74 82 33
74 83 83
74 84 69
74 86 28
74 88 23
74 89 18
74 90 78
74 92 84
74 93 56
74 94 3
74 95 68
74 97 65
74 98 28
75 78 4
75 80 64
75 83 84
75 85 4
75 86 71
75 87 66
75 89 37
75 90 56
75 91 32
75 95 77
75 97 37
75 98 37
75 99 60
76 79 63
76 80 37
76 81 34
76 82 57
76 84 89
76 85 105
76 87 66
76 88 60
76 89 65
76 90 93
76 91 73
76 92 74
76 93 33
76 94 73
76 95 47
76 96 19
76 97 96
76 98 64
76 99 89
77 79 52
77 80 22
77 81 32
77 82 30
77 83 66
77 84 71
77 85 71
77 86 29
77 89 30
77 90 78
77 91 37
77 92 72
77 94 34
77 95 48
77 96 36
77 97 73
77 98 33
77 99 76
78 79 64
78 80 68
78 81 77
78 82 80
78 84 49
78 85 1
78 87 70
78 90 58
78 91 36
78 95 80
78 97 38
78 98 41
78 99 62
79 80 31
79 83 23
79 85 64
79 87 79
79 88 39
79 89 45
79 91 54
79 92 21
79 93 30
79 96 44
79 97 37
79 98 35
79 99 27
80 81 11
80 82 52
80 83 43
80 86 51
80 87 54
80 88 26
80 89 32
80 90 59
80 91 42
80 92 50
80 93 11
80 94 47
80 95 26
80 96 24
80 97 59
81 82 61
81 84 55
81 85 77
81 86 61
81 88 36
81 90 59
81 91 53
81 92 44
81 93 2
81 94 58
81 95 17
81 96 17
82 84 95
82 87 13
82 88 47
82 90 103
82 91 45
82 95 78
82 97 94
82 99 102
83 85 86
83 86 94
83 87 96
83 88 60
83 89 66
83 91 76
83 92 14
83 93 36
83 94 85
83 95 18
83 96 43
83 97 57
83 98 57
84 86 91
84 87 90
84 88 48
84 89 51
84 90 9
84 93 56
84 95 47
84 96 71
84 98 42
84 99 12
85 86 75
85 89 41
85 90 58
85 91 36
85 94 47
85 95 80
85 96 92
85 97 38
85 99 61
86 87 7
86 89 41
86 90 99
86 91 40
86 92 99
86 93 60
86 94 28
86 96 63
86 97 90
86 98 49
86 99 99
87 88 42
87 89 39
87 91 36
87 92 100
87 95 80
87 97 87
87 98 48
87 99 99
88 90 57
88 91 17
88 92 61
88 94 26
88 97 48
88 98 7
89 91 11
89 92 66
89 94 20
89 96 55
89 99 60
90 91 66
90 92 30
90 96 74
90 97 20
90 98 50
90 99 5
91 93 53
91 94 14
91 96 65
91 97 52
91 98 19
91 99 67
92 94 86
92 95 28
92 97 46
92 98 56
92 99 24
93 4 11
93 94 58
93 95 18
93 96 15
93 98 38
94 95 71
94 96 68
94 98 30
94 99 80
95 96 28
95 99 44
97 98 41
97 99 24
