10 0.7 5 1 0.1 45 31 8
0.492612 0.819282 5
0.855582 0.849381 8
0.535211 0.644906 6
0.522727 0.0969962 10
0.272647 0.782483 3
0.329823 0.110962 9
0.334043 0.298584 7
0.521886 0.159458 9
0.0581972 0.945017 0
0.209235 0.275074 7
0 1 36
0 2 18
0 3 72
0 4 22
0 5 73
0 6 54
0 7 66
0 8 45
0 9 61
1 2 38
1 3 82
1 4 59
1 5 91
1 6 76
1 7 77
1 8 80
1 9 86
2 3 55
2 4 30
2 5 57
2 6 40
2 7 49
2 8 56
2 9 49
3 4 73
3 5 19
3 6 28
3 7 6
3 8 97
3 9 36
4 5 67
4 6 49
4 7 67
4 8 27
4 9 51
5 6 19
5 7 20
5 8 88
5 9 20
6 7 23
6 8 70
6 9 13
7 8 91
7 9 33
8 9 69
0 1 36
0 2 18
0 3 72
0 5 73
0 7 66
0 8 45
1 3 82
1 4 59
1 5 91
1 8 80
2 3 55
2 4 30
2 6 40
2 7 49
2 9 49
3 4 73
3 5 19
3 7 6
3 8 97
4 5 67
4 6 49
4 7 67
4 8 27
4 9 51
5 7 20
5 8 88
5 9 20
6 7 23
6 9 13
7 8 91
7 9 33
