50 0.5 10 0 1 1225 613 15
0.667185 0.337731 24
0.544993 0.816836 29
0.387174 0.081624 47
0.181522 0.564608 35
0.699624 0.0176657 54
0.476593 0.922829 39
0.568301 0.0462416 49
0.293101 0.153565 44
0.337268 0.893066 41
0.140744 0.332367 43
0.267854 0.276394 36
0.226252 0.131168 50
0.681146 0.6215 18
0.756723 0.857818 40
0.785215 0.580493 26
0.174984 0.224734 46
0.715687 0.473906 20
0.252178 0.225941 41
0.907951 0.0362326 63
0.943734 0.236173 51
0.787421 0.994116 53
0.377681 0.491818 15
0.517057 0.64877 12
0.523731 0.246498 28
0.314517 0.203104 39
0.661576 0.268522 30
0.569522 0.838593 31
0.982127 0.262517 53
0.749811 0.771698 33
0.829521 0.936878 51
0.92517 0.426771 41
0.15867 0.0776065 58
0.374815 0.375074 22
0.0993291 0.22265 53
0.845825 0.330518 38
0.211073 0.746266 38
0.781924 0.169315 44
0.0489429 0.244957 56
0.892645 0.520527 37
0.571191 0.279101 26
0.646971 0.268275 29
0.722258 0.289418 31
0.563467 0.571882 6
0.728976 0.56576 21
0.524926 0.530901 0
0.199312 0.89816 49
0.702409 0.109279 46
0.211107 0.0769854 55
0.234027 0.61556 30
0.472428 0.38344 16
0 1 49
0 2 38
0 3 54
0 4 32
0 5 62
0 6 31
0 7 42
0 8 65
0 9 53
0 10 40
0 11 49
0 12 28
0 13 53
0 14 27
0 15 51
0 16 14
0 17 43
0 18 39
0 19 29
0 20 67
0 21 33
0 22 35
0 23 17
0 24 38
0 25 7
0 26 51
0 27 32
0 28 44
0 29 62
0 30 27
0 31 57
0 32 29
0 33 58
0 34 18
0 35 61
0 36 20
0 37 63
0 38 29
0 39 11
0 40 7
0 41 7
0 42 26
0 43 24
0 44 24
0 45 73
0 46 23
0 47 53
0 48 51
0 49 20
1 2 75
1 3 44
1 4 81
1 5 13
1 6 77
1 7 71
1 8 22
1 9 63
1 10 61
1 11 76
1 12 24
1 13 22
1 14 34
1 15 70
1 16 38
1 17 66
1 18 86
1 19 70
1 20 30
1 21 37
1 22 17
1 23 57
1 24 66
1 25 56
1 26 3
1 27 71
1 28 21
1 29 31
1 30 54
1 31 83
1 32 47
1 33 74
1 34 57
1 35 34
1 36 69
1 37 76
1 38 46
1 39 54
1 40 56
1 41 56
1 42 25
1 43 31
1 44 29
1 45 36
1 46 72
1 47 81
1 48 37
1 49 44
2 3 52
2 4 32
2 5 85
2 6 18
2 7 12
2 8 81
2 9 35
2 10 23
2 11 17
2 12 61
2 13 86
2 14 64
2 15 26
2 16 51
2 17 20
2 18 52
2 19 58
2 20 100
2 21 41
2 22 58
2 23 21
2 24 14
2 25 33
2 26 78
2 27 62
2 28 78
2 29 96
2 30 64
2 31 23
2 32 29
2 33 32
2 34 52
2 35 69
2 36 40
2 37 38
2 38 67
2 39 27
2 40 32
2 41 39
2 42 52
2 43 59
2 44 47
2 45 84
2 46 32
2 47 18
2 48 56
2 49 31
3 4 75
3 5 46
3 6 65
3 7 43
3 8 36
3 9 24
3 10 30
3 11 44
3 12 50
3 13 65
3 14 60
3 15 34
3 16 54
3 17 35
3 18 90
3 19 83
3 20 74
3 21 21
3 22 35
3 23 47
3 24 39
3 25 56
3 26 47
3 27 86
3 28 60
3 29 75
3 30 76
3 31 49
3 32 27
3 33 35
3 34 70
3 35 18
3 36 72
3 37 35
3 38 71
3 39 48
3 40 55
3 41 61
3 42 38
3 43 55
3 44 35
3 45 33
3 46 69
3 47 49
3 48 7
3 49 34
4 5 93
4 6 13
4 7 43
4 8 95
4 9 64
4 10 50
4 11 49
4 12 60
4 13 84
4 14 57
4 15 56
4 16 46
4 17 49
4 18 21
4 19 33
4 20 98
4 21 57
4 22 66
4 23 29
4 24 43
4 25 25
4 26 83
4 27 37
4 28 76
4 29 93
4 30 47
4 31 54
4 32 48
4 33 63
4 34 35
4 35 88
4 36 17
4 37 69
4 38 54
4 39 29
4 40 26
4 41 27
4 42 57
4 43 55
4 44 54
4 45 101
4 46 9
4 47 49
4 48 76
4 49 43
5 6 88
5 7 79
5 8 14
5 9 68
5 10 68
5 11 83
5 12 36
5 13 29
5 14 46
5 15 76
5 16 51
5 17 73
5 18 99
5 19 83
5 20 32
5 21 44
5 22 28
5 23 68
5 24 74
5 25 68
5 26 13
5 27 83
5 28 31
5 29 35
5 30 67
5 31 90
5 32 56
5 33 80
5 34 70
5 35 32
5 36 81
5 37 80
5 38 58
5 39 65
5 40 68
5 41 68
5 42 36
5 43 44
5 44 39
5 45 28
5 46 84
5 47 89
5 48 39
5 49 54
6 7 30
6 8 88
6 9 51
6 10 38
6 11 35
6 12 59
6 13 83
6 14 58
6 15 43
6 16 45
6 17 36
6 18 34
6 19 42
6 20 97
6 21 48
6 22 60
6 23 21
6 24 30
6 25 24
6 26 79
6 27 47
6 28 75
6 29 93
6 30 52
6 31 41
6 32 38
6 33 50
6 34 40
6 35 79
6 36 25
6 37 56
6 38 57
6 39 23
6 40 24
6 41 29
6 42 53
6 43 54
6 44 49
6 45 93
6 46 15
6 47 36
6 48 66
6 49 35
7 8 74
7 9 23
7 10 13
7 11 7
7 12 61
7 13 84
7 14 65
7 15 14
7 16 53
7 17 8
7 18 63
7 19 66
7 20 98
7 21 35
7 22 54
7 23 25
7 24 5
7 25 39
7 26 74
7 27 70
7 28 77
7 29 95
7 30 69
7 31 15
7 32 24
7 33 21
7 34 58
7 35 60
7 36 49
7 37 26
7 38 70
7 39 31
7 40 37
7 41 45
7 42 50
7 43 60
7 44 44
7 45 75
7 46 41
7 47 11
7 48 47
7 49 29
8 9 59
8 10 62
8 11 77
8 12 44
8 13 42
8 14 55
8 15 69
8 16 56
8 17 67
8 18 103
8 19 89
8 20 46
8 21 40
8 22 30
8 23 67
8 24 69
8 25 70
8 26 24
8 27 90
8 28 43
8 29 49
8 30 75
8 31 83
8 32 52
8 33 71
8 34 76
8 35 19
8 36 85
8 37 71
8 38 67
8 39 66
8 40 70
8 41 72
8 42 39
8 43 51
8 44 41
8 45 14
8 46 86
8 47 83
8 48 30
8 49 53
9 10 14
9 11 22
9 12 61
9 13 81
9 14 69
9 15 11
9 16 59
9 17 15
9 18 82
9 19 81
9 20 93
9 21 29
9 22 49
9 23 39
9 24 22
9 25 52
9 26 66
9 27 84
9 28 75
9 29 92
9 30 79
9 31 26
9 32 24
9 33 12
9 34 71
9 35 42
9 36 66
9 37 13
9 38 78
9 39 43
9 40 51
9 41 58
9 42 49
9 43 63
9 44 43
9 45 57
9 46 60
9 47 26
9 48 30
9 49 34
10 11 15
10 12 54
10 13 76
10 14 60
10 15 11
10 16 49
10 17 5
10 18 68
10 19 68
10 20 89
10 21 24
10 22 45
10 23 26
10 24 9
10 25 39
10 26 64
10 27 71
10 28 69
10 29 87
10 30 67
10 31 23
10 32 15
10 33 18
10 34 58
10 35 47
10 36 53
10 37 22
10 38 67
10 39 30
10 40 38
10 41 45
10 42 42
10 43 54
10 44 36
10 45 63
10 46 47
10 47 21
10 48 34
10 49 23
11 12 67
11 13 90
11 14 72
11 15 11
11 16 60
11 17 10
11 18 69
11 19 73
11 20 103
11 21 39
11 22 59
11 23 32
11 24 11
11 25 46
11 26 79
11 27 77
11 28 83
11 29 101
11 30 76
11 31 9
11 32 29
11 33 16
11 34 65
11 35 62
11 36 56
11 37 21
11 38 77
11 39 38
11 40 44
11 41 52
11 42 55
11 43 66
11 44 50
11 45 77
11 46 48
11 47 6
11 48 48
11 49 35
12 13 25
12 14 11
12 15 64
12 16 15
12 17 58
12 18 63
12 19 47
12 20 39
12 21 33
12 22 17
12 23 41
12 24 56
12 25 35
12 26 24
12 27 47
12 28 17
12 29 35
12 30 31
12 31 75
12 32 39
12 33 71
12 34 33
12 35 49
12 36 46
12 37 74
12 38 23
12 39 36
12 40 35
12 41 33
12 42 13
12 43 7
12 44 18
12 45 56
12 46 51
12 47 72
12 48 45
12 49 32
13 14 28
13 15 86
13 16 39
13 17 81
13 18 84
13 19 65
13 20 14
13 21 53
13 22 32
13 23 65
13 24 79
13 25 60
13 26 19
13 27 64
13 28 9
13 29 11
13 30 46
13 31 98
13 32 62
13 33 91
13 34 53
13 35 56
13 36 69
13 37 94
13 38 36
13 39 61
13 40 60
13 41 57
13 42 35
13 43 29
13 44 40
13 45 56
13 46 75
13 47 95
13 48 58
13 49 55
14 15 71
14 16 13
14 17 64
14 18 56
14 19 38
14 20 41
14 21 42
14 22 28
14 23 42
14 24 60
14 25 34
14 26 34
14 27 37
14 28 19
14 29 36
14 30 21
14 31 80
14 32 46
14 33 77
14 34 26
14 35 60
14 36 41
14 37 81
14 38 12
14 39 37
14 40 34
14 41 30
14 42 22
14 43 6
14 44 26
14 45 67
14 46 48
14 47 76
14 48 55
14 49 37
15 16 60
15 17 8
15 18 76
15 19 77
15 20 98
15 21 34
15 22 54
15 23 35
15 24 14
15 25 49
15 26 73
15 27 81
15 28 79
15 29 97
15 30 78
15 31 15
15 32 25
15 33 8
15 34 68
15 35 52
15 36 61
15 37 13
15 38 78
15 39 40
15 40 47
15 41 55
15 42 52
15 43 65
15 44 46
15 45 67
15 46 54
15 47 15
15 48 40
15 49 34
16 17 53
16 18 48
16 19 33
16 20 53
16 21 34
16 22 26
16 23 30
16 24 48
16 25 21
16 26 39
16 27 34
16 28 30
16 29 48
16 30 21
16 31 68
16 32 35
16 33 67
16 34 19
16 35 57
16 36 31
16 37 70
16 38 18
16 39 24
16 40 22
16 41 18
16 42 18
16 43 9
16 44 20
16 45 67
16 46 36
16 47 64
16 48 50
16 49 26
17 18 68
17 19 69
17 20 94
17 21 29
17 22 50
17 23 27
17 24 7
17 25 41
17 26 69
17 27 73
17 28 74
17 29 92
17 30 70
17 31 18
17 32 19
17 33 15
17 34 60
17 35 52
17 36 53
17 37 20
17 38 70
17 39 32
17 40 40
17 41 47
17 42 47
17 43 59
17 44 41
17 45 67
17 46 47
17 47 15
17 48 39
17 49 27
18 19 20
18 20 97
18 21 70
18 22 73
18 23 44
18 24 62
18 25 34
18 26 87
18 27 24
18 28 75
18 29 90
18 30 39
18 31 75
18 32 63
18 33 83
18 34 30
18 35 99
18 36 18
18 37 88
18 38 48
18 39 42
18 40 35
18 41 31
18 42 64
18 43 56
18 44 63
18 45 112
18 46 22
18 47 70
18 48 89
18 49 56
19 20 77
19 21 62
19 22 59
19 23 42
19 24 63
19 25 28
19 26 71
19 27 5
19 28 57
19 29 71
19 30 19
19 31 80
19 32 59
19 33 84
19 34 14
19 35 89
19 36 18
19 37 89
19 38 29
19 39 38
19 40 30
19 41 23
19 42 51
19 43 39
19 44 51
19 45 100
19 46 27
19 47 75
19 48 80
19 49 49
20 21 65
20 22 44
20 23 79
20 24 92
20 25 74
20 26 27
20 27 76
20 28 23
20 29 7
20 30 58
20 31 111
20 32 74
20 33 103
20 34 67
20 35 63
20 36 82
20 37 105
20 38 49
20 39 75
20 40 74
20 41 71
20 42 48
20 43 43
20 44 53
20 45 60
20 46 89
20 47 108
20 48 67
20 49 69
21 22 21
21 23 29
21 24 30
21 25 36
21 26 40
21 27 65
21 28 47
21 29 63
21 30 55
21 31 47
21 32 12
21 33 39
21 34 50
21 35 30
21 36 52
21 37 41
21 38 52
21 39 29
21 40 35
21 41 40
21 42 20
21 43 36
21 44 15
21 45 44
21 46 50
21 47 45
21 48 19
21 49 14
22 23 40
22 24 49
22 25 41
22 26 20
22 27 60
22 28 26
22 29 43
22 30 46
22 31 67
22 32 31
22 33 60
22 34 46
22 35 32
22 36 55
22 37 62
22 38 40
22 39 37
22 40 40
22 41 41
22 42 9
22 43 23
22 44 12
22 45 40
22 46 57
22 47 65
22 48 28
22 49 27
23 24 21
23 25 14
23 26 59
23 27 46
23 28 57
23 29 76
23 30 44
23 31 40
23 32 20
23 33 43
23 34 33
23 35 59
23 36 27
23 37 47
23 38 46
23 39 6
23 40 13
23 41 20
23 42 33
23 43 38
23 44 28
23 45 73
23 46 23
23 47 36
23 48 47
23 49 15
24 25 35
24 26 68
24 27 67
24 28 72
24 29 90
24 30 65
24 31 20
24 32 18
24 33 22
24 34 55
24 35 55
24 36 47
24 37 27
24 38 66
24 39 27
24 40 34
24 41 42
24 42 44
24 43 55
24 44 39
24 45 70
24 46 40
24 47 16
24 48 42
24 49 24
25 26 58
25 27 32
25 28 51
25 29 69
25 30 31
25 31 54
25 32 31
25 33 56
25 34 19
25 35 66
25 36 16
25 37 61
25 38 34
25 39 9
25 40 1
25 41 6
25 42 32
25 43 30
25 44 30
25 45 78
25 46 16
25 47 49
25 48 55
25 49 22
26 27 71
26 28 19
26 29 28
26 30 54
26 31 86
26 32 50
26 33 77
26 34 58
26 35 37
26 36 70
26 37 79
26 38 45
26 39 56
26 40 58
26 41 57
26 42 27
26 43 32
26 44 31
26 45 37
26 46 74
26 47 84
26 48 40
26 49 47
27 28 56
27 29 69
27 30 17
27 31 84
27 32 62
27 33 88
27 34 15
27 35 91
27 36 22
27 37 93
27 38 27
27 39 41
27 40 34
27 41 26
27 42 52
27 43 40
27 44 53
27 45 101
27 46 32
27 47 79
27 48 83
27 49 52
28 29 18
28 30 39
28 31 91
28 32 55
28 33 85
28 34 45
28 35 54
28 36 60
28 37 88
28 38 29
28 39 52
28 40 51
28 41 48
28 42 27
28 43 21
28 44 33
28 45 56
28 46 66
28 47 88
28 48 54
28 49 48
29 30 52
29 31 109
29 32 72
29 33 102
29 34 61
29 35 65
29 36 77
29 37 104
29 38 42
29 39 71
29 40 69
29 41 66
29 42 45
29 43 38
29 44 51
29 45 63
29 46 84
29 47 106
29 48 68
29 49 66
30 31 84
30 32 55
30 33 85
30 34 12
30 35 78
30 36 29
30 37 89
30 38 10
30 39 38
30 40 32
30 41 25
30 42 39
30 43 24
30 44 41
30 45 87
30 46 39
30 47 80
30 48 72
30 49 45
31 32 37
31 33 16
31 34 73
31 35 67
31 36 63
31 37 20
31 38 86
31 39 46
31 40 52
31 41 60
31 42 64
31 43 75
31 44 58
31 45 82
31 46 54
31 47 5
31 48 54
31 49 44
32 33 31
32 34 47
32 35 41
32 36 46
32 37 35
32 38 54
32 39 22
32 40 29
32 41 36
32 42 27
32 43 40
32 44 22
32 45 55
32 46 42
32 47 34
32 48 28
32 49 10
33 34 75
33 35 54
33 36 68
33 37 6
33 38 85
33 39 48
33 40 55
33 41 63
33 42 58
33 43 72
33 44 53
33 45 68
33 46 61
33 47 18
33 48 42
33 49 41
34 35 76
34 36 17
34 37 80
34 38 20
34 39 28
34 40 21
34 41 13
34 42 37
34 43 26
34 44 38
34 45 86
34 46 26
34 47 68
34 48 67
34 49 38
35 36 81
35 37 53
35 38 72
35 39 59
35 40 65
35 41 69
35 42 39
35 43 55
35 44 38
35 45 15
35 46 80
35 47 67
35 48 13
35 49 45
36 37 74
36 38 37
36 39 24
36 40 17
36 41 13
36 42 46
36 43 40
36 44 44
36 45 93
36 46 10
36 47 58
36 48 71
36 49 38
37 38 89
37 39 52
37 40 60
37 41 67
37 42 61
37 43 75
37 44 56
37 45 67
37 46 67
37 47 23
37 48 41
37 49 45
38 39 40
38 40 35
38 41 29
38 42 33
38 43 17
38 44 37
38 45 79
38 46 45
38 47 81
38 48 67
38 49 44
39 40 8
39 41 15
39 42 29
39 43 33
39 44 26
39 45 72
39 46 21
39 47 41
39 48 48
39 49 14
40 41 8
40 42 31
40 43 31
40 44 29
40 45 77
40 46 17
40 47 48
40 48 54
40 49 21
41 42 32
41 43 28
41 44 31
41 45 80
41 46 18
41 47 55
41 48 59
41 49 27
42 43 17
42 44 6
42 45 49
42 46 48
42 47 61
42 48 33
42 49 21
43 44 21
43 45 63
43 46 46
43 47 71
43 48 50
43 49 31
44 45 49
44 46 46
44 47 55
44 48 30
44 49 16
45 46 94
45 47 82
45 48 28
45 49 58
46 47 49
46 48 69
46 49 36
47 48 54
47 49 40
48 49 33
0 2 38
0 8 65
0 11 49
0 13 53
0 15 51
0 16 14
0 17 43
0 19 29
0 23 17
0 24 38
0 25 7
0 26 51
0 28 44
0 29 62
0 31 57
0 35 61
0 36 20
0 38 29
0 40 7
0 41 7
0 42 26
0 45 73
0 46 23
0 48 51
1 2 75
1 3 44
1 4 81
1 5 13
1 6 77
1 9 63
1 11 76
1 12 24
1 19 70
1 20 30
1 23 57
1 25 56
1 26 3
1 29 31
1 30 54
1 31 83
1 33 74
1 35 34
1 36 69
2 5 85
2 6 18
2 7 12
2 8 81
2 9 35
2 10 23
2 14 64
2 18 52
2 20 100
2 22 58
2 24 14
2 29 96
2 30 64
2 31 23
2 32 29
2 34 52
2 35 69
2 36 40
2 38 67
2 39 27
2 40 32
2 43 59
2 44 47
2 45 84
2 46 32
3 4 75
3 5 46
3 6 65
3 7 43
3 8 36
3 9 24
3 14 60
3 15 34
3 16 54
3 18 90
3 19 83
3 20 74
3 21 21
3 25 56
3 26 47
3 27 86
3 29 75
3 30 76
3 32 27
3 33 35
3 36 72
3 37 35
3 44 35
3 45 33
3 47 49
3 48 7
4 7 43
4 8 95
4 10 50
4 11 49
4 12 60
4 15 56
4 17 49
4 18 21
4 20 98
4 27 37
4 29 93
4 32 48
4 35 88
4 36 17
4 37 69
4 41 27
4 44 54
4 45 101
4 47 49
4 48 76
4 49 43
5 6 88
5 8 14
5 9 68
5 12 36
5 13 29
5 14 46
5 17 73
5 18 99
5 21 44
5 22 28
5 23 68
5 25 68
5 26 13
5 27 83
5 28 31
5 31 90
5 33 80
5 34 70
5 37 80
5 38 58
5 39 65
5 40 68
5 41 68
5 45 28
5 48 39
5 49 54
6 7 30
6 9 51
6 10 38
6 13 83
6 14 58
6 19 42
6 21 48
6 22 60
6 23 21
6 26 79
6 28 75
6 30 52
6 31 41
6 35 79
6 36 25
6 39 23
6 41 29
6 42 53
6 44 49
6 45 93
6 47 36
7 12 61
7 14 65
7 15 14
7 16 53
7 18 63
7 20 98
7 24 5
7 26 74
7 27 70
7 30 69
7 31 15
7 32 24
7 34 58
7 35 60
7 40 37
7 43 60
7 47 11
7 49 29
8 9 59
8 11 77
8 14 55
8 15 69
8 16 56
8 18 103
8 21 40
8 22 30
8 30 75
8 31 83
8 32 52
8 33 71
8 35 19
8 37 71
8 42 39
8 45 14
8 46 86
8 47 83
8 49 53
9 13 81
9 16 59
9 17 15
9 19 81
9 23 39
9 28 75
9 29 92
9 30 79
9 31 26
9 36 66
9 37 13
9 39 43
9 42 49
9 45 57
9 48 30
10 11 15
10 12 54
10 14 60
10 16 49
10 18 68
10 22 45
10 23 26
10 27 71
10 28 69
10 31 23
10 32 15
10 33 18
10 36 53
10 37 22
10 38 67
10 39 30
10 40 38
10 41 45
10 42 42
10 44 36
10 45 63
10 47 21
10 49 23
11 12 67
11 14 72
11 15 11
11 17 10
11 21 39
11 25 46
11 29 101
11 30 76
11 31 9
11 32 29
11 35 62
11 37 21
11 38 77
11 40 44
11 41 52
11 43 66
11 45 77
11 49 35
12 16 15
12 20 39
12 22 17
12 23 41
12 26 24
12 29 35
12 30 31
12 31 75
12 32 39
12 33 71
12 37 74
12 39 36
12 43 7
12 45 56
12 47 72
13 18 84
13 28 9
13 30 46
13 31 98
13 32 62
13 33 91
13 34 53
13 35 56
13 36 69
13 38 36
13 39 61
13 40 60
13 47 95
13 48 58
13 49 55
14 15 71
14 17 64
14 19 38
14 21 42
14 22 28
14 23 42
14 25 34
14 26 34
14 27 37
14 30 21
14 31 80
14 33 77
14 34 26
14 35 60
14 37 81
14 38 12
14 39 37
14 41 30
14 42 22
14 44 26
14 45 67
14 49 37
15 23 35
15 24 14
15 26 73
15 27 81
15 29 97
15 35 52
15 36 61
15 37 13
15 38 78
15 39 40
15 40 47
15 41 55
15 42 52
15 43 65
15 45 67
15 46 54
15 47 15
15 49 34
16 19 33
16 23 30
16 24 48
16 25 21
16 27 34
16 28 30
16 29 48
16 32 35
16 34 19
16 35 57
16 40 22
16 45 67
16 46 36
16 47 64
16 48 50
17 18 68
17 20 94
17 22 50
17 25 41
17 27 73
17 29 92
17 30 70
17 31 18
17 33 15
17 34 60
17 37 20
17 39 32
17 41 47
17 42 47
17 43 59
17 44 41
17 46 47
17 47 15
18 21 70
18 23 44
18 24 62
18 27 24
18 28 75
18 29 90
18 31 75
18 32 63
18 34 30
18 35 99
18 37 88
18 38 48
18 39 42
18 43 56
18 46 22
19 21 62
19 22 59
19 25 28
19 26 71
19 28 57
19 30 19
19 31 80
19 33 84
19 36 18
19 38 29
19 40 30
19 42 51
19 44 51
19 45 100
19 49 49
20 21 65
20 23 79
20 24 92
20 26 27
20 27 76
20 28 23
20 31 111
20 33 103
20 35 63
20 36 82
20 38 49
20 41 71
20 47 108
21 25 36
21 28 47
21 30 55
21 32 12
21 37 41
21 38 52
21 39 29
21 41 40
21 44 15
21 47 45
21 48 19
22 23 40
22 24 49
22 25 41
22 29 43
22 30 46
22 31 67
22 34 46
22 35 32
22 40 40
22 42 9
22 46 57
22 49 27
23 25 14
23 27 46
23 28 57
23 30 44
23 32 20
23 34 33
23 36 27
23 37 47
23 38 46
23 40 13
23 41 20
23 42 33
23 46 23
23 48 47
23 49 15
24 25 35
24 27 67
24 29 90
24 31 20
24 32 18
24 35 55
24 36 47
24 38 66
24 43 55
24 44 39
24 45 70
24 47 16
24 49 24
25 26 58
25 31 54
25 32 31
25 33 56
25 34 19
25 35 66
25 37 61
25 40 1
25 41 6
25 42 32
25 46 16
25 47 49
25 48 55
25 49 22
26 27 71
26 29 28
26 30 54
26 31 86
26 32 50
26 33 77
26 35 37
26 38 45
26 39 56
26 41 57
26 43 32
26 45 37
26 47 84
26 48 40
27 29 69
27 30 17
27 32 62
27 33 88
27 34 15
27 35 91
27 37 93
27 39 41
27 40 34
27 41 26
27 42 52
27 43 40
27 46 32
27 49 52
28 30 39
28 32 55
28 34 45
28 38 29
28 42 27
28 44 33
28 47 88
28 48 54
28 49 48
29 30 52
29 33 102
29 35 65
29 37 104
29 38 42
29 39 71
29 40 69
29 41 66
29 42 45
29 43 38
29 46 84
29 47 106
29 48 68
29 49 66
30 31 84
30 33 85
30 35 78
30 36 29
30 37 89
30 38 10
30 40 32
30 42 39
30 43 24
30 45 87
30 46 39
30 47 80
31 36 63
31 38 86
31 40 52
31 41 60
31 42 64
31 43 75
31 44 58
31 45 82
31 48 54
31 49 44
32 34 47
32 36 46
32 39 22
32 40 29
32 41 36
32 44 22
32 45 55
32 48 28
33 35 54
33 37 6
33 38 85
33 39 48
33 42 58
33 43 72
33 45 68
33 49 41
34 35 76
34 36 17
34 37 80
34 38 20
34 41 13
34 44 38
34 45 86
34 47 68
34 49 38
35 44 38
35 48 13
35 49 45
36 37 74
36 39 24
36 42 46
36 44 44
36 46 10
36 49 38
37 39 52
37 41 67
37 42 61
37 45 67
37 48 41
37 49 45
38 41 29
38 42 33
38 45 79
38 46 45
38 47 81
39 40 8
39 41 15
39 42 29
39 43 33
39 48 48
39 49 14
40 42 31
40 44 29
40 45 77
41 42 32
41 43 28
41 44 31
41 45 80
42 43 17
42 47 61
42 48 33
43 45 63
43 46 46
43 48 50
43 49 31
44 46 46
44 48 30
44 49 16
45 46 94
45 48 28
45 49 58
46 47 49
47 48 54
47 49 40
