10 0.3 0 1 1 45 14 1
0.619919 0.499674 66
0.353953 0.302601 66
0.277571 0.978715 19
0.581578 0.688335 53
0.528615 0.756829 46
0.729874 0.797434 64
0.176293 0.760542 17
0.0989749 0.909845 0
0.208855 0.0109952 91
0.634617 0.965192 54
0 1 33
0 2 59
0 3 19
0 4 27
0 5 32
0 6 51
0 7 66
0 8 64
0 9 47
1 2 68
1 3 45
1 4 49
1 5 62
1 6 49
1 7 66
1 8 33
1 9 72
2 3 42
2 4 34
2 5 49
2 6 24
2 7 19
2 8 97
2 9 36
3 4 9
3 5 18
3 6 41
3 7 53
3 8 77
3 9 28
4 5 21
4 6 35
4 7 46
4 8 81
4 9 23
5 6 55
5 7 64
5 8 94
5 9 19
6 7 17
6 8 75
6 9 50
7 8 91
7 9 54
8 9 104
0 1 33
0 2 59
1 8 33
2 4 34
3 5 18
3 7 53
3 8 77
4 5 21
4 8 81
5 6 55
5 9 19
6 9 50
7 8 91
7 9 54
