20 0.5 5 1 1 190 95 9
0.0104033 0.021696 0
0.225689 0.632987 65
0.882949 0.803052 117
0.0215313 0.807153 79
0.741125 0.904033 115
0.229049 0.816025 82
0.299459 0.918279 94
0.864424 0.204994 87
0.954997 0.764835 120
0.0318777 0.429294 41
0.1584 0.83044 82
0.118164 0.727485 71
0.0504209 0.379425 36
0.808406 0.488827 92
0.112258 0.0468254 10
0.747866 0.95015 119
0.92285 0.247398 94
0.798917 0.60441 98
0.609521 0.699349 90
0.294841 0.643456 68
0 1 65
0 2 117
0 3 79
0 4 115
0 5 82
0 6 94
0 7 87
0 8 120
0 9 41
0 10 82
0 11 71
0 12 36
0 13 92
0 14 10
0 15 119
0 16 94
0 17 98
0 18 90
0 19 68
1 2 68
1 3 27
1 4 58
1 5 18
1 6 29
1 7 77
1 8 74
1 9 28
1 10 21
1 11 14
1 12 31
1 13 60
1 14 60
1 15 61
1 16 80
1 17 57
1 18 39
1 19 7
2 3 86
2 4 17
2 5 65
2 6 59
2 7 60
2 8 8
2 9 93
2 10 73
2 11 77
2 12 93
2 13 32
2 14 108
2 15 20
2 16 56
2 17 22
2 18 29
2 19 61
3 4 73
3 5 21
3 6 30
3 7 104
3 8 93
3 9 38
3 10 14
3 11 13
3 12 43
3 13 85
3 14 77
3 15 74
3 16 106
3 17 80
3 18 60
3 19 32
4 5 52
4 6 44
4 7 71
4 8 26
4 9 85
4 10 59
4 11 65
4 12 87
4 13 42
4 14 106
4 15 5
4 16 68
4 17 31
4 18 24
4 19 52
5 6 12
5 7 88
5 8 73
5 9 43
5 10 7
5 11 14
5 12 47
5 13 67
5 14 78
5 15 54
5 16 90
5 17 61
5 18 40
5 19 18
6 7 91
6 8 67
6 9 56
6 10 17
6 11 26
6 12 59
6 13 67
6 14 89
6 15 45
6 16 92
6 17 59
6 18 38
6 19 27
7 8 57
7 9 86
7 10 94
7 11 91
7 12 83
7 13 29
7 14 77
7 15 75
7 16 7
7 17 40
7 18 56
7 19 72
8 9 98
8 10 80
8 11 84
8 12 98
8 13 31
8 14 111
8 15 28
8 16 52
8 17 22
8 18 35
8 19 67
9 10 42
9 11 31
9 12 5
9 13 78
9 14 39
9 15 89
9 16 91
9 17 79
9 18 64
9 19 34
10 11 11
10 12 46
10 13 73
10 14 78
10 15 60
10 16 96
10 17 68
10 18 47
10 19 23
11 12 35
11 13 73
11 14 68
11 15 67
11 16 94
11 17 69
11 18 49
11 19 20
12 13 77
12 14 34
12 15 90
12 16 88
12 17 78
12 18 64
12 19 36
13 14 82
13 15 47
13 16 27
13 17 12
13 18 29
13 19 54
14 15 110
14 16 84
14 17 88
14 18 82
14 19 62
15 16 72
15 17 35
15 18 29
15 19 55
16 17 38
16 18 55
16 19 74
17 18 21
17 19 51
18 19 32
0 3 79
0 5 82
0 8 120
0 9 41
0 11 71
0 13 92
0 15 119
0 16 94
0 18 90
0 19 68
1 2 68
1 6 29
1 9 28
1 10 21
1 11 14
1 12 31
1 13 60
1 14 60
1 18 39
1 19 7
2 6 59
2 10 73
2 11 77
2 13 32
2 15 20
2 18 29
3 5 21
3 7 104
3 8 93
3 9 38
3 12 43
3 13 85
3 15 74
3 16 106
3 17 80
3 18 60
3 19 32
4 5 52
4 6 44
4 8 26
4 10 59
4 11 65
4 14 106
4 15 5
4 16 68
4 17 31
5 7 88
5 8 73
5 9 43
5 10 7
5 15 54
5 18 40
6 7 91
6 8 67
6 10 17
6 11 26
6 16 92
6 17 59
6 18 38
6 19 27
7 9 86
7 11 91
7 12 83
7 15 75
7 17 40
7 18 56
8 9 98
8 11 84
8 17 22
8 19 67
9 12 5
9 13 78
9 15 89
9 16 91
9 19 34
10 13 73
10 14 78
10 15 60
10 17 68
10 18 47
11 12 35
11 14 68
11 18 49
11 19 20
12 16 88
12 17 78
12 18 64
12 19 36
13 14 82
13 18 29
13 19 54
14 18 82
16 18 55
17 18 21
17 19 51
