50 0.5 6 1 1 0.5 1225 61335
0.714646 0.0397529 47
0.232083 0.654587 38
0.786603 0.216747 38
0.490514 0.861642 22
0.928681 0.956847 0
0.114803 0.633765 44
0.183179 0.46146 45
0.961305 0.727485 12
0.804241 0.983592 6
0.343971 0.949815 29
0.236513 0.873643 35
0.803779 0.0740516 45
0.131281 0.752866 41
0.467182 0.535713 31
0.132659 0.724374 41
0.635995 0.423785 30
0.456249 0.059093 51
0.206929 0.767664 37
0.919058 0.316589 32
0.633861 0.518732 26
0.581528 0.374797 34
0.667998 0.803957 15
0.599729 0.618999 24
0.510967 0.895011 21
0.218846 0.456756 43
0.449173 0.752392 26
0.874734 0.411259 27
0.400647 0.168121 47
0.824812 0.556858 21
0.573071 0.586138 26
0.839846 0.207802 38
0.354315 0.114919 51
0.611243 0.623614 23
0.328187 0.800873 31
0.261004 0.719372 35
0.696281 0.346989 33
0.335998 0.742601 32
0.280228 0.096354 54
0.914187 0.598872 18
0.694645 0.789123 14
0.21588 0.99178 36
0.845903 0.177943 39
0.668778 0.67021 19
0.0563745 0.65153 46
0.734246 0.71457 16
0.636336 0.147252 43
0.377806 0.359845 41
0.694674 0.0850579 45
0.44876 0.992654 24
0.285329 0.843305 33
0 1 78
0 2 19
0 3 85
0 4 94
0 5 84
0 6 68
0 7 73
0 8 95
0 9 98
0 10 96
0 11 10
0 12 92
0 13 55
0 14 90
0 15 39
0 16 26
0 17 89
0 18 34
0 19 49
0 20 36
0 21 77
0 22 59
0 23 88
0 24 65
0 25 76
0 26 40
0 27 34
0 28 53
0 29 56
0 30 21
0 31 37
0 32 59
0 33 85
0 34 82
0 35 31
0 36 80
0 37 44
0 38 59
0 39 75
0 40 107
0 41 19
0 42 63
0 43 90
0 44 68
0 45 13
0 46 46
0 47 5
0 48 99
0 49 91
1 2 71
1 3 33
1 4 76
1 5 12
1 6 20
1 7 73
1 8 66
1 9 32
1 10 22
1 11 81
1 12 14
1 13 26
1 14 12
1 15 47
1 16 64
1 17 12
1 18 77
1 19 42
1 20 45
1 21 46
1 22 37
1 23 37
1 24 20
1 25 24
1 26 69
1 27 51
1 28 60
1 29 35
1 30 75
1 31 55
1 32 38
1 33 18
1 34 7
1 35 56
1 36 14
1 37 56
1 38 68
1 39 48
1 40 34
1 41 78
1 42 44
1 43 18
1 44 51
1 45 65
1 46 33
1 47 73
1 48 40
1 49 20
2 3 71
2 4 75
2 5 79
2 6 65
2 7 54
2 8 77
2 9 86
2 10 86
2 11 14
2 12 85
2 13 45
2 14 83
2 15 26
2 16 37
2 17 80
2 18 17
2 19 34
2 20 26
2 21 60
2 22 44
2 23 73
2 24 62
2 25 63
2 26 21
2 27 39
2 28 34
2 29 43
2 30 5
2 31 44
2 32 44
2 33 74
2 34 73
2 35 16
2 36 69
2 37 52
2 38 40
2 39 58
2 40 96
2 41 7
2 42 47
2 43 85
2 44 50
2 45 17
2 46 43
2 47 16
2 48 85
2 49 80
3 4 45
3 5 44
3 6 50
3 7 49
3 8 34
3 9 17
3 10 25
3 11 85
3 12 38
3 13 33
3 14 38
3 15 46
3 16 80
3 17 30
3 18 69
3 19 37
3 20 50
3 21 19
3 22 27
3 23 4
3 24 49
3 25 12
3 26 59
3 27 70
3 28 45
3 29 29
3 30 74
3 31 76
3 32 27
3 33 17
3 34 27
3 35 55
3 36 20
3 37 79
3 38 50
3 39 22
3 40 30
3 41 77
3 42 26
3 43 48
3 44 28
3 45 73
3 46 51
3 47 80
3 48 14
3 49 21
4 5 88
4 6 90
4 7 23
4 8 13
4 9 58
4 10 70
4 11 89
4 12 82
4 13 62
4 14 83
4 15 61
4 16 101
4 17 75
4 18 64
4 19 53
4 20 68
4 21 30
4 22 47
4 23 42
4 24 87
4 25 52
4 26 55
4 27 95
4 28 41
4 29 51
4 30 75
4 31 102
4 32 46
4 33 62
4 34 71
4 35 65
4 36 63
4 37 108
4 38 36
4 39 29
4 40 71
4 41 78
4 42 39
4 43 92
4 44 31
4 45 86
4 46 81
4 47 90
4 48 48
4 49 65
5 6 19
5 7 85
5 8 77
5 9 39
5 10 27
5 11 89
5 12 12
5 13 37
5 14 9
5 15 56
5 16 67
5 17 16
5 18 86
5 19 53
5 20 53
5 21 58
5 22 49
5 23 47
5 24 21
5 25 35
5 26 79
5 27 55
5 28 71
5 29 46
5 30 84
5 31 57
5 32 50
5 33 27
5 34 17
5 35 65
5 36 25
5 37 56
5 38 80
5 39 60
5 40 37
5 41 86
5 42 56
5 43 6
5 44 62
5 45 71
5 46 38
5 47 80
5 48 49
5 49 27
6 7 82
6 8 81
6 9 51
6 10 42
6 11 73
6 12 30
6 13 29
6 14 27
6 15 45
6 16 49
6 17 31
6 18 75
6 19 45
6 20 41
6 21 59
6 22 45
6 23 54
6 24 4
6 25 39
6 26 69
6 27 37
6 28 65
6 29 41
6 30 70
6 31 39
6 32 46
6 33 37
6 34 27
6 35 53
6 36 32
6 37 38
6 38 74
6 39 61
6 40 53
6 41 72
6 42 53
6 43 23
6 44 61
6 45 55
6 46 22
6 47 64
6 48 59
6 49 40
7 8 30
7 9 66
7 10 74
7 11 67
7 12 83
7 13 53
7 14 83
7 15 45
7 16 84
7 17 76
7 18 41
7 19 39
7 20 52
7 21 30
7 22 38
7 23 48
7 24 79
7 25 51
7 26 33
7 27 79
7 28 22
7 29 41
7 30 53
7 31 86
7 32 37
7 33 64
7 34 70
7 35 46
7 36 63
7 37 93
7 38 14
7 39 27
7 40 79
7 41 56
7 42 30
7 43 91
7 44 23
7 45 67
7 46 69
7 47 70
7 48 58
7 49 69
8 9 46
8 10 58
8 11 91
8 12 71
8 13 56
8 14 72
8 15 58
8 16 99
8 17 64
8 18 68
8 19 50
8 20 65
8 21 23
8 22 42
8 23 31
8 24 79
8 25 42
8 26 58
8 27 91
8 28 43
8 29 46
8 30 78
8 31 98
8 32 41
8 33 51
8 34 60
8 35 65
8 36 53
8 37 103
8 38 40
8 39 22
8 40 59
8 41 81
8 42 34
8 43 82
8 44 28
8 45 85
8 46 76
8 47 91
8 48 36
8 49 54
9 10 13
9 11 99
9 12 29
9 13 43
9 14 31
9 15 60
9 16 90
9 17 23
9 18 86
9 19 52
9 20 62
9 21 36
9 22 42
9 23 18
9 24 51
9 25 22
9 26 76
9 27 78
9 28 62
9 29 43
9 30 89
9 31 83
9 32 42
9 33 15
9 34 24
9 35 70
9 36 21
9 37 86
9 38 67
9 39 39
9 40 13
9 41 92
9 42 43
9 43 41
9 44 46
9 45 85
9 46 59
9 47 93
9 48 11
9 49 12
10 11 98
10 12 16
10 13 41
10 14 18
10 15 60
10 16 84
10 17 11
10 18 88
10 19 53
10 20 61
10 21 44
10 22 44
10 23 28
10 24 42
10 25 24
10 26 79
10 27 72
10 28 67
10 29 44
10 30 90
10 31 77
10 32 45
10 33 12
10 34 16
10 35 70
10 36 16
10 37 78
10 38 73
10 39 47
10 40 12
10 41 92
10 42 48
10 43 29
10 44 52
10 45 83
10 46 53
10 47 91
10 48 24
10 49 6
11 12 96
11 13 57
11 14 93
11 15 39
11 16 35
11 17 92
11 18 27
11 19 48
11 20 37
11 21 74
11 22 58
11 23 87
11 24 70
11 25 77
11 26 34
11 27 41
11 28 48
11 29 56
11 30 14
11 31 45
11 32 58
11 33 87
11 34 84
11 35 29
11 36 82
11 37 52
11 38 54
11 39 72
11 40 109
11 41 11
11 42 61
11 43 94
11 44 64
11 45 18
11 46 51
11 47 11
11 48 98
11 49 93
12 13 40
12 14 3
12 15 60
12 16 77
12 17 8
12 18 90
12 19 55
12 20 59
12 21 54
12 22 49
12 23 41
12 24 31
12 25 32
12 26 82
12 27 64
12 28 72
12 29 47
12 30 89
12 31 68
12 32 50
12 33 20
12 34 13
12 35 70
12 36 20
12 37 67
12 38 80
12 39 56
12 40 25
12 41 92
12 42 54
12 43 13
12 44 60
12 45 79
12 46 46
12 47 87
12 48 40
12 49 18
13 14 38
13 15 20
13 16 48
13 17 35
13 18 50
13 19 17
13 20 20
13 21 34
13 22 16
13 23 36
13 24 26
13 25 22
13 26 43
13 27 37
13 28 36
13 29 12
13 30 50
13 31 44
13 32 17
13 33 30
13 34 28
13 35 30
13 36 24
13 37 48
13 38 45
13 39 34
13 40 52
13 41 52
13 42 24
13 43 43
13 44 32
13 45 42
13 46 20
13 47 50
13 48 46
13 49 36
14 15 59
14 16 74
14 17 9
14 18 89
14 19 54
14 20 57
14 21 54
14 22 48
14 23 42
14 24 28
14 25 32
14 26 81
14 27 62
14 28 71
14 29 46
14 30 88
14 31 65
14 32 49
14 33 21
14 34 13
14 35 68
14 36 20
14 37 65
14 38 79
14 39 57
14 40 28
14 41 90
14 42 54
14 43 11
14 44 60
14 45 77
14 46 44
14 47 85
14 48 41
14 49 19
15 16 41
15 17 55
15 18 30
15 19 9
15 20 7
15 21 38
15 22 20
15 23 49
15 24 42
15 25 38
15 26 24
15 27 35
15 28 23
15 29 17
15 30 30
15 31 42
15 32 20
15 33 49
15 34 48
15 35 10
15 36 44
15 37 48
15 38 33
15 39 37
15 40 71
15 41 32
15 42 25
15 43 62
15 44 31
15 45 28
15 46 27
15 47 34
15 48 60
15 49 55
16 17 75
16 18 53
16 19 49
16 20 34
16 21 77
16 22 58
16 23 84
16 24 46
16 25 69
16 26 55
16 27 12
16 28 62
16 29 54
16 30 41
16 31 12
16 32 59
16 33 75
16 34 69
16 35 37
16 36 69
16 37 18
16 38 71
16 39 77
16 40 96
16 41 41
16 42 65
16 43 71
16 44 71
16 45 20
16 46 31
16 47 24
16 48 93
16 49 80
17 18 84
17 19 49
17 20 54
17 21 46
17 22 42
17 23 33
17 24 31
17 25 24
17 26 76
17 27 63
17 28 65
17 29 41
17 30 85
17 31 67
17 32 43
17 33 13
17 34 7
17 35 65
17 36 13
17 37 68
17 38 73
17 39 49
17 40 22
17 41 87
17 42 47
17 43 19
17 44 53
17 45 75
17 46 44
17 47 84
17 48 33
17 49 11
18 19 35
18 20 34
18 21 55
18 22 44
18 23 71
18 24 71
18 25 64
18 26 10
18 27 54
18 28 26
18 29 44
18 30 13
18 31 60
18 32 43
18 33 76
18 34 77
18 35 22
18 36 72
18 37 68
18 38 28
18 39 52
18 40 97
18 41 16
18 42 43
18 43 93
18 44 44
18 45 33
18 46 54
18 47 32
18 48 82
18 49 82
19 20 15
19 21 29
19 22 11
19 23 40
19 24 42
19 25 30
19 26 26
19 27 42
19 28 19
19 29 9
19 30 37
19 31 49
19 32 11
19 33 42
19 34 42
19 35 18
19 36 37
19 37 55
19 38 29
19 39 28
19 40 63
19 41 40
19 42 16
19 43 59
19 44 22
19 45 37
19 46 30
19 47 44
19 48 51
19 49 48
20 21 44
20 22 24
20 23 52
20 24 37
20 25 40
20 26 30
20 27 27
20 28 30
20 29 21
20 30 31
20 31 35
20 32 25
20 33 50
20 34 47
20 35 12
20 36 44
20 37 41
20 38 40
20 39 43
20 40 72
20 41 33
20 42 31
20 43 59
20 44 37
20 45 23
20 46 20
20 47 31
20 48 63
20 49 55
21 22 20
21 23 18
21 24 57
21 25 22
21 26 44
21 27 69
21 28 29
21 29 24
21 30 62
21 31 76
21 32 19
21 33 34
21 34 42
21 35 46
21 36 34
21 37 81
21 38 32
21 39 3
21 40 49
21 41 65
21 42 13
21 43 63
21 44 11
21 45 66
21 46 53
21 47 72
21 48 29
21 49 38
22 23 29
22 24 41
22 25 20
22 26 34
22 27 49
22 28 23
22 29 4
22 30 48
22 31 56
22 32 1
22 33 33
22 34 35
22 35 29
22 36 29
22 37 61
22 38 32
22 39 19
22 40 54
22 41 51
22 42 9
22 43 54
22 44 17
22 45 47
22 46 34
22 47 54
22 48 40
22 49 39
23 24 53
23 25 16
23 26 61
23 27 74
23 28 46
23 29 32
23 30 76
23 31 80
23 32 29
23 33 21
23 34 31
23 35 58
23 36 23
23 37 83
23 38 50
23 39 21
23 40 31
23 41 79
23 42 27
23 43 52
23 44 29
23 45 76
23 46 55
23 47 83
23 48 12
23 49 23
24 25 37
24 26 66
24 27 34
24 28 61
24 29 38
24 30 67
24 31 37
24 32 43
24 33 36
24 34 27
24 35 49
24 36 31
24 37 37
24 38 71
24 39 58
24 40 54
24 41 69
24 42 50
24 43 25
24 44 58
24 45 52
24 46 19
24 47 60
24 48 58
24 49 39
25 26 55
25 27 59
25 28 42
25 29 21
25 30 67
25 31 64
25 32 21
25 33 13
25 34 19
25 35 47
25 36 11
25 37 68
25 38 49
25 39 25
25 40 33
25 41 70
25 42 23
25 43 41
25 44 29
25 45 63
25 46 40
25 47 71
25 48 24
25 49 19
26 27 53
26 28 15
26 29 35
26 30 21
26 31 60
26 32 34
26 33 67
26 34 69
26 35 19
26 36 63
26 37 67
26 38 19
26 39 42
26 40 88
26 41 24
26 42 33
26 43 85
26 44 33
26 45 36
26 46 50
26 47 37
26 48 72
26 49 73
27 28 58
27 29 45
27 30 44
27 31 7
27 32 50
27 33 64
27 34 57
27 35 35
27 36 58
27 37 14
27 38 67
27 39 69
27 40 84
27 41 45
27 42 57
27 43 59
27 44 64
27 45 24
27 46 19
27 47 31
27 48 83
27 49 68
28 29 25
28 30 35
28 31 65
28 32 22
28 33 55
28 34 59
28 35 25
28 36 52
28 37 71
28 38 10
28 39 27
28 40 75
28 41 38
28 42 19
28 43 77
28 44 18
28 45 45
28 46 49
28 47 49
28 48 58
28 49 61
29 30 46
29 31 52
29 32 5
29 33 33
29 34 34
29 35 27
29 36 28
29 37 57
29 38 34
29 39 24
29 40 54
29 41 49
29 42 13
29 43 52
29 44 21
29 45 44
29 46 30
29 47 52
29 48 43
29 49 39
30 31 49
30 32 47
30 33 78
30 34 77
30 35 20
30 36 73
30 37 57
30 38 40
30 39 60
30 40 100
30 41 3
30 42 49
30 43 90
30 44 52
30 45 21
30 46 49
30 47 19
30 48 88
30 49 84
31 32 57
31 33 69
31 34 61
31 35 41
31 36 63
31 37 8
31 38 74
31 39 76
31 40 89
31 41 50
31 42 64
31 43 61
31 44 71
31 45 28
31 46 25
31 47 34
31 48 88
31 49 73
32 33 33
32 34 36
32 35 29
32 36 30
32 37 62
32 38 30
32 39 19
32 40 54
32 41 50
32 42 7
32 43 56
32 44 15
32 45 48
32 46 35
32 47 54
32 48 40
32 49 39
33 34 11
33 35 58
33 36 6
33 37 71
33 38 62
33 39 37
33 40 22
33 41 81
33 42 36
33 43 31
33 44 42
33 45 72
33 46 44
33 47 80
33 48 23
33 49 6
34 35 57
34 36 8
34 37 62
34 38 66
34 39 44
34 40 28
34 41 80
34 42 41
34 43 22
34 44 47
34 45 68
34 46 38
34 47 77
34 48 33
34 49 13
35 36 54
35 37 49
35 38 33
35 39 44
35 40 80
35 41 23
35 42 32
35 43 71
35 44 37
35 45 21
35 46 32
35 47 26
35 48 69
35 49 64
36 37 65
36 38 60
36 39 36
36 40 28
36 41 76
36 42 34
36 43 29
36 44 40
36 45 67
36 46 39
36 47 75
36 48 27
36 49 11
37 38 81
37 39 81
37 40 90
37 41 57
37 42 69
37 43 60
37 44 77
37 45 36
37 46 28
37 47 41
37 48 91
37 49 75
38 39 29
38 40 80
38 41 43
38 42 26
38 43 86
38 44 21
38 45 53
38 46 59
38 47 56
38 48 61
38 49 67
39 40 52
39 41 63
39 42 12
39 43 65
39 44 8
39 45 64
39 46 53
39 47 70
39 48 32
39 49 41
40 41 103
40 42 56
40 43 38
40 44 59
40 45 94
40 46 65
40 47 103
40 48 23
40 49 16
41 42 52
41 43 92
41 44 55
41 45 21
41 46 50
41 47 18
41 48 91
41 49 87
42 43 61
42 44 8
42 45 52
42 46 43
42 47 59
42 48 39
42 49 42
43 44 68
43 45 77
43 46 43
43 47 85
43 48 52
43 49 30
44 45 58
44 46 50
44 47 63
44 48 40
44 49 47
45 46 33
45 47 9
45 48 87
45 49 78
46 47 42
46 48 64
46 49 49
47 48 94
47 49 86
48 49 22
0 1 78
0 3 85
0 4 94
0 6 68
0 7 73
0 10 96
0 13 55
0 14 90
0 15 39
0 17 89
0 20 36
0 21 77
0 22 59
0 25 76
0 26 40
0 29 56
0 30 21
0 32 59
0 33 85
0 34 82
0 35 31
0 38 59
0 41 19
0 43 90
0 45 13
0 46 46
0 47 5
0 48 99
1 3 33
1 4 76
1 5 12
1 6 20
1 7 73
1 10 22
1 11 81
1 13 26
1 14 12
1 15 47
1 17 12
1 18 77
1 19 42
1 25 24
1 27 51
1 29 35
1 30 75
1 31 55
1 33 18
1 34 7
1 36 14
1 37 56
1 38 68
1 39 48
1 40 34
1 41 78
1 45 65
1 46 33
1 48 40
1 49 20
2 4 75
2 5 79
2 8 77
2 9 86
2 12 85
2 14 83
2 15 26
2 16 37
2 19 34
2 20 26
2 21 60
2 25 63
2 27 39
2 28 34
2 29 43
2 30 5
2 31 44
2 34 73
2 37 52
2 39 58
2 44 50
2 47 16
2 48 85
3 4 45
3 6 50
3 7 49
3 10 25
3 11 85
3 12 38
3 15 46
3 21 19
3 24 49
3 25 12
3 26 59
3 27 70
3 28 45
3 32 27
3 34 27
3 35 55
3 36 20
3 38 50
3 39 22
3 41 77
3 42 26
3 44 28
3 46 51
3 48 14
4 7 23
4 9 58
4 11 89
4 12 82
4 17 75
4 18 64
4 19 53
4 22 47
4 23 42
4 24 87
4 25 52
4 26 55
4 30 75
4 33 62
4 34 71
4 35 65
4 36 63
4 37 108
4 38 36
4 39 29
4 40 71
4 41 78
4 42 39
4 43 92
4 46 81
4 47 90
5 7 85
5 11 89
5 15 56
5 17 16
5 18 86
5 20 53
5 22 49
5 23 47
5 26 79
5 28 71
5 31 57
5 32 50
5 33 27
5 34 17
5 35 65
5 37 56
5 42 56
5 44 62
5 45 71
5 49 27
6 7 82
6 8 81
6 9 51
6 11 73
6 13 29
6 19 45
6 20 41
6 21 59
6 22 45
6 23 54
6 25 39
6 29 41
6 30 70
6 33 37
6 36 32
6 38 74
6 39 61
6 40 53
6 42 53
6 43 23
6 44 61
6 47 64
7 10 74
7 11 67
7 12 83
7 13 53
7 16 84
7 17 76
7 19 39
7 21 30
7 24 79
7 27 79
7 30 53
7 35 46
7 37 93
7 38 14
7 39 27
7 45 67
7 46 69
7 48 58
8 12 71
8 13 56
8 17 64
8 21 23
8 23 31
8 26 58
8 31 98
8 32 41
8 37 103
8 38 40
8 42 34
8 44 28
8 45 85
8 47 91
8 49 54
9 10 13
9 13 43
9 16 90
9 17 23
9 19 52
9 20 62
9 21 36
9 22 42
9 26 76
9 27 78
9 28 62
9 30 89
9 31 83
9 32 42
9 36 21
9 38 67
9 39 39
9 40 13
9 43 41
9 44 46
9 45 85
9 46 59
9 47 93
10 14 18
10 17 11
10 19 53
10 22 44
10 25 24
10 28 67
10 29 44
10 30 90
10 32 45
10 36 16
10 38 73
10 39 47
10 40 12
10 41 92
10 45 83
10 47 91
10 48 24
10 49 6
11 13 57
11 14 93
11 15 39
11 16 35
11 17 92
11 18 27
11 19 48
11 21 74
11 22 58
11 23 87
11 24 70
11 25 77
11 27 41
11 28 48
11 39 72
11 41 11
11 42 61
11 43 94
11 46 51
12 13 40
12 14 3
12 15 60
12 17 8
12 22 49
12 27 64
12 28 72
12 29 47
12 32 50
12 34 13
12 36 20
12 40 25
12 41 92
12 42 54
12 43 13
12 44 60
12 45 79
12 46 46
12 47 87
12 48 40
13 14 38
13 16 48
13 17 35
13 20 20
13 24 26
13 25 22
13 27 37
13 31 44
13 32 17
13 34 28
13 37 48
13 40 52
13 42 24
13 44 32
13 46 20
13 48 46
13 49 36
14 18 89
14 22 48
14 23 42
14 27 62
14 29 46
14 30 88
14 31 65
14 32 49
14 34 13
14 35 68
14 37 65
14 41 90
14 42 54
14 47 85
14 49 19
15 16 41
15 20 7
15 25 38
15 26 24
15 27 35
15 29 17
15 33 49
15 34 48
15 35 10
15 47 34
15 48 60
16 17 75
16 19 49
16 21 77
16 22 58
16 23 84
16 24 46
16 25 69
16 28 62
16 31 12
16 33 75
16 34 69
16 35 37
16 36 69
16 37 18
16 38 71
16 40 96
16 41 41
16 42 65
16 46 31
16 47 24
16 48 93
17 23 33
17 26 76
17 27 63
17 31 67
17 33 13
17 34 7
17 36 13
17 37 68
17 41 87
17 43 19
17 44 53
17 45 75
17 46 44
17 47 84
18 19 35
18 20 34
18 21 55
18 22 44
18 24 71
18 26 10
18 27 54
18 36 72
18 37 68
18 40 97
18 41 16
18 42 43
18 43 93
18 44 44
18 46 54
18 48 82
18 49 82
19 20 15
19 22 11
19 23 40
19 24 42
19 25 30
19 27 42
19 28 19
19 29 9
19 30 37
19 36 37
19 37 55
19 38 29
19 40 63
19 41 40
19 42 16
19 44 22
19 45 37
19 48 51
20 22 24
20 24 37
20 26 30
20 28 30
20 30 31
20 32 25
20 33 50
20 35 12
20 38 40
20 41 33
20 44 37
20 47 31
20 48 63
21 22 20
21 23 18
21 25 22
21 30 62
21 32 19
21 33 34
21 34 42
21 35 46
21 36 34
21 37 81
21 38 32
21 39 3
21 40 49
21 46 53
21 47 72
21 48 29
21 49 38
22 23 29
22 26 34
22 29 4
22 32 1
22 33 33
22 35 29
22 37 61
22 40 54
22 41 51
22 44 17
22 45 47
22 46 34
22 48 40
23 24 53
23 25 16
23 26 61
23 28 46
23 29 32
23 32 29
23 35 58
23 36 23
23 37 83
23 39 21
23 40 31
23 41 79
23 42 27
23 43 52
23 45 76
23 46 55
23 47 83
23 49 23
24 26 66
24 29 38
24 33 36
24 36 31
24 37 37
24 41 69
24 44 58
24 45 52
24 46 19
24 47 60
24 49 39
25 26 55
25 28 42
25 31 64
25 32 21
25 33 13
25 35 47
25 36 11
25 37 68
25 43 41
25 45 63
25 46 40
25 48 24
25 49 19
26 27 53
26 28 15
26 29 35
26 30 21
26 32 34
26 33 67
26 36 63
26 40 88
26 44 33
26 45 36
26 48 72
27 29 45
27 30 44
27 31 7
27 33 64
27 34 57
27 40 84
27 41 45
27 42 57
27 43 59
27 46 19
28 30 35
28 31 65
28 32 22
28 34 59
28 41 38
28 42 19
28 43 77
28 45 45
28 46 49
28 47 49
28 49 61
29 30 46
29 34 34
29 35 27
29 37 57
29 41 49
29 43 52
29 45 44
29 48 43
30 31 49
30 35 20
30 38 40
30 42 49
30 43 90
30 44 52
30 47 19
30 49 84
31 33 69
31 40 89
31 41 50
31 45 28
31 48 88
31 49 73
32 34 36
32 35 29
32 36 30
32 37 62
32 38 30
32 39 19
32 40 54
32 41 50
32 42 7
32 45 48
32 49 39
33 35 58
33 37 71
33 39 37
33 40 22
33 41 81
33 48 23
33 49 6
34 35 57
34 38 66
34 39 44
34 40 28
34 42 41
34 47 77
34 48 33
34 49 13
35 36 54
35 37 49
35 38 33
35 43 71
35 44 37
35 47 26
35 48 69
35 49 64
36 37 65
36 45 67
36 48 27
37 39 81
37 41 57
37 46 28
37 49 75
38 39 29
38 40 80
38 41 43
38 42 26
38 43 86
38 45 53
38 46 59
38 47 56
38 48 61
38 49 67
39 41 63
39 44 8
39 46 53
39 47 70
39 48 32
39 49 41
40 45 94
40 46 65
40 49 16
41 42 52
41 43 92
41 49 87
42 43 61
42 44 8
42 45 52
42 46 43
43 44 68
44 47 63
45 46 33
45 47 9
45 48 87
45 49 78
46 47 42
46 48 64
