10 45 23 8 2
0.99801 0.0252876 0
0.387652 0.916133 108
0.834695 0.713554 71
0.417982 0.598648 82
0.498765 0.269589 56
0.91721 0.877695 86
0.604673 0.901093 96
0.375194 0.670513 90
0.267912 0.00999447 73
0.979049 0.153867 13
0 1 108
0 2 71
0 3 82
0 4 56
0 5 86
0 6 96
0 7 90
0 8 73
0 9 13
1 2 49
1 3 32
1 4 66
1 5 53
1 6 22
1 7 25
1 8 91
1 9 96
2 3 43
2 4 56
2 5 18
2 6 30
2 7 46
2 8 90
2 9 58
3 4 34
3 5 57
3 6 36
3 7 8
3 8 61
3 9 72
4 5 74
4 6 64
4 7 42
4 8 35
4 9 49
5 6 31
5 7 58
5 8 108
5 9 73
6 7 33
6 8 95
6 9 84
7 8 67
7 9 79
8 9 73
0 1 108
0 2 71
0 3 82
0 7 90
0 8 73
1 2 49
1 4 66
1 7 25
1 8 91
2 7 46
2 9 58
3 4 34
3 5 57
3 6 36
4 5 74
4 6 64
4 9 49
5 7 58
5 9 73
6 9 84
7 9 79
8 3 61
8 9 73
