10 0.3 5 1 1 45 14 4
0.244414 0.201841 61
0.553553 0.720355 74
0.972849 0.461727 45
0.766754 0.918317 88
0.833036 0.0367299 0
0.0298292 0.199296 82
0.303076 0.95906 106
0.0143629 0.245939 84
0.0890081 0.129792 75
0.0526004 0.455284 89
0 1 60
0 2 77
0 3 89
0 4 61
0 5 21
0 6 76
0 7 23
0 8 17
0 9 32
1 2 49
1 3 29
1 4 74
1 5 74
1 6 35
1 7 72
1 8 75
1 9 57
2 3 50
2 4 45
2 5 98
2 6 83
2 7 98
2 8 94
2 9 92
3 4 88
3 5 103
3 6 47
3 7 101
3 8 104
3 9 85
4 5 82
4 6 106
4 7 84
4 8 75
4 9 89
5 6 81
5 7 5
5 8 9
5 9 26
6 7 77
6 8 86
6 9 56
7 8 14
7 9 21
8 9 33
0 1 60
0 6 76
1 2 49
2 4 45
3 5 103
3 6 47
3 7 101
3 9 85
4 8 75
5 7 5
6 9 56
7 8 14
7 9 21
8 9 33
