100 0.7 5 0 0.5 4950 3465 89
0.314744 0.346713 13
0.29507 0.537436 11
0.981288 0.8988 30
0.949746 0.739834 25
0.696633 0.912467 22
0.473779 0.220797 15
0.610823 0.966022 23
0.962314 0.871811 29
0.823998 0.688487 18
0.270742 0.825545 20
0.0418321 0.801734 28
0.5379 0.61702 5
0.920331 0.438577 21
0.402944 0.670263 10
0.515128 0.512807 0
0.569275 0.192691 16
0.422003 0.249189 14
0.0601107 0.833692 28
0.866727 0.584791 18
0.0972076 0.49722 21
0.25837 0.498614 13
0.571242 0.755871 12
0.997422 0.485735 24
0.138986 0.261964 23
0.311713 0.390239 12
0.288691 0.110037 23
0.153753 0.156987 25
0.25504 0.841655 21
0.30453 0.927986 23
0.376959 0.780251 15
0.48341 0.753903 12
0.407744 0.562281 6
0.561459 0.537755 3
0.963743 0.511656 22
0.59051 0.612546 6
0.277048 0.116406 23
0.976856 0.713212 25
0.13815 0.289954 22
0.711976 0.854135 20
0.282941 0.925624 24
0.931679 0.865098 27
0.190696 0.795257 22
0.177816 0.208612 23
0.398091 0.554914 6
0.100827 0.164078 27
0.534092 0.307652 10
0.756827 0.420226 13
0.818829 0.501572 15
0.880567 0.318908 21
0.12363 0.651727 21
0.876289 0.770807 22
0.442937 0.963444 23
0.871006 0.841721 24
0.237486 0.83047 21
0.349035 0.586054 9
0.758333 0.401244 13
0.227073 0.377288 16
0.227537 0.931422 25
0.741154 0.542414 11
0.0786078 0.553093 22
0.770233 0.613483 14
0.728709 0.703927 14
0.11794 0.447376 20
0.367723 0.802947 16
0.401537 0.806385 16
0.862184 0.195645 24
0.642853 0.678652 10
0.922006 0.560125 20
0.72351 0.785078 17
0.864317 0.343298 19
0.775455 0.390686 14
0.786248 0.158332 22
0.142176 0.343056 20
0.75684 0.335978 15
0.296879 0.531183 11
0.00916418 0.478925 25
0.673786 0.9519 23
0.738843 0.63196 13
0.146039 0.0754169 29
0.03425 0.176894 29
0.155455 0.324221 20
0.726653 0.758321 16
0.5077 0.147797 18
0.547621 0.842179 17
0.719573 0.696717 14
0.154355 0.749838 22
0.784528 0.208202 20
0.50307 0.903262 20
0.296309 0.121212 22
0.4802 0.044457 23
0.608185 0.66287 9
0.493959 0.194508 16
0.0224636 0.0771525 33
0.624438 0.903225 20
0.876327 0.0279647 30
0.274141 0.263991 17
0.958872 0.374737 23
0.57744 0.62442 6
0.652302 0.28713 13
0.0526221 0.0507103 33
0 1 19
0 2 87
0 3 75
0 4 68
0 5 20
0 6 69
0 7 83
0 8 61
0 9 48
0 10 53
0 11 35
0 12 61
0 13 34
0 14 26
0 15 30
0 16 14
0 17 55
0 18 60
0 19 26
0 20 16
0 21 48
0 22 70
0 23 20
0 24 4
0 25 24
0 26 25
0 27 50
0 28 58
0 29 44
0 30 44
0 31 23
0 32 31
0 33 67
0 34 38
0 35 23
0 36 76
0 37 19
0 38 64
0 39 58
0 40 81
0 41 47
0 42 19
0 43 22
0 44 28
0 45 22
0 46 45
0 47 53
0 48 57
0 49 36
0 50 70
0 51 63
0 52 74
0 53 49
0 54 24
0 55 45
0 56 9
0 57 59
0 58 47
0 59 31
0 60 53
0 61 55
0 62 22
0 63 46
0 64 47
0 65 57
0 66 47
0 67 64
0 68 60
0 69 55
0 70 46
0 71 51
0 72 17
0 73 44
0 74 19
0 75 33
0 76 70
0 77 51
0 78 32
0 79 33
0 80 16
0 81 58
0 82 28
0 83 55
0 84 54
0 85 43
0 86 49
0 87 59
0 88 23
0 89 34
0 90 43
0 91 24
0 92 40
0 93 64
0 94 65
0 95 9
0 96 64
0 97 38
0 98 34
0 99 40
1 2 78
1 3 69
1 4 55
1 5 36
1 6 53
1 7 75
1 8 55
1 9 29
1 10 37
1 11 26
1 12 63
1 13 17
1 14 22
1 15 44
1 16 31
1 17 38
1 18 57
1 19 20
1 20 5
1 21 35
1 22 70
1 23 32
1 24 15
1 25 43
1 26 41
1 27 31
1 28 39
1 29 26
1 30 29
1 31 12
1 32 27
1 33 67
1 34 30
1 35 42
1 36 70
1 37 29
1 38 52
1 39 39
1 40 72
1 41 28
1 42 35
1 43 10
1 44 42
1 45 33
1 46 48
1 47 52
1 48 62
1 49 21
1 50 63
1 51 45
1 52 65
1 53 30
1 54 7
1 55 48
1 56 17
1 57 40
1 58 45
1 59 22
1 60 48
1 61 46
1 62 20
1 63 28
1 64 29
1 65 66
1 66 38
1 67 63
1 68 49
1 69 60
1 70 50
1 71 62
1 72 25
1 73 50
1 74 1
1 75 29
1 76 56
1 77 45
1 78 49
1 79 44
1 80 25
1 81 48
1 82 44
1 83 40
1 84 45
1 85 25
1 86 59
1 87 42
1 88 42
1 89 53
1 90 34
1 91 40
1 92 53
1 93 49
1 94 77
1 95 27
1 96 68
1 97 30
1 98 44
1 99 54
2 3 16
2 4 28
2 5 85
2 6 38
2 7 3
2 8 26
2 9 71
2 10 94
2 11 53
2 12 46
2 13 62
2 14 61
2 15 82
2 16 86
2 17 92
2 18 33
2 19 97
2 20 83
2 21 43
2 22 41
2 23 106
2 24 84
2 25 105
2 26 111
2 27 73
2 28 68
2 29 62
2 30 52
2 31 66
2 32 55
2 33 39
2 34 48
2 35 105
2 36 19
2 37 104
2 38 27
2 39 70
2 40 6
2 41 80
2 42 106
2 43 68
2 44 115
2 45 74
2 46 53
2 47 43
2 48 59
2 49 89
2 50 17
2 51 54
2 52 12
2 53 75
2 54 71
2 55 55
2 56 92
2 57 75
2 58 43
2 59 97
2 60 35
2 61 32
2 62 97
2 63 62
2 64 59
2 65 71
2 66 40
2 67 34
2 68 28
2 69 57
2 70 55
2 71 77
2 72 101
2 73 61
2 74 78
2 75 106
2 76 31
2 77 36
2 78 117
2 79 119
2 80 101
2 81 29
2 82 89
2 83 44
2 84 33
2 85 84
2 86 72
2 87 48
2 88 104
2 89 99
2 90 44
2 91 86
2 92 126
2 93 36
2 94 88
2 95 95
2 96 52
2 97 49
2 98 69
2 99 126
3 4 31
3 5 70
3 6 41
3 7 13
3 8 14
3 9 68
3 10 91
3 11 43
3 12 30
3 13 55
3 14 49
3 15 67
3 16 72
3 17 89
3 18 18
3 19 89
3 20 73
3 21 38
3 22 26
3 23 94
3 24 73
3 25 91
3 26 99
3 27 70
3 28 67
3 29 57
3 30 47
3 31 57
3 32 44
3 33 23
3 34 38
3 35 92
3 36 4
3 37 93
3 38 26
3 39 69
3 40 13
3 41 76
3 42 94
3 43 58
3 44 103
3 45 60
3 46 37
3 47 27
3 48 43
3 49 83
3 50 8
3 51 55
3 52 13
3 53 72
3 54 62
3 55 39
3 56 81
3 57 75
3 58 29
3 59 89
3 60 22
3 61 22
3 62 88
3 63 59
3 64 55
3 65 55
3 66 31
3 67 18
3 68 23
3 69 41
3 70 39
3 71 60
3 72 90
3 73 45
3 74 69
3 75 98
3 76 35
3 77 24
3 78 104
3 79 107
3 80 90
3 81 22
3 82 74
3 83 41
3 84 23
3 85 80
3 86 56
3 87 48
3 88 90
3 89 84
3 90 35
3 91 71
3 92 114
3 93 36
3 94 72
3 95 83
3 96 37
3 97 39
3 98 54
3 99 113
4 5 73
4 6 10
4 7 27
4 8 26
4 9 43
4 10 66
4 11 34
4 12 52
4 13 38
4 14 44
4 15 73
4 16 72
4 17 64
4 18 37
4 19 73
4 20 60
4 21 20
4 22 52
4 23 86
4 24 65
4 25 90
4 26 93
4 27 45
4 28 39
4 29 35
4 30 27
4 31 45
4 32 40
4 33 48
4 34 32
4 35 90
4 36 34
4 37 84
4 38 6
4 39 41
4 40 24
4 41 52
4 42 87
4 43 47
4 44 96
4 45 63
4 46 50
4 47 43
4 48 62
4 49 63
4 50 23
4 51 26
4 52 19
4 53 47
4 54 48
4 55 51
4 56 71
4 57 47
4 58 37
4 59 71
4 60 31
4 61 21
4 62 74
4 63 35
4 64 31
4 65 74
4 66 24
4 67 42
4 68 13
4 69 59
4 70 53
4 71 76
4 72 79
4 73 58
4 74 55
4 75 81
4 76 5
4 77 28
4 78 100
4 79 99
4 80 80
4 81 16
4 82 79
4 83 16
4 84 22
4 85 57
4 86 71
4 87 19
4 88 89
4 89 89
4 90 26
4 91 75
4 92 107
4 93 7
4 94 90
4 95 77
4 96 60
4 97 31
4 98 63
4 99 108
5 6 76
5 7 81
5 8 58
5 9 64
5 10 72
5 11 40
5 12 50
5 13 46
5 14 29
5 15 10
5 16 6
5 17 74
5 18 54
5 19 47
5 20 35
5 21 54
5 22 59
5 23 34
5 24 23
5 25 22
5 26 33
5 27 66
5 28 73
5 29 57
5 30 53
5 31 35
5 32 33
5 33 57
5 34 41
5 35 22
5 36 70
5 37 34
5 38 68
5 39 73
5 40 79
5 41 64
5 42 30
5 43 34
5 44 38
5 45 11
5 46 35
5 47 44
5 48 42
5 49 56
5 50 68
5 51 74
5 52 74
5 53 65
5 54 39
5 55 34
5 56 29
5 57 75
5 58 42
5 59 52
5 60 49
5 61 55
5 62 42
5 63 59
5 64 59
5 65 39
5 66 49
5 67 56
5 68 62
5 69 41
5 70 35
5 71 32
5 72 35
5 73 31
5 74 36
5 75 53
5 76 76
5 77 49
5 78 36
5 79 44
5 80 33
5 81 59
5 82 8
5 83 63
5 84 54
5 85 62
5 86 31
5 87 68
5 88 20
5 89 18
5 90 46
5 91 3
5 92 47
5 93 70
5 94 45
5 95 20
5 96 51
5 97 42
5 98 19
5 99 45
6 7 36
6 8 35
6 9 37
6 10 59
6 11 36
6 12 61
6 13 36
6 14 46
6 15 77
6 16 74
6 17 57
6 18 46
6 19 70
6 20 59
6 21 21
6 22 62
6 23 85
6 24 65
6 25 91
6 26 93
6 27 38
6 28 31
6 29 30
6 30 25
6 31 45
6 32 43
6 33 58
6 34 35
6 35 91
6 36 44
6 37 82
6 38 15
6 39 33
6 40 34
6 41 45
6 42 87
6 43 46
6 44 95
6 45 66
6 46 56
6 47 51
6 48 70
6 49 58
6 50 33
6 51 17
6 52 29
6 53 40
6 54 46
6 55 58
6 56 70
6 57 38
6 58 44
6 59 67
6 60 39
6 61 29
6 62 72
6 63 29
6 64 26
6 65 81
6 66 29
6 67 51
6 68 21
6 69 67
6 70 60
6 71 83
6 72 78
6 73 65
6 74 54
6 75 77
6 76 6
6 77 36
6 78 100
6 79 98
6 80 79
6 81 24
6 82 82
6 83 14
6 84 29
6 85 51
6 86 78
6 87 12
6 88 90
6 89 93
6 90 30
6 91 78
6 92 107
6 93 6
6 94 97
6 95 78
6 96 69
6 97 34
6 98 68
6 99 107
7 8 23
7 9 69
7 10 92
7 11 50
7 12 44
7 13 59
7 14 57
7 15 78
7 16 82
7 17 90
7 18 30
7 19 94
7 20 80
7 21 41
7 22 39
7 23 102
7 24 81
7 25 102
7 26 108
7 27 71
7 28 66
7 29 59
7 30 49
7 31 64
7 32 52
7 33 36
7 34 45
7 35 102
7 36 16
7 37 101
7 38 25
7 39 68
7 40 3
7 41 78
7 42 103
7 43 65
7 44 111
7 45 71
7 46 50
7 47 40
7 48 56
7 49 87
7 50 13
7 51 53
7 52 10
7 53 73
7 54 68
7 55 51
7 56 89
7 57 74
7 58 40
7 59 94
7 60 32
7 61 29
7 62 95
7 63 60
7 64 56
7 65 68
7 66 37
7 67 31
7 68 25
7 69 54
7 70 52
7 71 73
7 72 98
7 73 57
7 74 75
7 75 103
7 76 30
7 77 33
7 78 114
7 79 116
7 80 98
7 81 26
7 82 85
7 83 42
7 84 30
7 85 82
7 86 69
7 87 46
7 88 100
7 89 96
7 90 41
7 91 82
7 92 123
7 93 34
7 94 85
7 95 92
7 96 50
7 97 46
7 98 66
7 99 123
8 9 57
8 10 79
8 11 29
8 12 27
8 13 42
8 14 36
8 15 56
8 16 60
8 17 78
8 18 11
8 19 75
8 20 60
8 21 26
8 22 27
8 23 81
8 24 59
8 25 79
8 26 86
8 27 59
8 28 57
8 29 46
8 30 35
8 31 43
8 32 30
8 33 23
8 34 25
8 35 79
8 36 15
8 37 79
8 38 20
8 39 59
8 40 21
8 41 64
8 42 80
8 43 45
8 44 89
8 45 48
8 46 28
8 47 19
8 48 37
8 49 70
8 50 10
8 51 47
8 52 16
8 53 60
8 54 49
8 55 29
8 56 67
8 57 64
8 58 17
8 59 76
8 60 9
8 61 10
8 62 75
8 63 47
8 64 44
8 65 49
8 66 18
8 67 16
8 68 14
8 69 35
8 70 30
8 71 53
8 72 76
8 73 36
8 74 55
8 75 84
8 76 30
8 77 10
8 78 91
8 79 94
8 80 76
8 81 12
8 82 63
8 83 32
8 84 10
8 85 67
8 86 48
8 87 39
8 88 77
8 89 73
8 90 22
8 91 59
8 92 101
8 93 29
8 94 66
8 95 69
8 96 34
8 97 25
8 98 44
8 99 100
9 10 23
9 11 34
9 12 76
9 13 20
9 14 40
9 15 70
9 16 60
9 17 21
9 18 64
9 19 37
9 20 33
9 21 31
9 22 80
9 23 58
9 24 44
9 25 72
9 26 68
9 27 2
9 28 11
9 29 12
9 30 22
9 31 30
9 32 41
9 33 76
9 34 38
9 35 71
9 36 71
9 37 55
9 38 44
9 39 10
9 40 66
9 41 9
9 42 62
9 43 30
9 44 68
9 45 58
9 46 63
9 47 64
9 48 79
9 49 23
9 50 61
9 51 22
9 52 60
9 53 3
9 54 25
9 55 65
9 56 45
9 57 11
9 58 55
9 59 33
9 60 54
9 61 47
9 62 41
9 63 10
9 64 13
9 65 86
9 66 40
9 67 70
9 68 45
9 69 76
9 70 67
9 71 84
9 72 50
9 73 69
9 74 30
9 75 43
9 76 42
9 77 51
9 78 76
9 79 69
9 80 51
9 81 46
9 82 72
9 83 28
9 84 47
9 85 14
9 86 80
9 87 24
9 88 70
9 89 81
9 90 37
9 91 67
9 92 79
9 93 36
9 94 100
9 95 56
9 96 82
9 97 37
9 98 66
9 99 80
10 11 53
10 12 95
10 13 38
10 14 55
10 15 81
10 16 67
10 17 4
10 18 85
10 19 31
10 20 37
10 21 53
10 22 101
10 23 55
10 24 49
10 25 73
10 26 65
10 27 22
10 28 29
10 29 34
10 30 44
10 31 44
10 32 58
10 33 97
10 34 58
10 35 72
10 36 94
10 37 52
10 38 67
10 39 27
10 40 89
10 41 15
10 42 61
10 43 43
10 44 64
10 45 70
10 46 81
10 47 83
10 48 97
10 49 17
10 50 84
10 51 43
10 52 83
10 53 20
10 54 38
10 55 82
10 56 46
10 57 23
10 58 75
10 59 25
10 60 75
10 61 69
10 62 36
10 63 33
10 64 36
10 65 102
10 66 61
10 67 91
10 68 68
10 69 94
10 70 84
10 71 98
10 72 47
10 73 85
10 74 37
10 75 32
10 76 65
10 77 72
10 78 73
10 79 62
10 80 49
10 81 69
10 82 80
10 83 51
10 84 69
10 85 12
10 86 95
10 87 47
10 88 73
10 89 88
10 90 58
10 91 76
10 92 72
10 93 59
10 94 114
10 95 59
10 96 101
10 97 56
10 98 80
10 99 75
11 12 42
11 13 15
11 14 11
11 15 43
11 16 39
11 17 52
11 18 33
11 19 46
11 20 30
11 21 14
11 22 48
11 23 53
11 24 32
11 25 56
11 26 60
11 27 36
11 28 39
11 29 23
11 30 15
11 31 14
11 32 8
11 33 44
11 34 5
11 35 56
11 36 45
11 37 52
11 38 29
11 39 40
11 40 47
11 41 39
11 42 54
11 43 15
11 44 63
11 45 31
11 46 29
11 47 30
11 48 45
11 49 42
11 50 37
11 51 36
11 52 40
11 53 37
11 54 19
11 55 31
11 56 39
11 57 44
11 58 22
11 59 46
11 60 23
11 61 21
11 62 45
11 63 25
11 64 23
11 65 53
11 66 12
11 67 39
11 68 25
11 69 43
11 70 33
11 71 52
11 72 48
11 73 36
11 74 26
11 75 55
11 76 36
11 77 20
11 78 67
11 79 67
11 80 48
11 81 24
11 82 47
11 83 23
11 84 20
11 85 41
11 86 48
11 87 29
11 88 55
11 89 58
11 90 8
11 91 42
11 92 75
11 93 30
11 94 68
11 95 44
11 96 49
11 97 4
11 98 35
11 99 75
12 13 57
12 14 41
12 15 43
12 16 53
12 17 95
12 18 16
12 19 83
12 20 66
12 21 47
12 22 9
12 23 80
12 24 61
12 25 71
12 26 82
12 27 78
12 28 79
12 29 64
12 30 54
12 31 53
12 32 37
12 33 9
12 34 37
12 35 72
12 36 28
12 37 80
12 38 46
12 39 80
12 40 43
12 41 81
12 42 78
12 43 54
12 44 86
12 45 41
12 46 16
12 47 12
12 48 13
12 49 82
12 50 34
12 51 71
12 52 41
12 53 79
12 54 59
12 55 17
12 56 70
12 57 85
12 58 21
12 59 85
12 60 23
12 61 33
12 62 80
12 63 66
12 64 64
12 65 25
12 66 37
12 67 12
12 68 40
12 69 11
12 70 15
12 71 31
12 72 78
12 73 19
12 74 63
12 75 91
12 76 57
12 77 27
12 78 86
12 79 92
12 80 77
12 81 37
12 82 50
12 83 55
12 84 33
12 85 83
12 86 27
12 87 62
12 88 70
12 89 59
12 90 38
12 91 49
12 92 97
12 93 55
12 94 41
12 95 67
12 96 7
12 97 39
12 98 31
12 99 95
13 14 19
13 15 51
13 16 42
13 17 38
13 18 47
13 19 35
13 20 22
13 21 19
13 22 62
13 23 49
13 24 29
13 25 57
13 26 57
13 27 23
13 28 28
13 29 11
13 30 12
13 31 11
13 32 21
13 33 58
13 34 20
13 35 57
13 36 58
13 37 46
13 38 36
13 39 28
13 40 56
13 41 25
13 42 51
13 43 12
13 44 59
13 45 39
13 46 43
13 47 45
13 48 59
13 49 28
13 50 48
13 51 30
13 52 50
13 53 23
13 54 10
13 55 45
13 56 34
13 57 31
13 58 36
13 59 34
13 60 37
13 61 33
13 62 36
13 63 14
13 64 14
13 65 66
13 66 24
13 67 53
13 68 34
13 69 57
13 70 47
13 71 64
13 72 42
13 73 49
13 74 17
13 75 44
13 76 39
13 77 34
13 78 65
13 79 62
13 80 43
13 81 34
13 82 53
13 83 22
13 84 32
13 85 26
13 86 60
13 87 25
13 88 56
13 89 63
13 90 21
13 91 48
13 92 70
13 93 32
13 94 80
13 95 43
13 96 63
13 97 18
13 98 46
13 99 71
14 15 32
14 16 28
14 17 56
14 18 36
14 19 42
14 20 26
14 21 25
14 22 48
14 23 45
14 24 24
14 25 46
14 26 51
14 27 42
14 28 47
14 29 30
14 30 24
14 31 12
14 32 5
14 33 45
14 34 13
14 35 46
14 36 50
14 37 44
14 38 39
14 39 47
14 40 55
14 41 43
14 42 45
14 43 12
14 44 54
14 45 21
14 46 26
14 47 30
14 48 41
14 49 42
14 50 44
14 51 46
14 52 48
14 53 42
14 54 18
14 55 27
14 56 32
14 57 51
14 58 23
14 59 44
14 60 27
14 61 29
14 62 40
14 63 33
14 64 31
14 65 47
14 66 21
14 67 41
14 68 34
14 69 39
14 70 29
14 71 45
14 72 41
14 73 30
14 74 22
14 75 51
14 76 47
14 77 25
14 78 57
14 79 59
14 80 41
14 81 32
14 82 37
14 83 33
14 84 27
14 85 43
14 86 41
14 87 39
14 88 45
14 89 47
14 90 18
14 91 32
14 92 66
14 93 41
14 94 60
14 95 35
14 96 46
14 97 13
14 98 26
14 99 65
15 16 16
15 17 82
15 18 49
15 19 56
15 20 44
15 21 56
15 22 52
15 23 44
15 24 32
15 25 29
15 26 42
15 27 72
15 28 78
15 29 62
15 30 57
15 31 40
15 32 35
15 33 51
15 34 42
15 35 30
15 36 66
15 37 44
15 38 68
15 39 79
15 40 76
15 41 71
15 42 39
15 43 40
15 44 47
15 45 12
15 46 29
15 47 40
15 48 34
15 49 64
15 50 65
15 51 78
15 52 72
15 53 72
15 54 45
15 55 28
15 56 39
15 57 81
15 58 39
15 59 61
15 60 47
15 61 54
15 62 52
15 63 64
15 64 64
15 65 29
15 66 49
15 67 51
15 68 61
15 69 33
15 70 29
15 71 22
15 72 45
15 73 24
15 74 43
15 75 63
15 76 77
15 77 47
15 78 44
15 79 54
15 80 43
15 81 59
15 82 8
15 83 65
15 84 53
15 85 69
15 86 22
15 87 71
15 88 28
15 89 17
15 90 47
15 91 8
15 92 56
15 93 71
15 94 35
15 95 30
15 96 43
15 97 43
15 98 13
15 99 54
16 17 69
16 18 56
16 19 41
16 20 30
16 21 53
16 22 62
16 23 28
16 24 18
16 25 19
16 26 28
16 27 62
16 28 69
16 29 53
16 30 51
16 31 31
16 32 32
16 33 60
16 34 40
16 35 20
16 36 72
16 37 29
16 38 67
16 39 69
16 40 80
16 41 59
16 42 25
16 43 31
16 44 33
16 45 13
16 46 38
16 47 47
16 48 46
16 49 50
16 50 69
16 51 71
16 52 74
16 53 61
16 54 34
16 55 37
16 56 23
16 57 71
16 58 43
16 59 46
16 60 50
16 61 55
16 62 36
16 63 56
16 64 56
16 65 44
16 66 48
16 67 59
16 68 61
16 69 45
16 70 38
16 71 38
16 72 30
16 73 35
16 74 31
16 75 47
16 76 75
16 77 50
16 78 33
16 79 39
16 80 28
16 81 59
16 82 13
16 83 61
16 84 54
16 85 57
16 86 36
16 87 66
16 88 18
16 89 21
16 90 45
16 91 9
16 92 44
16 93 68
16 94 51
16 95 15
16 96 55
16 97 41
16 98 23
16 99 42
17 18 84
17 19 34
17 20 39
17 21 52
17 22 100
17 23 58
17 24 51
17 25 76
17 26 68
17 27 20
17 28 26
17 29 32
17 30 43
17 31 44
17 32 58
17 33 96
17 34 57
17 35 75
17 36 92
17 37 55
17 38 65
17 39 24
17 40 87
17 41 14
17 42 64
17 43 44
17 44 67
17 45 71
17 46 81
17 47 83
17 48 97
17 49 19
17 50 82
17 51 40
17 52 81
17 53 18
17 54 38
17 55 82
17 56 49
17 57 19
17 58 74
17 59 28
17 60 74
17 61 68
17 62 39
17 63 31
17 64 34
17 65 102
17 66 60
17 67 90
17 68 67
17 69 94
17 70 84
17 71 99
17 72 50
17 73 86
17 74 38
17 75 36
17 76 62
17 77 71
17 78 76
17 79 66
17 80 52
17 81 67
17 82 82
17 83 49
17 84 67
17 85 13
17 86 96
17 87 45
17 88 75
17 89 89
17 90 57
17 91 77
17 92 76
17 93 57
17 94 115
17 95 61
17 96 101
17 97 56
17 98 81
17 99 78
18 19 77
18 20 61
18 21 34
18 22 16
18 23 80
18 24 59
18 25 75
18 26 83
18 27 66
18 28 66
18 29 53
18 30 42
18 31 46
18 32 31
18 33 12
18 34 28
18 35 75
18 36 17
18 37 79
18 38 31
18 39 68
18 40 29
18 41 71
18 42 78
18 43 47
18 44 87
18 45 43
18 46 20
18 47 10
18 48 27
18 49 75
18 50 19
18 51 57
18 52 26
18 53 68
18 54 52
18 55 21
18 56 67
18 57 73
18 58 13
18 59 79
18 60 10
18 61 18
18 62 76
18 63 54
18 64 52
18 65 39
18 66 24
18 67 6
18 68 25
18 69 24
18 70 21
18 71 43
18 72 76
18 73 27
18 74 57
18 75 86
18 76 41
18 77 14
18 78 88
18 79 93
18 80 76
18 81 22
18 82 57
18 83 41
18 84 18
18 85 73
18 86 39
18 87 48
18 88 74
18 89 66
18 90 27
18 91 54
18 92 99
18 93 40
18 94 56
18 95 67
18 96 23
18 97 29
18 98 37
18 99 97
19 20 16
19 21 54
19 22 90
19 23 24
19 24 24
19 25 43
19 26 34
19 27 38
19 28 48
19 29 40
19 30 46
19 31 32
19 32 47
19 33 87
19 34 51
19 35 42
19 36 91
19 37 21
19 38 71
19 39 47
19 40 91
19 41 31
19 42 30
19 43 31
19 44 33
19 45 48
19 46 66
19 47 72
19 48 80
19 49 16
19 50 83
19 51 58
19 52 85
19 53 36
19 54 27
19 55 67
19 56 18
19 57 45
19 58 65
19 59 6
19 60 68
19 61 66
19 62 5
19 63 41
19 64 43
19 65 82
19 66 58
19 67 83
19 68 69
19 69 78
19 70 69
19 71 77
19 72 16
19 73 68
19 74 20
19 75 9
19 76 73
19 77 66
19 78 42
19 79 33
19 80 18
19 81 68
19 82 54
19 83 57
19 84 65
19 85 26
19 86 75
19 87 57
19 88 43
19 89 59
19 90 54
19 91 50
19 92 43
19 93 67
19 94 91
19 95 29
19 96 87
19 97 50
19 98 59
19 99 45
20 21 41
20 22 74
20 23 27
20 24 12
20 25 39
20 26 36
20 27 34
20 28 43
20 29 31
20 30 34
20 31 16
20 32 31
20 33 71
20 34 35
20 35 38
20 36 75
20 37 24
20 38 58
20 39 43
20 40 77
20 41 30
20 42 30
20 43 15
20 44 37
20 45 34
20 46 50
20 47 56
20 48 65
20 49 20
20 50 68
20 51 50
20 52 70
20 53 33
20 54 13
20 55 51
20 56 13
20 57 43
20 58 48
20 59 19
20 60 52
20 61 51
20 62 15
20 63 32
20 64 34
20 65 68
20 66 42
20 67 67
20 68 55
20 69 63
20 70 53
20 71 63
20 72 19
20 73 52
20 74 5
20 75 25
20 76 61
20 77 50
20 78 44
20 79 39
20 80 20
20 81 54
20 82 43
20 83 45
20 84 50
20 85 27
20 86 60
20 87 47
20 88 38
20 89 51
20 90 39
20 91 38
20 92 48
20 93 55
20 94 78
20 95 24
20 96 71
20 97 34
20 98 45
20 99 49
21 22 50
21 23 66
21 24 45
21 25 70
21 26 73
21 27 33
21 28 32
21 29 20
21 30 9
21 31 25
21 32 22
21 33 46
21 34 14
21 35 70
21 36 41
21 37 64
21 38 17
21 39 33
21 40 38
21 41 38
21 42 67
21 43 27
21 44 76
21 45 45
21 46 38
21 47 35
21 48 54
21 49 46
21 50 31
21 51 24
21 52 31
21 53 34
21 54 28
21 55 40
21 56 51
21 57 39
21 58 27
21 59 53
21 60 24
21 61 17
21 62 55
21 63 21
21 64 18
21 65 63
21 66 11
21 67 40
21 68 16
21 69 51
21 70 42
21 71 64
21 72 60
21 73 46
21 74 35
21 75 63
21 76 22
21 77 21
21 78 80
21 79 79
21 80 60
21 81 16
21 82 61
21 83 9
21 84 16
21 85 42
21 86 59
21 87 16
21 88 69
21 89 72
21 90 10
21 91 57
21 92 87
21 93 16
21 94 79
21 95 57
21 96 54
21 97 13
21 98 48
21 99 88
22 23 89
22 24 69
22 25 80
22 26 91
22 27 82
22 28 82
22 29 69
22 30 58
22 31 59
22 32 44
22 33 4
22 34 43
22 35 81
22 36 23
22 37 88
22 38 47
22 39 84
22 40 39
22 41 86
22 42 87
22 43 60
22 44 95
22 45 50
22 46 25
22 47 18
22 48 20
22 49 89
22 50 31
22 51 73
22 52 38
22 53 83
22 54 66
22 55 25
22 56 78
22 57 89
22 58 26
22 59 92
22 60 26
22 61 35
22 62 88
22 63 71
22 64 68
22 65 32
22 66 40
22 67 11
22 68 41
22 69 19
22 70 24
22 71 39
22 72 87
22 73 28
22 74 70
22 75 99
22 76 57
22 77 30
22 78 95
22 79 101
22 80 86
22 81 38
22 82 60
22 83 57
22 84 35
22 85 88
22 86 35
22 87 65
22 88 79
22 89 68
22 90 43
22 91 58
22 92 106
22 93 56
22 94 47
22 95 76
22 96 12
22 97 44
22 98 40
22 99 104
23 24 22
23 25 21
23 26 11
23 27 59
23 28 69
23 29 57
23 30 60
23 31 40
23 32 50
23 33 86
23 34 57
23 35 20
23 36 95
23 37 3
23 38 82
23 39 68
23 40 100
23 41 54
23 42 7
23 43 39
23 44 11
23 45 40
23 46 64
23 47 72
23 48 74
23 49 39
23 50 90
23 51 76
23 52 93
23 53 58
23 54 39
23 55 63
23 56 15
23 57 68
23 58 66
23 59 30
23 60 72
23 61 74
23 62 19
23 63 59
23 64 60
23 65 73
23 66 65
23 67 84
23 68 78
23 69 73
23 70 65
23 71 66
23 72 8
23 73 62
23 74 31
23 75 25
23 76 87
23 77 70
23 78 19
23 79 13
23 80 6
23 81 77
23 82 39
23 83 71
23 84 73
23 85 49
23 86 65
23 87 74
23 88 21
23 89 40
23 90 62
23 91 36
23 92 22
23 93 80
23 94 77
23 95 14
23 96 83
23 97 57
23 98 51
23 99 23
24 25 28
24 26 28
24 27 45
24 28 54
24 29 40
24 30 40
24 31 20
24 32 29
24 33 66
24 34 36
24 35 28
24 36 74
24 37 20
24 38 61
24 39 54
24 40 78
24 41 42
24 42 23
24 43 19
24 44 31
24 45 24
24 46 45
24 47 52
24 48 57
24 49 32
24 50 68
24 51 59
24 52 72
24 53 45
24 54 20
24 55 45
24 56 9
24 57 55
24 58 46
24 59 28
24 60 51
24 61 52
24 62 20
24 63 42
24 64 43
24 65 58
24 66 44
24 67 63
24 68 57
24 69 55
24 70 46
24 71 53
24 72 18
24 73 45
24 74 14
24 75 32
24 76 67
24 77 49
24 78 36
24 79 35
24 80 17
24 81 55
24 82 31
24 83 51
24 84 51
24 85 39
24 86 51
24 87 55
24 88 27
24 89 38
24 90 40
24 91 27
24 92 43
24 93 60
24 94 67
24 95 13
24 96 65
24 97 35
24 98 36
24 99 43
25 26 14
25 27 73
25 28 82
25 29 68
25 30 67
25 31 47
25 32 51
25 33 79
25 34 59
25 35 1
25 36 92
25 37 23
25 38 86
25 39 82
25 40 99
25 41 69
25 42 15
25 43 46
25 44 20
25 45 32
25 46 56
25 47 66
25 48 63
25 49 57
25 50 88
25 51 87
25 52 94
25 53 72
25 54 48
25 55 55
25 56 27
25 57 82
25 58 63
25 59 49
25 60 70
25 61 74
25 62 38
25 63 70
25 64 71
25 65 58
25 66 67
25 67 78
25 68 80
25 69 62
25 70 56
25 71 50
25 72 28
25 73 52
25 74 42
25 75 46
25 76 93
25 77 69
25 78 15
25 79 26
25 80 25
25 81 78
25 82 22
25 83 78
25 84 73
25 85 65
25 86 51
25 87 82
25 88 1
25 89 20
25 90 64
25 91 22
25 92 27
25 93 86
25 94 59
25 95 15
25 96 72
25 97 59
25 98 40
25 99 24
26 27 69
26 28 79
26 29 66
26 30 68
26 31 48
26 32 56
26 33 88
26 34 63
26 35 13
26 36 99
26 37 13
26 38 89
26 39 78
26 40 105
26 41 64
26 42 6
26 43 47
26 44 5
26 45 41
26 46 66
26 47 75
26 48 74
26 49 50
26 50 95
26 51 86
26 52 99
26 53 68
26 54 47
26 55 65
26 56 23
26 57 78
26 58 70
26 59 40
26 60 77
26 61 79
26 62 29
26 63 68
26 64 70
26 65 71
26 66 72
26 67 87
26 68 85
26 69 73
26 70 66
26 71 63
26 72 19
26 73 63
26 74 40
26 75 35
26 76 95
26 77 75
26 78 8
26 79 12
26 80 17
26 81 83
26 82 35
26 83 79
26 84 78
26 85 59
26 86 63
26 87 82
26 88 15
26 89 35
26 90 68
26 91 34
26 92 15
26 93 88
26 94 73
26 95 16
26 96 83
26 97 63
26 98 52
26 99 15
27 28 10
27 29 14
27 30 24
27 31 32
27 32 43
27 33 78
27 34 41
27 35 73
27 36 73
27 37 56
27 38 46
27 39 9
27 40 68
27 41 8
27 42 64
27 43 32
27 44 69
27 45 60
27 46 66
27 47 66
27 48 82
27 49 23
27 50 63
27 51 22
27 52 62
27 53 2
27 54 27
27 55 67
27 56 47
27 57 9
27 58 57
27 59 34
27 60 56
27 61 49
27 62 42
27 63 12
27 64 15
27 65 89
27 66 42
27 67 72
27 68 47
27 69 79
27 70 69
27 71 87
27 72 51
27 73 71
27 74 31
27 75 44
27 76 43
27 77 53
27 78 77
27 79 70
27 80 53
27 81 48
27 82 74
27 83 29
27 84 49
27 85 14
27 86 83
27 87 26
27 88 72
27 89 83
27 90 40
27 91 69
27 92 80
27 93 37
27 94 102
27 95 58
27 96 84
27 97 39
27 98 68
27 99 82
28 29 16
28 30 25
28 31 38
28 32 47
28 33 78
28 34 43
28 35 81
28 36 71
28 37 66
28 38 41
28 39 2
28 40 63
28 41 17
28 42 73
28 43 38
28 44 79
28 45 66
28 46 68
28 47 67
28 48 84
28 49 33
28 50 59
28 51 14
28 52 57
28 53 12
28 54 34
28 55 70
28 56 56
28 57 8
28 58 58
28 59 44
28 60 56
28 61 48
28 62 52
28 63 14
28 64 16
28 65 92
28 66 42
28 67 72
28 68 44
28 69 81
28 70 71
28 71 91
28 72 61
28 73 75
28 74 40
28 75 54
28 76 37
28 77 53
28 78 87
28 79 80
28 80 62
28 81 45
28 82 81
28 83 26
28 84 48
28 85 23
28 86 87
28 87 20
28 88 81
28 89 90
28 90 40
28 91 76
28 92 90
28 93 32
28 94 107
28 95 66
28 96 86
28 97 41
28 98 73
28 99 91
29 30 11
29 31 22
29 32 30
29 33 65
29 34 27
29 35 67
29 36 60
29 37 55
29 38 34
29 39 17
29 40 56
29 41 19
29 42 61
29 43 23
29 44 68
29 45 50
29 46 52
29 47 52
29 48 68
29 49 28
29 50 50
29 51 19
29 52 50
29 53 15
29 54 20
29 55 54
29 56 43
29 57 21
29 58 43
29 59 37
29 60 43
29 61 36
29 62 42
29 63 2
29 64 4
29 65 76
29 66 28
29 67 59
29 68 35
29 69 65
29 70 56
29 71 74
29 72 50
29 73 58
29 74 26
29 75 48
29 76 34
29 77 39
29 78 74
29 79 69
29 80 51
29 81 35
29 82 65
29 83 18
29 84 35
29 85 22
29 86 70
29 87 18
29 88 66
29 89 74
29 90 26
29 91 60
29 92 79
29 93 28
29 94 90
29 95 53
29 96 71
29 97 25
29 98 56
29 99 80
30 31 21
30 32 23
30 33 54
30 34 18
30 35 67
30 36 50
30 37 58
30 38 25
30 39 26
30 40 46
30 41 30
30 42 63
30 43 22
30 44 70
30 45 45
30 46 43
30 47 42
30 48 59
30 49 37
30 50 39
30 51 21
30 52 40
30 53 26
30 54 22
30 55 45
30 56 46
30 57 31
30 58 33
30 59 45
30 60 32
30 61 25
30 62 48
30 63 13
30 64 10
30 65 67
30 66 18
30 67 48
30 68 24
30 69 56
30 70 47
30 71 67
30 72 53
30 73 50
30 74 29
30 75 55
30 76 27
30 77 28
30 78 76
30 79 73
30 80 54
30 81 24
30 82 61
30 83 11
30 84 24
30 85 33
30 86 62
30 87 15
30 88 66
30 89 71
30 90 15
30 91 56
30 92 82
30 93 21
30 94 83
30 95 53
30 96 61
30 97 16
30 98 50
30 99 82
31 32 16
31 33 56
31 34 19
31 35 46
31 36 59
31 37 38
31 38 42
31 39 38
31 40 61
31 41 32
31 42 42
31 43 1
31 44 50
31 45 28
31 46 38
31 47 42
31 48 53
31 49 30
31 50 51
31 51 40
31 52 54
31 53 32
31 54 6
31 55 39
31 56 26
31 57 41
31 58 33
31 59 33
31 60 37
31 61 35
31 62 31
31 63 24
31 64 24
31 65 58
31 66 26
31 67 51
31 68 39
31 69 51
31 70 41
31 71 55
31 72 34
31 73 42
31 74 12
31 75 41
31 76 47
31 77 34
31 78 55
31 79 54
31 80 35
31 81 37
31 82 43
31 83 31
31 84 34
31 85 32
31 86 52
31 87 35
31 88 45
31 89 52
31 90 22
31 91 38
31 92 62
31 93 40
31 94 71
31 95 33
31 96 58
31 97 18
31 98 37
31 99 62
32 33 40
32 34 8
32 35 51
32 36 45
32 37 49
32 38 35
32 39 48
32 40 49
32 41 45
32 42 51
32 43 16
32 44 59
32 45 23
32 46 23
32 47 26
32 48 39
32 49 45
32 50 39
32 51 44
32 52 43
32 53 44
32 54 22
32 55 24
32 56 37
32 57 52
32 58 18
32 59 48
32 60 22
32 61 24
32 62 45
32 63 33
32 64 31
32 65 46
32 66 16
32 67 36
32 68 30
32 69 36
32 70 26
32 71 44
32 72 46
32 73 28
32 74 26
32 75 56
32 76 43
32 77 20
32 78 62
32 79 64
32 80 46
32 81 28
32 82 39
32 83 30
32 84 22
32 85 46
32 86 40
32 87 37
32 88 49
32 89 50
32 90 13
32 91 35
32 92 71
32 93 37
32 94 60
32 95 40
32 96 43
32 97 9
32 98 27
32 99 70
33 34 39
33 35 79
33 36 20
33 37 85
33 38 43
33 39 80
33 40 35
33 41 82
33 42 84
33 43 57
33 44 93
33 45 48
33 46 23
33 47 15
33 48 21
33 49 85
33 50 27
33 51 69
33 52 34
33 53 79
33 54 62
33 55 23
33 56 75
33 57 85
33 58 22
33 59 89
33 60 22
33 61 30
33 62 85
33 63 66
33 64 63
33 65 33
33 66 36
33 67 6
33 68 36
33 69 20
33 70 22
33 71 40
33 72 84
33 73 27
33 74 67
33 75 96
33 76 53
33 77 26
33 78 93
33 79 99
33 80 83
33 81 34
33 82 58
33 83 53
33 84 31
33 85 84
33 86 35
33 87 60
33 88 77
33 89 67
33 90 39
33 91 57
33 92 104
33 93 52
33 94 49
33 95 73
33 96 14
33 97 40
33 98 38
33 99 102
34 35 59
34 36 40
34 37 56
34 38 27
34 39 44
34 40 42
34 41 44
34 42 58
34 43 20
34 44 66
34 45 31
34 46 25
34 47 25
34 48 41
34 49 47
34 50 33
34 51 38
34 52 36
34 53 41
34 54 24
34 55 27
34 56 43
34 57 48
34 58 17
34 59 52
34 60 18
34 61 17
34 62 50
34 63 29
34 64 27
34 65 50
34 66 8
34 67 34
34 68 22
34 69 38
34 70 29
34 71 49
34 72 52
34 73 32
34 74 30
34 75 60
34 76 35
34 77 15
34 78 70
34 79 71
34 80 52
34 81 20
34 82 47
34 83 23
34 84 15
34 85 46
34 86 45
34 87 30
34 88 57
34 89 58
34 90 5
34 91 43
34 92 78
34 93 29
34 94 65
34 95 47
34 96 44
34 97 2
34 98 33
34 99 78
35 36 92
35 37 22
35 38 86
35 39 81
35 40 99
35 41 68
35 42 14
35 43 45
35 44 18
35 45 32
35 46 57
35 47 66
35 48 64
35 49 56
35 50 89
35 51 86
35 52 94
35 53 72
35 54 48
35 55 56
35 56 27
35 57 82
35 58 63
35 59 48
35 60 70
35 61 74
35 62 37
35 63 69
35 64 70
35 65 59
35 66 67
35 67 78
35 68 80
35 69 63
35 70 57
35 71 51
35 72 26
35 73 53
35 74 42
35 75 45
35 76 92
35 77 69
35 78 14
35 79 25
35 80 24
35 81 78
35 82 23
35 83 77
35 84 73
35 85 65
35 86 52
35 87 82
35 88 2
35 89 22
35 90 64
35 91 23
35 92 26
35 93 86
35 94 61
35 95 15
35 96 73
35 97 59
35 98 41
35 99 23
36 37 94
36 38 30
36 39 73
36 40 16
36 41 79
36 42 95
36 43 60
36 44 103
36 45 60
36 46 37
36 47 26
36 48 41
36 49 86
36 50 12
36 51 59
36 52 17
36 53 75
36 54 64
36 55 38
36 56 82
36 57 78
36 58 29
36 59 91
36 60 23
36 61 25
36 62 90
36 63 62
36 64 58
36 65 53
36 66 34
36 67 16
36 68 26
36 69 39
36 70 38
36 71 59
36 72 91
36 73 44
36 74 70
36 75 100
36 76 39
36 77 25
36 78 105
36 79 108
36 80 91
36 81 25
36 82 73
36 83 45
36 84 26
36 85 82
36 86 54
36 87 51
36 88 90
36 89 83
36 90 37
36 91 71
36 92 115
36 93 40
36 94 69
36 95 83
36 96 34
36 97 41
36 98 54
36 99 114
37 38 80
37 39 65
37 40 98
37 41 51
37 42 9
37 43 37
37 44 13
37 45 40
37 46 63
37 47 71
37 48 74
37 49 36
37 50 88
37 51 74
37 52 92
37 53 55
37 54 36
37 55 63
37 56 12
37 57 65
37 58 65
37 59 27
37 60 71
37 61 72
37 62 16
37 63 56
37 64 58
37 65 73
37 66 64
37 67 83
37 68 77
37 69 73
37 70 65
37 71 66
37 72 5
37 73 62
37 74 29
37 75 23
37 76 85
37 77 69
37 78 21
37 79 15
37 80 4
37 81 75
37 82 40
37 83 69
37 84 71
37 85 46
37 86 65
37 87 71
37 88 23
37 89 42
37 90 60
37 91 37
37 92 24
37 93 78
37 94 78
37 95 14
37 96 83
37 97 55
37 98 51
37 99 25
38 39 43
38 40 22
38 41 52
38 42 84
38 43 43
38 44 92
38 45 57
38 46 44
38 47 37
38 48 56
38 49 62
38 50 18
38 51 29
38 52 16
38 53 48
38 54 45
38 55 46
38 56 68
38 57 49
38 58 31
38 59 70
38 60 25
38 61 15
38 62 72
38 63 35
38 64 31
38 65 68
38 66 19
38 67 36
38 68 7
38 69 53
38 70 47
38 71 70
38 72 77
38 73 52
38 74 53
38 75 80
38 76 10
38 77 22
38 78 96
38 79 96
38 80 77
38 81 10
38 82 74
38 83 16
38 84 16
38 85 57
38 86 65
38 87 21
38 88 84
38 89 84
38 90 22
38 91 69
38 92 104
38 93 10
38 94 84
38 95 73
38 96 54
38 97 27
38 98 57
38 99 104
39 40 65
39 41 16
39 42 72
39 43 39
39 44 78
39 45 67
39 46 69
39 47 68
39 48 85
39 49 32
39 50 61
39 51 16
39 52 59
39 53 11
39 54 35
39 55 71
39 56 55
39 57 6
39 58 60
39 59 42
39 60 58
39 61 50
39 62 51
39 63 15
39 64 17
39 65 93
39 66 44
39 67 74
39 68 46
39 69 82
39 70 73
39 71 92
39 72 60
39 73 76
39 74 39
39 75 52
39 76 39
39 77 54
39 78 86
39 79 79
39 80 61
39 81 47
39 82 81
39 83 28
39 84 49
39 85 22
39 86 88
39 87 22
39 88 80
39 89 90
39 90 42
39 91 76
39 92 89
39 93 34
39 94 108
39 95 66
39 96 87
39 97 42
39 98 74
39 99 90
40 41 74
40 42 100
40 43 62
40 44 109
40 45 68
40 46 48
40 47 38
40 48 55
40 49 84
40 50 11
40 51 50
40 52 7
40 53 70
40 54 65
40 55 50
40 56 86
40 57 71
40 58 37
40 59 91
40 60 30
40 61 26
40 62 91
40 63 57
40 64 53
40 65 67
40 66 34
40 67 31
40 68 22
40 69 53
40 70 50
40 71 72
40 72 95
40 73 56
40 74 72
40 75 100
40 76 27
40 77 30
40 78 111
40 79 113
40 80 95
40 81 23
40 82 83
40 83 38
40 84 27
40 85 79
40 86 67
40 87 43
40 88 98
40 89 94
40 90 38
40 91 80
40 92 120
40 93 31
40 94 84
40 95 89
40 96 49
40 97 43
40 98 64
40 99 120
41 42 59
41 43 32
41 44 64
41 45 60
41 46 68
41 47 69
41 48 84
41 49 16
41 50 69
41 51 30
41 52 68
41 53 6
41 54 26
41 55 69
41 56 42
41 57 14
41 58 61
41 59 27
41 60 61
41 61 55
41 62 36
41 63 18
41 64 21
41 65 90
41 66 47
41 67 77
41 68 53
41 69 81
41 70 71
41 71 87
41 72 45
41 73 73
41 74 28
41 75 36
41 76 51
41 77 57
41 78 72
41 79 64
41 80 47
41 81 54
41 82 72
41 83 36
41 84 54
41 85 6
41 86 84
41 87 33
41 88 68
41 89 80
41 90 44
41 91 67
41 92 74
41 93 45
41 94 103
41 95 54
41 96 88
41 97 42
41 98 69
41 99 76
42 43 41
42 44 9
42 45 37
42 46 62
42 47 70
42 48 71
42 49 45
42 50 90
42 51 80
42 52 94
42 53 62
42 54 41
42 55 61
42 56 18
42 57 72
42 58 65
42 59 36
42 60 72
42 61 74
42 62 25
42 63 62
42 64 64
42 65 68
42 66 66
42 67 82
42 68 79
42 69 70
42 70 62
42 71 61
42 72 14
42 73 59
42 74 34
42 75 32
42 76 89
42 77 70
42 78 14
42 79 15
42 80 12
42 81 78
42 82 34
42 83 73
42 84 73
42 85 54
42 86 61
42 87 77
42 88 15
42 89 34
42 90 63
42 91 32
42 92 20
42 93 83
42 94 72
42 95 11
42 96 80
42 97 58
42 98 48
42 99 20
43 44 49
43 45 28
43 46 38
43 47 42
43 48 54
43 49 29
43 50 52
43 51 41
43 52 55
43 53 32
43 54 6
43 55 39
43 56 25
43 57 41
43 58 34
43 59 32
43 60 38
43 61 36
43 62 30
43 63 25
43 64 25
43 65 59
43 66 27
43 67 52
43 68 40
43 69 51
43 70 41
43 71 55
43 72 33
43 73 42
43 74 10
43 75 40
43 76 48
43 77 35
43 78 54
43 79 52
43 80 33
43 81 39
43 82 42
43 83 32
43 84 35
43 85 31
43 86 52
43 87 36
43 88 45
43 89 52
43 90 24
43 91 37
43 92 61
43 93 42
43 94 71
43 95 32
43 96 59
43 97 19
43 98 37
43 99 61
44 45 46
44 46 70
44 47 79
44 48 79
44 49 49
44 50 98
44 51 87
44 52 103
44 53 68
44 54 49
44 55 70
44 56 25
44 57 78
44 58 74
44 59 39
44 60 81
44 61 83
44 62 28
44 63 69
44 64 71
44 65 76
44 66 75
44 67 91
44 68 88
44 69 78
44 70 71
44 71 69
44 72 18
44 73 68
44 74 42
44 75 33
44 76 97
44 77 79
44 78 10
44 79 7
44 80 17
44 81 86
44 82 41
44 83 81
44 84 82
44 85 59
44 86 69
44 87 84
44 88 20
44 89 40
44 90 71
44 91 39
44 92 12
44 93 91
44 94 79
44 95 20
44 96 88
44 97 66
44 98 57
44 99 12
45 46 25
45 47 34
45 48 35
45 49 54
45 50 58
45 51 66
45 52 63
45 53 60
45 54 33
45 55 24
45 56 31
45 57 70
45 58 31
45 59 52
45 60 39
45 61 44
45 62 44
45 63 52
45 64 52
45 65 35
45 66 39
45 67 46
45 68 51
45 69 33
45 70 26
45 71 29
45 72 39
45 73 22
45 74 33
45 75 55
45 76 66
45 77 38
45 78 45
45 79 52
45 80 38
45 81 49
45 82 16
45 83 53
45 84 43
45 85 58
45 86 27
45 87 60
45 88 30
45 89 27
45 90 36
45 91 12
45 92 56
45 93 60
45 94 44
45 95 26
45 96 43
45 97 32
45 98 12
45 99 55
46 47 10
46 48 16
46 49 67
46 50 37
46 51 63
46 52 44
46 53 66
46 54 44
46 55 2
46 56 53
46 57 74
46 58 12
46 59 69
46 60 19
46 61 29
46 62 64
46 63 55
46 64 52
46 65 25
46 66 28
46 67 22
46 68 37
46 69 13
46 70 3
46 71 26
46 72 62
46 73 8
46 74 47
46 75 75
46 76 54
46 77 21
46 78 70
46 79 76
46 80 61
46 81 34
46 82 37
46 83 47
46 84 28
46 85 69
46 86 21
46 87 55
46 88 55
46 89 47
46 90 28
46 91 35
46 92 81
46 93 50
46 94 41
46 95 51
46 96 21
46 97 27
46 98 17
46 99 80
47 48 19
47 49 71
47 50 28
47 51 60
47 52 34
47 53 67
47 54 48
47 55 12
47 56 60
47 57 73
47 58 9
47 59 74
47 60 12
47 61 22
47 62 70
47 63 54
47 64 52
47 65 31
47 66 25
47 67 12
47 68 30
47 69 16
47 70 12
47 71 34
47 72 69
47 73 18
47 74 52
47 75 81
47 76 47
47 77 15
47 78 80
47 79 85
47 80 69
47 81 27
47 82 47
47 83 44
47 84 22
47 85 71
47 86 30
47 87 51
47 88 65
47 89 57
47 90 27
47 91 45
47 92 90
47 93 45
47 94 48
47 95 59
47 96 19
47 97 27
47 98 27
47 99 89
48 49 83
48 50 45
48 51 78
48 52 52
48 53 82
48 54 59
48 55 15
48 56 66
48 57 90
48 58 26
48 59 84
48 60 31
48 61 41
48 62 77
48 63 71
48 64 68
48 65 12
48 66 43
48 67 24
48 68 49
48 69 3
48 70 13
48 71 19
48 72 74
48 73 12
48 74 62
48 75 89
48 76 67
48 77 34
48 78 77
48 79 86
48 80 73
48 81 47
48 82 41
48 83 62
48 84 41
48 85 84
48 86 15
48 87 70
48 88 62
48 89 49
48 90 44
48 91 41
48 92 89
48 93 64
48 94 29
48 95 61
48 96 10
48 97 43
48 98 23
48 99 87
49 50 76
49 51 45
49 52 77
49 53 21
49 54 23
49 55 68
49 56 29
49 57 30
49 58 63
49 59 11
49 60 65
49 61 61
49 62 20
49 63 29
49 64 32
49 65 87
49 66 52
49 67 80
49 68 61
49 69 80
49 70 70
49 71 83
49 72 31
49 73 71
49 74 21
49 75 21
49 76 63
49 77 62
49 78 58
49 79 48
49 80 33
49 81 61
49 82 63
49 83 46
49 84 60
49 85 10
49 86 80
49 87 46
49 88 56
49 89 70
49 90 48
49 91 59
49 92 58
49 93 56
49 94 98
49 95 42
49 96 88
49 97 45
49 98 64
49 99 61
50 51 47
50 52 7
50 53 64
50 54 56
50 55 39
50 56 76
50 57 67
50 58 27
50 59 83
50 60 19
50 61 16
50 62 82
50 63 51
50 64 48
50 65 58
50 66 25
50 67 22
50 68 15
50 69 43
50 70 39
50 71 62
50 72 85
50 73 45
50 74 63
50 75 91
50 76 27
50 77 20
50 78 101
50 79 103
50 80 85
50 81 15
50 82 72
50 83 34
50 84 17
50 85 72
50 86 57
50 87 40
50 88 87
50 89 83
50 90 29
50 91 69
50 92 110
50 93 28
50 94 74
50 95 79
50 96 40
50 97 33
50 98 53
50 99 109
51 52 45
51 53 24
51 54 39
51 55 64
51 56 62
51 57 22
51 58 52
51 59 55
51 60 48
51 61 39
51 62 61
51 63 18
51 64 16
51 65 87
51 66 35
51 67 63
51 68 33
51 69 75
51 70 66
51 71 88
51 72 69
51 73 70
51 74 46
51 75 65
51 76 23
51 77 44
51 78 94
51 79 89
51 80 70
51 81 35
51 82 82
51 83 16
51 84 38
51 85 36
51 86 83
51 87 9
51 88 85
51 89 92
51 90 34
51 91 77
51 92 98
51 93 19
51 94 103
51 95 72
51 96 78
51 97 36
51 98 71
51 99 99
52 53 63
52 54 58
52 55 45
52 56 79
52 57 65
52 58 33
52 59 84
52 60 25
52 61 20
52 62 85
52 63 50
52 64 47
52 65 65
52 66 28
52 67 29
52 68 16
52 69 50
52 70 46
52 71 69
52 72 88
52 73 52
52 74 65
52 75 94
52 76 23
52 77 25
52 78 105
52 79 107
52 80 88
52 81 17
52 82 78
52 83 32
52 84 21
52 85 72
52 86 64
52 87 37
52 88 92
52 89 89
52 90 32
52 91 75
52 92 114
52 93 25
52 94 81
52 95 83
52 96 48
52 97 37
52 98 60
52 99 114
53 54 27
53 55 67
53 56 45
53 57 10
53 58 58
53 59 32
53 60 58
53 61 51
53 62 40
53 63 13
53 64 17
53 65 89
53 66 43
53 67 74
53 68 49
53 69 79
53 70 69
53 71 87
53 72 50
53 73 72
53 74 31
53 75 42
53 76 45
53 77 54
53 78 76
53 79 68
53 80 51
53 81 49
53 82 73
53 83 31
53 84 50
53 85 12
53 86 83
53 87 28
53 88 71
53 89 82
53 90 41
53 91 69
53 92 78
53 93 39
53 94 103
53 95 57
53 96 85
53 97 40
53 98 68
53 99 80
54 55 45
54 56 24
54 57 37
54 58 39
54 59 27
54 60 42
54 61 40
54 62 27
54 63 22
54 64 23
54 65 64
54 66 31
54 67 57
54 68 42
54 69 57
54 70 47
54 71 61
54 72 32
54 73 48
54 74 8
54 75 36
54 76 49
54 77 39
54 78 55
54 79 52
54 80 33
54 81 42
54 82 47
54 83 32
54 84 39
54 85 25
54 86 58
54 87 35
54 88 47
54 89 56
54 90 27
54 91 42
54 92 60
54 93 42
54 94 77
54 95 33
54 96 65
54 97 23
54 98 43
54 99 61
55 56 53
55 57 75
55 58 14
55 59 70
55 60 21
55 61 30
55 62 64
55 63 56
55 64 54
55 65 23
55 66 30
55 67 23
55 68 39
55 69 12
55 70 2
55 71 24
55 72 62
55 73 7
55 74 48
55 75 75
55 76 56
55 77 23
55 78 69
55 79 76
55 80 61
55 81 36
55 82 36
55 83 49
55 84 30
55 85 70
55 86 19
55 87 56
55 88 54
55 89 45
55 90 30
55 91 34
55 92 80
55 93 52
55 94 39
55 95 50
55 96 20
55 97 29
55 98 16
55 99 79
56 57 55
56 58 54
56 59 23
56 60 59
56 61 60
56 62 13
56 63 45
56 64 46
56 65 66
56 66 51
56 67 72
56 68 64
56 69 64
56 70 55
56 71 60
56 72 9
56 73 53
56 74 17
56 75 24
56 76 73
56 77 57
56 78 31
56 79 28
56 80 9
56 81 63
56 82 36
56 83 56
56 84 59
56 85 38
56 86 58
56 87 59
56 88 27
56 89 42
56 90 48
56 91 32
56 92 36
56 93 66
56 94 74
56 95 12
56 96 73
56 97 43
56 98 43
56 99 37
57 58 64
57 59 41
57 60 63
57 61 55
57 62 50
57 63 19
57 64 21
57 65 97
57 66 49
57 67 79
57 68 52
57 69 87
57 70 77
57 71 95
57 72 59
57 73 80
57 74 41
57 75 50
57 76 45
57 77 59
57 78 86
57 79 78
57 80 61
57 81 53
57 82 83
57 83 33
57 84 55
57 85 20
57 86 91
57 87 28
57 88 81
57 89 92
57 90 47
57 91 78
57 92 88
57 93 40
57 94 111
57 95 67
57 96 92
57 97 47
57 98 77
57 99 90
58 59 66
58 60 8
58 61 16
58 62 63
58 63 46
58 64 43
58 65 37
58 66 17
58 67 18
58 68 24
58 69 23
58 70 16
58 71 39
58 72 63
58 73 21
58 74 44
58 75 73
58 76 41
58 77 9
58 78 76
58 79 80
58 80 63
58 81 22
58 82 46
58 83 36
58 84 16
58 85 62
58 86 34
58 87 43
58 88 61
58 89 56
58 90 18
58 91 43
58 92 86
58 93 38
58 94 53
58 95 54
58 96 27
58 97 18
58 98 27
58 99 85
59 60 69
59 61 67
59 62 11
59 63 38
59 64 41
59 65 86
59 66 58
59 67 84
59 68 69
59 69 81
59 70 72
59 71 81
59 72 22
59 73 71
59 74 22
59 75 10
59 76 72
59 77 66
59 78 48
59 79 38
59 80 24
59 81 68
59 82 59
59 83 55
59 84 66
59 85 21
59 86 79
59 87 55
59 88 48
59 89 65
59 90 54
59 91 55
59 92 48
59 93 65
59 94 96
59 95 35
59 96 90
59 97 50
59 98 63
59 99 50
60 61 10
60 62 67
60 63 44
60 64 42
60 65 43
60 66 14
60 67 16
60 68 18
60 69 29
60 70 22
60 71 46
60 72 68
60 73 28
60 74 48
60 75 77
60 76 35
60 77 4
60 78 82
60 79 86
60 80 68
60 81 15
60 82 53
60 83 32
60 84 10
60 85 63
60 86 41
60 87 39
60 88 68
60 89 64
60 90 17
60 91 50
60 92 92
60 93 32
60 94 60
60 95 61
60 96 30
60 97 19
60 98 35
60 99 91
61 62 66
61 63 37
61 64 34
61 65 53
61 66 9
61 67 24
61 68 8
61 69 39
61 70 32
61 71 55
61 72 69
61 73 37
61 74 47
61 75 75
61 76 25
61 77 7
61 78 86
61 79 87
61 80 69
61 81 5
61 82 60
61 83 23
61 84 1
61 85 58
61 86 50
61 87 30
61 88 73
61 89 70
61 90 13
61 91 56
61 92 94
61 93 22
61 94 69
61 95 63
61 96 40
61 97 17
61 98 42
61 99 94
62 63 43
62 64 46
62 65 79
62 66 57
62 67 81
62 68 69
62 69 75
62 70 66
62 71 73
62 72 11
62 73 65
62 74 20
62 75 11
62 76 75
62 77 65
62 78 37
62 79 28
62 80 13
62 81 68
62 82 49
62 83 58
62 84 65
62 85 30
62 86 71
62 87 60
62 88 37
62 89 54
62 90 54
62 91 45
62 92 38
62 93 68
62 94 87
62 95 24
62 96 84
62 97 49
62 98 56
62 99 40
63 64 3
63 65 78
63 66 30
63 67 61
63 68 36
63 69 68
63 70 58
63 71 77
63 72 51
63 73 61
63 74 28
63 75 48
63 76 34
63 77 41
63 78 76
63 79 71
63 80 52
63 81 36
63 82 67
63 83 18
63 84 37
63 85 22
63 86 73
63 87 17
63 88 69
63 89 77
63 90 28
63 91 62
63 92 80
63 93 28
63 94 93
63 95 55
63 96 73
63 97 28
63 98 59
63 99 82
64 65 76
64 66 27
64 67 58
64 68 32
64 69 65
64 70 56
64 71 75
64 72 53
64 73 59
64 74 29
64 75 51
64 76 31
64 77 38
64 78 77
64 79 73
64 80 54
64 81 33
64 82 67
64 83 15
64 84 34
64 85 25
64 86 71
64 87 14
64 88 69
64 89 77
64 90 25
64 91 62
64 92 82
64 93 24
64 94 91
64 95 56
64 96 70
64 97 25
64 98 58
64 99 83
65 66 53
65 67 37
65 68 61
65 69 15
65 70 21
65 71 8
65 72 73
65 73 18
65 74 66
65 75 90
65 76 78
65 77 45
65 78 73
65 79 83
65 80 72
65 81 58
65 82 36
65 83 72
65 84 52
65 85 90
65 86 8
65 87 79
65 88 57
65 89 41
65 90 53
65 91 37
65 92 85
65 93 75
65 94 17
65 95 59
65 96 20
65 97 51
65 98 23
65 99 82
66 67 30
66 68 13
66 69 40
66 70 32
66 71 54
66 72 60
66 73 36
66 74 38
66 75 66
66 76 27
66 77 11
66 78 78
66 79 79
66 80 60
66 81 12
66 82 55
66 83 19
66 84 8
66 85 49
66 86 49
66 87 26
66 88 66
66 89 65
66 90 4
66 91 51
66 92 86
66 93 23
66 94 69
66 95 55
66 96 44
66 97 8
66 98 39
66 99 86
67 68 30
67 69 22
67 70 22
67 71 42
67 72 81
67 73 28
67 74 63
67 75 92
67 76 46
67 77 20
67 78 91
67 79 97
67 80 80
67 81 28
67 82 58
67 83 47
67 84 24
67 85 79
67 86 38
67 87 54
67 88 76
67 89 68
67 90 33
67 91 56
67 92 102
67 93 45
67 94 53
67 95 71
67 96 19
67 97 35
67 98 38
67 99 101
68 69 46
68 70 40
68 71 63
68 72 73
68 73 45
68 74 50
68 75 78
68 76 17
68 77 15
68 78 91
68 79 92
68 80 73
68 81 3
68 82 67
68 83 18
68 84 9
68 85 57
68 86 58
68 87 25
68 88 79
68 89 78
68 90 17
68 91 63
68 92 100
68 93 15
68 94 77
68 95 69
68 96 47
68 97 22
68 98 50
68 99 99
69 70 10
69 71 20
69 72 72
69 73 11
69 74 60
69 75 87
69 76 64
69 77 31
69 78 77
69 79 85
69 80 71
69 81 44
69 82 41
69 83 59
69 84 38
69 85 82
69 86 16
69 87 67
69 88 61
69 89 49
69 90 41
69 91 40
69 92 88
69 93 61
69 94 32
69 95 60
69 96 10
69 97 40
69 98 22
69 99 86
70 71 23
70 72 64
70 73 6
70 74 50
70 75 77
70 76 57
70 77 24
70 78 70
70 79 77
70 80 62
70 81 37
70 82 36
70 83 51
70 84 31
70 85 72
70 86 18
70 87 58
70 88 55
70 89 46
70 90 32
70 91 34
70 92 82
70 93 53
70 94 38
70 95 52
70 96 18
70 97 31
70 98 16
70 99 80
71 72 67
71 73 18
71 74 62
71 75 84
71 76 80
71 77 48
71 78 65
71 79 75
71 80 65
71 81 60
71 82 28
71 83 72
71 84 54
71 85 87
71 86 5
71 87 80
71 88 49
71 89 33
71 90 54
71 91 29
71 92 77
71 93 76
71 94 16
71 95 52
71 96 28
71 97 51
71 98 19
71 99 74
72 73 61
72 74 24
72 75 19
72 76 81
72 77 66
72 78 27
72 79 20
72 80 2
72 81 72
72 82 41
72 83 64
72 84 68
72 85 41
72 86 66
72 87 67
72 88 27
72 89 45
72 90 57
72 91 38
72 92 29
72 93 74
72 94 80
72 95 15
72 96 82
72 97 52
72 98 51
72 99 31
73 74 50
73 75 76
73 76 62
73 77 30
73 78 66
73 79 74
73 80 60
73 81 42
73 82 31
73 83 55
73 84 36
73 85 73
73 86 13
73 87 62
73 88 51
73 89 40
73 90 36
73 91 30
73 92 78
73 93 58
73 94 33
73 95 49
73 96 21
73 97 34
73 98 12
73 99 76
74 75 29
74 76 56
74 77 45
74 78 48
74 79 44
74 80 25
74 81 49
74 82 44
74 83 40
74 84 45
74 85 26
74 86 58
74 87 43
74 88 41
74 89 52
74 90 34
74 91 39
74 92 53
74 93 50
74 94 77
74 95 27
74 96 68
74 97 30
74 98 43
74 99 54
75 76 82
75 77 75
75 78 43
75 79 30
75 80 21
75 81 77
75 82 60
75 83 65
75 84 74
75 85 31
75 86 82
75 87 65
75 88 46
75 89 64
75 90 63
75 91 56
75 92 40
75 93 75
75 94 98
75 95 34
75 96 96
75 97 59
75 98 67
75 99 43
76 77 33
76 78 102
76 79 100
76 80 81
76 81 20
76 82 82
76 83 17
76 84 26
76 85 56
76 86 75
76 87 18
76 88 91
76 89 93
76 90 30
76 91 78
76 92 109
76 93 7
76 94 95
76 95 80
76 96 64
76 97 34
76 98 67
76 99 109
77 78 81
77 79 84
77 80 66
77 81 13
77 82 54
77 83 28
77 84 7
77 85 60
77 86 43
77 87 36
77 88 68
77 89 64
77 90 13
77 91 50
77 92 91
77 93 29
77 94 62
77 95 59
77 96 34
77 97 16
77 98 36
77 99 90
78 79 15
78 80 25
78 81 90
78 82 37
78 83 87
78 84 85
78 85 67
78 86 65
78 87 90
78 88 16
78 89 34
78 90 75
78 91 37
78 92 12
78 93 96
78 94 73
78 95 23
78 96 87
78 97 70
78 98 55
78 99 10
79 80 19
79 81 90
79 82 47
79 83 84
79 84 86
79 85 59
79 86 75
79 87 86
79 88 27
79 89 47
79 90 75
79 91 46
79 92 10
79 93 94
79 94 86
79 95 26
79 96 95
79 97 70
79 98 63
79 99 13
80 81 72
80 82 39
80 83 65
80 84 68
80 85 43
80 86 64
80 87 68
80 88 25
80 89 43
80 90 57
80 91 36
80 92 28
80 93 75
80 94 78
80 95 13
80 96 81
80 97 52
80 98 50
80 99 29
81 82 65
81 83 20
81 84 6
81 85 57
81 86 55
81 87 27
81 88 77
81 89 76
81 90 15
81 91 61
81 92 98
81 93 18
81 94 75
81 95 67
81 96 45
81 97 20
81 98 48
81 99 98
82 83 70
82 84 59
82 85 70
82 86 28
82 87 76
82 88 21
82 89 11
82 90 52
82 91 5
82 92 49
82 93 76
82 94 39
82 95 26
82 96 51
82 97 48
82 98 20
82 99 47
83 84 23
83 85 40
83 86 68
83 87 8
83 88 76
83 89 80
83 90 19
83 91 65
83 92 93
83 93 10
83 94 88
83 95 64
83 96 62
83 97 22
83 98 56
83 99 93
84 85 57
84 86 49
84 87 30
84 88 71
84 89 69
84 90 12
84 91 55
84 92 93
84 93 23
84 94 69
84 95 62
84 96 40
84 97 16
84 98 42
84 99 93
85 86 83
85 87 38
85 88 64
85 89 78
85 90 46
85 91 65
85 92 69
85 93 49
85 94 102
85 95 50
85 96 89
85 97 44
85 98 68
85 99 71
86 87 75
86 88 50
86 89 35
86 90 49
86 91 29
86 92 77
86 93 71
86 94 20
86 95 51
86 96 24
86 97 46
86 98 15
86 99 75
87 88 81
87 89 86
87 90 26
87 91 71
87 92 96
87 93 12
87 94 95
87 95 68
87 96 70
87 97 29
87 98 63
87 99 96
88 89 20
88 90 63
88 91 21
88 92 28
88 93 85
88 94 59
88 95 14
88 96 71
88 97 58
88 98 39
88 99 25
89 90 63
89 91 15
89 92 46
89 93 87
89 94 40
89 95 30
89 96 58
89 97 59
89 98 30
89 99 43
90 91 48
90 92 83
90 93 24
90 94 69
90 95 52
90 96 45
90 97 5
90 98 38
90 99 83
91 92 49
91 93 72
91 94 42
91 95 23
91 96 50
91 97 44
91 98 18
91 99 46
92 93 102
92 94 86
92 95 31
92 96 98
92 97 78
92 98 66
92 99 4
93 94 91
93 95 73
93 96 63
93 97 28
93 98 62
93 99 103
94 95 65
94 96 36
94 97 67
94 98 34
94 99 82
95 96 69
95 97 47
95 98 38
95 99 31
96 97 46
96 98 32
96 99 96
97 98 35
97 99 78
98 99 64
0 2 87
0 3 75
0 4 68
0 5 20
0 6 69
0 7 83
0 8 61
0 9 48
0 10 53
0 12 61
0 13 34
0 14 26
0 15 30
0 17 55
0 18 60
0 19 26
0 20 16
0 21 48
0 22 70
0 23 20
0 24 4
0 25 24
0 27 50
0 28 58
0 29 44
0 31 23
0 32 31
0 33 67
0 34 38
0 35 23
0 36 76
0 38 64
0 40 81
0 41 47
0 42 19
0 43 22
0 46 45
0 49 36
0 51 63
0 52 74
0 53 49
0 54 24
0 55 45
0 56 9
0 57 59
0 58 47
0 59 31
0 60 53
0 62 22
0 63 46
0 64 47
0 65 57
0 66 47
0 67 64
0 69 55
0 70 46
0 71 51
0 73 44
0 74 19
0 75 33
0 77 51
0 80 16
0 81 58
0 82 28
0 83 55
0 85 43
0 87 59
0 88 23
0 89 34
0 90 43
0 91 24
0 93 64
0 94 65
0 95 9
0 96 64
0 97 38
0 98 34
0 99 40
1 2 78
1 3 69
1 6 53
1 9 29
1 10 37
1 11 26
1 12 63
1 13 17
1 14 22
1 15 44
1 16 31
1 17 38
1 18 57
1 20 5
1 21 35
1 22 70
1 24 15
1 29 26
1 32 27
1 33 67
1 34 30
1 35 42
1 36 70
1 37 29
1 38 52
1 39 39
1 40 72
1 42 35
1 44 42
1 45 33
1 46 48
1 47 52
1 49 21
1 51 45
1 53 30
1 55 48
1 56 17
1 58 45
1 60 48
1 61 46
1 62 20
1 63 28
1 65 66
1 66 38
1 67 63
1 68 49
1 69 60
1 70 50
1 72 25
1 73 50
1 74 1
1 75 29
1 78 49
1 79 44
1 80 25
1 81 48
1 82 44
1 83 40
1 85 25
1 86 59
1 87 42
1 88 42
1 89 53
1 90 34
1 91 40
1 92 53
1 93 49
1 94 77
1 96 68
1 99 54
2 3 16
2 4 28
2 6 38
2 7 3
2 8 26
2 9 71
2 10 94
2 11 53
2 12 46
2 13 62
2 14 61
2 16 86
2 17 92
2 18 33
2 19 97
2 20 83
2 21 43
2 22 41
2 23 106
2 24 84
2 25 105
2 27 73
2 28 68
2 29 62
2 30 52
2 34 48
2 36 19
2 37 104
2 38 27
2 39 70
2 40 6
2 41 80
2 42 106
2 43 68
2 44 115
2 46 53
2 47 43
2 48 59
2 50 17
2 51 54
2 53 75
2 54 71
2 57 75
2 58 43
2 60 35
2 61 32
2 63 62
2 64 59
2 65 71
2 66 40
2 68 28
2 69 57
2 70 55
2 71 77
2 72 101
2 73 61
2 75 106
2 77 36
2 80 101
2 82 89
2 84 33
2 85 84
2 86 72
2 87 48
2 88 104
2 91 86
2 92 126
2 93 36
2 94 88
2 96 52
2 98 69
3 6 41
3 8 14
3 9 68
3 11 43
3 12 30
3 13 55
3 14 49
3 15 67
3 16 72
3 17 89
3 18 18
3 19 89
3 20 73
3 21 38
3 22 26
3 23 94
3 26 99
3 27 70
3 28 67
3 29 57
3 30 47
3 34 38
3 35 92
3 36 4
3 37 93
3 38 26
3 39 69
3 40 13
3 41 76
3 44 103
3 45 60
3 46 37
3 47 27
3 48 43
3 49 83
3 50 8
3 51 55
3 52 13
3 53 72
3 56 81
3 58 29
3 59 89
3 60 22
3 62 88
3 63 59
3 64 55
3 65 55
3 67 18
3 70 39
3 73 45
3 75 98
3 76 35
3 77 24
3 78 104
3 79 107
3 80 90
3 81 22
3 82 74
3 85 80
3 86 56
3 87 48
3 88 90
3 90 35
3 93 36
3 94 72
3 95 83
3 96 37
3 97 39
3 98 54
3 99 113
4 5 73
4 7 27
4 8 26
4 9 43
4 10 66
4 15 73
4 16 72
4 17 64
4 18 37
4 19 73
4 20 60
4 21 20
4 23 86
4 24 65
4 25 90
4 26 93
4 28 39
4 30 27
4 31 45
4 32 40
4 33 48
4 34 32
4 36 34
4 37 84
4 38 6
4 39 41
4 41 52
4 43 47
4 44 96
4 46 50
4 47 43
4 48 62
4 50 23
4 51 26
4 55 51
4 56 71
4 57 47
4 59 71
4 62 74
4 64 31
4 65 74
4 66 24
4 67 42
4 70 53
4 71 76
4 75 81
4 76 5
4 77 28
4 78 100
4 79 99
4 81 16
4 83 16
4 85 57
4 86 71
4 87 19
4 88 89
4 89 89
4 90 26
4 91 75
4 92 107
4 93 7
4 95 77
4 96 60
4 98 63
4 99 108
5 6 76
5 7 81
5 8 58
5 10 72
5 13 46
5 14 29
5 16 6
5 17 74
5 19 47
5 21 54
5 22 59
5 23 34
5 24 23
5 26 33
5 28 73
5 29 57
5 30 53
5 31 35
5 34 41
5 36 70
5 38 68
5 39 73
5 40 79
5 41 64
5 43 34
5 44 38
5 45 11
5 47 44
5 48 42
5 49 56
5 50 68
5 51 74
5 52 74
5 54 39
5 55 34
5 56 29
5 57 75
5 58 42
5 59 52
5 60 49
5 62 42
5 64 59
5 65 39
5 66 49
5 67 56
5 69 41
5 70 35
5 72 35
5 73 31
5 75 53
5 76 76
5 77 49
5 80 33
5 81 59
5 82 8
5 85 62
5 86 31
5 88 20
5 89 18
5 90 46
5 91 3
5 92 47
5 93 70
5 94 45
5 95 20
5 96 51
5 97 42
5 98 19
5 99 45
6 7 36
6 8 35
6 9 37
6 10 59
6 11 36
6 12 61
6 16 74
6 17 57
6 18 46
6 20 59
6 21 21
6 22 62
6 24 65
6 25 91
6 26 93
6 28 31
6 29 30
6 30 25
6 31 45
6 32 43
6 33 58
6 34 35
6 35 91
6 36 44
6 39 33
6 40 34
6 41 45
6 42 87
6 43 46
6 44 95
6 45 66
6 46 56
6 47 51
6 48 70
6 49 58
6 51 17
6 52 29
6 53 40
6 55 58
6 56 70
6 57 38
6 58 44
6 59 67
6 60 39
6 66 29
6 68 21
6 70 60
6 71 83
6 74 54
6 75 77
6 77 36
6 79 98
6 81 24
6 82 82
6 83 14
6 84 29
6 86 78
6 87 12
6 88 90
6 89 93
6 90 30
6 91 78
6 92 107
6 93 6
6 95 78
6 96 69
6 97 34
6 98 68
6 99 107
7 9 69
7 10 92
7 11 50
7 12 44
7 13 59
7 14 57
7 17 90
7 18 30
7 20 80
7 21 41
7 23 102
7 24 81
7 25 102
7 26 108
7 27 71
7 28 66
7 29 59
7 30 49
7 32 52
7 33 36
7 34 45
7 35 102
7 37 101
7 38 25
7 39 68
7 40 3
7 44 111
7 45 71
7 48 56
7 49 87
7 51 53
7 53 73
7 54 68
7 59 94
7 62 95
7 63 60
7 66 37
7 67 31
7 68 25
7 70 52
7 71 73
7 72 98
7 73 57
7 74 75
7 75 103
7 76 30
7 78 114
7 79 116
7 80 98
7 81 26
7 82 85
7 84 30
7 85 82
7 86 69
7 87 46
7 88 100
7 89 96
7 90 41
7 91 82
7 92 123
7 93 34
7 94 85
7 95 92
7 96 50
8 9 57
8 10 79
8 11 29
8 13 42
8 14 36
8 15 56
8 16 60
8 17 78
8 19 75
8 21 26
8 22 27
8 23 81
8 25 79
8 26 86
8 29 46
8 31 43
8 32 30
8 34 25
8 35 79
8 38 20
8 39 59
8 40 21
8 41 64
8 43 45
8 45 48
8 46 28
8 47 19
8 48 37
8 49 70
8 50 10
8 51 47
8 52 16
8 53 60
8 54 49
8 56 67
8 57 64
8 60 9
8 61 10
8 62 75
8 64 44
8 66 18
8 67 16
8 68 14
8 69 35
8 70 30
8 71 53
8 72 76
8 76 30
8 77 10
8 78 91
8 79 94
8 80 76
8 82 63
8 83 32
8 84 10
8 87 39
8 90 22
8 92 101
8 93 29
8 94 66
8 97 25
8 98 44
8 99 100
9 10 23
9 13 20
9 14 40
9 15 70
9 16 60
9 18 64
9 19 37
9 21 31
9 24 44
9 27 2
9 28 11
9 29 12
9 30 22
9 32 41
9 33 76
9 34 38
9 35 71
9 36 71
9 37 55
9 38 44
9 40 66
9 43 30
9 46 63
9 48 79
9 49 23
9 52 60
9 53 3
9 54 25
9 56 45
9 58 55
9 59 33
9 60 54
9 61 47
9 62 41
9 63 10
9 64 13
9 65 86
9 66 40
9 68 45
9 70 67
9 71 84
9 72 50
9 73 69
9 74 30
9 75 43
9 78 76
9 79 69
9 80 51
9 81 46
9 83 28
9 84 47
9 85 14
9 86 80
9 87 24
9 88 70
9 91 67
9 92 79
9 93 36
9 94 100
9 95 56
9 96 82
9 97 37
9 98 66
9 99 80
10 11 53
10 12 95
10 14 55
10 15 81
10 16 67
10 17 4
10 18 85
10 19 31
10 21 53
10 22 101
10 23 55
10 24 49
10 25 73
10 26 65
10 27 22
10 28 29
10 29 34
10 31 44
10 33 97
10 34 58
10 35 72
10 36 94
10 37 52
10 38 67
10 39 27
10 40 89
10 41 15
10 42 61
10 43 43
10 44 64
10 45 70
10 47 83
10 48 97
10 49 17
10 50 84
10 52 83
10 53 20
10 54 38
10 56 46
10 58 75
10 59 25
10 60 75
10 61 69
10 64 36
10 65 102
10 67 91
10 68 68
10 69 94
10 70 84
10 71 98
10 73 85
10 74 37
10 75 32
10 76 65
10 77 72
10 78 73
10 79 62
10 80 49
10 82 80
10 83 51
10 84 69
10 85 12
10 87 47
10 88 73
10 89 88
10 92 72
10 94 114
10 97 56
10 98 80
11 12 42
11 13 15
11 16 39
11 17 52
11 18 33
11 19 46
11 21 14
11 22 48
11 23 53
11 25 56
11 26 60
11 28 39
11 29 23
11 30 15
11 31 14
11 32 8
11 33 44
11 36 45
11 37 52
11 39 40
11 40 47
11 41 39
11 42 54
11 44 63
11 45 31
11 46 29
11 48 45
11 49 42
11 50 37
11 51 36
11 52 40
11 53 37
11 55 31
11 57 44
11 60 23
11 61 21
11 62 45
11 63 25
11 64 23
11 65 53
11 67 39
11 70 33
11 71 52
11 75 55
11 77 20
11 78 67
11 79 67
11 80 48
11 81 24
11 82 47
11 83 23
11 84 20
11 86 48
11 87 29
11 88 55
11 91 42
11 94 68
11 95 44
11 96 49
11 97 4
11 98 35
11 99 75
12 13 57
12 14 41
12 15 43
12 16 53
12 18 16
12 19 83
12 22 9
12 26 82
12 27 78
12 28 79
12 29 64
12 31 53
12 32 37
12 34 37
12 36 28
12 38 46
12 39 80
12 40 43
12 41 81
12 42 78
12 43 54
12 45 41
12 47 12
12 48 13
12 49 82
12 50 34
12 51 71
12 52 41
12 54 59
12 56 70
12 57 85
12 58 21
12 59 85
12 61 33
12 64 64
12 67 12
12 68 40
12 69 11
12 70 15
12 72 78
12 73 19
12 77 27
12 78 86
12 81 37
12 82 50
12 85 83
12 88 70
12 89 59
12 90 38
12 92 97
12 93 55
12 94 41
12 97 39
12 98 31
13 14 19
13 16 42
13 19 35
13 20 22
13 21 19
13 22 62
13 23 49
13 24 29
13 25 57
13 28 28
13 29 11
13 30 12
13 31 11
13 33 58
13 34 20
13 35 57
13 36 58
13 37 46
13 39 28
13 40 56
13 41 25
13 42 51
13 43 12
13 45 39
13 46 43
13 48 59
13 49 28
13 51 30
13 52 50
13 53 23
13 54 10
13 55 45
13 57 31
13 58 36
13 59 34
13 62 36
13 63 14
13 65 66
13 66 24
13 67 53
13 68 34
13 69 57
13 70 47
13 72 42
13 73 49
13 75 44
13 76 39
13 77 34
13 79 62
13 80 43
13 81 34
13 82 53
13 83 22
13 86 60
13 87 25
13 88 56
13 90 21
13 91 48
13 92 70
13 94 80
13 95 43
13 96 63
13 97 18
13 99 71
14 15 32
14 16 28
14 18 36
14 20 26
14 22 48
14 23 45
14 25 46
14 28 47
14 29 30
14 30 24
14 32 5
14 33 45
14 34 13
14 36 50
14 37 44
14 38 39
14 39 47
14 40 55
14 42 45
14 43 12
14 44 54
14 45 21
14 49 42
14 51 46
14 52 48
14 53 42
14 54 18
14 57 51
14 59 44
14 60 27
14 61 29
14 62 40
14 63 33
14 64 31
14 67 41
14 68 34
14 69 39
14 70 29
14 73 30
14 75 51
14 77 25
14 78 57
14 79 59
14 80 41
14 82 37
14 84 27
14 85 43
14 86 41
14 87 39
14 89 47
14 90 18
14 93 41
14 95 35
14 96 46
14 97 13
14 98 26
15 16 16
15 17 82
15 19 56
15 20 44
15 22 52
15 23 44
15 25 29
15 26 42
15 27 72
15 29 62
15 31 40
15 32 35
15 34 42
15 36 66
15 37 44
15 38 68
15 39 79
15 40 76
15 42 39
15 44 47
15 45 12
15 46 29
15 47 40
15 49 64
15 51 78
15 52 72
15 55 28
15 56 39
15 58 39
15 59 61
15 62 52
15 64 64
15 65 29
15 66 49
15 68 61
15 69 33
15 71 22
15 72 45
15 76 77
15 77 47
15 78 44
15 79 54
15 80 43
15 82 8
15 85 69
15 86 22
15 87 71
15 88 28
15 90 47
15 92 56
15 95 30
15 99 54
16 17 69
16 18 56
16 19 41
16 20 30
16 22 62
16 23 28
16 24 18
16 25 19
16 26 28
16 27 62
16 29 53
16 30 51
16 32 32
16 33 60
16 34 40
16 36 72
16 37 29
16 39 69
16 40 80
16 43 31
16 44 33
16 45 13
16 46 38
16 47 47
16 52 74
16 53 61
16 54 34
16 55 37
16 56 23
16 58 43
16 59 46
16 60 50
16 61 55
16 62 36
16 64 56
16 66 48
16 70 38
16 71 38
16 73 35
16 74 31
16 75 47
16 76 75
16 78 33
16 80 28
16 81 59
16 82 13
16 84 54
16 86 36
16 87 66
16 89 21
16 90 45
16 91 9
16 92 44
16 93 68
16 94 51
16 95 15
16 98 23
17 19 34
17 20 39
17 21 52
17 23 58
17 24 51
17 25 76
17 26 68
17 28 26
17 29 32
17 30 43
17 32 58
17 33 96
17 34 57
17 36 92
17 39 24
17 40 87
17 41 14
17 43 44
17 44 67
17 45 71
17 46 81
17 47 83
17 49 19
17 51 40
17 52 81
17 53 18
17 54 38
17 55 82
17 56 49
17 59 28
17 61 68
17 63 31
17 65 102
17 68 67
17 69 94
17 71 99
17 73 86
17 74 38
17 77 71
17 78 76
17 79 66
17 82 82
17 83 49
17 84 67
17 85 13
17 86 96
17 88 75
17 91 77
17 93 57
17 94 115
17 95 61
17 96 101
17 97 56
17 98 81
18 21 34
18 24 59
18 25 75
18 26 83
18 28 66
18 29 53
18 33 12
18 35 75
18 36 17
18 40 29
18 41 71
18 42 78
18 43 47
18 44 87
18 45 43
18 46 20
18 47 10
18 49 75
18 50 19
18 52 26
18 53 68
18 54 52
18 55 21
18 59 79
18 60 10
18 62 76
18 64 52
18 65 39
18 66 24
18 68 25
18 70 21
18 73 27
18 74 57
18 75 86
18 77 14
18 78 88
18 81 22
18 82 57
18 83 41
18 84 18
18 85 73
18 86 39
18 88 74
18 89 66
18 90 27
18 93 40
18 95 67
18 96 23
18 97 29
18 99 97
19 20 16
19 22 90
19 23 24
19 27 38
19 29 40
19 30 46
19 31 32
19 33 87
19 34 51
19 36 91
19 37 21
19 40 91
19 41 31
19 42 30
19 43 31
19 44 33
19 46 66
19 47 72
19 49 16
19 51 58
19 53 36
19 54 27
19 58 65
19 59 6
19 61 66
19 63 41
19 65 82
19 66 58
19 67 83
19 69 78
19 71 77
19 72 16
19 73 68
19 74 20
19 76 73
19 77 66
19 78 42
19 79 33
19 80 18
19 83 57
19 85 26
19 86 75
19 87 57
19 88 43
19 89 59
19 90 54
19 91 50
19 92 43
19 94 91
19 95 29
19 97 50
19 99 45
20 22 74
20 25 39
20 26 36
20 27 34
20 28 43
20 30 34
20 31 16
20 32 31
20 33 71
20 34 35
20 36 75
20 37 24
20 39 43
20 41 30
20 43 15
20 44 37
20 45 34
20 46 50
20 47 56
20 49 20
20 51 50
20 53 33
20 55 51
20 58 48
20 60 52
20 61 51
20 63 32
20 65 68
20 67 67
20 68 55
20 69 63
20 70 53
20 71 63
20 72 19
20 73 52
20 75 25
20 77 50
20 79 39
20 82 43
20 84 50
20 85 27
20 86 60
20 88 38
20 89 51
20 90 39
20 91 38
20 92 48
20 93 55
20 94 78
20 96 71
20 97 34
20 98 45
20 99 49
21 24 45
21 25 70
21 26 73
21 28 32
21 30 9
21 31 25
21 32 22
21 33 46
21 34 14
21 35 70
21 36 41
21 38 17
21 39 33
21 40 38
21 42 67
21 44 76
21 45 45
21 46 38
21 48 54
21 49 46
21 50 31
21 51 24
21 52 31
21 54 28
21 55 40
21 56 51
21 58 27
21 62 55
21 63 21
21 65 63
21 67 40
21 68 16
21 70 42
21 71 64
21 72 60
21 73 46
21 74 35
21 75 63
21 77 21
21 78 80
21 79 79
21 81 16
21 82 61
21 83 9
21 86 59
21 88 69
21 89 72
21 90 10
21 91 57
21 92 87
21 94 79
21 95 57
21 96 54
21 99 88
22 23 89
22 24 69
22 25 80
22 26 91
22 27 82
22 28 82
22 30 58
22 31 59
22 33 4
22 34 43
22 37 88
22 42 87
22 43 60
22 46 25
22 47 18
22 50 31
22 51 73
22 52 38
22 53 83
22 55 25
22 56 78
22 57 89
22 58 26
22 59 92
22 60 26
22 61 35
22 62 88
22 64 68
22 65 32
22 66 40
22 69 19
22 70 24
22 71 39
22 73 28
22 76 57
22 77 30
22 78 95
22 79 101
22 80 86
22 81 38
22 82 60
22 83 57
22 84 35
22 85 88
22 87 65
22 88 79
22 89 68
22 91 58
22 93 56
22 96 12
22 97 44
22 99 104
23 24 22
23 26 11
23 27 59
23 28 69
23 29 57
23 32 50
23 33 86
23 35 20
23 37 3
23 38 82
23 39 68
23 40 100
23 41 54
23 42 7
23 44 11
23 46 64
23 47 72
23 49 39
23 50 90
23 53 58
23 54 39
23 55 63
23 57 68
23 59 30
23 60 72
23 61 74
23 62 19
23 63 59
23 64 60
23 65 73
23 66 65
23 67 84
23 68 78
23 69 73
23 71 66
23 72 8
23 73 62
23 74 31
23 75 25
23 77 70
23 79 13
23 80 6
23 81 77
23 82 39
23 84 73
23 85 49
23 86 65
23 87 74
23 88 21
23 89 40
23 90 62
23 92 22
23 94 77
23 96 83
23 97 57
23 98 51
23 99 23
24 25 28
24 26 28
24 27 45
24 30 40
24 31 20
24 32 29
24 33 66
24 34 36
24 36 74
24 37 20
24 38 61
24 39 54
24 40 78
24 41 42
24 43 19
24 44 31
24 45 24
24 46 45
24 47 52
24 48 57
24 49 32
24 50 68
24 51 59
24 53 45
24 54 20
24 56 9
24 57 55
24 58 46
24 62 20
24 63 42
24 66 44
24 67 63
24 68 57
24 69 55
24 70 46
24 71 53
24 72 18
24 74 14
24 75 32
24 76 67
24 78 36
24 79 35
24 80 17
24 81 55
24 82 31
24 84 51
24 87 55
24 88 27
24 89 38
24 90 40
24 91 27
24 94 67
24 95 13
24 96 65
24 99 43
25 26 14
25 27 73
25 28 82
25 29 68
25 31 47
25 32 51
25 33 79
25 34 59
25 35 1
25 36 92
25 37 23
25 38 86
25 39 82
25 40 99
25 42 15
25 44 20
25 45 32
25 46 56
25 49 57
25 53 72
25 55 55
25 56 27
25 57 82
25 58 63
25 59 49
25 60 70
25 61 74
25 62 38
25 64 71
25 66 67
25 67 78
25 68 80
25 69 62
25 70 56
25 71 50
25 72 28
25 74 42
25 75 46
25 77 69
25 79 26
25 80 25
25 81 78
25 83 78
25 85 65
25 87 82
25 90 64
25 92 27
25 94 59
25 95 15
25 96 72
25 97 59
25 98 40
25 99 24
26 29 66
26 31 48
26 33 88
26 34 63
26 35 13
26 36 99
26 37 13
26 38 89
26 39 78
26 40 105
26 41 64
26 44 5
26 46 66
26 48 74
26 49 50
26 50 95
26 52 99
26 54 47
26 55 65
26 56 23
26 57 78
26 58 70
26 59 40
26 60 77
26 64 70
26 66 72
26 67 87
26 68 85
26 69 73
26 71 63
26 72 19
26 73 63
26 74 40
26 76 95
26 78 8
26 79 12
26 80 17
26 81 83
26 83 79
26 84 78
26 87 82
26 88 15
26 89 35
26 92 15
26 95 16
26 98 52
27 28 10
27 29 14
27 30 24
27 31 32
27 32 43
27 33 78
27 34 41
27 35 73
27 38 46
27 40 68
27 41 8
27 42 64
27 43 32
27 44 69
27 46 66
27 47 66
27 48 82
27 49 23
27 50 63
27 51 22
27 52 62
27 53 2
27 54 27
27 55 67
27 56 47
27 57 9
27 58 57
27 60 56
27 61 49
27 62 42
27 63 12
27 65 89
27 66 42
27 67 72
27 69 79
27 70 69
27 71 87
27 73 71
27 74 31
27 75 44
27 76 43
27 79 70
27 80 53
27 81 48
27 82 74
27 84 49
27 90 40
27 92 80
27 93 37
27 94 102
27 95 58
27 96 84
27 98 68
27 99 82
28 29 16
28 32 47
28 33 78
28 35 81
28 37 66
28 39 2
28 40 63
28 41 17
28 42 73
28 43 38
28 44 79
28 45 66
28 46 68
28 47 67
28 49 33
28 50 59
28 51 14
28 52 57
28 54 34
28 55 70
28 57 8
28 58 58
28 59 44
28 60 56
28 62 52
28 64 16
28 65 92
28 66 42
28 68 44
28 69 81
28 70 71
28 71 91
28 72 61
28 73 75
28 75 54
28 77 53
28 79 80
28 84 48
28 85 23
28 86 87
28 87 20
28 89 90
28 91 76
28 92 90
28 93 32
28 95 66
28 96 86
28 98 73
28 99 91
29 30 11
29 31 22
29 35 67
29 36 60
29 37 55
29 38 34
29 39 17
29 40 56
29 42 61
29 45 50
29 46 52
29 49 28
29 50 50
29 52 50
29 53 15
29 56 43
29 57 21
29 58 43
29 59 37
29 61 36
29 62 42
29 63 2
29 64 4
29 65 76
29 66 28
29 67 59
29 68 35
29 71 74
29 72 50
29 73 58
29 74 26
29 75 48
29 78 74
29 79 69
29 80 51
29 81 35
29 82 65
29 83 18
29 84 35
29 85 22
29 87 18
29 89 74
29 91 60
29 92 79
29 93 28
29 95 53
29 97 25
29 98 56
29 99 80
30 32 23
30 33 54
30 34 18
30 35 67
30 36 50
30 37 58
30 39 26
30 40 46
30 41 30
30 44 70
30 45 45
30 46 43
30 47 42
30 49 37
30 50 39
30 51 21
30 52 40
30 54 22
30 55 45
30 57 31
30 58 33
30 59 45
30 60 32
30 61 25
30 62 48
30 64 10
30 66 18
30 67 48
30 68 24
30 69 56
30 70 47
30 71 67
30 72 53
30 75 55
30 76 27
30 77 28
30 78 76
30 79 73
30 80 54
30 83 11
30 86 62
30 87 15
30 88 66
30 90 15
30 91 56
30 92 82
30 94 83
30 97 16
31 34 19
31 35 46
31 36 59
31 37 38
31 38 42
31 40 61
31 41 32
31 42 42
31 43 1
31 46 38
31 48 53
31 51 40
31 52 54
31 53 32
31 54 6
31 55 39
31 57 41
31 58 33
31 59 33
31 60 37
31 61 35
31 62 31
31 65 58
31 67 51
31 69 51
31 70 41
31 71 55
31 72 34
31 73 42
31 74 12
31 75 41
31 76 47
31 77 34
31 78 55
31 79 54
31 80 35
31 81 37
31 82 43
31 83 31
31 84 34
31 86 52
31 87 35
31 88 45
31 90 22
31 91 38
31 92 62
31 93 40
31 94 71
31 95 33
31 98 37
31 99 62
32 33 40
32 35 51
32 36 45
32 37 49
32 38 35
32 41 45
32 42 51
32 43 16
32 45 23
32 46 23
32 47 26
32 48 39
32 49 45
32 50 39
32 51 44
32 53 44
32 54 22
32 55 24
32 56 37
32 58 18
32 60 22
32 61 24
32 62 45
32 63 33
32 64 31
32 65 46
32 67 36
32 72 46
32 73 28
32 74 26
32 75 56
32 77 20
32 78 62
32 80 46
32 82 39
32 83 30
32 84 22
32 85 46
32 86 40
32 87 37
32 88 49
32 89 50
32 90 13
32 91 35
32 92 71
32 93 37
32 94 60
32 96 43
32 98 27
33 34 39
33 38 43
33 40 35
33 41 82
33 42 84
33 44 93
33 45 48
33 46 23
33 47 15
33 48 21
33 51 69
33 52 34
33 53 79
33 54 62
33 56 75
33 58 22
33 59 89
33 61 30
33 63 66
33 65 33
33 67 6
33 69 20
33 70 22
33 71 40
33 73 27
33 74 67
33 75 96
33 76 53
33 79 99
33 81 34
33 82 58
33 83 53
33 84 31
33 85 84
33 86 35
33 90 39
33 91 57
33 92 104
33 95 73
33 96 14
33 97 40
33 98 38
33 99 102
34 35 59
34 36 40
34 38 27
34 39 44
34 40 42
34 41 44
34 44 66
34 45 31
34 46 25
34 47 25
34 52 36
34 54 24
34 55 27
34 56 43
34 57 48
34 58 17
34 60 18
34 61 17
34 62 50
34 67 34
34 68 22
34 69 38
34 70 29
34 71 49
34 73 32
34 75 60
34 76 35
34 77 15
34 78 70
34 79 71
34 80 52
34 81 20
34 83 23
34 84 15
34 85 46
34 86 45
34 87 30
34 88 57
34 89 58
34 90 5
34 92 78
34 93 29
34 94 65
34 98 33
34 99 78
35 36 92
35 37 22
35 38 86
35 39 81
35 40 99
35 41 68
35 42 14
35 43 45
35 44 18
35 45 32
35 46 57
35 47 66
35 48 64
35 49 56
35 51 86
35 52 94
35 53 72
35 54 48
35 55 56
35 57 82
35 58 63
35 59 48
35 62 37
35 64 70
35 66 67
35 68 80
35 71 51
35 72 26
35 74 42
35 77 69
35 78 14
35 79 25
35 80 24
35 81 78
35 86 52
35 87 82
35 88 2
35 90 64
35 91 23
35 92 26
35 93 86
35 95 15
35 96 73
35 97 59
35 98 41
35 99 23
36 37 94
36 39 73
36 40 16
36 41 79
36 42 95
36 43 60
36 45 60
36 47 26
36 48 41
36 49 86
36 52 17
36 54 64
36 55 38
36 57 78
36 59 91
36 60 23
36 61 25
36 65 53
36 66 34
36 67 16
36 68 26
36 69 39
36 70 38
36 71 59
36 72 91
36 73 44
36 74 70
36 76 39
36 77 25
36 78 105
36 79 108
36 80 91
36 81 25
36 82 73
36 83 45
36 85 82
36 86 54
36 87 51
36 88 90
36 90 37
36 91 71
36 92 115
36 94 69
36 96 34
36 97 41
36 98 54
37 39 65
37 40 98
37 41 51
37 42 9
37 43 37
37 44 13
37 45 40
37 46 63
37 47 71
37 49 36
37 52 92
37 54 36
37 56 12
37 57 65
37 58 65
37 59 27
37 61 72
37 62 16
37 63 56
37 64 58
37 65 73
37 66 64
37 67 83
37 68 77
37 69 73
37 70 65
37 71 66
37 72 5
37 73 62
37 74 29
37 76 85
37 77 69
37 78 21
37 79 15
37 80 4
37 81 75
37 83 69
37 84 71
37 85 46
37 88 23
37 89 42
37 90 60
37 94 78
37 96 83
37 97 55
37 99 25
38 40 22
38 42 84
38 43 43
38 44 92
38 46 44
38 47 37
38 49 62
38 50 18
38 51 29
38 54 45
38 56 68
38 57 49
38 58 31
38 59 70
38 60 25
38 61 15
38 62 72
38 65 68
38 66 19
38 67 36
38 68 7
38 69 53
38 70 47
38 72 77
38 73 52
38 74 53
38 75 80
38 76 10
38 77 22
38 80 77
38 81 10
38 83 16
38 84 16
38 85 57
38 86 65
38 88 84
38 90 22
38 92 104
38 94 84
38 95 73
38 97 27
39 40 65
39 41 16
39 43 39
39 44 78
39 45 67
39 46 69
39 48 85
39 49 32
39 52 59
39 53 11
39 54 35
39 55 71
39 58 60
39 59 42
39 61 50
39 62 51
39 63 15
39 67 74
39 68 46
39 69 82
39 71 92
39 72 60
39 73 76
39 77 54
39 79 79
39 81 47
39 83 28
39 84 49
39 85 22
39 88 80
39 89 90
39 91 76
39 92 89
39 94 108
39 95 66
39 97 42
39 98 74
39 99 90
40 41 74
40 42 100
40 43 62
40 44 109
40 46 48
40 47 38
40 49 84
40 51 50
40 53 70
40 54 65
40 55 50
40 56 86
40 57 71
40 58 37
40 59 91
40 60 30
40 62 91
40 63 57
40 64 53
40 65 67
40 66 34
40 67 31
40 69 53
40 73 56
40 75 100
40 76 27
40 77 30
40 78 111
40 80 95
40 81 23
40 82 83
40 83 38
40 84 27
40 85 79
40 91 80
40 92 120
40 94 84
40 95 89
40 96 49
40 97 43
40 98 64
40 99 120
41 42 59
41 44 64
41 46 68
41 47 69
41 48 84
41 50 69
41 51 30
41 52 68
41 53 6
41 54 26
41 55 69
41 56 42
41 57 14
41 58 61
41 59 27
41 60 61
41 61 55
41 62 36
41 64 21
41 65 90
41 66 47
41 67 77
41 68 53
41 69 81
41 70 71
41 71 87
41 73 73
41 75 36
41 76 51
41 78 72
41 81 54
41 82 72
41 84 54
41 85 6
41 87 33
41 89 80
41 90 44
41 91 67
41 92 74
41 94 103
41 95 54
41 98 69
41 99 76
42 44 9
42 45 37
42 47 70
42 48 71
42 49 45
42 50 90
42 51 80
42 52 94
42 54 41
42 55 61
42 57 72
42 58 65
42 60 72
42 62 25
42 64 64
42 66 66
42 68 79
42 70 62
42 71 61
42 73 59
42 75 32
42 77 70
42 78 14
42 81 78
42 82 34
42 83 73
42 84 73
42 86 61
42 87 77
42 91 32
42 92 20
42 93 83
42 94 72
42 96 80
42 97 58
42 98 48
43 44 49
43 47 42
43 48 54
43 49 29
43 50 52
43 56 25
43 57 41
43 59 32
43 61 36
43 62 30
43 63 25
43 65 59
43 66 27
43 68 40
43 69 51
43 70 41
43 72 33
43 73 42
43 74 10
43 75 40
43 78 54
43 80 33
43 81 39
43 82 42
43 84 35
43 85 31
43 87 36
43 88 45
43 92 61
43 93 42
43 94 71
43 95 32
43 96 59
43 97 19
44 46 70
44 47 79
44 48 79
44 49 49
44 51 87
44 53 68
44 54 49
44 57 78
44 58 74
44 59 39
44 60 81
44 63 69
44 64 71
44 65 76
44 66 75
44 67 91
44 68 88
44 69 78
44 70 71
44 74 42
44 75 33
44 76 97
44 78 10
44 82 41
44 83 81
44 84 82
44 85 59
44 87 84
44 88 20
44 89 40
44 90 71
44 92 12
44 93 91
44 95 20
44 96 88
44 97 66
44 98 57
44 99 12
45 46 25
45 48 35
45 49 54
45 50 58
45 53 60
45 54 33
45 55 24
45 56 31
45 57 70
45 58 31
45 59 52
45 60 39
45 62 44
45 63 52
45 64 52
45 66 39
45 67 46
45 68 51
45 69 33
45 71 29
45 72 39
45 73 22
45 74 33
45 75 55
45 79 52
45 81 49
45 82 16
45 83 53
45 84 43
45 87 60
45 88 30
45 89 27
45 91 12
45 93 60
45 94 44
45 95 26
45 97 32
45 98 12
45 99 55
46 47 10
46 48 16
46 50 37
46 51 63
46 52 44
46 53 66
46 54 44
46 57 74
46 58 12
46 60 19
46 61 29
46 63 55
46 64 52
46 65 25
46 67 22
46 68 37
46 70 3
46 71 26
46 72 62
46 73 8
46 74 47
46 76 54
46 79 76
46 81 34
46 82 37
46 83 47
46 84 28
46 86 21
46 87 55
46 88 55
46 89 47
46 90 28
46 93 50
46 94 41
46 96 21
46 98 17
47 48 19
47 50 28
47 54 48
47 57 73
47 58 9
47 59 74
47 60 12
47 62 70
47 63 54
47 64 52
47 65 31
47 66 25
47 69 16
47 71 34
47 73 18
47 74 52
47 78 80
47 79 85
47 80 69
47 81 27
47 82 47
47 83 44
47 86 30
47 87 51
47 89 57
47 91 45
47 92 90
47 93 45
47 96 19
47 97 27
47 98 27
47 99 89
48 49 83
48 55 15
48 57 90
48 59 84
48 60 31
48 61 41
48 62 77
48 63 71
48 65 12
48 66 43
48 67 24
48 69 3
48 71 19
48 73 12
48 74 62
48 76 67
48 77 34
48 78 77
48 79 86
48 80 73
48 81 47
48 83 62
48 84 41
48 85 84
48 87 70
48 88 62
48 89 49
48 90 44
48 91 41
48 92 89
48 93 64
48 95 61
48 96 10
49 51 45
49 53 21
49 54 23
49 55 68
49 56 29
49 57 30
49 58 63
49 59 11
49 60 65
49 61 61
49 62 20
49 64 32
49 65 87
49 69 80
49 70 70
49 73 71
49 74 21
49 75 21
49 76 63
49 78 58
49 79 48
49 80 33
49 82 63
49 86 80
49 87 46
49 88 56
49 89 70
49 90 48
49 91 59
49 93 56
49 96 88
49 97 45
49 98 64
49 99 61
50 52 7
50 54 56
50 55 39
50 57 67
50 58 27
50 60 19
50 62 82
50 63 51
50 64 48
50 65 58
50 66 25
50 67 22
50 68 15
50 69 43
50 70 39
50 73 45
50 74 63
50 75 91
50 78 101
50 79 103
50 83 34
50 84 17
50 87 40
50 88 87
50 89 83
50 90 29
50 92 110
50 95 79
50 98 53
50 99 109
51 52 45
51 53 24
51 54 39
51 55 64
51 56 62
51 57 22
51 60 48
51 61 39
51 62 61
51 65 87
51 67 63
51 69 75
51 70 66
51 73 70
51 74 46
51 77 44
51 78 94
51 79 89
51 80 70
51 83 16
51 85 36
51 87 9
51 88 85
51 89 92
51 91 77
51 92 98
51 93 19
51 94 103
51 96 78
51 97 36
51 98 71
52 53 63
52 54 58
52 55 45
52 56 79
52 57 65
52 59 84
52 60 25
52 61 20
52 62 85
52 64 47
52 65 65
52 66 28
52 68 16
52 70 46
52 71 69
52 72 88
52 73 52
52 78 105
52 79 107
52 80 88
52 81 17
52 82 78
52 83 32
52 84 21
52 86 64
52 88 92
52 89 89
52 90 32
52 92 114
52 95 83
52 96 48
52 97 37
52 99 114
53 54 27
53 55 67
53 57 10
53 59 32
53 60 58
53 62 40
53 63 13
53 64 17
53 65 89
53 66 43
53 68 49
53 71 87
53 74 31
53 75 42
53 76 45
53 77 54
53 78 76
53 83 31
53 84 50
53 86 83
53 87 28
53 88 71
53 90 41
53 91 69
53 92 78
53 93 39
53 94 103
53 95 57
53 96 85
53 97 40
53 98 68
53 99 80
54 56 24
54 57 37
54 58 39
54 59 27
54 60 42
54 61 40
54 62 27
54 63 22
54 64 23
54 65 64
54 66 31
54 67 57
54 69 57
54 71 61
54 72 32
54 73 48
54 74 8
54 75 36
54 76 49
54 77 39
54 78 55
54 79 52
54 81 42
54 82 47
54 84 39
54 85 25
54 87 35
54 88 47
54 94 77
54 95 33
54 96 65
54 97 23
54 98 43
55 56 53
55 57 75
55 58 14
55 60 21
55 61 30
55 63 56
55 65 23
55 66 30
55 67 23
55 68 39
55 69 12
55 73 7
55 74 48
55 75 75
55 76 56
55 78 69
55 79 76
55 80 61
55 81 36
55 82 36
55 85 70
55 88 54
55 89 45
55 90 30
55 92 80
55 94 39
55 95 50
55 97 29
55 99 79
56 57 55
56 59 23
56 61 60
56 62 13
56 64 46
56 65 66
56 66 51
56 68 64
56 69 64
56 70 55
56 71 60
56 72 9
56 73 53
56 74 17
56 76 73
56 77 57
56 78 31
56 80 9
56 81 63
56 82 36
56 83 56
56 84 59
56 85 38
56 86 58
56 88 27
56 90 48
56 91 32
56 92 36
56 93 66
56 94 74
56 96 73
56 98 43
56 99 37
57 58 64
57 59 41
57 60 63
57 61 55
57 63 19
57 64 21
57 65 97
57 66 49
57 69 87
57 70 77
57 71 95
57 73 80
57 76 45
57 77 59
57 78 86
57 80 61
57 81 53
57 87 28
57 90 47
57 91 78
57 92 88
57 93 40
57 94 111
57 96 92
57 98 77
57 99 90
58 60 8
58 61 16
58 65 37
58 66 17
58 67 18
58 68 24
58 69 23
58 70 16
58 72 63
58 73 21
58 74 44
58 75 73
58 77 9
58 79 80
58 80 63
58 81 22
58 83 36
58 85 62
58 86 34
58 87 43
58 89 56
58 90 18
58 92 86
58 95 54
58 96 27
58 97 18
58 98 27
58 99 85
59 60 69
59 61 67
59 63 38
59 64 41
59 67 84
59 68 69
59 69 81
59 71 81
59 72 22
59 73 71
59 74 22
59 75 10
59 76 72
59 77 66
59 78 48
59 79 38
59 80 24
59 81 68
59 83 55
59 84 66
59 85 21
59 86 79
59 87 55
59 88 48
59 89 65
59 91 55
59 92 48
59 93 65
59 94 96
59 95 35
59 97 50
59 98 63
59 99 50
60 61 10
60 62 67
60 64 42
60 65 43
60 66 14
60 68 18
60 71 46
60 72 68
60 73 28
60 74 48
60 75 77
60 76 35
60 79 86
60 80 68
60 82 53
60 83 32
60 86 41
60 87 39
60 88 68
60 89 64
60 90 17
60 91 50
60 93 32
60 95 61
60 96 30
60 97 19
60 98 35
61 62 66
61 63 37
61 64 34
61 65 53
61 66 9
61 67 24
61 68 8
61 71 55
61 73 37
61 74 47
61 75 75
61 76 25
61 77 7
61 78 86
61 80 69
61 82 60
61 83 23
61 84 1
61 87 30
61 88 73
61 89 70
61 90 13
61 92 94
61 93 22
61 95 63
61 96 40
61 97 17
61 98 42
61 99 94
62 63 43
62 64 46
62 65 79
62 67 81
62 68 69
62 69 75
62 70 66
62 71 73
62 72 11
62 73 65
62 74 20
62 75 11
62 76 75
62 77 65
62 78 37
62 79 28
62 80 13
62 81 68
62 82 49
62 83 58
62 84 65
62 85 30
62 86 71
62 87 60
62 88 37
62 89 54
62 91 45
62 92 38
62 93 68
62 94 87
62 95 24
62 96 84
62 97 49
62 98 56
62 99 40
63 64 3
63 65 78
63 66 30
63 67 61
63 68 36
63 70 58
63 72 51
63 73 61
63 74 28
63 75 48
63 76 34
63 77 41
63 80 52
63 81 36
63 82 67
63 84 37
63 85 22
63 87 17
63 90 28
63 91 62
63 92 80
63 93 28
63 95 55
63 96 73
63 97 28
63 98 59
63 99 82
64 66 27
64 67 58
64 68 32
64 70 56
64 71 75
64 72 53
64 73 59
64 74 29
64 76 31
64 77 38
64 78 77
64 79 73
64 80 54
64 83 15
64 84 34
64 85 25
64 87 14
64 89 77
64 90 25
64 91 62
64 93 24
64 95 56
64 96 70
64 99 83
65 66 53
65 67 37
65 68 61
65 69 15
65 70 21
65 72 73
65 73 18
65 74 66
65 75 90
65 76 78
65 77 45
65 79 83
65 81 58
65 82 36
65 83 72
65 84 52
65 85 90
65 86 8
65 88 57
65 90 53
65 92 85
65 94 17
65 96 20
65 98 23
65 99 82
66 69 40
66 70 32
66 71 54
66 72 60
66 73 36
66 74 38
66 75 66
66 77 11
66 78 78
66 79 79
66 80 60
66 81 12
66 82 55
66 83 19
66 84 8
66 89 65
66 90 4
66 91 51
66 92 86
66 94 69
66 96 44
66 97 8
66 98 39
66 99 86
67 68 30
67 70 22
67 73 28
67 74 63
67 75 92
67 78 91
67 79 97
67 80 80
67 82 58
67 83 47
67 84 24
67 86 38
67 87 54
67 88 76
67 89 68
67 92 102
67 93 45
67 95 71
67 96 19
67 97 35
67 99 101
68 69 46
68 70 40
68 71 63
68 72 73
68 73 45
68 76 17
68 77 15
68 79 92
68 80 73
68 81 3
68 82 67
68 83 18
68 86 58
68 87 25
68 88 79
68 90 17
68 91 63
68 92 100
68 93 15
68 94 77
68 97 22
68 98 50
68 99 99
69 70 10
69 71 20
69 72 72
69 73 11
69 75 87
69 76 64
69 77 31
69 78 77
69 79 85
69 80 71
69 81 44
69 82 41
69 83 59
69 86 16
69 87 67
69 89 49
69 90 41
69 91 40
69 92 88
69 94 32
69 95 60
69 96 10
69 97 40
69 98 22
69 99 86
70 71 23
70 73 6
70 76 57
70 78 70
70 82 36
70 83 51
70 85 72
70 87 58
70 88 55
70 89 46
70 90 32
70 91 34
70 92 82
70 93 53
70 94 38
70 95 52
70 97 31
70 98 16
71 72 67
71 73 18
71 75 84
71 76 80
71 78 65
71 79 75
71 81 60
71 82 28
71 84 54
71 85 87
71 88 49
71 89 33
71 90 54
71 92 77
71 93 76
71 94 16
71 97 51
71 99 74
72 74 24
72 75 19
72 78 27
72 79 20
72 80 2
72 81 72
72 82 41
72 83 64
72 86 66
72 88 27
72 89 45
72 90 57
72 91 38
72 92 29
72 94 80
72 95 15
72 96 82
72 98 51
72 99 31
73 75 76
73 78 66
73 79 74
73 80 60
73 81 42
73 82 31
73 85 73
73 86 13
73 88 51
73 92 78
73 93 58
73 94 33
73 97 34
73 99 76
74 75 29
74 78 48
74 79 44
74 80 25
74 81 49
74 82 44
74 83 40
74 85 26
74 86 58
74 87 43
74 91 39
74 92 53
74 93 50
74 94 77
74 95 27
74 97 30
75 76 82
75 77 75
75 80 21
75 83 65
75 84 74
75 85 31
75 86 82
75 87 65
75 90 63
75 92 40
75 94 98
75 95 34
75 96 96
75 97 59
75 98 67
76 77 33
76 79 100
76 80 81
76 81 20
76 82 82
76 83 17
76 84 26
76 85 56
76 86 75
76 87 18
76 88 91
76 91 78
76 92 109
76 93 7
76 94 95
76 95 80
76 96 64
76 97 34
76 99 109
77 78 81
77 79 84
77 81 13
77 82 54
77 83 28
77 84 7
77 86 43
77 88 68
77 91 50
77 92 91
77 93 29
77 95 59
77 96 34
77 97 16
77 99 90
78 80 25
78 81 90
78 82 37
78 85 67
78 86 65
78 87 90
78 88 16
78 90 75
78 91 37
78 92 12
78 93 96
78 94 73
78 95 23
78 96 87
78 99 10
79 83 84
79 84 86
79 86 75
79 87 86
79 88 27
79 89 47
79 90 75
79 91 46
79 92 10
79 93 94
79 95 26
79 96 95
79 97 70
80 81 72
80 83 65
80 85 43
80 86 64
80 87 68
80 90 57
80 91 36
80 94 78
80 95 13
80 97 52
80 99 29
81 82 65
81 84 6
81 85 57
81 86 55
81 88 77
81 89 76
81 90 15
81 91 61
81 92 98
81 93 18
81 95 67
81 96 45
81 97 20
81 98 48
81 99 98
82 83 70
82 84 59
82 85 70
82 86 28
82 89 11
82 91 5
82 92 49
82 95 26
82 96 51
82 98 20
82 99 47
83 84 23
83 85 40
83 87 8
83 88 76
83 89 80
83 90 19
83 92 93
83 93 10
83 97 22
83 98 56
83 99 93
84 85 57
84 86 49
84 87 30
84 88 71
84 89 69
84 90 12
84 91 55
84 92 93
84 93 23
84 94 69
84 95 62
84 96 40
84 97 16
84 98 42
84 99 93
85 86 83
85 87 38
85 88 64
85 89 78
85 92 69
85 95 50
85 97 44
85 98 68
85 99 71
86 88 50
86 89 35
86 90 49
86 91 29
86 93 71
86 94 20
86 95 51
86 96 24
86 97 46
86 98 15
87 88 81
87 89 86
87 90 26
87 91 71
87 92 96
87 93 12
87 94 95
87 95 68
87 96 70
87 99 96
88 90 63
88 91 21
88 92 28
88 93 85
88 95 14
88 98 39
88 99 25
89 90 63
89 91 15
89 92 46
89 93 87
89 94 40
89 95 30
89 96 58
89 97 59
89 98 30
89 99 43
90 91 48
90 94 69
90 95 52
90 96 45
90 97 5
90 99 83
91 94 42
91 95 23
91 97 44
91 98 18
92 93 102
92 94 86
92 96 98
92 97 78
92 98 66
92 99 4
93 95 73
93 96 63
94 95 65
94 96 36
94 97 67
94 98 34
95 96 69
95 97 47
95 99 31
96 97 46
96 98 32
96 99 96
97 98 35
97 99 78
98 99 64
