10 45 23 8
0.443518 0.628391 10
0.193084 0.545635 21
0.0784428 0.538815 33
0.0603031 0.260995 44
0.303029 0.0889166 46
0.738081 0.668021 36
0.87112 0.627274 47
0.679859 0.169626 46
0.636621 0.278572 35
0.406145 0.540081 0
0 1 26
0 2 38
0 3 53
0 4 56
0 5 30
0 6 43
0 7 52
0 8 40
0 9 10
1 2 11
1 3 31
1 4 47
1 5 56
1 6 68
1 7 62
1 8 52
1 9 21
2 3 28
2 4 50
2 5 67
2 6 80
2 7 71
2 8 62
2 9 33
3 4 30
3 5 79
3 6 89
3 7 63
3 8 58
3 9 44
4 5 72
4 6 78
4 7 39
4 8 38
4 9 46
5 6 14
5 7 50
5 8 40
5 9 36
6 7 50
6 8 42
6 9 47
7 8 12
7 9 46
8 9 35
0 1 26
0 2 38
0 4 56
0 6 43
1 2 11
1 5 56
1 9 21
2 5 67
2 6 80
3 4 30
3 5 79
3 6 89
3 7 63
3 8 58
4 5 72
4 9 46
5 6 14
5 9 36
6 7 50
6 8 42
6 9 47
7 8 12
8 9 35
