20 0.7 0 1 1 190 133 10
0.631575 0.538263 81
0.717672 0.786568 105
0.322449 0.739205 80
0.0544538 0.97824 98
0.470924 0.678745 81
0.445262 0.721576 84
0.79855 0.864217 116
0.978767 0.844135 128
0.407657 0.0943243 40
0.123831 0.451771 46
0.113366 0.797043 80
0.245771 0.968107 99
0.211213 0.109357 22
0.167886 0.385604 41
0.0233643 0.738882 74
0.204361 0.211477 28
0.374525 0.93964 100
0.821173 0.374918 89
0.0165844 0.00384399 0
0.915685 0.418881 99
0 1 26
0 2 37
0 3 73
0 4 21
0 5 26
0 6 37
0 7 46
0 8 50
0 9 52
0 10 58
0 11 58
0 12 60
0 13 49
0 14 64
0 15 54
0 16 48
0 17 25
0 18 81
0 19 31
1 2 40
1 3 69
1 4 27
1 5 28
1 6 11
1 7 27
1 8 76
1 9 68
1 10 60
1 11 51
1 12 85
1 13 68
1 14 70
1 15 77
1 16 38
1 17 42
1 18 105
1 19 42
2 3 36
2 4 16
2 5 12
2 6 49
2 7 66
2 8 65
2 9 35
2 10 22
2 11 24
2 12 64
2 13 39
2 14 30
2 15 54
2 16 21
2 17 62
2 18 80
2 19 67
3 4 51
3 5 47
3 6 75
3 7 93
3 8 95
3 9 53
3 10 19
3 11 19
3 12 88
3 13 60
3 14 24
3 15 78
3 16 32
3 17 98
3 18 98
3 19 103
4 5 5
4 6 38
4 7 53
4 8 59
4 9 41
4 10 38
4 11 37
4 12 63
4 13 42
4 14 45
4 15 54
4 16 28
4 17 46
4 18 81
4 19 52
5 6 38
5 7 55
5 8 63
5 9 42
5 10 34
5 11 32
5 12 66
5 13 44
5 14 42
5 15 56
5 16 23
5 17 51
5 18 84
5 19 56
6 7 18
6 8 86
6 9 79
6 10 69
6 11 56
6 12 96
6 13 79
6 14 79
6 15 88
6 16 43
6 17 49
6 18 116
6 19 46
7 8 94
7 9 94
7 10 87
7 11 74
7 12 106
7 13 93
7 14 96
7 15 100
7 16 61
7 17 49
7 18 128
7 19 43
8 9 46
8 10 76
8 11 89
8 12 20
8 13 38
8 14 75
8 15 23
8 16 85
8 17 50
8 18 40
8 19 60
9 10 35
9 11 53
9 12 35
9 13 8
9 14 30
9 15 25
9 16 55
9 17 70
9 18 46
9 19 79
10 11 22
10 12 69
10 13 42
10 14 11
10 15 59
10 16 30
10 17 82
10 18 80
10 19 89
11 12 86
11 13 59
11 14 32
11 15 76
11 16 13
11 17 83
11 18 99
11 19 87
12 13 28
12 14 66
12 15 10
12 16 85
12 17 67
12 18 22
12 19 77
13 14 38
13 15 18
13 16 59
13 17 65
13 18 41
13 19 75
14 15 56
14 16 40
14 17 88
14 18 74
14 19 95
15 16 75
15 17 64
15 18 28
15 19 74
16 17 72
16 18 100
16 19 75
17 18 89
17 19 10
18 19 99
0 1 26
0 2 37
0 4 21
0 5 26
0 7 46
0 8 50
0 10 58
0 11 58
0 13 49
0 14 64
0 15 54
0 16 48
0 18 81
1 2 40
1 4 27
1 5 28
1 6 11
1 7 27
1 8 76
1 9 68
1 10 60
1 12 85
1 13 68
1 15 77
1 17 42
1 18 105
1 19 42
2 4 16
2 5 12
2 8 65
2 10 22
2 12 64
2 13 39
2 14 30
2 15 54
2 17 62
2 18 80
3 4 51
3 5 47
3 6 75
3 7 93
3 8 95
3 9 53
3 10 19
3 11 19
3 12 88
3 13 60
3 14 24
3 15 78
3 17 98
3 18 98
3 19 103
4 6 38
4 7 53
4 8 59
4 10 38
4 11 37
4 12 63
4 13 42
4 14 45
4 16 28
4 17 46
4 18 81
5 7 55
5 9 42
5 11 32
5 14 42
5 15 56
5 16 23
5 17 51
5 18 84
6 9 79
6 12 96
6 13 79
6 16 43
6 17 49
6 18 116
6 19 46
7 8 94
7 9 94
7 10 87
7 11 74
7 14 96
7 15 100
7 18 128
7 19 43
8 9 46
8 10 76
8 11 89
8 12 20
8 15 23
8 16 85
8 17 50
8 18 40
8 19 60
9 10 35
9 11 53
9 12 35
9 13 8
9 14 30
9 16 55
9 17 70
9 18 46
9 19 79
10 11 22
10 12 69
10 13 42
10 16 30
10 19 89
11 13 59
11 15 76
11 16 13
11 18 99
11 19 87
12 13 28
12 14 66
12 16 85
12 17 67
12 19 77
13 14 38
13 17 65
13 18 41
14 15 56
14 16 40
14 17 88
15 16 75
15 19 74
16 17 72
16 18 100
16 19 75
17 18 89
17 19 10
18 19 99
