50 0.3 0 0 0.1 1225 368 30
0.877796 0.862156 5
0.18461 0.47166 3
0.37506 0.579551 2
0.982837 0.95143 7
0.916863 0.100164 6
0.787779 0.166 4
0.162833 0.300235 4
0.0213223 0.307396 5
0.456525 0.381836 1
0.876372 0.276422 4
0.91588 0.88951 6
0.513192 0.0790597 4
0.775286 0.00822135 5
0.493389 0.982594 5
0.905662 0.358088 4
0.627266 0.262521 2
0.926627 0.963142 7
0.785345 0.514351 3
0.442726 0.878711 4
0.492248 0.320943 2
0.667367 0.0364754 5
0.919036 0.194253 5
0.988574 0.609209 5
0.198331 0.387039 3
0.965424 0.801758 6
0.535331 0.0734012 4
0.638716 0.103315 4
0.0376859 0.310422 5
0.251421 0.36081 3
0.559651 0.574095 1
0.739859 0.458559 2
0.576493 0.809011 3
0.991044 0.702185 5
0.933324 0.411824 4
0.240344 0.264992 3
0.498394 0.47241 0
0.39406 0.644688 2
0.1971 0.686513 4
0.813427 0.845341 5
0.892054 0.569782 4
0.115598 0.754441 5
0.303436 0.916451 5
0.482199 0.708698 2
0.558753 0.215312 3
0.0631222 0.720563 5
0.127878 0.530173 4
0.448537 0.492544 1
0.895926 0.368919 4
0.512979 0.287022 2
0.86953 0.719484 4
0 1 80
0 2 58
0 3 14
0 4 76
0 5 70
0 6 91
0 7 102
0 8 64
0 9 59
0 10 5
0 11 86
0 12 86
0 13 40
0 14 50
0 15 65
0 16 11
0 17 36
0 18 44
0 19 66
0 20 85
0 21 67
0 22 28
0 23 83
0 24 11
0 25 86
0 26 80
0 27 101
0 28 80
0 29 43
0 30 43
0 31 31
0 32 20
0 33 45
0 34 87
0 35 54
0 36 53
0 37 70
0 38 7
0 39 29
0 40 77
0 41 58
0 42 42
0 43 72
0 44 83
0 45 82
0 46 57
0 47 49
0 48 68
0 49 14
1 2 22
1 3 93
1 4 82
1 5 68
1 6 17
1 7 23
1 8 29
1 9 72
1 10 84
1 11 51
1 12 75
1 13 60
1 14 73
1 15 49
1 16 89
1 17 60
1 18 48
1 19 34
1 20 65
1 21 79
1 22 82
1 23 9
1 24 85
1 25 53
1 26 58
1 27 22
1 28 13
1 29 39
1 30 56
1 31 52
1 32 84
1 33 75
1 34 21
1 35 31
1 36 27
1 37 22
1 38 73
1 39 71
1 40 29
1 41 46
1 42 38
1 43 45
1 44 28
1 45 8
1 46 26
1 47 72
1 48 38
1 49 73
2 3 71
2 4 72
2 5 58
2 6 35
2 7 45
2 8 21
2 9 59
2 10 62
2 11 52
2 12 70
2 13 42
2 14 57
2 15 41
2 16 67
2 17 42
2 18 31
2 19 28
2 20 62
2 21 67
2 22 61
2 23 26
2 24 63
2 25 53
2 26 54
2 27 43
2 28 25
2 29 18
2 30 38
2 31 31
2 32 63
2 33 58
2 34 34
2 35 16
2 36 7
2 37 21
2 38 51
2 39 52
2 40 31
2 41 34
2 42 17
2 43 41
2 44 34
2 45 25
2 46 11
2 47 56
2 48 32
2 49 51
3 4 85
3 5 81
3 6 105
3 7 116
3 8 78
3 9 68
3 10 9
3 11 99
3 12 97
3 13 49
3 14 60
3 15 78
3 16 6
3 17 48
3 18 54
3 19 80
3 20 97
3 21 76
3 22 34
3 23 97
3 24 15
3 25 99
3 26 92
3 27 114
3 28 94
3 29 57
3 30 55
3 31 43
3 32 25
3 33 54
3 34 101
3 35 68
3 36 66
3 37 83
3 38 20
3 39 39
3 40 89
3 41 68
3 42 56
3 43 85
3 44 95
3 45 95
3 46 70
3 47 59
3 48 81
3 49 26
4 5 14
4 6 78
4 7 92
4 8 54
4 9 18
4 10 79
4 11 40
4 12 17
4 13 98
4 14 26
4 15 33
4 16 86
4 17 43
4 18 91
4 19 48
4 20 26
4 21 9
4 22 51
4 23 77
4 24 70
4 25 38
4 26 28
4 27 90
4 28 71
4 29 59
4 30 40
4 31 79
4 32 61
4 33 31
4 34 70
4 35 56
4 36 75
4 37 93
4 38 75
4 39 47
4 40 103
4 41 102
4 42 75
4 43 38
4 44 106
4 45 90
4 46 61
4 47 27
4 48 45
4 49 62
5 6 64
5 7 78
5 8 40
5 9 14
5 10 73
5 11 29
5 12 16
5 13 87
5 14 23
5 15 19
5 16 81
5 17 35
5 18 79
5 19 33
5 20 18
5 21 13
5 22 49
5 23 63
5 24 66
5 25 27
5 26 16
5 27 76
5 28 57
5 29 47
5 30 30
5 31 68
5 32 57
5 33 29
5 34 56
5 35 42
5 36 62
5 37 79
5 38 68
5 39 42
5 40 89
5 41 89
5 42 62
5 43 23
5 44 91
5 45 75
5 46 47
5 47 23
5 48 30
5 49 56
6 7 14
6 8 30
6 9 71
6 10 96
6 11 41
6 12 68
6 13 76
6 14 75
6 15 47
6 16 101
6 17 66
6 18 64
6 19 33
6 20 57
6 21 76
6 22 88
6 23 9
6 24 95
6 25 44
6 26 52
6 27 13
6 28 11
6 29 48
6 30 60
6 31 66
6 32 92
6 33 78
6 34 9
6 35 38
6 36 41
6 37 39
6 38 85
6 39 78
6 40 46
6 41 63
6 42 52
6 43 40
6 44 43
6 45 23
6 46 34
6 47 74
6 48 35
6 49 82
7 8 44
7 9 86
7 10 107
7 11 54
7 12 81
7 13 82
7 14 89
7 15 61
7 16 112
7 17 79
7 18 71
7 19 47
7 20 70
7 21 90
7 22 101
7 23 19
7 24 107
7 25 56
7 26 65
7 27 2
7 28 24
7 29 60
7 30 73
7 31 75
7 32 105
7 33 92
7 34 22
7 35 50
7 36 50
7 37 42
7 38 96
7 39 91
7 40 46
7 41 67
7 42 61
7 43 55
7 44 42
7 45 25
7 46 47
7 47 88
7 48 49
7 49 94
8 9 43
8 10 68
8 11 31
8 12 49
8 13 60
8 14 45
8 15 21
8 16 75
8 17 35
8 18 50
8 19 7
8 20 40
8 21 50
8 22 58
8 23 26
8 24 66
8 25 32
8 26 33
8 27 42
8 28 21
8 29 22
8 30 29
8 31 44
8 32 62
8 33 48
8 34 25
8 35 10
8 36 27
8 37 40
8 38 58
8 39 47
8 40 51
8 41 56
8 42 33
8 43 20
8 44 52
8 45 36
8 46 11
8 47 44
8 48 11
8 49 53
9 10 61
9 11 41
9 12 29
9 13 80
9 14 9
9 15 25
9 16 69
9 17 25
9 18 74
9 19 39
9 20 32
9 21 9
9 22 35
9 23 69
9 24 53
9 25 40
9 26 29
9 27 84
9 28 63
9 29 43
9 30 23
9 31 61
9 32 44
9 33 15
9 34 64
9 35 43
9 36 61
9 37 79
9 38 57
9 39 29
9 40 90
9 41 86
9 42 59
9 43 32
9 44 93
9 45 79
9 46 48
9 47 9
9 48 36
9 49 44
10 11 90
10 12 89
10 13 43
10 14 53
10 15 69
10 16 7
10 17 40
10 18 47
10 19 71
10 20 89
10 21 70
10 22 29
10 23 88
10 24 10
10 25 90
10 26 83
10 27 105
10 28 85
10 29 48
10 30 47
10 31 35
10 32 20
10 33 48
10 34 92
10 35 59
10 36 58
10 37 75
10 38 11
10 39 32
10 40 81
10 41 61
10 42 47
10 43 76
10 44 87
10 45 87
10 46 61
10 47 52
10 48 72
10 49 18
11 12 27
11 13 90
11 14 48
11 15 22
11 16 98
11 17 51
11 18 80
11 19 24
11 20 16
11 21 42
11 22 71
11 23 44
11 24 85
11 25 2
11 26 13
11 27 53
11 28 38
11 29 50
11 30 44
11 31 73
11 32 79
11 33 54
11 34 33
11 35 39
11 36 58
11 37 68
11 38 82
11 39 62
11 40 78
11 41 86
11 42 63
11 43 14
11 44 78
11 45 59
11 46 42
11 47 48
11 48 21
11 49 73
12 13 101
12 14 37
12 15 29
12 16 97
12 17 51
12 18 93
12 19 42
12 20 11
12 21 24
12 22 64
12 23 69
12 24 82
12 25 25
12 26 17
12 27 80
12 28 63
12 29 61
12 30 45
12 31 83
12 32 73
12 33 43
12 34 59
12 35 54
12 36 74
12 37 89
12 38 84
12 39 57
12 40 100
12 41 102
12 42 76
12 43 30
12 44 101
12 45 83
12 46 58
12 47 38
12 48 38
12 49 72
13 14 75
13 15 73
13 16 43
13 17 55
13 18 12
13 19 66
13 20 96
13 21 90
13 22 62
13 23 66
13 24 51
13 25 91
13 26 89
13 27 81
13 28 67
13 29 41
13 30 58
13 31 19
13 32 57
13 33 72
13 34 76
13 35 51
13 36 35
13 37 42
13 38 35
13 39 57
13 40 44
13 41 20
13 42 27
13 43 77
13 44 50
13 45 58
13 46 49
13 47 73
13 48 70
13 49 46
14 15 29
14 16 61
14 17 20
14 18 70
14 19 42
14 20 40
14 21 16
14 22 26
14 23 71
14 24 45
14 25 47
14 26 37
14 27 87
14 28 65
14 29 41
14 30 19
14 31 56
14 32 35
14 33 6
14 34 67
14 35 42
14 36 59
14 37 78
14 38 50
14 39 21
14 40 88
14 41 82
14 42 55
14 43 38
14 44 92
14 45 80
14 46 48
14 47 1
14 48 40
14 49 36
15 16 76
15 17 30
15 18 64
15 19 15
15 20 23
15 21 30
15 22 50
15 23 45
15 24 64
15 25 21
15 26 16
15 27 59
15 28 39
15 29 32
15 30 23
15 31 55
15 32 57
15 33 34
15 34 39
15 35 25
15 36 45
15 37 60
15 38 61
15 39 41
15 40 71
15 41 73
15 42 47
15 43 8
15 44 73
15 45 57
15 46 29
15 47 29
15 48 12
15 49 52
16 17 47
16 18 49
16 19 78
16 20 96
16 21 77
16 22 36
16 23 93
16 24 17
16 25 97
16 26 91
16 27 110
16 28 90
16 29 53
16 30 54
16 31 38
16 32 27
16 33 55
16 34 98
16 35 65
16 36 62
16 37 78
16 38 16
16 39 39
16 40 84
16 41 62
16 42 51
16 43 83
16 44 90
16 45 91
16 46 67
16 47 60
16 48 79
16 49 25
17 18 50
17 19 35
17 20 49
17 21 35
17 22 22
17 23 60
17 24 34
17 25 51
17 26 44
17 27 77
17 28 56
17 29 23
17 30 7
17 31 36
17 32 28
17 33 18
17 34 60
17 35 29
17 36 41
17 37 61
17 38 33
17 39 12
17 40 71
17 41 63
17 42 36
17 43 38
17 44 75
17 45 66
17 46 34
17 47 18
17 48 35
17 49 22
18 19 56
18 20 87
18 21 83
18 22 61
18 23 55
18 24 53
18 25 81
18 26 80
18 27 70
18 28 55
18 29 33
18 30 51
18 31 15
18 32 58
18 33 68
18 34 65
18 35 41
18 36 24
18 37 31
18 38 37
18 39 55
18 40 35
18 41 14
18 42 17
18 43 67
18 44 41
18 45 47
18 46 39
18 47 68
18 48 60
18 49 46
19 20 33
19 21 45
19 22 57
19 23 30
19 24 67
19 25 25
19 26 26
19 27 45
19 28 24
19 29 26
19 30 28
19 31 50
19 32 63
19 33 45
19 34 26
19 35 15
19 36 34
19 37 47
19 38 61
19 39 47
19 40 57
19 41 62
19 42 39
19 43 12
19 44 59
19 45 42
19 46 18
19 47 41
19 48 4
19 49 55
20 21 30
20 22 66
20 23 59
20 24 82
20 25 14
20 26 7
20 27 69
20 28 53
20 29 55
20 30 43
20 31 78
20 32 74
20 33 46
20 34 48
20 35 47
20 36 67
20 37 80
20 38 82
20 39 58
20 40 91
20 41 95
20 42 70
20 43 21
20 44 91
20 45 73
20 46 51
20 47 40
20 48 29
20 49 71
21 22 42
21 23 75
21 24 61
21 25 40
21 26 29
21 27 89
21 28 69
21 29 52
21 30 32
21 31 70
21 32 51
21 33 22
21 34 68
21 35 50
21 36 69
21 37 87
21 38 66
21 39 38
21 40 98
21 41 95
21 42 67
21 43 36
21 44 100
21 45 86
21 46 56
21 47 18
21 48 42
21 49 53
22 23 82
22 24 19
22 25 70
22 26 62
22 27 100
22 28 78
22 29 43
22 30 29
22 31 46
22 32 9
22 33 20
22 34 82
22 35 51
22 36 60
22 37 80
22 38 29
22 39 10
22 40 88
22 41 75
22 42 52
22 43 58
22 44 93
22 45 86
22 46 55
22 47 26
22 48 57
22 49 16
23 24 87
23 25 46
23 26 52
23 27 18
23 28 6
23 29 41
23 30 55
23 31 57
23 32 85
23 33 74
23 34 13
23 35 31
23 36 32
23 37 30
23 38 77
23 39 72
23 40 38
23 41 54
23 42 43
23 43 40
23 44 36
23 45 16
23 46 27
23 47 70
23 48 33
23 49 75
24 25 85
24 26 77
24 27 105
24 28 84
24 29 47
24 30 41
24 31 39
24 32 10
24 33 39
24 34 90
24 35 57
24 36 59
24 37 78
24 38 16
24 39 24
24 40 85
24 41 67
24 42 49
24 43 71
24 44 91
24 45 88
24 46 60
24 47 44
24 48 69
24 49 13
25 26 11
25 27 55
25 28 40
25 29 50
25 30 44
25 31 74
25 32 78
25 33 52
25 34 35
25 35 40
25 36 59
25 37 70
25 38 82
25 39 61
25 40 80
25 41 87
25 42 64
25 43 14
25 44 80
25 45 61
25 46 43
25 47 47
25 48 21
25 49 73
26 27 64
26 28 47
26 29 48
26 30 37
26 31 71
26 32 69
26 33 43
26 34 43
26 35 39
26 36 59
26 37 73
26 38 76
26 39 53
26 40 84
26 41 88
26 42 63
26 43 14
26 44 84
26 45 67
26 46 43
26 47 37
26 48 22
26 49 66
27 28 22
27 29 58
27 30 72
27 31 73
27 32 103
27 33 90
27 34 21
27 35 49
27 36 49
27 37 41
27 38 94
27 39 89
27 40 45
27 41 66
27 42 60
27 43 53
27 44 41
27 45 24
27 46 45
27 47 86
27 48 48
27 49 93
28 29 37
28 30 50
28 31 55
28 32 81
28 33 68
28 34 10
28 35 27
28 36 32
28 37 33
28 38 74
28 39 67
28 40 42
28 41 56
28 42 42
28 43 34
28 44 41
28 45 21
28 46 24
28 47 64
28 48 27
28 49 71
29 30 21
29 31 24
29 32 45
29 33 41
29 34 44
29 35 12
29 36 18
29 37 38
29 38 37
29 39 33
29 40 48
29 41 43
29 42 16
29 43 36
29 44 52
29 45 43
29 46 14
29 47 39
29 48 29
29 49 34
30 31 39
30 32 35
30 33 20
30 34 54
30 35 24
30 36 39
30 37 59
30 38 39
30 39 19
30 40 69
30 41 63
30 42 36
30 43 30
30 44 73
30 45 62
30 46 29
30 47 18
30 48 28
30 49 29
31 32 43
31 33 53
31 34 64
31 35 35
31 36 25
31 37 40
31 38 24
31 39 40
31 40 46
31 41 29
31 42 14
31 43 59
31 44 52
31 45 53
31 46 34
31 47 54
31 48 53
31 49 31
32 33 30
32 34 87
32 35 54
32 36 60
32 37 79
32 38 23
32 39 17
32 40 88
32 41 72
32 42 51
32 43 65
32 44 93
32 45 88
32 46 58
32 47 35
32 48 63
32 49 12
33 34 71
33 35 44
33 36 59
33 37 79
33 38 45
33 39 16
33 40 89
33 41 81
33 42 54
33 43 42
33 44 92
33 45 81
33 46 49
33 47 6
33 48 44
33 49 31
34 35 33
34 36 41
34 37 42
34 38 82
34 39 72
34 40 51
34 41 65
34 42 51
34 43 32
34 44 49
34 45 29
34 46 31
34 47 66
34 48 27
34 49 78
35 36 20
35 37 37
35 38 49
35 39 41
35 40 48
35 41 48
35 42 24
35 43 26
35 44 50
35 45 37
35 46 5
35 47 41
35 48 19
35 49 45
36 37 20
36 38 46
36 39 50
36 40 30
36 41 29
36 42 11
36 43 46
36 44 34
36 45 29
36 46 16
36 47 57
36 48 38
36 49 48
37 38 64
37 39 70
37 40 11
37 41 25
37 42 29
37 43 59
37 44 14
37 45 17
37 46 32
37 47 77
37 48 51
37 49 67
38 39 29
38 40 70
38 41 51
38 42 36
38 43 68
38 44 76
38 45 75
38 46 51
38 47 48
38 48 63
38 49 14
39 40 80
39 41 68
39 42 43
39 43 49
39 44 84
39 45 77
39 46 45
39 47 20
39 48 47
39 49 15
40 41 25
40 42 37
40 43 70
40 44 6
40 45 22
40 46 42
40 47 87
40 48 61
40 49 75
41 42 27
41 43 75
41 44 31
41 45 42
41 46 45
41 47 81
41 48 66
41 49 60
42 43 50
42 44 42
42 45 40
42 46 22
42 47 54
42 48 42
42 49 39
43 44 71
43 45 53
43 46 30
43 47 37
43 48 9
43 49 59
44 45 20
44 46 45
44 47 90
44 48 62
44 49 81
45 46 32
45 47 78
45 48 46
45 49 77
46 47 46
46 48 22
46 49 48
47 48 39
47 49 35
48 49 56
0 4 76
0 17 36
0 20 85
0 24 11
0 33 45
0 38 7
0 39 29
0 41 58
0 43 72
0 45 82
0 47 49
1 2 22
1 3 93
1 5 68
1 7 23
1 8 29
1 9 72
1 14 73
1 19 34
1 21 79
1 22 82
1 28 13
1 29 39
1 31 52
1 34 21
1 35 31
1 36 27
1 40 29
1 43 45
1 48 38
2 4 72
2 6 35
2 7 45
2 8 21
2 10 62
2 11 52
2 13 42
2 17 42
2 20 62
2 21 67
2 24 63
2 29 18
2 30 38
2 32 63
2 34 34
2 36 7
2 44 34
3 4 85
3 8 78
3 11 99
3 15 78
3 16 6
3 19 80
3 20 97
3 21 76
3 26 92
3 28 94
3 31 43
3 32 25
3 37 83
3 44 95
3 46 70
3 47 59
3 48 81
4 7 92
4 10 79
4 13 98
4 15 33
4 19 48
4 21 9
4 32 61
4 35 56
4 36 75
4 37 93
4 42 75
4 44 106
4 46 61
4 47 27
5 6 64
5 15 19
5 17 35
5 20 18
5 30 30
5 31 68
5 34 56
5 35 42
5 37 79
5 40 89
5 48 30
5 49 56
6 7 14
6 12 68
6 13 76
6 15 47
6 17 66
6 19 33
6 25 44
6 36 41
6 41 63
6 42 52
6 45 23
7 9 86
7 10 107
7 13 82
7 20 70
7 23 19
7 28 24
7 32 105
7 36 50
8 9 43
8 11 31
8 14 45
8 17 35
8 19 7
8 20 40
8 21 50
8 31 44
8 32 62
8 34 25
8 37 40
8 47 44
9 12 29
9 13 80
9 14 9
9 15 25
9 16 69
9 20 32
9 21 9
9 23 69
9 25 40
9 28 63
9 33 15
9 37 79
9 38 57
9 42 59
9 44 93
9 46 48
9 47 9
10 11 90
10 14 53
10 19 71
10 23 88
10 24 10
10 25 90
10 27 105
10 28 85
10 31 35
10 32 20
10 33 48
10 40 81
10 44 87
10 46 61
10 49 18
11 16 98
11 17 51
11 23 44
11 24 85
11 27 53
11 29 50
11 31 73
11 32 79
11 34 33
11 37 68
11 38 82
11 45 59
11 46 42
12 13 101
12 14 37
12 17 51
12 22 64
12 24 82
12 25 25
12 27 80
12 31 83
12 34 59
12 37 89
12 41 102
12 43 30
13 23 66
13 24 51
13 26 89
13 30 58
13 32 57
13 35 51
13 43 77
14 19 42
14 25 47
14 26 37
14 28 65
14 29 41
14 30 19
14 40 88
14 46 48
14 47 1
15 18 64
15 20 23
15 21 30
15 26 16
15 27 59
15 29 32
15 34 39
15 35 25
15 37 60
15 42 47
15 45 57
15 46 29
15 47 29
15 48 12
16 19 78
16 25 97
16 26 91
16 27 110
16 31 38
16 46 67
17 19 35
17 20 49
17 23 60
17 24 34
17 27 77
17 31 36
17 32 28
17 34 60
17 39 12
17 43 38
17 45 66
18 22 61
18 23 55
18 26 80
18 33 68
18 35 41
18 38 37
18 41 14
18 42 17
18 43 67
18 45 47
18 46 39
18 48 60
19 21 45
19 25 25
19 29 26
19 32 63
19 35 15
19 39 47
19 44 59
20 22 66
20 23 59
20 30 43
20 31 78
20 32 74
20 34 48
20 35 47
20 36 67
20 43 21
20 48 29
21 25 40
21 26 29
21 33 22
21 34 68
21 35 50
21 39 38
21 45 86
22 24 19
22 29 43
22 32 9
22 39 10
22 40 88
22 45 86
23 29 41
23 32 85
23 37 30
23 40 38
23 42 43
23 43 40
23 48 33
24 25 85
24 28 84
24 29 47
24 36 59
24 38 16
24 43 71
25 28 40
25 32 78
25 36 59
25 39 61
25 43 14
26 28 47
26 30 37
26 34 43
26 36 59
27 30 72
27 32 103
27 34 21
27 41 66
27 49 93
28 33 68
28 36 32
28 37 33
28 38 74
28 40 42
28 43 34
28 44 41
28 45 21
28 46 24
28 48 27
29 30 21
29 32 45
29 36 18
29 38 37
29 39 33
29 40 48
29 46 14
30 32 35
30 38 39
30 40 69
30 41 63
30 43 30
30 46 29
30 47 18
31 35 35
31 36 25
31 42 14
31 43 59
31 46 34
32 42 51
32 43 65
33 37 79
33 39 16
33 40 89
33 45 81
34 39 72
34 40 51
34 43 32
34 48 27
35 36 20
35 38 49
35 42 24
35 43 26
35 48 19
36 38 46
36 40 30
36 42 11
36 43 46
36 44 34
37 42 29
37 44 14
37 45 17
37 49 67
38 41 51
38 42 36
39 41 68
39 43 49
39 46 45
39 47 20
40 47 87
40 49 75
41 45 42
41 47 81
41 48 66
42 43 50
42 45 40
42 46 22
43 44 71
43 45 53
43 46 30
45 47 78
47 48 39
47 49 35
48 49 56
