10 0.5 0 0 1 45 23 1
0.455162 0.783397 48
0.965609 0.530704 50
0.514889 0.304135 0
0.865545 0.642955 49
0.644416 0.635922 36
0.962113 0.00543035 54
0.446342 0.0971435 22
0.989721 0.498687 51
0.568607 0.162896 15
0.0734268 0.599261 53
0 1 57
0 2 48
0 3 43
0 4 24
0 5 93
0 6 69
0 7 61
0 8 63
0 9 42
1 2 50
1 3 15
1 4 34
1 5 53
1 6 68
1 7 4
1 8 54
1 9 89
2 3 49
2 4 36
2 5 54
2 6 22
2 7 51
2 8 15
2 9 53
3 4 22
3 5 64
3 6 69
3 7 19
3 8 56
3 9 79
4 5 71
4 6 57
4 7 37
4 8 48
4 9 57
5 6 52
5 7 49
5 8 42
5 9 107
6 7 68
6 8 14
6 9 63
7 8 54
7 9 92
8 9 66
0 2 48
0 4 24
0 8 63
1 5 53
1 6 68
1 7 4
1 9 89
2 5 54
2 6 22
2 8 15
2 9 53
3 5 64
3 6 69
3 7 19
3 9 79
4 6 57
4 8 48
4 9 57
5 6 52
5 8 42
6 7 68
6 8 14
7 8 54
