20 0.5 5 1 0.1 190 95 3
0.763763 0.935091 11
0.00189342 0.559385 5
0.0380754 0.572301 5
0.669761 0.154418 6
0.349386 0.908262 9
0.569099 0.146424 5
0.155634 0.976705 9
0.0027217 0.798882 8
0.932601 0.342134 9
0.832416 0.754036 10
0.433291 0.39315 5
0.818287 0.0449101 7
0.103502 0.0322094 0
0.292046 0.968682 10
0.0370388 0.509695 5
0.160305 0.728292 7
0.351069 0.207462 3
0.443006 0.180319 4
0.462432 0.218914 4
0.293949 0.644953 6
0 1 85
0 2 81
0 3 79
0 4 42
0 5 81
0 6 61
0 7 77
0 8 62
0 9 19
0 10 63
0 11 89
0 12 112
0 13 47
0 14 84
0 15 64
0 16 84
0 17 82
0 18 78
0 19 55
1 2 4
1 3 78
1 4 49
1 5 70
1 6 44
1 7 24
1 8 96
1 9 85
1 10 46
1 11 96
1 12 54
1 13 50
1 14 6
1 15 23
1 16 50
1 17 58
1 18 57
1 19 30
2 3 76
2 4 46
2 5 68
2 6 42
2 7 23
2 8 92
2 9 81
2 10 43
2 11 94
2 12 54
2 13 47
2 14 6
2 15 20
2 16 48
2 17 56
2 18 55
2 19 27
3 4 82
3 5 10
3 6 97
3 7 93
3 8 32
3 9 62
3 10 34
3 11 18
3 12 58
3 13 90
3 14 73
3 15 77
3 16 32
3 17 23
3 18 22
3 19 62
4 5 79
4 6 21
4 7 36
4 8 81
4 9 51
4 10 52
4 11 98
4 12 91
4 13 8
4 14 51
4 15 26
4 16 70
4 17 73
4 18 70
4 19 27
5 6 93
5 7 86
5 8 41
5 9 66
5 10 28
5 11 27
5 12 48
5 13 87
5 14 64
5 15 71
5 16 23
5 17 13
5 18 13
5 19 57
6 7 23
6 8 100
6 9 71
6 10 65
6 11 114
6 12 95
6 13 14
6 14 48
6 15 25
6 16 79
6 17 85
6 18 82
6 19 36
7 8 104
7 9 83
7 10 59
7 11 111
7 12 77
7 13 34
7 14 29
7 15 17
7 16 69
7 17 76
7 18 74
7 19 33
8 9 42
8 10 50
8 11 32
8 12 89
8 13 90
8 14 91
8 15 86
8 16 60
8 17 52
8 18 49
8 19 71
9 10 54
9 11 71
9 12 103
9 13 58
9 14 83
9 15 67
9 16 73
9 17 69
9 18 65
9 19 55
10 11 52
10 12 49
10 13 59
10 14 41
10 15 43
10 16 20
10 17 21
10 18 18
10 19 29
11 12 71
11 13 106
11 14 91
11 15 95
11 16 49
11 17 40
11 18 40
11 19 80
12 13 96
12 14 48
12 15 70
12 16 30
12 17 37
12 18 40
12 19 64
13 14 53
13 15 27
13 16 76
13 17 80
13 18 77
13 19 32
14 15 25
14 16 44
14 17 52
14 18 52
14 19 29
15 16 55
15 17 62
15 18 59
15 19 16
16 17 10
16 18 11
16 19 44
17 18 4
17 19 49
18 19 46
0 2 81
0 4 42
0 5 81
0 6 61
0 7 77
0 9 19
0 10 63
0 12 112
0 14 84
0 16 84
0 17 82
0 19 55
1 3 78
1 6 44
1 7 24
1 8 96
1 9 85
1 10 46
1 12 54
1 14 6
1 15 23
1 18 57
1 19 30
2 7 23
2 9 81
2 11 94
2 12 54
2 13 47
2 14 6
3 4 82
3 7 93
3 9 62
3 10 34
3 16 32
3 17 23
3 18 22
3 19 62
4 6 21
4 8 81
4 11 98
4 12 91
4 13 8
4 14 51
4 15 26
4 17 73
5 7 86
5 8 41
5 9 66
5 13 87
5 15 71
5 17 13
5 18 13
5 19 57
6 7 23
6 8 100
6 9 71
6 10 65
6 11 114
6 14 48
6 15 25
6 17 85
7 9 83
7 10 59
7 11 111
7 13 34
7 14 29
7 15 17
7 16 69
7 18 74
8 9 42
8 11 32
8 13 90
8 15 86
8 17 52
8 18 49
9 10 54
9 13 58
9 16 73
10 12 49
10 13 59
10 16 20
10 17 21
10 18 18
11 14 91
11 19 80
12 15 70
12 18 40
12 19 64
13 14 53
13 15 27
13 17 80
15 18 59
16 18 11
17 18 4
18 19 46
