50 0.3 1225 368 2 0 46 0.5
0.925508 0.724463 25
0.258371 0.846275 24
0.520317 0.0746238 18
0.961154 0.616823 24
0.0402987 0.329693 24
0.335341 0.776637 19
0.976017 0.11601 28
0.00534539 0.652724 27
0.23847 0.387028 14
0.0302163 0.368691 24
0.745595 0.635635 15
0.65848 0.207006 14
0.327888 0.841758 22
0.53968 0.992536 28
0.716547 0.5035 11
0.850619 0.589618 19
0.472584 0.88557 22
0.667124 0.914923 25
0.558866 0.930755 25
0.549288 0.972805 27
0.411724 0.274791 10
0.123775 0.246311 22
0.287216 0.0157424 24
0.621097 0.466312 6
0.275772 0.768037 20
0.0239621 0.416254 24
0.545189 0.982087 27
0.729948 0.831393 23
0.484439 0.62586 9
0.812683 0.583493 17
0.626847 0.976711 28
0.256137 0.74061 20
0.82254 0.859004 26
0.557886 0.66764 12
0.0828252 0.246197 23
0.632998 0.747137 17
0.311007 0.0623403 21
0.728717 0.687059 17
0.392221 0.87657 23
0.28685 0.300509 13
0.0899108 0.364349 21
0.604872 0.18309 14
0.147994 0.631252 20
0.271478 0.964985 29
0.298963 0.724998 18
0.538126 0.823754 19
0.509874 0.438818 0
0.34858 0.355038 9
0.31864 0.496492 10
0.213115 0.109513 22
0 1 68
0 2 77
0 3 11
0 4 97
0 5 59
0 6 61
0 7 92
0 8 77
0 9 96
0 10 20
0 11 58
0 12 61
0 13 47
0 14 30
0 15 15
0 16 48
0 17 32
0 18 42
0 19 45
0 20 68
0 21 93
0 22 95
0 23 40
0 24 65
0 25 95
0 26 46
0 27 22
0 28 45
0 29 18
0 30 39
0 31 67
0 32 17
0 33 37
0 34 97
0 35 29
0 36 90
0 37 20
0 38 55
0 39 77
0 40 91
0 41 63
0 42 78
0 43 70
0 44 63
0 45 40
0 46 50
0 47 69
0 48 65
0 49 94
1 2 81
1 3 74
1 4 56
1 5 10
1 6 102
1 7 32
1 8 46
1 9 53
1 10 53
1 11 75
1 12 7
1 13 32
1 14 57
1 15 65
1 16 22
1 17 41
1 18 31
1 19 32
1 20 59
1 21 61
1 22 83
1 23 53
1 24 8
1 25 49
1 26 32
1 27 47
1 28 32
1 29 61
1 30 39
1 31 11
1 32 56
1 33 35
1 34 63
1 35 39
1 36 79
1 37 50
1 38 14
1 39 55
1 40 51
1 41 75
1 42 24
1 43 12
1 44 13
1 45 28
1 46 48
1 47 50
1 48 35
1 49 74
2 3 70
2 4 54
2 5 73
2 6 46
2 7 77
2 8 42
2 9 57
2 10 60
2 11 19
2 12 79
2 13 92
2 14 47
2 15 61
2 16 81
2 17 85
2 18 86
2 19 90
2 20 23
2 21 43
2 22 24
2 23 40
2 24 74
2 25 60
2 26 91
2 27 79
2 28 55
2 29 59
2 30 91
2 31 72
2 32 84
2 33 59
2 34 47
2 35 68
2 36 21
2 37 65
2 38 81
2 39 32
2 40 52
2 41 14
2 42 67
2 43 92
2 44 69
2 45 75
2 46 36
2 47 33
2 48 47
2 49 31
3 4 96
3 5 65
3 6 50
3 7 96
3 8 76
3 9 96
3 10 22
3 11 51
3 12 67
3 13 56
3 14 27
3 15 11
3 16 56
3 17 42
3 18 51
3 19 54
3 20 65
3 21 92
3 22 90
3 23 37
3 24 70
3 25 96
3 26 55
3 27 32
3 28 48
3 29 15
3 30 49
3 31 72
3 32 28
3 33 41
3 34 95
3 35 35
3 36 85
3 37 24
3 38 63
3 39 74
3 40 91
3 41 56
3 42 81
3 43 77
3 44 67
3 45 47
3 46 49
3 47 67
3 48 65
3 49 90
4 5 54
4 6 96
4 7 32
4 8 21
4 9 4
4 10 77
4 11 63
4 12 59
4 13 83
4 14 70
4 15 85
4 16 70
4 17 86
4 18 79
4 19 82
4 20 38
4 21 12
4 22 40
4 23 60
4 24 50
4 25 9
4 26 82
4 27 85
4 28 53
4 29 81
4 30 87
4 31 46
4 32 94
4 33 62
4 34 9
4 35 72
4 36 38
4 37 78
4 38 65
4 39 25
4 40 6
4 41 58
4 42 32
4 43 68
4 44 47
4 45 70
4 46 48
4 47 31
4 48 32
4 49 28
5 6 92
5 7 35
5 8 40
5 9 51
5 10 43
5 11 65
5 12 7
5 13 30
5 14 47
5 15 55
5 16 18
5 17 36
5 18 27
5 19 29
5 20 51
5 21 57
5 22 76
5 23 42
5 24 6
5 25 48
5 26 29
5 27 40
5 28 21
5 29 51
5 30 35
5 31 9
5 32 49
5 33 25
5 34 59
5 35 30
5 36 71
5 37 40
5 38 11
5 39 48
5 40 48
5 41 65
5 42 24
5 43 20
5 44 6
5 45 21
5 46 38
5 47 42
5 48 28
5 49 68
6 7 111
6 8 79
6 9 98
6 10 57
6 11 33
6 12 97
6 13 98
6 14 47
6 15 49
6 16 92
6 17 86
6 18 92
6 19 96
6 20 59
6 21 86
6 22 70
6 23 50
6 24 96
6 25 100
6 26 97
6 27 76
6 28 71
6 29 50
6 30 93
6 31 95
6 32 76
6 33 69
6 34 90
6 35 72
6 36 67
6 37 62
6 38 96
6 39 71
6 40 92
6 41 38
6 42 98
6 43 110
6 44 91
6 45 83
6 46 57
6 47 67
6 48 76
6 49 76
7 8 35
7 9 29
7 10 74
7 11 79
7 12 37
7 13 63
7 14 73
7 15 85
7 16 52
7 17 71
7 18 62
7 19 63
7 20 55
7 21 42
7 22 70
7 23 64
7 24 29
7 25 24
7 26 63
7 27 75
7 28 48
7 29 81
7 30 70
7 31 27
7 32 84
7 33 55
7 34 41
7 35 63
7 36 66
7 37 72
7 38 45
7 39 45
7 40 30
7 41 76
7 42 14
7 43 41
7 44 30
7 45 56
7 46 55
7 47 45
7 48 35
7 49 58
8 9 21
8 10 56
8 11 46
8 12 46
8 13 68
8 14 49
8 15 64
8 16 55
8 17 68
8 18 63
8 19 66
8 20 21
8 21 18
8 22 37
8 23 39
8 24 38
8 25 22
8 26 67
8 27 66
8 28 34
8 29 61
8 30 71
8 31 35
8 32 75
8 33 43
8 34 21
8 35 53
8 36 33
8 37 57
8 38 51
8 39 10
8 40 15
8 41 42
8 42 26
8 43 58
8 44 34
8 45 53
8 46 28
8 47 11
8 48 14
8 49 28
9 10 76
9 11 65
9 12 56
9 13 81
9 14 70
9 15 85
9 16 68
9 17 84
9 18 77
9 19 80
9 20 39
9 21 15
9 22 44
9 23 60
9 24 47
9 25 5
9 26 80
9 27 84
9 28 52
9 29 81
9 30 85
9 31 44
9 32 93
9 33 61
9 34 13
9 35 71
9 36 42
9 37 77
9 38 62
9 39 27
9 40 6
9 41 60
9 42 29
9 43 64
9 44 45
9 45 68
9 46 48
9 47 32
9 48 32
9 49 32
10 11 44
10 12 47
10 13 41
10 14 14
10 15 11
10 16 37
10 17 29
10 18 35
10 19 39
10 20 49
10 21 73
10 22 77
10 23 21
10 24 49
10 25 75
10 26 40
10 27 20
10 28 26
10 29 8
10 30 36
10 31 50
10 32 24
10 33 19
10 34 77
10 35 16
10 36 72
10 37 5
10 38 43
10 39 57
10 40 71
10 41 47
10 42 60
10 43 58
10 44 46
10 45 28
10 46 31
10 47 49
10 48 45
10 49 75
11 12 72
11 13 79
11 14 30
11 15 43
11 16 70
11 17 71
11 18 73
11 19 77
11 20 26
11 21 54
11 22 42
11 23 26
11 24 68
11 25 67
11 26 78
11 27 63
11 28 45
11 29 41
11 30 77
11 31 67
11 32 67
11 33 47
11 34 58
11 35 54
11 36 38
11 37 49
11 38 72
11 39 38
11 40 59
11 41 6
11 42 66
11 43 85
11 44 63
11 45 63
11 46 28
11 47 34
11 48 45
11 49 46
12 13 26
12 14 52
12 15 58
12 16 15
12 17 35
12 18 25
12 19 26
12 20 57
12 21 63
12 22 83
12 23 48
12 24 9
12 25 52
12 26 26
12 27 40
12 28 27
12 29 55
12 30 33
12 31 12
12 32 49
12 33 29
12 34 64
12 35 32
12 36 78
12 37 43
12 38 7
12 39 54
12 40 53
12 41 71
12 42 28
12 43 14
12 44 12
12 45 21
12 46 44
12 47 49
12 48 35
12 49 74
13 14 52
13 15 51
13 16 13
13 17 15
13 18 6
13 19 2
13 20 73
13 21 85
13 22 101
13 23 53
13 24 35
13 25 77
13 26 1
13 27 25
13 28 37
13 29 49
13 30 9
13 31 38
13 32 31
13 33 33
13 34 88
13 35 26
13 36 96
13 37 36
13 38 19
13 39 74
13 40 77
13 41 81
13 42 53
13 43 27
13 44 36
13 45 17
13 46 55
13 47 67
13 48 54
13 49 94
14 15 16
14 16 45
14 17 41
14 18 46
14 19 50
14 20 38
14 21 65
14 22 65
14 23 10
14 24 51
14 25 70
14 26 51
14 27 33
14 28 26
14 29 13
14 30 48
14 31 52
14 32 37
14 33 23
14 34 68
14 35 26
14 36 60
14 37 18
14 38 49
14 39 48
14 40 64
14 41 34
14 42 58
14 43 64
14 44 47
14 45 37
14 46 22
14 47 40
14 48 40
14 49 64
15 16 48
15 17 37
15 18 45
15 19 49
15 20 54
15 21 80
15 22 80
15 23 26
15 24 60
15 25 84
15 26 50
15 27 27
15 28 37
15 29 4
15 30 45
15 31 61
15 32 27
15 33 30
15 34 84
15 35 27
15 36 75
15 37 16
15 38 54
15 39 63
15 40 79
15 41 48
15 42 70
15 43 69
15 44 57
15 45 39
15 46 37
15 47 55
15 48 54
15 49 80
16 17 20
16 18 10
16 19 12
16 20 61
16 21 73
16 22 89
16 23 44
16 24 23
16 25 65
16 26 12
16 27 26
16 28 26
16 29 45
16 30 18
16 31 26
16 32 35
16 33 23
16 34 75
16 35 21
16 36 84
16 37 32
16 38 8
16 39 61
16 40 65
16 41 71
16 42 41
16 43 22
16 44 24
16 45 9
16 46 45
16 47 54
16 48 42
16 49 82
17 18 11
17 19 13
17 20 69
17 21 86
17 22 98
17 23 45
17 24 42
17 25 81
17 26 14
17 27 10
17 28 34
17 29 36
17 30 7
17 31 45
17 32 17
17 33 27
17 34 89
17 35 17
17 36 92
17 37 24
17 38 28
17 39 72
17 40 80
17 41 73
17 42 59
17 43 40
17 44 41
17 45 16
17 46 50
17 47 64
17 48 54
17 49 92
18 19 4
18 20 67
18 21 81
18 22 95
18 23 47
18 24 33
18 25 74
18 26 5
18 27 20
18 28 31
18 29 43
18 30 8
18 31 36
18 32 27
18 33 26
18 34 83
18 35 20
18 36 90
18 37 30
18 38 18
18 39 69
18 40 74
18 41 75
18 42 51
18 43 29
18 44 33
18 45 11
18 46 49
18 47 61
18 48 50
18 49 89
19 20 71
19 21 84
19 22 99
19 23 51
19 24 34
19 25 77
19 26 1
19 27 23
19 28 35
19 29 47
19 30 8
19 31 37
19 32 30
19 33 31
19 34 86
19 35 24
19 36 94
19 37 34
19 38 18
19 39 72
19 40 76
19 41 79
19 42 53
19 43 28
19 44 35
19 45 15
19 46 54
19 47 65
19 48 53
19 49 93
20 21 29
20 22 29
20 23 28
20 24 51
20 25 41
20 26 72
20 27 64
20 28 36
20 29 51
20 30 73
20 31 49
20 32 71
20 33 42
20 34 33
20 35 52
20 36 24
20 37 52
20 38 60
20 39 13
20 40 33
20 41 21
20 42 44
20 43 70
20 44 46
20 45 56
20 46 19
20 47 10
20 48 24
20 49 26
21 22 28
21 23 54
21 24 54
21 25 20
21 26 85
21 27 84
21 28 52
21 29 77
21 30 89
21 31 51
21 32 93
21 33 60
21 34 4
21 35 71
21 36 26
21 37 75
21 38 69
21 39 17
21 40 12
21 41 49
21 42 39
21 43 73
21 44 51
21 45 71
21 46 43
21 47 25
21 48 32
21 49 16
22 23 56
22 24 75
22 25 48
22 26 100
22 27 93
22 28 64
22 29 77
22 30 102
22 31 73
22 32 100
22 33 71
22 34 31
22 35 81
22 36 5
22 37 80
22 38 87
22 39 28
22 40 40
22 41 36
22 42 63
22 43 95
22 44 71
22 45 85
22 46 48
22 47 34
22 48 48
22 49 12
23 24 46
23 25 60
23 26 52
23 27 38
23 28 21
23 29 22
23 30 51
23 31 46
23 32 44
23 33 21
23 34 58
23 35 28
23 36 51
23 37 25
23 38 47
23 39 37
23 40 54
23 41 28
23 42 50
23 43 61
23 44 41
23 45 37
23 46 11
23 47 29
23 48 30
23 49 54
24 25 43
24 26 34
24 27 46
24 28 25
24 29 57
24 30 41
24 31 3
24 32 55
24 33 30
24 34 56
24 35 36
24 36 71
24 37 46
24 38 16
24 39 47
24 40 44
24 41 67
24 42 19
24 43 20
24 44 5
24 45 27
24 46 40
24 47 42
24 48 27
24 49 66
25 26 77
25 27 82
25 28 51
25 29 81
25 30 82
25 31 40
25 32 91
25 33 59
25 34 18
25 35 69
25 36 46
25 37 75
25 38 59
25 39 29
25 40 8
25 41 63
25 42 25
25 43 60
25 44 41
25 45 66
25 46 49
25 47 33
25 48 31
25 49 36
26 27 24
26 28 36
26 29 48
26 30 8
26 31 38
26 32 30
26 33 31
26 34 87
26 35 25
26 36 95
26 37 35
26 38 19
26 39 73
26 40 77
26 41 80
26 42 53
26 43 27
26 44 36
26 45 16
26 46 54
26 47 66
26 48 54
26 49 93
27 28 32
27 29 26
27 30 18
27 31 48
27 32 10
27 33 24
27 34 87
27 35 13
27 36 88
27 37 14
27 38 34
27 39 69
27 40 79
27 41 66
27 42 62
27 43 48
27 44 44
27 45 19
27 46 45
27 47 61
27 48 53
27 49 89
28 29 33
28 30 38
28 31 26
28 32 41
28 33 8
28 34 55
28 35 19
28 36 59
28 37 25
28 38 27
28 39 38
28 40 47
28 41 46
28 42 34
28 43 40
28 44 21
28 45 21
28 46 19
28 47 30
28 48 21
28 49 58
29 30 43
29 31 58
29 32 28
29 33 27
29 34 80
29 35 24
29 36 72
29 37 13
29 38 51
29 39 60
29 40 76
29 41 45
29 42 67
29 43 66
29 44 53
29 45 36
29 46 34
29 47 52
29 48 50
29 49 76
30 31 44
30 32 23
30 33 32
30 34 91
30 35 23
30 36 97
30 37 31
30 38 26
30 39 76
30 40 81
30 41 79
30 42 59
30 43 36
30 44 41
30 45 18
30 46 55
30 47 68
30 48 57
30 49 96
31 32 58
31 33 31
31 34 52
31 35 38
31 36 68
31 37 48
31 38 19
31 39 44
31 40 41
31 41 66
31 42 15
31 43 22
31 44 5
31 45 29
31 46 39
31 47 40
31 48 25
31 49 63
32 33 33
32 34 96
32 35 22
32 36 95
32 37 20
32 38 43
32 39 77
32 40 88
32 41 71
32 42 71
32 43 56
32 44 54
32 45 29
32 46 52
32 47 69
32 48 62
32 49 97
33 34 64
33 35 11
33 36 65
33 37 17
33 38 27
33 39 46
33 40 56
33 41 49
33 42 41
33 43 41
33 44 27
33 45 16
33 46 23
33 47 38
33 48 29
33 49 66
34 35 74
34 36 29
34 37 78
34 38 70
34 39 21
34 40 12
34 41 53
34 42 39
34 43 74
34 44 53
34 45 74
34 46 47
34 47 29
34 48 34
34 49 19
35 36 76
35 37 11
35 38 27
35 39 57
35 40 66
35 41 56
35 42 50
35 43 42
35 44 33
35 45 12
35 46 33
35 47 48
35 48 40
35 49 76
36 37 75
36 38 82
36 39 24
36 40 37
36 41 32
36 42 59
36 43 90
36 44 66
36 45 79
36 46 43
36 47 30
36 48 43
36 49 11
37 38 39
37 39 59
37 40 72
37 41 52
37 42 58
37 43 54
37 44 43
37 45 23
37 46 33
37 47 50
37 48 45
37 49 77
38 39 59
38 40 59
38 41 73
38 42 35
38 43 15
38 44 18
38 45 16
38 46 45
38 47 52
38 48 39
38 49 79
39 40 21
39 41 34
39 42 36
39 43 66
39 44 42
39 45 58
39 46 26
39 47 8
39 48 20
39 49 20
40 41 55
40 42 27
40 43 63
40 44 42
40 45 64
40 46 43
40 47 26
40 48 26
40 49 28
41 42 64
41 43 85
41 44 62
41 45 64
41 46 27
41 47 31
41 48 42
41 49 40
42 43 36
42 44 18
42 45 44
42 46 41
42 47 34
42 48 22
42 49 53
43 44 24
43 45 30
43 46 58
43 47 61
43 48 47
43 49 86
44 45 26
44 46 36
44 47 37
44 48 23
44 49 62
45 46 39
45 47 51
45 48 39
45 49 78
46 47 18
46 48 20
46 49 44
47 48 14
47 49 28
48 49 40
0 3 11
0 12 61
0 13 47
0 14 30
0 18 42
0 21 93
0 23 40
0 29 18
0 34 97
0 48 65
1 4 56
1 8 46
1 9 53
1 14 57
1 15 65
1 16 22
1 20 59
1 21 61
1 22 83
1 23 53
1 26 32
1 38 14
1 44 13
1 48 35
2 7 77
2 8 42
2 10 60
2 12 79
2 17 85
2 28 55
2 33 59
2 36 21
2 43 92
2 45 75
2 49 31
3 4 96
3 8 76
3 10 22
3 12 67
3 13 56
3 15 11
3 20 65
3 21 92
3 25 96
3 26 55
3 27 32
3 28 48
3 30 49
3 34 95
3 37 24
3 41 56
3 42 81
3 44 67
3 47 67
4 5 54
4 6 96
4 12 59
4 15 85
4 16 70
4 17 86
4 19 82
4 23 60
4 31 46
4 32 94
4 40 6
4 44 47
4 45 70
5 10 43
5 16 18
5 17 36
5 18 27
5 19 29
5 20 51
5 22 76
5 27 40
5 31 9
5 34 59
5 35 30
5 36 71
5 37 40
5 38 11
5 44 6
5 46 38
5 47 42
5 48 28
5 49 68
6 8 79
6 10 57
6 12 97
6 17 86
6 19 96
6 21 86
6 22 70
6 25 100
6 27 76
6 31 95
6 33 69
6 35 72
6 40 92
7 8 35
7 10 74
7 12 37
7 14 73
7 16 52
7 22 70
7 26 63
7 27 75
7 29 81
7 33 55
7 36 66
7 39 45
7 48 35
8 9 21
8 10 56
8 13 68
8 15 64
8 22 37
8 25 22
8 26 67
8 34 21
8 35 53
8 36 33
8 41 42
8 43 58
8 44 34
8 46 28
9 11 65
9 14 70
9 15 85
9 22 44
9 23 60
9 27 84
9 29 81
9 30 85
9 37 77
9 38 62
9 41 60
9 45 68
9 47 32
9 49 32
10 17 29
10 24 49
10 26 40
10 30 36
10 33 19
10 35 16
10 37 5
10 41 47
10 44 46
10 45 28
10 46 31
11 14 30
11 16 70
11 18 73
11 21 54
11 22 42
11 30 77
11 31 67
11 34 58
11 39 38
11 41 6
11 46 28
11 49 46
12 20 57
12 30 33
12 32 49
12 36 78
12 39 54
13 16 13
13 18 6
13 20 73
13 21 85
13 22 101
13 32 31
13 34 88
13 36 96
13 43 27
13 48 54
14 21 65
14 25 70
14 30 48
14 32 37
14 39 48
14 44 47
14 45 37
15 17 37
15 18 45
15 20 54
15 21 80
15 29 4
15 32 27
15 37 16
15 39 63
15 41 48
15 45 39
15 47 55
16 27 26
16 28 26
16 29 45
16 32 35
16 34 75
16 40 65
16 42 41
16 43 22
16 44 24
16 45 9
16 46 45
17 18 11
17 27 10
17 29 36
17 31 45
17 35 17
17 36 92
17 37 24
17 39 72
17 47 64
18 20 67
18 21 81
18 22 95
18 25 74
18 31 36
18 32 27
18 34 83
18 38 18
18 41 75
18 46 49
19 20 71
19 22 99
19 25 77
19 44 35
19 49 93
20 23 28
20 26 72
20 27 64
20 29 51
20 30 73
20 32 71
20 34 33
20 40 33
20 44 46
21 22 28
21 25 20
21 26 85
21 28 52
21 31 51
21 32 93
21 35 71
21 38 69
21 43 73
21 44 51
21 48 32
22 23 56
22 25 48
22 29 77
22 46 48
23 28 21
23 36 51
23 38 47
23 39 37
24 26 34
24 36 71
24 45 27
24 46 40
24 47 42
25 28 51
25 29 81
25 30 82
25 33 59
25 35 69
25 40 8
25 46 49
26 28 36
26 30 8
26 34 87
26 36 95
26 44 36
26 48 54
27 30 18
27 33 24
27 35 13
27 36 88
27 42 62
27 44 44
27 47 61
27 49 89
28 30 38
28 37 25
28 38 27
28 46 19
29 32 28
29 39 60
29 41 45
29 43 66
29 45 36
29 46 34
29 47 52
29 48 50
29 49 76
30 33 32
30 43 36
30 44 41
30 47 68
30 48 57
31 34 52
31 37 48
31 38 19
31 40 41
31 41 66
31 44 5
31 49 63
32 36 95
32 38 43
32 40 88
32 43 56
33 34 64
33 48 29
33 49 66
34 35 74
34 38 70
34 39 21
34 42 39
34 44 53
34 47 29
34 48 34
34 49 19
35 42 50
35 43 42
35 45 12
35 48 40
35 49 76
36 38 82
36 39 24
36 40 37
36 42 59
36 43 90
36 44 66
36 48 43
37 45 23
37 47 50
37 48 45
37 49 77
38 44 18
38 46 45
38 49 79
39 41 34
39 42 36
39 43 66
39 45 58
39 47 8
39 48 20
40 42 27
40 43 63
40 47 26
41 44 62
41 45 64
41 48 42
42 45 44
42 46 41
42 47 34
43 47 61
43 49 86
44 45 26
44 49 62
45 46 39
45 47 51
45 49 78
47 48 14
48 49 40
