100 4950 2475 0 31
0.926253 0.118258 58
0.178297 0.570857 31
0.000310248 0.531944 47
0.314426 0.803549 37
0.567694 0.179497 31
0.995809 0.733177 59
0.975343 0.532793 51
0.0113064 0.376393 47
0.196723 0.660907 33
0.737783 0.81679 44
0.81321 0.860931 52
0.93196 0.628382 49
0.774431 0.892381 52
0.693156 0.956689 54
0.175485 0.711253 38
0.351924 0.341042 17
0.81647 0.175501 46
0.63593 0.341332 21
0.968337 0.353055 51
0.327187 0.729589 30
0.709628 0.857256 46
0.999086 0.00921185 70
0.620048 0.328696 21
0.0932907 0.211499 46
0.83177 0.216902 44
0.114886 0.0941806 52
0.893828 0.601906 45
0.971838 0.900078 66
0.743898 0.689227 35
0.232166 0.486113 24
0.755291 0.790594 43
0.296229 0.861052 43
0.104357 0.393865 37
0.387669 0.217472 26
0.335115 0.522199 14
0.954323 0.81829 60
0.97268 0.190529 58
0.468858 0.46948 0
0.474404 0.0121964 46
0.698355 0.290402 29
0.959765 0.374184 50
0.554317 0.359202 14
0.319684 0.614222 21
0.932224 0.367623 47
0.72133 0.578826 28
0.561258 0.406082 11
0.194789 0.167955 41
0.0144912 0.706193 51
0.532612 0.2124 26
0.630666 0.558243 18
0.906386 0.469202 44
0.146556 0.394023 33
0.493416 0.738081 27
0.882598 0.756787 50
0.1894 0.505453 28
0.161029 0.892722 52
0.129962 0.961829 60
0.376273 0.294098 20
0.475254 0.213436 26
0.628434 0.320702 22
0.575917 0.140583 35
0.122267 0.554236 36
0.424079 0.842896 38
0.902629 0.862491 59
0.71526 0.608052 28
0.723386 0.149795 41
0.0535051 0.659301 46
0.3513 0.827702 38
0.403643 0.793495 33
0.277612 0.786658 37
0.781309 0.715281 40
0.158521 0.826724 47
0.474269 0.419281 5
0.0414397 0.245846 48
0.274587 0.106134 41
0.627162 0.119975 38
0.875809 0.766549 50
0.795518 0.966638 59
0.559724 0.623907 18
0.633589 0.0164373 48
0.834011 0.228323 44
0.107807 0.570458 37
0.989651 0.742726 59
0.641658 0.551122 19
0.94199 0.582856 49
0.772045 0.313812 34
0.79669 0.786038 46
0.880563 0.283126 45
0.998564 0.79778 62
0.109671 0.997949 64
0.858629 0.393705 40
0.886855 0.140335 53
0.388657 0.25043 23
0.892363 0.907212 61
0.932557 0.319483 49
0.666435 0.346579 23
0.0238994 0.926567 64
0.587402 0.597643 17
0.113734 0.846149 52
0.973122 0.0869463 63
0 1 87
0 2 101
0 3 92
0 4 36
0 5 62
0 6 42
0 7 95
0 8 91
0 9 72
0 10 75
0 11 51
0 12 79
0 13 87
0 14 96
0 15 62
0 16 12
0 17 37
0 18 24
0 19 86
0 20 77
0 21 13
0 22 37
0 23 84
0 24 14
0 25 81
0 26 48
0 27 78
0 28 60
0 29 79
0 30 69
0 31 97
0 32 87
0 33 55
0 34 72
0 35 70
0 36 9
0 37 58
0 38 46
0 39 29
0 40 26
0 41 44
0 42 78
0 43 25
0 44 50
0 45 46
0 46 73
0 47 108
0 48 40
0 49 53
0 50 35
0 51 83
0 52 76
0 53 64
0 54 83
0 55 109
0 56 116
0 57 58
0 58 46
0 59 36
0 60 35
0 61 91
0 62 88
0 63 74
0 64 53
0 65 21
0 66 103
0 67 91
0 68 85
0 69 93
0 70 61
0 71 104
0 72 54
0 73 89
0 74 65
0 75 30
0 76 65
0 77 86
0 78 62
0 79 31
0 80 14
0 81 94
0 82 63
0 83 52
0 84 46
0 85 25
0 86 68
0 87 17
0 88 68
0 89 120
0 90 28
0 91 5
0 92 55
0 93 79
0 94 20
0 95 35
0 96 121
0 97 59
0 98 109
0 99 6
1 2 18
1 3 27
1 4 55
1 5 83
1 6 80
1 7 26
1 8 9
1 9 61
1 10 70
1 11 76
1 12 68
1 13 64
1 14 14
1 15 29
1 16 75
1 17 51
1 18 82
1 19 22
1 20 60
1 21 99
1 22 50
1 23 37
1 24 74
1 25 48
1 26 72
1 27 86
1 28 58
1 29 10
1 30 62
1 31 31
1 32 19
1 33 41
1 34 16
1 35 81
1 36 88
1 37 31
1 38 63
1 39 59
1 40 81
1 41 43
1 42 15
1 43 78
1 44 54
1 45 42
1 46 40
1 47 21
1 48 50
1 49 45
1 50 74
1 51 18
1 52 36
1 53 73
1 54 7
1 55 32
1 56 39
1 57 34
1 58 46
1 59 51
1 60 59
1 61 6
1 62 37
1 63 78
1 64 54
1 65 69
1 66 15
1 67 31
1 68 32
1 69 24
1 70 62
1 71 26
1 72 33
1 73 35
1 74 47
1 75 64
1 76 72
1 77 73
1 78 39
1 79 72
1 80 74
1 81 7
1 82 83
1 83 46
1 84 76
1 85 65
1 86 65
1 87 76
1 88 85
1 89 43
1 90 70
1 91 83
1 92 38
1 93 79
1 94 80
1 95 54
1 96 39
1 97 41
1 98 28
1 99 93
2 3 42
2 4 67
2 5 102
2 6 98
2 7 16
2 8 23
2 9 79
2 10 88
2 11 94
2 12 85
2 13 81
2 14 25
2 15 40
2 16 89
2 17 66
2 18 98
2 19 38
2 20 78
2 21 113
2 22 65
2 23 33
2 24 89
2 25 45
2 26 90
2 27 104
2 28 76
2 29 24
2 30 80
2 31 44
2 32 17
2 33 50
2 34 33
2 35 100
2 36 103
2 37 47
2 38 70
2 39 74
2 40 97
2 41 58
2 42 33
2 43 95
2 44 72
2 45 57
2 46 41
2 47 17
2 48 62
2 49 63
2 50 91
2 51 20
2 52 53
2 53 91
2 54 19
2 55 39
2 56 45
2 57 44
2 58 57
2 59 66
2 60 70
2 61 12
2 62 53
2 63 96
2 64 72
2 65 82
2 66 14
2 67 46
2 68 48
2 69 38
2 70 80
2 71 33
2 72 49
2 73 29
2 74 51
2 75 75
2 76 91
2 77 91
2 78 57
2 79 82
2 80 89
2 81 11
2 82 101
2 83 64
2 84 94
2 85 80
2 86 84
2 87 91
2 88 103
2 89 48
2 90 87
2 91 97
2 92 48
2 93 97
2 94 96
2 95 69
2 96 40
2 97 59
2 98 33
2 99 107
3 4 67
3 5 69
3 6 71
3 7 52
3 8 18
3 9 42
3 10 50
3 11 64
3 12 47
3 13 41
3 14 17
3 15 46
3 16 80
3 17 56
3 18 79
3 19 8
3 20 40
3 21 105
3 22 56
3 23 63
3 24 78
3 25 74
3 26 61
3 27 66
3 28 44
3 29 33
3 30 44
3 31 6
3 32 46
3 33 59
3 34 28
3 35 64
3 36 90
3 37 37
3 38 81
3 39 64
3 40 78
3 41 50
3 42 19
3 43 76
3 44 46
3 45 47
3 46 65
3 47 32
3 48 63
3 49 40
3 50 68
3 51 44
3 52 19
3 53 57
3 54 32
3 55 18
3 56 24
3 57 51
3 58 61
3 59 58
3 60 71
3 61 31
3 62 12
3 63 59
3 64 45
3 65 77
3 66 30
3 67 4
3 68 9
3 69 4
3 70 48
3 71 16
3 72 42
3 73 62
3 74 70
3 75 75
3 76 56
3 77 51
3 78 30
3 79 85
3 80 78
3 81 31
3 82 68
3 83 41
3 84 67
3 85 67
3 86 48
3 87 77
3 88 68
3 89 28
3 90 68
3 91 88
3 92 56
3 93 59
3 94 79
3 95 58
3 96 32
3 97 34
3 98 21
3 99 97
4 5 70
4 6 54
4 7 59
4 8 61
4 9 66
4 10 72
4 11 58
4 12 74
4 13 79
4 14 66
4 15 27
4 16 25
4 17 18
4 18 44
4 19 60
4 20 69
4 21 46
4 22 16
4 23 48
4 24 27
4 25 46
4 26 53
4 27 83
4 28 54
4 29 45
4 30 64
4 31 73
4 32 51
4 33 18
4 34 41
4 35 75
4 36 41
4 37 31
4 38 19
4 39 17
4 40 44
4 41 18
4 42 50
4 43 41
4 44 43
4 45 23
4 46 37
4 47 76
4 48 5
4 49 38
4 50 45
4 51 47
4 52 56
4 53 66
4 54 50
4 55 82
4 56 90
4 57 22
4 58 10
4 59 15
4 60 4
4 61 58
4 62 68
4 63 76
4 64 45
4 65 16
4 66 70
4 67 68
4 68 64
4 69 67
4 70 58
4 71 77
4 72 26
4 73 53
4 74 30
4 75 8
4 76 66
4 77 82
4 78 44
4 79 18
4 80 27
4 81 60
4 82 70
4 83 38
4 84 55
4 85 24
4 86 65
4 87 33
4 88 75
4 89 94
4 90 36
4 91 32
4 92 19
4 93 80
4 94 39
4 95 19
4 96 92
4 97 42
4 98 81
4 99 42
5 6 20
5 7 105
5 8 80
5 9 27
5 10 22
5 11 12
5 12 27
5 13 38
5 14 82
5 15 75
5 16 59
5 17 53
5 18 38
5 19 67
5 20 31
5 21 72
5 22 55
5 23 104
5 24 54
5 25 109
5 26 17
5 27 17
5 28 26
5 29 80
5 30 25
5 31 71
5 32 95
5 33 80
5 34 69
5 35 9
5 36 54
5 37 59
5 38 89
5 39 53
5 40 36
5 41 58
5 42 69
5 43 37
5 44 31
5 45 54
5 46 98
5 47 98
5 48 70
5 49 40
5 50 28
5 51 91
5 52 50
5 53 12
5 54 84
5 55 85
5 56 90
5 57 76
5 58 74
5 59 55
5 60 73
5 61 89
5 62 58
5 63 16
5 64 31
5 65 64
5 66 95
5 67 65
5 68 60
5 69 72
5 70 22
5 71 84
5 72 61
5 73 107
5 74 96
5 75 72
5 76 12
5 77 31
5 78 45
5 79 80
5 80 53
5 81 90
5 82 1
5 83 40
5 84 16
5 85 48
5 86 21
5 87 46
5 88 6
5 89 92
5 90 37
5 91 60
5 92 78
5 93 20
5 94 42
5 95 51
5 96 99
5 97 43
5 98 89
5 99 65
6 7 98
6 8 79
6 9 37
6 10 37
6 11 10
6 12 41
6 13 51
6 14 82
6 15 65
6 16 39
6 17 39
6 18 18
6 19 68
6 20 42
6 21 52
6 22 41
6 23 94
6 24 35
6 25 97
6 26 11
6 27 37
6 28 28
6 29 74
6 30 34
6 31 75
6 32 88
6 33 67
6 34 64
6 35 29
6 36 34
6 37 51
6 38 72
6 39 37
6 40 16
6 41 46
6 42 66
6 43 17
6 44 26
6 45 43
6 46 86
6 47 98
6 48 55
6 49 35
6 50 9
6 51 84
6 52 52
6 53 24
6 54 79
6 55 89
6 56 95
6 57 64
6 58 59
6 59 41
6 60 56
6 61 85
6 62 63
6 63 34
6 64 27
6 65 46
6 66 93
6 67 69
6 68 63
6 69 74
6 70 27
6 71 87
6 72 51
6 73 98
6 74 82
6 75 54
6 76 25
6 77 47
6 78 43
6 79 62
6 80 34
6 81 87
6 82 21
6 83 33
6 84 6
6 85 30
6 86 31
6 87 27
6 88 27
6 89 98
6 90 18
6 91 40
6 92 65
6 93 38
6 94 22
6 95 36
6 96 103
6 97 39
6 98 92
6 99 45
7 8 34
7 9 85
7 10 94
7 11 95
7 12 92
7 13 90
7 14 37
7 15 34
7 16 83
7 17 63
7 18 96
7 19 47
7 20 85
7 21 105
7 22 61
7 23 18
7 24 84
7 25 30
7 26 91
7 27 109
7 28 80
7 29 25
7 30 85
7 31 56
7 32 9
7 33 41
7 34 36
7 35 104
7 36 98
7 37 47
7 38 59
7 39 69
7 40 95
7 41 54
7 42 39
7 43 92
7 44 74
7 45 55
7 46 28
7 47 33
7 48 55
7 49 65
7 50 90
7 51 14
7 52 60
7 53 95
7 54 22
7 55 54
7 56 60
7 57 37
7 58 49
7 59 62
7 60 61
7 61 21
7 62 62
7 63 102
7 64 74
7 65 75
7 66 29
7 67 57
7 68 57
7 69 49
7 70 84
7 71 47
7 72 46
7 73 13
7 74 38
7 75 67
7 76 95
7 77 98
7 78 60
7 79 72
7 80 84
7 81 22
7 82 104
7 83 65
7 84 95
7 85 76
7 86 89
7 87 87
7 88 107
7 89 63
7 90 85
7 91 91
7 92 40
7 93 103
7 94 92
7 95 66
7 96 55
7 97 62
7 98 48
7 99 100
8 9 56
8 10 65
8 11 74
8 12 62
8 13 58
8 14 5
8 15 36
8 16 79
8 17 54
8 18 83
8 19 15
8 20 55
8 21 103
8 22 54
8 23 46
8 24 77
8 25 57
8 26 70
8 27 81
8 28 55
8 29 18
8 30 57
8 31 22
8 32 28
8 33 48
8 34 20
8 35 77
8 36 91
8 37 33
8 38 71
8 39 62
8 40 82
8 41 47
8 42 13
8 43 79
8 44 53
8 45 44
8 46 49
8 47 19
8 48 56
8 49 45
8 50 74
8 51 27
8 52 31
8 53 69
8 54 16
8 55 23
8 56 31
8 57 41
8 58 53
8 59 55
8 60 64
8 61 13
8 62 29
8 63 73
8 64 52
8 65 73
8 66 14
8 67 23
8 68 25
8 69 15
8 70 59
8 71 17
8 72 37
8 73 44
8 74 56
8 75 69
8 76 69
8 77 67
8 78 36
8 79 78
8 80 77
8 81 13
8 82 80
8 83 46
8 84 75
8 85 67
8 86 61
8 87 78
8 88 81
8 89 35
8 90 71
8 91 86
8 92 45
8 93 74
8 94 81
8 95 57
8 96 32
8 97 40
8 98 20
8 99 97
9 10 9
9 11 27
9 12 8
9 13 15
9 14 57
9 15 61
9 16 65
9 17 49
9 18 52
9 19 42
9 20 5
9 21 85
9 22 50
9 23 88
9 24 61
9 25 95
9 26 27
9 27 25
9 28 13
9 29 60
9 30 3
9 31 44
9 32 76
9 33 69
9 34 50
9 35 22
9 36 67
9 37 44
9 38 85
9 39 53
9 40 50
9 41 49
9 42 46
9 43 49
9 44 24
9 45 45
9 46 85
9 47 73
9 48 64
9 49 28
9 50 39
9 51 73
9 52 26
9 53 16
9 54 63
9 55 58
9 56 62
9 57 64
9 58 66
9 59 51
9 60 70
9 61 67
9 62 31
9 63 17
9 64 21
9 65 67
9 66 70
9 67 39
9 68 33
9 69 46
9 70 11
9 71 58
9 72 48
9 73 90
9 74 85
9 75 71
9 76 15
9 77 16
9 78 26
9 79 81
9 80 60
9 81 68
9 82 26
9 83 28
9 84 31
9 85 50
9 86 7
9 87 55
9 88 26
9 89 65
9 90 44
9 91 69
9 92 67
9 93 18
9 94 53
9 95 48
9 96 72
9 97 27
9 98 62
9 99 77
10 11 26
10 12 5
10 13 15
10 14 66
10 15 70
10 16 69
10 17 55
10 18 53
10 19 50
10 20 10
10 21 87
10 22 57
10 23 97
10 24 64
10 25 104
10 26 27
10 27 16
10 28 19
10 29 69
10 30 9
10 31 52
10 32 85
10 33 77
10 34 59
10 35 15
10 36 69
10 37 52
10 38 91
10 39 58
10 40 51
10 41 56
10 42 55
10 43 51
10 44 30
10 45 52
10 46 93
10 47 81
10 48 71
10 49 35
10 50 40
10 51 81
10 52 34
10 53 13
10 54 72
10 55 65
10 56 69
10 57 72
10 58 73
10 59 57
10 60 76
10 61 76
10 62 39
10 63 9
10 64 27
10 65 72
10 66 79
10 67 46
10 68 42
10 69 54
10 70 15
10 71 66
10 72 56
10 73 99
10 74 93
10 75 76
10 76 11
10 77 11
10 78 35
10 79 86
10 80 63
10 81 76
10 82 21
10 83 35
10 84 31
10 85 55
10 86 8
10 87 58
10 88 20
10 89 72
10 90 47
10 91 72
10 92 74
10 93 9
10 94 55
10 95 53
10 96 79
10 97 35
10 98 70
10 99 79
11 12 31
11 13 41
11 14 76
11 15 65
11 16 47
11 17 41
11 18 28
11 19 61
11 20 32
11 21 62
11 22 43
11 23 94
11 24 42
11 25 98
11 26 5
11 27 27
11 28 20
11 29 71
11 30 24
11 31 68
11 32 86
11 33 68
11 34 61
11 35 19
11 36 44
11 37 49
11 38 77
11 39 41
11 40 26
11 41 46
11 42 61
11 43 26
11 44 22
11 45 43
11 46 87
11 47 92
11 48 58
11 49 31
11 50 16
11 51 82
11 52 45
11 53 14
11 54 75
11 55 81
11 56 87
11 57 65
11 58 62
11 59 43
11 60 60
11 61 81
11 62 55
11 63 24
11 64 22
11 65 52
11 66 88
11 67 61
11 68 55
11 69 67
11 70 17
11 71 80
11 72 50
11 73 97
11 74 84
11 75 59
11 76 15
11 77 36
11 78 37
11 79 68
11 80 41
11 81 83
11 82 13
11 83 30
11 84 5
11 85 35
11 86 21
11 87 35
11 88 18
11 89 90
11 90 25
11 91 49
11 92 66
11 93 28
11 94 31
11 95 39
11 96 96
11 97 35
11 98 85
11 99 54
12 13 10
12 14 63
12 15 69
12 16 72
12 17 57
12 18 57
12 19 48
12 20 7
12 21 91
12 22 58
12 23 96
12 24 68
12 25 104
12 26 31
12 27 20
12 28 21
12 29 68
12 30 10
12 31 48
12 32 84
12 33 78
12 34 57
12 35 19
12 36 73
12 37 52
12 38 93
12 39 61
12 40 55
12 41 58
12 42 53
12 43 55
12 44 32
12 45 53
12 46 93
12 47 78
12 48 72
12 49 36
12 50 44
12 51 80
12 52 32
12 53 17
12 54 70
12 55 61
12 56 65
12 57 72
12 58 74
12 59 59
12 60 78
12 61 73
12 62 35
12 63 13
12 64 29
12 65 74
12 66 76
12 67 43
12 68 38
12 69 51
12 70 18
12 71 62
12 72 56
12 73 98
12 74 93
12 75 79
12 76 16
12 77 8
12 78 34
12 79 89
12 80 67
12 81 74
12 82 26
12 83 37
12 84 35
12 85 58
12 86 11
12 87 62
12 88 24
12 89 67
12 90 51
12 91 76
12 92 75
12 93 12
12 94 59
12 95 56
12 96 75
12 97 35
12 98 66
12 99 83
13 14 57
13 15 70
13 16 79
13 17 62
13 18 66
13 19 43
13 20 10
13 21 100
13 22 63
13 23 96
13 24 75
13 25 104
13 26 41
13 27 28
13 28 27
13 29 66
13 30 18
13 31 41
13 32 81
13 33 80
13 34 56
13 35 30
13 36 82
13 37 54
13 38 97
13 39 67
13 40 64
13 41 61
13 42 51
13 43 64
13 44 38
13 45 57
13 46 93
13 47 72
13 48 76
13 49 40
13 50 53
13 51 78
13 52 30
13 53 28
13 54 68
13 55 54
13 56 56
13 57 73
13 58 77
13 59 64
13 60 82
13 61 70
13 62 29
13 63 23
13 64 35
13 65 81
13 66 71
13 67 37
13 68 33
13 69 45
13 70 26
13 71 55
13 72 58
13 73 96
13 74 95
13 75 84
13 76 26
13 77 10
13 78 36
13 79 94
13 80 74
13 81 70
13 82 37
13 83 41
13 84 45
13 85 65
13 86 20
13 87 70
13 88 34
13 89 58
13 90 59
13 91 84
13 92 77
13 93 21
13 94 68
13 95 61
13 96 67
13 97 37
13 98 59
13 99 91
14 15 41
14 16 84
14 17 59
14 18 87
14 19 15
14 20 55
14 21 108
14 22 59
14 23 51
14 24 82
14 25 62
14 26 73
14 27 82
14 28 57
14 29 23
14 30 59
14 31 19
14 32 33
14 33 54
14 34 25
14 35 79
14 36 95
14 37 38
14 38 76
14 39 67
14 40 85
14 41 52
14 42 17
14 43 83
14 44 56
14 45 49
14 46 54
14 47 16
14 48 61
14 49 48
14 50 77
14 51 32
14 52 32
14 53 71
14 54 21
14 55 18
14 56 25
14 57 46
14 58 58
14 59 60
14 60 70
14 61 17
14 62 28
14 63 74
14 64 55
14 65 78
14 66 13
14 67 21
14 68 24
14 69 13
14 70 61
14 71 12
14 72 42
14 73 48
14 74 61
14 75 74
14 76 70
14 77 67
14 78 39
14 79 83
14 80 82
14 81 16
14 82 81
14 83 49
14 84 78
14 85 72
14 86 63
14 87 82
14 88 83
14 89 29
14 90 75
14 91 91
14 92 51
14 93 74
14 94 85
14 95 61
14 96 26
14 97 43
14 98 15
14 99 101
15 16 49
15 17 28
15 18 62
15 19 39
15 20 63
15 21 73
15 22 27
15 23 29
15 24 50
15 25 34
15 26 60
15 27 83
15 28 52
15 29 19
15 30 60
15 31 52
15 32 25
15 33 13
15 34 18
15 35 77
15 36 64
15 37 17
15 38 35
15 39 35
15 40 61
15 41 20
15 42 28
15 43 58
15 44 44
15 45 22
15 46 23
15 47 50
15 48 22
15 49 35
15 50 57
15 51 21
15 52 42
15 53 67
15 54 23
15 55 58
15 56 66
15 57 5
15 58 18
15 59 28
15 60 30
15 61 31
15 62 51
15 63 76
15 64 45
15 65 42
15 66 44
15 67 49
15 68 46
15 69 45
15 70 57
15 71 52
15 72 15
15 73 32
15 74 25
15 75 35
15 76 67
15 77 77
15 78 35
15 79 43
15 80 50
15 81 33
15 82 75
15 83 36
15 84 64
15 85 42
15 86 63
15 87 53
15 88 79
15 89 70
15 90 51
15 91 57
15 92 10
15 93 78
15 94 58
15 95 31
15 96 67
15 97 35
15 98 56
15 99 67
16 17 25
16 18 23
16 19 74
16 20 69
16 21 25
16 22 25
16 23 72
16 24 4
16 25 71
16 26 43
16 27 74
16 28 52
16 29 66
16 30 62
16 31 86
16 32 74
16 33 43
16 34 59
16 35 66
16 36 16
16 37 46
16 38 38
16 39 16
16 40 24
16 41 32
16 42 66
16 43 22
16 44 41
16 45 34
16 46 62
16 47 96
16 48 29
16 49 43
16 50 31
16 51 70
16 52 65
16 53 59
16 54 71
16 55 97
16 56 104
16 57 46
16 58 34
16 59 24
16 60 24
16 61 79
16 62 77
16 63 69
16 64 44
16 65 10
16 66 90
16 67 80
16 68 74
16 69 81
16 70 54
16 71 93
16 72 42
16 73 78
16 74 55
16 75 20
16 76 59
16 77 79
16 78 52
16 79 24
16 80 6
16 81 81
16 82 59
16 83 41
16 84 43
16 85 15
16 86 61
16 87 13
16 88 65
16 89 108
16 90 22
16 91 8
16 92 43
16 93 74
16 94 18
16 95 23
16 96 109
16 97 48
16 98 97
16 99 18
17 18 33
17 19 50
17 20 52
17 21 49
17 22 2
17 23 56
17 24 23
17 25 58
17 26 37
17 27 65
17 28 36
17 29 43
17 30 46
17 31 62
17 32 53
17 33 28
17 34 35
17 35 57
17 36 37
17 37 21
17 38 37
17 39 8
17 40 33
17 41 8
17 42 42
17 43 30
17 44 25
17 45 10
17 46 47
17 47 72
17 48 17
17 49 22
17 50 30
17 51 49
17 52 42
17 53 48
17 54 48
17 55 73
17 56 80
17 57 26
17 58 21
17 59 2
17 60 21
17 61 56
17 62 54
17 63 59
17 64 28
17 65 21
17 66 66
17 67 56
17 68 51
17 69 57
17 70 40
17 71 68
17 72 18
17 73 60
17 74 43
17 75 22
17 76 49
17 77 65
17 78 29
17 79 32
17 80 23
17 81 58
17 82 54
17 83 21
17 84 39
17 85 14
17 86 47
17 87 25
17 88 58
17 89 84
17 90 23
17 91 32
17 92 26
17 93 62
17 94 30
17 95 3
17 96 85
17 97 26
17 98 73
17 99 42
18 19 74
18 20 57
18 21 35
18 22 35
18 23 89
18 24 19
18 25 89
18 26 26
18 27 55
18 28 40
18 29 75
18 30 49
18 31 84
18 32 86
18 33 60
18 34 66
18 35 47
18 36 16
18 37 51
18 38 60
18 39 28
18 40 2
18 41 41
18 42 70
18 43 4
18 44 33
18 45 41
18 46 80
18 47 102
18 48 46
18 49 40
18 50 13
18 51 82
18 52 61
18 53 41
18 54 79
18 55 97
18 56 104
18 57 59
18 58 51
18 59 34
18 60 45
18 61 87
18 62 73
18 63 51
18 64 36
18 65 32
18 66 96
18 67 78
18 68 72
18 69 82
18 70 41
18 71 94
18 72 50
18 73 93
18 74 74
18 75 41
18 76 42
18 77 64
18 78 49
18 79 47
18 80 18
18 81 89
18 82 39
18 83 38
18 84 23
18 85 20
18 86 47
18 87 11
18 88 45
18 89 107
18 90 12
18 91 23
18 92 59
18 93 56
18 94 5
18 95 30
18 96 110
18 97 45
18 98 99
18 99 27
19 20 40
19 21 99
19 22 50
19 23 57
19 24 72
19 25 67
19 26 58
19 27 67
19 28 42
19 29 26
19 30 43
19 31 14
19 32 40
19 33 52
19 34 21
19 35 63
19 36 84
19 37 30
19 38 73
19 39 58
19 40 73
19 41 43
19 42 12
19 43 71
19 44 42
19 45 40
19 46 58
19 47 31
19 48 56
19 49 35
19 50 64
19 51 38
19 52 17
19 53 56
19 54 26
19 55 23
19 56 30
19 57 44
19 58 54
19 59 51
19 60 64
19 61 27
19 62 15
19 63 59
19 64 41
19 65 70
19 66 28
19 67 10
19 68 10
19 69 8
19 70 45
19 71 19
19 72 34
19 73 56
19 74 63
19 75 68
19 76 55
19 77 52
19 78 26
19 79 78
19 80 71
19 81 27
19 82 66
19 83 36
19 84 63
19 85 61
19 86 47
19 87 71
19 88 67
19 89 35
19 90 63
19 91 81
19 92 48
19 93 59
19 94 73
19 95 51
19 96 36
19 97 29
19 98 24
19 99 91
20 21 90
20 22 54
20 23 89
20 24 65
20 25 97
20 26 31
20 27 27
20 28 17
20 29 60
20 30 8
20 31 41
20 32 76
20 33 72
20 34 50
20 35 25
20 36 72
20 37 46
20 38 88
20 39 57
20 40 54
20 41 52
20 42 46
20 43 54
20 44 28
20 45 47
20 46 86
20 47 71
20 48 67
20 49 31
20 50 44
20 51 73
20 52 25
20 53 20
20 54 63
20 55 55
20 56 59
20 57 65
20 58 69
20 59 54
20 60 73
20 61 66
20 62 29
20 63 19
20 64 25
20 65 71
20 66 69
20 67 36
20 68 31
20 69 44
20 70 16
20 71 55
20 72 50
20 73 91
20 74 87
20 75 74
20 76 19
20 77 14
20 78 28
20 79 84
20 80 64
20 81 67
20 82 30
20 83 31
20 84 36
20 85 55
20 86 11
20 87 60
20 88 29
20 89 62
20 90 49
20 91 74
20 92 69
20 93 19
20 94 58
20 95 51
20 96 69
20 97 29
20 98 60
20 99 81
21 22 50
21 23 93
21 24 27
21 25 89
21 26 60
21 27 89
21 28 73
21 29 90
21 30 82
21 31 110
21 32 97
21 33 65
21 34 84
21 35 81
21 36 18
21 37 70
21 38 52
21 39 41
21 40 37
21 41 57
21 42 91
21 43 36
21 44 63
21 45 59
21 46 82
21 47 121
21 48 51
21 49 66
21 50 47
21 51 94
21 52 89
21 53 76
21 54 95
21 55 122
21 56 129
21 57 68
21 58 56
21 59 48
21 60 44
21 61 103
21 62 101
21 63 86
21 64 66
21 65 31
21 66 115
21 67 104
21 68 98
21 69 106
21 70 74
21 71 117
21 72 67
21 73 99
21 74 73
21 75 39
21 76 77
21 77 98
21 78 76
21 79 37
21 80 27
21 81 105
21 82 73
21 83 65
21 84 58
21 85 38
21 86 80
21 87 30
21 88 79
21 89 133
21 90 41
21 91 17
21 92 66
21 93 90
21 94 32
21 95 47
21 96 134
21 97 72
21 98 122
21 99 8
22 23 54
22 24 24
22 25 56
22 26 39
22 27 67
22 28 38
22 29 42
22 30 48
22 31 62
22 32 52
22 33 26
22 34 34
22 35 59
22 36 38
22 37 21
22 38 35
22 39 9
22 40 34
22 41 7
22 42 41
22 43 31
22 44 27
22 45 10
22 46 45
22 47 71
22 48 15
22 49 23
22 50 32
22 51 48
22 52 43
22 53 50
22 54 47
22 55 73
22 56 80
22 57 25
22 58 19
22 59 1
22 60 19
22 61 55
22 62 55
22 63 60
22 64 30
22 65 21
22 66 66
22 67 57
22 68 51
22 69 57
22 70 42
22 71 68
22 72 17
22 73 58
22 74 41
22 75 21
22 76 51
22 77 66
22 78 30
22 79 31
22 80 24
22 81 57
22 82 56
22 83 22
22 84 41
22 85 15
22 86 49
22 87 26
22 88 60
22 89 84
22 90 25
22 91 33
22 92 24
22 93 64
22 94 31
22 95 5
22 96 84
22 97 27
22 98 72
22 99 43
23 24 74
23 25 12
23 26 89
23 27 112
23 28 81
23 29 31
23 30 88
23 31 68
23 32 18
23 33 29
23 34 39
23 35 105
23 36 88
23 37 46
23 38 43
23 39 61
23 40 88
23 41 48
23 42 46
23 43 85
23 44 73
23 45 51
23 46 11
23 47 50
23 48 44
23 49 64
23 50 85
23 51 19
23 52 66
23 53 96
23 54 31
23 55 68
23 56 75
23 57 29
23 58 38
23 59 55
23 60 49
23 61 34
23 62 71
23 63 104
23 64 74
23 65 63
23 66 45
23 67 67
23 68 66
23 69 60
23 70 85
23 71 62
23 72 43
23 73 6
23 74 21
23 75 54
23 76 96
23 77 103
23 78 62
23 79 57
23 80 74
23 81 36
23 82 104
23 83 65
23 84 93
23 85 69
23 86 91
23 87 79
23 88 108
23 89 79
23 90 79
23 91 80
23 92 30
23 93 106
23 94 85
23 95 59
23 96 72
23 97 63
23 98 63
23 99 89
24 25 73
24 26 39
24 27 70
24 28 48
24 29 66
24 30 58
24 31 84
24 32 75
24 33 44
24 34 58
24 35 61
24 36 14
24 37 44
24 38 41
24 39 15
24 40 20
24 41 31
24 42 65
24 43 18
24 44 38
24 45 33
24 46 64
24 47 95
24 48 30
24 49 40
24 50 26
24 51 71
24 52 62
24 53 54
24 54 70
24 55 95
24 56 102
24 57 46
24 58 36
24 59 23
24 60 27
24 61 79
24 62 75
24 63 65
24 64 41
24 65 13
24 66 90
24 67 78
24 68 72
24 69 79
24 70 50
24 71 91
24 72 41
24 73 79
24 74 57
24 75 23
24 76 55
24 77 75
24 78 49
24 79 28
24 80 1
24 81 81
24 82 55
24 83 38
24 84 38
24 85 11
24 86 57
24 87 8
24 88 60
24 89 106
24 90 18
24 91 9
24 92 44
24 93 69
24 94 14
24 95 21
24 96 108
24 97 45
24 98 95
24 99 19
25 26 93
25 27 118
25 28 87
25 29 41
25 30 95
25 31 79
25 32 30
25 33 30
25 34 48
25 35 111
25 36 86
25 37 52
25 38 37
25 39 62
25 40 89
25 41 51
25 42 56
25 43 86
25 44 78
25 45 54
25 46 11
25 47 62
25 48 43
25 49 69
25 50 88
25 51 30
25 52 75
25 53 101
25 54 42
25 55 80
25 56 87
25 57 33
25 58 38
25 59 56
25 60 46
25 61 46
25 62 81
25 63 110
25 64 79
25 65 61
25 66 57
25 67 77
25 68 76
25 69 71
25 70 91
25 71 73
25 72 48
25 73 17
25 74 16
25 75 51
25 76 102
25 77 111
25 78 69
25 79 52
25 80 73
25 81 48
25 82 109
25 83 70
25 84 96
25 85 69
25 86 97
25 87 79
25 88 113
25 89 90
25 90 80
25 91 77
25 92 32
25 93 112
25 94 85
25 95 61
25 96 84
25 97 69
25 98 75
25 99 86
26 27 31
26 28 17
26 29 67
26 30 23
26 31 65
26 32 82
26 33 64
26 34 56
26 35 22
26 36 42
26 37 45
26 38 72
26 39 37
26 40 24
26 41 42
26 42 57
26 43 24
26 44 17
26 45 39
26 46 82
26 47 89
26 48 53
26 49 27
26 50 13
26 51 78
26 52 42
26 53 16
26 54 71
26 55 79
26 56 84
26 57 60
26 58 57
26 59 39
26 60 56
26 61 77
26 62 53
26 63 26
26 64 18
26 65 48
26 66 84
26 67 59
26 68 53
26 69 64
26 70 16
26 71 77
26 72 46
26 73 92
26 74 79
26 75 55
26 76 17
26 77 38
26 78 33
26 79 64
26 80 38
26 81 79
26 82 17
26 83 26
26 84 5
26 85 31
26 86 21
26 87 32
26 88 22
26 89 88
26 90 21
26 91 46
26 92 62
26 93 31
26 94 29
26 95 34
26 96 93
26 97 31
26 98 82
26 99 52
27 28 31
27 29 85
27 30 24
27 31 68
27 32 100
27 33 90
27 34 74
27 35 8
27 36 71
27 37 66
27 38 102
27 39 67
27 40 53
27 41 68
27 42 71
27 43 53
27 44 41
27 45 64
27 46 107
27 47 98
27 48 82
27 49 48
27 50 44
27 51 97
27 52 51
27 53 17
27 54 88
27 55 81
27 56 84
27 57 85
27 58 85
27 59 67
27 60 86
27 61 92
27 62 55
27 63 8
27 64 39
27 65 79
27 66 95
27 67 62
27 68 58
27 69 70
27 70 27
27 71 82
27 72 69
27 73 114
27 74 106
27 75 85
27 76 16
27 77 19
27 78 50
27 79 95
27 80 69
27 81 92
27 82 16
27 83 48
27 84 32
27 85 62
27 86 21
27 87 62
27 88 11
27 89 87
27 90 52
27 91 76
27 92 87
27 93 8
27 94 58
27 95 63
27 96 95
27 97 49
27 98 86
27 99 81
28 29 55
28 30 10
28 31 48
28 32 70
28 33 59
28 34 44
28 35 25
28 36 55
28 37 35
28 38 73
28 39 40
28 40 38
28 41 38
28 42 43
28 43 37
28 44 11
28 45 34
28 46 76
28 47 73
28 48 52
28 49 17
28 50 27
28 51 67
28 52 26
28 53 15
28 54 58
28 55 62
28 56 67
28 57 54
28 58 55
28 59 39
28 60 57
28 61 64
28 62 35
28 63 23
28 64 9
28 65 54
28 66 69
28 67 42
28 68 36
28 69 48
28 70 5
28 71 60
28 72 38
28 73 83
28 74 75
28 75 58
28 76 15
28 77 28
28 78 20
28 79 68
28 80 47
28 81 65
28 82 25
28 83 17
28 84 22
28 85 38
28 86 11
28 87 43
28 88 28
28 89 71
28 90 32
28 91 57
28 92 56
28 93 26
28 94 42
28 95 35
28 96 76
28 97 18
28 98 65
28 99 64
29 30 61
29 31 38
29 32 16
29 33 31
29 34 11
29 35 79
29 36 80
29 37 24
29 38 53
29 39 51
29 40 74
29 41 35
29 42 16
29 43 71
29 44 50
29 45 34
29 46 32
29 47 31
29 48 41
29 49 40
29 50 67
29 51 13
29 52 36
29 53 70
29 54 5
29 55 41
29 56 49
29 57 24
29 58 37
29 59 43
29 60 49
29 61 13
29 62 41
29 63 77
29 64 50
29 65 60
29 66 25
29 67 36
29 68 35
29 69 30
29 70 60
29 71 35
29 72 25
29 73 31
29 74 38
29 75 54
29 76 70
29 77 74
29 78 36
29 79 62
29 80 65
29 81 15
29 82 80
29 83 41
29 84 72
29 85 57
29 86 64
29 87 68
29 88 83
29 89 53
29 90 63
29 91 74
29 92 28
29 93 78
29 94 72
29 95 46
29 96 49
29 97 37
29 98 38
29 99 84
30 31 46
30 32 76
30 33 68
30 34 50
30 35 20
30 36 64
30 37 43
30 38 83
30 39 50
30 40 46
30 41 48
30 42 47
30 43 46
30 44 21
30 45 43
30 46 84
30 47 75
30 48 62
30 49 26
30 50 36
30 51 73
30 52 27
30 53 13
30 54 63
30 55 60
30 56 65
30 57 62
30 58 64
30 59 49
30 60 67
30 61 68
30 62 34
30 63 16
30 64 19
30 65 64
30 66 71
30 67 41
30 68 35
30 69 48
30 70 8
30 71 60
30 72 47
30 73 90
30 74 84
30 75 68
30 76 12
30 77 18
30 78 26
30 79 78
30 80 57
30 81 68
30 82 24
30 83 27
30 84 28
30 85 48
30 86 4
30 87 52
30 88 24
30 89 68
30 90 41
30 91 66
30 92 65
30 93 18
30 94 50
30 95 45
30 96 74
30 97 26
30 98 64
30 99 74
31 32 51
31 33 65
31 34 34
31 35 66
31 36 95
31 37 43
31 38 87
31 39 70
31 40 82
31 41 56
31 42 25
31 43 80
31 44 51
31 45 53
31 46 70
31 47 32
31 48 69
31 49 45
31 50 73
31 51 49
31 52 23
31 53 60
31 54 37
31 55 14
31 56 19
31 57 57
31 58 67
31 59 63
31 60 77
31 61 35
31 62 13
31 63 61
31 64 49
31 65 83
31 66 32
31 67 6
31 68 13
31 69 8
31 70 51
31 71 14
31 72 48
31 73 67
31 74 76
31 75 81
31 76 59
31 77 51
31 78 35
31 79 91
31 80 83
31 81 35
31 82 70
31 83 46
31 84 70
31 85 73
31 86 51
31 87 82
31 88 71
31 89 23
31 90 73
31 91 93
31 92 62
31 93 60
31 94 84
31 95 63
31 96 28
31 97 39
31 98 18
31 99 103
32 33 33
32 34 26
32 35 95
32 36 89
32 37 37
32 38 53
32 39 60
32 40 86
32 41 45
32 42 31
32 43 83
32 44 64
32 45 46
32 46 24
32 47 32
32 48 47
32 49 55
32 50 81
32 51 4
32 52 52
32 53 86
32 54 14
32 55 50
32 56 57
32 57 29
32 58 41
32 59 53
32 60 54
32 61 16
32 62 55
32 63 93
32 64 65
32 65 67
32 66 27
32 67 50
32 68 50
32 69 43
32 70 75
32 71 44
32 72 37
32 73 16
32 74 33
32 75 59
32 76 86
32 77 90
32 78 51
32 79 65
32 80 75
32 81 18
32 82 95
32 83 56
32 84 86
32 85 67
32 86 80
32 87 78
32 88 98
32 89 60
32 90 75
32 91 82
32 92 32
32 93 94
32 94 83
32 95 56
32 96 54
32 97 52
32 98 45
32 99 92
33 34 31
33 35 83
33 36 59
33 37 26
33 38 22
33 39 32
33 40 59
33 41 22
33 42 40
33 43 56
33 44 49
33 45 26
33 46 20
33 47 61
33 48 15
33 49 42
33 50 58
33 51 30
33 52 53
33 53 73
33 54 35
33 55 71
33 56 79
33 57 8
33 58 9
33 59 26
33 60 20
33 61 43
33 62 63
33 63 83
33 64 51
33 65 34
33 66 55
33 67 61
33 68 58
33 69 58
33 70 63
33 71 65
33 72 22
33 73 35
33 74 16
33 75 26
33 76 73
33 77 85
33 78 44
33 79 32
33 80 45
33 81 45
33 82 80
33 83 42
33 84 66
33 85 40
33 86 70
33 87 50
33 88 84
33 89 83
33 90 50
33 91 51
33 92 3
33 93 85
33 94 55
33 95 31
33 96 80
33 97 43
33 98 69
33 99 60
34 35 69
34 36 72
34 37 14
34 38 53
34 39 43
34 40 64
34 41 27
34 42 9
34 43 62
34 44 39
34 45 25
34 46 38
34 47 37
34 48 37
34 49 30
34 50 57
34 51 23
34 52 27
34 53 60
34 54 15
34 55 41
34 56 49
34 57 23
34 58 34
34 59 36
34 60 45
34 61 22
34 62 33
34 63 66
34 64 39
34 65 54
34 66 31
34 67 31
34 68 28
34 69 27
34 70 49
34 71 35
34 72 17
34 73 40
34 74 42
34 75 50
34 76 59
34 77 64
34 78 25
34 79 59
34 80 58
34 81 23
34 82 69
34 83 31
34 84 61
34 85 48
34 86 53
34 87 60
34 88 72
34 89 53
34 90 54
34 91 67
34 92 28
34 93 68
34 94 63
34 95 37
34 96 51
34 97 26
34 98 39
34 99 77
35 36 63
35 37 60
35 38 94
35 39 59
35 40 44
35 41 61
35 42 67
35 43 45
35 44 33
35 45 57
35 46 100
35 47 95
35 48 74
35 49 42
35 50 35
35 51 91
35 52 47
35 53 9
35 54 83
35 55 80
35 56 84
35 57 78
35 58 77
35 59 59
35 60 78
35 61 87
35 62 53
35 63 7
35 64 32
35 65 71
35 66 91
35 67 60
35 68 55
35 69 68
35 70 20
35 71 80
35 72 62
35 73 108
35 74 98
35 75 77
35 76 9
35 77 22
35 78 44
35 79 86
35 80 60
35 81 88
35 82 8
35 83 41
35 84 24
35 85 54
35 86 16
35 87 54
35 88 5
35 89 86
35 90 44
35 91 68
35 92 80
35 93 11
35 94 50
35 95 55
35 96 94
35 97 43
35 98 84
35 99 73
36 37 58
36 38 53
36 39 29
36 40 18
36 41 45
36 42 78
36 43 18
36 44 46
36 45 46
36 46 78
36 47 109
36 48 44
36 49 50
36 50 29
36 51 85
36 52 73
36 53 57
36 54 84
36 55 107
36 56 114
36 57 61
36 58 50
36 59 37
36 60 40
36 61 92
36 62 85
36 63 68
36 64 49
36 65 25
36 66 103
36 67 89
36 68 83
36 69 92
36 70 56
36 71 103
36 72 55
36 73 93
36 74 70
36 75 35
36 76 58
36 77 80
36 78 60
36 79 38
36 80 14
36 81 94
36 82 55
36 83 49
36 84 39
36 85 24
36 86 62
36 87 13
36 88 61
36 89 118
36 90 23
36 91 10
36 92 59
36 93 72
36 94 14
36 95 34
36 96 120
36 97 56
36 98 108
36 99 10
37 38 46
37 39 29
37 40 50
37 41 14
37 42 21
37 43 47
37 44 28
37 45 11
37 46 41
37 47 51
37 48 26
37 49 18
37 50 44
37 51 33
37 52 27
37 53 50
37 54 28
37 55 52
37 56 60
37 57 20
37 58 26
37 59 22
37 60 35
37 61 36
37 62 38
37 63 59
37 64 28
37 65 41
37 66 46
37 67 38
37 68 33
37 69 37
37 70 40
37 71 47
37 72 5
37 73 48
37 74 41
37 75 38
37 76 50
37 77 59
37 78 18
37 79 48
37 80 44
37 81 37
37 82 59
37 83 19
37 84 49
37 85 34
37 86 46
37 87 45
37 88 62
37 89 64
37 90 40
37 91 53
37 92 23
37 93 61
37 94 49
37 95 23
37 96 64
37 97 17
37 98 52
37 99 63
38 39 36
38 40 61
38 41 36
38 42 62
38 43 58
38 44 62
38 45 40
38 46 32
38 47 83
38 48 21
38 49 57
38 50 63
38 51 50
38 52 73
38 53 85
38 54 57
38 55 93
38 56 101
38 57 30
38 58 20
38 59 34
38 60 16
38 61 65
38 62 83
38 63 95
38 64 64
38 65 28
38 66 77
38 67 82
38 68 78
38 69 80
38 70 77
38 71 87
38 72 41
38 73 49
38 74 22
38 75 19
38 76 85
38 77 101
38 78 62
38 79 16
38 80 42
38 81 67
38 82 89
38 83 56
38 84 74
38 85 42
38 86 84
38 87 49
38 88 94
38 89 105
38 90 54
38 91 43
38 92 25
38 93 99
38 94 55
38 95 39
38 96 102
38 97 60
38 98 91
38 99 50
39 40 27
39 41 16
39 42 50
39 43 25
39 44 29
39 45 18
39 46 52
39 47 80
39 48 18
39 49 28
39 50 27
39 51 56
39 52 49
39 53 50
39 54 55
39 55 81
39 56 88
39 57 32
39 58 24
39 59 8
39 60 19
39 61 63
39 62 62
39 63 61
39 64 32
39 65 14
39 66 74
39 67 64
39 68 58
39 69 65
39 70 43
39 71 76
39 72 26
39 73 66
39 74 46
39 75 18
39 76 51
39 77 68
39 78 36
39 79 28
39 80 15
39 81 65
39 82 54
39 83 27
39 84 38
39 85 8
39 86 51
39 87 18
39 88 59
39 89 92
39 90 19
39 91 24
39 92 31
39 93 65
39 94 24
39 95 6
39 96 93
39 97 33
39 98 81
39 99 34
40 41 41
40 42 68
40 43 3
40 44 31
40 45 40
40 46 79
40 47 100
40 48 46
40 49 38
40 50 11
40 51 81
40 52 59
40 53 39
40 54 78
40 55 95
40 56 102
40 57 59
40 58 51
40 59 34
40 60 45
40 61 86
40 62 71
40 63 49
40 64 34
40 65 33
40 66 95
40 67 76
40 68 70
40 69 80
40 70 38
40 71 92
40 72 49
40 73 93
40 74 74
40 75 42
40 76 40
40 77 61
40 78 47
40 79 48
40 80 19
40 81 87
40 82 37
40 83 36
40 84 21
40 85 20
40 86 44
40 87 12
40 88 43
40 89 105
40 90 10
40 91 24
40 92 58
40 93 54
40 94 6
40 95 29
40 96 109
40 97 43
40 98 97
40 99 29
41 42 35
41 43 38
41 44 28
41 45 5
41 46 41
41 47 64
41 48 15
41 49 21
41 50 37
41 51 41
41 52 38
41 53 52
41 54 39
41 55 66
41 56 74
41 57 19
41 58 17
41 59 8
41 60 22
41 61 47
41 62 50
41 63 61
41 64 30
41 65 27
41 66 58
41 67 51
41 68 46
41 69 51
41 70 42
41 71 61
41 72 10
41 73 53
41 74 38
41 75 25
41 76 52
41 77 65
41 78 26
41 79 35
41 80 31
41 81 49
41 82 58
41 83 21
41 84 45
41 85 22
41 86 49
41 87 33
41 88 62
41 89 78
41 90 31
41 91 40
41 92 20
41 93 64
41 94 38
41 95 11
41 96 78
41 97 24
41 98 66
41 99 50
42 43 66
42 44 40
42 45 32
42 46 46
42 47 32
42 48 45
42 49 32
42 50 60
42 51 28
42 52 21
42 53 58
42 54 17
42 55 32
42 56 40
42 57 33
42 58 43
42 59 43
42 60 54
42 61 21
42 62 25
42 63 63
42 64 40
42 65 62
42 66 27
42 67 22
42 68 20
42 69 18
42 70 47
42 71 27
42 72 25
42 73 46
42 74 51
42 75 58
42 76 58
42 77 59
42 78 24
42 79 68
42 80 64
42 81 22
42 82 68
42 83 33
42 84 62
42 85 54
42 86 51
42 87 65
42 88 70
42 89 44
42 90 58
42 91 74
42 92 37
42 93 64
42 94 68
42 95 44
42 96 43
42 97 27
42 98 31
42 99 84
43 44 30
43 45 37
43 46 76
43 47 98
43 48 43
43 49 36
43 50 10
43 51 79
43 52 57
43 53 39
43 54 76
43 55 93
43 56 100
43 57 56
43 58 48
43 59 31
43 60 42
43 61 83
43 62 70
43 63 50
43 64 32
43 65 30
43 66 93
43 67 74
43 68 68
43 69 78
43 70 38
43 71 90
43 72 46
43 73 90
43 74 71
43 75 39
43 76 40
43 77 61
43 78 45
43 79 46
43 80 17
43 81 85
43 82 38
43 83 34
43 84 22
43 85 17
43 86 44
43 87 10
43 88 44
43 89 104
43 90 8
43 91 23
43 92 56
43 93 54
43 94 5
43 95 27
43 96 107
43 97 41
43 98 95
43 99 28
44 45 24
44 46 67
44 47 72
44 48 41
44 49 9
44 50 22
44 51 60
44 52 28
44 53 24
44 54 54
44 55 64
44 56 70
44 57 45
44 58 44
44 59 27
44 60 46
44 61 60
44 62 40
44 63 34
44 64 3
44 65 43
44 66 67
44 67 45
44 68 38
44 69 49
44 70 15
44 71 61
44 72 29
44 73 76
44 74 65
44 75 47
44 76 24
44 77 39
44 78 17
44 79 57
44 80 37
44 81 61
44 82 31
44 83 8
44 84 22
44 85 27
44 86 22
44 87 34
44 88 35
44 89 74
44 90 23
44 91 47
44 92 47
44 93 37
44 94 33
44 95 24
44 96 78
44 97 14
44 98 66
44 99 55
45 46 44
45 47 62
45 48 20
45 49 17
45 50 35
45 51 41
45 52 34
45 53 48
45 54 38
45 55 63
45 56 70
45 57 22
45 58 21
45 59 11
45 60 27
45 61 46
45 62 46
45 63 57
45 64 25
45 65 30
45 66 57
45 67 47
45 68 42
45 69 47
45 70 38
45 71 58
45 72 9
45 73 54
45 74 41
45 75 29
45 76 48
45 77 61
45 78 22
45 79 40
45 80 33
45 81 48
45 82 54
45 83 17
45 84 42
45 85 23
45 86 45
45 87 34
45 88 59
45 89 74
45 90 30
45 91 42
45 92 23
45 93 60
45 94 38
45 95 12
45 96 75
45 97 19
45 98 63
45 99 52
46 47 57
46 48 34
46 49 59
46 50 77
46 51 23
46 52 64
46 53 91
46 54 34
46 55 73
46 56 80
46 57 22
46 58 28
46 59 46
46 60 38
46 61 39
46 62 71
46 63 99
46 64 68
46 65 53
46 66 51
46 67 68
46 68 66
46 69 62
46 70 80
46 71 66
46 72 38
46 73 17
46 74 10
46 75 44
46 76 91
46 77 100
46 78 58
46 79 46
46 80 64
46 81 41
46 82 98
46 83 59
46 84 85
46 85 60
46 86 86
46 87 70
46 88 102
46 89 83
46 90 70
46 91 69
46 92 21
46 93 102
46 94 75
46 95 50
46 96 78
46 97 58
46 98 68
46 99 78
47 48 72
47 49 63
47 50 92
47 51 34
47 52 48
47 53 87
47 54 27
47 55 24
47 56 28
47 57 55
47 58 67
47 59 72
47 60 80
47 61 19
47 62 43
47 63 90
47 64 71
47 65 90
47 66 6
47 67 36
47 68 40
47 69 28
47 70 77
47 71 19
47 72 54
47 73 46
47 74 65
47 75 85
47 76 86
47 77 82
47 78 55
47 79 93
47 80 95
47 81 16
47 82 98
47 83 65
47 84 94
47 85 85
47 86 79
47 87 96
47 88 99
47 89 31
47 90 90
47 91 104
47 92 59
47 93 90
47 94 100
47 95 74
47 96 22
47 97 58
47 98 17
47 99 114
48 49 36
48 50 45
48 51 43
48 52 53
48 53 65
48 54 45
48 55 78
48 56 85
48 57 18
48 58 6
48 59 14
48 60 8
48 61 53
48 62 64
48 63 75
48 64 44
48 65 20
48 66 66
48 67 64
48 68 60
48 69 63
48 70 56
48 71 72
48 72 21
48 73 49
48 74 28
48 75 13
48 76 65
48 77 80
48 78 41
48 79 22
48 80 30
48 81 56
48 82 70
48 83 36
48 84 55
48 85 26
48 86 63
48 87 36
48 88 75
48 89 89
48 90 37
48 91 36
48 92 15
48 93 78
48 94 41
48 95 19
48 96 88
48 97 39
48 98 76
48 99 46
49 50 29
49 51 51
49 52 23
49 53 32
49 54 44
49 55 58
49 56 64
49 57 37
49 58 38
49 59 24
49 60 42
49 61 51
49 62 35
49 63 41
49 64 10
49 65 42
49 66 59
49 67 39
49 68 33
49 69 42
49 70 22
49 71 54
49 72 21
49 73 67
49 74 58
49 75 44
49 76 32
49 77 44
49 78 10
49 79 54
49 80 39
49 81 52
49 82 40
49 83 1
49 84 31
49 85 28
49 86 28
49 87 37
49 88 44
49 89 68
49 90 28
49 91 49
49 92 39
49 93 44
49 94 38
49 95 21
49 96 71
49 97 6
49 98 59
49 99 58
50 51 76
50 52 49
50 53 29
50 54 72
50 55 86
50 56 92
50 57 56
50 58 50
50 59 32
50 60 47
50 61 79
50 62 61
50 63 39
50 64 24
50 65 37
50 66 87
50 67 66
50 68 60
50 69 70
50 70 28
50 71 83
50 72 43
50 73 89
50 74 73
50 75 45
50 76 30
50 77 51
50 78 38
50 79 53
50 80 25
50 81 80
50 82 29
50 83 28
50 84 12
50 85 21
50 86 34
50 87 19
50 88 34
50 89 96
50 90 9
50 91 33
50 92 56
50 93 44
50 94 15
50 95 27
50 96 99
50 97 34
50 98 88
50 99 39
51 52 49
51 53 82
51 54 12
51 55 50
51 56 57
51 57 25
51 58 38
51 59 49
51 60 50
51 61 16
51 62 53
51 63 89
51 64 61
51 65 63
51 66 28
51 67 48
51 68 48
51 69 41
51 70 71
51 71 43
51 72 33
51 73 18
51 74 32
51 75 55
51 76 82
51 77 87
51 78 47
51 79 62
51 80 71
51 81 18
51 82 91
51 83 52
51 84 82
51 85 63
51 86 76
51 87 74
51 88 94
51 89 61
51 90 71
51 91 78
51 92 28
51 93 91
51 94 79
51 95 52
51 96 55
51 97 49
51 98 45
51 99 88
52 53 39
52 54 38
52 55 37
52 56 43
52 57 46
52 58 52
52 59 44
52 60 60
52 61 41
52 62 13
52 63 43
52 64 26
52 65 63
52 66 45
52 67 17
52 68 11
52 69 22
52 70 29
52 71 35
52 72 32
52 73 67
52 74 67
52 75 63
52 76 38
52 77 38
52 78 13
52 79 74
52 80 61
52 81 42
52 82 50
52 83 24
52 84 47
52 85 51
52 86 31
52 87 60
52 88 51
52 89 46
52 90 50
52 91 72
52 92 50
52 93 43
52 94 61
52 95 43
52 96 51
52 97 17
52 98 39
52 99 81
53 54 74
53 55 73
53 56 78
53 57 69
53 58 68
53 59 50
53 60 69
53 61 79
53 62 47
53 63 11
53 64 22
53 65 63
53 66 83
53 67 54
53 68 48
53 69 61
53 70 11
53 71 73
53 72 53
53 73 98
53 74 89
53 75 69
53 76 1
53 77 23
53 78 35
53 79 78
53 80 53
53 81 80
53 82 11
53 83 32
53 84 18
53 85 46
53 86 9
53 87 47
53 88 12
53 89 81
53 90 36
53 91 62
53 92 71
53 93 15
53 94 44
53 95 46
53 96 88
53 97 34
53 98 77
53 99 68
54 55 39
54 56 46
54 57 28
54 58 41
54 59 48
54 60 53
54 61 8
54 62 41
54 63 80
54 64 54
54 65 64
54 66 21
54 67 36
54 68 36
54 69 29
54 70 63
54 71 32
54 72 30
54 73 30
54 74 41
54 75 58
54 76 73
54 77 76
54 78 39
54 79 66
54 80 70
54 81 10
54 82 83
54 83 45
54 84 76
54 85 61
54 86 67
54 87 73
54 88 86
54 89 50
54 90 68
54 91 79
54 92 32
54 93 81
54 94 77
54 95 50
54 96 45
54 97 41
54 98 35
54 99 89
55 56 8
55 57 64
55 58 75
55 59 74
55 60 86
55 61 34
55 62 27
55 63 74
55 64 62
55 65 93
55 66 26
55 67 20
55 68 26
55 69 16
55 70 65
55 71 7
55 72 57
55 73 66
55 74 79
55 75 90
55 76 73
55 77 64
55 78 48
55 79 100
55 80 95
55 81 33
55 82 84
55 83 59
55 84 84
55 85 84
55 86 64
55 87 94
55 88 84
55 89 12
55 90 86
55 91 105
55 92 68
55 93 73
55 94 96
55 95 74
55 96 14
55 97 52
55 98 7
55 99 114
56 57 71
56 58 82
56 59 81
56 60 93
56 61 41
56 62 32
56 63 78
56 64 68
56 65 101
56 66 31
56 67 26
56 68 32
56 69 23
56 70 70
56 71 14
56 72 64
56 73 72
56 74 87
56 75 98
56 76 77
56 77 67
56 78 55
56 79 107
56 80 102
56 81 39
56 82 89
56 83 66
56 84 90
56 85 91
56 86 69
56 87 101
56 88 88
56 89 4
56 90 92
56 91 112
56 92 76
56 93 76
56 94 103
56 95 82
56 96 11
56 97 58
56 98 12
56 99 122
57 58 13
57 59 25
57 60 25
57 61 36
57 62 55
57 63 77
57 64 46
57 65 38
57 66 49
57 67 53
57 68 50
57 69 50
57 70 58
57 71 58
57 72 16
57 73 34
57 74 21
57 75 31
57 76 69
57 77 79
57 78 38
57 79 38
57 80 46
57 81 39
57 82 76
57 83 37
57 84 64
57 85 40
57 86 65
57 87 50
57 88 80
57 89 75
57 90 49
57 91 53
57 92 5
57 93 80
57 94 56
57 95 29
57 96 72
57 97 37
57 98 61
57 99 63
58 59 19
58 60 12
58 61 49
58 62 63
58 63 78
58 64 46
58 65 26
58 66 61
58 67 63
58 68 58
58 69 61
58 70 59
58 71 69
58 72 21
58 73 44
58 74 23
58 75 18
58 76 68
58 77 82
58 78 42
58 79 25
58 80 36
58 81 51
58 82 74
58 83 38
58 84 60
58 85 31
58 86 66
58 87 41
58 88 78
58 89 87
58 90 42
58 91 42
58 92 9
58 93 81
58 94 47
58 95 23
58 96 84
58 97 40
58 98 73
58 99 51
59 60 19
59 61 56
59 62 56
59 63 61
59 64 30
59 65 20
59 66 67
59 67 58
59 68 52
59 69 58
59 70 42
59 71 69
59 72 18
59 73 59
59 74 41
59 75 20
59 76 51
59 77 67
59 78 31
59 79 30
59 80 23
59 81 58
59 82 56
59 83 23
59 84 41
59 85 14
59 86 49
59 87 25
59 88 60
59 89 85
59 90 24
59 91 32
59 92 25
59 93 64
59 94 30
59 95 5
59 96 86
59 97 28
59 98 74
59 99 42
60 61 61
60 62 72
60 63 79
60 64 49
60 65 15
60 66 74
60 67 72
60 68 68
60 69 71
60 70 61
60 71 80
60 72 30
60 73 54
60 74 30
60 75 6
60 76 69
60 77 85
60 78 48
60 79 14
60 80 27
60 81 64
60 82 73
60 83 42
60 84 57
60 85 26
60 86 68
60 87 34
60 88 78
60 89 98
60 90 38
60 91 31
60 92 22
60 93 83
60 94 40
60 95 23
60 96 96
60 97 46
60 98 84
60 99 40
61 62 42
61 63 84
61 64 60
61 65 72
61 66 13
61 67 36
61 68 37
61 69 28
61 70 68
61 71 27
61 72 38
61 73 32
61 74 47
61 75 67
61 76 78
61 77 79
61 78 44
61 79 74
61 80 78
61 81 2
61 82 89
61 83 52
61 84 82
61 85 69
61 86 71
61 87 81
61 88 91
61 89 44
61 90 75
61 91 87
61 92 40
61 93 85
61 94 84
61 95 58
61 96 39
61 97 47
61 98 29
61 99 97
62 63 48
62 64 37
62 65 75
62 66 41
62 67 7
62 68 5
62 69 16
62 70 38
62 71 27
62 72 43
62 73 71
62 74 75
62 75 75
62 76 46
62 77 39
62 78 26
62 79 85
62 80 74
62 81 42
62 82 57
62 83 36
62 84 58
62 85 63
62 86 38
62 87 72
62 88 58
62 89 35
62 90 62
62 91 84
62 92 59
62 93 47
62 94 73
62 95 55
62 96 41
62 97 29
62 98 31
62 99 93
63 64 32
63 65 73
63 66 87
63 67 55
63 68 50
63 69 63
63 70 19
63 71 74
63 72 62
63 73 106
63 74 98
63 75 79
63 76 10
63 77 15
63 78 42
63 79 89
63 80 64
63 81 85
63 82 15
63 83 41
63 84 28
63 85 56
63 86 13
63 87 58
63 88 12
63 89 80
63 90 47
63 91 72
63 92 80
63 93 5
63 94 54
63 95 57
63 96 88
63 97 41
63 98 79
63 99 78
64 65 46
64 66 66
64 67 43
64 68 36
64 69 47
64 70 13
64 71 60
64 72 31
64 73 77
64 74 67
64 75 50
64 76 23
64 77 37
64 78 16
64 79 60
64 80 40
64 81 61
64 82 31
64 83 9
64 84 23
64 85 30
64 86 20
64 87 36
64 88 34
64 89 72
64 90 26
64 91 50
64 92 48
64 93 35
64 94 36
64 95 27
64 96 76
64 97 13
64 98 65
64 99 58
65 66 84
65 67 77
65 68 72
65 69 78
65 70 57
65 71 88
65 72 37
65 73 69
65 74 45
65 75 10
65 76 64
65 77 82
65 78 50
65 79 16
65 80 14
65 81 75
65 82 65
65 83 41
65 84 49
65 85 17
65 86 64
65 87 21
65 88 70
65 89 105
65 90 28
65 91 16
65 92 35
65 93 78
65 94 27
65 95 20
65 96 105
65 97 47
65 98 93
65 99 26
66 67 34
66 68 37
66 69 26
66 70 73
66 71 20
66 72 48
66 73 41
66 74 60
66 75 79
66 76 83
66 77 80
66 78 51
66 79 87
66 80 89
66 81 10
66 82 94
66 83 60
66 84 89
66 85 80
66 86 75
66 87 91
66 88 96
66 89 34
66 90 85
66 91 98
66 92 53
66 93 87
66 94 94
66 95 69
66 96 27
66 97 54
66 98 20
66 99 108
67 68 6
67 69 8
67 70 44
67 71 19
67 72 43
67 73 66
67 74 73
67 75 76
67 76 53
67 77 47
67 78 29
67 79 86
67 80 77
67 81 35
67 82 64
67 83 40
67 84 64
67 85 66
67 86 45
67 87 76
67 88 65
67 89 30
67 90 67
67 91 87
67 92 58
67 93 55
67 94 77
67 95 58
67 96 34
67 97 33
67 98 24
67 99 97
68 69 13
68 70 39
68 71 25
68 72 38
68 73 66
68 74 70
68 75 71
68 76 47
68 77 43
68 78 23
68 79 81
68 80 71
68 81 37
68 82 59
68 83 34
68 84 58
68 85 60
68 86 39
68 87 70
68 88 59
68 89 36
68 90 61
68 91 81
68 92 54
68 93 50
68 94 71
68 95 52
68 96 40
68 97 27
68 98 29
68 99 91
69 70 51
69 71 13
69 72 42
69 73 59
69 74 68
69 75 75
69 76 60
69 77 55
69 78 33
69 79 85
69 80 79
69 81 27
69 82 71
69 83 43
69 84 69
69 85 68
69 86 52
69 87 79
69 88 72
69 89 27
69 90 70
69 91 89
69 92 55
69 93 63
69 94 80
69 95 59
69 96 29
69 97 36
69 98 17
69 99 99
70 71 63
70 72 43
70 73 88
70 74 79
70 75 61
70 76 11
70 77 25
70 78 24
70 79 71
70 80 49
70 81 69
70 82 21
70 83 22
70 84 21
70 85 40
70 86 7
70 87 44
70 88 23
70 89 73
70 90 33
70 91 58
70 92 61
70 93 22
70 94 42
70 95 39
70 96 79
70 97 23
70 98 68
70 99 66
71 72 52
71 73 59
71 74 73
71 75 85
71 76 72
71 77 65
71 78 45
71 79 94
71 80 90
71 81 26
71 82 84
71 83 56
71 84 82
71 85 80
71 86 64
71 87 90
71 88 84
71 89 18
71 90 82
71 91 100
71 92 62
71 93 74
71 94 93
71 95 70
71 96 17
71 97 49
71 98 5
71 99 110
72 73 47
72 74 37
72 75 34
72 76 53
72 77 63
72 78 22
72 79 43
72 80 41
72 81 40
72 82 61
72 83 21
72 84 50
72 85 32
72 86 49
72 87 43
72 88 65
72 89 68
72 90 39
72 91 50
72 92 19
72 93 64
72 94 47
72 95 21
72 96 68
72 97 21
72 98 56
72 99 60
73 74 27
73 75 60
73 76 98
73 77 104
73 78 64
73 79 64
73 80 79
73 81 33
73 82 107
73 83 67
73 84 96
73 85 73
73 86 93
73 87 84
73 88 110
73 89 76
73 90 83
73 91 85
73 92 35
73 93 108
73 94 89
73 95 63
73 96 68
73 97 65
73 98 60
73 99 95
74 75 35
74 76 89
74 77 101
74 78 59
74 79 37
74 80 57
74 81 49
74 82 96
74 83 58
74 84 82
74 85 54
74 86 86
74 87 63
74 88 100
74 89 91
74 90 65
74 91 61
74 92 18
74 93 101
74 94 69
74 95 46
74 96 86
74 97 58
74 98 76
74 99 70
75 76 69
75 77 86
75 78 51
75 79 10
75 80 23
75 81 69
75 82 72
75 83 43
75 84 56
75 85 24
75 86 69
75 87 30
75 88 77
75 89 102
75 90 36
75 91 26
75 92 27
75 93 83
75 94 36
75 95 23
75 96 101
75 97 48
75 98 89
75 99 35
76 77 22
76 78 35
76 79 79
76 80 54
76 81 79
76 82 12
76 83 32
76 84 20
76 85 46
76 86 8
76 87 48
76 88 13
76 89 80
76 90 37
76 91 63
76 92 71
76 93 14
76 94 45
76 95 47
76 96 87
76 97 33
76 98 77
76 99 69
77 78 42
77 79 96
77 80 74
77 81 79
77 82 30
77 83 44
77 84 41
77 85 65
77 86 18
77 87 69
77 88 26
77 89 69
77 90 58
77 91 83
77 92 82
77 93 11
77 94 66
77 95 63
77 96 77
77 97 42
77 98 69
77 99 90
78 79 61
78 80 48
78 81 46
78 82 45
78 83 11
78 84 38
78 85 38
78 86 29
78 87 47
78 88 47
78 89 59
78 90 38
78 91 58
78 92 41
78 93 44
78 94 48
78 95 30
78 96 62
78 97 4
78 98 50
78 99 68
79 80 29
79 81 76
79 82 81
79 83 53
79 84 64
79 85 33
79 86 79
79 87 36
79 88 86
79 89 111
79 90 44
79 91 28
79 92 34
79 93 93
79 94 43
79 95 33
79 96 110
79 97 58
79 98 98
79 99 35
80 81 80
80 82 54
80 83 38
80 84 37
80 85 11
80 86 56
80 87 7
80 88 59
80 89 106
80 90 17
80 91 10
80 92 45
80 93 68
80 94 13
80 95 21
80 96 107
80 97 44
80 98 95
80 99 20
81 82 90
81 83 53
81 84 83
81 85 71
81 86 72
81 87 82
81 88 92
81 89 43
81 90 77
81 91 89
81 92 43
81 93 85
81 94 86
81 95 60
81 96 37
81 97 48
81 98 28
81 99 99
82 83 40
82 84 17
82 85 48
82 86 20
82 87 47
82 88 6
82 89 92
82 90 37
82 91 61
82 92 78
82 93 19
82 94 43
82 95 51
82 96 98
82 97 43
82 98 88
82 99 66
83 84 30
83 85 27
83 86 28
83 87 36
83 88 43
83 89 69
83 90 27
83 91 48
83 92 39
83 93 44
83 94 37
83 95 21
83 96 72
83 97 7
83 98 60
83 99 57
84 85 32
84 86 25
84 87 31
84 88 22
84 89 93
84 90 21
84 91 45
84 92 65
84 93 33
84 94 26
84 95 36
84 96 98
84 97 35
84 98 87
84 99 50
85 86 47
85 87 11
85 88 53
85 89 95
85 90 12
85 91 21
85 92 39
85 93 61
85 94 16
85 95 11
85 96 97
85 97 34
85 98 85
85 99 30
86 87 51
86 88 20
86 89 72
86 90 40
86 91 65
86 92 67
86 93 15
86 94 49
86 95 46
86 96 79
86 97 28
86 98 69
86 99 72
87 88 53
87 89 105
87 90 11
87 91 14
87 92 49
87 93 62
87 94 6
87 95 22
87 96 107
87 97 43
87 98 95
87 99 22
88 89 91
88 90 43
88 91 67
88 92 82
88 93 15
88 94 48
88 95 56
88 96 98
88 97 46
88 98 89
88 99 71
89 90 96
89 91 116
89 92 80
89 93 79
89 94 107
89 95 86
89 96 11
89 97 62
89 98 15
89 99 126
90 91 25
90 92 49
90 93 51
90 94 10
90 95 20
90 96 99
90 97 34
90 98 87
90 99 33
91 92 51
91 93 77
91 94 18
91 95 30
91 96 117
91 97 55
91 98 105
91 99 10
92 93 83
92 94 55
92 95 29
92 96 77
92 97 40
92 98 66
92 99 61
93 94 59
93 95 60
93 96 87
93 97 43
93 98 78
93 99 82
94 95 27
94 96 109
94 97 44
94 98 97
94 99 24
95 96 87
95 97 26
95 98 75
95 99 40
96 97 65
96 98 12
96 99 127
97 98 53
97 99 64
98 99 115
0 2 101
0 3 92
0 4 36
0 5 62
0 12 79
0 14 96
0 15 62
0 16 12
0 20 77
0 21 13
0 24 14
0 26 48
0 27 78
0 29 79
0 35 70
0 36 9
0 37 58
0 38 46
0 40 26
0 41 44
0 43 25
0 44 50
0 45 46
0 47 108
0 48 40
0 49 53
0 50 35
0 51 83
0 52 76
0 53 64
0 54 83
0 57 58
0 59 36
0 60 35
0 62 88
0 64 53
0 66 103
0 70 61
0 72 54
0 74 65
0 77 86
0 78 62
0 79 31
0 80 14
0 81 94
0 82 63
0 87 17
0 90 28
0 91 5
0 93 79
0 95 35
0 96 121
0 97 59
0 99 6
1 4 55
1 6 80
1 7 26
1 9 61
1 10 70
1 13 64
1 16 75
1 21 99
1 22 50
1 25 48
1 26 72
1 27 86
1 31 31
1 33 41
1 34 16
1 36 88
1 38 63
1 39 59
1 42 15
1 43 78
1 44 54
1 45 42
1 46 40
1 47 21
1 49 45
1 52 36
1 53 73
1 58 46
1 59 51
1 61 6
1 62 37
1 64 54
1 66 15
1 68 32
1 70 62
1 74 47
1 80 74
1 81 7
1 82 83
1 84 76
1 85 65
1 86 65
1 87 76
1 92 38
1 93 79
1 94 80
1 95 54
1 98 28
1 99 93
2 5 102
2 6 98
2 8 23
2 9 79
2 13 81
2 14 25
2 15 40
2 16 89
2 17 66
2 18 98
2 19 38
2 20 78
2 23 33
2 27 104
2 28 76
2 30 80
2 31 44
2 32 17
2 34 33
2 35 100
2 37 47
2 40 97
2 42 33
2 43 95
2 44 72
2 45 57
2 46 41
2 48 62
2 49 63
2 52 53
2 53 91
2 54 19
2 55 39
2 56 45
2 57 44
2 59 66
2 60 70
2 61 12
2 62 53
2 63 96
2 68 48
2 70 80
2 72 49
2 73 29
2 76 91
2 79 82
2 80 89
2 82 101
2 84 94
2 85 80
2 86 84
2 89 48
2 91 97
2 93 97
2 97 59
2 99 107
3 5 69
3 8 18
3 9 42
3 13 41
3 18 79
3 19 8
3 21 105
3 27 66
3 37 37
3 38 81
3 39 64
3 40 78
3 41 50
3 43 76
3 45 47
3 46 65
3 48 63
3 53 57
3 54 32
3 56 24
3 58 61
3 59 58
3 60 71
3 61 31
3 64 45
3 65 77
3 69 4
3 70 48
3 71 16
3 72 42
3 73 62
3 74 70
3 75 75
3 76 56
3 81 31
3 83 41
3 86 48
3 88 68
3 89 28
3 91 88
3 92 56
3 98 21
4 6 54
4 10 72
4 13 79
4 14 66
4 16 25
4 17 18
4 23 48
4 24 27
4 25 46
4 26 53
4 27 83
4 32 51
4 35 75
4 36 41
4 37 31
4 38 19
4 40 44
4 42 50
4 43 41
4 44 43
4 47 76
4 48 5
4 50 45
4 52 56
4 53 66
4 54 50
4 55 82
4 56 90
4 61 58
4 64 45
4 66 70
4 67 68
4 71 77
4 72 26
4 81 60
4 85 24
4 87 33
4 89 94
4 93 80
4 95 19
4 96 92
4 98 81
4 99 42
5 7 105
5 10 22
5 12 27
5 13 38
5 14 82
5 15 75
5 16 59
5 17 53
5 19 67
5 21 72
5 22 55
5 25 109
5 26 17
5 30 25
5 31 71
5 32 95
5 33 80
5 34 69
5 36 54
5 37 59
5 38 89
5 39 53
5 42 69
5 43 37
5 46 98
5 47 98
5 51 91
5 52 50
5 53 12
5 54 84
5 55 85
5 56 90
5 58 74
5 64 31
5 66 95
5 68 60
5 70 22
5 71 84
5 73 107
5 74 96
5 75 72
5 76 12
5 78 45
5 81 90
5 82 1
5 83 40
5 88 6
5 89 92
5 90 37
5 92 78
5 93 20
5 94 42
5 99 65
6 7 98
6 8 79
6 10 37
6 14 82
6 15 65
6 17 39
6 19 68
6 20 42
6 21 52
6 23 94
6 24 35
6 25 97
6 26 11
6 29 74
6 34 64
6 35 29
6 39 37
6 40 16
6 41 46
6 42 66
6 44 26
6 45 43
6 46 86
6 49 35
6 51 84
6 52 52
6 53 24
6 60 56
6 61 85
6 62 63
6 63 34
6 66 93
6 67 69
6 68 63
6 69 74
6 74 82
6 76 25
6 79 62
6 81 87
6 82 21
6 83 33
6 87 27
6 88 27
6 90 18
6 91 40
6 95 36
6 96 103
7 8 34
7 9 85
7 10 94
7 12 92
7 13 90
7 16 83
7 19 47
7 20 85
7 21 105
7 22 61
7 25 30
7 27 109
7 29 25
7 30 85
7 33 41
7 34 36
7 38 59
7 43 92
7 45 55
7 46 28
7 47 33
7 48 55
7 50 90
7 51 14
7 54 22
7 55 54
7 56 60
7 57 37
7 58 49
7 61 21
7 62 62
7 63 102
7 67 57
7 72 46
7 74 38
7 76 95
7 79 72
7 80 84
7 81 22
7 83 65
7 85 76
7 93 103
7 95 66
7 97 62
7 99 100
8 9 56
8 10 65
8 14 5
8 15 36
8 16 79
8 23 46
8 27 81
8 35 77
8 37 33
8 38 71
8 40 82
8 42 13
8 44 53
8 46 49
8 51 27
8 53 69
8 56 31
8 59 55
8 61 13
8 64 52
8 65 73
8 66 14
8 67 23
8 68 25
8 70 59
8 75 69
8 76 69
8 77 67
8 79 78
8 80 77
8 82 80
8 83 46
8 84 75
8 85 67
8 86 61
8 88 81
8 90 71
8 91 86
8 92 45
8 95 57
8 96 32
9 10 9
9 11 27
9 20 5
9 22 50
9 25 95
9 26 27
9 27 25
9 29 60
9 32 76
9 33 69
9 34 50
9 37 44
9 42 46
9 46 85
9 48 64
9 49 28
9 50 39
9 51 73
9 52 26
9 53 16
9 54 63
9 56 62
9 58 66
9 60 70
9 63 17
9 65 67
9 67 39
9 69 46
9 70 11
9 73 90
9 75 71
9 77 16
9 78 26
9 79 81
9 80 60
9 81 68
9 82 26
9 83 28
9 84 31
9 87 55
9 89 65
9 91 69
9 92 67
9 96 72
9 97 27
9 98 62
10 12 5
10 13 15
10 18 53
10 20 10
10 26 27
10 27 16
10 33 77
10 37 52
10 38 91
10 39 58
10 40 51
10 41 56
10 42 55
10 43 51
10 45 52
10 46 93
10 47 81
10 48 71
10 51 81
10 53 13
10 54 72
10 55 65
10 56 69
10 57 72
10 58 73
10 59 57
10 61 76
10 64 27
10 68 42
10 69 54
10 70 15
10 72 56
10 73 99
10 76 11
10 79 86
10 80 63
10 81 76
10 82 21
10 83 35
10 85 55
10 86 8
10 88 20
10 89 72
10 92 74
10 94 55
10 95 53
10 96 79
10 97 35
10 99 79
11 13 41
11 17 41
11 18 28
11 25 98
11 26 5
11 27 27
11 28 20
11 29 71
11 32 86
11 33 68
11 35 19
11 39 41
11 42 61
11 44 22
11 45 43
11 46 87
11 50 16
11 51 82
11 52 45
11 53 14
11 55 81
11 56 87
11 57 65
11 59 43
11 61 81
11 63 24
11 68 55
11 69 67
11 73 97
11 74 84
11 77 36
11 79 68
11 80 41
11 81 83
11 85 35
11 88 18
11 89 90
11 90 25
11 91 49
11 93 28
11 94 31
11 97 35
11 98 85
12 16 72
12 19 48
12 21 91
12 23 96
12 24 68
12 29 68
12 32 84
12 33 78
12 35 19
12 38 93
12 39 61
12 40 55
12 42 53
12 43 55
12 44 32
12 45 53
12 46 93
12 48 72
12 53 17
12 55 61
12 56 65
12 57 72
12 58 74
12 63 13
12 64 29
12 66 76
12 67 43
12 72 56
12 74 93
12 75 79
12 80 67
12 83 37
12 84 35
12 85 58
12 89 67
12 90 51
12 93 12
12 96 75
12 97 35
12 99 83
13 15 70
13 17 62
13 23 96
13 25 104
13 27 28
13 28 27
13 29 66
13 30 18
13 31 41
13 34 56
13 35 30
13 38 97
13 39 67
13 40 64
13 43 64
13 44 38
13 45 57
13 46 93
13 47 72
13 49 40
13 51 78
13 53 28
13 54 68
13 56 56
13 59 64
13 60 82
13 61 70
13 62 29
13 63 23
13 65 81
13 68 33
13 69 45
13 70 26
13 72 58
13 73 96
13 74 95
13 76 26
13 81 70
13 83 41
13 86 20
13 87 70
13 90 59
13 92 77
13 96 67
13 97 37
13 98 59
13 99 91
14 15 41
14 17 59
14 21 108
14 23 51
14 27 82
14 30 59
14 32 33
14 34 25
14 36 95
14 37 38
14 38 76
14 39 67
14 42 17
14 44 56
14 45 49
14 50 77
14 51 32
14 57 46
14 58 58
14 59 60
14 60 70
14 64 55
14 66 13
14 67 21
14 68 24
14 69 13
14 71 12
14 74 61
14 75 74
14 76 70
14 80 82
14 84 78
14 87 82
14 88 83
14 89 29
14 90 75
14 92 51
14 97 43
14 99 101
15 18 62
15 19 39
15 20 63
15 21 73
15 23 29
15 24 50
15 25 34
15 29 19
15 30 60
15 31 52
15 34 18
15 35 77
15 36 64
15 37 17
15 38 35
15 39 35
15 40 61
15 41 20
15 45 22
15 49 35
15 50 57
15 53 67
15 54 23
15 55 58
15 57 5
15 59 28
15 61 31
15 63 76
15 67 49
15 69 45
15 70 57
15 71 52
15 77 77
15 81 33
15 82 75
15 83 36
15 85 42
15 86 63
15 87 53
15 94 58
15 98 56
15 99 67
16 18 23
16 19 74
16 20 69
16 22 25
16 29 66
16 31 86
16 34 59
16 35 66
16 37 46
16 39 16
16 40 24
16 42 66
16 43 22
16 44 41
16 48 29
16 49 43
16 50 31
16 53 59
16 54 71
16 55 97
16 56 104
16 58 34
16 59 24
16 61 79
16 69 81
16 71 93
16 74 55
16 76 59
16 78 52
16 81 81
16 82 59
16 83 41
16 84 43
16 86 61
16 88 65
16 89 108
16 90 22
16 91 8
16 92 43
16 94 18
16 95 23
16 96 109
16 97 48
16 98 97
16 99 18
17 20 52
17 25 58
17 26 37
17 29 43
17 35 57
17 36 37
17 37 21
17 41 8
17 42 42
17 43 30
17 44 25
17 47 72
17 48 17
17 51 49
17 52 42
17 59 2
17 61 56
17 63 59
17 64 28
17 65 21
17 68 51
17 71 68
17 72 18
17 74 43
17 76 49
17 77 65
17 78 29
17 79 32
17 80 23
17 82 54
17 83 21
17 85 14
17 86 47
17 89 84
17 91 32
17 94 30
17 95 3
17 99 42
18 21 35
18 22 35
18 25 89
18 26 26
18 27 55
18 30 49
18 32 86
18 33 60
18 37 51
18 39 28
18 40 2
18 41 41
18 45 41
18 47 102
18 48 46
18 49 40
18 50 13
18 51 82
18 52 61
18 53 41
18 55 97
18 56 104
18 59 34
18 60 45
18 61 87
18 62 73
18 63 51
18 64 36
18 65 32
18 66 96
18 67 78
18 68 72
18 70 41
18 71 94
18 76 42
18 77 64
18 80 18
18 82 39
18 84 23
18 85 20
18 86 47
18 88 45
18 90 12
18 91 23
18 92 59
18 93 56
18 95 30
18 97 45
19 21 99
19 22 50
19 23 57
19 25 67
19 28 42
19 32 40
19 35 63
19 37 30
19 38 73
19 40 73
19 41 43
19 43 71
19 45 40
19 54 26
19 55 23
19 56 30
19 58 54
19 61 27
19 62 15
19 63 59
19 65 70
19 66 28
19 68 10
19 70 45
19 72 34
19 73 56
19 74 63
19 76 55
19 77 52
19 79 78
19 80 71
19 81 27
19 86 47
19 88 67
19 89 35
19 92 48
19 93 59
19 94 73
19 95 51
19 98 24
20 21 90
20 26 31
20 32 76
20 33 72
20 35 25
20 37 46
20 38 88
20 39 57
20 41 52
20 49 31
20 50 44
20 52 25
20 59 54
20 60 73
20 61 66
20 62 29
20 65 71
20 67 36
20 68 31
20 69 44
20 70 16
20 71 55
20 73 91
20 74 87
20 75 74
20 76 19
20 80 64
20 81 67
20 82 30
20 83 31
20 89 62
20 90 49
20 95 51
20 96 69
20 98 60
20 99 81
21 22 50
21 24 27
21 30 82
21 32 97
21 35 81
21 40 37
21 43 36
21 48 51
21 52 89
21 55 122
21 56 129
21 57 68
21 60 44
21 61 103
21 62 101
21 63 86
21 64 66
21 67 104
21 68 98
21 69 106
21 71 117
21 72 67
21 78 76
21 79 37
21 81 105
21 82 73
21 83 65
21 85 38
21 86 80
21 87 30
21 88 79
21 90 41
21 92 66
21 94 32
21 98 122
22 23 54
22 27 67
22 29 42
22 31 62
22 36 38
22 38 35
22 39 9
22 46 45
22 47 71
22 49 23
22 50 32
22 51 48
22 53 50
22 57 25
22 58 19
22 61 55
22 63 60
22 67 57
22 69 57
22 72 17
22 73 58
22 74 41
22 75 21
22 80 24
22 83 22
22 85 15
22 86 49
22 88 60
22 90 25
22 91 33
22 98 72
22 99 43
23 24 74
23 25 12
23 26 89
23 28 81
23 31 68
23 32 18
23 35 105
23 36 88
23 37 46
23 38 43
23 39 61
23 40 88
23 44 73
23 45 51
23 46 11
23 47 50
23 49 64
23 51 19
23 53 96
23 55 68
23 56 75
23 57 29
23 58 38
23 60 49
23 65 63
23 68 66
23 70 85
23 75 54
23 78 62
23 80 74
23 81 36
23 82 104
23 83 65
23 86 91
23 89 79
23 90 79
23 91 80
23 92 30
23 94 85
23 96 72
23 98 63
24 26 39
24 27 70
24 29 66
24 31 84
24 33 44
24 37 44
24 40 20
24 42 65
24 45 33
24 46 64
24 53 54
24 54 70
24 57 46
24 58 36
24 60 27
24 62 75
24 63 65
24 66 90
24 68 72
24 72 41
24 73 79
24 74 57
24 75 23
24 79 28
24 80 1
24 82 55
24 83 38
24 84 38
24 88 60
24 91 9
24 92 44
24 94 14
24 95 21
24 97 45
24 98 95
24 99 19
25 26 93
25 28 87
25 29 41
25 35 111
25 36 86
25 37 52
25 38 37
25 39 62
25 42 56
25 43 86
25 49 69
25 51 30
25 53 101
25 54 42
25 57 33
25 58 38
25 59 56
25 61 46
25 63 110
25 65 61
25 66 57
25 67 77
25 69 71
25 71 73
25 73 17
25 76 102
25 80 73
25 81 48
25 83 70
25 85 69
25 88 113
25 91 77
25 92 32
25 93 112
25 95 61
25 97 69
26 27 31
26 28 17
26 29 67
26 30 23
26 31 65
26 34 56
26 36 42
26 37 45
26 39 37
26 41 42
26 43 24
26 45 39
26 46 82
26 47 89
26 49 27
26 50 13
26 52 42
26 54 71
26 57 60
26 58 57
26 60 56
26 63 26
26 69 64
26 70 16
26 71 77
26 72 46
26 74 79
26 75 55
26 77 38
26 80 38
26 81 79
26 82 17
26 83 26
26 84 5
26 86 21
26 87 32
26 88 22
26 90 21
26 92 62
26 93 31
26 94 29
26 96 93
26 98 82
26 99 52
27 31 68
27 35 8
27 36 71
27 37 66
27 38 102
27 39 67
27 43 53
27 47 98
27 51 97
27 54 88
27 58 85
27 60 86
27 61 92
27 62 55
27 64 39
27 66 95
27 68 58
27 71 82
27 73 114
27 74 106
27 76 16
27 78 50
27 79 95
27 82 16
27 83 48
27 85 62
27 91 76
27 94 58
27 95 63
27 97 49
27 98 86
28 29 55
28 31 48
28 32 70
28 33 59
28 35 25
28 36 55
28 37 35
28 39 40
28 42 43
28 47 73
28 48 52
28 49 17
28 50 27
28 51 67
28 52 26
28 57 54
28 59 39
28 60 57
28 61 64
28 64 9
28 70 5
28 72 38
28 75 58
28 76 15
28 77 28
28 79 68
28 80 47
28 82 25
28 85 38
28 86 11
28 87 43
28 89 71
28 90 32
28 91 57
28 92 56
28 93 26
28 97 18
28 99 64
29 31 38
29 32 16
29 34 11
29 35 79
29 36 80
29 37 24
29 39 51
29 43 71
29 46 32
29 47 31
29 50 67
29 53 70
29 54 5
29 58 37
29 59 43
29 60 49
29 62 41
29 65 60
29 66 25
29 73 31
29 74 38
29 75 54
29 77 74
29 78 36
29 80 65
29 81 15
29 83 41
29 84 72
29 85 57
29 86 64
29 89 53
29 90 63
29 91 74
29 92 28
29 94 72
29 95 46
29 96 49
29 98 38
29 99 84
30 31 46
30 32 76
30 33 68
30 34 50
30 35 20
30 36 64
30 37 43
30 38 83
30 40 46
30 41 48
30 42 47
30 43 46
30 53 13
30 56 65
30 57 62
30 59 49
30 60 67
30 62 34
30 63 16
30 64 19
30 65 64
30 66 71
30 67 41
30 68 35
30 69 48
30 70 8
30 71 60
30 73 90
30 74 84
30 75 68
30 77 18
30 80 57
30 82 24
30 83 27
30 86 4
30 87 52
30 89 68
30 91 66
30 93 18
30 94 50
30 95 45
30 96 74
31 32 51
31 34 34
31 36 95
31 37 43
31 42 25
31 43 80
31 44 51
31 46 70
31 47 32
31 49 45
31 51 49
31 56 19
31 67 6
31 72 48
31 73 67
31 76 59
31 77 51
31 82 70
31 85 73
31 87 82
31 88 71
31 89 23
31 91 93
31 94 84
31 97 39
31 98 18
32 35 95
32 37 37
32 42 31
32 43 83
32 44 64
32 46 24
32 48 47
32 50 81
32 51 4
32 54 14
32 58 41
32 59 53
32 60 54
32 63 93
32 67 50
32 68 50
32 69 43
32 71 44
32 76 86
32 78 51
32 80 75
32 81 18
32 82 95
32 83 56
32 87 78
32 93 94
32 96 54
32 97 52
32 99 92
33 35 83
33 40 59
33 42 40
33 43 56
33 47 61
33 49 42
33 50 58
33 51 30
33 52 53
33 55 71
33 56 79
33 57 8
33 58 9
33 59 26
33 62 63
33 69 58
33 71 65
33 74 16
33 76 73
33 77 85
33 78 44
33 79 32
33 81 45
33 83 42
33 86 70
33 88 84
33 90 50
33 91 51
33 93 85
33 95 31
33 96 80
34 36 72
34 37 14
34 41 27
34 42 9
34 44 39
34 47 37
34 48 37
34 50 57
34 51 23
34 52 27
34 54 15
34 55 41
34 58 34
34 59 36
34 61 22
34 63 66
34 64 39
34 65 54
34 71 35
34 72 17
34 76 59
34 85 48
34 87 60
34 88 72
34 89 53
34 90 54
34 91 67
34 93 68
34 94 63
34 97 26
34 98 39
35 36 63
35 38 94
35 40 44
35 41 61
35 42 67
35 45 57
35 50 35
35 52 47
35 53 9
35 54 83
35 56 84
35 58 77
35 60 78
35 67 60
35 69 68
35 70 20
35 71 80
35 72 62
35 79 86
35 80 60
35 83 41
35 84 24
35 86 16
35 88 5
35 92 80
35 93 11
35 96 94
35 98 84
36 38 53
36 45 46
36 46 78
36 50 29
36 55 107
36 58 50
36 59 37
36 61 92
36 62 85
36 63 68
36 68 83
36 69 92
36 70 56
36 74 70
36 75 35
36 78 60
36 81 94
36 82 55
36 85 24
36 86 62
36 88 61
36 91 10
36 93 72
36 95 34
36 97 56
36 99 10
37 40 50
37 41 14
37 42 21
37 43 47
37 44 28
37 46 41
37 48 26
37 52 27
37 53 50
37 54 28
37 56 60
37 58 26
37 60 35
37 63 59
37 66 46
37 69 37
37 71 47
37 76 50
37 77 59
37 79 48
37 80 44
37 81 37
37 86 46
37 87 45
37 89 64
37 90 40
37 91 53
37 92 23
37 93 61
37 95 23
37 96 64
37 97 17
37 99 63
38 39 36
38 40 61
38 41 36
38 43 58
38 45 40
38 50 63
38 52 73
38 54 57
38 55 93
38 56 101
38 57 30
38 59 34
38 60 16
38 61 65
38 67 82
38 69 80
38 71 87
38 73 49
38 74 22
38 76 85
38 80 42
38 85 42
38 87 49
38 89 105
38 92 25
38 93 99
38 95 39
38 98 91
38 99 50
39 41 16
39 42 50
39 44 29
39 46 52
39 48 18
39 50 27
39 51 56
39 54 55
39 58 24
39 59 8
39 62 62
39 64 32
39 69 65
39 71 76
39 75 18
39 79 28
39 81 65
39 83 27
39 85 8
39 89 92
39 90 19
39 92 31
39 94 24
39 95 6
39 98 81
39 99 34
40 41 41
40 42 68
40 43 3
40 44 31
40 45 40
40 46 79
40 48 46
40 56 102
40 57 59
40 61 86
40 62 71
40 63 49
40 67 76
40 69 80
40 71 92
40 73 93
40 74 74
40 75 42
40 76 40
40 78 47
40 80 19
40 83 36
40 88 43
40 89 105
40 90 10
40 91 24
40 97 43
40 99 29
41 42 35
41 43 38
41 44 28
41 47 64
41 48 15
41 50 37
41 54 39
41 55 66
41 56 74
41 57 19
41 64 30
41 66 58
41 67 51
41 69 51
41 70 42
41 71 61
41 73 53
41 74 38
41 76 52
41 78 26
41 79 35
41 82 58
41 87 33
41 88 62
41 90 31
41 92 20
41 93 64
41 94 38
41 95 11
41 96 78
42 43 66
42 44 40
42 46 46
42 47 32
42 48 45
42 49 32
42 51 28
42 53 58
42 55 32
42 57 33
42 59 43
42 61 21
42 62 25
42 63 63
42 64 40
42 65 62
42 68 20
42 69 18
42 70 47
42 73 46
42 76 58
42 78 24
42 79 68
42 80 64
42 81 22
42 82 68
42 85 54
42 88 70
42 89 44
42 92 37
42 95 44
42 96 43
42 98 31
42 99 84
43 45 37
43 46 76
43 47 98
43 48 43
43 49 36
43 51 79
43 52 57
43 53 39
43 54 76
43 55 93
43 56 100
43 57 56
43 61 83
43 64 32
43 68 68
43 70 38
43 71 90
43 74 71
43 78 45
43 80 17
43 83 34
43 84 22
43 88 44
43 91 23
43 95 27
43 96 107
43 97 41
43 99 28
44 45 24
44 46 67
44 49 9
44 50 22
44 53 24
44 54 54
44 57 45
44 58 44
44 63 34
44 65 43
44 66 67
44 67 45
44 68 38
44 69 49
44 70 15
44 71 61
44 73 76
44 76 24
44 78 17
44 81 61
44 82 31
44 84 22
44 86 22
44 87 34
44 92 47
44 93 37
44 94 33
44 98 66
44 99 55
45 48 20
45 50 35
45 51 41
45 53 48
45 55 63
45 56 70
45 57 22
45 64 25
45 65 30
45 67 47
45 74 41
45 75 29
45 78 22
45 80 33
45 83 17
45 84 42
45 86 45
45 91 42
45 94 38
45 96 75
45 98 63
46 47 57
46 48 34
46 50 77
46 52 64
46 53 91
46 54 34
46 55 73
46 57 22
46 61 39
46 62 71
46 63 99
46 66 51
46 68 66
46 69 62
46 70 80
46 71 66
46 76 91
46 77 100
46 79 46
46 80 64
46 81 41
46 83 59
46 85 60
46 87 70
46 88 102
46 89 83
46 90 70
46 91 69
46 92 21
46 93 102
46 94 75
46 97 58
46 99 78
47 48 72
47 50 92
47 51 34
47 53 87
47 54 27
47 55 24
47 56 28
47 57 55
47 59 72
47 60 80
47 62 43
47 63 90
47 67 36
47 71 19
47 76 86
47 77 82
47 78 55
47 79 93
47 83 65
47 86 79
47 88 99
47 90 90
47 91 104
47 93 90
47 96 22
47 98 17
48 49 36
48 50 45
48 51 43
48 52 53
48 54 45
48 55 78
48 56 85
48 60 8
48 61 53
48 63 75
48 64 44
48 65 20
48 66 66
48 67 64
48 68 60
48 73 49
48 74 28
48 75 13
48 79 22
48 80 30
48 82 70
48 84 55
48 85 26
48 86 63
48 87 36
48 88 75
48 90 37
48 91 36
48 93 78
48 96 88
49 50 29
49 52 23
49 53 32
49 55 58
49 56 64
49 58 38
49 60 42
49 63 41
49 64 10
49 65 42
49 69 42
49 74 58
49 76 32
49 78 10
49 84 31
49 88 44
49 91 49
49 93 44
49 94 38
49 96 71
49 97 6
50 52 49
50 54 72
50 56 92
50 57 56
50 58 50
50 60 47
50 62 61
50 63 39
50 64 24
50 67 66
50 70 28
50 75 45
50 76 30
50 78 38
50 81 80
50 83 28
50 84 12
50 85 21
50 88 34
50 90 9
50 94 15
50 99 39
51 52 49
51 54 12
51 55 50
51 56 57
51 58 38
51 59 49
51 60 50
51 62 53
51 66 28
51 68 48
51 69 41
51 73 18
51 74 32
51 75 55
51 77 87
51 78 47
51 79 62
51 80 71
51 82 91
51 83 52
51 84 82
51 85 63
51 88 94
51 91 78
51 92 28
51 93 91
51 94 79
51 95 52
51 97 49
52 56 43
52 57 46
52 64 26
52 65 63
52 70 29
52 72 32
52 77 38
52 78 13
52 79 74
52 81 42
52 83 24
52 84 47
52 87 60
52 89 46
52 91 72
52 92 50
52 93 43
52 95 43
52 97 17
53 54 74
53 56 78
53 59 50
53 61 79
53 66 83
53 68 48
53 71 73
53 75 69
53 76 1
53 78 35
53 80 53
53 81 80
53 82 11
53 84 18
53 85 46
53 86 9
53 87 47
53 89 81
53 91 62
53 92 71
53 93 15
53 96 88
53 97 34
53 98 77
53 99 68
54 55 39
54 60 53
54 64 54
54 68 36
54 71 32
54 72 30
54 80 70
54 81 10
54 84 76
54 85 61
54 86 67
54 88 86
54 89 50
54 90 68
54 91 79
54 92 32
54 93 81
54 96 45
55 58 75
55 59 74
55 62 27
55 64 62
55 66 26
55 67 20
55 69 16
55 71 7
55 78 48
55 79 100
55 80 95
55 84 84
55 85 84
55 86 64
55 87 94
55 88 84
55 89 12
55 90 86
55 91 105
55 94 96
55 96 14
55 97 52
56 58 82
56 63 78
56 66 31
56 67 26
56 70 70
56 71 14
56 72 64
56 73 72
56 77 67
56 79 107
56 81 39
56 83 66
56 85 91
56 86 69
56 88 88
56 90 92
56 91 112
56 92 76
56 93 76
56 95 82
56 96 11
56 98 12
56 99 122
57 59 25
57 60 25
57 61 36
57 63 77
57 65 38
57 67 53
57 68 50
57 69 50
57 70 58
57 73 34
57 74 21
57 75 31
57 76 69
57 77 79
57 80 46
57 81 39
57 85 40
57 86 65
57 88 80
57 90 49
57 92 5
57 94 56
57 95 29
57 96 72
57 98 61
58 59 19
58 61 49
58 62 63
58 63 78
58 64 46
58 65 26
58 68 58
58 69 61
58 70 59
58 71 69
58 72 21
58 74 23
58 76 68
58 77 82
58 80 36
58 81 51
58 82 74
58 83 38
58 90 42
58 91 42
58 94 47
58 96 84
58 97 40
58 99 51
59 62 56
59 63 61
59 65 20
59 66 67
59 70 42
59 71 69
59 75 20
59 77 67
59 78 31
59 87 25
59 89 85
59 90 24
59 94 30
59 95 5
60 62 72
60 67 72
60 70 61
60 72 30
60 74 30
60 76 69
60 78 48
60 79 14
60 81 64
60 82 73
60 86 68
60 88 78
60 89 98
60 94 40
60 99 40
61 62 42
61 65 72
61 66 13
61 67 36
61 69 28
61 71 27
61 73 32
61 75 67
61 76 78
61 78 44
61 82 89
61 85 69
61 87 81
61 88 91
61 90 75
61 91 87
61 92 40
61 99 97
62 63 48
62 67 7
62 70 38
62 71 27
62 72 43
62 74 75
62 77 39
62 82 57
62 84 58
62 85 63
62 89 35
62 90 62
62 93 47
62 95 55
62 98 31
62 99 93
63 67 55
63 70 19
63 72 62
63 73 106
63 74 98
63 75 79
63 78 42
63 80 64
63 83 41
63 85 56
63 88 12
63 89 80
63 92 80
63 93 5
63 94 54
63 95 57
63 98 79
64 65 46
64 69 47
64 70 13
64 71 60
64 73 77
64 76 23
64 79 60
64 83 9
64 86 20
64 89 72
64 91 50
64 92 48
64 93 35
64 94 36
64 95 27
64 96 76
64 97 13
64 99 58
65 76 64
65 79 16
65 80 14
65 81 75
65 83 41
65 84 49
65 86 64
65 87 21
65 88 70
65 91 16
65 92 35
65 93 78
65 94 27
65 95 20
65 97 47
65 98 93
65 99 26
66 67 34
66 69 26
66 71 20
66 73 41
66 77 80
66 78 51
66 80 89
66 81 10
66 83 60
66 85 80
66 87 91
66 90 85
66 98 20
66 99 108
67 68 6
67 69 8
67 70 44
67 71 19
67 73 66
67 74 73
67 76 53
67 79 86
67 81 35
67 82 64
67 84 64
67 86 45
67 88 65
67 93 55
67 95 58
67 96 34
67 98 24
67 99 97
68 69 13
68 70 39
68 74 70
68 76 47
68 78 23
68 79 81
68 80 71
68 84 58
68 85 60
68 86 39
68 88 59
68 89 36
68 91 81
68 95 52
68 97 27
68 99 91
69 71 13
69 73 59
69 77 55
69 80 79
69 82 71
69 83 43
69 84 69
69 88 72
69 89 27
69 91 89
69 92 55
69 94 80
69 95 59
69 97 36
69 98 17
69 99 99
70 71 63
70 72 43
70 74 79
70 75 61
70 78 24
70 79 71
70 82 21
70 83 22
70 84 21
70 85 40
70 89 73
70 90 33
70 92 61
70 93 22
70 94 42
70 96 79
70 98 68
71 72 52
71 74 73
71 76 72
71 77 65
71 78 45
71 81 26
71 82 84
71 86 64
71 87 90
71 88 84
71 89 18
71 93 74
71 96 17
71 97 49
71 98 5
71 99 110
72 78 22
72 79 43
72 80 41
72 81 40
72 82 61
72 83 21
72 84 50
72 88 65
72 90 39
72 91 50
72 97 21
72 98 56
73 74 27
73 75 60
73 80 79
73 81 33
73 82 107
73 83 67
73 84 96
73 86 93
73 87 84
73 89 76
73 90 83
73 91 85
73 92 35
73 93 108
73 95 63
73 97 65
74 76 89
74 77 101
74 78 59
74 79 37
74 81 49
74 82 96
74 86 86
74 87 63
74 91 61
74 92 18
74 93 101
74 94 69
74 95 46
74 98 76
74 99 70
75 77 86
75 78 51
75 80 23
75 82 72
75 85 24
75 87 30
75 96 101
75 98 89
75 99 35
76 79 79
76 83 32
76 84 20
76 85 46
76 87 48
76 88 13
76 90 37
76 91 63
76 92 71
76 93 14
76 95 47
76 96 87
76 97 33
77 78 42
77 85 65
77 86 18
77 87 69
77 91 83
77 93 11
78 79 61
78 81 46
78 83 11
78 85 38
78 87 47
78 88 47
78 89 59
78 90 38
78 92 41
78 94 48
78 96 62
78 97 4
78 98 50
79 81 76
79 83 53
79 84 64
79 86 79
79 87 36
79 88 86
79 91 28
79 92 34
79 95 33
80 81 80
80 82 54
80 86 56
80 87 7
80 90 17
80 92 45
80 94 13
80 95 21
80 98 95
80 99 20
81 85 71
81 89 43
81 90 77
81 92 43
81 93 85
81 95 60
81 97 48
81 98 28
81 99 99
82 83 40
82 84 17
82 86 20
82 87 47
82 89 92
82 92 78
82 93 19
82 95 51
82 96 98
82 99 66
83 85 27
83 86 28
83 87 36
83 90 27
83 91 48
83 93 44
83 94 37
83 96 72
83 97 7
83 98 60
84 87 31
84 88 22
84 91 45
84 92 65
84 95 36
84 96 98
84 97 35
85 87 11
85 88 53
85 89 95
85 90 12
85 91 21
85 93 61
85 97 34
85 98 85
85 99 30
86 87 51
86 90 40
86 93 15
86 94 49
86 96 79
86 97 28
86 99 72
87 89 105
87 91 14
87 92 49
87 94 6
87 95 22
87 99 22
88 89 91
88 90 43
88 91 67
88 92 82
88 93 15
88 95 56
88 96 98
88 97 46
88 98 89
89 95 86
89 97 62
89 99 126
90 91 25
90 92 49
90 93 51
90 95 20
90 96 99
90 97 34
90 98 87
90 99 33
91 93 77
91 94 18
91 97 55
91 98 105
92 93 83
92 94 55
92 96 77
92 98 66
92 99 61
93 95 60
94 97 44
95 97 26
95 98 75
96 97 65
96 98 12
96 99 127
97 98 53
97 99 64
98 99 115
