100 4950 2475 4 89
0.0228667 0.214871 96
0.944628 0.337188 33
0.678619 0.210253 35
0.0320718 0.521194 106
0.184605 0.796408 111
0.140009 0.877377 120
0.347466 0.904916 109
0.464062 0.829149 96
0.605096 0.0692802 36
0.331473 0.41048 75
0.963994 0.0117143 0
0.388812 0.0852351 58
0.744709 0.862659 88
0.751554 0.0150866 21
0.555075 0.090843 42
0.406975 0.396093 68
0.668198 0.0272296 30
0.473819 0.179221 52
0.771983 0.156702 24
0.65644 0.0588418 31
0.769431 0.91706 93
0.169601 0.179727 81
0.283714 0.992361 119
0.408745 0.526953 76
0.246282 0.631415 95
0.0991163 0.0784105 87
0.368216 0.0762945 60
0.709628 0.637868 68
0.266854 0.212183 73
0.251234 0.505181 87
0.569862 0.605164 71
0.798921 0.363745 39
0.429282 0.71879 89
0.719194 0.548997 59
0.0997615 0.286845 91
0.417476 0.281443 61
0.369969 0.587818 83
0.268961 0.269582 74
0.377685 0.915478 108
0.89547 0.487516 48
0.371646 0.786065 97
0.0961914 0.901077 124
0.420977 0.715515 89
0.606499 0.0418985 36
0.152833 0.010329 81
0.71217 0.556994 60
0.980381 0.953547 94
0.0418342 0.733536 117
0.508685 0.188472 49
0.943831 0.871408 86
0.791405 0.354221 38
0.634131 0.881598 93
0.68318 0.927845 96
0.688831 0.56302 62
0.224925 0.540979 91
0.883806 0.615499 61
0.0931621 0.925029 126
0.123182 0.0410074 84
0.639992 0.378174 49
0.761727 0.453995 49
0.557209 0.121875 42
0.0273156 0.459284 104
0.901133 0.31995 31
0.106042 0.0659038 86
0.0287193 0.921511 130
0.457322 0.883731 101
0.0190278 0.624824 113
0.313007 0.789409 101
0.0813452 0.471197 100
0.317085 0.826132 104
0.393766 0.327738 65
0.469117 0.13732 51
0.203298 0.14831 77
0.74546 0.949866 96
0.864646 0.696193 69
0.653709 0.146522 34
0.02842 0.91916 130
0.257112 0.428233 82
0.751776 0.815959 83
0.501566 0.884414 99
0.0161009 0.410412 103
0.572567 0.0352173 39
0.797388 0.550463 56
0.0670321 0.976497 132
0.0329199 0.673786 114
0.251287 0.793054 106
0.80542 0.794768 80
0.226158 0.628721 96
0.353934 0.15315 63
0.588806 0.477084 60
0.141863 0.67694 106
0.0719796 0.32546 95
0.207617 0.0693894 76
0.766117 0.780965 79
0.569787 0.956713 102
0.573326 0.25347 46
0.585975 0.488642 61
0.154155 0.164396 82
0.881066 0.613481 61
0.795682 0.909506 91
0 1 93
0 2 66
0 3 31
0 4 60
0 5 67
0 6 76
0 7 76
0 8 60
0 9 37
0 10 96
0 11 39
0 12 97
0 13 76
0 14 55
0 15 42
0 16 67
0 17 45
0 18 75
0 19 65
0 20 102
0 21 15
0 22 82
0 23 50
0 24 47
0 25 16
0 26 37
0 27 81
0 28 24
0 29 37
0 30 67
0 31 79
0 32 65
0 33 77
0 34 11
0 35 40
0 36 51
0 37 25
0 38 79
0 39 91
0 40 67
0 41 69
0 42 64
0 43 61
0 44 24
0 45 77
0 46 121
0 47 52
0 48 49
0 49 113
0 50 78
0 51 90
0 52 97
0 53 75
0 54 38
0 55 95
0 56 71
0 57 20
0 58 64
0 59 78
0 60 54
0 61 24
0 62 88
0 63 17
0 64 71
0 65 80
0 66 41
0 67 64
0 68 26
0 69 68
0 70 39
0 71 45
0 72 19
0 73 103
0 74 97
0 75 63
0 76 70
0 77 32
0 78 94
0 79 82
0 80 20
0 81 58
0 82 84
0 83 76
0 84 46
0 85 62
0 86 97
0 87 46
0 88 34
0 89 62
0 90 48
0 91 12
0 92 24
0 93 93
0 94 92
0 95 55
0 96 63
0 97 14
0 98 95
0 99 104
1 2 29
1 3 93
1 4 89
1 5 97
1 6 82
1 7 69
1 8 43
1 9 62
1 10 33
1 11 61
1 12 56
1 13 38
1 14 46
1 15 54
1 16 42
1 17 50
1 18 25
1 19 40
1 20 61
1 21 79
1 22 93
1 23 57
1 24 76
1 25 88
1 26 63
1 27 38
1 28 69
1 29 71
1 30 46
1 31 15
1 32 64
1 33 31
1 34 85
1 35 53
1 36 63
1 37 68
1 38 81
1 39 16
1 40 73
1 41 102
1 42 65
1 43 45
1 44 86
1 45 32
1 46 62
1 47 99
1 48 46
1 49 53
1 50 15
1 51 63
1 52 65
1 53 34
1 54 75
1 55 28
1 56 103
1 57 87
1 58 31
1 59 22
1 60 44
1 61 93
1 62 5
1 63 88
1 64 109
1 65 73
1 66 97
1 67 78
1 68 87
1 69 80
1 70 55
1 71 52
1 72 77
1 73 64
1 74 37
1 75 35
1 76 109
1 77 69
1 78 52
1 79 70
1 80 93
1 81 48
1 82 26
1 83 109
1 84 97
1 85 83
1 86 48
1 87 78
1 88 62
1 89 38
1 90 87
1 91 87
1 92 78
1 93 48
1 94 72
1 95 38
1 96 39
1 97 81
1 98 28
1 99 59
2 3 72
2 4 77
2 5 86
2 6 77
2 7 66
2 8 16
2 9 40
2 10 35
2 11 32
2 12 66
2 13 21
2 14 17
2 15 33
2 16 18
2 17 21
2 18 11
2 19 15
2 20 71
2 21 51
2 22 88
2 23 42
2 24 60
2 25 59
2 26 34
2 27 43
2 28 41
2 29 52
2 30 41
2 31 20
2 32 57
2 33 34
2 34 58
2 35 27
2 36 49
2 37 41
2 38 77
2 39 35
2 40 65
2 41 90
2 42 57
2 43 18
2 44 56
2 45 35
2 46 80
2 47 82
2 48 17
2 49 71
2 50 18
2 51 67
2 52 72
2 53 35
2 54 56
2 55 45
2 56 92
2 57 58
2 58 17
2 59 26
2 60 15
2 61 70
2 62 25
2 63 59
2 64 96
2 65 71
2 66 78
2 67 68
2 68 65
2 69 71
2 70 31
2 71 22
2 72 48
2 73 74
2 74 52
2 75 7
2 76 96
2 77 47
2 78 61
2 79 70
2 80 69
2 81 20
2 82 36
2 83 98
2 84 79
2 85 72
2 86 60
2 87 62
2 88 33
2 89 28
2 90 71
2 91 62
2 92 49
2 93 58
2 94 75
2 95 11
2 96 29
2 97 53
2 98 45
2 99 71
3 4 31
3 5 37
3 6 50
3 7 53
3 8 73
3 9 32
3 10 106
3 11 56
3 12 79
3 13 88
3 14 68
3 15 40
3 16 81
3 17 56
3 18 82
3 19 78
3 20 84
3 21 37
3 22 53
3 23 38
3 24 24
3 25 45
3 26 56
3 27 69
3 28 39
3 29 22
3 30 54
3 31 78
3 32 44
3 33 69
3 34 24
3 35 45
3 36 34
3 37 35
3 38 52
3 39 86
3 40 43
3 41 39
3 42 43
3 43 75
3 44 52
3 45 68
3 46 104
3 47 21
3 48 58
3 49 98
3 50 78
3 51 70
3 52 77
3 53 66
3 54 19
3 55 86
3 56 41
3 57 49
3 58 62
3 59 73
3 60 66
3 61 6
3 62 89
3 63 46
3 64 40
3 65 56
3 66 10
3 67 39
3 68 7
3 69 42
3 70 41
3 71 58
3 72 41
3 73 83
3 74 85
3 75 73
3 76 40
3 77 24
3 78 78
3 79 59
3 80 11
3 81 73
3 82 77
3 83 46
3 84 15
3 85 35
3 86 82
3 87 22
3 88 49
3 89 56
3 90 19
3 91 20
3 92 48
3 93 78
3 94 69
3 95 60
3 96 55
3 97 38
3 98 85
3 99 86
4 5 9
4 6 20
4 7 28
4 8 84
4 9 41
4 10 111
4 11 74
4 12 56
4 13 97
4 14 80
4 15 46
4 16 91
4 17 68
4 18 87
4 19 88
4 20 60
4 21 62
4 22 22
4 23 35
4 24 18
4 25 72
4 26 74
4 27 55
4 28 59
4 29 30
4 30 43
4 31 75
4 32 26
4 33 59
4 34 52
4 35 57
4 36 28
4 37 53
4 38 23
4 39 78
4 40 19
4 41 14
4 42 25
4 43 86
4 44 79
4 45 58
4 46 81
4 47 16
4 48 69
4 49 76
4 50 75
4 51 46
4 52 52
4 53 56
4 54 26
4 55 72
4 56 16
4 57 76
4 58 62
4 59 67
4 60 77
4 61 37
4 62 86
4 63 73
4 64 20
4 65 29
4 66 24
4 67 13
4 68 34
4 69 14
4 70 51
4 71 72
4 72 65
4 73 58
4 74 69
4 75 80
4 76 20
4 77 38
4 78 57
4 79 33
4 80 42
4 81 85
4 82 66
4 83 22
4 84 20
4 85 7
4 86 62
4 87 17
4 88 67
4 89 52
4 90 13
4 91 48
4 92 73
4 93 58
4 94 42
4 95 67
4 96 51
4 97 63
4 98 72
4 99 62
5 6 21
5 7 33
5 8 93
5 9 50
5 10 120
5 11 83
5 12 60
5 13 106
5 14 89
5 15 55
5 16 100
5 17 77
5 18 96
5 19 97
5 20 63
5 21 70
5 22 18
5 23 44
5 24 27
5 25 80
5 26 83
5 27 62
5 28 68
5 29 39
5 30 51
5 31 84
5 32 33
5 33 67
5 34 59
5 35 66
5 36 37
5 37 62
5 38 24
5 39 85
5 40 25
5 41 5
5 42 32
5 43 96
5 44 87
5 45 66
5 46 84
5 47 17
5 48 78
5 49 80
5 50 84
5 51 49
5 52 55
5 53 63
5 54 35
5 55 79
5 56 7
5 57 84
5 58 71
5 59 75
5 60 86
5 61 43
5 62 94
5 63 81
5 64 12
5 65 32
5 66 28
5 67 19
5 68 41
5 69 18
5 70 61
5 71 81
5 72 73
5 73 61
5 74 75
5 75 89
5 76 12
5 77 46
5 78 61
5 79 36
5 80 48
5 81 95
5 82 73
5 83 12
5 84 23
5 85 14
5 86 67
5 87 26
5 88 76
5 89 60
5 90 20
5 91 56
5 92 81
5 93 63
5 94 44
5 95 76
5 96 59
5 97 71
5 98 79
5 99 66
6 7 14
6 8 87
6 9 49
6 10 109
6 11 82
6 12 40
6 13 98
6 14 84
6 15 51
6 16 93
6 17 74
6 18 86
6 19 90
6 20 42
6 21 75
6 22 11
6 23 38
6 24 29
6 25 86
6 26 83
6 27 45
6 28 70
6 29 41
6 30 37
6 31 70
6 32 20
6 33 51
6 34 67
6 35 63
6 36 32
6 37 64
6 38 3
6 39 69
6 40 12
6 41 25
6 42 20
6 43 90
6 44 92
6 45 50
6 46 63
6 47 35
6 48 73
6 49 60
6 50 71
6 51 29
6 52 34
6 53 48
6 54 38
6 55 61
6 56 26
6 57 89
6 58 60
6 59 61
6 60 81
6 61 55
6 62 81
6 63 87
6 64 32
6 65 11
6 66 43
6 67 12
6 68 51
6 69 8
6 70 58
6 71 78
6 72 77
6 73 40
6 74 56
6 75 82
6 76 32
6 77 49
6 78 41
6 79 16
6 80 60
6 81 90
6 82 57
6 83 29
6 84 39
6 85 15
6 86 47
6 87 30
6 88 75
6 89 49
6 90 31
6 91 64
6 92 85
6 93 44
6 94 23
6 95 69
6 96 48
6 97 77
6 98 61
6 99 45
7 8 77
7 9 44
7 10 96
7 11 75
7 12 28
7 13 86
7 14 74
7 15 44
7 16 83
7 17 65
7 18 74
7 19 79
7 20 32
7 21 71
7 22 24
7 23 31
7 24 29
7 25 83
7 26 76
7 27 31
7 28 65
7 29 39
7 30 25
7 31 57
7 32 12
7 33 38
7 34 65
7 35 55
7 36 26
7 37 59
7 38 12
7 39 55
7 40 10
7 41 37
7 42 12
7 43 80
7 44 88
7 45 37
7 46 53
7 47 43
7 48 64
7 49 48
7 50 58
7 51 18
7 52 24
7 53 35
7 54 37
7 55 47
7 56 38
7 57 86
7 58 48
7 59 48
7 60 71
7 61 57
7 62 67
7 63 84
7 64 45
7 65 5
7 66 49
7 67 16
7 68 52
7 69 15
7 70 51
7 71 69
7 72 73
7 73 31
7 74 42
7 75 71
7 76 44
7 77 45
7 78 29
7 79 7
7 80 61
7 81 80
7 82 43
7 83 42
7 84 46
7 85 22
7 86 34
7 87 31
7 88 68
7 89 37
7 90 36
7 91 64
7 92 80
7 93 31
7 94 17
7 95 59
7 96 36
7 97 73
7 98 47
7 99 34
8 9 44
8 10 36
8 11 22
8 12 81
8 13 16
8 14 5
8 15 38
8 16 8
8 17 17
8 18 19
8 19 5
8 20 86
8 21 45
8 22 98
8 23 50
8 24 67
8 25 51
8 26 24
8 27 58
8 28 37
8 29 56
8 30 54
8 31 35
8 32 67
8 33 49
8 34 55
8 35 28
8 36 57
8 37 39
8 38 88
8 39 51
8 40 75
8 41 98
8 42 67
8 43 3
8 44 46
8 45 50
8 46 96
8 47 87
8 48 15
8 49 87
8 50 34
8 51 81
8 52 86
8 53 50
8 54 61
8 55 61
8 56 100
8 57 48
8 58 31
8 59 42
8 60 7
8 61 70
8 62 39
8 63 50
8 64 103
8 65 83
8 66 81
8 67 78
8 68 66
8 69 81
8 70 33
8 71 15
8 72 41
8 73 89
8 74 68
8 75 9
8 76 103
8 77 50
8 78 76
8 79 82
8 80 68
8 81 5
8 82 52
8 83 105
8 84 83
8 85 81
8 86 75
8 87 68
8 88 26
8 89 41
8 90 76
8 91 59
8 92 40
8 93 73
8 94 89
8 95 19
8 96 42
8 97 46
8 98 61
8 99 86
9 10 75
9 11 33
9 12 61
9 13 58
9 14 39
9 15 8
9 16 51
9 17 27
9 18 51
9 19 48
9 20 67
9 21 28
9 22 58
9 23 14
9 24 24
9 25 41
9 26 34
9 27 44
9 28 21
9 29 12
9 30 31
9 31 47
9 32 32
9 33 41
9 34 26
9 35 16
9 36 18
9 37 15
9 38 51
9 39 57
9 40 38
9 41 54
9 42 32
9 43 46
9 44 44
9 45 41
9 46 85
9 47 43
9 48 28
9 49 77
9 50 46
9 51 56
9 52 63
9 53 39
9 54 17
9 55 59
9 56 57
9 57 42
9 58 31
9 59 43
9 60 37
9 61 31
9 62 58
9 63 41
9 64 59
9 65 49
9 66 38
9 67 38
9 68 26
9 69 42
9 70 10
9 71 31
9 72 29
9 73 68
9 74 60
9 75 42
9 76 59
9 77 8
9 78 58
9 79 50
9 80 32
9 81 45
9 82 49
9 83 62
9 84 40
9 85 39
9 86 61
9 87 24
9 88 26
9 89 27
9 90 33
9 91 27
9 92 36
9 93 57
9 94 60
9 95 29
9 96 27
9 97 30
9 98 59
9 99 68
10 11 58
10 12 88
10 13 21
10 14 42
10 15 68
10 16 30
10 17 52
10 18 24
10 19 31
10 20 93
10 21 81
10 22 119
10 23 76
10 24 95
10 25 87
10 26 60
10 27 68
10 28 73
10 29 87
10 30 71
10 31 39
10 32 89
10 33 59
10 34 91
10 35 61
10 36 83
10 37 74
10 38 108
10 39 48
10 40 97
10 41 124
10 42 89
10 43 36
10 44 81
10 45 60
10 46 94
10 47 117
10 48 49
10 49 86
10 50 38
10 51 93
10 52 96
10 53 62
10 54 91
10 55 61
10 56 126
10 57 84
10 58 49
10 59 49
10 60 42
10 61 104
10 62 31
10 63 86
10 64 130
10 65 101
10 66 113
10 67 101
10 68 100
10 69 104
10 70 65
10 71 51
10 72 77
10 73 96
10 74 69
10 75 34
10 76 130
10 77 82
10 78 83
10 79 99
10 80 103
10 81 39
10 82 56
10 83 132
10 84 114
10 85 106
10 86 80
10 87 96
10 88 63
10 89 60
10 90 106
10 91 95
10 92 76
10 93 79
10 94 102
10 95 46
10 96 61
10 97 82
10 98 61
10 99 91
11 12 86
11 13 37
11 14 17
11 15 31
11 16 29
11 17 13
11 18 39
11 19 27
11 20 91
11 21 24
11 22 91
11 23 44
11 24 56
11 25 29
11 26 2
11 27 64
11 28 18
11 29 44
11 30 55
11 31 50
11 32 63
11 33 57
11 34 35
11 35 20
11 36 50
11 37 22
11 38 83
11 39 65
11 40 70
11 41 87
11 42 63
11 43 22
11 44 25
11 45 57
11 46 105
11 47 74
11 48 16
11 49 96
11 50 48
11 51 83
11 52 89
11 53 56
11 54 48
11 55 73
11 56 89
11 57 27
11 58 39
11 59 52
11 60 17
11 61 52
11 62 56
11 63 28
11 64 91
11 65 80
11 66 65
11 67 71
11 68 49
11 69 74
11 70 24
11 71 10
11 72 20
11 73 94
11 74 77
11 75 27
11 76 91
11 77 37
11 78 82
11 79 81
11 80 49
11 81 19
11 82 62
11 83 95
11 84 69
11 85 72
11 86 82
11 87 57
11 88 8
11 89 44
11 90 64
11 91 40
11 92 18
11 93 79
11 94 89
11 95 25
11 96 45
11 97 25
11 98 72
11 99 92
12 13 85
12 14 79
12 15 58
12 16 84
12 17 74
12 18 71
12 19 81
12 20 6
12 21 89
12 22 48
12 23 47
12 24 55
12 25 102
12 26 87
12 27 23
12 28 81
12 29 61
12 30 31
12 31 50
12 32 35
12 33 31
12 34 86
12 35 67
12 36 46
12 37 76
12 38 37
12 39 40
12 40 38
12 41 65
12 42 36
12 43 83
12 44 104
12 45 31
12 46 25
12 47 71
12 48 71
12 49 20
12 50 51
12 51 11
12 52 9
12 53 30
12 54 61
12 55 28
12 56 65
12 57 103
12 58 50
12 59 41
12 60 76
12 61 82
12 62 56
12 63 102
12 64 72
12 65 29
12 66 76
12 67 44
12 68 77
12 69 43
12 70 64
12 71 78
12 72 90
12 73 9
12 74 21
12 75 72
12 76 72
12 77 65
12 78 5
12 79 24
12 80 86
12 81 85
12 82 32
12 83 69
12 84 74
12 85 50
12 86 9
12 87 57
12 88 81
12 89 42
12 90 63
12 91 86
12 92 96
12 93 8
12 94 20
12 95 63
12 96 41
12 97 91
12 98 28
12 99 7
13 14 21
13 15 51
13 16 8
13 17 32
13 18 14
13 19 10
13 20 90
13 21 60
13 22 108
13 23 62
13 24 80
13 25 66
13 26 39
13 27 62
13 28 52
13 29 70
13 30 62
13 31 35
13 32 77
13 33 53
13 34 71
13 35 43
13 36 69
13 37 55
13 38 97
13 39 49
13 40 86
13 41 110
13 42 77
13 43 15
13 44 60
13 45 54
13 46 97
13 47 101
13 48 30
13 49 88
13 50 34
13 51 87
13 52 92
13 53 55
13 54 74
13 55 61
13 56 112
13 57 63
13 58 38
13 59 44
13 60 22
13 61 85
13 62 34
13 63 65
13 64 116
13 65 92
13 66 95
13 67 89
13 68 81
13 69 92
13 70 48
13 71 31
13 72 56
13 73 93
13 74 69
13 75 16
13 76 116
13 77 64
13 78 80
13 79 90
13 80 83
13 81 18
13 82 54
13 83 118
13 84 97
13 85 92
13 86 78
13 87 81
13 88 42
13 89 49
13 90 90
13 91 75
13 92 55
13 93 77
13 94 96
13 95 30
13 96 50
13 97 62
13 98 61
13 99 90
14 15 34
14 16 13
14 17 12
14 18 23
14 19 11
14 20 85
14 21 40
14 22 94
14 23 46
14 24 62
14 25 46
14 26 19
14 27 57
14 28 31
14 29 51
14 30 51
14 31 37
14 32 64
14 33 49
14 34 50
14 35 24
14 36 53
14 37 34
14 38 84
14 39 52
14 40 72
14 41 93
14 42 64
14 43 7
14 44 41
14 45 49
14 46 96
14 47 82
14 48 11
14 49 87
14 50 35
14 51 79
14 52 85
14 53 49
14 54 56
14 55 62
14 56 95
14 57 43
14 58 30
14 59 42
14 60 3
14 61 64
14 62 42
14 63 45
14 64 98
14 65 80
14 66 76
14 67 74
14 68 61
14 69 77
14 70 29
14 71 10
14 72 36
14 73 88
14 74 68
14 75 11
14 76 98
14 77 45
14 78 75
14 79 80
14 80 63
14 81 6
14 82 52
14 83 101
14 84 78
14 85 77
14 86 75
14 87 63
14 88 21
14 89 39
14 90 72
14 91 54
14 92 35
14 93 72
14 94 87
14 95 16
14 96 40
14 97 41
14 98 62
14 99 85
15 16 45
15 17 23
15 18 44
15 19 42
15 20 63
15 21 32
15 22 61
15 23 13
15 24 28
15 25 44
15 26 32
15 27 39
15 28 23
15 29 19
15 30 27
15 31 39
15 32 32
15 33 35
15 34 33
15 35 12
15 36 20
15 37 19
15 38 52
15 39 50
15 40 39
15 41 59
15 42 32
15 43 41
15 44 46
15 45 35
15 46 80
15 47 50
15 48 23
15 49 72
15 50 39
15 51 54
15 52 60
15 53 33
15 54 23
15 55 52
15 56 62
15 57 45
15 58 23
15 59 36
15 60 31
15 61 38
15 62 50
15 63 45
15 64 65
15 65 49
15 66 45
15 67 40
15 68 33
15 69 44
15 70 7
15 71 27
15 72 32
15 73 65
15 74 55
15 75 35
15 76 65
15 77 15
15 78 54
15 79 50
15 80 39
15 81 40
15 82 42
15 83 67
15 84 47
15 85 43
15 86 56
15 87 29
15 88 25
15 89 20
15 90 39
15 91 34
15 92 38
15 93 53
15 94 58
15 95 22
15 96 20
15 97 34
15 98 52
15 99 64
16 17 25
16 18 17
16 19 3
16 20 90
16 21 52
16 22 104
16 23 56
16 24 74
16 25 57
16 26 30
16 27 61
16 28 44
16 29 63
16 30 59
16 31 36
16 32 73
16 33 52
16 34 62
16 35 36
16 36 63
16 37 47
16 38 93
16 39 51
16 40 81
16 41 104
16 42 73
16 43 6
16 44 52
16 45 53
16 46 98
16 47 94
16 48 23
16 49 89
16 50 35
16 51 86
16 52 90
16 53 54
16 54 68
16 55 63
16 56 107
16 57 55
16 58 35
16 59 44
16 60 15
16 61 77
16 62 37
16 63 56
16 64 110
16 65 88
16 66 88
16 67 84
16 68 74
16 69 87
16 70 41
16 71 23
16 72 48
16 73 93
16 74 70
16 75 12
16 76 110
16 77 57
16 78 79
16 79 87
16 80 76
16 81 10
16 82 54
16 83 112
16 84 91
16 85 87
16 86 78
16 87 75
16 88 34
16 89 46
16 90 84
16 91 67
16 92 46
16 93 76
16 94 93
16 95 25
16 96 47
16 97 53
16 98 62
16 99 89
17 18 30
17 19 22
17 20 79
17 21 30
17 22 84
17 23 35
17 24 51
17 25 39
17 26 15
17 27 52
17 28 21
17 29 39
17 30 44
17 31 37
17 32 54
17 33 44
17 34 39
17 35 12
17 36 42
17 37 22
17 38 74
17 39 52
17 40 62
17 41 81
17 42 54
17 43 19
17 44 36
17 45 45
17 46 93
17 47 70
17 48 4
17 49 84
17 50 36
17 51 72
17 52 78
17 53 44
17 54 44
17 55 60
17 56 84
17 57 38
17 58 26
17 59 40
17 60 10
17 61 53
17 62 45
17 63 38
17 64 87
17 65 70
17 66 64
17 67 63
17 68 49
17 69 67
17 70 17
17 71 4
17 72 27
17 73 82
17 74 65
17 75 18
17 76 86
17 77 33
17 78 69
17 79 71
17 80 51
17 81 17
17 82 49
17 83 90
17 84 66
17 85 65
17 86 70
17 87 51
17 88 12
17 89 32
17 90 60
17 91 43
17 92 29
17 93 67
17 94 78
17 95 12
17 96 33
17 97 32
17 98 60
17 99 80
18 19 15
18 20 76
18 21 60
18 22 97
18 23 52
18 24 71
18 25 68
18 26 41
18 27 49
18 28 51
18 29 63
18 30 49
18 31 21
18 32 66
18 33 40
18 34 68
18 35 38
18 36 59
18 37 52
18 38 86
18 39 35
18 40 75
18 41 101
18 42 66
18 43 20
18 44 64
18 45 40
18 46 82
18 47 93
18 48 27
18 49 74
18 50 20
18 51 74
18 52 78
18 53 41
18 54 67
18 55 47
18 56 103
18 57 66
18 58 26
18 59 30
18 60 22
18 61 80
18 62 21
18 63 67
18 64 107
18 65 79
18 66 89
18 67 78
18 68 76
18 69 81
18 70 42
18 71 30
18 72 57
18 73 79
18 74 55
18 75 12
18 76 107
18 77 58
18 78 66
18 79 78
18 80 80
18 81 23
18 82 39
18 83 108
18 84 90
18 85 82
18 86 64
18 87 72
18 88 42
18 89 37
18 90 82
18 91 72
18 92 57
18 93 62
18 94 83
18 95 22
18 96 38
18 97 62
18 98 47
18 99 75
19 20 87
19 21 50
19 22 101
19 23 53
19 24 70
19 25 56
19 26 29
19 27 58
19 28 42
19 29 60
19 30 55
19 31 34
19 32 70
19 33 49
19 34 60
19 35 33
19 36 60
19 37 44
19 38 90
19 39 49
19 40 78
19 41 101
19 42 70
19 43 5
19 44 51
19 45 50
19 46 95
19 47 91
19 48 20
19 49 86
19 50 32
19 51 82
19 52 87
19 53 51
19 54 65
19 55 60
19 56 103
19 57 53
19 58 32
19 59 41
19 60 12
19 61 75
19 62 36
19 63 55
19 64 107
19 65 85
19 66 85
19 67 81
19 68 71
19 69 84
19 70 38
19 71 20
19 72 46
19 73 90
19 74 67
19 75 9
19 76 107
19 77 54
19 78 76
19 79 84
19 80 73
19 81 9
19 82 51
19 83 109
19 84 88
19 85 84
19 86 75
19 87 71
19 88 32
19 89 42
19 90 80
19 91 64
19 92 45
19 93 73
19 94 90
19 95 21
19 96 44
19 97 51
19 98 60
19 99 86
20 21 95
20 22 49
20 23 53
20 24 60
20 25 107
20 26 93
20 27 29
20 28 87
20 29 66
20 30 37
20 31 55
20 32 39
20 33 37
20 34 92
20 35 73
20 36 52
20 37 82
20 38 39
20 39 45
20 40 42
20 41 67
20 42 40
20 43 89
20 44 110
20 45 36
20 46 21
20 47 75
20 48 77
20 49 18
20 50 56
20 51 14
20 52 9
20 53 36
20 54 66
20 55 32
20 56 68
20 57 109
20 58 55
20 59 46
20 60 82
20 61 87
20 62 61
20 63 108
20 64 74
20 65 31
20 66 81
20 67 47
20 68 82
20 69 46
20 70 70
20 71 84
20 72 95
20 73 4
20 74 24
20 75 78
20 76 74
20 77 71
20 78 10
20 79 27
20 80 91
20 81 90
20 82 37
20 83 70
20 84 78
20 85 53
20 86 13
20 87 62
20 88 87
20 89 48
20 90 67
20 91 91
20 92 102
20 93 14
20 94 20
20 95 69
20 96 47
20 97 97
20 98 32
20 99 3
21 22 82
21 23 42
21 24 46
21 25 12
21 26 22
21 27 71
21 28 10
21 29 34
21 30 58
21 31 66
21 32 60
21 33 66
21 34 13
21 35 27
21 36 45
21 37 13
21 38 76
21 39 79
21 40 64
21 41 73
21 42 59
21 43 46
21 44 17
21 45 66
21 46 112
21 47 57
21 48 34
21 49 104
21 50 65
21 51 84
21 52 91
21 53 65
21 54 37
21 55 84
21 56 75
21 57 15
21 58 51
21 59 65
21 60 39
21 61 31
21 62 74
21 63 13
21 64 76
21 65 76
21 66 47
21 67 63
21 68 30
21 69 66
21 70 27
21 71 30
21 72 5
21 73 96
21 74 87
21 75 49
21 76 75
21 77 26
21 78 86
21 79 78
21 80 28
21 81 43
21 82 73
21 83 80
21 84 51
21 85 62
21 86 88
21 87 45
21 88 19
21 89 51
21 90 50
21 91 18
21 92 12
21 93 85
21 94 87
21 95 41
21 96 52
21 97 2
21 98 83
21 99 96
22 23 48
22 24 36
22 25 93
22 26 92
22 27 55
22 28 78
22 29 49
22 30 48
22 31 81
22 32 31
22 33 62
22 34 73
22 35 72
22 36 41
22 37 72
22 38 12
22 39 79
22 40 22
22 41 21
22 42 31
22 43 100
22 44 99
22 45 61
22 46 70
22 47 35
22 48 83
22 49 67
22 50 82
22 51 37
22 52 40
22 53 59
22 54 46
22 55 71
22 56 20
22 57 96
22 58 71
22 59 72
22 60 91
22 61 59
22 62 91
22 63 94
22 64 26
22 65 20
22 66 45
22 67 21
22 68 56
22 69 17
22 70 67
22 71 87
22 72 85
22 73 46
22 74 65
22 75 92
22 76 27
22 77 56
22 78 50
22 79 24
22 80 64
22 81 100
22 82 68
22 83 22
22 84 41
22 85 20
22 86 56
22 87 37
22 88 84
22 89 60
22 90 35
22 91 70
22 92 93
22 93 53
22 94 29
22 95 79
22 96 59
22 97 84
22 98 71
22 99 52
23 24 19
23 25 55
23 26 45
23 27 32
23 28 35
23 29 16
23 30 18
23 31 42
23 32 19
23 33 31
23 34 39
23 35 25
23 36 7
23 37 29
23 38 39
23 39 49
23 40 26
23 41 49
23 42 19
23 43 52
23 44 58
23 45 30
23 46 71
23 47 42
23 48 35
23 49 64
23 50 42
23 51 42
23 52 49
23 53 28
23 54 18
23 55 48
23 56 51
23 57 56
23 58 27
23 59 36
23 60 43
23 61 39
23 62 53
23 63 55
23 64 55
23 65 36
23 66 40
23 67 28
23 68 33
23 69 31
23 70 20
23 71 39
23 72 43
23 73 54
23 74 49
23 75 45
23 76 55
23 77 18
23 78 45
23 79 37
23 80 41
23 81 52
23 82 39
23 83 56
23 84 40
23 85 31
23 86 48
23 87 21
23 88 38
23 89 19
23 90 31
23 91 39
23 92 50
23 93 44
23 94 46
23 95 32
23 96 18
23 97 44
23 98 48
23 99 54
24 25 57
24 26 57
24 27 46
24 28 42
24 29 13
24 30 32
24 31 61
24 32 20
24 33 48
24 34 37
24 35 39
24 36 13
24 37 36
24 38 31
24 39 66
24 40 20
24 41 31
24 42 19
24 43 69
24 44 63
24 45 47
24 46 80
24 47 23
24 48 51
24 49 74
24 50 61
24 51 46
24 52 53
24 53 45
24 54 9
24 55 64
24 56 33
24 57 60
24 58 47
24 59 55
24 60 60
24 61 28
24 62 73
24 63 58
24 64 36
24 65 33
24 66 23
24 67 17
24 68 23
24 69 21
24 70 34
24 71 54
24 72 49
24 73 59
24 74 62
24 75 63
24 76 36
24 77 20
24 78 54
24 79 36
24 80 32
24 81 68
24 82 56
24 83 39
24 84 22
24 85 16
24 86 58
24 87 2
24 88 49
24 89 38
24 90 11
24 91 35
24 92 56
24 93 54
24 94 46
24 95 50
24 96 37
24 97 48
24 98 64
24 99 62
25 26 27
25 27 83
25 28 21
25 29 45
25 30 71
25 31 76
25 32 72
25 33 78
25 34 21
25 35 38
25 36 58
25 37 26
25 38 88
25 39 90
25 40 76
25 41 82
25 42 71
25 43 51
25 44 9
25 45 78
25 46 124
25 47 66
25 48 42
25 49 116
25 50 75
25 51 97
25 52 103
25 53 76
25 54 48
25 55 95
25 56 85
25 57 4
25 58 62
25 59 76
25 60 46
25 61 39
25 62 84
25 63 1
25 64 85
25 65 88
25 66 55
25 67 74
25 68 39
25 69 78
25 70 39
25 71 37
25 72 13
25 73 108
25 74 98
25 75 56
25 76 84
25 77 38
25 78 98
25 79 90
25 80 34
25 81 48
25 82 84
25 83 90
25 84 60
25 85 73
25 86 101
25 87 56
25 88 27
25 89 63
25 90 60
25 91 25
25 92 11
25 93 97
25 94 100
25 95 51
25 96 64
25 97 10
25 98 95
25 99 108
26 27 66
26 28 17
26 29 44
26 30 57
26 31 52
26 32 65
26 33 59
26 34 34
26 35 21
26 36 51
26 37 22
26 38 84
26 39 67
26 40 71
26 41 87
26 42 64
26 43 24
26 44 23
26 45 59
26 46 107
26 47 73
26 48 18
26 49 98
26 50 51
26 51 85
26 52 91
26 53 58
26 54 49
26 55 75
26 56 89
26 57 25
26 58 41
26 59 55
26 60 19
26 61 51
26 62 59
26 63 26
26 64 91
26 65 81
26 66 65
26 67 72
26 68 49
26 69 75
26 70 25
26 71 12
26 72 18
26 73 95
26 74 79
26 75 29
26 76 91
26 77 37
26 78 83
26 79 82
26 80 49
26 81 21
26 82 64
26 83 95
26 84 69
26 85 73
26 86 84
26 87 57
26 88 8
26 89 46
26 90 64
26 91 39
26 92 16
26 93 81
26 94 90
26 95 27
26 96 47
26 97 23
26 98 74
26 99 94
27 28 61
27 29 48
27 30 14
27 31 29
27 32 29
27 33 9
27 34 70
27 35 46
27 36 34
27 37 57
27 38 43
27 39 24
27 40 37
27 41 67
27 42 30
27 43 60
27 44 84
27 45 8
27 46 42
27 47 67
27 48 49
27 49 33
27 50 30
27 51 26
27 52 29
27 53 8
27 54 49
27 55 18
27 56 68
27 57 84
27 58 27
27 59 19
27 60 54
27 61 71
27 62 37
27 63 83
27 64 74
27 65 35
27 66 69
27 67 42
27 68 65
27 69 44
27 70 44
27 71 56
27 72 70
27 73 31
27 74 17
27 75 49
27 76 74
27 77 50
27 78 18
27 79 32
27 80 73
27 81 62
27 82 12
27 83 73
27 84 68
27 85 48
27 86 18
27 87 48
27 88 60
27 89 20
27 90 57
27 91 71
27 92 76
27 93 15
27 94 35
27 95 41
27 96 19
27 97 73
27 98 17
27 99 28
28 29 29
28 30 50
28 31 55
28 32 53
28 33 56
28 34 18
28 35 17
28 36 39
28 37 6
28 38 71
28 39 69
28 40 58
28 41 71
28 42 53
28 43 38
28 44 23
28 45 56
28 46 103
28 47 57
28 48 24
28 49 94
28 50 54
28 51 76
28 52 83
28 53 55
28 54 33
28 55 74
28 56 73
28 57 22
28 58 41
28 59 55
28 60 30
28 61 34
28 62 64
28 63 22
28 64 75
28 65 70
28 66 48
28 67 58
28 68 32
28 69 62
28 70 17
28 71 22
28 72 9
28 73 88
28 74 77
28 75 39
28 76 75
28 77 22
28 78 77
28 79 71
28 80 32
28 81 35
28 82 63
28 83 79
28 84 52
28 85 58
28 86 79
28 87 42
28 88 11
28 89 42
28 90 48
28 91 23
28 92 15
28 93 76
28 94 80
28 95 31
28 96 42
28 97 12
28 98 73
28 99 88
29 30 33
29 31 57
29 32 28
29 33 47
29 34 27
29 35 28
29 36 14
29 37 24
29 38 43
29 39 64
29 40 31
29 41 43
29 42 27
29 43 58
29 44 50
29 45 46
29 46 86
29 47 31
29 48 41
29 49 78
29 50 56
29 51 54
29 52 60
29 53 44
29 54 4
29 55 64
29 56 45
29 57 48
29 58 41
29 59 51
29 60 49
29 61 23
29 62 68
29 63 46
29 64 47
29 65 43
29 66 26
29 67 29
29 68 17
29 69 33
29 70 23
29 71 43
29 72 36
29 73 66
29 74 64
29 75 54
29 76 47
29 77 8
29 78 59
29 79 45
29 80 25
29 81 57
29 82 55
29 83 51
29 84 28
29 85 29
29 86 63
29 87 13
29 88 37
29 89 34
29 90 20
29 91 25
29 92 44
29 93 58
29 94 55
29 95 41
29 96 34
29 97 35
29 98 64
29 99 68
30 31 33
30 32 18
30 33 16
30 34 57
30 35 36
30 36 20
30 37 45
30 38 37
30 39 35
30 40 27
30 41 56
30 42 19
30 43 56
30 44 73
30 45 15
30 46 54
30 47 54
30 48 42
30 49 46
30 50 33
30 51 28
30 52 34
30 53 13
30 54 35
30 55 31
30 56 57
30 57 72
30 58 24
30 59 24
30 60 48
30 61 56
30 62 44
30 63 71
30 64 63
30 65 30
30 66 55
30 67 32
30 68 51
30 69 34
30 70 33
30 71 48
30 72 59
30 73 39
30 74 31
30 75 47
30 76 63
30 77 36
30 78 28
30 79 29
30 80 59
30 81 57
30 82 23
30 83 63
30 84 54
30 85 37
30 86 30
30 87 34
30 88 50
30 89 13
30 90 43
30 91 57
30 92 65
30 93 26
30 94 35
30 95 35
30 96 12
30 97 61
30 98 31
30 99 38
31 32 51
31 33 20
31 34 70
31 35 39
31 36 48
31 37 54
31 38 69
31 39 16
31 40 60
31 41 88
31 42 52
31 43 37
31 44 74
31 45 21
31 46 62
31 47 84
31 48 34
31 49 53
31 50 1
31 51 54
31 52 58
31 53 23
31 54 60
31 55 27
31 56 90
31 57 75
31 58 16
31 59 10
31 60 34
31 61 78
31 62 11
31 63 75
31 64 95
31 65 62
31 66 82
31 67 65
31 68 73
31 69 67
31 70 41
31 71 40
31 72 63
31 73 59
31 74 34
31 75 26
31 76 95
31 77 55
31 78 45
31 79 60
31 80 78
31 81 40
31 82 19
31 83 95
31 84 83
31 85 70
31 86 43
31 87 63
31 88 49
31 89 24
31 90 73
31 91 73
31 92 66
31 93 42
31 94 64
31 95 25
31 96 25
31 97 67
31 98 26
31 99 55
32 33 34
32 34 54
32 35 44
32 36 14
32 37 48
32 38 20
32 39 52
32 40 9
32 41 38
32 42 1
32 43 70
32 44 76
32 45 33
32 46 60
32 47 39
32 48 54
32 49 54
32 50 51
32 51 26
32 52 33
32 53 30
32 54 27
32 55 47
32 56 39
32 57 74
32 58 40
32 59 43
32 60 61
32 61 48
32 62 62
32 63 73
32 64 45
32 65 17
32 66 42
32 67 14
32 68 43
32 69 16
32 70 39
32 71 58
32 72 61
32 73 39
32 74 44
32 75 61
32 76 45
32 77 34
32 78 34
32 79 18
32 80 52
32 81 70
32 82 40
32 83 44
32 84 40
32 85 19
32 86 38
32 87 22
32 88 57
32 89 29
32 90 29
32 91 53
32 92 69
32 93 34
32 94 28
32 95 49
32 96 28
32 97 62
32 98 46
32 99 41
33 34 67
33 35 40
33 36 35
33 37 53
33 38 50
33 39 19
33 40 42
33 41 72
33 42 34
33 43 52
33 44 78
33 45 1
33 46 48
33 47 70
33 48 42
33 49 39
33 50 21
33 51 34
33 52 38
33 53 3
33 54 49
33 55 18
33 56 73
33 57 78
33 58 19
33 59 10
33 60 46
33 61 70
33 62 29
33 63 78
33 64 78
33 65 42
33 66 70
33 67 47
33 68 64
33 69 49
33 70 39
33 71 48
33 72 65
33 73 40
33 74 21
33 75 41
33 76 78
33 77 48
33 78 27
33 79 40
33 80 72
33 81 53
33 82 8
33 83 78
33 84 70
33 85 53
33 86 26
33 87 50
33 88 54
33 89 15
33 90 59
33 91 68
33 92 70
33 93 24
33 94 43
33 95 33
33 96 15
33 97 68
33 98 17
33 99 37
34 35 32
34 36 40
34 37 17
34 38 69
34 39 82
34 40 57
34 41 61
34 42 54
34 43 56
34 44 28
34 45 67
34 46 110
34 47 45
34 48 42
34 49 103
34 50 69
34 51 80
34 52 87
34 53 65
34 54 28
34 55 85
34 56 64
34 57 25
34 58 55
34 59 68
34 60 49
34 61 19
34 62 80
34 63 22
34 64 64
34 65 70
34 66 35
34 67 55
34 68 19
34 69 58
34 70 30
34 71 40
34 72 17
34 73 93
34 74 87
34 75 57
34 76 64
34 77 21
34 78 84
34 79 72
34 80 15
34 81 54
34 82 75
34 83 69
34 84 39
34 85 53
34 86 87
34 87 36
34 88 29
34 89 52
34 90 39
34 91 5
34 92 24
34 93 83
34 94 82
34 95 47
34 96 53
34 97 13
34 98 85
34 99 93
35 36 31
35 37 15
35 38 64
35 39 52
35 40 51
35 41 70
35 42 43
35 43 31
35 44 38
35 45 40
35 46 88
35 47 59
35 48 13
35 49 79
35 50 38
35 51 64
35 52 70
35 53 39
35 54 32
35 55 57
35 56 72
35 57 38
35 58 24
35 59 39
35 60 21
35 61 43
35 62 49
35 63 38
35 64 75
35 65 60
35 66 53
35 67 52
35 68 39
35 69 55
35 70 5
35 71 15
35 72 25
35 73 74
35 74 61
35 75 27
35 76 75
35 77 22
35 78 63
35 79 61
35 80 42
35 81 29
35 82 47
35 83 78
35 84 55
35 85 54
35 86 64
35 87 40
35 88 14
35 89 26
35 90 48
35 91 35
35 92 30
35 93 61
35 94 69
35 95 16
35 96 27
35 97 29
35 98 57
35 99 73
36 37 33
36 38 33
36 39 53
36 40 20
36 41 42
36 42 14
36 43 59
36 44 62
36 45 34
36 46 71
36 47 36
36 48 42
36 49 64
36 50 48
36 51 40
36 52 46
36 53 32
36 54 15
36 55 51
36 56 44
36 57 60
36 58 34
36 59 41
36 60 50
36 61 37
36 62 59
36 63 58
36 64 48
36 65 31
36 66 35
36 67 21
36 68 31
36 69 24
36 70 26
36 71 46
36 72 47
36 73 52
36 74 51
36 75 52
36 76 48
36 77 20
36 78 44
36 79 32
36 80 40
36 81 59
36 82 43
36 83 49
36 84 35
36 85 24
36 86 48
36 87 15
36 88 43
36 89 25
36 90 24
36 91 40
36 92 54
36 93 44
36 94 42
36 95 39
36 96 24
36 97 48
36 98 51
36 99 53
37 38 65
37 39 66
37 40 53
37 41 65
37 42 47
37 43 41
37 44 28
37 45 53
37 46 99
37 47 52
37 48 25
37 49 90
37 50 53
37 51 71
37 52 78
37 53 51
37 54 27
37 55 71
37 56 68
37 57 27
37 58 39
37 59 53
37 60 32
37 61 31
37 62 63
37 63 26
37 64 69
37 65 64
37 66 43
37 67 52
37 68 28
37 69 56
37 70 14
37 71 24
37 72 14
37 73 83
37 74 73
37 75 40
37 76 69
37 77 16
37 78 73
37 79 66
37 80 29
37 81 38
37 82 60
37 83 74
37 84 47
37 85 52
37 86 75
37 87 36
37 88 14
37 89 38
37 90 43
37 91 20
37 92 21
37 93 71
37 94 75
37 95 30
37 96 39
37 97 16
37 98 70
37 99 83
38 39 67
38 40 13
38 41 28
38 42 20
38 43 90
38 44 93
38 45 49
38 46 60
38 47 38
38 48 74
38 49 57
38 50 70
38 51 26
38 52 31
38 53 47
38 54 40
38 55 59
38 56 28
38 57 91
38 58 60
38 59 60
38 60 81
38 61 58
38 62 79
38 63 89
38 64 35
38 65 9
38 66 46
38 67 14
38 68 53
38 69 11
38 70 59
38 71 78
38 72 79
38 73 37
38 74 53
38 75 82
38 76 35
38 77 50
38 78 39
38 79 13
38 80 62
38 81 90
38 82 56
38 83 32
38 84 42
38 85 18
38 86 44
38 87 32
38 88 76
38 89 49
38 90 34
38 91 66
38 92 86
38 93 41
38 94 20
38 95 69
38 96 47
38 97 78
38 98 59
38 99 42
39 40 60
39 41 90
39 42 53
39 43 53
39 44 88
39 45 20
39 46 47
39 47 89
39 48 49
39 49 39
39 50 17
39 51 47
39 52 49
39 53 22
39 54 67
39 55 13
39 56 91
39 57 89
39 58 28
39 59 14
39 60 50
39 61 87
39 62 17
39 63 89
39 64 97
39 65 59
39 66 89
39 67 66
39 68 81
39 69 67
39 70 53
39 71 55
39 72 77
39 73 49
39 74 21
39 75 42
39 76 97
39 77 64
39 78 36
39 79 56
39 80 88
39 81 56
39 82 12
39 83 96
39 84 88
39 85 71
39 86 32
39 87 68
39 88 64
39 89 31
39 90 78
39 91 84
39 92 80
39 93 32
39 94 57
39 95 40
39 96 31
39 97 81
39 98 13
39 99 43
40 41 30
40 42 9
40 43 78
40 44 81
40 45 41
40 46 63
40 47 33
40 48 61
40 49 58
40 50 60
40 51 28
40 52 34
40 53 39
40 54 29
40 55 54
40 56 31
40 57 79
40 58 49
40 59 51
40 60 69
40 61 47
40 62 71
40 63 77
40 64 37
40 65 13
40 66 39
40 67 6
40 68 43
40 69 7
40 70 46
40 71 66
40 72 66
40 73 41
40 74 50
40 75 70
40 76 37
40 77 38
40 78 38
40 79 16
40 80 52
40 81 78
40 82 49
40 83 36
40 84 36
40 85 12
40 86 43
40 87 21
40 88 63
40 89 38
40 90 25
40 91 55
40 92 74
40 93 39
40 94 26
40 95 57
40 96 37
40 97 66
40 98 54
40 99 44
41 42 37
41 43 100
41 44 89
41 45 71
41 46 89
41 47 18
41 48 82
41 49 85
41 50 88
41 51 54
41 52 59
41 53 68
41 54 38
41 55 84
41 56 2
41 57 86
41 58 75
41 59 80
41 60 91
41 61 45
41 62 99
41 63 84
41 64 7
41 65 36
41 66 29
41 67 24
41 68 43
41 69 23
41 70 65
41 71 85
41 72 76
41 73 65
41 74 80
41 75 94
41 76 7
41 77 50
41 78 66
41 79 41
41 80 50
41 81 99
41 82 78
41 83 8
41 84 24
41 85 19
41 86 72
41 87 30
41 88 79
41 89 65
41 90 23
41 91 58
41 92 84
41 93 68
41 94 48
41 95 80
41 96 64
41 97 74
41 98 84
41 99 70
42 43 70
42 44 75
42 45 33
42 46 61
42 47 38
42 48 53
42 49 55
42 50 52
42 51 27
42 52 34
42 53 31
42 54 26
42 55 47
42 56 39
42 57 74
42 58 40
42 59 43
42 60 61
42 61 47
42 62 62
42 63 72
42 64 44
42 65 17
42 66 41
42 67 13
42 68 42
42 69 15
42 70 39
42 71 58
42 72 61
42 73 40
42 74 44
42 75 61
42 76 44
42 77 33
42 78 35
42 79 19
42 80 51
42 81 70
42 82 41
42 83 44
42 84 39
42 85 19
42 86 39
42 87 21
42 88 57
42 89 29
42 90 28
42 91 52
42 92 68
42 93 35
42 94 28
42 95 49
42 96 28
42 97 61
42 98 47
42 99 42
43 44 45
43 45 53
43 46 99
43 47 89
43 48 18
43 49 90
43 50 36
43 51 84
43 52 89
43 53 53
43 54 63
43 55 64
43 56 102
43 57 48
43 58 34
43 59 44
43 60 9
43 61 71
43 62 41
43 63 50
43 64 105
43 65 85
43 66 83
43 67 80
43 68 68
43 69 84
43 70 36
43 71 17
43 72 42
43 73 92
43 74 70
43 75 11
43 76 105
43 77 52
43 78 79
43 79 85
43 80 70
43 81 3
43 82 54
43 83 108
43 84 85
43 85 83
43 86 78
43 87 70
43 88 28
43 89 44
43 90 79
43 91 61
43 92 40
43 93 76
43 94 92
43 95 21
43 96 45
43 97 47
43 98 63
43 99 89
44 45 78
44 46 125
44 47 73
44 48 40
44 49 117
44 50 73
44 51 100
44 52 106
44 53 77
44 54 54
44 55 95
44 56 92
44 57 4
44 58 61
44 59 75
44 60 42
44 61 47
44 62 81
44 63 7
44 64 92
44 65 92
44 66 63
44 67 80
44 68 47
44 69 83
44 70 40
44 71 34
44 72 15
44 73 111
44 74 99
44 75 52
44 76 92
44 77 43
44 78 100
44 79 94
44 80 42
44 81 42
44 82 84
44 83 97
44 84 67
44 85 79
44 86 102
44 87 62
44 88 25
44 89 64
44 90 67
44 91 33
44 92 8
44 93 98
44 94 103
44 95 49
44 96 65
44 97 15
44 98 95
44 99 111
45 46 48
45 47 69
45 48 42
45 49 39
45 50 22
45 51 33
45 52 37
45 53 2
45 54 49
45 55 18
45 56 72
45 57 78
45 58 19
45 59 11
45 60 46
45 61 69
45 62 30
45 63 78
45 64 77
45 65 41
45 66 70
45 67 46
45 68 64
45 69 48
45 70 39
45 71 48
45 72 65
45 73 39
45 74 21
45 75 41
45 76 77
45 77 47
45 78 26
45 79 39
45 80 71
45 81 54
45 82 9
45 83 77
45 84 69
45 85 52
45 86 26
45 87 49
45 88 54
45 89 15
45 90 58
45 91 68
45 92 70
45 93 23
45 94 42
45 95 33
45 96 14
45 97 68
45 98 18
45 99 36
46 47 96
46 48 90
46 49 9
46 50 63
46 51 35
46 52 30
46 53 49
46 54 86
46 55 35
46 56 89
46 57 125
46 58 67
46 59 55
46 60 93
46 61 107
46 62 64
46 63 125
46 64 95
46 65 53
46 66 102
46 67 69
46 68 102
46 69 68
46 70 86
46 71 96
46 72 112
46 73 23
46 74 28
46 75 87
46 76 95
46 77 89
46 78 27
46 79 48
46 80 111
46 81 100
46 82 44
46 83 91
46 84 99
46 85 75
46 86 24
46 87 82
46 88 102
46 89 62
46 90 88
46 91 110
46 92 117
46 93 28
46 94 41
46 95 81
46 96 61
46 97 114
46 98 35
46 99 19
47 48 72
47 49 91
47 50 84
47 51 61
47 52 67
47 53 67
47 54 27
47 55 85
47 56 20
47 57 70
47 58 70
47 59 77
47 60 80
47 61 27
47 62 95
47 63 67
47 64 19
47 65 44
47 66 11
47 67 28
47 68 27
47 69 29
47 70 54
47 71 73
47 72 61
47 73 74
47 74 82
47 75 85
47 76 19
47 77 37
47 78 71
47 79 48
47 80 32
47 81 88
47 82 78
47 83 24
47 84 6
47 85 22
47 86 77
47 87 21
47 88 66
47 89 60
47 90 11
47 91 41
47 92 68
47 93 73
47 94 57
47 95 72
47 96 60
47 97 58
47 98 85
47 99 77
48 49 81
48 50 33
48 51 70
48 52 76
48 53 42
48 54 45
48 55 57
48 56 85
48 57 41
48 58 23
48 59 37
48 60 8
48 61 55
48 62 41
48 63 42
48 64 88
48 65 70
48 66 66
48 67 63
48 68 51
48 69 67
48 70 18
48 71 6
48 72 31
48 73 80
48 74 62
48 75 15
48 76 87
48 77 35
48 78 67
48 79 70
48 80 54
48 81 17
48 82 46
48 83 90
48 84 68
48 85 66
48 86 68
48 87 52
48 88 16
48 89 30
48 90 61
48 91 46
48 92 32
48 93 65
48 94 77
48 95 9
48 96 31
48 97 36
48 98 57
48 99 78
49 50 54
49 51 31
49 52 27
49 53 40
49 54 79
49 55 26
49 56 85
49 57 117
49 58 58
49 59 46
49 60 84
49 61 100
49 62 55
49 63 116
49 64 92
49 65 49
49 66 96
49 67 64
49 68 95
49 69 63
49 70 77
49 71 87
49 72 104
49 73 21
49 74 19
49 75 78
49 76 92
49 77 82
49 78 20
49 79 44
49 80 104
49 81 91
49 82 35
49 83 88
49 84 93
49 85 70
49 86 16
49 87 76
49 88 93
49 89 53
49 90 83
49 91 103
49 92 109
49 93 20
49 94 38
49 95 72
49 96 52
49 97 106
49 98 27
49 99 15
50 51 55
50 52 58
50 53 23
50 54 60
50 55 28
50 56 90
50 57 74
50 58 15
50 59 10
50 60 33
50 61 77
50 62 11
50 63 74
50 64 95
50 65 63
50 66 82
50 67 65
50 68 72
50 69 67
50 70 40
50 71 39
50 72 62
50 73 60
50 74 35
50 75 25
50 76 95
50 77 54
50 78 46
50 79 60
50 80 78
50 81 39
50 82 20
50 83 95
50 84 82
50 85 70
50 86 44
50 87 63
50 88 48
50 89 24
50 90 73
50 91 72
50 92 65
50 93 43
50 94 64
50 95 24
50 96 25
50 97 66
50 98 27
50 99 56
51 52 7
51 53 32
51 54 53
51 55 36
51 56 54
51 57 98
51 58 50
51 59 45
51 60 76
51 61 74
51 62 62
51 63 97
51 64 61
51 65 18
51 66 67
51 67 33
51 68 69
51 69 32
51 70 60
51 71 76
51 72 85
51 73 13
51 74 30
51 75 74
51 76 61
51 77 59
51 78 13
51 79 13
51 80 78
51 81 85
51 82 37
51 83 57
51 84 64
51 85 39
51 86 19
51 87 48
51 88 78
51 89 41
51 90 53
51 91 79
51 92 92
51 93 17
51 94 10
51 95 63
51 96 40
51 97 86
51 98 36
51 99 16
52 53 36
52 54 60
52 55 37
52 56 59
52 57 105
52 58 55
52 59 48
52 60 82
52 61 81
52 62 65
52 63 104
52 64 65
52 65 23
52 66 73
52 67 40
52 68 76
52 69 38
52 70 67
52 71 82
52 72 92
52 73 7
52 74 29
52 75 78
52 76 65
52 77 66
52 78 13
52 79 19
52 80 84
52 81 90
52 82 39
52 83 62
52 84 70
52 85 45
52 86 18
52 87 55
52 88 84
52 89 46
52 90 60
52 91 86
52 92 98
52 93 17
52 94 12
52 95 68
52 96 45
52 97 93
52 98 37
52 99 11
53 54 46
53 55 20
53 56 70
53 57 77
53 58 19
53 59 13
53 60 46
53 61 67
53 62 32
53 63 77
53 64 75
53 65 40
53 66 67
53 67 44
53 68 61
53 69 46
53 70 38
53 71 48
53 72 64
53 73 39
53 74 22
53 75 42
53 76 75
53 77 45
53 78 26
53 79 37
53 80 69
53 81 54
53 82 11
53 83 75
53 84 67
53 85 49
53 86 26
53 87 47
53 88 53
53 89 13
53 90 56
53 91 66
53 92 69
53 93 23
53 94 41
53 95 33
53 96 13
53 97 67
53 98 20
53 99 36
54 55 66
54 56 41
54 57 51
54 58 45
54 59 54
54 60 53
54 61 21
54 62 71
54 63 49
54 64 43
54 65 41
54 66 22
54 67 26
54 68 16
54 69 30
54 70 27
54 71 47
54 72 39
54 73 66
54 74 66
54 75 58
54 76 43
54 77 12
54 78 59
54 79 44
54 80 25
54 81 61
54 82 57
54 83 46
54 84 23
54 85 25
54 86 63
54 87 9
54 88 41
54 89 37
54 90 16
54 91 26
54 92 47
54 93 59
54 94 54
54 95 45
54 96 36
54 97 38
54 98 66
54 99 68
55 56 85
55 57 95
55 58 34
55 59 20
55 60 59
55 61 87
55 62 30
55 63 95
55 64 91
55 65 50
55 66 86
55 67 60
55 68 82
55 69 60
55 70 57
55 71 63
55 72 83
55 73 36
55 74 8
55 75 52
55 76 91
55 77 65
55 78 24
55 79 47
55 80 89
55 81 66
55 82 11
55 83 89
55 84 85
55 85 66
55 86 20
55 87 66
55 88 70
55 89 33
55 90 74
55 91 86
55 92 87
55 93 20
55 94 46
55 95 48
55 96 32
55 97 86
55 98 0
55 99 31
56 57 88
56 58 77
56 59 82
56 60 93
56 61 47
56 62 101
56 63 86
56 64 6
56 65 37
56 66 31
56 67 26
56 68 45
56 69 24
56 70 67
56 71 87
56 72 78
56 73 65
56 74 80
56 75 96
56 76 7
56 77 52
56 78 67
56 79 41
56 80 52
56 81 101
56 82 80
56 83 6
56 84 26
56 85 21
56 86 72
56 87 32
56 88 81
56 89 67
56 90 25
56 91 60
56 92 86
56 93 69
56 94 48
56 95 83
56 96 66
56 97 76
56 98 85
56 99 70
57 58 62
57 59 76
57 60 44
57 61 43
57 62 83
57 63 3
57 64 89
57 65 91
57 66 59
57 67 77
57 68 43
57 69 81
57 70 39
57 71 36
57 72 13
57 73 110
57 74 99
57 75 54
57 76 88
57 77 41
57 78 100
57 79 92
57 80 38
57 81 45
57 82 85
57 83 94
57 84 64
57 85 76
57 86 102
57 87 60
57 88 26
57 89 64
57 90 64
57 91 29
57 92 9
57 93 98
57 94 102
57 95 50
57 96 64
57 97 13
57 98 95
57 99 110
58 59 14
58 60 27
58 61 62
58 62 27
58 63 62
58 64 82
58 65 54
58 66 67
58 67 53
58 68 57
58 69 55
58 70 25
58 71 30
58 72 49
58 73 58
58 74 39
58 75 23
58 76 82
58 77 39
58 78 45
58 79 52
58 80 62
58 81 35
58 82 23
58 83 83
58 84 68
58 85 57
58 86 45
58 87 48
58 88 36
58 89 11
58 90 58
58 91 57
58 92 53
58 93 42
58 94 58
58 95 14
58 96 12
58 97 53
58 98 34
58 99 55
59 60 39
59 61 73
59 62 19
59 63 76
59 64 87
59 65 53
59 66 76
59 67 56
59 68 68
59 69 58
59 70 39
59 71 43
59 72 64
59 73 50
59 74 26
59 75 33
59 76 87
59 77 51
59 78 36
59 79 50
59 80 75
59 81 46
59 82 10
59 83 87
59 84 76
59 85 61
59 86 34
59 87 56
59 88 51
59 89 17
59 90 66
59 91 70
59 92 67
59 93 33
59 94 54
59 95 28
59 96 18
59 97 67
59 98 20
59 99 46
60 61 63
60 62 40
60 63 45
60 64 96
60 65 77
60 66 74
60 67 71
60 68 59
60 69 74
60 70 26
60 71 9
60 72 35
60 73 85
60 74 65
60 75 10
60 76 96
60 77 43
60 78 72
60 79 76
60 80 61
60 81 9
60 82 49
60 83 99
60 84 76
60 85 74
60 86 72
60 87 61
60 88 21
60 89 36
60 90 69
60 91 53
60 92 35
60 93 69
60 94 83
60 95 13
60 96 37
60 97 41
60 98 59
60 99 82
61 62 88
61 63 40
61 64 46
61 65 60
61 66 17
61 67 44
61 68 6
61 69 47
61 70 39
61 71 55
61 72 36
61 73 87
61 74 87
61 75 70
61 76 46
61 77 23
61 78 81
61 79 64
61 80 5
61 81 69
61 82 78
61 83 52
61 84 21
61 85 40
61 86 85
61 87 26
61 88 45
61 89 56
61 90 25
61 91 14
61 92 43
61 93 81
61 94 74
61 95 58
61 96 56
61 97 32
61 98 87
61 99 89
62 63 83
62 64 106
62 65 72
62 66 93
62 67 75
62 68 83
62 69 77
62 70 51
62 71 47
62 72 72
62 73 65
62 74 38
62 75 30
62 76 106
62 77 65
62 78 52
62 79 69
62 80 89
62 81 43
62 82 25
62 83 106
62 84 94
62 85 80
62 86 48
62 87 74
62 88 57
62 89 35
62 90 84
62 91 83
62 92 74
62 93 48
62 94 72
62 95 33
62 96 36
62 97 76
62 98 29
62 99 60
63 64 86
63 65 89
63 66 57
63 67 75
63 68 41
63 69 79
63 70 39
63 71 37
63 72 13
63 73 109
63 74 99
63 75 55
63 76 86
63 77 39
63 78 99
63 79 91
63 80 36
63 81 47
63 82 84
63 83 91
63 84 61
63 85 74
63 86 101
63 87 58
63 88 26
63 89 63
63 90 61
63 91 26
63 92 10
63 93 97
63 94 100
63 95 50
63 96 64
63 97 11
63 98 95
63 99 109
64 65 43
64 66 30
64 67 31
64 68 45
64 69 30
64 70 70
64 71 90
64 72 79
64 73 72
64 74 87
64 75 100
64 76 0
64 77 54
64 78 73
64 79 47
64 80 51
64 81 104
64 82 85
64 83 7
64 84 25
64 85 26
64 86 79
64 87 35
64 88 83
64 89 71
64 90 27
64 91 60
64 92 87
64 93 75
64 94 54
64 95 86
64 96 71
64 97 77
64 98 91
64 99 77
65 66 51
65 67 17
65 68 56
65 69 15
65 70 56
65 71 75
65 72 78
65 73 30
65 74 45
65 75 76
65 76 43
65 77 50
65 78 30
65 79 4
65 80 65
65 81 86
65 82 48
65 83 40
65 84 47
65 85 23
65 86 36
65 87 34
65 88 74
65 89 43
65 90 38
65 91 68
65 92 85
65 93 33
65 94 13
65 95 64
65 96 42
65 97 78
65 98 50
65 99 34
66 67 34
66 68 17
66 69 36
66 70 48
66 71 66
66 72 51
66 73 80
66 74 85
66 75 79
66 76 29
66 77 31
66 78 76
66 79 55
66 80 21
66 81 81
66 82 78
66 83 35
66 84 5
66 85 29
66 86 80
66 87 21
66 88 58
66 89 59
66 90 13
66 91 30
66 92 59
66 93 76
66 94 64
66 95 67
66 96 58
66 97 48
66 98 86
66 99 83
67 68 39
67 69 4
67 70 47
67 71 67
67 72 65
67 73 46
67 74 56
67 75 73
67 76 31
67 77 37
67 78 44
67 79 21
67 80 48
67 81 80
67 82 54
67 83 31
67 84 30
67 85 6
67 86 49
67 87 18
67 88 64
67 89 42
67 90 20
67 91 52
67 92 73
67 93 45
67 94 31
67 95 60
67 96 41
67 97 64
67 98 59
67 99 50
68 69 43
68 70 34
68 71 51
68 72 35
68 73 82
68 74 81
68 75 66
68 76 45
68 77 18
68 78 75
68 79 59
68 80 9
68 81 66
68 82 72
68 83 51
68 84 21
68 85 36
68 86 79
68 87 21
68 88 42
68 89 51
68 90 21
68 91 15
68 92 42
68 93 75
68 94 69
68 95 54
68 96 50
68 97 32
68 98 81
68 99 84
69 70 50
69 71 71
69 72 69
69 73 45
69 74 56
69 75 76
69 76 30
69 77 40
69 78 43
69 79 19
69 80 51
69 81 83
69 82 55
69 83 29
69 84 32
69 85 7
69 86 49
69 87 22
69 88 67
69 89 44
69 90 23
69 91 56
69 92 76
69 93 45
69 94 28
69 95 63
69 96 43
69 97 68
69 98 60
69 99 49
70 71 20
70 72 26
70 73 71
70 74 60
70 75 32
70 76 70
70 77 17
70 78 61
70 79 57
70 80 39
70 81 34
70 82 46
70 83 73
70 84 50
70 85 49
70 86 62
70 87 34
70 88 18
70 89 25
70 90 43
70 91 32
70 92 32
70 93 59
70 94 65
70 95 19
70 96 25
70 97 29
70 98 56
70 99 71
71 72 27
71 73 86
71 74 68
71 75 18
71 76 90
71 77 36
71 78 74
71 79 75
71 80 53
71 81 15
71 82 53
71 83 93
71 84 69
71 85 69
71 86 74
71 87 55
71 88 12
71 89 36
71 90 63
71 91 44
71 92 27
71 93 71
71 94 83
71 95 16
71 96 37
71 97 32
71 98 63
71 99 84
72 73 97
72 74 86
72 75 45
72 76 79
72 77 29
72 78 86
72 79 79
72 80 32
72 81 39
72 82 72
72 83 84
72 84 55
72 85 65
72 86 88
72 87 48
72 88 15
72 89 51
72 90 53
72 91 22
72 92 8
72 93 85
72 94 89
72 95 38
72 96 51
72 97 5
72 98 82
72 99 96
73 74 28
73 75 81
73 76 72
73 77 71
73 78 13
73 79 25
73 80 91
73 81 93
73 82 40
73 83 68
73 84 76
73 85 52
73 86 17
73 87 61
73 88 89
73 89 50
73 90 66
73 91 92
73 92 103
73 93 17
73 94 18
73 95 72
73 96 49
73 97 98
73 98 36
73 99 6
74 75 59
74 76 87
74 77 66
74 78 16
74 79 41
74 80 90
74 81 72
74 82 16
74 83 85
74 84 83
74 85 62
74 86 11
74 87 64
74 88 75
74 89 35
74 90 72
74 91 88
74 92 91
74 93 13
74 94 39
74 95 53
74 96 35
74 97 89
74 98 8
74 99 22
75 76 99
75 77 49
75 78 68
75 79 75
75 80 69
75 81 14
75 82 43
75 83 102
75 84 81
75 85 76
75 86 67
75 87 64
75 88 30
75 89 34
75 90 74
75 91 61
75 92 45
75 93 64
75 94 81
75 95 13
75 96 35
75 97 50
75 98 52
75 99 78
76 77 54
76 78 73
76 79 47
76 80 51
76 81 104
76 82 85
76 83 7
76 84 25
76 85 26
76 86 79
76 87 35
76 88 83
76 89 71
76 90 27
76 91 60
76 92 87
76 93 75
76 94 54
76 95 86
76 96 70
76 97 77
76 98 91
76 99 77
77 78 63
77 79 52
77 80 24
77 81 50
77 82 55
77 83 58
77 84 33
77 85 36
77 86 66
77 87 20
77 88 29
77 89 34
77 90 27
77 91 21
77 92 36
77 93 62
77 94 61
77 95 36
77 96 33
77 97 28
77 98 65
77 99 72
78 79 26
78 80 84
78 81 80
78 82 27
78 83 70
78 84 73
78 85 50
78 86 6
78 87 56
78 88 77
78 89 38
78 90 63
78 91 84
78 92 92
78 93 4
78 94 23
78 95 59
78 96 37
78 97 88
78 98 24
78 99 10
79 80 68
79 81 85
79 82 45
79 83 44
79 84 51
79 85 27
79 86 32
79 87 38
79 88 75
79 89 42
79 90 42
79 91 70
79 92 87
79 93 28
79 94 10
79 95 64
79 96 40
79 97 80
79 98 47
79 99 30
80 81 67
80 82 79
80 83 57
80 84 26
80 85 45
80 86 88
80 87 30
80 88 42
80 89 58
80 90 29
80 91 10
80 92 39
80 93 84
80 94 78
80 95 58
80 96 58
80 97 28
80 98 89
80 99 93
81 82 56
81 83 107
81 84 84
81 85 82
81 86 79
81 87 69
81 88 25
81 89 44
81 90 77
81 91 58
81 92 37
81 93 77
81 94 92
81 95 22
81 96 45
81 97 44
81 98 66
81 99 90
82 83 85
82 84 77
82 85 60
82 86 24
82 87 58
82 88 60
82 89 22
82 90 67
82 91 76
82 92 76
82 93 23
82 94 47
82 95 37
82 96 22
82 97 75
82 98 10
82 99 36
83 84 30
83 85 26
83 86 76
83 87 38
83 88 87
83 89 72
83 90 31
83 91 65
83 92 92
83 93 73
83 94 50
83 95 88
83 96 71
83 97 82
83 98 89
83 99 73
84 85 25
84 86 78
84 87 20
84 88 61
84 89 59
84 90 11
84 91 35
84 92 63
84 93 74
84 94 61
84 95 68
84 96 58
84 97 52
84 98 85
84 99 80
85 86 55
85 87 17
85 88 65
85 89 46
85 90 16
85 91 50
85 92 72
85 93 51
85 94 36
85 95 63
85 96 45
85 97 64
85 98 65
85 99 56
86 87 60
86 88 78
86 89 38
86 90 67
86 91 87
86 92 94
86 93 4
86 94 29
86 95 59
86 96 38
86 97 91
86 98 20
86 99 12
87 88 49
87 89 39
87 90 10
87 91 34
87 92 56
87 93 56
87 94 48
87 95 51
87 96 39
87 97 47
87 98 66
87 99 63
88 89 40
88 90 57
88 91 33
88 92 17
88 93 75
88 94 83
88 95 24
88 96 41
88 97 20
88 98 70
88 99 88
89 90 49
89 91 54
89 92 56
89 93 35
89 94 48
89 95 22
89 96 1
89 97 54
89 98 32
89 99 48
90 91 36
90 92 61
90 93 63
90 94 51
90 95 60
90 96 48
90 97 51
90 98 74
90 99 69
91 92 29
91 93 83
91 94 80
91 95 51
91 96 54
91 97 18
91 98 86
91 99 93
92 93 90
92 94 96
92 95 41
92 96 56
92 97 11
92 98 87
92 99 103
93 94 26
93 95 56
93 96 34
93 97 87
93 98 20
93 99 13
94 95 70
94 96 47
94 97 89
94 98 46
94 99 23
95 96 24
95 97 43
95 98 47
95 99 69
96 97 54
96 98 32
96 99 47
97 98 85
97 99 98
98 99 31
0 3 31
0 5 67
0 6 76
0 7 76
0 8 60
0 12 97
0 14 55
0 16 67
0 18 75
0 21 15
0 22 82
0 23 50
0 24 47
0 26 37
0 29 37
0 30 67
0 32 65
0 33 77
0 34 11
0 35 40
0 36 51
0 37 25
0 38 79
0 40 67
0 41 69
0 42 64
0 47 52
0 48 49
0 50 78
0 51 90
0 53 75
0 54 38
0 55 95
0 56 71
0 57 20
0 59 78
0 62 88
0 64 71
0 65 80
0 67 64
0 74 97
0 75 63
0 80 20
0 82 84
0 83 76
0 86 97
0 92 24
0 93 93
0 95 55
1 3 93
1 4 89
1 5 97
1 7 69
1 8 43
1 9 62
1 12 56
1 13 38
1 14 46
1 16 42
1 17 50
1 18 25
1 19 40
1 20 61
1 23 57
1 24 76
1 25 88
1 27 38
1 28 69
1 29 71
1 30 46
1 31 15
1 32 64
1 38 81
1 39 16
1 40 73
1 42 65
1 49 53
1 53 34
1 55 28
1 56 103
1 60 44
1 62 5
1 64 109
1 70 55
1 72 77
1 76 109
1 77 69
1 79 70
1 81 48
1 82 26
1 85 83
1 86 48
1 88 62
1 89 38
1 91 87
1 92 78
1 95 38
1 97 81
1 99 59
2 3 72
2 5 86
2 7 66
2 8 16
2 13 21
2 15 33
2 16 18
2 17 21
2 18 11
2 20 71
2 23 42
2 25 59
2 28 41
2 30 41
2 35 27
2 36 49
2 37 41
2 39 35
2 40 65
2 41 90
2 44 56
2 47 82
2 48 17
2 52 72
2 54 56
2 56 92
2 57 58
2 58 17
2 59 26
2 62 25
2 67 68
2 69 71
2 70 31
2 71 22
2 72 48
2 74 52
2 78 61
2 80 69
2 82 36
2 85 72
2 89 28
2 90 71
2 95 11
3 4 31
3 5 37
3 7 53
3 9 32
3 10 106
3 11 56
3 12 79
3 13 88
3 15 40
3 16 81
3 20 84
3 21 37
3 25 45
3 27 69
3 29 22
3 30 54
3 32 44
3 33 69
3 34 24
3 38 52
3 39 86
3 43 75
3 44 52
3 48 58
3 49 98
3 50 78
3 51 70
3 54 19
3 57 49
3 60 66
3 61 6
3 65 56
3 69 42
3 72 41
3 73 83
3 75 73
3 78 78
3 81 73
3 83 46
3 85 35
3 86 82
3 87 22
3 88 49
3 90 19
3 93 78
3 94 69
3 96 55
3 98 85
3 99 86
4 5 9
4 10 111
4 11 74
4 12 56
4 18 87
4 20 60
4 21 62
4 22 22
4 25 72
4 29 30
4 30 43
4 31 75
4 32 26
4 33 59
4 41 14
4 45 58
4 48 69
4 49 76
4 50 75
4 53 56
4 54 26
4 58 62
4 59 67
4 62 86
4 67 13
4 68 34
4 71 72
4 73 58
4 77 38
4 78 57
4 80 42
4 82 66
4 83 22
4 84 20
4 87 17
4 88 67
4 89 52
4 94 42
4 95 67
4 97 63
4 98 72
5 12 60
5 13 106
5 14 89
5 16 100
5 20 63
5 25 80
5 26 83
5 30 51
5 31 84
5 33 67
5 36 37
5 42 32
5 45 66
5 46 84
5 49 80
5 50 84
5 53 63
5 54 35
5 55 79
5 56 7
5 57 84
5 59 75
5 60 86
5 61 43
5 66 28
5 69 18
5 70 61
5 72 73
5 74 75
5 75 89
5 76 12
5 79 36
5 84 23
5 85 14
5 86 67
5 88 76
5 90 20
5 92 81
5 94 44
5 97 71
6 7 14
6 9 49
6 11 82
6 12 40
6 13 98
6 20 42
6 22 11
6 23 38
6 27 45
6 30 37
6 35 63
6 37 64
6 39 69
6 42 20
6 43 90
6 44 92
6 46 63
6 47 35
6 48 73
6 50 71
6 53 48
6 58 60
6 61 55
6 62 81
6 64 32
6 65 11
6 66 43
6 69 8
6 70 58
6 71 78
6 73 40
6 74 56
6 75 82
6 78 41
6 80 60
6 81 90
6 82 57
6 83 29
6 84 39
6 89 49
6 91 64
6 94 23
6 95 69
6 96 48
6 98 61
6 99 45
7 11 75
7 14 74
7 17 65
7 20 32
7 22 24
7 26 76
7 27 31
7 33 38
7 35 55
7 38 12
7 39 55
7 43 80
7 44 88
7 45 37
7 47 43
7 49 48
7 51 18
7 52 24
7 57 86
7 58 48
7 59 48
7 60 71
7 61 57
7 63 84
7 69 15
7 70 51
7 71 69
7 72 73
7 73 31
7 75 71
7 77 45
7 81 80
7 84 46
7 85 22
7 88 68
7 89 37
7 91 64
7 93 31
7 94 17
7 98 47
7 99 34
8 10 36
8 12 81
8 13 16
8 16 8
8 20 86
8 21 45
8 24 67
8 26 24
8 29 56
8 32 67
8 38 88
8 41 98
8 42 67
8 44 46
8 49 87
8 53 50
8 60 7
8 63 50
8 64 103
8 67 78
8 69 81
8 70 33
8 72 41
8 73 89
8 74 68
8 76 103
8 77 50
8 80 68
8 81 5
8 83 105
8 85 81
8 90 76
8 92 40
8 93 73
8 95 19
8 99 86
9 11 33
9 12 61
9 14 39
9 15 8
9 16 51
9 17 27
9 18 51
9 20 67
9 22 58
9 24 24
9 27 44
9 29 12
9 31 47
9 33 41
9 34 26
9 35 16
9 40 38
9 42 32
9 43 46
9 49 77
9 50 46
9 51 56
9 52 63
9 53 39
9 55 59
9 56 57
9 60 37
9 61 31
9 63 41
9 64 59
9 65 49
9 66 38
9 71 31
9 72 29
9 73 68
9 75 42
9 76 59
9 77 8
9 79 50
9 80 32
9 81 45
9 83 62
9 84 40
9 86 61
9 88 26
9 90 33
9 91 27
9 93 57
9 94 60
9 95 29
9 97 30
9 98 59
10 11 58
10 18 24
10 20 93
10 24 95
10 28 73
10 29 87
10 31 39
10 33 59
10 36 83
10 38 108
10 40 97
10 41 124
10 42 89
10 43 36
10 44 81
10 47 117
10 48 49
10 49 86
10 50 38
10 52 96
10 53 62
10 54 91
10 55 61
10 56 126
10 59 49
10 65 101
10 66 113
10 68 100
10 69 104
10 73 96
10 74 69
10 75 34
10 76 130
10 77 82
10 78 83
10 79 99
10 80 103
10 85 106
10 86 80
10 87 96
10 88 63
10 89 60
10 92 76
10 93 79
10 94 102
10 95 46
10 98 61
10 99 91
11 16 29
11 17 13
11 18 39
11 20 91
11 21 24
11 22 91
11 23 44
11 24 56
11 31 50
11 32 63
11 35 20
11 36 50
11 37 22
11 38 83
11 39 65
11 42 63
11 43 22
11 44 25
11 50 48
11 51 83
11 53 56
11 56 89
11 57 27
11 61 52
11 63 28
11 70 24
11 72 20
11 74 77
11 75 27
11 76 91
11 77 37
11 79 81
11 82 62
11 83 95
11 85 72
11 89 44
11 90 64
11 91 40
11 92 18
11 94 89
11 95 25
11 98 72
11 99 92
12 13 85
12 18 71
12 20 6
12 22 48
12 24 55
12 29 61
12 30 31
12 31 50
12 33 31
12 36 46
12 37 76
12 41 65
12 48 71
12 50 51
12 53 30
12 56 65
12 58 50
12 60 76
12 62 56
12 63 102
12 67 44
12 68 77
12 70 64
12 72 90
12 73 9
12 74 21
12 75 72
12 78 5
12 81 85
12 82 32
12 83 69
12 86 9
12 87 57
12 94 20
12 95 63
12 96 41
12 99 7
13 14 21
13 16 8
13 17 32
13 18 14
13 19 10
13 21 60
13 27 62
13 30 62
13 31 35
13 32 77
13 33 53
13 34 71
13 35 43
13 36 69
13 39 49
13 41 110
13 42 77
13 43 15
13 46 97
13 47 101
13 48 30
13 49 88
13 50 34
13 51 87
13 52 92
13 53 55
13 56 112
13 60 22
13 62 34
13 63 65
13 64 116
13 65 92
13 66 95
13 67 89
13 69 92
13 72 56
13 76 116
13 77 64
13 79 90
13 80 83
13 81 18
13 82 54
13 83 118
13 86 78
13 88 42
13 89 49
13 90 90
13 91 75
13 93 77
13 94 96
13 95 30
13 97 62
13 99 90
14 17 12
14 18 23
14 20 85
14 21 40
14 22 94
14 26 19
14 27 57
14 29 51
14 31 37
14 32 64
14 33 49
14 34 50
14 36 53
14 38 84
14 39 52
14 41 93
14 42 64
14 43 7
14 44 41
14 47 82
14 48 11
14 50 35
14 53 49
14 55 62
14 61 64
14 62 42
14 66 76
14 67 74
14 69 77
14 70 29
14 71 10
14 72 36
14 73 88
14 74 68
14 77 45
14 80 63
14 82 52
14 84 78
14 86 75
14 87 63
14 88 21
14 90 72
14 91 54
14 94 87
14 97 41
14 98 62
14 99 85
15 18 44
15 21 32
15 22 61
15 24 28
15 25 44
15 26 32
15 28 23
15 31 39
15 32 32
15 33 35
15 34 33
15 35 12
15 36 20
15 37 19
15 38 52
15 39 50
15 41 59
15 45 35
15 46 80
15 47 50
15 48 23
15 50 39
15 51 54
15 52 60
15 55 52
15 56 62
15 57 45
15 59 36
15 60 31
15 61 38
15 64 65
15 67 40
15 71 27
15 73 65
15 78 54
15 81 40
15 82 42
15 83 67
15 85 43
15 86 56
15 88 25
15 89 20
15 90 39
15 93 53
15 95 22
15 97 34
16 19 3
16 21 52
16 23 56
16 24 74
16 25 57
16 26 30
16 27 61
16 28 44
16 29 63
16 32 73
16 35 36
16 36 63
16 38 93
16 43 6
16 45 53
16 48 23
16 49 89
16 51 86
16 54 68
16 55 63
16 57 55
16 58 35
16 61 77
16 63 56
16 64 110
16 65 88
16 69 87
16 70 41
16 73 93
16 75 12
16 77 57
16 78 79
16 80 76
16 82 54
16 85 87
16 86 78
16 91 67
16 92 46
16 94 93
16 96 47
16 99 89
17 20 79
17 21 30
17 22 84
17 23 35
17 28 21
17 32 54
17 34 39
17 35 12
17 37 22
17 38 74
17 39 52
17 40 62
17 42 54
17 43 19
17 49 84
17 53 44
17 54 44
17 55 60
17 56 84
17 57 38
17 59 40
17 60 10
17 61 53
17 62 45
17 63 38
17 67 63
17 68 49
17 69 67
17 73 82
17 75 18
17 76 86
17 78 69
17 79 71
17 80 51
17 81 17
17 82 49
17 86 70
17 91 43
17 93 67
17 94 78
17 97 32
17 98 60
17 99 80
18 20 76
18 22 97
18 25 68
18 27 49
18 28 51
18 32 66
18 33 40
18 34 68
18 45 40
18 48 27
18 49 74
18 53 41
18 57 66
18 60 22
18 61 80
18 64 107
18 65 79
18 70 42
18 71 30
18 72 57
18 74 55
18 75 12
18 76 107
18 77 58
18 78 66
18 79 78
18 83 108
18 84 90
18 85 82
18 87 72
18 88 42
18 93 62
18 94 83
18 96 38
18 99 75
19 23 53
19 27 58
19 28 42
19 29 60
19 30 55
19 31 34
19 33 49
19 37 44
19 39 49
19 42 70
19 43 5
19 46 95
19 47 91
19 48 20
19 49 86
19 50 32
19 51 82
19 53 51
19 56 103
19 62 36
19 63 55
19 64 107
19 65 85
19 70 38
19 72 46
19 73 90
19 75 9
19 76 107
19 79 84
19 80 73
19 83 109
19 88 32
19 91 64
19 94 90
19 95 21
19 96 44
19 97 51
19 98 60
20 21 95
20 22 49
20 23 53
20 26 93
20 27 29
20 30 37
20 33 37
20 36 52
20 38 39
20 41 67
20 43 89
20 44 110
20 46 21
20 48 77
20 50 56
20 51 14
20 53 36
20 54 66
20 57 109
20 61 87
20 62 61
20 63 108
20 67 47
20 70 70
20 71 84
20 73 4
20 74 24
20 75 78
20 76 74
20 77 71
20 79 27
20 81 90
20 84 78
20 85 53
20 87 62
20 89 48
20 90 67
20 91 91
20 93 14
20 94 20
20 95 69
20 97 97
20 98 32
20 99 3
21 24 46
21 26 22
21 27 71
21 30 58
21 31 66
21 34 13
21 35 27
21 41 73
21 42 59
21 43 46
21 44 17
21 45 66
21 47 57
21 51 84
21 54 37
21 55 84
21 56 75
21 58 51
21 62 74
21 64 76
21 67 63
21 68 30
21 70 27
21 80 28
21 81 43
21 82 73
21 83 80
21 85 62
21 86 88
21 87 45
21 88 19
21 92 12
21 99 96
22 23 48
22 25 93
22 27 55
22 28 78
22 31 81
22 32 31
22 33 62
22 36 41
22 38 12
22 40 22
22 41 21
22 46 70
22 47 35
22 50 82
22 51 37
22 52 40
22 53 59
22 56 20
22 58 71
22 59 72
22 61 59
22 62 91
22 63 94
22 65 20
22 69 17
22 70 67
22 72 85
22 76 27
22 83 22
22 84 41
22 87 37
22 88 84
22 89 60
22 90 35
22 93 53
22 94 29
22 95 79
22 97 84
22 98 71
23 26 45
23 27 32
23 28 35
23 34 39
23 35 25
23 37 29
23 38 39
23 39 49
23 44 58
23 47 42
23 49 64
23 50 42
23 51 42
23 58 27
23 60 43
23 63 55
23 64 55
23 67 28
23 70 20
23 71 39
23 72 43
23 75 45
23 78 45
23 79 37
23 80 41
23 81 52
23 83 56
23 85 31
23 87 21
23 88 38
23 89 19
23 90 31
23 93 44
23 94 46
23 97 44
23 98 48
23 99 54
24 30 32
24 31 61
24 35 39
24 36 13
24 37 36
24 38 31
24 40 20
24 41 31
24 42 19
24 43 69
24 48 51
24 50 61
24 52 53
24 55 64
24 56 33
24 57 60
24 59 55
24 60 60
24 66 23
24 67 17
24 68 23
24 73 59
24 74 62
24 75 63
24 76 36
24 80 32
24 82 56
24 84 22
24 89 38
24 90 11
24 91 35
24 92 56
24 98 64
25 27 83
25 28 21
25 32 72
25 33 78
25 37 26
25 38 88
25 39 90
25 44 9
25 45 78
25 46 124
25 47 66
25 49 116
25 50 75
25 51 97
25 52 103
25 55 95
25 56 85
25 58 62
25 60 46
25 61 39
25 63 1
25 64 85
25 65 88
25 69 78
25 75 56
25 79 90
25 80 34
25 81 48
25 82 84
25 85 73
25 89 63
25 90 60
25 91 25
25 93 97
25 98 95
26 29 44
26 31 52
26 33 59
26 34 34
26 35 21
26 36 51
26 37 22
26 39 67
26 40 71
26 43 24
26 44 23
26 46 107
26 47 73
26 48 18
26 49 98
26 52 91
26 58 41
26 59 55
26 61 51
26 62 59
26 63 26
26 64 91
26 65 81
26 68 49
26 75 29
26 81 21
26 82 64
26 84 69
26 87 57
26 89 46
26 90 64
26 92 16
26 93 81
26 96 47
26 98 74
27 29 48
27 30 14
27 34 70
27 35 46
27 37 57
27 38 43
27 40 37
27 42 30
27 45 8
27 48 49
27 49 33
27 52 29
27 55 18
27 57 84
27 61 71
27 62 37
27 66 69
27 67 42
27 69 44
27 71 56
27 77 50
27 78 18
27 79 32
27 80 73
27 82 12
27 84 68
27 88 60
27 90 57
27 93 15
27 94 35
27 95 41
27 96 19
27 99 28
28 29 29
28 36 39
28 37 6
28 39 69
28 44 23
28 45 56
28 46 103
28 47 57
28 49 94
28 50 54
28 52 83
28 54 33
28 55 74
28 57 22
28 59 55
28 61 34
28 62 64
28 65 70
28 66 48
28 70 17
28 71 22
28 72 9
28 73 88
28 74 77
28 76 75
28 77 22
28 78 77
28 79 71
28 82 63
28 83 79
28 85 58
28 87 42
28 88 11
28 89 42
28 91 23
28 93 76
28 94 80
28 95 31
28 96 42
28 98 73
29 31 57
29 32 28
29 34 27
29 36 14
29 37 24
29 40 31
29 42 27
29 46 86
29 48 41
29 49 78
29 50 56
29 52 60
29 53 44
29 55 64
29 56 45
29 58 41
29 60 49
29 62 68
29 64 47
29 65 43
29 66 26
29 67 29
29 68 17
29 72 36
29 73 66
29 74 64
29 75 54
29 77 8
29 85 29
29 87 13
29 90 20
29 92 44
29 93 58
29 94 55
29 97 35
29 99 68
30 31 33
30 32 18
30 33 16
30 37 45
30 38 37
30 40 27
30 44 73
30 46 54
30 47 54
30 50 33
30 51 28
30 55 31
30 62 44
30 63 71
30 64 63
30 65 30
30 70 33
30 71 48
30 72 59
30 74 31
30 77 36
30 78 28
30 79 29
30 80 59
30 81 57
30 84 54
30 85 37
30 92 65
30 95 35
30 96 12
30 98 31
30 99 38
31 33 20
31 34 70
31 36 48
31 37 54
31 39 16
31 40 60
31 41 88
31 43 37
31 49 53
31 54 60
31 60 34
31 63 75
31 64 95
31 66 82
31 74 34
31 75 26
31 77 55
31 81 40
31 83 95
31 87 63
31 88 49
31 91 73
31 93 42
31 94 64
31 95 25
31 96 25
31 99 55
32 33 34
32 36 14
32 38 20
32 39 52
32 40 9
32 42 1
32 47 39
32 51 26
32 53 30
32 54 27
32 59 43
32 63 73
32 65 17
32 66 42
32 68 43
32 69 16
32 71 58
32 72 61
32 73 39
32 75 61
32 76 45
32 77 34
32 80 52
32 83 44
32 84 40
32 86 38
32 87 22
32 88 57
32 90 29
32 95 49
33 35 40
33 38 50
33 39 19
33 40 42
33 43 52
33 45 1
33 48 42
33 50 21
33 51 34
33 52 38
33 53 3
33 54 49
33 55 18
33 56 73
33 57 78
33 58 19
33 59 10
33 61 70
33 62 29
33 66 70
33 67 47
33 68 64
33 69 49
33 70 39
33 71 48
33 72 65
33 77 48
33 79 40
33 81 53
33 84 70
33 85 53
33 86 26
33 88 54
33 89 15
33 90 59
33 94 43
33 99 37
34 35 32
34 36 40
34 42 54
34 44 28
34 50 69
34 52 87
34 55 85
34 56 64
34 57 25
34 59 68
34 60 49
34 65 70
34 66 35
34 67 55
34 71 40
34 74 87
34 75 57
34 76 64
34 77 21
34 78 84
34 79 72
34 80 15
34 81 54
34 82 75
34 83 69
34 84 39
34 86 87
34 87 36
34 88 29
34 91 5
34 92 24
34 96 53
34 98 85
34 99 93
35 38 64
35 39 52
35 40 51
35 41 70
35 44 38
35 47 59
35 48 13
35 50 38
35 52 70
35 53 39
35 54 32
35 55 57
35 57 38
35 58 24
35 61 43
35 62 49
35 65 60
35 67 52
35 68 39
35 70 5
35 73 74
35 75 27
35 76 75
35 77 22
35 78 63
35 79 61
35 83 78
35 84 55
35 86 64
35 87 40
35 88 14
35 92 30
35 99 73
36 37 33
36 39 53
36 40 20
36 43 59
36 44 62
36 45 34
36 48 42
36 51 40
36 54 15
36 55 51
36 59 41
36 62 59
36 64 48
36 66 35
36 67 21
36 68 31
36 70 26
36 72 47
36 75 52
36 76 48
36 77 20
36 80 40
36 82 43
36 83 49
36 86 48
36 89 25
36 90 24
36 91 40
36 93 44
36 94 42
36 97 48
36 99 53
37 38 65
37 41 65
37 44 28
37 45 53
37 46 99
37 47 52
37 49 90
37 52 78
37 53 51
37 54 27
37 56 68
37 57 27
37 60 32
37 63 26
37 64 69
37 65 64
37 66 43
37 67 52
37 68 28
37 69 56
37 71 24
37 73 83
37 83 74
37 84 47
37 86 75
37 88 14
37 90 43
37 91 20
37 95 30
37 99 83
38 40 13
38 41 28
38 42 20
38 43 90
38 45 49
38 47 38
38 48 74
38 49 57
38 50 70
38 51 26
38 53 47
38 54 40
38 57 91
38 58 60
38 59 60
38 62 79
38 63 89
38 64 35
38 66 46
38 67 14
38 68 53
38 72 79
38 73 37
38 76 35
38 77 50
38 82 56
38 87 32
38 89 49
38 91 66
38 92 86
38 93 41
38 94 20
39 40 60
39 43 53
39 44 88
39 45 20
39 46 47
39 48 49
39 52 49
39 53 22
39 57 89
39 58 28
39 59 14
39 60 50
39 61 87
39 62 17
39 63 89
39 65 59
39 66 89
39 69 67
39 70 53
39 71 55
39 76 97
39 81 56
39 82 12
39 84 88
39 87 68
39 91 84
39 93 32
39 94 57
39 95 40
39 96 31
39 97 81
39 98 13
40 42 9
40 43 78
40 44 81
40 47 33
40 48 61
40 50 60
40 51 28
40 52 34
40 54 29
40 55 54
40 62 71
40 63 77
40 64 37
40 67 6
40 68 43
40 70 46
40 71 66
40 72 66
40 73 41
40 76 37
40 78 38
40 80 52
40 82 49
40 84 36
40 91 55
40 92 74
40 96 37
40 97 66
40 98 54
40 99 44
41 45 71
41 46 89
41 50 88
41 53 68
41 54 38
41 55 84
41 56 2
41 57 86
41 60 91
41 64 7
41 65 36
41 68 43
41 70 65
41 71 85
41 72 76
41 73 65
41 74 80
41 77 50
41 78 66
41 79 41
41 80 50
41 85 19
41 86 72
41 87 30
41 89 65
41 91 58
41 92 84
41 97 74
41 98 84
42 44 75
42 47 38
42 49 55
42 52 34
42 54 26
42 55 47
42 56 39
42 58 40
42 60 61
42 63 72
42 66 41
42 69 15
42 71 58
42 72 61
42 74 44
42 78 35
42 80 51
42 81 70
42 84 39
42 86 39
42 88 57
42 91 52
42 92 68
42 93 35
42 94 28
42 96 28
42 97 61
42 99 42
43 30 56
43 44 45
43 46 99
43 50 36
43 52 89
43 57 48
43 59 44
43 60 9
43 62 41
43 63 50
43 64 105
43 65 85
43 67 80
43 69 84
43 71 17
43 72 42
43 74 70
43 75 11
43 76 105
43 77 52
43 82 54
43 83 108
43 84 85
43 85 83
43 86 78
43 87 70
43 89 44
43 91 61
43 93 76
43 94 92
43 95 21
43 97 47
43 98 63
44 47 73
44 49 117
44 50 73
44 52 106
44 53 77
44 54 54
44 63 7
44 65 92
44 68 47
44 69 83
44 72 15
44 75 52
44 76 92
44 79 94
44 80 42
44 82 84
44 83 97
44 86 102
44 88 25
44 93 98
44 95 49
44 96 65
44 99 111
45 46 48
45 47 69
45 49 39
45 52 37
45 53 2
45 54 49
45 56 72
45 60 46
45 62 30
45 63 78
45 64 77
45 66 70
45 68 64
45 69 48
45 72 65
45 73 39
45 75 41
45 77 47
45 81 54
45 83 77
45 84 69
45 85 52
45 89 15
45 92 70
45 93 23
45 94 42
45 95 33
45 96 14
45 97 68
45 98 18
45 99 36
46 47 96
46 48 90
46 49 9
46 50 63
46 51 35
46 53 49
46 56 89
46 57 125
46 58 67
46 60 93
46 62 64
46 63 125
46 64 95
46 65 53
46 66 102
46 68 102
46 70 86
46 71 96
46 72 112
46 76 95
46 77 89
46 78 27
46 80 111
46 87 82
46 89 62
46 90 88
46 93 28
46 95 81
46 96 61
46 97 114
46 99 19
47 48 72
47 51 61
47 52 67
47 53 67
47 54 27
47 56 20
47 61 27
47 62 95
47 65 44
47 66 11
47 67 28
47 73 74
47 75 85
47 77 37
47 78 71
47 80 32
47 81 88
47 84 6
47 85 22
47 86 77
47 87 21
47 89 60
47 91 41
47 93 73
47 94 57
47 95 72
47 96 60
47 99 77
48 49 81
48 51 70
48 53 42
48 55 57
48 56 85
48 58 23
48 59 37
48 62 41
48 68 51
48 69 67
48 70 18
48 73 80
48 75 15
48 77 35
48 78 67
48 79 70
48 80 54
48 81 17
48 83 90
48 84 68
48 87 52
48 94 77
48 98 57
48 99 78
49 50 54
49 52 27
49 53 40
49 55 26
49 57 117
49 60 84
49 62 55
49 64 92
49 65 49
49 66 96
49 67 64
49 70 77
49 71 87
49 72 104
49 73 21
49 74 19
49 75 78
49 76 92
49 78 20
49 79 44
49 83 88
49 84 93
49 87 76
49 90 83
49 93 20
49 94 38
49 96 52
49 98 27
50 52 58
50 54 60
50 55 28
50 56 90
50 57 74
50 58 15
50 60 33
50 63 74
50 64 95
50 65 63
50 72 62
50 73 60
50 74 35
50 75 25
50 76 95
50 77 54
50 78 46
50 81 39
50 82 20
50 83 95
50 87 63
50 88 48
50 89 24
50 90 73
50 91 72
50 92 65
50 93 43
50 94 64
50 97 66
50 99 56
51 52 7
51 53 32
51 54 53
51 55 36
51 56 54
51 57 98
51 60 76
51 63 97
51 64 61
51 65 18
51 66 67
51 73 13
51 74 30
51 75 74
51 82 37
51 83 57
51 84 64
51 86 19
51 87 48
51 88 78
51 89 41
51 90 53
51 91 79
51 93 17
51 95 63
51 96 40
52 55 37
52 56 59
52 58 55
52 59 48
52 60 82
52 61 81
52 63 104
52 64 65
52 65 23
52 68 76
52 70 67
52 71 82
52 75 78
52 77 66
52 79 19
52 82 39
52 84 70
52 87 55
52 89 46
52 91 86
52 93 17
52 94 12
52 95 68
52 97 93
53 54 46
53 56 70
53 58 19
53 59 13
53 60 46
53 61 67
53 62 32
53 66 67
53 67 44
53 69 46
53 72 64
53 74 22
53 76 75
53 79 37
53 81 54
53 84 67
53 86 26
53 87 47
53 89 13
53 91 66
53 94 41
53 95 33
53 97 67
53 98 20
54 58 45
54 59 54
54 61 21
54 62 71
54 64 43
54 66 22
54 67 26
54 68 16
54 70 27
54 71 47
54 72 39
54 73 66
54 74 66
54 76 43
54 77 12
54 78 59
54 81 61
54 83 46
54 85 25
54 88 41
54 89 37
54 90 16
54 91 26
54 95 45
54 96 36
54 99 68
55 58 34
55 61 87
55 63 95
55 64 91
55 68 82
55 69 60
55 70 57
55 72 83
55 74 8
55 78 24
55 79 47
55 81 66
55 82 11
55 83 89
55 84 85
55 85 66
55 86 20
55 87 66
55 88 70
55 89 33
55 90 74
55 91 86
55 97 86
55 99 31
56 57 88
56 58 77
56 59 82
56 60 93
56 63 86
56 64 6
56 65 37
56 69 24
56 70 67
56 72 78
56 74 80
56 75 96
56 79 41
56 80 52
56 82 80
56 85 21
56 86 72
56 88 81
56 90 25
56 93 69
56 94 48
57 58 62
57 59 76
57 61 43
57 62 83
57 68 43
57 69 81
57 71 36
57 73 110
57 75 54
57 77 41
57 80 38
57 84 64
57 86 102
57 87 60
57 90 64
57 95 50
57 96 64
58 59 14
58 61 62
58 63 62
58 68 57
58 69 55
58 70 25
58 71 30
58 72 49
58 75 23
58 76 82
58 79 52
58 80 62
58 82 23
58 86 45
58 87 48
58 90 58
58 93 42
58 95 14
58 96 12
58 97 53
59 61 73
59 62 19
59 65 53
59 66 76
59 67 56
59 70 39
59 74 26
59 75 33
59 77 51
59 79 50
59 80 75
59 82 10
59 83 87
59 86 34
59 87 56
59 88 51
59 92 67
59 93 33
59 94 54
59 96 18
59 97 67
60 62 40
60 64 96
60 66 74
60 70 26
60 72 35
60 74 65
60 78 72
60 81 9
60 82 49
60 83 99
60 84 76
60 87 61
60 89 36
60 91 53
60 94 83
60 96 37
60 98 59
60 99 82
61 63 40
61 64 46
61 65 60
61 69 47
61 70 39
61 74 87
61 76 46
61 80 5
61 84 21
61 88 45
61 89 56
61 90 25
61 95 58
61 96 56
61 99 89
62 65 72
62 66 93
62 69 77
62 71 47
62 72 72
62 73 65
62 74 38
62 75 30
62 76 106
62 79 69
62 80 89
62 82 25
62 84 94
62 86 48
62 87 74
62 90 84
62 92 74
62 93 48
62 99 60
63 64 86
63 65 89
63 68 41
63 69 79
63 71 37
63 73 109
63 74 99
63 75 55
63 76 86
63 79 91
63 84 61
63 85 74
63 88 26
63 89 63
63 90 61
63 93 97
63 94 100
63 98 95
64 66 30
64 68 45
64 69 30
64 72 79
64 73 72
64 76 0
64 80 51
64 85 26
64 86 79
64 87 35
64 88 83
64 93 75
64 95 86
65 66 51
65 67 17
65 71 75
65 72 78
65 73 30
65 74 45
65 75 76
65 76 43
65 77 50
65 78 30
65 79 4
65 80 65
65 82 48
65 83 40
65 84 47
65 85 23
65 86 36
65 89 43
65 92 85
65 94 13
65 95 64
65 97 78
65 98 50
65 99 34
66 73 80
66 74 85
66 75 79
66 76 29
66 77 31
66 79 55
66 81 81
66 83 35
66 85 29
66 87 21
66 91 30
66 92 59
66 93 76
66 94 64
67 68 39
67 69 4
67 70 47
67 71 67
67 73 46
67 77 37
67 78 44
67 79 21
67 80 48
67 81 80
67 82 54
67 84 30
67 86 49
67 87 18
67 88 64
67 91 52
67 92 73
67 93 45
67 94 31
67 96 41
67 98 59
68 70 34
68 71 51
68 73 82
68 75 66
68 76 45
68 77 18
68 78 75
68 81 66
68 82 72
68 83 51
68 85 36
68 86 79
68 87 21
68 89 51
68 90 21
68 91 15
68 92 42
68 94 69
68 95 54
68 96 50
68 97 32
68 98 81
69 73 45
69 74 56
69 75 76
69 76 30
69 77 40
69 80 51
69 86 49
69 89 44
69 92 76
69 93 45
69 94 28
69 96 43
70 71 20
70 72 26
70 74 60
70 75 32
70 78 61
70 81 34
70 83 73
70 84 50
70 85 49
70 86 62
70 90 43
70 91 32
70 93 59
70 94 65
70 96 25
70 99 71
71 75 18
71 76 90
71 78 74
71 79 75
71 82 53
71 84 69
71 86 74
71 88 12
71 90 63
71 91 44
71 92 27
71 93 71
71 94 83
71 99 84
72 73 97
72 74 86
72 75 45
72 77 29
72 79 79
72 80 32
72 81 39
72 83 84
72 87 48
72 91 22
72 95 38
73 77 71
73 78 13
73 80 91
73 81 93
73 83 68
73 84 76
73 85 52
73 88 89
73 90 66
73 91 92
73 92 103
73 94 18
73 99 6
74 75 59
74 76 87
74 77 66
74 80 90
74 81 72
74 82 16
74 85 62
74 87 64
74 89 35
74 91 88
74 92 91
74 93 13
74 96 35
74 98 8
74 99 22
75 77 49
75 81 14
75 82 43
75 83 102
75 84 81
75 87 64
75 90 74
75 93 64
75 99 78
76 78 73
76 80 51
76 81 104
76 82 85
76 83 7
76 85 26
76 87 35
76 89 71
76 91 60
76 93 75
76 96 70
76 98 91
76 99 77
77 78 63
77 79 52
77 81 50
77 82 55
77 90 27
77 93 62
77 97 28
78 79 26
78 82 27
78 85 50
78 86 6
78 88 77
78 89 38
78 91 84
78 95 59
78 96 37
78 97 88
79 80 68
79 81 85
79 85 27
79 86 32
79 88 75
79 89 42
79 90 42
79 92 87
79 93 28
79 94 10
79 95 64
79 97 80
79 98 47
80 83 57
80 85 45
80 87 30
80 88 42
80 92 39
80 93 84
80 95 58
80 96 58
80 97 28
80 98 89
80 99 93
81 84 84
81 86 79
81 88 25
81 90 77
81 92 37
81 93 77
81 95 22
81 96 45
81 99 90
82 83 85
82 84 77
82 85 60
82 86 24
82 88 60
82 93 23
82 94 47
82 95 37
82 96 22
82 97 75
82 99 36
83 84 30
83 86 76
83 88 87
83 89 72
83 90 31
83 91 65
83 92 92
83 93 73
83 94 50
83 99 73
84 86 78
84 88 61
84 91 35
84 92 63
84 93 74
84 94 61
84 95 68
84 98 85
84 99 80
85 93 51
85 95 63
86 90 67
86 91 87
86 92 94
86 93 4
86 94 29
86 98 20
86 99 12
87 89 39
87 91 34
87 93 56
87 94 48
87 98 66
87 99 63
88 89 40
88 90 57
88 92 17
88 95 24
88 96 41
88 97 20
88 98 70
88 99 88
89 90 49
89 91 54
89 93 35
89 94 48
89 96 1
89 97 54
89 99 48
90 93 63
90 97 51
90 99 69
91 92 29
91 95 51
92 93 90
92 95 41
92 97 11
92 98 87
93 97 87
94 95 70
94 96 47
94 98 46
94 99 23
95 98 47
95 99 69
96 97 54
96 98 32
