100 4950 1485 50
0.681716 0.741652 37
0.481695 0.0690088 38
0.140794 0.263658 36
0.663662 0.361688 23
0.210535 0.779627 41
0.136368 0.347334 33
0.207519 0.489142 24
0.382471 0.0689314 39
0.83387 0.155553 49
0.219342 0.303867 27
0.688416 0.207472 34
0.673933 0.11279 41
0.218905 0.309395 27
0.40092 0.72805 28
0.61262 0.446235 17
0.110207 0.141542 46
0.0651189 0.0306616 57
0.00809267 0.205551 50
0.777917 0.0348731 53
0.311431 0.817467 39
0.329298 0.798979 37
0.0563649 0.0432522 56
0.00194365 0.994345 70
0.203122 0.806088 43
0.387343 0.0464884 41
0.447448 0.449048 0
0.81589 0.0941702 51
0.890555 0.177692 52
0.121524 0.543486 34
0.537313 0.680413 25
0.359573 0.124062 34
0.905922 0.204321 52
0.692028 0.356539 26
0.456939 0.401229 5
0.850661 0.37346 41
0.586636 0.844948 42
0.284039 0.169551 32
0.0912068 0.47227 36
0.605329 0.805211 39
0.886706 0.973527 68
0.874029 0.243623 47
0.599121 0.122738 36
0.267385 0.580719 22
0.627546 0.108102 39
0.614278 0.416146 17
0.822621 0.868579 56
0.396974 0.988386 54
0.877909 0.314022 45
0.322395 0.117717 35
0.605339 0.244524 26
0.0612318 0.704569 46
0.63851 0.0584449 43
0.959482 0.497932 51
0.3727 0.0406356 42
0.0970272 0.479711 35
0.936098 0.872607 65
0.292448 0.247654 25
0.542475 0.596753 18
0.191872 0.540478 27
0.622501 0.0393841 45
0.366621 0.886413 44
0.44449 0.462457 1
0.429562 0.800193 35
0.812407 0.800122 51
0.512052 0.256149 20
0.785459 0.685131 41
0.214209 0.818198 44
0.0997577 0.88606 56
0.457482 0.58603 14
0.875663 0.345732 44
0.500674 0.373681 9
0.0656264 0.666344 44
0.678838 0.543569 25
0.443588 0.902448 45
0.346447 0.011074 45
0.170929 0.577364 30
0.982519 0.404653 54
0.0807215 0.741314 47
0.096608 0.0805128 51
0.836241 0.149971 49
0.97697 0.884661 69
0.887391 0.623188 47
0.913122 0.89605 65
0.396097 0.406154 7
0.680699 0.225724 32
0.1682 0.0113232 52
0.622891 0.655445 27
0.688866 0.195755 35
0.568764 0.129061 34
0.479703 0.111039 34
0.272689 0.747092 35
0.559428 0.944501 51
0.288425 0.579579 21
0.31443 0.548517 17
0.398059 0.244468 21
0.0109936 0.185976 51
0.367468 0.163797 30
0.211277 0.354328 25
0.751549 0.669655 38
0.160334 0.940115 57
0 1 70
0 2 72
0 3 38
0 4 47
0 5 67
0 6 54
0 7 74
0 8 61
0 9 64
0 10 53
0 11 63
0 12 63
0 13 28
0 14 30
0 15 83
0 16 94
0 17 86
0 18 71
0 19 38
0 20 36
0 21 94
0 22 73
0 23 48
0 24 75
0 25 37
0 26 66
0 27 60
0 28 59
0 29 16
0 30 70
0 31 58
0 32 39
0 33 41
0 34 41
0 35 14
0 36 70
0 37 65
0 38 10
0 39 31
0 40 53
0 41 62
0 42 44
0 43 64
0 44 33
0 45 19
0 46 38
0 47 47
0 48 72
0 49 50
0 50 62
0 51 68
0 52 37
0 53 77
0 54 64
0 55 29
0 56 63
0 57 20
0 58 53
0 59 70
0 60 35
0 61 37
0 62 26
0 63 14
0 64 51
0 65 12
0 66 47
0 67 60
0 68 27
0 69 44
0 70 41
0 71 62
0 72 20
0 73 29
0 74 80
0 75 54
0 76 45
0 77 60
0 78 88
0 79 61
0 80 33
0 81 24
0 82 28
0 83 44
0 84 52
0 85 89
0 86 10
0 87 55
0 88 62
0 89 66
0 90 41
0 91 24
0 92 43
0 93 41
0 94 57
0 95 87
0 96 66
0 97 61
0 98 10
0 99 56
1 2 39
1 3 34
1 4 76
1 5 44
1 6 50
1 7 10
1 8 36
1 9 35
1 10 25
1 11 20
1 12 36
1 13 66
1 14 40
1 15 38
1 16 42
1 17 49
1 18 30
1 19 77
1 20 75
1 21 43
1 22 104
1 23 79
1 24 10
1 25 38
1 26 34
1 27 42
1 28 60
1 29 61
1 30 13
1 31 45
1 32 36
1 33 33
1 34 48
1 35 78
1 36 22
1 37 56
1 38 75
1 39 99
1 40 43
1 41 13
1 42 55
1 43 15
1 44 37
1 45 87
1 46 92
1 47 47
1 48 17
1 49 21
1 50 76
1 51 16
1 52 64
1 53 11
1 54 56
1 55 92
1 56 26
1 57 53
1 58 55
1 59 14
1 60 83
1 61 40
1 62 73
1 63 80
1 64 19
1 65 69
1 66 80
1 67 90
1 68 52
1 69 48
1 70 31
1 71 73
1 72 51
1 73 83
1 74 15
1 75 60
1 76 60
1 77 78
1 78 39
1 79 36
1 80 95
1 81 69
1 82 93
1 83 35
1 84 25
1 85 32
1 86 60
1 87 24
1 88 11
1 89 4
1 90 71
1 91 88
1 92 55
1 93 51
1 94 19
1 95 49
1 96 15
1 97 39
1 98 66
1 99 93
2 3 53
2 4 52
2 5 8
2 6 24
2 7 31
2 8 70
2 9 9
2 10 55
2 11 55
2 12 9
2 13 53
2 14 51
2 15 13
2 16 24
2 17 14
2 18 68
2 19 58
2 20 57
2 21 24
2 22 74
2 23 55
2 24 33
2 25 36
2 26 70
2 27 75
2 28 28
2 29 58
2 30 26
2 31 77
2 32 56
2 33 34
2 34 72
2 35 73
2 36 17
2 37 21
2 38 71
2 39 103
2 40 73
2 41 48
2 42 34
2 43 51
2 44 50
2 45 91
2 46 77
2 47 74
2 48 23
2 49 46
2 50 45
2 51 54
2 52 85
2 53 32
2 54 22
2 55 100
2 56 15
2 57 52
2 58 28
2 59 53
2 60 66
2 61 36
2 62 61
2 63 86
2 64 37
2 65 77
2 66 56
2 67 62
2 68 45
2 69 74
2 70 38
2 71 41
2 72 61
2 73 71
2 74 33
2 75 32
2 76 85
2 77 48
2 78 19
2 79 70
2 80 104
2 81 83
2 82 100
2 83 29
2 84 54
2 85 25
2 86 62
2 87 55
2 88 45
2 89 37
2 90 50
2 91 80
2 92 35
2 93 33
2 94 26
2 95 15
2 96 25
2 97 11
2 98 73
2 99 68
3 4 62
3 5 53
3 6 47
3 7 41
3 8 27
3 9 45
3 10 16
3 11 25
3 12 45
3 13 45
3 14 10
3 15 60
3 16 68
3 17 67
3 18 35
3 19 58
3 20 55
3 21 69
3 22 92
3 23 64
3 24 42
3 25 23
3 26 31
3 27 29
3 28 57
3 29 34
3 30 39
3 31 29
3 32 3
3 33 21
3 34 19
3 35 49
3 36 43
3 37 58
3 38 45
3 39 65
3 40 24
3 41 25
3 42 45
3 43 26
3 44 7
3 45 53
3 46 68
3 47 22
3 48 42
3 49 13
3 50 69
3 51 30
3 52 33
3 53 43
3 54 58
3 55 58
3 56 39
3 57 26
3 58 50
3 59 32
3 60 60
3 61 24
3 62 50
3 63 46
3 64 18
3 65 35
3 66 64
3 67 77
3 68 30
3 69 21
3 70 16
3 71 67
3 72 18
3 73 58
3 74 47
3 75 54
3 76 32
3 77 70
3 78 63
3 79 27
3 80 61
3 81 34
3 82 59
3 83 27
3 84 14
3 85 61
3 86 30
3 87 17
3 88 25
3 89 31
3 90 55
3 91 59
3 92 43
3 93 40
3 94 29
3 95 68
3 96 36
3 97 45
3 98 32
3 99 77
4 5 44
4 6 29
4 7 73
4 8 88
4 9 48
4 10 75
4 11 81
4 12 47
4 13 20
4 14 52
4 15 65
4 16 76
4 17 61
4 18 94
4 19 11
4 20 12
4 21 75
4 22 30
4 23 3
4 24 75
4 25 41
4 26 91
4 27 91
4 28 25
4 29 34
4 30 67
4 31 90
4 32 64
4 33 45
4 34 76
4 35 38
4 36 61
4 37 33
4 38 40
4 39 70
4 40 85
4 41 76
4 42 21
4 43 79
4 44 54
4 45 62
4 46 28
4 47 81
4 48 67
4 49 66
4 50 17
4 51 84
4 52 80
4 53 76
4 54 32
4 55 73
4 56 54
4 57 38
4 58 24
4 59 85
4 60 19
4 61 39
4 62 22
4 63 60
4 64 60
4 65 58
4 66 4
4 67 15
4 68 31
4 69 79
4 70 50
4 71 18
4 72 52
4 73 26
4 74 78
4 75 21
4 76 86
4 77 14
4 78 71
4 79 89
4 80 77
4 81 69
4 82 71
4 83 42
4 84 73
4 85 77
4 86 43
4 87 75
4 88 74
4 89 72
4 90 7
4 91 39
4 92 21
4 93 25
4 94 57
4 95 63
4 96 64
4 97 43
4 98 55
4 99 17
5 6 16
5 7 37
5 8 72
5 9 9
5 10 57
5 11 59
5 12 9
5 13 46
5 14 49
5 15 21
5 16 32
5 17 19
5 18 71
5 19 50
5 20 49
5 21 31
5 22 66
5 23 46
5 24 39
5 25 33
5 26 73
5 27 77
5 28 20
5 29 52
5 30 32
5 31 78
5 32 56
5 33 33
5 34 71
5 35 67
5 36 23
5 37 13
5 38 66
5 39 98
5 40 74
5 41 51
5 42 27
5 43 55
5 44 48
5 45 86
5 46 69
5 47 74
5 48 30
5 49 48
5 50 37
5 51 58
5 52 84
5 53 39
5 54 14
5 55 96
5 56 19
5 57 48
5 58 20
5 59 58
5 60 59
5 61 33
5 62 54
5 63 81
5 64 39
5 65 73
5 66 48
5 67 54
5 68 40
5 69 74
5 70 37
5 71 33
5 72 58
5 73 63
5 74 40
5 75 23
5 76 85
5 77 40
5 78 27
5 79 73
5 80 100
5 81 80
5 82 95
5 83 27
5 84 56
5 85 34
5 86 58
5 87 57
5 88 48
5 89 42
5 90 42
5 91 73
5 92 28
5 93 27
5 94 28
5 95 20
5 96 30
5 97 8
5 98 69
5 99 59
6 7 46
6 8 71
6 9 19
6 10 56
6 11 60
6 12 18
6 13 31
6 14 41
6 15 36
6 16 48
6 17 35
6 18 73
6 19 34
6 20 33
6 21 47
6 22 55
6 23 32
6 24 48
6 25 24
6 26 73
6 27 75
6 28 10
6 29 38
6 30 40
6 31 75
6 32 50
6 33 26
6 34 65
6 35 52
6 36 33
6 37 12
6 38 51
6 39 83
6 40 71
6 41 54
6 42 11
6 43 57
6 44 41
6 45 72
6 46 53
6 47 69
6 48 39
6 49 47
6 50 26
6 51 61
6 52 75
6 53 48
6 54 11
6 55 82
6 56 26
6 57 35
6 58 5
6 59 61
6 60 43
6 61 24
6 62 38
6 63 68
6 64 38
6 65 61
6 66 33
6 67 41
6 68 27
6 69 68
6 70 32
6 71 23
6 72 47
6 73 48
6 74 50
6 75 10
6 76 78
6 77 28
6 78 42
6 79 71
6 80 87
6 81 69
6 82 81
6 83 21
6 84 54
6 85 48
6 86 45
6 87 56
6 88 51
6 89 47
6 90 27
6 91 58
6 92 12
6 93 12
6 94 31
6 95 36
6 96 36
6 97 13
6 98 57
6 99 45
7 8 46
7 9 29
7 10 34
7 11 29
7 12 29
7 13 66
7 14 44
7 15 28
7 16 32
7 17 40
7 18 40
7 19 75
7 20 73
7 21 33
7 22 100
7 23 76
7 24 2
7 25 39
7 26 43
7 27 52
7 28 54
7 29 63
7 30 6
7 31 54
7 32 42
7 33 34
7 34 56
7 35 80
7 36 14
7 37 50
7 38 77
7 39 104
7 40 52
7 41 22
7 42 52
7 43 25
7 44 42
7 45 91
7 46 92
7 47 55
7 48 8
7 49 28
7 50 71
7 51 26
7 52 72
7 53 3
7 54 50
7 55 98
7 56 20
7 57 55
7 58 51
7 59 24
7 60 82
7 61 40
7 62 73
7 63 85
7 64 23
7 65 74
7 66 77
7 67 86
7 68 52
7 69 57
7 70 33
7 71 68
7 72 56
7 73 84
7 74 7
7 75 55
7 76 69
7 77 74
7 78 29
7 79 46
7 80 101
7 81 75
7 82 98
7 83 34
7 84 34
7 85 22
7 86 63
7 87 33
7 88 20
7 89 11
7 90 69
7 91 89
7 92 52
7 93 48
7 94 18
7 95 39
7 96 10
7 97 33
7 98 71
7 99 90
8 9 63
8 10 15
8 11 17
8 12 63
8 13 72
8 14 37
8 15 72
8 16 78
8 17 83
8 18 13
8 19 84
8 20 82
8 21 79
8 22 118
8 23 91
8 24 46
8 25 49
8 26 6
8 27 6
8 28 81
8 29 60
8 30 48
8 31 9
8 32 25
8 33 45
8 34 22
8 35 73
8 36 55
8 37 81
8 38 69
8 39 82
8 40 10
8 41 24
8 42 71
8 43 21
8 44 34
8 45 71
8 46 94
8 47 16
8 48 51
8 49 25
8 50 95
8 51 22
8 52 36
8 53 48
8 54 80
8 55 72
8 56 55
8 57 53
8 58 75
8 59 24
8 60 87
8 61 50
8 62 76
8 63 64
8 64 34
8 65 53
8 66 91
8 67 104
8 68 57
8 69 19
8 70 40
8 71 92
8 72 42
8 73 84
8 74 51
8 75 79
8 76 29
8 77 95
8 78 74
8 79 1
8 80 74
8 81 47
8 82 74
8 83 50
8 84 17
8 85 68
8 86 54
8 87 15
8 88 27
8 89 36
8 90 82
8 91 84
8 92 69
8 93 65
8 94 44
8 95 82
8 96 47
8 97 65
8 98 52
8 99 103
9 10 48
9 11 49
9 12 1
9 13 46
9 14 42
9 15 20
9 16 31
9 17 23
9 18 62
9 19 52
9 20 51
9 21 31
9 22 72
9 23 50
9 24 31
9 25 27
9 26 63
9 27 68
9 28 26
9 29 49
9 30 23
9 31 69
9 32 48
9 33 26
9 34 64
9 35 65
9 36 15
9 37 21
9 38 63
9 39 95
9 40 66
9 41 42
9 42 28
9 43 45
9 44 41
9 45 83
9 46 71
9 47 66
9 48 21
9 49 39
9 50 43
9 51 49
9 52 77
9 53 30
9 54 21
9 55 91
9 56 9
9 57 44
9 58 24
9 59 48
9 60 60
9 61 28
9 62 54
9 63 77
9 64 30
9 65 68
9 66 51
9 67 59
9 68 37
9 69 66
9 70 29
9 71 39
9 72 52
9 73 64
9 74 32
9 75 28
9 76 77
9 77 46
9 78 25
9 79 64
9 80 95
9 81 74
9 82 91
9 83 20
9 84 47
9 85 30
9 86 54
9 87 48
9 88 39
9 89 32
9 90 45
9 91 73
9 92 28
9 93 26
9 94 19
9 95 24
9 96 20
9 97 5
9 98 65
9 99 64
10 11 10
10 12 48
10 13 59
10 14 25
10 15 58
10 16 65
10 17 68
10 18 19
10 19 72
10 20 69
10 21 65
10 22 104
10 23 77
10 24 34
10 25 34
10 26 17
10 27 20
10 28 66
10 29 50
10 30 34
10 31 22
10 32 15
10 33 30
10 34 23
10 35 65
10 36 41
10 37 65
10 38 60
10 39 79
10 40 19
10 41 12
10 42 56
10 43 12
10 44 22
10 45 67
10 46 83
10 47 22
10 48 38
10 49 9
10 50 80
10 51 16
10 52 40
10 53 36
10 54 65
10 55 71
10 56 40
10 57 42
10 58 60
10 59 18
10 60 75
10 61 35
10 62 65
10 63 61
10 64 18
10 65 49
10 66 77
10 67 90
10 68 44
10 69 23
10 70 25
10 71 77
10 72 34
10 73 74
10 74 39
10 75 64
10 76 35
10 77 81
10 78 61
10 79 16
10 80 74
10 81 46
10 82 72
10 83 35
10 84 2
10 85 56
10 86 45
10 87 1
10 88 14
10 89 23
10 90 68
10 91 75
10 92 55
10 93 51
10 94 29
10 95 68
10 96 32
10 97 50
10 98 47
10 99 90
11 12 50
11 13 67
11 14 34
11 15 56
11 16 61
11 17 67
11 18 13
11 19 79
11 20 77
11 21 62
11 22 111
11 23 84
11 24 29
11 25 41
11 26 14
11 27 23
11 28 70
11 29 58
11 30 31
11 31 25
11 32 24
11 33 36
11 34 31
11 35 74
11 36 39
11 37 68
11 38 70
11 39 89
11 40 24
11 41 8
11 42 62
11 43 5
11 44 31
11 45 77
11 46 92
11 47 29
11 48 35
11 49 15
11 50 85
11 51 6
11 52 48
11 53 31
11 54 68
11 55 80
11 56 40
11 57 50
11 58 64
11 59 9
11 60 83
11 61 42
11 62 73
11 63 70
11 64 22
11 65 58
11 66 84
11 67 96
11 68 52
11 69 31
11 70 31
11 71 82
11 72 43
11 73 82
11 74 34
11 75 68
11 76 42
11 77 86
11 78 58
11 79 17
11 80 83
11 81 55
11 82 82
11 83 40
11 84 11
11 85 52
11 86 55
11 87 8
11 88 11
11 89 19
11 90 75
11 91 84
11 92 61
11 93 56
11 94 31
11 95 67
11 96 31
11 97 52
11 98 56
11 99 97
12 13 46
12 14 42
12 15 20
12 16 32
12 17 24
12 18 62
12 19 52
12 20 50
12 21 31
12 22 72
12 23 50
12 24 31
12 25 27
12 26 63
12 27 68
12 28 25
12 29 49
12 30 23
12 31 70
12 32 48
12 33 26
12 34 63
12 35 65
12 36 15
12 37 21
12 38 63
12 39 94
12 40 66
12 41 42
12 42 28
12 43 46
12 44 41
12 45 82
12 46 70
12 47 66
12 48 22
12 49 39
12 50 43
12 51 49
12 52 76
12 53 31
12 54 21
12 55 91
12 56 10
12 57 43
12 58 23
12 59 49
12 60 60
12 61 27
12 62 53
12 63 77
12 64 30
12 65 68
12 66 51
12 67 59
12 68 37
12 69 66
12 70 29
12 71 39
12 72 52
12 73 63
12 74 32
12 75 27
12 76 77
12 77 45
12 78 26
12 79 64
12 80 95
12 81 74
12 82 91
12 83 20
12 84 47
12 85 30
12 86 53
12 87 48
12 88 39
12 89 33
12 90 44
12 91 72
12 92 28
12 93 26
12 94 19
12 95 24
12 96 21
12 97 5
12 98 64
12 99 63
13 14 35
13 15 65
13 16 77
13 17 65
13 18 79
13 19 13
13 20 10
13 21 77
13 22 48
13 23 21
13 24 68
13 25 28
13 26 76
13 27 74
13 28 33
13 29 14
13 30 61
13 31 73
13 32 47
13 33 33
13 34 57
13 35 22
13 36 57
13 37 40
13 38 22
13 39 54
13 40 68
13 41 64
13 42 20
13 43 66
13 44 38
13 45 44
13 46 26
13 47 63
13 48 62
13 49 52
13 50 34
13 51 71
13 52 60
13 53 69
13 54 39
13 55 55
13 56 49
13 57 19
13 58 28
13 59 72
13 60 16
13 61 27
13 62 8
13 63 42
13 64 48
13 65 39
13 66 21
13 67 34
13 68 15
13 69 61
13 70 37
13 71 34
13 72 33
13 73 18
13 74 72
13 75 27
13 76 67
13 77 32
13 78 72
13 79 72
13 80 60
13 81 50
13 82 54
13 83 32
13 84 57
13 85 75
13 86 23
13 87 61
13 88 62
13 89 62
13 90 13
13 91 27
13 92 19
13 93 20
13 94 48
13 95 67
13 96 57
13 97 42
13 98 36
13 99 32
14 15 59
14 16 69
14 17 65
14 18 44
14 19 48
14 20 45
14 21 69
14 22 82
14 23 55
14 24 46
14 25 17
14 26 41
14 27 39
14 28 50
14 29 25
14 30 41
14 31 38
14 32 12
14 33 16
14 34 25
14 35 40
14 36 43
14 37 52
14 38 36
14 39 59
14 40 33
14 41 32
14 42 37
14 43 34
14 44 3
14 45 47
14 46 58
14 47 30
14 48 44
14 49 20
14 50 61
14 51 39
14 52 35
14 53 47
14 54 52
14 55 54
14 56 38
14 57 17
14 58 43
14 59 41
14 60 50
14 61 17
14 62 40
14 63 41
14 64 22
14 65 29
14 66 55
14 67 68
14 68 21
14 69 28
14 70 13
14 71 59
14 72 12
14 73 49
14 74 51
14 75 46
14 76 37
14 77 61
14 78 63
14 79 37
14 80 57
14 81 33
14 82 54
14 83 22
14 84 23
14 85 62
14 86 21
14 87 26
14 88 32
14 89 36
14 90 45
14 91 50
14 92 35
14 93 32
14 94 29
14 95 66
14 96 37
14 97 41
14 98 26
14 99 67
15 16 12
15 17 12
15 18 68
15 19 71
15 20 69
15 21 11
15 22 86
15 23 67
15 24 29
15 25 46
15 26 71
15 27 78
15 28 40
15 29 69
15 30 25
15 31 80
15 32 62
15 33 43
15 34 78
15 35 85
15 36 18
15 37 33
15 38 83
15 39 114
15 40 77
15 41 49
15 42 47
15 43 52
15 44 57
15 45 102
15 46 89
15 47 79
15 48 21
15 49 51
15 50 57
15 51 53
15 52 92
15 53 28
15 54 34
15 55 110
15 56 21
15 57 63
15 58 41
15 59 52
15 60 79
15 61 46
15 62 73
15 63 96
15 64 42
15 65 87
15 66 68
15 67 74
15 68 56
15 69 79
15 70 45
15 71 53
15 72 70
15 73 83
15 74 27
15 75 44
15 76 91
15 77 60
15 78 6
15 79 73
15 80 114
15 81 91
15 82 110
15 83 39
15 84 58
15 85 14
15 86 73
15 87 58
15 88 46
15 89 37
15 90 63
15 91 92
15 92 47
15 93 46
15 94 31
15 95 11
15 96 26
15 97 24
15 98 83
15 99 80
16 17 18
16 18 71
16 19 82
16 20 81
16 21 2
16 22 97
16 23 79
16 24 32
16 25 57
16 26 75
16 27 84
16 28 52
16 29 80
16 30 31
16 31 86
16 32 71
16 33 54
16 34 86
16 35 97
16 36 26
16 37 44
16 38 94
16 39 125
16 40 84
16 41 54
16 42 59
16 43 57
16 44 67
16 45 113
16 46 101
16 47 86
16 48 27
16 49 58
16 50 67
16 51 57
16 52 101
16 53 31
16 54 45
16 55 121
16 56 31
16 57 74
16 58 53
16 59 56
16 60 91
16 61 57
16 62 85
16 63 107
16 64 50
16 65 97
16 66 80
16 67 86
16 68 68
16 69 87
16 70 55
16 71 64
16 72 80
16 73 95
16 74 28
16 75 56
16 76 99
16 77 71
16 78 6
16 79 78
16 80 125
16 81 101
16 82 121
16 83 50
16 84 65
16 85 10
16 86 84
16 87 65
16 88 51
16 89 42
16 90 75
16 91 104
16 92 59
16 93 57
16 94 40
16 95 16
16 96 33
16 97 36
16 98 94
16 99 91
17 18 79
17 19 68
17 20 67
17 21 17
17 22 79
17 23 63
17 24 41
17 25 50
17 26 82
17 27 88
17 28 36
17 29 71
17 30 36
17 31 90
17 32 70
17 33 49
17 34 86
17 35 86
17 36 28
17 37 28
17 38 85
17 39 117
17 40 87
17 41 60
17 42 46
17 43 63
17 44 64
17 45 105
17 46 87
17 47 88
17 48 33
17 49 60
17 50 50
17 51 65
17 52 100
17 53 40
17 54 29
17 55 114
17 56 29
17 57 66
17 58 38
17 59 64
17 60 77
17 61 51
17 62 73
17 63 100
17 64 51
17 65 91
17 66 65
17 67 69
17 68 59
17 69 88
17 70 52
17 71 46
17 72 75
17 73 82
17 74 39
17 75 41
17 76 99
17 77 54
17 78 15
17 79 83
17 80 118
17 81 97
17 82 114
17 83 44
17 84 67
17 85 25
17 86 76
17 87 68
17 88 57
17 89 48
17 90 60
17 91 92
17 92 47
17 93 46
17 94 39
17 95 2
17 96 36
17 97 25
17 98 88
17 99 75
18 19 91
18 20 89
18 21 72
18 22 123
18 23 96
18 24 39
18 25 53
18 26 7
18 27 18
18 28 83
18 29 69
18 30 43
18 31 21
18 32 33
18 33 49
18 34 35
18 35 83
18 36 51
18 37 81
18 38 79
18 39 94
18 40 23
18 41 20
18 42 75
18 43 17
18 44 41
18 45 83
18 46 103
18 47 30
18 48 46
18 49 27
18 50 98
18 51 14
18 52 50
18 53 41
18 54 81
18 55 85
18 56 53
18 57 61
18 58 77
18 59 16
18 60 95
18 61 54
18 62 84
18 63 77
18 64 35
18 65 65
18 66 97
18 67 109
18 68 64
18 69 33
18 70 44
18 71 95
18 72 52
18 73 93
18 74 43
18 75 81
18 76 42
18 77 99
18 78 68
18 79 13
18 80 87
18 81 60
18 82 87
18 83 53
18 84 21
18 85 61
18 86 64
18 87 18
18 88 23
18 89 31
18 90 87
18 91 94
18 92 73
18 93 69
18 94 43
18 95 78
18 96 43
18 97 65
18 98 64
18 99 110
19 20 3
19 21 82
19 22 36
19 23 11
19 24 77
19 25 39
19 26 88
19 27 86
19 28 33
19 29 26
19 30 70
19 31 85
19 32 60
19 33 44
19 34 70
19 35 28
19 36 65
19 37 41
19 38 29
19 39 60
19 40 80
19 41 75
19 42 24
19 43 78
19 44 50
19 45 51
19 46 19
19 47 76
19 48 70
19 49 64
19 50 27
19 51 83
19 52 72
19 53 78
19 54 40
19 55 63
19 56 57
19 57 32
19 58 30
19 59 84
19 60 9
19 61 38
19 62 12
19 63 50
19 64 60
19 65 49
19 66 10
19 67 22
19 68 27
19 69 74
19 70 48
19 71 29
19 72 46
19 73 16
19 74 81
19 75 28
19 76 79
19 77 24
19 78 77
19 79 85
19 80 67
19 81 61
19 82 61
19 83 42
19 84 70
19 85 82
19 86 35
19 87 73
19 88 73
19 89 73
19 90 8
19 91 28
19 92 24
19 93 27
19 94 58
19 95 70
19 96 66
19 97 47
19 98 46
19 99 19
20 21 80
20 22 38
20 23 13
20 24 75
20 25 37
20 26 86
20 27 84
20 28 33
20 29 24
20 30 68
20 31 83
20 32 57
20 33 42
20 34 67
20 35 26
20 36 63
20 37 40
20 38 28
20 39 58
20 40 78
20 41 73
20 42 23
20 43 75
20 44 48
20 45 50
20 46 20
20 47 73
20 48 68
20 49 62
20 50 28
20 51 80
20 52 70
20 53 76
20 54 39
20 55 61
20 56 55
20 57 29
20 58 29
20 59 81
20 60 10
20 61 36
20 62 10
20 63 48
20 64 57
20 65 47
20 66 12
20 67 25
20 68 25
20 69 71
20 70 46
20 71 30
20 72 43
20 73 15
20 74 79
20 75 27
20 76 76
20 77 26
20 78 76
20 79 82
20 80 65
20 81 59
20 82 59
20 83 40
20 84 67
20 85 80
20 86 33
20 87 70
20 88 71
20 89 70
20 90 8
20 91 27
20 92 22
20 93 25
20 94 56
20 95 69
20 96 64
20 97 46
20 98 44
20 99 22
21 22 95
21 23 78
21 24 33
21 25 56
21 26 76
21 27 84
21 28 50
21 29 80
21 30 31
21 31 86
21 32 71
21 33 54
21 34 86
21 35 96
21 36 26
21 37 43
21 38 94
21 39 125
21 40 84
21 41 55
21 42 58
21 43 57
21 44 67
21 45 113
21 46 100
21 47 87
21 48 28
21 49 58
21 50 66
21 51 58
21 52 101
21 53 32
21 54 44
21 55 121
21 56 31
21 57 74
21 58 52
21 59 57
21 60 90
21 61 57
21 62 84
21 63 107
21 64 50
21 65 97
21 66 79
21 67 84
21 68 67
21 69 87
21 70 55
21 71 62
21 72 80
21 73 94
21 74 29
21 75 55
21 76 99
21 77 70
21 78 5
21 79 79
21 80 125
21 81 101
21 82 121
21 83 50
21 84 65
21 85 12
21 86 83
21 87 65
21 88 52
21 89 43
21 90 74
21 91 103
21 92 58
21 93 57
21 94 40
21 95 15
21 96 33
21 97 35
21 98 94
21 99 90
22 23 28
22 24 102
22 25 70
22 26 121
22 27 121
22 28 47
22 29 62
22 30 94
22 31 120
22 32 94
22 33 75
22 34 105
22 35 60
22 36 87
22 37 53
22 38 63
22 39 89
22 40 115
22 41 106
22 42 49
22 43 108
22 44 84
22 45 83
22 46 40
22 47 111
22 48 93
22 49 96
22 50 30
22 51 113
22 52 108
22 53 102
22 54 52
22 55 94
22 56 80
22 57 67
22 58 49
22 59 114
22 60 38
22 61 69
22 62 47
22 63 83
22 64 90
22 65 84
22 66 28
22 67 15
22 68 61
22 69 109
22 70 80
22 71 33
22 72 81
22 73 45
22 74 104
22 75 45
22 76 114
22 77 27
22 78 92
22 79 119
22 80 98
22 81 96
22 82 92
22 83 71
22 84 103
22 85 100
22 86 71
22 87 105
22 88 103
22 89 100
22 90 37
22 91 56
22 92 50
22 93 54
22 94 85
22 95 81
22 96 91
22 97 67
22 98 82
22 99 17
23 24 78
23 25 43
23 26 94
23 27 93
23 28 27
23 29 36
23 30 70
23 31 93
23 32 66
23 33 48
23 34 78
23 35 39
23 36 64
23 37 35
23 38 40
23 39 70
23 40 88
23 41 79
23 42 23
23 43 82
23 44 57
23 45 62
23 46 27
23 47 84
23 48 70
23 49 69
23 50 17
23 51 87
23 52 82
23 53 78
23 54 34
23 55 74
23 56 57
23 57 40
23 58 27
23 59 87
23 60 18
23 61 42
23 62 23
23 63 61
23 64 63
23 65 59
23 66 2
23 67 13
23 68 34
23 69 82
23 70 52
23 71 20
23 72 54
23 73 26
23 74 81
23 75 23
23 76 88
23 77 14
23 78 73
23 79 91
23 80 78
23 81 71
23 82 72
23 83 44
23 84 75
23 85 80
23 86 45
23 87 78
23 88 77
23 89 75
23 90 9
23 91 38
23 92 24
23 93 28
23 94 59
23 95 65
23 96 66
23 97 45
23 98 57
23 99 14
24 25 41
24 26 43
24 27 52
24 28 56
24 29 65
24 30 8
24 31 54
24 32 43
24 33 36
24 34 57
24 35 82
24 36 16
24 37 52
24 38 79
24 39 105
24 40 53
24 41 23
24 42 55
24 43 25
24 44 43
24 45 93
24 46 94
24 47 56
24 48 10
24 49 29
24 50 73
24 51 25
24 52 73
24 53 2
24 54 52
24 55 99
24 56 22
24 57 57
24 58 53
24 59 24
24 60 84
24 61 42
24 62 75
24 63 87
24 64 24
24 65 75
24 66 79
24 67 89
24 68 54
24 69 57
24 70 35
24 71 70
24 72 58
24 73 86
24 74 5
24 75 57
24 76 69
24 77 76
24 78 29
24 79 46
24 80 102
24 81 76
24 82 100
24 83 36
24 84 34
24 85 22
24 86 65
24 87 34
24 88 20
24 89 11
24 90 71
24 91 91
24 92 54
24 93 51
24 94 20
24 95 40
24 96 12
24 97 35
24 98 72
24 99 92
25 26 51
25 27 52
25 28 34
25 29 25
25 30 34
25 31 52
25 32 26
25 33 5
25 34 41
25 35 42
25 36 32
25 37 36
25 38 39
25 39 68
25 40 47
25 41 36
25 42 22
25 43 39
25 44 17
25 45 56
25 46 54
25 47 45
25 48 35
25 49 26
25 50 46
25 51 43
25 52 51
25 53 42
25 54 35
25 55 65
25 56 25
25 57 18
25 58 27
25 59 45
25 60 44
25 61 1
25 62 35
25 63 51
25 64 20
25 65 41
25 66 44
25 67 56
25 68 14
25 69 44
25 70 9
25 71 44
25 72 25
25 73 45
25 74 45
25 75 30
25 76 54
25 77 47
25 78 51
25 79 49
25 80 69
25 81 47
25 82 65
25 83 7
25 84 32
25 85 52
25 86 27
25 87 35
25 88 34
25 89 34
25 90 35
25 91 51
25 92 21
25 93 17
25 94 21
25 95 51
25 96 30
25 97 25
25 98 38
25 99 57
26 27 11
26 28 83
26 29 65
26 30 46
26 31 14
26 32 29
26 33 47
26 34 28
26 35 79
26 36 54
26 37 82
26 38 74
26 39 88
26 40 16
26 41 22
26 42 73
26 43 19
26 44 38
26 45 77
26 46 99
26 47 23
26 48 49
26 49 26
26 50 97
26 51 18
26 52 43
26 53 45
26 54 82
26 55 79
26 56 55
26 57 57
26 58 77
26 59 20
26 60 91
26 61 52
26 62 80
26 63 71
26 64 34
26 65 59
26 66 94
26 67 107
26 68 61
26 69 26
26 70 42
26 71 94
26 72 47
26 73 89
26 74 48
26 75 81
26 76 35
26 77 98
26 78 72
26 79 6
26 80 81
26 81 53
26 82 81
26 83 52
26 84 19
26 85 65
26 86 59
26 87 16
26 88 25
26 89 34
26 90 85
26 91 89
26 92 72
26 93 68
26 94 44
26 95 81
26 96 45
26 97 66
26 98 58
26 99 107
27 28 85
27 29 61
27 30 53
27 31 3
27 32 27
27 33 49
27 34 20
27 35 73
27 36 61
27 37 85
27 38 69
27 39 80
27 40 7
27 41 30
27 42 74
27 43 27
27 44 36
27 45 69
27 46 95
27 47 14
27 48 57
27 49 29
27 50 98
27 51 28
27 52 33
27 53 54
27 54 85
27 55 70
27 56 60
27 57 54
27 58 79
27 59 30
27 60 88
27 61 53
27 62 77
27 63 63
27 64 39
27 65 52
27 66 93
27 67 106
27 68 60
27 69 17
27 70 44
27 71 96
27 72 42
27 73 85
27 74 57
27 75 82
27 76 24
27 77 99
27 78 80
27 79 6
27 80 71
27 81 45
27 82 72
27 83 54
27 84 22
27 85 74
27 86 55
27 87 20
27 88 33
27 89 42
27 90 84
27 91 84
27 92 72
27 93 69
27 94 50
27 95 88
27 96 52
27 97 70
27 98 51
27 99 106
28 29 44
28 30 48
28 31 85
28 32 60
28 33 36
28 34 75
28 35 55
28 36 41
28 37 8
28 38 55
28 39 88
28 40 81
28 41 64
28 42 15
28 43 67
28 44 51
28 45 77
28 46 52
28 47 79
28 48 47
28 49 57
28 50 17
28 51 71
28 52 84
28 53 56
28 54 7
28 55 88
28 56 34
28 57 42
28 58 7
28 59 71
28 60 42
28 61 33
28 62 40
28 63 74
28 64 48
28 65 68
28 66 29
28 67 34
28 68 34
28 69 78
28 70 42
28 71 13
28 72 56
28 73 48
28 74 58
28 75 6
28 76 87
28 77 20
28 78 46
28 79 82
28 80 92
28 81 77
28 82 87
28 83 31
28 84 64
28 85 53
28 86 51
28 87 67
28 88 61
28 89 56
28 90 25
28 91 59
28 92 17
28 93 19
28 94 41
28 95 37
28 96 45
28 97 21
28 98 64
28 99 40
29 30 58
29 31 60
29 32 36
29 33 29
29 34 44
29 35 17
29 36 57
29 37 49
29 38 14
29 39 46
29 40 55
29 41 56
29 42 29
29 43 58
29 44 28
29 45 34
29 46 34
29 47 50
29 48 60
29 49 44
29 50 48
29 51 63
29 52 46
29 53 66
29 54 48
29 55 44
29 56 50
29 57 8
29 58 37
29 59 65
29 60 27
29 61 24
29 62 16
29 63 30
29 64 43
29 65 25
29 66 35
29 67 48
29 68 12
29 69 48
29 70 31
29 71 47
29 72 20
29 73 24
29 74 70
29 75 38
29 76 52
29 77 46
29 78 74
29 79 61
29 80 48
29 81 35
29 82 43
29 83 31
29 84 48
29 85 76
29 86 9
29 87 51
29 88 55
29 89 57
29 90 27
29 91 27
29 92 27
29 93 26
29 94 46
29 95 72
29 96 54
29 97 46
29 98 21
29 99 46
30 31 55
30 32 41
30 33 29
30 34 55
30 35 76
30 36 9
30 37 44
30 38 72
30 39 100
30 40 53
30 41 24
30 42 47
30 43 27
30 44 39
30 45 88
30 46 87
30 47 55
30 48 4
30 49 27
30 50 65
30 51 29
30 52 71
30 53 8
30 54 44
30 55 94
30 56 14
30 57 51
30 58 45
30 59 28
30 60 76
30 61 35
30 62 68
30 63 81
30 64 20
30 65 70
30 66 71
30 67 81
30 68 47
30 69 56
30 70 29
30 71 62
30 72 53
30 73 78
30 74 11
30 75 49
30 76 68
30 77 68
30 78 27
30 79 48
30 80 98
30 81 73
30 82 95
30 83 28
30 84 34
30 85 22
30 86 59
30 87 34
30 88 21
30 89 12
30 90 63
30 91 84
30 92 46
30 93 43
30 94 13
30 95 35
30 96 4
30 97 27
30 98 67
30 99 84
31 32 26
31 33 49
31 34 18
31 35 72
31 36 62
31 37 86
31 38 67
31 39 77
31 40 5
31 41 32
31 42 74
31 43 29
31 44 36
31 45 67
31 46 93
31 47 11
31 48 59
31 49 30
31 50 98
31 51 30
31 52 30
31 53 56
31 54 85
31 55 67
31 56 62
31 57 53
31 58 79
31 59 33
31 60 87
31 61 53
31 62 76
31 63 60
31 64 40
31 65 50
31 66 92
31 67 106
31 68 59
31 69 14
31 70 44
31 71 96
31 72 41
31 73 84
31 74 59
31 75 82
31 76 21
31 77 98
31 78 82
31 79 9
31 80 68
31 81 42
31 82 69
31 83 55
31 84 23
31 85 76
31 86 53
31 87 22
31 88 35
31 89 44
31 90 83
31 91 82
31 92 72
31 93 68
31 94 51
31 95 90
31 96 54
31 97 71
31 98 49
31 99 105
32 33 24
32 34 16
32 35 50
32 36 45
32 37 61
32 38 46
32 39 65
32 40 21
32 41 25
32 42 48
32 43 26
32 44 10
32 45 53
32 46 70
32 47 19
32 48 44
32 49 14
32 50 72
32 51 30
32 52 30
32 53 45
32 54 61
32 55 57
32 56 41
32 57 28
32 58 53
32 59 32
32 60 62
32 61 27
32 62 52
32 63 46
32 64 21
32 65 34
32 66 66
32 67 79
32 68 33
32 69 18
32 70 19
32 71 70
32 72 19
32 73 60
32 74 49
32 75 57
32 76 29
32 77 72
32 78 66
32 79 25
32 80 60
32 81 33
32 82 58
32 83 30
32 84 13
32 85 63
32 86 31
32 87 16
32 88 26
32 89 32
32 90 57
32 91 60
32 92 46
32 93 42
32 94 31
32 95 70
32 96 38
32 97 48
32 98 32
32 99 79
33 34 39
33 35 46
33 36 29
33 37 37
33 38 43
33 39 72
33 40 45
33 41 31
33 42 26
33 43 34
33 44 16
33 45 59
33 46 59
33 47 43
33 48 31
33 49 22
33 50 50
33 51 39
33 52 51
33 53 37
33 54 37
33 55 67
33 56 23
33 57 21
33 58 30
33 59 40
33 60 49
33 61 6
33 62 40
33 63 53
33 64 16
33 65 43
33 66 48
33 67 60
33 68 18
33 69 42
33 70 5
33 71 47
33 72 26
33 73 50
33 74 41
33 75 34
33 76 53
33 77 51
33 78 48
33 79 45
33 80 71
33 81 48
33 82 67
33 83 6
33 84 28
33 85 49
33 86 30
33 87 31
33 88 29
33 89 29
33 90 39
33 91 55
33 92 25
33 93 20
33 94 17
33 95 50
33 96 25
33 97 25
33 98 40
33 99 62
34 35 54
34 36 60
34 37 77
34 38 50
34 39 60
34 40 13
34 41 36
34 42 62
34 43 35
34 44 24
34 45 50
34 46 76
34 47 7
34 48 59
34 49 28
34 50 86
34 51 38
34 52 17
34 53 58
34 54 76
34 55 51
34 56 57
34 57 38
34 58 68
34 59 40
34 60 71
34 61 42
34 62 60
34 63 43
34 64 36
34 65 32
34 66 78
34 67 91
34 68 45
34 69 4
34 70 35
34 71 84
34 72 24
34 73 67
34 74 62
34 75 71
34 76 14
34 77 85
34 78 81
34 79 22
34 80 53
34 81 25
34 82 53
34 83 46
34 84 23
34 85 77
34 86 36
34 87 24
34 88 37
34 89 45
34 90 69
34 91 64
34 92 60
34 93 56
34 94 47
34 95 86
34 96 53
34 97 64
34 98 31
34 99 89
35 36 74
35 37 62
35 38 4
35 39 33
35 40 67
35 41 72
35 42 41
35 43 74
35 44 43
35 45 24
35 46 24
35 47 61
35 48 77
35 49 60
35 50 54
35 51 79
35 52 51
35 53 83
35 54 61
35 55 35
35 56 67
35 57 25
35 58 50
35 59 81
35 60 22
35 61 41
35 62 16
35 63 23
35 64 59
35 65 26
35 66 37
35 67 49
35 68 29
35 69 58
35 70 48
35 71 55
35 72 32
35 73 15
35 74 87
35 75 49
35 76 59
35 77 52
35 78 91
35 79 74
35 80 39
35 81 37
35 82 33
35 83 48
35 84 63
35 85 93
35 86 19
35 87 66
35 88 72
35 89 74
35 90 33
35 91 10
35 92 40
35 93 40
35 94 63
35 95 87
35 96 72
35 97 62
35 98 24
35 99 44
36 37 36
36 38 71
36 39 100
36 40 59
36 41 32
36 42 41
36 43 35
36 44 41
36 45 88
36 46 83
36 47 61
36 48 6
36 49 33
36 50 58
36 51 37
36 52 75
36 53 16
36 54 36
36 55 96
36 56 8
36 57 50
36 58 38
36 59 36
36 60 72
36 61 33
36 62 65
36 63 82
36 64 24
36 65 72
36 66 65
36 67 74
36 68 45
36 69 62
36 70 30
36 71 54
36 72 54
36 73 75
36 74 17
36 75 42
36 76 74
36 77 61
36 78 21
36 79 55
36 80 100
36 81 75
36 82 96
36 83 26
36 84 40
36 85 20
36 86 59
36 87 41
36 88 29
36 89 20
36 90 58
36 91 82
36 92 41
36 93 38
36 94 14
36 95 27
36 96 8
36 97 20
36 98 68
36 99 78
37 38 61
37 39 94
37 40 82
37 41 62
37 42 21
37 43 65
37 44 53
37 45 83
37 46 60
37 47 80
37 48 42
37 49 56
37 50 23
37 51 69
37 52 87
37 53 52
37 54 1
37 55 93
37 56 30
37 57 47
37 58 12
37 59 69
37 60 50
37 61 35
37 62 47
37 63 79
37 64 47
37 65 73
37 66 37
37 67 41
37 68 38
37 69 79
37 70 42
37 71 20
37 72 59
37 73 56
37 74 53
37 75 13
37 76 89
37 77 27
37 78 39
37 79 81
37 80 98
37 81 81
37 82 92
37 83 31
37 84 64
37 85 47
37 86 56
37 87 66
37 88 59
37 89 53
37 90 33
37 91 67
37 92 22
37 93 24
37 94 38
37 95 30
37 96 41
37 97 17
37 98 69
37 99 47
38 39 33
38 40 62
38 41 68
38 42 41
38 43 70
38 44 39
38 45 23
38 46 28
38 47 56
38 48 74
38 49 56
38 50 55
38 51 75
38 52 47
38 53 80
38 54 60
38 55 34
38 56 64
38 57 22
38 58 49
38 59 77
38 60 25
38 61 38
38 62 18
38 63 21
38 64 56
38 65 22
38 66 39
38 67 51
38 68 26
38 69 53
38 70 44
38 71 56
38 72 27
38 73 19
38 74 84
38 75 49
38 76 55
38 77 53
38 78 89
38 79 69
38 80 38
38 81 34
38 82 32
38 83 45
38 84 58
38 85 91
38 86 15
38 87 62
38 88 68
38 89 71
38 90 34
38 91 15
38 92 39
38 93 39
38 94 60
38 95 86
38 96 68
38 97 60
38 98 20
38 99 46
39 40 73
39 41 90
39 42 73
39 43 90
39 44 62
39 45 12
39 46 49
39 47 66
39 48 103
39 49 78
39 50 87
39 51 95
39 52 48
39 53 107
39 54 93
39 55 11
39 56 94
39 57 51
39 58 82
39 59 97
39 60 53
39 61 68
39 62 49
39 63 19
39 64 81
39 65 31
39 66 69
39 67 79
39 68 58
39 69 63
39 70 71
39 71 88
39 72 48
39 73 45
39 74 110
39 75 82
39 76 58
39 77 84
39 78 119
39 79 83
39 80 13
39 81 35
39 82 8
39 83 75
39 84 78
39 85 120
39 86 41
39 87 80
39 88 90
39 89 95
39 90 65
39 91 33
39 92 72
39 93 71
39 94 88
39 95 118
39 96 96
39 97 92
39 98 33
39 99 73
40 41 30
40 42 69
40 43 28
40 44 31
40 45 63
40 46 88
40 47 7
40 48 57
40 49 27
40 50 93
40 51 30
40 52 27
40 53 54
40 54 81
40 55 63
40 56 58
40 57 48
40 58 74
40 59 32
40 60 82
40 61 48
40 62 71
40 63 56
40 64 36
40 65 45
40 66 87
40 67 101
40 68 54
40 69 10
40 70 40
40 71 91
40 72 36
40 73 79
40 74 58
40 75 78
40 76 19
40 77 94
40 78 79
40 79 10
40 80 65
40 81 38
40 82 65
40 83 50
40 84 19
40 85 74
40 86 48
40 87 19
40 88 33
40 89 42
40 90 78
40 91 77
40 92 68
40 93 64
40 94 48
40 95 86
40 96 51
40 97 67
40 98 44
40 99 100
41 42 57
41 43 3
41 44 29
41 45 78
41 46 89
41 47 34
41 48 28
41 49 12
41 50 79
41 51 8
41 52 52
41 53 24
41 54 62
41 55 82
41 56 33
41 57 48
41 58 58
41 59 9
41 60 80
41 61 37
41 62 70
41 63 71
41 64 16
41 65 59
41 66 79
41 67 91
41 68 48
41 69 36
41 70 27
41 71 76
41 72 43
41 73 80
41 74 28
41 75 62
41 76 48
41 77 81
41 78 50
41 79 24
41 80 85
41 81 58
41 82 83
41 83 35
41 84 13
41 85 45
41 86 53
41 87 12
41 88 3
41 89 12
41 90 70
41 91 82
41 92 55
41 93 51
41 94 24
41 95 59
41 96 24
41 97 45
41 98 57
41 99 93
42 43 59
42 44 38
42 45 63
42 46 43
42 47 67
42 48 47
42 49 48
42 50 24
42 51 64
42 52 70
42 53 55
42 54 20
42 55 73
42 56 33
42 57 28
42 58 9
42 59 65
42 60 32
42 61 21
42 62 27
42 63 59
42 64 41
42 65 53
42 66 24
42 67 35
42 68 19
42 69 65
42 70 31
42 71 22
42 72 41
42 73 37
42 74 58
42 75 10
42 76 74
42 77 25
42 78 53
42 79 71
42 80 77
42 81 62
42 82 72
42 83 22
42 84 54
42 85 58
42 86 36
42 87 57
42 88 54
42 89 52
42 90 17
42 91 47
42 92 2
42 93 6
42 94 36
42 95 47
42 96 43
42 97 23
42 98 49
42 99 37
43 44 31
43 45 79
43 46 91
43 47 32
43 48 31
43 49 14
43 50 82
43 51 5
43 52 51
43 53 26
43 54 65
43 55 82
43 56 36
43 57 50
43 58 61
43 59 7
43 60 82
43 61 40
43 62 72
43 63 72
43 64 19
43 65 60
43 66 82
43 67 94
43 68 51
43 69 34
43 70 29
43 71 79
43 72 44
43 73 82
43 74 30
43 75 65
43 76 46
43 77 84
43 78 53
43 79 21
43 80 85
43 81 58
43 82 84
43 83 38
43 84 13
43 85 47
43 86 55
43 87 11
43 88 6
43 89 15
43 90 73
43 91 84
43 92 58
43 93 54
43 94 27
43 95 62
43 96 27
43 97 48
43 98 58
43 99 95
44 45 50
44 46 61
44 47 28
44 48 42
44 49 17
44 50 62
44 51 36
44 52 35
44 53 45
44 54 52
44 55 56
44 56 36
44 57 19
44 58 44
44 59 38
44 60 53
44 61 18
44 62 43
44 63 43
44 64 19
44 65 32
44 66 57
44 67 70
44 68 23
44 69 27
44 70 12
44 71 60
44 72 14
44 73 52
44 74 49
44 75 47
44 76 37
44 77 62
44 78 62
44 79 35
44 80 59
44 81 34
44 82 57
44 83 22
44 84 20
44 85 60
44 86 24
44 87 23
44 88 29
44 89 33
44 90 48
44 91 53
44 92 36
44 93 33
44 94 28
44 95 65
44 96 35
44 97 41
44 98 29
44 99 69
45 46 44
45 47 56
45 48 90
45 49 66
45 50 78
45 51 83
45 52 40
45 53 94
45 54 82
45 55 11
45 56 82
45 57 39
45 58 71
45 59 85
45 60 46
45 61 55
45 62 40
45 63 7
45 64 69
45 65 19
45 66 61
45 67 72
45 68 46
45 69 53
45 70 59
45 71 78
45 72 36
45 73 38
45 74 98
45 75 71
45 76 49
45 77 75
45 78 107
45 79 72
45 80 16
45 81 25
45 82 9
45 83 63
45 84 66
45 85 108
45 86 29
45 87 69
45 88 78
45 89 83
45 90 56
45 91 27
45 92 61
45 93 60
45 94 75
45 95 106
45 96 84
45 97 80
45 98 21
45 99 67
46 47 83
46 48 87
46 49 77
46 50 44
46 51 96
46 52 75
46 53 95
46 54 59
46 55 55
46 56 75
46 57 42
46 58 49
46 59 98
46 60 11
46 61 53
46 62 19
46 63 46
46 64 74
46 65 49
46 66 25
46 67 31
46 68 41
46 69 80
46 70 62
46 71 46
46 72 53
46 73 10
46 74 98
46 75 47
46 76 83
46 77 40
46 78 96
46 79 95
46 80 59
46 81 61
46 82 52
46 83 58
46 84 81
46 85 100
46 86 40
46 87 84
46 88 88
46 89 88
46 90 27
46 91 17
46 92 42
46 93 45
46 94 74
46 95 89
46 96 83
46 97 66
46 98 48
46 99 24
47 48 59
47 49 28
47 50 91
47 51 35
47 52 20
47 53 57
47 54 80
47 55 56
47 56 59
47 57 44
47 58 72
47 59 38
47 60 77
47 61 46
47 62 66
47 63 49
47 64 37
47 65 38
47 66 83
47 67 97
47 68 50
47 69 3
47 70 38
47 71 89
47 72 30
47 73 73
47 74 61
47 75 75
47 76 14
47 77 90
47 78 82
47 79 17
47 80 58
47 81 31
47 82 58
47 83 49
47 84 22
47 85 77
47 86 43
47 87 22
47 88 36
47 89 45
47 90 74
47 91 71
47 92 65
47 93 61
47 94 48
47 95 88
47 96 53
47 97 67
47 98 38
47 99 95
48 49 31
48 50 64
48 51 32
48 52 74
48 53 9
48 54 43
48 55 97
48 56 13
48 57 53
48 58 44
48 59 31
48 60 77
48 61 37
48 62 69
48 63 84
48 64 23
48 65 73
48 66 71
48 67 80
48 68 49
48 69 60
48 70 31
48 71 61
48 72 56
48 73 79
48 74 11
48 75 48
48 76 72
48 77 67
48 78 23
48 79 51
48 80 101
48 81 76
48 82 98
48 83 30
48 84 37
48 85 19
48 86 62
48 87 37
48 88 25
48 89 16
48 90 63
48 91 86
48 92 46
48 93 43
48 94 15
48 95 32
48 96 6
48 97 26
48 98 70
48 99 84
49 50 71
49 51 19
49 52 44
49 53 31
49 54 56
49 55 71
49 56 31
49 57 36
49 58 51
49 59 21
49 60 68
49 61 27
49 62 58
49 63 59
49 64 9
49 65 48
49 66 69
49 67 82
49 68 37
49 69 29
49 70 17
49 71 68
49 72 31
49 73 68
49 74 35
49 75 55
49 76 41
49 77 72
49 78 53
49 79 25
49 80 74
49 81 47
49 82 72
49 83 26
49 84 8
49 85 50
49 86 41
49 87 10
49 88 12
49 89 18
49 90 60
49 91 70
49 92 46
49 93 42
49 94 21
49 95 60
49 96 25
49 97 41
49 98 45
49 99 83
50 51 87
50 52 92
50 53 73
50 54 23
50 55 89
50 56 51
50 57 49
50 58 21
50 59 87
50 60 36
50 61 45
50 62 38
50 63 76
50 64 64
50 65 72
50 66 19
50 67 19
50 68 41
50 69 89
50 70 55
50 71 4
50 72 64
50 73 43
50 74 75
50 75 17
50 76 97
50 77 4
50 78 63
50 79 95
50 80 93
50 81 83
50 82 87
50 83 45
50 84 78
50 85 70
50 86 56
50 87 81
50 88 77
50 89 73
50 90 22
50 91 55
50 92 26
50 93 30
50 94 57
50 95 52
50 96 62
50 97 38
50 98 69
50 99 26
51 52 54
51 53 27
51 54 69
51 55 87
51 56 39
51 57 55
51 58 66
51 59 2
51 60 87
51 61 45
51 62 77
51 63 76
51 64 23
51 65 64
51 66 87
51 67 99
51 68 56
51 69 37
51 70 34
51 71 84
51 72 49
51 73 87
51 74 30
51 75 70
51 76 49
51 77 88
51 78 54
51 79 22
51 80 89
51 81 62
51 82 88
51 83 42
51 84 17
51 85 47
51 86 60
51 87 15
51 88 10
51 89 17
51 90 78
51 91 89
51 92 63
51 93 59
51 94 30
51 95 64
51 96 29
51 97 52
51 98 62
51 99 100
52 53 74
52 54 86
52 55 38
52 56 71
52 57 43
52 58 77
52 59 57
52 60 71
52 61 52
52 62 61
52 63 34
52 64 51
52 65 26
52 66 81
52 67 94
52 68 51
52 69 17
52 70 48
52 71 91
52 72 28
52 73 66
52 74 78
52 75 79
52 76 10
52 77 91
52 78 96
52 79 37
52 80 39
52 81 14
52 82 40
52 83 57
52 84 39
52 85 93
52 86 37
52 87 41
52 88 54
52 89 62
52 90 73
52 91 60
52 92 68
52 93 65
52 94 62
52 95 100
52 96 68
52 97 76
52 98 27
52 99 91
53 54 52
53 55 100
53 56 22
53 57 58
53 58 53
53 59 25
53 60 85
53 61 43
53 62 76
53 63 88
53 64 26
53 65 77
53 66 79
53 67 89
53 68 55
53 69 59
53 70 36
53 71 70
53 72 59
53 73 86
53 74 4
53 75 57
53 76 71
53 77 76
53 78 28
53 79 48
53 80 104
53 81 78
53 82 101
53 83 37
53 84 36
53 85 21
53 86 66
53 87 35
53 88 22
53 89 13
53 90 71
53 91 92
53 92 55
53 93 51
53 94 21
53 95 39
53 96 12
53 97 35
53 98 73
53 99 92
54 55 93
54 56 30
54 57 46
54 58 11
54 59 69
54 60 49
54 61 35
54 62 46
54 63 78
54 64 47
54 65 72
54 66 36
54 67 41
54 68 38
54 69 79
54 70 42
54 71 19
54 72 59
54 73 55
54 74 53
54 75 12
54 76 89
54 77 26
54 78 40
54 79 81
54 80 97
54 81 80
54 82 92
54 83 31
54 84 64
54 85 47
54 86 55
54 87 66
54 88 59
54 89 53
54 90 32
54 91 66
54 92 22
54 93 23
54 94 38
54 95 31
54 96 42
54 97 17
54 98 68
54 99 46
55 56 90
55 57 48
55 58 81
55 59 89
55 60 57
55 61 64
55 62 51
55 63 14
55 64 75
55 65 24
55 66 72
55 67 84
55 68 56
55 69 53
55 70 66
55 71 89
55 72 42
55 73 49
55 74 104
55 75 82
55 76 47
55 77 87
55 78 115
55 79 73
55 80 4
55 81 25
55 82 3
55 83 71
55 84 70
55 85 115
55 86 38
55 87 72
55 88 83
55 89 89
55 90 68
55 91 38
55 92 71
55 93 70
55 94 83
55 95 115
55 96 91
55 97 89
55 98 27
55 99 78
56 57 43
56 58 31
56 59 39
56 60 64
56 61 26
56 62 57
56 63 76
56 64 22
56 65 66
56 66 58
56 67 67
56 68 38
56 69 59
56 70 24
56 71 48
56 72 49
56 73 67
56 74 24
56 75 35
56 76 71
56 77 54
56 78 26
56 79 55
56 80 94
56 81 70
56 82 90
56 83 19
56 84 39
56 85 27
56 86 52
56 87 40
56 88 30
56 89 23
56 90 50
56 91 75
56 92 33
56 93 30
56 94 11
56 95 29
56 96 11
56 97 13
56 98 62
56 99 70
57 58 36
57 59 56
57 60 34
57 61 17
57 62 23
57 63 34
57 64 34
57 65 26
57 66 40
57 67 53
57 68 9
57 69 42
57 70 23
57 71 48
57 72 15
57 73 32
57 74 62
57 75 37
57 76 48
57 77 48
57 78 68
57 79 53
57 80 52
57 81 35
57 82 48
57 83 24
57 84 40
57 85 69
57 86 10
57 87 43
57 88 47
57 89 49
57 90 31
57 91 35
57 92 25
57 93 23
57 94 38
57 95 67
57 96 47
57 97 41
57 98 22
57 99 51
58 59 66
58 60 39
58 61 26
58 62 35
58 63 67
58 64 43
58 65 61
58 66 28
58 67 36
58 68 27
58 69 71
58 70 35
58 71 18
58 72 49
58 73 44
58 74 55
58 75 4
58 76 80
58 77 23
58 78 47
58 79 75
58 80 86
58 81 70
58 82 80
58 83 24
58 84 58
58 85 53
58 86 45
58 87 60
58 88 56
58 89 52
58 90 22
58 91 55
58 92 10
58 93 12
58 94 36
58 95 40
58 96 42
58 97 19
58 98 57
58 99 40
59 60 88
59 61 46
59 62 78
59 63 78
59 64 24
59 65 67
59 66 88
59 67 100
59 68 57
59 69 40
59 70 36
59 71 84
59 72 51
59 73 88
59 74 28
59 75 70
59 76 51
59 77 89
59 78 53
59 79 24
59 80 92
59 81 64
59 82 90
59 83 43
59 84 20
59 85 46
59 86 62
59 87 17
59 88 10
59 89 16
59 90 79
59 91 91
59 92 64
59 93 60
59 94 30
59 95 63
59 96 28
59 97 52
59 98 64
59 99 101
60 61 43
60 62 11
60 63 45
60 64 65
60 65 46
60 66 17
60 67 27
60 68 31
60 69 74
60 70 53
60 71 37
60 72 46
60 73 8
60 74 88
60 75 37
60 76 78
60 77 32
60 78 85
60 79 87
60 80 61
60 81 58
60 82 55
60 83 48
60 84 73
60 85 90
60 86 34
60 87 76
60 88 78
60 89 78
60 90 17
60 91 20
60 92 32
60 93 34
60 94 64
60 95 79
60 96 72
60 97 55
60 98 44
60 99 21
61 62 34
61 63 50
61 64 22
61 65 41
61 66 42
61 67 55
61 68 12
61 69 45
61 70 11
61 71 43
61 72 25
61 73 44
61 74 46
61 75 30
61 76 54
61 77 46
61 78 52
61 79 50
61 80 68
61 81 47
61 82 64
61 83 7
61 84 33
61 85 53
61 86 26
61 87 36
61 88 36
61 89 35
61 90 33
61 91 50
61 92 20
61 93 16
61 94 22
61 95 51
61 96 31
61 97 26
61 98 37
61 99 56
62 63 38
62 64 55
62 65 37
62 66 22
62 67 34
62 68 22
62 69 64
62 70 43
62 71 39
62 72 36
62 73 10
62 74 79
62 75 34
62 76 68
62 77 35
62 78 79
62 79 77
62 80 55
62 81 49
62 82 49
62 83 40
62 84 63
62 85 83
62 86 24
62 87 66
62 88 69
62 89 69
62 90 17
62 91 19
62 92 26
62 93 28
62 94 56
62 95 74
62 96 64
62 97 50
62 98 35
62 99 30
63 64 62
63 65 12
63 66 60
63 67 72
63 68 41
63 69 46
63 70 53
63 71 76
63 72 29
63 73 38
63 74 92
63 75 68
63 76 43
63 77 73
63 78 101
63 79 65
63 80 19
63 81 19
63 82 14
63 83 57
63 84 59
63 85 102
63 86 24
63 87 62
63 88 71
63 89 77
63 90 54
63 91 29
63 92 57
63 93 56
63 94 69
63 95 101
63 96 78
63 97 75
63 98 14
63 99 67
64 65 51
64 66 64
64 67 75
64 68 33
64 69 37
64 70 12
64 71 61
64 72 33
64 73 65
64 74 30
64 75 47
64 76 49
64 77 65
64 78 45
64 79 34
64 80 78
64 81 52
64 82 76
64 83 19
64 84 17
64 85 42
64 86 41
64 87 19
64 88 14
64 89 15
64 90 55
64 91 69
64 92 39
64 93 35
64 94 11
64 95 51
64 96 17
64 97 32
64 98 48
64 99 77
65 66 59
65 67 71
65 68 34
65 69 35
65 70 42
65 71 72
65 72 18
65 73 41
65 74 80
65 75 62
65 76 34
65 77 71
65 78 92
65 79 54
65 80 28
65 81 12
65 82 25
65 83 48
65 84 47
65 85 91
65 86 17
65 87 50
65 88 60
65 89 65
65 90 52
65 91 34
65 92 51
65 93 49
65 94 59
65 95 92
65 96 67
65 97 66
65 98 4
65 99 68
66 67 13
66 68 34
66 69 81
66 70 53
66 71 21
66 72 54
66 73 24
66 74 82
66 75 24
66 76 87
66 77 15
66 78 75
66 79 91
66 80 77
66 81 70
66 82 70
66 83 45
66 84 75
66 85 81
66 86 44
66 87 78
66 88 77
66 89 76
66 90 9
66 91 37
66 92 25
66 93 29
66 94 60
66 95 66
66 96 67
66 97 46
66 98 56
66 99 13
67 68 47
67 69 95
67 70 65
67 71 22
67 72 67
67 73 34
67 74 91
67 75 32
67 76 101
67 77 15
67 78 81
67 79 104
67 80 88
67 81 83
67 82 81
67 83 56
67 84 88
67 85 88
67 86 57
67 87 91
67 88 89
67 89 86
67 90 22
67 91 46
67 92 36
67 93 40
67 94 71
67 95 71
67 96 77
67 97 54
67 98 69
67 99 8
68 69 48
68 70 22
68 71 40
68 72 23
68 73 32
68 74 59
68 75 29
68 76 56
68 77 41
68 78 62
68 79 58
68 80 60
68 81 43
68 82 55
68 83 19
68 84 42
68 85 64
68 86 18
68 87 45
68 88 47
68 89 48
68 90 25
68 91 37
68 92 17
68 93 15
68 94 35
68 95 60
68 96 43
68 97 34
68 98 31
68 99 46
69 70 38
69 71 87
69 72 28
69 73 70
69 74 63
69 75 74
69 76 12
69 77 89
69 78 82
69 79 20
69 80 55
69 81 28
69 82 55
69 83 48
69 84 23
69 85 78
69 86 40
69 87 24
69 88 38
69 89 46
69 90 72
69 91 68
69 92 63
69 93 60
69 94 49
69 95 88
69 96 54
69 97 66
69 98 35
69 99 93
70 71 52
70 72 25
70 73 53
70 74 39
70 75 39
70 76 48
70 77 56
70 78 50
70 79 40
70 80 70
70 81 46
70 82 67
70 83 11
70 84 23
70 85 49
70 86 31
70 87 26
70 88 25
70 89 26
70 90 44
70 91 57
70 92 30
70 93 26
70 94 17
70 95 52
70 96 25
70 97 29
70 98 39
70 99 66
71 72 63
71 73 45
71 74 71
71 75 14
71 76 95
71 77 8
71 78 59
71 79 93
71 80 94
71 81 82
71 82 88
71 83 42
71 84 76
71 85 66
71 86 56
71 87 78
71 88 74
71 89 69
71 90 22
71 91 57
71 92 24
71 93 28
71 94 54
71 95 48
71 96 59
71 97 34
71 98 69
71 99 29
72 73 43
72 74 63
72 75 51
72 76 33
72 77 63
72 78 74
72 79 42
72 80 45
72 81 22
72 82 42
72 83 31
72 84 32
72 85 74
72 86 13
72 87 35
72 88 43
72 89 48
72 90 45
72 91 42
72 92 39
72 93 36
72 94 41
72 95 76
72 96 49
72 97 50
72 98 15
72 99 65
73 74 90
73 75 42
73 76 73
73 77 40
73 78 89
73 79 85
73 80 53
73 81 52
73 82 47
73 83 50
73 84 72
73 85 93
73 86 31
73 87 75
73 88 78
73 89 79
73 90 23
73 91 12
73 92 36
73 93 38
73 94 66
73 95 84
73 96 74
73 97 60
73 98 39
73 99 29
74 75 59
74 76 75
74 77 78
74 78 26
74 79 51
74 80 108
74 81 82
74 82 105
74 83 40
74 84 40
74 85 18
74 86 70
74 87 39
74 88 25
74 89 17
74 90 74
74 91 96
74 92 57
74 93 54
74 94 24
74 95 38
74 96 15
74 97 37
74 98 77
74 99 95
75 76 83
75 77 19
75 78 50
75 79 79
75 80 86
75 81 72
75 82 81
75 83 28
75 84 62
75 85 57
75 86 46
75 87 64
75 88 60
75 89 56
75 90 20
75 91 53
75 92 12
75 93 15
75 94 40
75 95 42
75 96 46
75 97 23
75 98 59
75 99 36
76 77 96
76 78 94
76 79 29
76 80 48
76 81 24
76 82 50
76 83 59
76 84 35
76 85 90
76 86 44
76 87 36
76 88 50
76 89 58
76 90 79
76 91 69
76 92 72
76 93 68
76 94 61
76 95 100
76 96 66
76 97 77
76 98 35
76 99 98
77 78 66
77 79 96
77 80 91
77 81 82
77 82 85
77 83 46
77 84 79
77 85 74
77 86 55
77 87 82
77 88 78
77 89 75
77 90 19
77 91 52
77 92 26
77 93 30
77 94 59
77 95 56
77 96 64
77 97 41
77 98 67
77 99 21
78 79 74
78 80 119
78 81 96
78 82 115
78 83 44
78 84 60
78 85 10
78 86 78
78 87 60
78 88 47
78 89 38
78 90 69
78 91 98
78 92 53
78 93 52
78 94 34
78 95 14
78 96 28
78 97 30
78 98 88
78 99 86
79 80 75
79 81 48
79 82 75
79 83 51
79 84 17
79 85 68
79 86 55
79 87 15
79 88 27
79 89 36
79 90 82
79 91 84
79 92 70
79 93 66
79 94 45
79 95 83
79 96 47
79 97 66
79 98 53
79 99 104
80 81 28
80 82 6
80 83 75
80 84 72
80 85 119
80 86 42
80 87 75
80 88 86
80 89 92
80 90 72
80 91 42
80 92 75
80 93 74
80 94 86
80 95 119
80 96 94
80 97 93
80 98 31
80 99 82
81 82 27
81 83 54
81 84 45
81 85 94
81 86 27
81 87 47
81 88 59
81 89 65
81 90 63
81 91 46
81 92 60
81 93 58
81 94 62
81 95 98
81 96 69
81 97 73
81 98 14
81 99 79
82 83 71
82 84 71
82 85 116
82 86 38
82 87 74
82 88 84
82 89 90
82 90 66
82 91 36
82 92 70
82 93 69
82 94 83
82 95 115
82 96 91
82 97 89
82 98 28
82 99 75
83 84 34
83 85 46
83 86 34
83 87 36
83 88 33
83 89 31
83 90 36
83 91 56
83 92 20
83 93 16
83 94 16
83 95 44
83 96 24
83 97 19
83 98 44
83 99 58
84 85 56
84 86 43
84 87 3
84 88 15
84 89 23
84 90 66
84 91 73
84 92 53
84 93 49
84 94 28
84 95 67
84 96 32
84 97 49
84 98 45
84 99 88
85 86 79
85 87 55
85 88 42
85 89 33
85 90 74
85 91 101
85 92 58
85 93 56
85 94 33
85 95 23
85 96 25
85 97 35
85 98 88
85 99 93
86 87 46
86 88 53
86 89 56
86 90 36
86 91 30
86 92 34
86 93 33
86 94 47
86 95 77
86 96 55
86 97 51
86 98 13
86 99 54
87 88 14
87 89 23
87 90 69
87 91 76
87 92 55
87 93 51
87 94 29
87 95 68
87 96 32
87 97 50
87 98 48
87 99 91
88 89 9
88 90 69
88 91 82
88 92 53
88 93 49
88 94 21
88 95 56
88 96 20
88 97 42
88 98 57
88 99 91
89 90 67
89 91 84
89 92 51
89 93 47
89 94 16
89 95 47
89 96 12
89 97 36
89 98 62
89 99 89
90 91 35
90 92 17
90 93 20
90 94 52
90 95 62
90 96 59
90 97 40
90 98 49
90 99 22
91 92 45
91 93 47
91 94 72
91 95 94
91 96 80
91 97 69
91 98 34
91 99 40
92 93 4
92 94 35
92 95 48
92 96 42
92 97 24
92 98 47
92 99 38
93 94 32
93 95 47
93 96 39
93 97 22
93 98 45
93 99 42
94 95 39
94 96 9
94 97 22
94 98 55
94 99 74
95 96 36
95 97 26
95 98 88
95 99 77
96 97 25
96 98 64
96 99 80
97 98 63
97 99 59
98 99 65
0 4 47
0 6 54
0 19 38
0 25 37
0 29 16
0 35 14
0 36 70
0 38 10
0 41 62
0 46 38
0 56 63
0 58 53
0 60 35
0 61 37
0 74 80
0 83 44
0 87 55
0 94 57
0 95 87
0 97 61
1 4 76
1 8 36
1 12 36
1 19 77
1 24 10
1 26 34
1 27 42
1 28 60
1 40 43
1 41 13
1 42 55
1 44 37
1 45 87
1 60 83
1 61 40
1 65 69
1 73 83
1 74 15
1 76 60
1 80 95
1 81 69
1 83 35
1 86 60
1 91 88
1 94 19
1 96 15
1 97 39
1 98 66
2 3 53
2 8 70
2 9 9
2 10 55
2 15 13
2 19 58
2 20 57
2 21 24
2 23 55
2 25 36
2 27 75
2 31 77
2 32 56
2 36 17
2 37 21
2 44 50
2 52 85
2 60 66
2 63 86
2 64 37
2 66 56
2 67 62
2 69 74
2 75 32
2 76 85
2 78 19
2 80 104
2 81 83
2 82 100
2 85 25
2 86 62
2 98 73
3 4 62
3 5 53
3 9 45
3 12 45
3 16 68
3 20 55
3 26 31
3 29 34
3 33 21
3 34 19
3 35 49
3 36 43
3 43 26
3 48 42
3 49 13
3 52 33
3 58 50
3 75 54
3 81 34
3 85 61
3 87 17
3 88 25
3 95 68
4 5 44
4 7 73
4 14 52
4 20 12
4 27 91
4 31 90
4 32 64
4 45 62
4 46 28
4 47 81
4 51 84
4 52 80
4 54 32
4 58 24
4 63 60
4 68 31
4 69 79
4 71 18
4 72 52
4 73 26
4 74 78
4 76 86
4 81 69
4 84 73
4 86 43
4 91 39
4 99 17
5 11 59
5 17 19
5 31 78
5 32 56
5 37 13
5 40 74
5 43 55
5 44 48
5 46 69
5 50 37
5 53 39
5 57 48
5 59 58
5 66 48
5 72 58
5 80 100
5 82 95
5 84 56
5 87 57
5 88 48
5 94 28
5 95 20
5 96 30
5 99 59
6 8 71
6 18 73
6 19 34
6 22 55
6 23 32
6 24 48
6 25 24
6 33 26
6 35 52
6 36 33
6 40 71
6 45 72
6 46 53
6 47 69
6 49 47
6 51 61
6 52 75
6 59 61
6 64 38
6 66 33
6 67 41
6 69 68
6 75 10
6 76 78
6 80 87
6 82 81
6 88 51
6 89 47
6 91 58
6 98 57
7 9 29
7 10 34
7 15 28
7 18 40
7 20 73
7 21 33
7 23 76
7 24 2
7 26 43
7 29 63
7 33 34
7 36 14
7 37 50
7 43 25
7 46 92
7 48 8
7 50 71
7 53 3
7 55 98
7 57 55
7 60 82
7 61 40
7 62 73
7 63 85
7 66 77
7 69 57
7 73 84
7 75 55
7 83 34
7 86 63
7 88 20
7 92 52
7 93 48
7 99 90
8 12 63
8 14 37
8 15 72
8 17 83
8 21 79
8 24 46
8 29 60
8 31 9
8 32 25
8 34 22
8 38 69
8 41 24
8 42 71
8 44 34
8 49 25
8 52 36
8 54 80
8 56 55
8 57 53
8 63 64
8 66 91
8 71 92
8 73 84
8 78 74
8 80 74
8 81 47
8 82 74
8 85 68
8 88 27
8 89 36
8 91 84
8 93 65
9 10 48
9 11 49
9 15 20
9 16 31
9 21 31
9 22 72
9 23 50
9 28 26
9 30 23
9 36 15
9 41 42
9 43 45
9 47 66
9 48 21
9 49 39
9 50 43
9 54 21
9 56 9
9 58 24
9 59 48
9 62 54
9 64 30
9 65 68
9 70 29
9 76 77
9 78 25
9 80 95
9 81 74
9 82 91
9 84 47
9 85 30
9 86 54
9 92 28
9 95 24
9 97 5
9 98 65
9 99 64
10 19 72
10 21 65
10 25 34
10 26 17
10 27 20
10 31 22
10 33 30
10 37 65
10 38 60
10 41 12
10 44 22
10 47 22
10 54 65
10 56 40
10 58 60
10 60 75
10 62 65
10 63 61
10 65 49
10 66 77
10 67 90
10 76 35
10 78 61
10 79 16
10 87 1
10 94 29
10 96 32
11 15 56
11 18 13
11 22 111
11 25 41
11 26 14
11 28 70
11 29 58
11 32 24
11 35 74
11 41 8
11 42 62
11 45 77
11 48 35
11 50 85
11 54 68
11 58 64
11 60 83
11 70 31
11 73 82
11 74 34
11 75 68
11 76 42
11 77 86
11 87 8
11 88 11
11 90 75
11 91 84
11 93 56
11 94 31
12 15 20
12 16 32
12 18 62
12 19 52
12 20 50
12 22 72
12 24 31
12 26 63
12 35 65
12 36 15
12 37 21
12 49 39
12 56 10
12 57 43
12 60 60
12 65 68
12 68 37
12 70 29
12 72 52
12 74 32
12 79 64
12 84 47
12 91 72
12 92 28
13 15 65
13 16 77
13 23 21
13 24 68
13 25 28
13 26 76
13 29 14
13 35 22
13 40 68
13 43 66
13 49 52
13 53 69
13 64 48
13 69 61
13 73 18
13 76 67
13 79 72
13 85 75
13 86 23
13 89 62
13 95 67
13 97 42
14 15 59
14 17 65
14 19 48
14 23 55
14 27 39
14 37 52
14 40 33
14 43 34
14 51 39
14 54 52
14 57 17
14 59 41
14 61 17
14 67 68
14 69 28
14 70 13
14 81 33
14 85 62
14 87 26
14 97 41
15 16 12
15 22 86
15 23 67
15 25 46
15 29 69
15 32 62
15 34 78
15 40 77
15 47 79
15 49 51
15 57 63
15 60 79
15 61 46
15 62 73
15 63 96
15 68 56
15 69 79
15 70 45
15 79 73
15 80 114
15 82 110
15 83 39
15 86 73
15 87 58
15 94 31
15 97 24
16 24 32
16 30 31
16 32 71
16 34 86
16 37 44
16 41 54
16 45 113
16 51 57
16 53 31
16 56 31
16 60 91
16 67 86
16 68 68
16 70 55
16 73 95
16 74 28
16 77 71
16 79 78
16 83 50
16 84 65
16 85 10
16 92 59
17 20 67
17 23 63
17 26 82
17 31 90
17 36 28
17 40 87
17 41 60
17 46 87
17 51 65
17 54 29
17 61 51
17 62 73
17 73 82
17 77 54
17 79 83
17 80 118
17 82 114
17 85 25
17 87 68
18 21 72
18 22 123
18 23 96
18 26 7
18 27 18
18 28 83
18 29 69
18 37 81
18 38 79
18 43 17
18 49 27
18 50 98
18 51 14
18 56 53
18 58 77
18 59 16
18 62 84
18 64 35
18 66 97
18 67 109
18 69 33
18 71 95
18 72 52
18 73 93
18 76 42
18 77 99
18 78 68
18 86 64
18 87 18
18 91 94
18 92 73
18 97 65
18 99 110
19 28 33
19 30 70
19 33 44
19 34 70
19 35 28
19 41 75
19 43 78
19 50 27
19 59 84
19 60 9
19 61 38
19 62 12
19 69 74
19 70 48
19 72 46
19 75 28
19 77 24
19 81 61
19 84 70
19 89 73
19 90 8
19 91 28
19 94 58
19 97 47
20 24 75
20 27 84
20 30 68
20 35 26
20 37 40
20 38 28
20 39 58
20 40 78
20 41 73
20 42 23
20 43 75
20 46 20
20 58 29
20 60 10
20 66 12
20 68 25
20 70 46
20 77 26
20 79 82
20 80 65
20 83 40
20 87 70
20 90 8
20 91 27
20 94 56
20 95 69
20 97 46
20 98 44
21 23 78
21 26 76
21 30 31
21 32 71
21 34 86
21 35 96
21 42 58
21 45 113
21 50 66
21 52 101
21 56 31
21 64 50
21 65 97
21 68 67
21 74 29
21 78 5
21 80 125
21 82 121
21 84 65
21 87 65
21 92 58
21 94 40
21 97 35
21 99 90
22 26 121
22 27 121
22 30 94
22 34 105
22 41 106
22 43 108
22 49 96
22 56 80
22 58 49
22 60 38
22 63 83
22 65 84
22 66 28
22 67 15
22 68 61
22 76 114
22 77 27
22 86 71
22 90 37
22 91 56
22 93 54
23 24 78
23 28 27
23 34 78
23 36 64
23 37 35
23 40 88
23 41 79
23 44 57
23 45 62
23 46 27
23 48 70
23 55 74
23 57 40
23 59 87
23 61 42
23 65 59
23 75 23
23 78 73
23 79 91
23 81 71
23 88 77
23 89 75
23 91 38
23 92 24
23 94 59
23 95 65
23 98 57
23 99 14
24 27 52
24 29 65
24 34 57
24 40 53
24 41 23
24 42 55
24 45 93
24 52 73
24 61 42
24 66 79
24 73 86
24 79 46
24 82 100
24 83 36
24 85 22
24 88 20
24 90 71
24 96 12
24 98 72
24 99 92
25 27 52
25 29 25
25 32 26
25 33 5
25 37 36
25 39 68
25 40 47
25 43 39
25 46 54
25 50 46
25 51 43
25 52 51
25 53 42
25 55 65
25 59 45
25 60 44
25 62 35
25 65 41
25 66 44
25 67 56
25 71 44
25 75 30
25 78 51
25 80 69
25 86 27
25 90 35
25 93 17
25 96 30
25 98 38
26 28 83
26 33 47
26 43 19
26 44 38
26 47 23
26 49 26
26 51 18
26 55 79
26 61 52
26 63 71
26 67 107
26 70 42
26 71 94
26 73 89
26 74 48
26 75 81
26 76 35
26 78 72
26 81 53
26 82 81
26 89 34
26 94 44
27 30 53
27 31 3
27 33 49
27 36 61
27 37 85
27 44 36
27 45 69
27 50 98
27 51 28
27 52 33
27 53 54
27 57 54
27 58 79
27 60 88
27 64 39
27 66 93
27 67 106
27 68 60
27 69 17
27 70 44
27 75 82
27 76 24
27 95 88
27 96 52
28 31 85
28 35 55
28 43 67
28 46 52
28 48 47
28 50 17
28 62 40
28 66 29
28 67 34
28 73 48
28 77 20
28 78 46
28 79 82
28 80 92
28 81 77
28 94 41
28 97 21
28 98 64
29 31 60
29 33 29
29 36 57
29 42 29
29 47 50
29 52 46
29 53 66
29 57 8
29 58 37
29 59 65
29 63 30
29 70 31
29 73 24
29 80 48
29 83 31
29 86 9
29 91 27
29 92 27
29 97 46
30 31 55
30 37 44
30 47 55
30 48 4
30 50 65
30 54 44
30 55 94
30 56 14
30 58 45
30 59 28
30 63 81
30 65 70
30 66 71
30 73 78
30 75 49
30 80 98
30 81 73
30 82 95
30 85 22
30 86 59
30 87 34
30 88 21
30 89 12
30 90 63
30 96 4
31 32 26
31 34 18
31 35 72
31 41 32
31 42 74
31 51 30
31 57 53
31 59 33
31 63 60
31 68 59
31 78 82
31 85 76
31 86 53
31 89 44
31 92 72
31 93 68
31 94 51
32 33 24
32 38 46
32 39 65
32 40 21
32 44 10
32 47 19
32 51 30
32 63 46
32 67 79
32 68 33
32 70 19
32 71 70
32 72 19
32 73 60
32 74 49
32 75 57
32 88 26
32 91 60
32 97 48
33 34 39
33 43 34
33 44 16
33 47 43
33 48 31
33 56 23
33 61 6
33 62 40
33 70 5
33 73 50
33 77 51
33 78 48
33 80 71
33 84 28
33 87 31
33 93 20
33 95 50
33 98 40
34 35 54
34 38 50
34 41 36
34 43 35
34 46 76
34 49 28
34 54 76
34 60 71
34 62 60
34 63 43
34 64 36
34 66 78
34 68 45
34 71 84
34 72 24
34 77 85
34 78 81
34 85 77
34 91 64
34 92 60
34 98 31
35 44 43
35 46 24
35 47 61
35 52 51
35 55 35
35 56 67
35 66 37
35 68 29
35 73 15
35 78 91
35 80 39
35 82 33
35 85 93
35 88 72
35 89 74
35 91 10
35 98 24
35 99 44
36 40 59
36 54 36
36 57 50
36 60 72
36 63 82
36 64 24
36 67 74
36 69 62
36 72 54
36 73 75
36 76 74
36 77 61
36 90 58
36 91 82
36 92 41
36 94 14
36 95 27
36 98 68
36 99 78
37 38 61
37 41 62
37 42 21
37 47 80
37 49 56
37 50 23
37 51 69
37 63 79
37 67 41
37 68 38
37 70 42
37 74 53
37 76 89
37 79 81
37 85 47
37 86 56
37 97 17
37 98 69
38 41 68
38 42 41
38 44 39
38 55 34
38 58 49
38 62 18
38 68 26
38 71 56
38 72 27
38 79 69
38 80 38
38 83 45
38 84 58
38 86 15
38 87 62
38 88 68
38 90 34
38 96 68
38 98 20
38 99 46
39 41 90
39 42 73
39 48 103
39 51 95
39 55 11
39 63 19
39 66 69
39 71 88
39 72 48
39 73 45
39 75 82
39 76 58
39 78 119
39 81 35
39 84 78
39 88 90
40 44 31
40 48 57
40 49 27
40 52 27
40 54 81
40 58 74
40 64 36
40 65 45
40 68 54
40 70 40
40 71 91
40 77 94
40 78 79
40 81 38
40 86 48
40 89 42
40 90 78
40 91 77
40 92 68
41 48 28
41 68 48
41 73 80
41 74 28
41 77 81
41 78 50
41 81 58
41 84 13
41 94 24
41 96 24
42 44 38
42 49 48
42 52 70
42 54 20
42 58 9
42 60 32
42 67 35
42 69 65
42 75 10
42 76 74
42 79 71
42 87 57
42 92 2
42 95 47
43 45 79
43 47 32
43 48 31
43 53 26
43 54 65
43 58 61
43 69 34
43 81 58
43 90 73
43 91 84
43 93 54
43 94 27
43 97 48
43 98 58
44 53 45
44 64 19
44 74 49
44 82 57
44 83 22
44 87 23
44 90 48
44 91 53
44 92 36
44 95 65
44 97 41
44 98 29
45 47 56
45 49 66
45 51 83
45 53 94
45 54 82
45 57 39
45 59 85
45 60 46
45 63 7
45 67 72
45 68 46
45 69 53
45 70 59
45 71 78
45 74 98
45 75 71
45 82 9
45 85 108
45 86 29
45 94 75
45 97 80
45 99 67
46 47 83
46 49 77
46 51 96
46 54 59
46 56 75
46 58 49
46 60 11
46 61 53
46 75 47
46 76 83
46 77 40
46 78 96
46 80 59
46 81 61
46 83 58
46 84 81
46 86 40
46 89 88
46 92 42
46 94 74
46 95 89
47 49 28
47 52 20
47 54 80
47 57 44
47 64 37
47 65 38
47 68 50
47 69 3
47 70 38
47 82 58
47 84 22
47 88 36
47 91 71
47 96 53
48 51 32
48 58 44
48 61 37
48 64 23
48 68 49
48 71 61
48 72 56
48 74 11
48 89 16
48 90 63
48 91 86
48 92 46
48 95 32
48 97 26
48 99 84
49 53 31
49 60 68
49 64 9
49 65 48
49 66 69
49 67 82
49 69 29
49 84 8
49 86 41
49 89 18
49 95 60
49 97 41
50 52 92
50 54 23
50 60 36
50 62 38
50 63 76
50 65 72
50 69 89
50 72 64
50 80 93
50 90 22
50 94 57
50 99 26
51 55 87
51 56 39
51 60 87
51 65 64
51 66 87
51 71 84
51 72 49
51 77 88
51 81 62
51 89 17
51 91 89
51 92 63
51 95 64
51 97 52
52 53 74
52 56 71
52 58 77
52 61 52
52 71 91
52 75 79
52 77 91
52 78 96
52 79 37
52 81 14
52 90 73
52 93 65
53 54 52
53 55 100
53 56 22
53 60 85
53 62 76
53 63 88
53 68 55
53 78 28
53 80 104
53 85 21
53 86 66
53 87 35
53 96 12
53 97 35
54 55 93
54 56 30
54 57 46
54 61 35
54 62 46
54 65 72
54 68 38
54 69 79
54 74 53
54 75 12
54 78 40
54 82 92
54 84 64
55 63 14
55 66 72
55 67 84
55 68 56
55 70 66
55 72 42
55 75 82
55 76 47
55 79 73
55 80 4
55 82 3
55 84 70
55 86 38
55 97 89
55 98 27
56 59 39
56 65 66
56 71 48
56 76 71
56 78 26
56 84 39
56 86 52
56 95 29
56 97 13
56 99 70
57 66 40
57 67 53
57 69 42
57 74 62
57 80 52
57 84 40
57 85 69
57 90 31
57 94 38
57 95 67
57 99 51
58 60 39
58 64 43
58 65 61
58 68 27
58 72 49
58 76 80
58 77 23
58 80 86
58 86 45
58 87 60
58 88 56
58 89 52
58 96 42
59 61 46
59 62 78
59 75 70
59 78 53
59 79 24
59 82 90
59 90 79
59 91 91
59 95 63
59 96 28
59 97 52
59 99 101
60 63 45
60 65 46
60 66 17
60 68 31
60 74 88
60 75 37
60 76 78
60 77 32
60 78 85
60 82 55
60 85 90
60 86 34
60 87 76
60 92 32
60 93 34
60 94 64
60 95 79
60 97 55
60 99 21
61 67 55
61 68 12
61 71 43
61 75 30
61 77 46
61 86 26
61 90 33
61 93 16
61 95 51
61 96 31
62 71 39
62 76 68
62 78 79
62 79 77
62 84 63
62 85 83
62 86 24
62 91 19
62 92 26
62 94 56
62 96 64
63 65 12
63 67 72
63 76 43
63 87 62
63 89 77
63 93 56
63 94 69
63 99 67
64 65 51
64 67 75
64 68 33
64 69 37
64 73 65
64 74 30
64 80 78
64 82 76
64 83 19
64 88 14
64 93 35
64 98 48
65 66 59
65 68 34
65 70 42
65 71 72
65 72 18
65 73 41
65 76 34
65 77 71
65 78 92
65 80 28
65 81 12
65 83 48
65 86 17
65 89 65
65 94 59
65 96 67
65 98 4
66 69 81
66 70 53
66 72 54
66 73 24
66 79 91
66 86 44
66 87 78
66 89 76
66 90 9
66 91 37
66 94 60
66 97 46
66 99 13
67 68 47
67 71 22
67 74 91
67 75 32
67 77 15
67 80 88
67 86 57
67 87 91
67 92 36
67 95 71
67 97 54
68 72 23
68 75 29
68 81 43
68 82 55
68 84 42
68 90 25
68 91 37
68 92 17
68 93 15
68 94 35
69 70 38
69 75 74
69 83 48
69 94 49
69 95 88
70 83 11
70 84 23
70 88 25
70 89 26
70 90 44
70 91 57
70 98 39
71 77 8
71 79 93
71 85 66
71 86 56
71 87 78
71 91 57
71 93 28
71 96 59
71 97 34
71 98 69
72 73 43
72 76 33
72 85 74
72 91 42
72 93 36
72 95 76
72 98 15
73 75 42
73 82 47
73 86 31
73 88 78
73 91 12
73 92 36
73 95 84
73 97 60
73 99 29
74 76 75
74 77 78
74 81 82
74 82 105
74 83 40
74 85 18
74 86 70
74 90 74
74 93 54
74 95 38
75 76 83
75 82 81
75 87 64
75 88 60
75 97 23
76 78 94
76 80 48
76 82 50
76 83 59
76 86 44
76 89 58
76 90 79
76 91 69
76 95 100
76 99 98
77 78 66
77 86 55
77 88 78
77 90 19
77 91 52
77 92 26
77 93 30
77 94 59
77 97 41
78 81 96
78 84 60
78 85 10
78 89 38
78 92 53
78 93 52
78 95 14
78 99 86
79 88 27
79 89 36
79 93 66
79 96 47
80 90 72
80 92 75
80 96 94
80 97 93
80 98 31
81 85 94
81 87 47
81 93 58
81 96 69
82 87 74
82 91 36
82 92 70
82 93 69
82 95 115
82 97 89
82 98 28
83 84 34
83 94 16
83 98 44
84 86 43
84 90 66
84 96 32
84 97 49
85 89 33
85 90 74
85 92 58
85 95 23
86 91 30
86 93 33
86 94 47
86 97 51
87 88 14
87 89 23
87 90 69
87 95 68
87 98 48
88 92 53
88 93 49
88 96 20
89 97 36
90 30 63
90 91 35
90 92 17
90 99 22
91 92 45
92 93 4
92 98 47
93 96 39
93 99 42
94 95 39
94 96 9
96 97 25
97 98 63
97 99 59
