100 0.7 0 0 0.5 4950 3465 76
0.693377 0.069222 23
0.95656 0.476971 21
0.280506 0.782772 19
0.74157 0.340475 13
0.92377 0.947809 30
0.839972 0.252086 20
0.423323 0.291922 11
0.300451 0.432839 12
0.0834928 0.61696 23
0.125281 0.805868 26
0.779388 0.00806289 27
0.4714 0.541751 4
0.399235 0.259544 13
0.0836507 0.232454 26
0.774644 0.621127 14
0.738269 0.58717 11
0.181668 0.96788 30
0.737649 0.397158 11
0.33857 0.530983 10
0.803338 0.493787 14
0.138358 0.128939 27
0.155922 0.94625 29
0.969345 0.332166 23
0.602888 0.68346 10
0.51369 0.826526 17
0.171062 0.449942 18
0.423467 0.605707 8
0.925811 0.352616 21
0.998937 0.0231723 33
0.765205 0.564231 12
0.0111892 0.587198 26
0.130755 0.566875 20
0.785693 0.520991 13
0.747358 0.393757 12
0.0733015 0.924127 31
0.127513 0.448759 20
0.805773 0.247978 18
0.316486 0.49712 11
0.199084 0.187632 23
0.0605934 0.58448 24
0.0647616 0.607469 24
0.568725 0.569708 4
0.531224 0.491653 0
0.80619 0.770297 20
0.143037 0.997683 32
0.883154 0.484875 18
0.737278 0.329908 13
0.424624 0.73016 13
0.978871 0.232255 26
0.605309 0.271438 12
0.877025 0.651097 19
0.84759 0.700007 19
0.451066 0.840624 18
0.00474369 0.176417 31
0.368579 0.170954 18
0.104455 0.570782 22
0.763839 0.612343 13
0.622791 0.118973 19
0.0737995 0.726745 26
0.218171 0.0842841 26
0.331948 0.367908 12
0.577407 0.738015 13
0.47682 0.284013 11
0.341497 0.460557 10
0.428225 0.178873 16
0.0848478 0.379785 23
0.145772 0.883684 27
0.0463712 0.0123009 34
0.493941 0.21159 14
0.765662 0.88489 23
0.333391 0.866043 21
0.359226 0.360794 11
0.915261 0.539173 19
0.596053 0.884547 20
0.643515 0.871693 20
0.164472 0.307142 21
0.598399 0.286954 11
0.711748 0.54629 9
0.0442475 0.969715 34
0.834225 0.44473 15
0.906519 0.588716 19
0.0161829 0.308087 27
0.874713 0.742849 21
0.228678 0.416331 16
0.260418 0.594101 14
0.804849 0.317452 16
0.947757 0.396893 21
0.635274 0.325888 10
0.345432 0.360632 11
0.750892 0.736935 16
0.678194 0.283972 13
0.869898 0.508448 17
0.892671 0.691679 21
0.109218 0.304364 23
0.95879 0.0934547 29
0.972429 0.206175 26
0.204872 0.465592 16
0.106052 0.276497 24
0.360496 0.787559 17
0.637638 0.173739 17
0 1 49
0 2 82
0 3 28
0 4 91
0 5 23
0 6 35
0 7 54
0 8 82
0 9 93
0 10 11
0 11 52
0 12 35
0 13 63
0 14 56
0 15 52
0 16 103
0 17 33
0 18 58
0 19 44
0 20 56
0 21 103
0 22 38
0 23 62
0 24 78
0 25 65
0 26 60
0 27 37
0 28 31
0 29 50
0 30 86
0 31 75
0 32 46
0 33 33
0 34 106
0 35 68
0 36 21
0 37 57
0 38 51
0 39 82
0 40 83
0 41 52
0 42 45
0 43 71
0 44 108
0 45 46
0 46 26
0 47 71
0 48 33
0 49 22
0 50 61
0 51 65
0 52 81
0 53 70
0 54 34
0 55 77
0 56 55
0 57 9
0 58 90
0 59 48
0 60 47
0 61 68
0 62 31
0 63 53
0 64 29
0 65 68
0 66 98
0 67 65
0 68 25
0 69 82
0 70 87
0 71 44
0 72 52
0 73 82
0 74 80
0 75 58
0 76 24
0 77 48
0 78 111
0 79 40
0 80 56
0 81 72
0 82 70
0 83 58
0 84 68
0 85 27
0 86 41
0 87 26
0 88 45
0 89 67
0 90 22
0 91 47
0 92 65
0 93 63
0 94 27
0 95 31
0 96 63
0 97 62
0 98 79
0 99 12
1 2 74
1 3 25
1 4 47
1 5 25
1 6 56
1 7 66
1 8 88
1 9 89
1 10 50
1 11 49
1 12 60
1 13 91
1 14 23
1 15 24
1 16 92
1 17 23
1 18 62
1 19 15
1 20 89
1 21 93
1 22 15
1 23 41
1 24 56
1 25 79
1 26 55
1 27 13
1 28 46
1 29 21
1 30 95
1 31 83
1 32 18
1 33 23
1 34 99
1 35 83
1 36 27
1 37 64
1 38 81
1 39 90
1 40 90
1 41 40
1 42 43
1 43 33
1 44 97
1 45 7
1 46 26
1 47 59
1 48 25
1 49 41
1 50 19
1 51 25
1 52 62
1 53 100
1 54 66
1 55 86
1 56 24
1 57 49
1 58 92
1 59 84
1 60 63
1 61 46
1 62 52
1 63 62
1 64 61
1 65 88
1 66 91
1 67 102
1 68 53
1 69 45
1 70 73
1 71 61
1 72 7
1 73 54
1 74 50
1 75 81
1 76 41
1 77 25
1 78 104
1 79 13
1 80 12
1 81 96
1 82 28
1 83 73
1 84 71
1 85 22
1 86 8
1 87 36
1 88 62
1 89 33
1 90 34
1 91 9
1 92 22
1 93 86
1 94 38
1 95 27
1 96 75
1 97 87
1 98 67
1 99 44
2 3 64
2 4 66
2 5 77
2 6 51
2 7 35
2 8 26
2 9 16
2 10 92
2 11 31
2 12 54
2 13 58
2 14 52
2 15 50
2 16 21
2 17 60
2 18 26
2 19 60
2 20 67
2 21 21
2 22 82
2 23 34
2 24 24
2 25 35
2 26 23
2 27 78
2 28 105
2 29 53
2 30 33
2 31 26
2 32 57
2 33 61
2 34 25
2 35 37
2 36 75
2 37 29
2 38 60
2 39 30
2 40 28
2 41 36
2 42 38
2 43 53
2 44 26
2 45 67
2 46 64
2 47 15
2 48 89
2 49 61
2 50 61
2 51 57
2 52 18
2 53 67
2 54 62
2 55 28
2 56 51
2 57 75
2 58 21
2 59 70
2 60 42
2 61 30
2 62 54
2 63 33
2 64 62
2 65 45
2 66 17
2 67 81
2 68 61
2 69 50
2 70 10
2 71 43
2 72 68
2 73 33
2 74 37
2 75 49
2 76 59
2 77 49
2 78 30
2 79 65
2 80 66
2 81 54
2 82 60
2 83 37
2 84 19
2 85 70
2 86 77
2 87 58
2 88 43
2 89 47
2 90 64
2 91 65
2 92 62
2 93 51
2 94 97
2 95 90
2 96 33
2 97 54
2 98 8
2 99 71
3 4 63
3 5 13
3 6 32
3 7 45
3 8 71
3 9 77
3 10 33
3 11 34
3 12 35
3 13 67
3 14 28
3 15 25
3 16 84
3 17 6
3 18 45
3 19 17
3 20 64
3 21 84
3 22 23
3 23 37
3 24 54
3 25 58
3 26 41
3 27 18
3 28 41
3 29 23
3 30 77
3 31 65
3 32 19
3 33 5
3 34 89
3 35 62
3 36 11
3 37 45
3 38 56
3 39 72
3 40 73
3 41 29
3 42 26
3 43 43
3 44 89
3 45 20
3 46 1
3 47 50
3 48 26
3 49 15
3 50 34
3 51 37
3 52 58
3 53 75
3 54 41
3 55 68
3 56 27
3 57 25
3 58 77
3 59 58
3 60 41
3 61 43
3 62 27
3 63 42
3 64 35
3 65 66
3 66 81
3 67 77
3 68 28
3 69 54
3 70 67
3 71 38
3 72 26
3 73 56
3 74 54
3 75 58
3 76 15
3 77 21
3 78 94
3 79 14
3 80 30
3 81 73
3 82 42
3 83 52
3 84 54
3 85 7
3 86 21
3 87 11
3 88 40
3 89 40
3 90 8
3 91 21
3 92 38
3 93 63
3 94 33
3 95 27
3 96 55
3 97 64
3 98 59
3 99 20
4 5 70
4 6 83
4 7 81
4 8 90
4 9 81
4 10 95
4 11 61
4 12 87
4 13 110
4 14 36
4 15 41
4 16 74
4 17 58
4 18 72
4 19 47
4 20 113
4 21 77
4 22 62
4 23 42
4 24 43
4 25 90
4 26 61
4 27 60
4 28 93
4 29 42
4 30 98
4 31 88
4 32 45
4 33 58
4 34 85
4 35 94
4 36 71
4 37 76
4 38 105
4 39 94
4 40 92
4 41 52
4 42 60
4 43 21
4 44 78
4 45 46
4 46 65
4 47 54
4 48 72
4 49 75
4 50 30
4 51 26
4 52 48
4 53 120
4 54 95
4 55 90
4 56 37
4 57 88
4 58 88
4 59 112
4 60 83
4 61 40
4 62 80
4 63 76
4 64 91
4 65 101
4 66 78
4 67 128
4 68 85
4 69 17
4 70 60
4 71 81
4 72 41
4 73 33
4 74 29
4 75 99
4 76 74
4 77 45
4 78 88
4 79 51
4 80 36
4 81 111
4 82 21
4 83 87
4 84 75
4 85 64
4 86 55
4 87 69
4 88 82
4 89 27
4 90 71
4 91 44
4 92 26
4 93 104
4 94 86
4 95 74
4 96 87
4 97 106
4 98 59
4 99 83
5 6 42
5 7 57
5 8 84
5 9 90
5 10 25
5 11 47
5 12 44
5 13 76
5 14 37
5 15 35
5 16 97
5 17 18
5 18 57
5 19 24
5 20 71
5 21 97
5 22 15
5 23 49
5 24 66
5 25 70
5 26 55
5 27 13
5 28 28
5 29 32
5 30 89
5 31 78
5 32 27
5 33 17
5 34 102
5 35 74
5 36 3
5 37 58
5 38 64
5 39 85
5 40 85
5 41 42
5 42 39
5 43 52
5 44 102
5 45 24
5 46 13
5 47 63
5 48 14
5 49 24
5 50 40
5 51 45
5 52 71
5 53 84
5 54 48
5 55 80
5 56 37
5 57 25
5 58 90
5 59 64
5 60 52
5 61 55
5 62 36
5 63 54
5 64 42
5 65 77
5 66 94
5 67 83
5 68 35
5 69 64
5 70 80
5 71 49
5 72 30
5 73 68
5 74 65
5 75 68
5 76 24
5 77 32
5 78 107
5 79 19
5 80 34
5 81 83
5 82 49
5 83 63
5 84 67
5 85 7
5 86 18
5 87 22
5 88 51
5 89 49
5 90 16
5 91 26
5 92 44
5 93 73
5 94 20
5 95 14
5 96 67
5 97 73
5 98 72
5 99 22
6 7 19
6 8 47
6 9 59
6 10 46
6 11 25
6 12 4
6 13 34
6 14 48
6 15 43
6 16 72
6 17 33
6 18 25
6 19 43
6 20 33
6 21 71
6 22 55
6 23 43
6 24 54
6 25 30
6 26 31
6 27 51
6 28 64
6 29 44
6 30 51
6 31 40
6 32 43
6 33 34
6 34 72
6 35 33
6 36 38
6 37 23
6 38 25
6 39 47
6 40 48
6 41 31
6 42 23
6 43 61
6 44 76
6 45 50
6 46 32
6 47 44
6 48 56
6 49 18
6 50 58
6 51 59
6 52 55
6 53 43
6 54 13
6 55 42
6 56 47
6 57 26
6 58 56
6 59 29
6 60 12
6 61 47
6 62 5
6 63 19
6 64 11
6 65 35
6 66 65
6 67 47
6 68 11
6 69 68
6 70 58
6 71 9
6 72 55
6 73 62
6 74 62
6 75 26
6 76 18
6 77 38
6 78 78
6 79 44
6 80 57
6 81 41
6 82 64
6 83 23
6 84 34
6 85 38
6 86 53
6 87 21
6 88 10
6 89 55
6 90 25
6 91 50
6 92 62
6 93 31
6 94 57
6 95 56
6 96 28
6 97 32
6 98 50
6 99 24
7 8 28
7 9 41
7 10 64
7 11 20
7 12 20
7 13 30
7 14 51
7 15 46
7 16 55
7 17 44
7 18 11
7 19 51
7 20 34
7 21 53
7 22 68
7 23 39
7 24 45
7 25 13
7 26 21
7 27 63
7 28 81
7 29 48
7 30 33
7 31 22
7 32 49
7 33 45
7 34 54
7 35 17
7 36 54
7 37 7
7 38 27
7 39 28
7 40 29
7 41 30
7 42 24
7 43 61
7 44 59
7 45 59
7 46 45
7 47 32
7 48 71
7 49 34
7 50 62
7 51 61
7 52 43
7 53 39
7 54 27
7 55 24
7 56 50
7 57 45
7 58 37
7 59 36
7 60 7
7 61 41
7 62 23
7 63 5
7 64 28
7 65 22
7 66 48
7 67 49
7 68 29
7 69 65
7 70 43
7 71 9
7 72 62
7 73 54
7 74 56
7 75 19
7 76 33
7 77 43
7 78 59
7 79 53
7 80 63
7 81 31
7 82 65
7 83 7
7 84 17
7 85 52
7 86 65
7 87 35
7 88 9
7 89 54
7 90 41
7 91 57
7 92 65
7 93 23
7 94 74
7 95 71
7 96 10
7 97 25
7 98 36
7 99 43
8 9 19
8 10 92
8 11 40
8 12 48
8 13 38
8 14 69
8 15 66
8 16 36
8 17 69
8 18 27
8 19 73
8 20 49
8 21 34
8 22 93
8 23 52
8 24 48
8 25 19
8 26 34
8 27 88
8 28 109
8 29 68
8 30 8
8 31 7
8 32 71
8 33 70
8 34 31
8 35 17
8 36 81
8 37 26
8 38 44
8 39 4
8 40 2
8 41 49
8 42 46
8 43 74
8 44 39
8 45 81
8 46 71
8 47 36
8 48 97
8 49 63
8 50 79
8 51 77
8 52 43
8 53 45
8 54 53
8 55 5
8 56 68
8 57 73
8 58 11
8 59 55
8 60 35
8 61 51
8 62 52
8 63 30
8 64 56
8 65 24
8 66 27
8 67 61
8 68 58
8 69 73
8 70 35
8 71 38
8 72 84
8 73 58
8 74 62
8 75 32
8 76 61
8 77 63
8 78 35
8 79 77
8 80 82
8 81 32
8 82 80
8 83 25
8 84 18
8 85 78
8 86 89
8 87 62
8 88 37
8 89 68
8 90 68
8 91 79
8 92 81
8 93 31
8 94 102
8 95 98
8 96 19
8 97 34
8 98 33
8 99 71
9 10 103
9 11 44
9 12 61
9 13 57
9 14 68
9 15 65
9 16 17
9 17 74
9 18 35
9 19 75
9 20 68
9 21 14
9 22 97
9 23 49
9 24 39
9 25 36
9 26 36
9 27 92
9 28 117
9 29 68
9 30 25
9 31 24
9 32 72
9 33 75
9 34 13
9 35 36
9 36 88
9 37 36
9 38 62
9 39 23
9 40 21
9 41 50
9 42 51
9 43 68
9 44 19
9 45 82
9 46 78
9 47 31
9 48 103
9 49 72
9 50 77
9 51 73
9 52 33
9 53 64
9 54 68
9 55 24
9 56 67
9 57 85
9 58 9
9 59 73
9 60 48
9 61 46
9 62 63
9 63 41
9 64 70
9 65 43
9 66 8
9 67 80
9 68 70
9 69 65
9 70 22
9 71 50
9 72 83
9 73 48
9 74 52
9 75 50
9 76 70
9 77 64
9 78 18
9 79 80
9 80 81
9 81 51
9 82 75
9 83 40
9 84 25
9 85 84
9 86 92
9 87 70
9 88 50
9 89 63
9 90 76
9 91 80
9 92 78
9 93 50
9 94 110
9 95 104
9 96 35
9 97 53
9 98 24
9 99 81
10 11 62
10 12 46
10 13 73
10 14 61
10 15 58
10 16 113
10 17 39
10 18 68
10 19 49
10 20 65
10 21 113
10 22 38
10 23 70
10 24 86
10 25 75
10 26 70
10 27 37
10 28 22
10 29 56
10 30 96
10 31 86
10 32 51
10 33 39
10 34 116
10 35 79
10 36 24
10 37 67
10 38 61
10 39 92
10 40 93
10 41 60
10 42 54
10 43 76
10 44 118
10 45 49
10 46 32
10 47 80
10 48 30
10 49 32
10 50 65
10 51 70
10 52 89
10 53 79
10 54 44
10 55 88
10 56 60
10 57 19
10 58 101
10 59 57
10 60 57
10 61 76
10 62 41
10 63 63
10 64 39
10 65 79
10 66 108
10 67 73
10 68 35
10 69 88
10 70 97
10 71 55
10 72 55
10 73 90
10 74 87
10 75 68
10 76 33
10 77 54
10 78 121
10 79 44
10 80 59
10 81 82
10 82 74
10 83 69
10 84 78
10 85 31
10 86 42
10 87 35
10 88 56
10 89 73
10 90 29
10 91 51
10 92 69
10 93 73
10 94 20
10 95 28
10 96 73
10 97 72
10 98 88
10 99 22
11 12 29
11 13 50
11 14 31
11 15 27
11 16 52
11 17 30
11 18 13
11 19 34
11 20 53
11 21 51
11 22 54
11 23 19
11 24 29
11 25 31
11 26 8
11 27 49
11 28 74
11 29 29
11 30 46
11 31 34
11 32 31
11 33 31
11 34 55
11 35 36
11 36 45
11 37 16
11 38 45
11 39 41
11 40 41
11 41 10
11 42 8
11 43 41
11 44 56
11 45 42
11 46 34
11 47 19
11 48 59
11 49 30
11 50 42
11 51 41
11 52 30
11 53 59
11 54 38
11 55 37
11 56 30
11 57 45
11 58 44
11 59 52
11 60 22
11 61 22
11 62 26
11 63 15
11 64 37
11 65 42
11 66 47
11 67 68
11 68 33
11 69 45
11 70 35
11 71 21
11 72 44
11 73 36
11 74 37
11 75 39
11 76 28
11 77 24
11 78 60
11 79 38
11 80 44
11 81 51
11 82 45
11 83 27
11 84 22
11 85 40
11 86 50
11 87 27
11 88 22
11 89 34
11 90 33
11 91 40
11 92 45
11 93 43
11 94 66
11 95 60
11 96 28
11 97 45
11 98 27
11 99 40
12 13 32
12 14 52
12 15 47
12 16 74
12 17 37
12 18 28
12 19 47
12 20 29
12 21 73
12 22 57
12 23 47
12 24 58
12 25 30
12 26 35
12 27 53
12 28 64
12 29 48
12 30 51
12 31 41
12 32 47
12 33 37
12 34 74
12 35 33
12 36 41
12 37 25
12 38 21
12 39 47
12 40 48
12 41 35
12 42 27
12 43 65
12 44 78
12 45 53
12 46 35
12 47 47
12 48 58
12 49 21
12 50 62
12 51 63
12 52 58
12 53 40
12 54 9
12 55 43
12 56 51
12 57 26
12 58 57
12 59 25
12 60 13
12 61 51
12 62 8
12 63 21
12 64 9
12 65 34
12 66 67
12 67 43
12 68 11
12 69 72
12 70 61
12 71 11
12 72 59
12 73 66
12 74 66
12 75 24
12 76 20
12 77 42
12 78 79
12 79 47
12 80 60
12 81 39
12 82 68
12 83 23
12 84 36
12 85 41
12 86 57
12 87 25
12 88 11
12 89 59
12 90 28
12 91 53
12 92 66
12 93 29
12 94 58
12 95 58
12 96 28
12 97 29
12 98 53
12 99 25
13 14 79
13 15 74
13 16 74
13 17 67
13 18 39
13 19 77
13 20 12
13 21 72
13 22 89
13 23 69
13 24 73
13 25 23
13 26 50
13 27 85
13 28 94
13 29 76
13 30 36
13 31 34
13 32 76
13 33 68
13 34 69
13 35 22
13 36 72
13 37 35
13 38 12
13 39 35
13 40 38
13 41 59
13 42 52
13 43 90
13 44 77
13 45 84
13 46 66
13 47 60
13 48 90
13 49 52
13 50 90
13 51 90
13 52 71
13 53 10
13 54 29
13 55 34
13 56 78
13 57 55
13 58 49
13 59 20
13 60 28
13 61 71
13 62 40
13 63 34
13 64 35
13 65 15
13 66 65
13 67 22
13 68 41
13 69 94
13 70 68
13 71 30
13 72 89
13 73 83
13 74 85
13 75 11
13 76 52
13 77 70
13 78 74
13 79 78
13 80 90
13 81 10
13 82 94
13 83 23
13 84 40
13 85 73
13 86 88
13 87 56
13 88 29
13 89 84
13 90 60
13 91 83
13 92 93
13 93 8
13 94 89
13 95 89
13 96 26
13 97 5
13 98 62
13 99 56
14 15 5
14 16 69
14 17 23
14 18 45
14 19 13
14 20 80
14 21 70
14 22 35
14 23 18
14 24 33
14 25 63
14 26 35
14 27 31
14 28 64
14 29 6
14 30 76
14 31 65
14 32 10
14 33 23
14 34 76
14 35 67
14 36 37
14 37 47
14 38 72
14 39 71
14 40 71
14 41 21
14 42 28
14 43 15
14 44 74
14 45 17
14 46 29
14 47 37
14 48 44
14 49 39
14 50 11
14 51 11
14 52 39
14 53 89
14 54 61
14 55 67
14 56 1
14 57 52
14 58 71
14 59 77
14 60 51
14 61 23
14 62 45
14 63 46
14 64 56
14 65 73
14 66 68
14 67 95
14 68 50
14 69 26
14 70 50
14 71 49
14 72 16
14 73 32
14 74 28
14 75 69
14 76 38
14 77 10
14 78 81
14 79 19
14 80 14
14 81 82
14 82 16
14 83 58
14 84 51
14 85 31
14 86 28
14 87 33
14 88 50
14 89 12
14 90 35
14 91 15
14 92 14
14 93 74
14 94 56
14 95 46
14 96 59
14 97 75
14 98 45
14 99 47
15 16 67
15 17 19
15 18 40
15 19 11
15 20 75
15 21 68
15 22 34
15 23 17
15 24 33
15 25 58
15 26 32
15 27 30
15 28 62
15 29 4
15 30 73
15 31 61
15 32 8
15 33 19
15 34 75
15 35 63
15 36 35
15 37 43
15 38 67
15 39 68
15 40 67
15 41 17
15 42 23
15 43 20
15 44 72
15 45 18
15 46 26
15 47 34
15 48 43
15 49 34
15 50 15
15 51 16
15 52 38
15 53 84
15 54 56
15 55 63
15 56 4
15 57 48
15 58 68
15 59 72
15 60 46
15 61 22
15 62 40
15 63 42
15 64 51
15 65 69
15 66 66
15 67 90
15 68 45
15 69 30
15 70 49
15 71 44
15 72 18
15 73 33
15 74 30
15 75 64
15 76 33
15 77 5
15 78 79
15 79 17
15 80 17
15 81 77
15 82 21
15 83 54
15 84 48
15 85 28
15 86 28
15 87 28
15 88 45
15 89 15
15 90 31
15 91 15
15 92 19
15 93 69
15 94 54
15 95 45
15 96 55
15 97 70
15 98 43
15 99 43
16 17 80
16 18 46
16 19 78
16 20 84
16 21 3
16 22 101
16 23 51
16 24 36
16 25 52
16 26 44
16 27 97
16 28 125
16 29 71
16 30 42
16 31 40
16 32 75
16 33 81
16 34 12
16 35 52
16 36 95
16 37 49
16 38 78
16 39 40
16 40 38
16 41 56
16 42 59
16 43 66
16 44 5
16 45 85
16 46 85
16 47 34
16 48 108
16 49 82
16 50 76
16 51 72
16 52 30
16 53 81
16 54 82
16 55 40
16 56 68
16 57 96
16 58 26
16 59 88
16 60 62
16 61 46
16 62 74
16 63 53
16 64 83
16 65 60
16 66 9
16 67 97
16 68 82
16 69 59
16 70 18
16 71 63
16 72 85
16 73 42
16 74 47
16 75 66
16 76 80
16 77 68
16 78 14
16 79 84
16 80 82
16 81 68
16 82 73
16 83 55
16 84 38
16 85 90
16 86 96
16 87 79
16 88 63
16 89 61
16 90 85
16 91 83
16 92 76
16 93 67
16 94 117
16 95 110
16 96 50
16 97 70
16 98 25
16 99 92
17 18 42
17 19 12
17 20 66
17 21 80
17 22 24
17 23 32
17 24 48
17 25 57
17 26 38
17 27 19
17 28 46
17 29 17
17 30 75
17 31 63
17 32 13
17 33 1
17 34 85
17 35 61
17 36 16
17 37 43
17 38 58
17 39 70
17 40 70
17 41 24
17 42 23
17 43 38
17 44 85
17 45 17
17 46 7
17 47 46
17 48 29
17 49 18
17 50 29
17 51 32
17 52 53
17 53 77
17 54 43
17 55 66
17 56 22
17 57 30
17 58 74
17 59 61
17 60 41
17 61 38
17 62 28
17 63 40
17 64 38
17 65 65
17 66 77
17 67 79
17 68 31
17 69 49
17 70 62
17 71 38
17 72 23
17 73 51
17 74 48
17 75 58
17 76 18
17 77 15
17 78 90
17 79 11
17 80 26
17 81 73
17 82 37
17 83 51
17 84 52
17 85 10
17 86 21
17 87 12
17 88 39
17 89 34
17 90 13
17 91 17
17 92 33
17 93 64
17 94 38
17 95 30
17 96 54
17 97 64
17 98 54
17 99 24
18 19 47
18 20 45
18 21 45
18 22 66
18 23 31
18 24 34
18 25 19
18 26 11
18 27 61
18 28 83
18 29 43
18 30 33
18 31 21
18 32 45
18 33 43
18 34 47
18 35 23
18 36 55
18 37 4
18 38 37
18 39 28
18 40 28
18 41 23
18 42 20
18 43 53
18 44 51
18 45 55
18 46 45
18 47 22
18 48 71
18 49 37
18 50 55
18 51 54
18 52 33
18 53 49
18 54 36
18 55 24
18 56 43
18 57 50
18 58 33
18 59 46
18 60 16
18 61 32
18 62 28
18 63 7
18 64 36
18 65 30
18 66 40
18 67 60
18 68 36
18 69 55
18 70 34
18 71 17
18 72 58
18 73 44
18 74 46
18 75 28
18 76 36
18 77 37
18 78 53
18 79 50
18 80 57
18 81 39
18 82 58
18 83 16
18 84 10
18 85 51
18 86 62
18 87 36
18 88 17
18 89 46
18 90 42
18 91 53
18 92 58
18 93 32
18 94 76
18 95 71
18 96 15
18 97 34
18 98 26
18 99 47
19 20 76
19 21 79
19 22 23
19 23 28
19 24 44
19 25 63
19 26 40
19 27 19
19 28 51
19 29 8
19 30 80
19 31 68
19 32 3
19 33 11
19 34 85
19 35 68
19 36 25
19 37 49
19 38 68
19 39 75
19 40 75
19 41 25
19 42 27
19 43 28
19 44 83
19 45 8
19 46 18
19 47 45
19 48 31
19 49 30
19 50 17
19 51 21
19 52 49
19 53 86
19 54 54
19 55 70
19 56 12
19 57 42
19 58 77
19 59 71
19 60 49
19 61 33
19 62 39
19 63 46
19 64 49
19 65 73
19 66 76
19 67 90
19 68 42
19 69 39
19 70 60
19 71 46
19 72 12
19 73 44
19 74 41
19 75 67
19 76 29
19 77 11
19 78 90
19 79 6
19 80 14
19 81 81
19 82 26
19 83 58
19 84 55
19 85 18
19 86 17
19 87 24
19 88 48
19 89 25
19 90 24
19 91 7
19 92 22
19 93 72
19 94 43
19 95 33
19 96 60
19 97 73
19 98 53
19 99 36
20 21 82
20 22 86
20 23 72
20 24 79
20 25 32
20 26 56
20 27 82
20 28 87
20 29 76
20 30 48
20 31 44
20 32 76
20 33 66
20 34 80
20 35 32
20 36 68
20 37 41
20 38 8
20 39 46
20 40 48
20 41 62
20 42 53
20 43 93
20 44 87
20 45 83
20 46 63
20 47 67
20 48 85
20 49 49
20 50 90
20 51 91
20 52 78
20 53 14
20 54 23
20 55 44
20 56 79
20 57 48
20 58 60
20 59 9
20 60 31
20 61 75
20 62 37
20 63 39
20 64 29
20 65 26
20 66 75
20 67 15
20 68 37
20 69 98
20 70 76
20 71 32
20 72 88
20 73 88
20 74 90
20 75 18
20 76 49
20 77 71
20 78 85
20 79 76
20 80 90
20 81 22
20 82 96
20 83 30
20 84 48
20 85 69
20 86 85
20 87 53
20 88 31
20 89 86
20 90 56
20 91 82
20 92 94
20 93 18
20 94 82
20 95 84
20 96 34
20 97 15
20 98 70
20 99 50
21 22 102
21 23 52
21 24 38
21 25 50
21 26 43
21 27 97
21 28 125
21 29 72
21 30 39
21 31 38
21 32 76
21 33 81
21 34 9
21 35 50
21 36 95
21 37 48
21 38 76
21 39 37
21 40 35
21 41 56
21 42 59
21 43 67
21 44 5
21 45 86
21 46 85
21 47 34
21 48 109
21 49 81
21 50 78
21 51 73
21 52 31
21 53 78
21 54 80
21 55 38
21 56 69
21 57 95
21 58 23
21 59 86
21 60 60
21 61 47
21 62 74
21 63 52
21 64 81
21 65 57
21 66 6
21 67 94
21 68 81
21 69 61
21 70 19
21 71 62
21 72 86
21 73 44
21 74 49
21 75 64
21 76 79
21 77 68
21 78 11
21 79 84
21 80 83
21 81 65
21 82 75
21 83 53
21 84 37
21 85 90
21 86 96
21 87 78
21 88 62
21 89 63
21 90 84
21 91 84
21 92 78
21 93 64
21 94 117
21 95 110
21 96 48
21 97 67
21 98 26
21 99 91
22 23 51
22 24 67
22 25 81
22 26 61
22 27 5
22 28 31
22 29 31
22 30 99
22 31 87
22 32 26
22 33 23
22 34 107
22 35 85
22 36 18
22 37 67
22 38 78
22 39 94
22 40 95
22 41 47
22 42 47
22 43 47
22 44 106
22 45 18
22 46 23
22 47 67
22 48 10
22 49 37
22 50 33
22 51 39
22 52 73
22 53 98
22 54 62
22 55 90
22 56 35
22 57 41
22 58 98
22 59 79
22 60 64
22 61 56
22 62 49
22 63 64
22 64 56
22 65 89
22 66 99
22 67 98
22 68 49
22 69 59
22 70 83
22 71 61
22 72 21
22 73 67
22 74 63
22 75 81
22 76 37
22 77 33
22 78 112
22 79 18
22 80 26
22 81 95
22 82 42
22 83 75
22 84 76
22 85 17
22 86 7
22 87 33
22 88 62
22 89 46
22 90 30
22 91 20
22 92 37
22 93 86
22 94 24
22 95 13
22 96 78
22 97 87
22 98 76
22 99 37
23 24 17
23 25 49
23 26 20
23 27 46
23 28 77
23 29 20
23 30 60
23 31 49
23 32 24
23 33 32
23 34 58
23 35 53
23 36 48
23 37 34
23 38 64
23 39 55
23 40 54
23 41 12
23 42 20
23 43 22
23 44 56
23 45 34
23 46 38
23 47 18
23 48 59
23 49 41
23 50 28
23 51 25
23 52 22
23 53 78
23 54 56
23 55 51
23 56 18
23 57 56
23 58 53
23 59 71
23 60 42
23 61 6
23 62 42
23 63 34
23 64 53
23 65 60
23 66 50
23 67 87
23 68 48
23 69 26
23 70 33
23 71 40
23 72 34
23 73 20
23 74 19
23 75 58
23 76 40
23 77 18
23 78 63
23 79 33
23 80 32
23 81 70
23 82 28
23 83 46
23 84 35
23 85 42
23 86 45
23 87 36
23 88 41
23 89 16
23 90 41
23 91 32
23 92 29
23 93 62
23 94 69
23 95 60
23 96 45
23 97 64
23 98 26
23 99 51
24 25 51
24 26 24
24 27 63
24 28 94
24 29 36
24 30 56
24 31 46
24 32 41
24 33 49
24 34 45
24 35 54
24 36 65
24 37 38
24 38 71
24 39 51
24 40 50
24 41 26
24 42 34
24 43 30
24 44 41
24 45 50
24 46 54
24 47 13
24 48 75
24 49 56
24 50 40
24 51 36
24 52 6
24 53 83
24 54 67
24 55 48
24 56 33
24 57 72
24 58 45
24 59 80
24 60 49
24 61 11
24 62 54
24 63 40
24 64 65
24 65 62
24 66 37
24 67 94
24 68 62
24 69 26
24 70 18
24 71 49
24 72 49
24 73 10
24 74 14
24 75 63
24 76 55
24 77 34
24 78 49
24 79 50
24 80 46
24 81 72
24 82 37
24 83 50
24 84 34
24 85 59
24 86 61
24 87 52
24 88 50
24 89 25
24 90 57
24 91 48
24 92 40
24 93 66
24 94 86
24 95 77
24 96 48
24 97 68
24 98 16
24 99 66
25 26 30
25 27 76
25 28 93
25 29 61
25 30 21
25 31 12
25 32 62
25 33 58
25 34 48
25 35 4
25 36 67
25 37 15
25 38 26
25 39 17
25 40 19
25 41 42
25 42 36
25 43 71
25 44 55
25 45 71
25 46 58
25 47 38
25 48 84
25 49 47
25 50 73
25 51 72
25 52 48
25 53 32
25 54 34
25 55 14
25 56 61
25 57 56
25 58 29
25 59 37
25 60 18
25 61 50
25 62 35
25 63 17
25 64 37
25 65 11
25 66 43
25 67 46
25 68 40
25 69 74
25 70 45
25 71 21
25 72 75
25 73 61
25 74 63
25 75 14
25 76 46
25 77 55
25 78 54
25 79 66
25 80 75
25 81 21
25 82 76
25 83 7
25 84 17
25 85 65
25 86 78
25 87 48
25 88 20
25 89 65
25 90 53
25 91 70
25 92 76
25 93 16
25 94 86
25 95 84
25 96 4
25 97 19
25 98 39
25 99 54
26 27 56
26 28 82
26 29 34
26 30 41
26 31 30
26 32 37
26 33 39
26 34 47
26 35 33
26 36 52
26 37 15
26 38 47
26 39 36
26 40 36
26 41 15
26 42 16
26 43 42
26 44 48
26 45 48
26 46 42
26 47 12
26 48 67
26 49 38
26 50 46
26 51 43
26 52 24
26 53 60
26 54 44
26 55 32
26 56 34
26 57 53
26 58 37
26 59 56
26 60 25
26 61 20
26 62 33
26 63 17
26 64 43
26 65 41
26 66 39
26 67 70
26 68 40
26 69 44
26 70 28
26 71 25
26 72 50
26 73 33
26 74 35
26 75 40
26 76 36
26 77 29
26 78 53
26 79 44
26 80 48
26 81 50
26 82 47
26 83 27
26 84 16
26 85 48
26 86 56
26 87 35
26 88 26
26 89 35
26 90 41
26 91 46
26 92 48
26 93 44
26 94 74
26 95 68
26 96 26
26 97 46
26 98 19
26 99 48
27 28 34
27 29 27
27 30 94
27 31 82
27 32 22
27 33 18
27 34 103
27 35 80
27 36 16
27 37 63
27 38 75
27 39 90
27 40 90
27 41 42
27 42 42
27 43 43
27 44 101
27 45 14
27 46 19
27 47 63
27 48 13
27 49 33
27 50 30
27 51 36
27 52 68
27 53 94
27 54 59
27 55 85
27 56 31
27 57 38
27 58 93
27 59 76
27 60 59
27 61 52
27 62 45
27 63 59
27 64 53
27 65 84
27 66 94
27 67 94
27 68 45
27 69 56
27 70 78
27 71 57
27 72 19
27 73 63
27 74 59
27 75 76
27 76 33
27 77 29
27 78 108
27 79 13
27 80 24
27 81 91
27 82 39
27 83 70
27 84 71
27 85 13
27 86 5
27 87 29
27 88 58
27 89 42
27 90 26
27 91 17
27 92 34
27 93 82
27 94 26
27 95 15
27 96 73
27 97 82
27 98 71
27 99 34
28 29 59
28 30 114
28 31 102
28 32 54
28 33 45
28 34 129
28 35 97
28 36 30
28 37 83
28 38 82
28 39 109
28 40 110
28 41 70
28 42 66
28 43 77
28 44 130
28 45 48
28 46 40
28 47 91
28 48 21
28 49 47
28 50 64
28 51 69
28 52 98
28 53 101
28 54 65
28 55 105
28 56 63
28 57 39
28 58 116
28 59 78
28 60 75
28 61 83
28 62 58
28 63 79
28 64 59
28 65 98
28 66 121
28 67 95
28 68 54
28 69 89
28 70 107
28 71 72
28 72 52
28 73 95
28 74 92
28 75 88
28 76 48
28 77 60
28 78 134
28 79 45
28 80 57
28 81 102
28 82 73
28 83 86
28 84 93
28 85 35
28 86 38
28 87 47
28 88 74
28 89 76
28 90 41
28 91 50
28 92 68
28 93 93
28 94 8
28 95 18
28 96 91
28 97 93
28 98 100
28 99 39
29 30 75
29 31 63
29 32 5
29 33 17
29 34 78
29 35 65
29 36 32
29 37 45
29 38 68
29 39 70
29 40 70
29 41 20
29 42 24
29 43 21
29 44 76
29 45 14
29 46 24
29 47 38
29 48 39
29 49 33
29 50 14
29 51 16
29 52 42
29 53 85
29 54 56
29 55 66
29 56 5
29 57 47
29 58 71
29 59 73
29 60 48
29 61 26
29 62 40
29 63 44
29 64 51
29 65 70
29 66 70
29 67 91
29 68 44
29 69 32
29 70 53
29 71 45
29 72 15
29 73 36
29 74 33
29 75 65
29 76 32
29 77 6
29 78 83
29 79 14
29 80 14
29 81 79
29 82 21
29 83 56
29 84 51
29 85 25
29 86 25
29 87 27
29 88 47
29 89 17
29 90 29
29 91 12
29 92 18
29 93 71
29 94 51
29 95 41
29 96 57
29 97 72
29 98 46
29 99 41
30 31 12
30 32 78
30 33 76
30 34 34
30 35 18
30 36 86
30 37 32
30 38 44
30 39 5
30 40 6
30 41 56
30 42 53
30 43 82
30 44 43
30 45 88
30 46 77
30 47 44
30 48 103
30 49 67
30 50 87
30 51 84
30 52 51
30 53 41
30 54 55
30 55 9
30 56 75
30 57 77
30 58 15
30 59 54
30 60 39
30 61 59
30 62 56
30 63 35
30 64 58
30 65 22
30 66 33
30 67 58
30 68 61
30 69 81
30 70 43
30 71 42
30 72 91
30 73 66
30 74 69
30 75 32
30 76 66
30 77 70
30 78 38
30 79 84
30 80 90
30 81 28
30 82 88
30 83 28
30 84 25
30 85 84
30 86 96
30 87 68
30 88 40
30 89 75
30 90 73
30 91 86
30 92 89
30 93 30
30 94 107
30 95 103
30 96 23
30 97 32
30 98 40
30 99 75
31 32 66
31 33 64
31 34 36
31 35 12
31 36 75
31 37 20
31 38 39
31 39 7
31 40 8
31 41 44
31 42 41
31 43 71
31 44 43
31 45 76
31 46 65
31 47 34
31 48 91
31 49 56
31 50 75
31 51 73
31 52 42
31 53 41
31 54 46
31 55 3
31 56 63
31 57 67
31 58 17
31 59 49
31 60 28
31 61 48
31 62 45
31 63 24
31 64 49
31 65 19
31 66 32
31 67 56
31 68 51
31 69 71
31 70 36
31 71 31
31 72 78
31 73 56
31 74 60
31 75 26
31 76 55
31 77 58
31 78 41
31 79 71
31 80 78
31 81 28
31 82 76
31 83 18
31 84 13
31 85 72
31 86 83
31 87 56
31 88 30
31 89 64
31 90 62
31 91 74
31 92 77
31 93 26
31 94 95
31 95 92
31 96 13
31 97 29
31 98 32
31 99 64
32 33 13
32 34 82
32 35 66
32 36 27
32 37 47
32 38 67
32 39 73
32 40 73
32 41 22
32 42 26
32 43 25
32 44 80
32 45 10
32 46 20
32 47 42
32 48 35
32 49 31
32 50 16
32 51 19
32 52 46
32 53 85
32 54 54
32 55 68
32 56 9
32 57 43
32 58 74
32 59 72
32 60 48
32 61 30
32 62 39
32 63 45
32 64 49
32 65 71
32 66 74
32 67 90
32 68 43
32 69 36
32 70 57
32 71 46
32 72 13
32 73 41
32 74 38
32 75 66
32 76 30
32 77 8
32 78 87
32 79 9
32 80 14
32 81 80
32 82 24
32 83 57
32 84 53
32 85 20
32 86 20
32 87 25
32 88 47
32 89 22
32 90 26
32 91 9
32 92 20
32 93 71
32 94 46
32 95 37
32 96 58
32 97 72
32 98 50
32 99 38
33 34 86
33 35 62
33 36 16
33 37 44
33 38 59
33 39 71
33 40 72
33 41 25
33 42 24
33 43 38
33 44 85
33 45 16
33 46 6
33 47 47
33 48 28
33 49 19
33 50 29
33 51 32
33 52 54
33 53 77
33 54 44
33 55 67
33 56 22
33 57 30
33 58 75
33 59 61
33 60 42
33 61 38
33 62 29
33 63 41
33 64 38
33 65 66
33 66 78
33 67 80
33 68 31
33 69 49
33 70 63
33 71 39
33 72 22
33 73 51
33 74 49
33 75 59
33 76 18
33 77 16
33 78 91
33 79 10
33 80 25
33 81 74
33 82 37
33 83 52
33 84 53
33 85 10
33 86 20
33 87 13
33 88 40
33 89 34
33 90 13
33 91 17
33 92 33
33 93 64
33 94 37
33 95 29
33 96 55
33 97 65
33 98 55
33 99 25
34 35 48
34 36 100
34 37 49
34 38 75
34 39 34
34 40 32
34 41 61
34 42 63
34 43 75
34 44 10
34 45 92
34 46 89
34 47 40
34 48 114
34 49 84
34 50 85
34 51 81
34 52 39
34 53 75
34 54 81
34 55 35
34 56 76
34 57 97
34 58 20
34 59 85
34 60 61
34 61 54
34 62 76
34 63 54
34 64 83
34 65 54
34 66 8
34 67 91
34 68 83
34 69 69
34 70 27
34 71 63
34 72 93
34 73 52
34 74 57
34 75 62
34 76 83
34 77 74
34 78 5
34 79 90
34 80 90
34 81 62
34 82 82
34 83 53
34 84 38
34 85 95
34 86 102
34 87 82
34 88 63
34 89 70
34 90 88
34 91 90
34 92 85
34 93 62
34 94 121
34 95 115
34 96 48
34 97 65
34 98 32
34 99 94
35 36 71
35 37 20
35 38 27
35 39 15
35 40 17
35 41 46
35 42 41
35 43 75
35 44 55
35 45 76
35 46 62
35 47 41
35 48 88
35 49 51
35 50 78
35 51 76
35 52 51
35 53 30
35 54 37
35 55 12
35 56 66
35 57 60
35 58 28
35 59 38
35 60 22
35 61 53
35 62 39
35 63 21
35 64 40
35 65 8
35 66 44
35 67 44
35 68 44
35 69 77
35 70 47
35 71 25
35 72 79
35 73 64
35 74 67
35 75 15
35 76 50
35 77 59
35 78 53
35 79 71
35 80 79
35 81 18
35 82 80
35 83 11
35 84 20
35 85 69
35 86 82
35 87 52
35 88 24
35 89 69
35 90 57
35 91 74
35 92 80
35 93 15
35 94 90
35 95 88
35 96 8
35 97 17
35 98 41
35 99 58
36 37 55
36 38 61
36 39 82
36 40 82
36 41 40
36 42 37
36 43 52
36 44 100
36 45 25
36 46 11
36 47 61
36 48 17
36 49 20
36 50 41
36 51 45
36 52 69
36 53 80
36 54 44
36 55 77
36 56 37
36 57 22
36 58 87
36 59 61
36 60 49
36 61 54
36 62 33
36 63 51
36 64 38
36 65 73
36 66 92
36 67 80
36 68 31
36 69 64
36 70 78
36 71 46
36 72 31
36 73 67
36 74 64
36 75 64
36 76 21
36 77 31
36 78 105
36 79 20
36 80 36
36 81 79
36 82 50
36 83 60
36 84 65
36 85 7
36 86 21
36 87 19
36 88 47
36 89 49
36 90 13
36 91 27
36 92 45
36 93 70
36 94 22
36 95 17
36 96 64
36 97 70
36 98 70
36 99 18
37 38 33
37 39 27
37 40 27
37 41 26
37 42 21
37 43 56
37 44 53
37 45 57
37 46 45
37 47 26
37 48 71
37 49 37
37 50 58
37 51 57
37 52 37
37 53 45
37 54 33
37 55 22
37 56 46
37 57 49
37 58 33
37 59 42
37 60 13
37 61 36
37 62 27
37 63 4
37 64 34
37 65 26
37 66 42
37 67 55
37 68 34
37 69 59
37 70 37
37 71 14
37 72 60
37 73 48
37 74 50
37 75 24
37 76 35
37 77 40
37 78 55
37 79 52
37 80 60
37 81 35
37 82 61
37 83 12
37 84 11
37 85 52
37 86 64
37 87 36
37 88 14
37 89 50
37 90 42
37 91 55
37 92 61
37 93 28
37 94 76
37 95 72
37 96 12
37 97 30
37 98 29
37 99 46
38 39 42
38 40 44
38 41 53
38 42 45
38 43 84
38 44 81
38 45 75
38 46 56
38 47 59
38 48 78
38 49 41
38 50 82
38 51 83
38 52 70
38 53 19
38 54 17
38 55 39
38 56 71
38 57 43
38 58 55
38 59 11
38 60 22
38 61 67
38 62 29
38 63 31
38 64 23
38 65 22
38 66 70
38 67 23
38 68 30
38 69 90
38 70 69
38 71 24
38 72 80
38 73 80
38 74 82
38 75 12
38 76 41
38 77 63
38 78 80
38 79 69
38 80 81
38 81 22
38 82 87
38 83 23
38 84 41
38 85 62
38 86 78
38 87 46
38 88 23
38 89 78
38 90 49
38 91 74
38 92 86
38 93 15
38 94 77
38 95 77
38 96 28
38 97 13
38 98 62
38 99 44
39 40 2
39 41 51
39 42 48
39 43 77
39 44 42
39 45 83
39 46 72
39 47 39
39 48 98
39 49 63
39 50 82
39 51 80
39 52 47
39 53 41
39 54 52
39 55 5
39 56 70
39 57 73
39 58 14
39 59 52
39 60 35
39 61 54
39 62 51
39 63 31
39 64 55
39 65 21
39 66 31
39 67 57
39 68 57
39 69 77
39 70 39
39 71 37
39 72 86
39 73 61
39 74 65
39 75 30
39 76 61
39 77 65
39 78 39
39 79 79
39 80 85
39 81 28
39 82 83
39 83 24
39 84 20
39 85 79
39 86 91
39 87 63
39 88 36
39 89 71
39 90 69
39 91 81
39 92 84
39 93 28
39 94 102
39 95 99
39 96 19
39 97 31
39 98 36
39 99 71
40 41 51
40 42 48
40 43 76
40 44 40
40 45 83
40 46 73
40 47 38
40 48 99
40 49 64
40 50 81
40 51 79
40 52 45
40 53 44
40 54 53
40 55 5
40 56 70
40 57 74
40 58 12
40 59 55
40 60 36
40 61 53
40 62 52
40 63 31
40 64 56
40 65 23
40 66 29
40 67 60
40 68 58
40 69 75
40 70 37
40 71 38
40 72 85
40 73 60
40 74 64
40 75 32
40 76 62
40 77 65
40 78 36
40 79 79
40 80 84
40 81 30
40 82 82
40 83 25
40 84 20
40 85 79
40 86 91
40 87 64
40 88 37
40 89 70
40 90 69
40 91 81
40 92 83
40 93 31
40 94 103
40 95 99
40 96 20
40 97 33
40 98 35
40 99 72
41 42 9
41 43 31
41 44 60
41 45 33
41 46 29
41 47 22
41 48 53
41 49 30
41 50 32
41 51 31
41 52 30
41 53 69
41 54 45
41 55 46
41 56 20
41 57 45
41 58 52
41 59 60
41 60 31
41 61 17
41 62 30
41 63 25
41 64 42
41 65 52
41 66 53
41 67 76
41 68 37
41 69 37
41 70 38
41 71 30
41 72 35
41 73 32
41 74 31
41 75 48
41 76 28
41 77 14
41 78 66
41 79 29
41 80 34
41 81 61
41 82 35
41 83 37
41 84 31
41 85 35
41 86 42
41 87 25
41 88 31
41 89 25
41 90 31
41 91 31
41 92 35
41 93 53
41 94 62
41 95 54
41 96 38
41 97 55
41 98 30
41 99 40
42 43 39
42 44 64
42 45 35
42 46 26
42 47 26
42 48 52
42 49 23
42 50 38
42 51 38
42 52 36
42 53 61
42 54 36
42 55 43
42 56 26
42 57 38
42 58 51
42 59 51
42 60 23
42 61 25
42 62 21
42 63 19
42 64 33
42 65 46
42 66 55
42 67 68
42 68 28
42 69 46
42 70 42
42 71 22
42 72 39
42 73 40
42 74 40
42 75 41
42 76 22
42 77 19
42 78 68
42 79 31
42 80 39
42 81 55
42 82 43
42 83 31
42 84 29
42 85 32
42 86 43
42 87 20
42 88 23
42 89 33
42 90 25
42 91 34
42 92 41
42 93 46
42 94 58
42 95 53
42 96 33
42 97 48
42 98 34
42 99 34
43 44 70
43 45 30
43 46 45
43 47 38
43 48 57
43 49 54
43 50 14
43 51 8
43 52 36
43 53 100
43 54 74
43 55 73
43 56 16
43 57 68
43 58 73
43 59 90
43 60 62
43 61 23
43 62 59
43 63 56
43 64 70
43 65 82
43 66 67
43 67 107
43 68 64
43 69 12
43 70 48
43 71 61
43 72 26
43 73 24
43 74 19
43 75 79
43 76 53
43 77 24
43 78 79
43 79 33
43 80 21
43 81 92
43 82 7
43 83 68
43 84 57
43 85 45
43 86 40
43 87 48
43 88 62
43 89 6
43 90 50
43 91 27
43 92 12
43 93 84
43 94 69
43 95 59
43 96 67
43 97 86
43 98 45
43 99 62
44 45 90
44 46 89
44 47 39
44 48 113
44 49 86
44 50 81
44 51 76
44 52 35
44 53 83
44 54 86
44 55 43
44 56 73
44 57 100
44 58 28
44 59 92
44 60 66
44 61 51
44 62 79
44 63 57
44 64 87
44 65 62
44 66 11
44 67 99
44 68 86
44 69 63
44 70 23
44 71 67
44 72 90
44 73 47
44 74 52
44 75 69
44 76 84
44 77 73
44 78 10
44 79 89
44 80 87
44 81 70
44 82 77
44 83 59
44 84 42
44 85 95
44 86 100
44 87 83
44 88 67
44 89 66
44 90 89
44 91 88
44 92 81
44 93 69
44 94 122
44 95 115
44 96 54
44 97 72
44 98 30
44 99 96
45 46 21
45 47 52
45 48 27
45 49 35
45 50 17
45 51 22
45 52 56
45 53 93
45 54 60
45 55 78
45 56 17
45 57 45
45 58 84
45 59 78
45 60 56
45 61 40
45 62 45
45 63 54
45 64 55
45 65 81
45 66 84
45 67 96
45 68 48
45 69 42
45 70 67
45 71 54
45 72 6
45 73 49
45 74 46
45 75 74
45 76 35
45 77 18
45 78 97
45 79 6
45 80 11
45 81 88
45 82 26
45 83 66
45 84 63
45 85 18
45 86 11
45 87 29
45 88 55
45 89 28
45 90 29
45 91 3
45 92 21
45 93 79
45 94 40
45 95 29
45 96 68
45 97 80
45 98 60
45 99 40
46 47 51
46 48 26
46 49 14
46 50 35
46 51 39
46 52 59
46 53 75
46 54 40
46 55 68
46 56 28
46 57 24
46 58 77
46 59 57
46 60 41
46 61 44
46 62 26
46 63 42
46 64 34
46 65 65
46 66 81
46 67 76
46 68 27
46 69 56
46 70 67
46 71 38
46 72 27
46 73 57
46 74 55
46 75 57
46 76 15
46 77 22
46 78 94
46 79 15
46 80 31
46 81 72
46 82 44
46 83 52
46 84 55
46 85 7
46 86 22
46 87 10
46 88 39
46 89 41
46 90 7
46 91 22
46 92 39
46 93 63
46 94 32
46 95 27
46 96 55
46 97 63
46 98 59
46 99 19
47 48 75
47 49 49
47 50 46
47 51 42
47 52 11
47 53 69
47 54 56
47 55 36
47 56 36
47 57 64
47 58 35
47 59 68
47 60 37
47 61 15
47 62 45
47 63 28
47 64 55
47 65 49
47 66 32
47 67 81
47 68 52
47 69 37
47 70 16
47 71 38
47 72 53
47 73 23
47 74 26
47 75 50
47 76 48
47 77 34
47 78 45
47 79 50
47 80 50
47 81 59
47 82 45
47 83 37
47 84 21
47 85 56
47 86 62
47 87 46
47 88 38
47 89 33
47 90 51
47 91 50
47 92 47
47 93 53
47 94 83
47 95 76
47 96 34
47 97 55
47 98 9
47 99 60
48 49 38
48 50 43
48 51 49
48 52 81
48 53 98
48 54 61
48 55 94
48 56 44
48 57 37
48 58 103
48 59 77
48 60 66
48 61 65
48 62 50
48 63 68
48 64 55
48 65 91
48 66 106
48 67 96
48 68 49
48 69 69
48 70 90
48 71 63
48 72 31
48 73 76
48 74 72
48 75 82
48 76 38
48 77 41
48 78 119
48 79 26
48 80 36
48 81 97
48 82 52
48 83 77
48 84 80
48 85 19
48 86 17
48 87 36
48 88 65
48 89 55
48 90 31
48 91 30
48 92 47
48 93 87
48 94 14
48 95 3
48 96 81
48 97 87
48 98 83
48 99 35
49 50 47
49 51 49
49 52 59
49 53 61
49 54 26
49 55 58
49 56 38
49 57 15
49 58 70
49 59 43
49 60 29
49 61 47
49 62 13
49 63 32
49 64 20
49 65 53
49 66 77
49 67 62
49 68 13
49 69 63
49 70 65
49 71 26
49 72 41
49 73 61
49 74 60
49 75 44
49 76 2
49 77 29
49 78 90
49 79 29
49 80 44
49 81 59
49 82 54
49 83 40
49 84 47
49 85 20
49 86 36
49 87 6
49 88 27
49 89 49
49 90 7
49 91 36
49 92 51
49 93 50
49 94 40
49 95 37
49 96 45
49 97 50
49 98 57
49 99 10
50 51 6
50 52 47
50 53 99
50 54 70
50 55 78
50 56 12
50 57 59
50 58 81
50 59 87
50 60 61
50 61 31
50 62 54
50 63 57
50 64 65
50 65 84
50 66 77
50 67 105
50 68 58
50 69 26
50 70 58
50 71 59
50 72 12
50 73 37
50 74 32
50 75 79
50 76 46
50 77 20
50 78 89
50 79 21
50 80 7
50 81 93
50 82 9
50 83 69
50 84 62
50 85 34
50 86 26
50 87 41
50 88 61
50 89 15
50 90 42
50 91 14
50 92 4
50 93 84
50 94 56
50 95 46
50 96 70
50 97 86
50 98 53
50 99 53
51 52 42
51 53 99
51 54 71
51 55 75
51 56 12
51 57 62
51 58 77
51 59 88
51 60 61
51 61 27
51 62 56
51 63 56
51 64 67
51 65 83
51 66 73
51 67 106
51 68 60
51 69 20
51 70 54
51 71 59
51 72 17
51 73 31
51 74 27
51 75 79
51 76 48
51 77 21
51 78 85
51 79 26
51 80 13
51 81 92
51 82 5
51 83 68
51 84 60
51 85 38
51 86 32
51 87 43
51 88 61
51 89 10
51 90 45
51 91 19
51 92 5
51 93 84
51 94 62
51 95 51
51 96 68
51 97 85
51 98 49
51 99 57
52 53 80
52 54 67
52 55 44
52 56 39
52 57 74
52 58 39
52 59 79
52 60 49
52 61 16
52 62 56
52 63 40
52 64 66
52 65 59
52 66 31
52 67 92
52 68 63
52 69 32
52 70 12
52 71 49
52 72 55
52 73 15
52 74 19
52 75 61
52 76 57
52 77 39
52 78 43
52 79 55
52 80 52
52 81 69
52 82 43
52 83 48
52 84 31
52 85 63
52 86 67
52 87 55
52 88 49
52 89 32
52 90 60
52 91 53
52 92 47
52 93 64
52 94 90
52 95 82
52 96 45
52 97 66
52 98 10
52 99 69
53 54 36
53 55 41
53 56 88
53 57 62
53 58 55
53 59 23
53 60 38
53 61 80
53 62 48
53 63 44
53 64 42
53 65 22
53 66 72
53 67 17
53 68 49
53 69 104
53 70 76
53 71 40
53 72 98
53 73 92
53 74 94
53 75 21
53 76 60
53 77 80
53 78 79
53 79 87
53 80 99
53 81 13
53 82 104
53 83 33
53 84 49
53 85 81
53 86 97
53 87 65
53 88 39
53 89 93
53 90 68
53 91 93
53 92 103
53 93 17
53 94 96
53 95 97
53 96 35
53 97 14
53 98 71
53 99 63
54 55 48
54 56 59
54 57 26
54 58 63
54 59 17
54 60 20
54 61 60
54 62 16
54 63 29
54 64 6
54 65 35
54 66 75
54 67 36
54 68 13
54 69 82
54 70 70
54 71 19
54 72 66
54 73 75
54 74 75
54 75 25
54 76 26
54 77 51
54 78 86
54 79 54
54 80 68
54 81 38
54 82 76
54 83 28
54 84 44
54 85 46
54 86 62
54 87 31
54 88 19
54 89 68
54 90 33
54 91 60
54 92 74
54 93 29
54 94 60
54 95 60
54 96 34
54 97 28
54 98 62
54 99 27
55 56 66
55 57 69
55 58 16
55 59 50
55 60 30
55 61 50
55 62 47
55 63 26
55 64 51
55 65 19
55 66 32
55 67 56
55 68 53
55 69 73
55 70 37
55 71 33
55 72 81
55 73 58
55 74 62
55 75 27
55 76 57
55 77 61
55 78 40
55 79 74
55 80 80
55 81 28
55 82 79
55 83 20
55 84 16
55 85 74
55 86 86
55 87 58
55 88 32
55 89 67
55 90 64
55 91 77
55 92 80
55 93 27
55 94 98
55 95 94
55 96 15
55 97 29
55 98 34
55 99 66
56 57 51
56 58 70
56 59 76
56 60 50
56 61 22
56 62 44
56 63 45
56 64 55
56 65 72
56 66 68
56 67 94
56 68 48
56 69 27
56 70 50
56 71 48
56 72 17
56 73 32
56 74 29
56 75 67
56 76 37
56 77 8
56 78 80
56 79 18
56 80 14
56 81 81
56 82 17
56 83 57
56 84 50
56 85 30
56 86 28
56 87 31
56 88 49
56 89 13
56 90 34
56 91 15
56 92 15
56 93 72
56 94 55
56 95 46
56 96 58
56 97 74
56 98 44
56 99 46
57 58 82
57 59 41
57 60 38
57 61 62
57 62 22
57 63 44
57 64 20
57 65 60
57 66 90
57 67 59
57 68 16
57 69 78
57 70 80
57 71 36
57 72 51
57 73 77
57 74 75
57 75 50
57 76 17
57 77 44
57 78 103
57 79 39
57 80 55
57 81 64
57 82 67
57 83 49
57 84 60
57 85 27
57 86 43
57 87 21
57 88 37
57 89 63
57 90 17
57 91 46
57 92 63
57 93 55
57 94 34
57 95 36
57 96 54
57 97 54
57 98 72
57 99 6
58 59 66
58 60 44
58 61 50
58 62 60
58 63 38
58 64 65
58 65 35
58 66 17
58 67 71
58 68 66
58 69 71
58 70 29
58 71 46
58 72 86
58 73 55
58 74 59
58 75 43
58 76 68
58 77 66
58 78 24
58 79 81
58 80 84
58 81 42
58 82 80
58 83 35
58 84 23
58 85 84
58 86 93
58 87 69
58 88 46
58 89 68
58 90 75
58 91 83
58 92 82
58 93 42
58 94 109
58 95 104
58 96 29
58 97 45
58 98 29
58 99 79
59 60 31
59 61 75
59 62 33
59 63 40
59 64 23
59 65 32
59 66 80
59 67 19
59 68 30
59 69 97
59 70 79
59 71 31
59 72 83
59 73 88
59 74 89
59 75 23
59 76 43
59 77 68
59 78 90
59 79 71
59 80 85
59 81 30
59 82 93
59 83 33
59 84 51
59 85 63
59 86 79
59 87 48
59 88 30
59 89 84
59 90 50
59 91 78
59 92 91
59 93 25
59 94 74
59 95 76
59 96 38
59 97 22
59 98 72
59 99 43
60 61 44
60 62 17
60 63 9
60 64 21
60 65 25
60 66 55
60 67 46
60 68 23
60 69 67
60 70 50
60 71 3
60 72 61
60 73 58
60 74 59
60 75 18
60 76 28
60 77 42
60 78 67
60 79 51
60 80 62
60 81 32
60 82 66
60 83 11
60 84 24
60 85 48
60 86 62
60 87 31
60 88 2
60 89 56
60 90 36
60 91 56
60 92 65
60 93 23
60 94 68
60 95 66
60 96 16
60 97 24
60 98 42
60 99 36
61 62 47
61 63 36
61 64 58
61 65 61
61 66 46
61 67 90
61 68 53
61 69 24
61 70 28
61 71 44
61 72 39
61 73 15
61 74 15
61 75 60
61 76 45
61 77 23
61 78 58
61 79 39
61 80 36
61 81 71
61 82 30
61 83 47
61 84 35
61 85 48
61 86 50
61 87 42
61 88 44
61 89 17
61 90 47
61 91 37
61 92 32
61 93 64
61 94 75
61 95 66
61 96 46
61 97 66
61 98 22
61 99 57
62 63 22
62 64 12
62 65 40
62 66 68
62 67 51
62 68 7
62 69 67
62 70 60
62 71 14
62 72 51
62 73 61
62 74 61
62 75 31
62 76 12
62 77 35
62 78 81
62 79 39
62 80 53
62 81 46
62 82 61
62 83 28
62 84 38
62 85 33
62 86 48
62 87 16
62 88 15
62 89 53
62 90 20
62 91 45
62 92 58
62 93 37
62 94 52
62 95 50
62 96 33
62 97 37
62 98 52
62 99 19
63 64 29
63 65 27
63 66 47
63 67 54
63 68 29
63 69 60
63 70 41
63 71 10
63 72 58
63 73 49
63 74 51
63 75 23
63 76 31
63 77 38
63 78 59
63 79 49
63 80 58
63 81 36
63 82 60
63 83 12
63 84 16
63 85 48
63 86 61
63 87 32
63 88 10
63 89 49
63 90 38
63 91 53
63 92 60
63 93 28
63 94 72
63 95 68
63 96 14
63 97 30
63 98 33
63 99 41
64 65 40
64 66 76
64 67 42
64 68 7
64 69 78
64 70 69
64 71 19
64 72 61
64 73 73
64 74 73
64 75 29
64 76 20
64 77 46
64 78 88
64 79 49
64 80 63
64 81 43
64 82 72
64 83 31
64 84 45
64 85 40
64 86 56
64 87 25
64 88 20
64 89 64
64 90 27
64 91 55
64 92 69
64 93 34
64 94 54
64 95 54
64 96 36
64 97 34
64 98 61
64 99 21
65 66 51
65 67 37
65 68 44
65 69 85
65 70 55
65 71 28
65 72 85
65 73 72
65 74 74
65 75 11
65 76 52
65 77 65
65 78 59
65 79 75
65 80 85
65 81 10
65 82 87
65 83 15
65 84 28
65 85 72
65 86 86
65 87 55
65 88 26
65 89 76
65 90 60
65 91 80
65 92 87
65 93 8
65 94 92
65 95 90
65 96 15
65 97 11
65 98 49
65 99 59
66 67 88
66 68 76
66 69 62
66 70 19
66 71 56
66 72 84
66 73 45
66 74 50
66 75 58
66 76 75
66 77 66
66 78 13
66 79 82
66 80 82
66 81 59
66 82 74
66 83 47
66 84 31
66 85 87
66 86 94
66 87 74
66 88 56
66 89 62
66 90 80
66 91 82
66 92 77
66 93 58
66 94 113
66 95 107
66 96 42
66 97 61
66 98 24
66 99 86
67 68 49
67 69 113
67 70 90
67 71 47
67 72 102
67 73 103
67 74 105
67 75 32
67 76 62
67 77 85
67 78 96
67 79 90
67 80 104
67 81 30
67 82 110
67 83 44
67 84 62
67 85 82
67 86 98
67 87 67
67 88 46
67 89 101
67 90 69
67 91 96
67 92 109
67 93 30
67 94 92
67 95 95
67 96 48
67 97 27
67 98 84
67 99 61
68 69 73
68 70 67
68 71 20
68 72 53
68 73 68
68 74 68
68 75 34
68 76 13
68 77 40
68 78 88
68 79 41
68 80 56
68 81 49
68 82 65
68 83 34
68 84 45
68 85 33
68 86 49
68 87 18
68 88 21
68 89 58
68 90 20
68 91 48
68 92 62
68 93 40
68 94 48
68 95 48
68 96 38
68 97 39
68 98 59
68 99 15
69 70 43
69 71 66
69 72 38
69 73 17
69 74 12
69 75 83
69 76 62
69 77 34
69 78 73
69 79 45
69 80 33
69 81 95
69 82 18
69 83 71
69 84 58
69 85 57
69 86 52
69 87 57
69 88 67
69 89 15
69 90 61
69 91 39
69 92 23
69 93 88
69 94 81
69 95 71
69 96 70
69 97 90
69 98 42
69 99 72
70 71 51
70 72 67
70 73 26
70 74 31
70 75 58
70 76 64
70 77 50
70 78 31
70 79 65
70 80 64
70 81 64
70 82 56
70 83 46
70 84 28
70 85 72
70 86 77
70 87 62
70 88 51
70 89 44
70 90 68
70 91 64
70 92 59
70 93 60
70 94 99
70 95 92
70 96 42
70 97 63
70 98 8
70 99 76
71 72 58
71 73 57
71 74 58
71 75 20
71 76 25
71 77 40
71 78 69
71 79 48
71 80 59
71 81 35
71 82 64
71 83 14
71 84 25
71 85 45
71 86 59
71 87 28
71 88 1
71 89 54
71 90 33
71 91 53
71 92 63
71 93 26
71 94 66
71 95 63
71 96 19
71 97 27
71 98 43
71 99 34
72 73 47
72 74 43
72 75 79
72 76 40
72 77 20
72 78 97
72 79 12
72 80 5
72 81 93
72 82 21
72 83 70
72 84 66
72 85 25
72 86 15
72 87 35
72 88 60
72 89 26
72 90 35
72 91 5
72 92 15
72 93 84
72 94 45
72 95 34
72 96 71
72 97 85
72 98 61
72 99 46
73 74 5
73 75 72
73 76 60
73 77 36
73 78 56
73 79 50
73 80 43
73 81 82
73 82 31
73 83 60
73 84 44
73 85 60
73 86 60
73 87 56
73 88 58
73 89 21
73 90 61
73 91 47
73 92 35
73 93 76
73 94 87
73 95 78
73 96 57
73 97 78
73 98 25
73 99 71
74 75 74
74 76 59
74 77 33
74 78 61
74 79 47
74 80 39
74 81 84
74 82 26
74 83 62
74 84 47
74 85 58
74 86 56
74 87 55
74 88 59
74 89 17
74 90 59
74 91 43
74 92 31
74 93 78
74 94 84
74 95 74
74 96 60
74 97 80
74 98 30
74 99 70
75 76 43
75 77 60
75 78 67
75 79 68
75 80 79
75 81 15
75 82 83
75 83 13
75 84 30
75 85 64
75 86 79
75 87 47
75 88 19
75 89 73
75 90 51
75 91 73
75 92 82
75 93 6
75 94 82
75 95 81
75 96 16
75 97 7
75 98 52
75 99 49
76 77 28
76 78 88
76 79 28
76 80 43
76 81 58
76 82 53
76 83 39
76 84 46
76 85 21
76 86 37
76 87 5
76 88 26
76 89 48
76 90 8
76 91 35
76 92 50
76 93 49
76 94 41
76 95 38
76 96 43
76 97 49
76 98 55
76 99 12
77 78 79
77 79 16
77 80 20
77 81 74
77 82 26
77 83 50
77 84 45
77 85 25
77 86 28
77 87 23
77 88 41
77 89 19
77 90 26
77 91 16
77 92 23
77 93 65
77 94 52
77 95 43
77 96 51
77 97 66
77 98 43
77 99 38
78 79 95
78 80 94
78 81 66
78 82 86
78 83 58
78 84 43
78 85 100
78 86 107
78 87 87
78 88 68
78 89 74
78 90 93
78 91 95
78 92 89
78 93 67
78 94 127
78 95 120
78 96 53
78 97 70
78 98 36
78 99 99
79 80 16
79 81 83
79 82 30
79 83 61
79 84 59
79 85 13
79 86 12
79 87 23
79 88 50
79 89 30
79 90 22
79 91 7
79 92 25
79 93 74
79 94 37
79 95 28
79 96 63
79 97 75
79 98 58
79 99 33
80 81 93
80 82 16
80 83 70
80 84 65
80 85 29
80 86 20
80 87 38
80 88 61
80 89 21
80 90 38
80 91 9
80 92 10
80 93 85
80 94 50
80 95 39
80 96 71
80 97 86
80 98 58
80 99 49
81 82 96
81 83 24
81 84 38
81 85 79
81 86 94
81 87 62
81 88 33
81 89 85
81 90 66
81 91 88
81 92 96
81 93 9
81 94 97
81 95 96
81 96 25
81 97 10
81 98 59
81 99 64
82 83 72
82 84 63
82 85 43
82 86 35
82 87 48
82 88 65
82 89 12
82 90 50
82 91 23
82 92 5
82 93 88
82 94 65
82 95 55
82 96 72
82 97 90
82 98 52
82 99 62
83 84 18
83 85 58
83 86 72
83 87 42
83 88 13
83 89 61
83 90 47
83 91 65
83 92 72
83 93 16
83 94 80
83 95 77
83 96 5
83 97 19
83 98 39
83 99 48
84 85 61
84 86 72
84 87 46
84 88 25
84 89 51
84 90 52
84 91 62
84 92 64
84 93 33
84 94 86
84 95 81
84 96 14
84 97 35
84 98 22
84 99 56
85 86 16
85 87 17
85 88 46
85 89 42
85 90 13
85 91 20
85 92 38
85 93 70
85 94 27
85 95 20
85 96 62
85 97 70
85 98 65
85 99 22
86 87 32
86 88 60
86 89 39
86 90 29
86 91 14
86 92 30
86 93 84
86 94 30
86 95 19
86 96 75
86 97 85
86 98 71
86 99 38
87 88 29
87 89 43
87 90 6
87 91 30
87 92 45
87 93 53
87 94 40
87 95 36
87 96 45
87 97 53
87 98 54
87 99 15
88 89 55
88 90 34
88 91 54
88 92 64
88 93 24
88 94 67
88 95 65
88 96 18
88 97 25
88 98 43
88 99 35
89 90 46
89 91 26
89 92 15
89 93 77
89 94 68
89 95 58
89 96 61
89 97 79
89 98 39
89 99 57
90 91 30
90 92 46
90 93 57
90 94 34
90 95 30
90 96 51
90 97 57
90 98 60
90 99 12
91 92 18
91 93 79
91 94 42
91 95 32
91 96 67
91 97 80
91 98 58
91 99 41
92 93 87
92 94 60
92 95 49
92 96 72
92 97 89
92 98 54
92 99 58
93 94 88
93 95 87
93 96 19
93 97 3
93 98 54
93 99 54
94 95 11
94 96 84
94 97 87
94 98 92
94 99 33
95 96 81
95 97 87
95 98 84
95 99 34
96 97 21
96 98 36
96 99 52
97 98 57
97 99 54
98 99 67
0 1 49
0 2 82
0 3 28
0 4 91
0 7 54
0 11 52
0 12 35
0 13 63
0 14 56
0 15 52
0 16 103
0 18 58
0 19 44
0 21 103
0 22 38
0 23 62
0 26 60
0 28 31
0 29 50
0 30 86
0 31 75
0 33 33
0 34 106
0 36 21
0 37 57
0 38 51
0 39 82
0 41 52
0 44 108
0 47 71
0 48 33
0 49 22
0 50 61
0 51 65
0 54 34
0 55 77
0 57 9
0 58 90
0 60 47
0 61 68
0 62 31
0 63 53
0 65 68
0 66 98
0 67 65
0 68 25
0 71 44
0 72 52
0 73 82
0 74 80
0 75 58
0 77 48
0 78 111
0 79 40
0 80 56
0 82 70
0 84 68
0 87 26
0 88 45
0 89 67
0 90 22
0 91 47
0 92 65
0 94 27
0 95 31
0 96 63
0 99 12
1 2 74
1 3 25
1 5 25
1 7 66
1 9 89
1 10 50
1 11 49
1 12 60
1 13 91
1 15 24
1 16 92
1 17 23
1 18 62
1 19 15
1 20 89
1 21 93
1 23 41
1 24 56
1 25 79
1 26 55
1 27 13
1 28 46
1 29 21
1 30 95
1 32 18
1 34 99
1 35 83
1 36 27
1 37 64
1 38 81
1 39 90
1 41 40
1 42 43
1 43 33
1 45 7
1 46 26
1 48 25
1 49 41
1 50 19
1 51 25
1 52 62
1 53 100
1 54 66
1 55 86
1 56 24
1 60 63
1 61 46
1 62 52
1 63 62
1 64 61
1 65 88
1 66 91
1 68 53
1 69 45
1 71 61
1 72 7
1 73 54
1 74 50
1 76 41
1 77 25
1 78 104
1 79 13
1 80 12
1 81 96
1 82 28
1 83 73
1 84 71
1 85 22
1 86 8
1 87 36
1 88 62
1 89 33
1 93 86
1 94 38
1 95 27
1 96 75
1 99 44
2 3 64
2 4 66
2 5 77
2 6 51
2 8 26
2 9 16
2 11 31
2 13 58
2 14 52
2 15 50
2 16 21
2 18 26
2 19 60
2 20 67
2 21 21
2 22 82
2 23 34
2 24 24
2 25 35
2 26 23
2 29 53
2 30 33
2 31 26
2 32 57
2 34 25
2 35 37
2 36 75
2 38 60
2 39 30
2 43 53
2 45 67
2 46 64
2 47 15
2 51 57
2 52 18
2 53 67
2 54 62
2 56 51
2 57 75
2 58 21
2 62 54
2 63 33
2 64 62
2 65 45
2 67 81
2 68 61
2 69 50
2 74 37
2 75 49
2 76 59
2 77 49
2 78 30
2 79 65
2 80 66
2 81 54
2 82 60
2 83 37
2 84 19
2 88 43
2 89 47
2 90 64
2 91 65
2 92 62
2 95 90
2 96 33
2 97 54
2 98 8
3 6 32
3 7 45
3 8 71
3 9 77
3 10 33
3 11 34
3 13 67
3 14 28
3 16 84
3 17 6
3 18 45
3 20 64
3 21 84
3 24 54
3 25 58
3 27 18
3 28 41
3 29 23
3 30 77
3 31 65
3 32 19
3 33 5
3 34 89
3 35 62
3 36 11
3 37 45
3 41 29
3 42 26
3 43 43
3 44 89
3 46 1
3 48 26
3 50 34
3 52 58
3 53 75
3 54 41
3 55 68
3 56 27
3 57 25
3 58 77
3 59 58
3 61 43
3 62 27
3 64 35
3 66 81
3 67 77
3 68 28
3 69 54
3 70 67
3 72 26
3 73 56
3 74 54
3 75 58
3 77 21
3 78 94
3 79 14
3 80 30
3 81 73
3 84 54
3 87 11
3 88 40
3 89 40
3 90 8
3 91 21
3 92 38
3 94 33
3 95 27
3 96 55
3 97 64
3 98 59
3 99 20
4 5 70
4 6 83
4 7 81
4 8 90
4 9 81
4 10 95
4 11 61
4 12 87
4 13 110
4 14 36
4 15 41
4 16 74
4 18 72
4 19 47
4 21 77
4 22 62
4 23 42
4 24 43
4 25 90
4 26 61
4 28 93
4 29 42
4 30 98
4 31 88
4 33 58
4 34 85
4 35 94
4 36 71
4 38 105
4 39 94
4 40 92
4 41 52
4 42 60
4 43 21
4 49 75
4 50 30
4 51 26
4 52 48
4 53 120
4 54 95
4 55 90
4 56 37
4 57 88
4 59 112
4 60 83
4 62 80
4 64 91
4 68 85
4 69 17
4 70 60
4 71 81
4 72 41
4 73 33
4 75 99
4 76 74
4 78 88
4 79 51
4 80 36
4 81 111
4 82 21
4 85 64
4 86 55
4 87 69
4 89 27
4 90 71
4 91 44
4 92 26
4 95 74
4 96 87
4 97 106
4 98 59
4 99 83
5 6 42
5 8 84
5 9 90
5 10 25
5 11 47
5 13 76
5 14 37
5 17 18
5 18 57
5 19 24
5 20 71
5 24 66
5 26 55
5 29 32
5 30 89
5 32 27
5 33 17
5 34 102
5 35 74
5 36 3
5 37 58
5 39 85
5 41 42
5 43 52
5 45 24
5 47 63
5 48 14
5 49 24
5 51 45
5 52 71
5 54 48
5 55 80
5 56 37
5 57 25
5 59 64
5 60 52
5 65 77
5 66 94
5 68 35
5 69 64
5 70 80
5 72 30
5 73 68
5 74 65
5 75 68
5 76 24
5 78 107
5 79 19
5 80 34
5 82 49
5 83 63
5 87 22
5 88 51
5 90 16
5 91 26
5 92 44
5 93 73
5 94 20
5 95 14
5 97 73
5 98 72
6 7 19
6 8 47
6 9 59
6 11 25
6 12 4
6 14 48
6 16 72
6 17 33
6 18 25
6 21 71
6 22 55
6 23 43
6 24 54
6 25 30
6 26 31
6 27 51
6 28 64
6 29 44
6 30 51
6 31 40
6 32 43
6 33 34
6 35 33
6 36 38
6 37 23
6 38 25
6 39 47
6 40 48
6 42 23
6 43 61
6 44 76
6 45 50
6 46 32
6 47 44
6 48 56
6 49 18
6 50 58
6 51 59
6 52 55
6 53 43
6 54 13
6 57 26
6 58 56
6 59 29
6 60 12
6 61 47
6 62 5
6 63 19
6 65 35
6 67 47
6 68 11
6 69 68
6 70 58
6 71 9
6 72 55
6 75 26
6 76 18
6 77 38
6 78 78
6 79 44
6 80 57
6 81 41
6 82 64
6 83 23
6 84 34
6 85 38
6 87 21
6 89 55
6 91 50
6 92 62
6 93 31
6 94 57
6 95 56
6 98 50
7 12 20
7 13 30
7 14 51
7 15 46
7 16 55
7 19 51
7 21 53
7 25 13
7 26 21
7 27 63
7 28 81
7 30 33
7 33 45
7 34 54
7 35 17
7 36 54
7 37 7
7 38 27
7 39 28
7 40 29
7 41 30
7 42 24
7 43 61
7 45 59
7 46 45
7 47 32
7 48 71
7 49 34
7 50 62
7 51 61
7 53 39
7 54 27
7 55 24
7 56 50
7 57 45
7 58 37
7 61 41
7 62 23
7 63 5
7 64 28
7 65 22
7 68 29
7 69 65
7 72 62
7 73 54
7 74 56
7 75 19
7 78 59
7 79 53
7 80 63
7 81 31
7 82 65
7 84 17
7 85 52
7 86 65
7 87 35
7 89 54
7 91 57
7 93 23
7 94 74
7 96 10
7 97 25
7 98 36
7 99 43
8 9 19
8 10 92
8 11 40
8 12 48
8 13 38
8 16 36
8 17 69
8 18 27
8 19 73
8 20 49
8 21 34
8 23 52
8 24 48
8 25 19
8 26 34
8 27 88
8 29 68
8 30 8
8 32 71
8 33 70
8 35 17
8 36 81
8 37 26
8 38 44
8 39 4
8 40 2
8 41 49
8 42 46
8 43 74
8 45 81
8 46 71
8 47 36
8 48 97
8 49 63
8 50 79
8 51 77
8 52 43
8 59 55
8 60 35
8 61 51
8 63 30
8 64 56
8 66 27
8 67 61
8 68 58
8 69 73
8 70 35
8 71 38
8 72 84
8 73 58
8 74 62
8 75 32
8 77 63
8 78 35
8 79 77
8 80 82
8 81 32
8 83 25
8 85 78
8 86 89
8 88 37
8 89 68
8 90 68
8 92 81
8 93 31
8 94 102
8 96 19
8 98 33
8 99 71
9 11 44
9 13 57
9 15 65
9 16 17
9 17 74
9 19 75
9 23 49
9 24 39
9 25 36
9 26 36
9 27 92
9 28 117
9 29 68
9 30 25
9 32 72
9 33 75
9 35 36
9 36 88
9 38 62
9 40 21
9 41 50
9 42 51
9 44 19
9 47 31
9 49 72
9 50 77
9 53 64
9 54 68
9 55 24
9 56 67
9 57 85
9 59 73
9 60 48
9 61 46
9 62 63
9 64 70
9 65 43
9 66 8
9 68 70
9 69 65
9 70 22
9 72 83
9 73 48
9 76 70
9 77 64
9 78 18
9 79 80
9 81 51
9 82 75
9 85 84
9 86 92
9 87 70
9 89 63
9 92 78
9 94 110
9 95 104
9 96 35
9 97 53
10 11 62
10 12 46
10 14 61
10 15 58
10 16 113
10 18 68
10 19 49
10 20 65
10 21 113
10 22 38
10 23 70
10 24 86
10 25 75
10 26 70
10 27 37
10 30 96
10 31 86
10 33 39
10 34 116
10 39 92
10 40 93
10 45 49
10 46 32
10 48 30
10 49 32
10 51 70
10 52 89
10 54 44
10 56 60
10 57 19
10 60 57
10 61 76
10 62 41
10 63 63
10 64 39
10 65 79
10 66 108
10 67 73
10 69 88
10 71 55
10 72 55
10 73 90
10 76 33
10 77 54
10 80 59
10 83 69
10 84 78
10 85 31
10 86 42
10 88 56
10 92 69
10 94 20
10 95 28
10 97 72
10 99 22
11 12 29
11 13 50
11 14 31
11 17 30
11 18 13
11 19 34
11 20 53
11 21 51
11 25 31
11 26 8
11 27 49
11 28 74
11 30 46
11 31 34
11 32 31
11 34 55
11 36 45
11 37 16
11 40 41
11 41 10
11 42 8
11 43 41
11 44 56
11 47 19
11 48 59
11 49 30
11 50 42
11 51 41
11 52 30
11 54 38
11 56 30
11 57 45
11 61 22
11 62 26
11 65 42
11 66 47
11 70 35
11 73 36
11 74 37
11 75 39
11 76 28
11 78 60
11 79 38
11 81 51
11 82 45
11 87 27
11 88 22
11 89 34
11 90 33
11 92 45
11 93 43
11 94 66
11 96 28
11 97 45
11 98 27
11 99 40
12 13 32
12 14 52
12 15 47
12 16 74
12 17 37
12 19 47
12 20 29
12 23 47
12 24 58
12 25 30
12 26 35
12 28 64
12 31 41
12 32 47
12 33 37
12 34 74
12 35 33
12 36 41
12 37 25
12 38 21
12 39 47
12 42 27
12 43 65
12 45 53
12 47 47
12 49 21
12 51 63
12 52 58
12 54 9
12 55 43
12 56 51
12 57 26
12 58 57
12 59 25
12 60 13
12 61 51
12 62 8
12 63 21
12 65 34
12 67 43
12 68 11
12 69 72
12 70 61
12 71 11
12 72 59
12 73 66
12 75 24
12 76 20
12 78 79
12 80 60
12 81 39
12 83 23
12 84 36
12 85 41
12 86 57
12 87 25
12 88 11
12 91 53
12 94 58
12 95 58
12 96 28
12 97 29
13 16 74
13 17 67
13 18 39
13 19 77
13 20 12
13 21 72
13 25 23
13 27 85
13 29 76
13 30 36
13 31 34
13 33 68
13 34 69
13 35 22
13 36 72
13 38 12
13 40 38
13 43 90
13 44 77
13 46 66
13 47 60
13 48 90
13 49 52
13 50 90
13 52 71
13 53 10
13 55 34
13 56 78
13 57 55
13 60 28
13 63 34
13 68 41
13 69 94
13 70 68
13 71 30
13 72 89
13 73 83
13 74 85
13 75 11
13 76 52
13 77 70
13 79 78
13 80 90
13 82 94
13 83 23
13 84 40
13 85 73
13 86 88
13 91 83
13 93 8
13 94 89
13 95 89
13 97 5
13 99 56
14 15 5
14 16 69
14 18 45
14 19 13
14 20 80
14 21 70
14 22 35
14 23 18
14 24 33
14 26 35
14 27 31
14 28 64
14 29 6
14 30 76
14 33 23
14 37 47
14 38 72
14 39 71
14 41 21
14 42 28
14 44 74
14 46 29
14 47 37
14 49 39
14 50 11
14 52 39
14 53 89
14 55 67
14 58 71
14 59 77
14 60 51
14 61 23
14 64 56
14 65 73
14 66 68
14 68 50
14 69 26
14 72 16
14 73 32
14 74 28
14 75 69
14 76 38
14 77 10
14 79 19
14 81 82
14 82 16
14 86 28
14 87 33
14 88 50
14 91 15
14 93 74
14 94 56
14 98 45
15 16 67
15 18 40
15 19 11
15 21 68
15 22 34
15 23 17
15 24 33
15 25 58
15 26 32
15 27 30
15 28 62
15 30 73
15 31 61
15 33 19
15 35 63
15 36 35
15 38 67
15 39 68
15 40 67
15 41 17
15 43 20
15 44 72
15 45 18
15 46 26
15 48 43
15 49 34
15 51 16
15 52 38
15 53 84
15 54 56
15 55 63
15 56 4
15 57 48
15 58 68
15 61 22
15 62 40
15 63 42
15 65 69
15 66 66
15 67 90
15 69 30
15 71 44
15 72 18
15 73 33
15 77 5
15 78 79
15 79 17
15 81 77
15 82 21
15 84 48
15 85 28
15 86 28
15 87 28
15 88 45
15 92 19
15 93 69
15 94 54
15 95 45
15 97 70
15 98 43
15 99 43
16 17 80
16 18 46
16 19 78
16 20 84
16 21 3
16 22 101
16 23 51
16 24 36
16 26 44
16 28 125
16 30 42
16 31 40
16 32 75
16 33 81
16 34 12
16 35 52
16 38 78
16 39 40
16 40 38
16 42 59
16 43 66
16 44 5
16 48 108
16 49 82
16 50 76
16 51 72
16 52 30
16 53 81
16 54 82
16 56 68
16 57 96
16 59 88
16 60 62
16 61 46
16 63 53
16 64 83
16 67 97
16 68 82
16 69 59
16 70 18
16 71 63
16 72 85
16 73 42
16 74 47
16 75 66
16 76 80
16 77 68
16 78 14
16 79 84
16 80 82
16 81 68
16 82 73
16 84 38
16 85 90
16 86 96
16 88 63
16 90 85
16 91 83
16 92 76
16 94 117
16 95 110
16 98 25
17 18 42
17 20 66
17 21 80
17 22 24
17 23 32
17 24 48
17 25 57
17 26 38
17 27 19
17 29 17
17 31 63
17 32 13
17 33 1
17 35 61
17 36 16
17 38 58
17 41 24
17 43 38
17 45 17
17 46 7
17 47 46
17 48 29
17 49 18
17 51 32
17 52 53
17 53 77
17 54 43
17 56 22
17 57 30
17 59 61
17 60 41
17 61 38
17 62 28
17 64 38
17 65 65
17 66 77
17 67 79
17 68 31
17 69 49
17 71 38
17 72 23
17 73 51
17 74 48
17 75 58
17 76 18
17 77 15
17 78 90
17 80 26
17 81 73
17 84 52
17 85 10
17 87 12
17 88 39
17 89 34
17 90 13
17 91 17
17 92 33
17 93 64
17 94 38
17 96 54
17 97 64
17 98 54
17 99 24
18 19 47
18 20 45
18 22 66
18 24 34
18 25 19
18 26 11
18 28 83
18 29 43
18 30 33
18 31 21
18 32 45
18 33 43
18 34 47
18 38 37
18 39 28
18 40 28
18 41 23
18 42 20
18 43 53
18 45 55
18 46 45
18 47 22
18 48 71
18 49 37
18 50 55
18 51 54
18 55 24
18 56 43
18 57 50
18 58 33
18 59 46
18 60 16
18 62 28
18 63 7
18 66 40
18 68 36
18 70 34
18 72 58
18 74 46
18 75 28
18 77 37
18 78 53
18 81 39
18 83 16
18 86 62
18 88 17
18 89 46
18 91 53
18 92 58
18 93 32
18 94 76
18 97 34
18 98 26
18 99 47
19 22 23
19 23 28
19 24 44
19 26 40
19 27 19
19 28 51
19 29 8
19 30 80
19 31 68
19 32 3
19 33 11
19 34 85
19 36 25
19 37 49
19 38 68
19 39 75
19 40 75
19 41 25
19 42 27
19 43 28
19 44 83
19 46 18
19 47 45
19 48 31
19 49 30
19 50 17
19 52 49
19 53 86
19 54 54
19 55 70
19 56 12
19 58 77
19 59 71
19 60 49
19 61 33
19 62 39
19 63 46
19 64 49
19 66 76
19 69 39
19 70 60
19 71 46
19 72 12
19 74 41
19 75 67
19 76 29
19 79 6
19 80 14
19 83 58
19 84 55
19 85 18
19 86 17
19 87 24
19 89 25
19 90 24
19 91 7
19 93 72
19 95 33
19 98 53
19 99 36
20 21 82
20 22 86
20 23 72
20 24 79
20 25 32
20 26 56
20 27 82
20 29 76
20 30 48
20 32 76
20 33 66
20 36 68
20 37 41
20 38 8
20 39 46
20 40 48
20 42 53
20 43 93
20 45 83
20 46 63
20 48 85
20 51 91
20 52 78
20 53 14
20 54 23
20 55 44
20 56 79
20 57 48
20 58 60
20 61 75
20 62 37
20 63 39
20 65 26
20 67 15
20 68 37
20 69 98
20 71 32
20 72 88
20 73 88
20 74 90
20 76 49
20 78 85
20 79 76
20 80 90
20 81 22
20 82 96
20 84 48
20 85 69
20 86 85
20 87 53
20 88 31
20 89 86
20 91 82
20 92 94
20 94 82
20 95 84
20 96 34
20 97 15
20 99 50
21 23 52
21 26 43
21 27 97
21 28 125
21 29 72
21 30 39
21 31 38
21 32 76
21 34 9
21 35 50
21 39 37
21 40 35
21 42 59
21 43 67
21 44 5
21 45 86
21 46 85
21 50 78
21 51 73
21 53 78
21 54 80
21 55 38
21 56 69
21 57 95
21 58 23
21 59 86
21 61 47
21 67 94
21 69 61
21 71 62
21 72 86
21 73 44
21 74 49
21 76 79
21 77 68
21 79 84
21 81 65
21 83 53
21 84 37
21 85 90
21 86 96
21 87 78
21 88 62
21 91 84
21 92 78
21 94 117
21 97 67
21 98 26
21 99 91
22 23 51
22 24 67
22 25 81
22 26 61
22 27 5
22 28 31
22 30 99
22 31 87
22 35 85
22 37 67
22 38 78
22 39 94
22 40 95
22 41 47
22 42 47
22 43 47
22 44 106
22 45 18
22 47 67
22 48 10
22 49 37
22 51 39
22 52 73
22 54 62
22 57 41
22 58 98
22 59 79
22 61 56
22 62 49
22 64 56
22 65 89
22 66 99
22 67 98
22 69 59
22 71 61
22 74 63
22 75 81
22 76 37
22 78 112
22 79 18
22 80 26
22 81 95
22 84 76
22 87 33
22 88 62
22 89 46
22 90 30
22 91 20
22 93 86
22 94 24
22 95 13
22 96 78
22 97 87
22 98 76
22 99 37
23 26 20
23 27 46
23 28 77
23 29 20
23 30 60
23 31 49
23 32 24
23 33 32
23 34 58
23 35 53
23 36 48
23 37 34
23 38 64
23 39 55
23 40 54
23 44 56
23 45 34
23 46 38
23 47 18
23 48 59
23 49 41
23 50 28
23 52 22
23 53 78
23 54 56
23 55 51
23 56 18
23 58 53
23 59 71
23 60 42
23 61 6
23 62 42
23 64 53
23 65 60
23 66 50
23 68 48
23 69 26
23 71 40
23 72 34
23 73 20
23 75 58
23 76 40
23 77 18
23 78 63
23 80 32
23 81 70
23 82 28
23 83 46
23 84 35
23 86 45
23 87 36
23 90 41
23 91 32
23 92 29
23 93 62
23 95 60
23 96 45
23 97 64
23 99 51
24 29 36
24 30 56
24 31 46
24 34 45
24 36 65
24 37 38
24 38 71
24 41 26
24 42 34
24 43 30
24 44 41
24 45 50
24 46 54
24 49 56
24 50 40
24 51 36
24 53 83
24 54 67
24 55 48
24 56 33
24 57 72
24 58 45
24 59 80
24 61 11
24 62 54
24 63 40
24 64 65
24 66 37
24 67 94
24 68 62
24 72 49
24 73 10
24 74 14
24 75 63
24 76 55
24 77 34
24 78 49
24 79 50
24 80 46
24 81 72
24 83 50
24 84 34
24 85 59
24 86 61
24 89 25
24 90 57
24 91 48
24 92 40
24 93 66
24 95 77
24 96 48
24 97 68
24 99 66
25 26 30
25 27 76
25 28 93
25 29 61
25 30 21
25 31 12
25 32 62
25 33 58
25 35 4
25 36 67
25 37 15
25 39 17
25 40 19
25 41 42
25 42 36
25 47 38
25 48 84
25 49 47
25 50 73
25 53 32
25 56 61
25 58 29
25 59 37
25 60 18
25 61 50
25 65 11
25 66 43
25 67 46
25 68 40
25 69 74
25 70 45
25 72 75
25 73 61
25 74 63
25 75 14
25 76 46
25 78 54
25 80 75
25 81 21
25 84 17
25 85 65
25 86 78
25 87 48
25 88 20
25 90 53
25 91 70
25 92 76
25 93 16
25 94 86
25 96 4
25 98 39
26 28 82
26 29 34
26 30 41
26 31 30
26 32 37
26 33 39
26 35 33
26 38 47
26 39 36
26 40 36
26 41 15
26 42 16
26 44 48
26 46 42
26 47 12
26 48 67
26 50 46
26 51 43
26 52 24
26 53 60
26 54 44
26 55 32
26 56 34
26 57 53
26 58 37
26 59 56
26 61 20
26 63 17
26 66 39
26 67 70
26 68 40
26 69 44
26 70 28
26 75 40
26 76 36
26 77 29
26 78 53
26 80 48
26 82 47
26 87 35
26 88 26
26 90 41
26 91 46
26 95 68
26 96 26
26 97 46
26 99 48
27 28 34
27 31 82
27 32 22
27 33 18
27 34 103
27 35 80
27 37 63
27 38 75
27 43 43
27 44 101
27 45 14
27 46 19
27 48 13
27 49 33
27 50 30
27 51 36
27 53 94
27 54 59
27 55 85
27 56 31
27 57 38
27 60 59
27 62 45
27 63 59
27 64 53
27 65 84
27 66 94
27 67 94
27 68 45
27 69 56
27 70 78
27 71 57
27 73 63
27 74 59
27 75 76
27 76 33
27 77 29
27 78 108
27 79 13
27 80 24
27 82 39
27 83 70
27 84 71
27 88 58
27 89 42
27 90 26
27 91 17
27 92 34
27 94 26
27 96 73
27 97 82
27 98 71
27 99 34
28 31 102
28 33 45
28 37 83
28 40 110
28 41 70
28 42 66
28 44 130
28 45 48
28 46 40
28 47 91
28 49 47
28 50 64
28 54 65
28 55 105
28 56 63
28 57 39
28 58 116
28 60 75
28 62 58
28 63 79
28 65 98
28 66 121
28 68 54
28 69 89
28 70 107
28 71 72
28 72 52
28 73 95
28 74 92
28 75 88
28 76 48
28 77 60
28 78 134
28 80 57
28 81 102
28 82 73
28 83 86
28 84 93
28 85 35
28 86 38
28 87 47
28 88 74
28 92 68
28 93 93
28 95 18
28 96 91
28 97 93
28 98 100
29 30 75
29 33 17
29 34 78
29 36 32
29 37 45
29 39 70
29 40 70
29 42 24
29 43 21
29 44 76
29 45 14
29 46 24
29 47 38
29 49 33
29 51 16
29 52 42
29 53 85
29 55 66
29 56 5
29 57 47
29 58 71
29 59 73
29 60 48
29 61 26
29 62 40
29 63 44
29 64 51
29 65 70
29 67 91
29 70 53
29 72 15
29 74 33
29 75 65
29 77 6
29 78 83
29 80 14
29 81 79
29 82 21
29 83 56
29 85 25
29 86 25
29 87 27
29 88 47
29 89 17
29 90 29
29 91 12
29 92 18
29 94 51
29 95 41
29 96 57
29 97 72
30 31 12
30 32 78
30 33 76
30 35 18
30 36 86
30 37 32
30 38 44
30 41 56
30 42 53
30 43 82
30 45 88
30 46 77
30 48 103
30 49 67
30 53 41
30 54 55
30 55 9
30 56 75
30 57 77
30 58 15
30 59 54
30 62 56
30 64 58
30 65 22
30 66 33
30 68 61
30 69 81
30 70 43
30 71 42
30 72 91
30 74 69
30 75 32
30 78 38
30 79 84
30 80 90
30 82 88
30 83 28
30 84 25
30 86 96
30 87 68
30 88 40
30 89 75
30 90 73
30 91 86
30 94 107
30 98 40
31 32 66
31 35 12
31 39 7
31 40 8
31 41 44
31 42 41
31 43 71
31 44 43
31 45 76
31 47 34
31 48 91
31 49 56
31 50 75
31 51 73
31 52 42
31 53 41
31 54 46
31 55 3
31 57 67
31 58 17
31 59 49
31 60 28
31 61 48
31 62 45
31 63 24
31 64 49
31 65 19
31 68 51
31 69 71
31 70 36
31 72 78
31 73 56
31 74 60
31 77 58
31 78 41
31 80 78
31 81 28
31 82 76
31 85 72
31 89 64
31 90 62
31 91 74
31 93 26
31 94 95
31 95 92
31 96 13
31 98 32
32 33 13
32 35 66
32 37 47
32 38 67
32 39 73
32 40 73
32 42 26
32 43 25
32 45 10
32 46 20
32 48 35
32 50 16
32 51 19
32 52 46
32 53 85
32 54 54
32 55 68
32 56 9
32 57 43
32 58 74
32 59 72
32 60 48
32 61 30
32 62 39
32 63 45
32 64 49
32 65 71
32 68 43
32 69 36
32 70 57
32 72 13
32 73 41
32 74 38
32 76 30
32 79 9
32 81 80
32 83 57
32 84 53
32 85 20
32 86 20
32 87 25
32 88 47
32 89 22
32 91 9
32 98 50
33 37 44
33 38 59
33 39 71
33 40 72
33 43 38
33 44 85
33 45 16
33 46 6
33 47 47
33 48 28
33 49 19
33 50 29
33 51 32
33 52 54
33 53 77
33 54 44
33 55 67
33 56 22
33 57 30
33 61 38
33 62 29
33 64 38
33 65 66
33 68 31
33 69 49
33 71 39
33 73 51
33 74 49
33 76 18
33 77 16
33 79 10
33 80 25
33 82 37
33 83 52
33 84 53
33 87 13
33 88 40
33 89 34
33 90 13
33 91 17
33 92 33
33 93 64
33 96 55
33 97 65
34 36 100
34 37 49
34 39 34
34 40 32
34 41 61
34 42 63
34 43 75
34 46 89
34 48 114
34 50 85
34 51 81
34 52 39
34 53 75
34 54 81
34 56 76
34 57 97
34 58 20
34 59 85
34 60 61
34 63 54
34 64 83
34 65 54
34 66 8
34 68 83
34 69 69
34 70 27
34 71 63
34 72 93
34 76 83
34 78 5
34 80 90
34 81 62
34 83 53
34 86 102
34 87 82
34 88 63
34 90 88
34 91 90
34 94 121
34 96 48
34 97 65
34 98 32
34 99 94
35 36 71
35 37 20
35 38 27
35 40 17
35 41 46
35 43 75
35 44 55
35 45 76
35 46 62
35 47 41
35 48 88
35 49 51
35 50 78
35 51 76
35 52 51
35 53 30
35 54 37
35 55 12
35 57 60
35 60 22
35 64 40
35 65 8
35 66 44
35 68 44
35 69 77
35 70 47
35 71 25
35 72 79
35 74 67
35 75 15
35 76 50
35 77 59
35 78 53
35 79 71
35 80 79
35 81 18
35 82 80
35 83 11
35 84 20
35 86 82
35 88 24
35 90 57
35 91 74
35 93 15
35 94 90
35 96 8
35 97 17
35 98 41
35 99 58
36 37 55
36 38 61
36 39 82
36 40 82
36 41 40
36 42 37
36 43 52
36 45 25
36 46 11
36 47 61
36 49 20
36 50 41
36 52 69
36 56 37
36 57 22
36 59 61
36 60 49
36 62 33
36 64 38
36 65 73
36 66 92
36 67 80
36 70 78
36 71 46
36 72 31
36 73 67
36 75 64
36 76 21
36 77 31
36 79 20
36 81 79
36 85 7
36 86 21
36 87 19
36 89 49
36 91 27
36 92 45
36 93 70
36 94 22
36 95 17
36 97 70
36 98 70
36 99 18
37 39 27
37 40 27
37 41 26
37 42 21
37 43 56
37 44 53
37 45 57
37 47 26
37 49 37
37 51 57
37 52 37
37 53 45
37 54 33
37 55 22
37 57 49
37 58 33
37 59 42
37 60 13
37 61 36
37 62 27
37 63 4
37 64 34
37 65 26
37 68 34
37 69 59
37 70 37
37 71 14
37 72 60
37 73 48
37 74 50
37 75 24
37 76 35
37 77 40
37 78 55
37 79 52
37 80 60
37 81 35
37 82 61
37 84 11
37 85 52
37 86 64
37 87 36
37 88 14
37 89 50
37 90 42
37 91 55
37 92 61
37 93 28
37 94 76
37 95 72
37 97 30
38 39 42
38 40 44
38 41 53
38 42 45
38 44 81
38 45 75
38 47 59
38 48 78
38 49 41
38 51 83
38 52 70
38 53 19
38 54 17
38 59 11
38 63 31
38 64 23
38 67 23
38 69 90
38 71 24
38 72 80
38 73 80
38 75 12
38 78 80
38 79 69
38 80 81
38 81 22
38 82 87
38 83 23
38 84 41
38 85 62
38 86 78
38 88 23
38 90 49
38 91 74
38 92 86
38 96 28
38 99 44
39 40 2
39 41 51
39 42 48
39 44 42
39 45 83
39 46 72
39 47 39
39 49 63
39 50 82
39 51 80
39 53 41
39 55 5
39 56 70
39 59 52
39 60 35
39 61 54
39 62 51
39 64 55
39 65 21
39 67 57
39 68 57
39 72 86
39 73 61
39 74 65
39 75 30
39 76 61
39 77 65
39 78 39
39 79 79
39 80 85
39 81 28
39 82 83
39 83 24
39 84 20
39 85 79
39 87 63
39 88 36
39 89 71
39 90 69
39 91 81
39 92 84
39 93 28
39 94 102
39 95 99
39 96 19
39 98 36
39 99 71
40 41 51
40 42 48
40 43 76
40 46 73
40 47 38
40 48 99
40 49 64
40 51 79
40 53 44
40 54 53
40 56 70
40 57 74
40 58 12
40 59 55
40 61 53
40 62 52
40 63 31
40 64 56
40 66 29
40 68 58
40 70 37
40 71 38
40 72 85
40 74 64
40 75 32
40 77 65
40 80 84
40 81 30
40 85 79
40 86 91
40 87 64
40 89 70
40 90 69
40 91 81
40 92 83
40 93 31
40 94 103
40 95 99
40 98 35
40 99 72
41 44 60
41 48 53
41 49 30
41 50 32
41 51 31
41 52 30
41 53 69
41 55 46
41 56 20
41 59 60
41 60 31
41 61 17
41 62 30
41 63 25
41 65 52
41 67 76
41 68 37
41 69 37
41 70 38
41 71 30
41 72 35
41 73 32
41 75 48
41 76 28
41 78 66
41 79 29
41 82 35
41 83 37
41 84 31
41 87 25
41 89 25
41 90 31
41 93 53
41 94 62
41 95 54
41 96 38
41 98 30
41 99 40
42 44 64
42 45 35
42 46 26
42 47 26
42 48 52
42 49 23
42 50 38
42 51 38
42 53 61
42 54 36
42 56 26
42 57 38
42 58 51
42 59 51
42 60 23
42 61 25
42 63 19
42 64 33
42 65 46
42 66 55
42 67 68
42 68 28
42 70 42
42 71 22
42 72 39
42 73 40
42 74 40
42 75 41
42 76 22
42 77 19
42 78 68
42 79 31
42 81 55
42 83 31
42 84 29
42 86 43
42 87 20
42 88 23
42 89 33
42 91 34
42 93 46
42 94 58
42 95 53
42 96 33
42 97 48
42 98 34
42 99 34
43 44 70
43 45 30
43 46 45
43 48 57
43 51 8
43 52 36
43 54 74
43 56 16
43 57 68
43 58 73
43 61 23
43 62 59
43 63 56
43 64 70
43 65 82
43 67 107
43 69 12
43 70 48
43 71 61
43 73 24
43 74 19
43 75 79
43 77 24
43 81 92
43 82 7
43 83 68
43 86 40
43 88 62
43 91 27
43 93 84
43 94 69
43 96 67
43 97 86
43 99 62
44 45 90
44 46 89
44 47 39
44 48 113
44 49 86
44 52 35
44 54 86
44 55 43
44 56 73
44 57 100
44 58 28
44 62 79
44 63 57
44 64 87
44 66 11
44 68 86
44 69 63
44 71 67
44 73 47
44 74 52
44 75 69
44 78 10
44 79 89
44 80 87
44 81 70
44 83 59
44 84 42
44 85 95
44 86 100
44 88 67
44 89 66
44 90 89
44 92 81
44 93 69
44 94 122
44 96 54
44 99 96
45 48 27
45 50 17
45 51 22
45 52 56
45 53 93
45 54 60
45 55 78
45 57 45
45 58 84
45 59 78
45 62 45
45 63 54
45 64 55
45 65 81
45 66 84
45 67 96
45 68 48
45 70 67
45 71 54
45 72 6
45 73 49
45 74 46
45 75 74
45 76 35
45 77 18
45 78 97
45 79 6
45 80 11
45 81 88
45 82 26
45 83 66
45 84 63
45 85 18
45 86 11
45 87 29
45 89 28
45 90 29
45 97 80
45 98 60
46 48 26
46 49 14
46 51 39
46 53 75
46 57 24
46 58 77
46 61 44
46 62 26
46 63 42
46 64 34
46 65 65
46 67 76
46 68 27
46 69 56
46 70 67
46 71 38
46 72 27
46 73 57
46 74 55
46 75 57
46 77 22
46 80 31
46 86 22
46 87 10
46 91 22
46 92 39
46 95 27
46 97 63
46 98 59
46 99 19
47 48 75
47 50 46
47 52 11
47 53 69
47 55 36
47 56 36
47 57 64
47 58 35
47 60 37
47 61 15
47 62 45
47 65 49
47 67 81
47 68 52
47 71 38
47 74 26
47 75 50
47 78 45
47 79 50
47 80 50
47 81 59
47 82 45
47 84 21
47 85 56
47 86 62
47 87 46
47 88 38
47 89 33
47 90 51
47 91 50
47 93 53
47 94 83
47 95 76
47 96 34
47 97 55
47 98 9
48 49 38
48 50 43
48 52 81
48 53 98
48 54 61
48 56 44
48 57 37
48 59 77
48 60 66
48 61 65
48 63 68
48 64 55
48 65 91
48 66 106
48 67 96
48 70 90
48 71 63
48 72 31
48 73 76
48 74 72
48 75 82
48 76 38
48 77 41
48 78 119
48 79 26
48 80 36
48 82 52
48 83 77
48 84 80
48 88 65
48 90 31
48 91 30
48 92 47
48 94 14
48 97 87
48 98 83
49 52 59
49 53 61
49 54 26
49 55 58
49 57 15
49 59 43
49 62 13
49 63 32
49 65 53
49 66 77
49 67 62
49 71 26
49 73 61
49 74 60
49 77 29
49 78 90
49 79 29
49 80 44
49 82 54
49 83 40
49 84 47
49 85 20
49 86 36
49 88 27
49 90 7
49 92 51
49 93 50
49 94 40
49 95 37
49 97 50
49 99 10
50 51 6
50 54 70
50 55 78
50 56 12
50 57 59
50 58 81
50 60 61
50 62 54
50 63 57
50 65 84
50 66 77
50 67 105
50 68 58
50 69 26
50 73 37
50 74 32
50 75 79
50 77 20
50 79 21
50 83 69
50 84 62
50 85 34
50 86 26
50 88 61
50 90 42
50 91 14
50 92 4
50 93 84
50 94 56
50 95 46
50 96 70
50 97 86
50 98 53
50 99 53
51 52 42
51 53 99
51 54 71
51 55 75
51 60 61
51 62 56
51 63 56
51 65 83
51 66 73
51 67 106
51 69 20
51 70 54
51 72 17
51 75 79
51 77 21
51 80 13
51 81 92
51 82 5
51 83 68
51 84 60
51 85 38
51 86 32
51 87 43
51 88 61
51 89 10
51 91 19
51 92 5
51 94 62
51 95 51
51 97 85
51 99 57
52 53 80
52 55 44
52 56 39
52 57 74
52 59 79
52 60 49
52 61 16
52 62 56
52 63 40
52 65 59
52 66 31
52 68 63
52 69 32
52 70 12
52 71 49
52 72 55
52 73 15
52 74 19
52 75 61
52 76 57
52 77 39
52 78 43
52 80 52
52 81 69
52 82 43
52 83 48
52 84 31
52 85 63
52 88 49
52 89 32
52 92 47
52 93 64
52 94 90
52 97 66
52 98 10
52 99 69
53 54 36
53 55 41
53 58 55
53 59 23
53 60 38
53 64 42
53 65 22
53 66 72
53 67 17
53 69 104
53 70 76
53 71 40
53 72 98
53 73 92
53 76 60
53 77 80
53 80 99
53 81 13
53 82 104
53 83 33
53 84 49
53 85 81
53 86 97
53 87 65
53 90 68
53 91 93
53 94 96
53 96 35
53 97 14
53 98 71
53 99 63
54 55 48
54 56 59
54 57 26
54 58 63
54 59 17
54 60 20
54 61 60
54 62 16
54 66 75
54 68 13
54 69 82
54 72 66
54 73 75
54 75 25
54 76 26
54 77 51
54 78 86
54 79 54
54 80 68
54 81 38
54 82 76
54 83 28
54 84 44
54 85 46
54 86 62
54 87 31
54 89 68
54 90 33
54 91 60
54 92 74
54 93 29
54 94 60
54 95 60
54 96 34
54 97 28
54 99 27
55 58 16
55 59 50
55 60 30
55 61 50
55 62 47
55 63 26
55 64 51
55 65 19
55 66 32
55 67 56
55 68 53
55 70 37
55 71 33
55 72 81
55 73 58
55 74 62
55 75 27
55 76 57
55 77 61
55 78 40
55 79 74
55 80 80
55 81 28
55 82 79
55 83 20
55 84 16
55 86 86
55 90 64
55 94 98
55 95 94
55 96 15
56 57 51
56 58 70
56 59 76
56 60 50
56 61 22
56 62 44
56 64 55
56 65 72
56 66 68
56 67 94
56 68 48
56 70 50
56 72 17
56 73 32
56 74 29
56 76 37
56 77 8
56 79 18
56 80 14
56 84 50
56 86 28
56 88 49
56 93 72
56 95 46
56 96 58
56 97 74
56 98 44
56 99 46
57 58 82
57 61 62
57 63 44
57 64 20
57 66 90
57 69 78
57 70 80
57 71 36
57 72 51
57 73 77
57 75 50
57 76 17
57 77 44
57 78 103
57 79 39
57 80 55
57 81 64
57 82 67
57 83 49
57 88 37
57 89 63
57 90 17
57 91 46
57 92 63
57 93 55
57 94 34
57 95 36
57 96 54
57 97 54
57 98 72
57 99 6
58 60 44
58 62 60
58 63 38
58 64 65
58 65 35
58 66 17
58 67 71
58 68 66
58 69 71
58 70 29
58 71 46
58 72 86
58 74 59
58 75 43
58 76 68
58 78 24
58 80 84
58 82 80
58 83 35
58 84 23
58 86 93
58 87 69
58 88 46
58 90 75
58 91 83
58 92 82
58 94 109
58 98 29
59 60 31
59 61 75
59 62 33
59 66 80
59 67 19
59 68 30
59 69 97
59 70 79
59 71 31
59 72 83
59 74 89
59 75 23
59 76 43
59 80 85
59 81 30
59 82 93
59 85 63
59 87 48
59 88 30
59 91 78
59 92 91
59 93 25
59 95 76
59 97 22
59 98 72
59 99 43
60 61 44
60 63 9
60 64 21
60 65 25
60 66 55
60 69 67
60 70 50
60 72 61
60 75 18
60 76 28
60 77 42
60 79 51
60 80 62
60 81 32
60 82 66
60 83 11
60 86 62
60 87 31
60 88 2
60 90 36
60 91 56
60 93 23
60 94 68
60 95 66
60 96 16
60 97 24
60 98 42
61 62 47
61 63 36
61 64 58
61 66 46
61 67 90
61 68 53
61 71 44
61 72 39
61 73 15
61 75 60
61 76 45
61 77 23
61 78 58
61 80 36
61 81 71
61 82 30
61 83 47
61 84 35
61 86 50
61 87 42
61 88 44
61 89 17
61 90 47
61 91 37
61 92 32
61 93 64
61 95 66
61 96 46
61 97 66
61 98 22
61 99 57
62 63 22
62 65 40
62 66 68
62 67 51
62 68 7
62 70 60
62 71 14
62 72 51
62 74 61
62 75 31
62 77 35
62 78 81
62 79 39
62 82 61
62 84 38
62 85 33
62 86 48
62 87 16
62 89 53
62 92 58
62 93 37
62 94 52
62 96 33
62 97 37
62 98 52
62 99 19
63 64 29
63 66 47
63 67 54
63 69 60
63 70 41
63 71 10
63 73 49
63 74 51
63 75 23
63 78 59
63 79 49
63 80 58
63 82 60
63 85 48
63 86 61
63 87 32
63 88 10
63 89 49
63 90 38
63 91 53
63 93 28
63 94 72
63 95 68
63 96 14
63 97 30
63 98 33
63 99 41
64 65 40
64 67 42
64 68 7
64 69 78
64 70 69
64 72 61
64 73 73
64 74 73
64 75 29
64 77 46
64 78 88
64 81 43
64 82 72
64 84 45
64 87 25
64 88 20
64 89 64
64 92 69
64 96 36
64 97 34
64 98 61
65 67 37
65 68 44
65 70 55
65 72 85
65 73 72
65 74 74
65 75 11
65 76 52
65 77 65
65 78 59
65 79 75
65 80 85
65 83 15
65 84 28
65 85 72
65 86 86
65 87 55
65 88 26
65 89 76
65 90 60
65 91 80
65 93 8
65 95 90
65 96 15
65 97 11
65 98 49
65 99 59
66 67 88
66 68 76
66 69 62
66 70 19
66 72 84
66 73 45
66 74 50
66 75 58
66 76 75
66 77 66
66 78 13
66 79 82
66 80 82
66 84 31
66 85 87
66 86 94
66 87 74
66 88 56
66 89 62
66 91 82
66 92 77
66 93 58
66 95 107
66 96 42
66 98 24
67 68 49
67 69 113
67 70 90
67 71 47
67 72 102
67 73 103
67 74 105
67 76 62
67 77 85
67 78 96
67 79 90
67 80 104
67 81 30
67 83 44
67 84 62
67 85 82
67 87 67
67 93 30
67 94 92
67 95 95
67 96 48
68 69 73
68 70 67
68 72 53
68 73 68
68 75 34
68 78 88
68 79 41
68 80 56
68 81 49
68 82 65
68 83 34
68 84 45
68 85 33
68 86 49
68 87 18
68 88 21
68 89 58
68 90 20
68 91 48
68 93 40
68 95 48
68 96 38
68 97 39
68 98 59
68 99 15
69 71 66
69 73 17
69 74 12
69 75 83
69 76 62
69 77 34
69 78 73
69 80 33
69 81 95
69 82 18
69 84 58
69 85 57
69 86 52
69 90 61
69 93 88
69 94 81
69 95 71
69 97 90
69 98 42
70 73 26
70 74 31
70 76 64
70 77 50
70 78 31
70 80 64
70 81 64
70 83 46
70 84 28
70 85 72
70 86 77
70 88 51
70 90 68
70 92 59
70 93 60
70 94 99
70 99 76
71 72 58
71 74 58
71 77 40
71 78 69
71 79 48
71 82 64
71 83 14
71 84 25
71 85 45
71 87 28
71 88 1
71 89 54
71 91 53
71 92 63
71 93 26
71 94 66
71 96 19
71 97 27
71 98 43
71 99 34
72 77 20
72 78 97
72 79 12
72 80 5
72 85 25
72 88 60
72 89 26
72 91 5
72 93 84
72 94 45
72 95 34
72 96 71
72 97 85
73 75 72
73 77 36
73 78 56
73 79 50
73 80 43
73 81 82
73 82 31
73 84 44
73 85 60
73 87 56
73 88 58
73 89 21
73 90 61
73 96 57
73 97 78
73 98 25
74 75 74
74 76 59
74 77 33
74 79 47
74 80 39
74 81 84
74 82 26
74 83 62
74 84 47
74 85 58
74 86 56
74 87 55
74 88 59
74 89 17
74 90 59
74 91 43
74 92 31
74 94 84
74 95 74
74 98 30
75 76 43
75 77 60
75 79 68
75 81 15
75 82 83
75 83 13
75 85 64
75 86 79
75 87 47
75 88 19
75 89 73
75 90 51
75 91 73
75 92 82
75 93 6
75 94 82
75 95 81
75 96 16
75 97 7
75 98 52
76 79 28
76 82 53
76 83 39
76 84 46
76 85 21
76 86 37
76 87 5
76 88 26
76 89 48
76 90 8
76 92 50
76 94 41
76 95 38
76 96 43
76 97 49
76 98 55
77 78 79
77 79 16
77 80 20
77 82 26
77 83 50
77 86 28
77 88 41
77 89 19
77 90 26
77 92 23
77 93 65
77 94 52
77 95 43
77 97 66
77 99 38
78 80 94
78 81 66
78 83 58
78 84 43
78 87 87
78 89 74
78 90 93
78 92 89
78 93 67
78 94 127
78 95 120
78 96 53
78 99 99
79 80 16
79 81 83
79 82 30
79 84 59
79 87 23
79 89 30
79 90 22
79 91 7
79 92 25
79 93 74
79 94 37
79 96 63
79 98 58
79 99 33
80 83 70
80 84 65
80 85 29
80 86 20
80 87 38
80 88 61
80 89 21
80 91 9
80 92 10
80 94 50
80 96 71
80 97 86
80 99 49
81 82 96
81 83 24
81 84 38
81 86 94
81 87 62
81 88 33
81 89 85
81 92 96
81 95 96
81 97 10
81 98 59
82 83 72
82 84 63
82 85 43
82 86 35
82 87 48
82 88 65
82 89 12
82 90 50
82 91 23
82 93 88
82 94 65
82 96 72
82 98 52
82 99 62
83 84 18
83 85 58
83 86 72
83 87 42
83 88 13
83 91 65
83 92 72
83 94 80
83 95 77
83 96 5
83 97 19
83 98 39
83 99 48
84 85 61
84 87 46
84 88 25
84 89 51
84 90 52
84 92 64
84 94 86
84 95 81
84 96 14
84 97 35
84 98 22
84 99 56
85 87 17
85 88 46
85 89 42
85 92 38
85 93 70
85 94 27
85 97 70
85 98 65
85 99 22
86 87 32
86 88 60
86 89 39
86 91 14
86 92 30
86 95 19
86 96 75
86 97 85
86 98 71
86 99 38
87 88 29
87 90 6
87 91 30
87 92 45
87 93 53
87 94 40
87 95 36
87 96 45
87 98 54
87 99 15
88 89 55
88 90 34
88 91 54
88 92 64
88 93 24
88 94 67
88 98 43
88 99 35
89 90 46
89 91 26
89 92 15
89 93 77
89 94 68
89 95 58
89 96 61
89 97 79
89 99 57
90 93 57
90 96 51
90 97 57
90 99 12
91 92 18
91 93 79
91 95 32
91 97 80
92 93 87
92 94 60
92 95 49
92 96 72
92 97 89
93 95 87
93 96 19
93 97 3
94 95 11
94 96 84
94 97 87
95 97 87
95 98 84
95 99 34
96 97 21
96 99 52
97 99 54
98 99 67
