50 0.3 0 1 0.1 1225 368 6
0.598476 0.689004 5
0.364772 0.561519 7
0.792209 0.179598 8
0.436828 0.470397 7
0.29421 0.914267 7
0.714741 0.665802 4
0.439394 0.816209 6
0.311402 0.944071 7
0.998256 0.754207 2
0.502079 0.4316 7
0.642306 0.506937 6
0.48853 0.584795 6
0.69872 0.339222 7
0.226341 0.329329 10
0.205112 0.231345 11
0.968066 0.834964 2
0.778619 0.770915 3
0.643643 0.151496 9
0.965339 0.760293 2
0.779698 0.570942 5
0.937352 0.690355 3
0.444181 0.14557 10
0.969335 0.990881 0
0.706045 0.431197 6
0.154761 0.390044 10
0.554389 0.582361 6
0.616379 0.0330283 10
0.768763 0.378341 6
0.0825359 0.443486 10
0.782114 0.464143 6
0.916549 0.535745 5
0.334211 0.548004 8
0.686866 0.530519 5
0.325246 0.807623 7
0.668764 0.0709325 10
0.681207 0.204096 8
0.902884 0.0495286 9
0.773294 0.0448996 10
0.558905 0.488971 6
0.990572 0.723799 3
0.837524 0.718329 3
0.845504 0.312502 7
0.163312 0.539856 9
0.556317 0.253812 8
0.572931 0.681783 5
0.579167 0.242382 8
0.553364 0.305349 8
0.800282 0.66168 4
0.391156 0.651965 7
0.0948146 0.806087 9
0 1 27
0 2 55
0 3 27
0 4 38
0 5 12
0 6 20
0 7 38
0 8 41
0 9 27
0 10 19
0 11 15
0 12 36
0 13 52
0 14 60
0 15 40
0 16 20
0 17 54
0 18 37
0 19 22
0 20 34
0 21 56
0 22 48
0 23 28
0 24 54
0 25 12
0 26 66
0 27 35
0 28 57
0 29 29
0 30 35
0 31 30
0 32 18
0 33 30
0 34 62
0 35 49
0 36 71
0 37 67
0 38 20
0 39 39
0 40 24
0 41 45
0 42 46
0 43 44
0 44 3
0 45 45
0 46 39
0 47 20
0 48 21
0 49 52
1 2 57
1 3 12
1 4 36
1 5 37
1 6 27
1 7 39
1 8 66
1 9 19
1 10 28
1 11 13
1 12 40
1 13 27
1 14 37
1 15 66
1 16 46
1 17 50
1 18 63
1 19 42
1 20 59
1 21 42
1 22 74
1 23 37
1 24 27
1 25 19
1 26 59
1 27 44
1 28 31
1 29 43
1 30 55
1 31 3
1 32 32
1 33 25
1 34 58
1 35 48
1 36 74
1 37 66
1 38 21
1 39 65
1 40 50
1 41 54
1 42 20
1 43 36
1 44 24
1 45 38
1 46 32
1 47 45
1 48 9
1 49 36
2 3 46
2 4 89
2 5 49
2 6 73
2 7 90
2 8 61
2 9 38
2 10 36
2 11 51
2 12 18
2 13 59
2 14 59
2 15 68
2 16 59
2 17 15
2 18 61
2 19 39
2 20 53
2 21 35
2 22 83
2 23 27
2 24 67
2 25 47
2 26 23
2 27 20
2 28 76
2 29 28
2 30 38
2 31 59
2 32 37
2 33 78
2 34 16
2 35 11
2 36 17
2 37 14
2 38 39
2 39 58
2 40 54
2 41 14
2 42 72
2 43 25
2 44 55
2 45 22
2 46 27
2 47 48
2 48 62
2 49 94
3 4 47
3 5 34
3 6 35
3 7 49
3 8 63
3 9 8
3 10 21
3 11 13
3 12 29
3 13 25
3 14 33
3 15 64
3 16 46
3 17 38
3 18 60
3 19 36
3 20 55
3 21 32
3 22 74
3 23 27
3 24 29
3 25 16
3 26 47
3 27 34
3 28 36
3 29 35
3 30 48
3 31 13
3 32 26
3 33 36
3 34 46
3 35 36
3 36 63
3 37 54
3 38 12
3 39 61
3 40 47
3 41 44
3 42 28
3 43 25
3 44 25
3 45 27
3 46 20
3 47 41
3 48 19
3 49 48
4 5 49
4 6 18
4 7 3
4 8 72
4 9 53
4 10 54
4 11 38
4 12 70
4 13 59
4 14 69
4 15 68
4 16 51
4 17 84
4 18 69
4 19 59
4 20 68
4 21 78
4 22 68
4 23 63
4 24 54
4 25 42
4 26 94
4 27 72
4 28 52
4 29 66
4 30 73
4 31 37
4 32 55
4 33 11
4 34 92
4 35 81
4 36 106
4 37 99
4 38 50
4 39 72
4 40 58
4 41 82
4 42 40
4 43 71
4 44 36
4 45 73
4 46 66
4 47 57
4 48 28
4 49 23
5 6 31
5 7 49
5 8 30
5 9 32
5 10 17
5 11 24
5 12 33
5 13 59
5 14 67
5 15 30
5 16 12
5 17 52
5 18 27
5 19 11
5 20 22
5 21 59
5 22 41
5 23 23
5 24 62
5 25 18
5 26 64
5 27 29
5 28 67
5 29 21
5 30 24
5 31 40
5 32 14
5 33 41
5 34 60
5 35 46
5 36 64
5 37 62
5 38 24
5 39 28
5 40 13
5 41 38
5 42 57
5 43 44
5 44 14
5 45 44
5 46 39
5 47 9
5 48 32
5 49 64
6 7 18
6 8 56
6 9 39
6 10 37
6 11 24
6 12 54
6 13 53
6 14 63
6 15 53
6 16 34
6 17 70
6 18 53
6 19 42
6 20 51
6 21 67
6 22 56
6 23 47
6 24 51
6 25 26
6 26 80
6 27 55
6 28 52
6 29 49
6 30 55
6 31 29
6 32 38
6 33 11
6 34 78
6 35 66
6 36 90
6 37 84
6 38 35
6 39 56
6 40 41
6 41 65
6 42 39
6 43 57
6 44 19
6 45 59
6 46 52
6 47 39
6 48 17
6 49 34
7 8 71
7 9 55
7 10 55
7 11 40
7 12 72
7 13 62
7 14 72
7 15 67
7 16 50
7 17 86
7 18 68
7 19 60
7 20 68
7 21 81
7 22 66
7 23 65
7 24 58
7 25 44
7 26 96
7 27 73
7 28 55
7 29 67
7 30 73
7 31 40
7 32 56
7 33 14
7 34 94
7 35 83
7 36 107
7 37 101
7 38 52
7 39 71
7 40 57
7 41 83
7 42 43
7 43 73
7 44 37
7 45 75
7 46 68
7 47 56
7 48 30
7 49 26
8 9 59
8 10 43
8 11 54
8 12 51
8 13 88
8 14 95
8 15 9
8 16 22
8 17 70
8 18 3
8 19 29
8 20 9
8 21 82
8 22 24
8 23 44
8 24 92
8 25 48
8 26 82
8 27 44
8 28 97
8 29 36
8 30 23
8 31 70
8 32 38
8 33 68
8 34 76
8 35 63
8 36 71
8 37 74
8 38 51
8 39 3
8 40 16
8 41 47
8 42 86
8 43 67
8 44 43
8 45 66
8 46 63
8 47 22
8 48 62
8 49 90
9 10 16
9 11 15
9 12 22
9 13 29
9 14 36
9 15 62
9 16 44
9 17 31
9 18 57
9 19 31
9 20 51
9 21 29
9 22 73
9 23 20
9 24 35
9 25 16
9 26 41
9 27 27
9 28 42
9 29 28
9 30 43
9 31 20
9 32 21
9 33 42
9 34 40
9 35 29
9 36 55
9 37 47
9 38 8
9 39 57
9 40 44
9 41 36
9 42 36
9 43 19
9 44 26
9 45 20
9 46 14
9 47 38
9 48 25
9 49 55
10 11 17
10 12 18
10 13 45
10 14 52
10 15 46
10 16 30
10 17 36
10 18 41
10 19 15
10 20 35
10 21 41
10 22 58
10 23 10
10 24 50
10 25 12
10 26 47
10 27 18
10 28 56
10 29 15
10 30 28
10 31 31
10 32 5
10 33 44
10 34 44
10 35 31
10 36 53
10 37 48
10 38 9
10 39 41
10 40 29
10 41 28
10 42 48
10 43 27
10 44 19
10 45 27
10 46 22
10 47 22
10 48 29
10 49 62
11 12 32
11 13 37
11 14 45
11 15 54
11 16 34
11 17 46
11 18 51
11 19 29
11 20 46
11 21 44
11 22 63
11 23 27
11 24 39
11 25 7
11 26 57
11 27 35
11 28 43
11 29 32
11 30 43
11 31 16
11 32 21
11 33 28
11 34 54
11 35 43
11 36 68
11 37 61
11 38 12
11 39 52
11 40 37
11 41 45
11 42 33
11 43 34
11 44 13
11 45 35
11 46 29
11 47 32
11 48 12
11 49 45
12 13 47
12 14 51
12 15 56
12 16 44
12 17 20
12 18 50
12 19 25
12 20 42
12 21 32
12 22 71
12 23 9
12 24 55
12 25 28
12 26 32
12 27 8
12 28 62
12 29 15
12 30 29
12 31 42
12 32 19
12 33 60
12 34 27
12 35 14
12 36 35
12 37 30
12 38 20
12 39 48
12 40 40
12 41 15
12 42 57
12 43 17
12 44 36
12 45 15
12 46 15
12 47 34
12 48 44
12 49 76
13 14 10
13 15 90
13 16 71
13 17 45
13 18 86
13 19 60
13 20 80
13 21 28
13 22 99
13 23 49
13 24 9
13 25 41
13 26 49
13 27 54
13 28 18
13 29 57
13 30 72
13 31 24
13 32 50
13 33 49
13 34 51
13 35 47
13 36 73
13 37 62
13 38 37
13 39 86
13 40 72
13 41 62
13 42 22
13 43 34
13 44 49
13 45 36
13 46 33
13 47 66
13 48 36
13 49 49
14 15 97
14 16 79
14 17 45
14 18 93
14 19 67
14 20 86
14 21 25
14 22 108
14 23 54
14 24 17
14 25 50
14 26 46
14 27 58
14 28 25
14 29 62
14 30 77
14 31 34
14 32 57
14 33 59
14 34 49
14 35 48
14 36 72
14 37 60
14 38 44
14 39 93
14 40 80
14 41 65
14 42 31
14 43 35
14 44 58
14 45 37
14 46 36
14 47 73
14 48 46
14 49 59
15 16 20
15 17 76
15 18 7
15 19 32
15 20 15
15 21 87
15 22 16
15 23 48
15 24 93
15 25 48
15 26 88
15 27 50
15 28 97
15 29 41
15 30 30
15 31 70
15 32 41
15 33 64
15 34 82
15 35 69
15 36 79
15 37 81
15 38 54
15 39 11
15 40 18
15 41 54
15 42 86
15 43 71
15 44 42
15 45 71
15 46 67
15 47 24
15 48 61
15 49 87
16 17 63
16 18 19
16 19 20
16 20 18
16 21 71
16 22 29
16 23 35
16 24 73
16 25 29
16 26 76
16 27 39
16 28 77
16 29 31
16 30 27
16 31 50
16 32 26
16 33 45
16 34 71
16 35 58
16 36 73
16 37 73
16 38 36
16 39 22
16 40 8
16 41 46
16 42 66
16 43 56
16 44 22
16 45 56
16 46 52
16 47 11
16 48 41
16 49 68
17 18 69
17 19 44
17 20 61
17 21 20
17 22 90
17 23 29
17 24 54
17 25 44
17 26 12
17 27 26
17 28 63
17 29 34
17 30 47
17 31 50
17 32 38
17 33 73
17 34 8
17 35 6
17 36 28
17 37 17
17 38 35
17 39 67
17 40 60
17 41 26
17 42 62
17 43 13
17 44 53
17 45 11
17 46 18
17 47 53
17 48 56
17 49 85
18 19 27
18 20 8
18 21 81
18 22 23
18 23 42
18 24 89
18 25 45
18 26 81
18 27 43
18 28 94
18 29 35
18 30 23
18 31 67
18 32 36
18 33 64
18 34 75
18 35 62
18 36 71
18 37 74
18 38 49
18 39 4
18 40 13
18 41 46
18 42 83
18 43 65
18 44 40
18 45 65
18 46 61
18 47 19
18 48 58
18 49 87
19 20 20
19 21 54
19 22 46
19 23 16
19 24 65
19 25 23
19 26 56
19 27 19
19 28 71
19 29 11
19 30 14
19 31 45
19 32 10
19 33 51
19 34 51
19 35 38
19 36 54
19 37 53
19 38 24
19 39 26
19 40 16
19 41 27
19 42 62
19 43 39
19 44 23
19 45 38
19 46 35
19 47 9
19 48 40
19 49 72
20 21 73
20 22 30
20 23 35
20 24 84
20 25 40
20 26 73
20 27 35
20 28 89
20 29 27
20 30 16
20 31 62
20 32 30
20 33 62
20 34 68
20 35 55
20 36 64
20 37 67
20 38 43
20 39 6
20 40 10
20 41 39
20 42 79
20 43 58
20 44 36
20 45 57
20 46 54
20 47 14
20 48 55
20 49 85
21 22 100
21 23 39
21 24 38
21 25 45
21 26 21
21 27 40
21 28 47
21 29 46
21 30 61
21 31 42
21 32 46
21 33 67
21 34 24
21 35 24
21 36 47
21 37 34
21 38 36
21 39 80
21 40 69
21 41 43
21 42 48
21 43 16
21 44 55
21 45 17
21 46 19
21 47 63
21 48 51
21 49 75
22 23 62
22 24 101
22 25 58
22 26 102
22 27 64
22 28 104
22 29 56
22 30 46
22 31 77
22 32 54
22 33 67
22 34 97
22 35 84
22 36 94
22 37 97
22 38 65
22 39 27
22 40 30
22 41 69
22 42 92
22 43 84
22 44 50
22 45 84
22 46 80
22 47 37
22 48 67
22 49 89
23 24 55
23 25 21
23 26 41
23 27 8
23 28 62
23 29 8
23 30 24
23 31 39
23 32 10
23 33 54
23 34 36
23 35 23
23 36 43
23 37 39
23 38 16
23 39 41
23 40 32
23 41 18
23 42 55
23 43 23
23 44 28
23 45 23
23 46 20
23 47 25
23 48 38
23 49 72
24 25 44
24 26 58
24 27 61
24 28 9
24 29 63
24 30 78
24 31 24
24 32 55
24 33 45
24 34 61
24 35 56
24 36 82
24 37 71
24 38 42
24 39 90
24 40 76
24 41 70
24 42 15
24 43 42
24 44 51
24 45 45
24 46 41
24 47 70
24 48 35
24 49 42
25 26 55
25 27 30
25 28 49
25 29 26
25 30 37
25 31 22
25 32 14
25 33 32
25 34 52
25 35 40
25 36 64
25 37 58
25 38 9
25 39 46
25 40 31
25 41 40
25 42 39
25 43 33
25 44 10
25 45 34
25 46 28
25 47 26
25 48 18
25 49 51
26 27 38
26 28 67
26 29 46
26 30 59
26 31 59
26 32 50
26 33 83
26 34 6
26 35 18
26 36 29
26 37 16
26 38 46
26 39 79
26 40 72
26 41 36
26 42 68
26 43 23
26 44 65
26 45 21
26 46 28
26 47 65
26 48 66
26 49 93
27 28 69
27 29 9
27 30 22
27 31 47
27 32 17
27 33 62
27 34 32
27 35 20
27 36 36
27 37 33
27 38 24
27 39 41
27 40 35
27 41 10
27 42 63
27 43 25
27 44 36
27 45 23
27 46 23
27 47 29
27 48 47
27 49 80
28 29 70
28 30 84
28 31 27
28 32 61
28 33 44
28 34 69
28 35 64
28 36 91
28 37 80
28 38 48
28 39 95
28 40 80
28 41 77
28 42 13
28 43 51
28 44 55
28 45 54
28 46 49
28 47 75
28 48 37
28 49 36
29 30 15
29 31 46
29 32 12
29 33 57
29 34 41
29 35 28
29 36 43
29 37 42
29 38 22
29 39 33
29 40 26
29 41 16
29 42 62
29 43 31
29 44 30
29 45 30
29 46 28
29 47 20
29 48 43
29 49 77
30 31 58
30 32 23
30 33 65
30 34 53
30 35 41
30 36 49
30 37 51
30 38 36
30 39 20
30 40 20
30 41 23
30 42 75
30 43 46
30 44 37
30 45 45
30 46 43
30 47 17
30 48 54
30 49 87
31 32 35
31 33 26
31 34 58
31 35 49
31 36 76
31 37 67
31 38 23
31 39 68
31 40 53
31 41 56
31 42 17
31 43 37
31 44 27
31 45 39
31 46 33
31 47 48
31 48 12
31 49 35
32 33 46
32 34 46
32 35 33
32 36 53
32 37 49
32 38 13
32 39 36
32 40 24
32 41 27
32 42 52
32 43 31
32 44 19
32 45 31
32 46 26
32 47 17
32 48 32
32 49 65
33 34 81
33 35 70
33 36 95
33 37 88
33 38 40
33 39 67
33 40 52
33 41 72
33 42 31
33 43 60
33 44 28
33 45 62
33 46 55
33 47 50
33 48 17
33 49 23
34 35 13
34 36 24
34 37 11
34 38 43
34 39 73
34 40 67
34 41 30
34 42 69
34 43 21
34 44 62
34 45 19
34 46 26
34 47 61
34 48 64
34 49 93
35 36 27
35 37 18
35 38 31
35 39 60
35 40 54
35 41 20
35 42 62
35 43 13
35 44 49
35 45 11
35 46 16
35 47 47
35 48 53
35 49 84
36 37 13
36 38 56
36 39 68
36 40 67
36 41 27
36 42 89
36 43 40
36 44 71
36 45 38
36 46 43
36 47 62
36 48 79
36 49 111
37 38 49
37 39 71
37 40 68
37 41 28
37 42 79
37 43 30
37 44 67
37 45 28
37 46 34
37 47 62
37 48 72
37 49 102
38 39 49
38 40 36
38 41 34
38 42 40
38 43 24
38 44 19
38 45 25
38 46 18
38 47 30
38 48 23
38 49 56
39 40 15
39 41 44
39 42 85
39 43 64
39 44 42
39 45 63
39 46 61
39 47 20
39 48 60
39 49 90
40 41 41
40 42 70
40 43 54
40 44 27
40 45 54
40 46 50
40 47 7
40 48 45
40 49 75
41 42 72
41 43 30
41 44 46
41 45 28
41 46 29
41 47 35
41 48 57
41 49 90
42 43 49
42 44 43
42 45 51
42 46 46
42 47 65
42 48 25
42 49 27
43 44 43
43 45 3
43 46 5
43 47 48
43 48 43
43 49 72
44 45 44
44 46 38
44 47 23
44 48 18
44 49 49
45 46 7
45 47 47
45 48 45
45 49 74
46 47 43
46 48 38
46 49 68
47 48 41
47 49 72
48 49 33
0 1 27
0 3 27
0 5 12
0 6 20
0 7 38
0 10 19
0 14 60
0 20 34
0 21 56
0 27 35
0 28 57
0 34 62
0 42 46
0 43 44
0 44 3
0 47 20
0 48 21
1 3 12
1 4 36
1 10 28
1 16 46
1 20 59
1 21 42
1 24 27
1 30 55
1 32 32
1 37 66
2 8 61
2 11 51
2 13 59
2 15 68
2 16 59
2 19 39
2 24 67
2 28 76
2 34 16
2 37 14
2 40 54
2 41 14
2 44 55
3 9 8
3 12 29
3 13 25
3 19 36
3 23 27
3 26 47
3 27 34
3 29 35
3 30 48
3 32 26
3 36 63
3 40 47
3 41 44
3 49 48
4 6 18
4 11 38
4 12 70
4 14 69
4 15 68
4 18 69
4 19 59
4 21 78
4 22 68
4 23 63
4 28 52
4 29 66
4 31 37
4 35 81
4 37 99
4 38 50
4 39 72
4 40 58
4 44 36
4 47 57
4 48 28
5 7 49
5 8 30
5 11 24
5 20 22
5 21 59
5 23 23
5 25 18
5 28 67
5 33 41
5 37 62
5 41 38
5 46 39
6 13 53
6 14 63
6 20 51
6 21 67
6 26 80
6 29 49
6 36 90
6 40 41
6 44 19
6 46 52
6 48 17
7 8 71
7 9 55
7 11 40
7 15 67
7 16 50
7 17 86
7 19 60
7 22 66
7 25 44
7 27 73
7 28 55
7 35 83
7 40 57
7 44 37
7 45 75
7 46 68
7 48 30
8 9 59
8 11 54
8 13 88
8 21 82
8 24 92
8 26 82
8 28 97
8 30 23
8 34 76
8 40 16
8 43 67
8 44 43
8 48 62
9 11 15
9 12 22
9 14 36
9 15 62
9 20 51
9 26 41
9 33 42
9 38 8
9 42 36
9 44 26
9 49 55
10 12 18
10 14 52
10 17 36
10 18 41
10 19 15
10 24 50
10 26 47
10 29 15
10 38 9
10 45 27
11 14 45
11 15 54
11 17 46
11 18 51
11 21 44
11 22 63
11 25 7
11 27 35
11 28 43
11 36 68
11 39 52
11 42 33
11 47 32
12 14 51
12 19 25
12 23 9
12 30 29
12 31 42
12 32 19
12 33 60
12 38 20
12 44 36
12 47 34
13 15 90
13 22 99
13 24 9
13 27 54
13 28 18
13 30 72
13 31 24
13 33 49
13 37 62
13 43 34
13 45 36
14 15 97
14 16 79
14 17 45
14 18 93
14 20 86
14 22 108
14 24 17
14 27 58
14 29 62
14 37 60
14 39 93
14 40 80
14 41 65
14 42 31
14 43 35
14 45 37
14 47 73
14 48 46
15 16 20
15 17 76
15 20 15
15 21 87
15 22 16
15 23 48
15 27 50
15 29 41
15 30 30
15 33 64
15 37 81
15 42 86
15 45 71
15 47 24
16 18 19
16 19 20
16 26 76
16 30 27
16 32 26
16 33 45
16 36 73
16 39 22
16 47 11
16 49 68
17 20 61
17 22 90
17 25 44
17 28 63
17 30 47
17 32 38
17 35 6
17 37 17
17 40 60
17 48 56
18 19 27
18 21 81
18 22 23
18 23 42
18 26 81
18 28 94
18 30 23
18 34 75
18 37 74
18 38 49
18 39 4
18 46 61
18 48 58
19 20 20
19 22 46
19 25 23
19 27 19
19 28 71
19 30 14
19 39 26
19 43 39
19 47 9
20 21 73
20 23 35
20 25 40
20 26 73
20 27 35
20 42 79
20 43 58
20 46 54
20 49 85
21 24 38
21 26 21
21 28 47
21 30 61
21 32 46
21 35 24
21 39 80
21 41 43
21 42 48
21 43 16
21 44 55
21 47 63
22 25 58
22 27 64
22 33 67
22 34 97
22 35 84
22 39 27
23 24 55
23 32 10
23 33 54
23 34 36
23 37 39
23 43 23
23 46 20
24 25 44
24 28 9
24 30 78
24 31 24
24 36 82
24 37 71
24 41 70
24 48 35
25 27 30
25 28 49
25 31 22
25 39 46
25 45 34
26 31 59
26 47 65
26 48 66
27 29 9
27 30 22
27 33 62
27 37 33
27 49 80
28 35 64
28 36 91
28 38 48
29 30 15
29 31 46
29 36 43
29 38 22
29 44 30
29 48 43
29 49 77
30 32 23
30 37 51
30 39 20
30 40 20
30 41 23
30 44 37
30 48 54
31 33 26
31 39 68
31 41 56
31 44 27
32 35 33
32 38 13
32 40 24
32 42 52
32 43 31
32 46 26
32 47 17
33 34 81
33 41 72
33 44 28
34 37 11
34 44 62
36 37 13
36 40 67
36 41 27
36 42 89
36 43 40
36 46 43
36 49 111
37 39 71
37 44 67
39 43 64
40 44 27
40 45 54
40 46 50
40 48 45
41 46 29
42 46 46
42 49 27
44 46 38
44 47 23
44 49 49
45 48 45
45 49 74
46 49 68
