50 1225 368 10 19
0.355728 0.679271 22
0.341958 0.193167 44
0.00565373 0.756247 57
0.905654 0.0736409 62
0.42562 0.972116 41
0.103537 0.36032 50
0.682807 0.274829 33
0.771786 0.666573 24
0.726359 0.198241 42
0.881538 0.0273866 65
0.541538 0.276031 31
0.880471 0.50733 34
0.722593 0.367471 28
0.917765 0.835217 45
0.587328 0.824286 25
0.990304 0.74162 47
0.142094 0.548589 41
0.547662 0.581298 0
0.388461 0.52959 17
0.235776 0.00351608 66
0.614434 0.744613 18
0.0433352 0.806817 55
0.28814 0.0694729 57
0.0343075 0.0372225 75
0.652309 0.473853 15
0.0930422 0.550068 46
0.274273 0.257258 42
0.689672 0.784419 25
0.990207 0.833192 51
0.57148 0.885992 31
0.541304 0.0811292 50
0.704742 0.588598 16
0.822153 0.605638 28
0.758636 0.679171 23
0.182071 0.442904 39
0.209709 0.457818 36
0.0263473 0.158014 67
0.614389 0.0794563 51
0.683785 0.271662 34
0.914893 0.277144 48
0.592238 0.132022 45
0.970277 0.463618 44
0.680645 0.604726 14
0.879651 0.0404626 63
0.709987 0.456055 21
0.686047 0.837193 29
0.540962 0.027402 55
0.377623 0.915307 37
0.959393 0.480691 42
0.8152 0.158171 50
0 1 49
0 2 36
0 3 82
0 4 30
0 5 41
0 6 52
0 7 42
0 8 61
0 9 84
0 10 44
0 11 55
0 12 48
0 13 58
0 14 27
0 15 64
0 16 25
0 17 22
0 18 15
0 19 69
0 20 27
0 21 34
0 22 61
0 23 72
0 24 36
0 25 29
0 26 43
0 27 35
0 28 65
0 29 30
0 30 63
0 31 36
0 32 47
0 33 40
0 34 29
0 35 27
0 36 62
0 37 65
0 38 52
0 39 69
0 40 60
0 41 65
0 42 33
0 43 83
0 44 42
0 45 37
0 46 68
0 47 24
0 48 64
0 49 69
1 2 66
1 3 58
1 4 78
1 5 29
1 6 35
1 7 64
1 8 38
1 9 56
1 10 22
1 11 62
1 12 42
1 13 86
1 14 68
1 15 85
1 16 41
1 17 44
1 18 34
1 19 22
1 20 62
1 21 68
1 22 13
1 23 34
1 24 42
1 25 44
1 26 9
1 27 69
1 28 91
1 29 73
1 30 23
1 31 54
1 32 63
1 33 64
1 34 30
1 35 30
1 36 32
1 37 30
1 38 35
1 39 58
1 40 26
1 41 68
1 42 53
1 43 56
1 44 45
1 45 73
1 46 26
1 47 72
1 48 68
1 49 47
2 3 113
2 4 47
2 5 41
2 6 83
2 7 77
2 8 91
2 9 114
2 10 72
2 11 91
2 12 82
2 13 92
2 14 59
2 15 98
2 16 25
2 17 57
2 18 44
2 19 79
2 20 61
2 21 6
2 22 74
2 23 72
2 24 71
2 25 22
2 26 57
2 27 68
2 28 99
2 29 58
2 30 86
2 31 72
2 32 83
2 33 76
2 34 36
2 35 36
2 36 60
2 37 91
2 38 83
2 39 103
2 40 86
2 41 101
2 42 69
2 43 113
2 44 77
2 45 69
2 46 90
2 47 40
2 48 99
2 49 101
3 4 102
3 5 85
3 6 30
3 7 61
3 8 22
3 9 5
3 10 42
3 11 43
3 12 35
3 13 76
3 14 82
3 15 67
3 16 90
3 17 62
3 18 69
3 19 67
3 20 73
3 21 113
3 22 62
3 23 87
3 24 47
3 25 94
3 26 66
3 27 74
3 28 76
3 29 88
3 30 36
3 31 55
3 32 54
3 33 62
3 34 81
3 35 79
3 36 88
3 37 29
3 38 30
3 39 20
3 40 32
3 41 40
3 42 58
3 43 4
3 44 43
3 45 79
3 46 37
3 47 99
3 48 41
3 49 12
4 5 69
4 6 74
4 7 46
4 8 83
4 9 105
4 10 71
4 11 65
4 12 67
4 13 51
4 14 22
4 15 61
4 16 51
4 17 41
4 18 44
4 19 99
4 20 30
4 21 42
4 22 91
4 23 101
4 24 55
4 25 54
4 26 73
4 27 32
4 28 58
4 29 17
4 30 90
4 31 47
4 32 54
4 33 44
4 34 58
4 35 56
4 36 91
4 37 91
4 38 75
4 39 85
4 40 86
4 41 75
4 42 45
4 43 104
4 44 59
4 45 29
4 46 95
4 47 7
4 48 73
4 49 90
5 6 59
5 7 74
5 8 64
5 9 85
5 10 45
5 11 79
5 12 62
5 13 94
5 14 67
5 15 97
5 16 19
5 17 50
5 18 33
5 19 38
5 20 64
5 21 45
5 22 34
5 23 33
5 24 56
5 25 19
5 26 20
5 27 72
5 28 100
5 29 70
5 30 52
5 31 64
5 32 76
5 33 73
5 34 11
5 35 14
5 36 22
5 37 58
5 38 59
5 39 82
5 40 54
5 41 87
5 42 63
5 43 84
5 44 61
5 45 75
5 46 55
5 47 62
5 48 86
5 49 74
6 7 40
6 8 9
6 9 32
6 10 14
6 11 31
6 12 10
6 13 61
6 14 56
6 15 56
6 16 61
6 17 33
6 18 39
6 19 52
6 20 47
6 21 83
6 22 44
6 23 69
6 24 20
6 25 65
6 26 41
6 27 51
6 28 64
6 29 62
6 30 24
6 31 31
6 32 36
6 33 41
6 34 53
6 35 51
6 36 67
6 37 21
6 38 0
6 39 23
6 40 17
6 41 34
6 42 33
6 43 31
6 44 18
6 45 56
6 46 29
6 47 71
6 48 34
6 49 18
7 8 47
7 9 65
7 10 45
7 11 19
7 12 30
7 13 22
7 14 24
7 15 23
7 16 64
7 17 24
7 18 41
7 19 85
7 20 18
7 21 74
7 22 77
7 23 97
7 24 23
7 25 69
7 26 64
7 27 14
7 28 27
7 29 30
7 30 63
7 31 10
7 32 8
7 33 2
7 34 63
7 35 60
7 36 90
7 37 61
7 38 40
7 39 41
7 40 56
7 41 28
7 42 11
7 43 64
7 44 22
7 45 19
7 46 68
7 47 47
7 48 26
7 49 51
8 9 23
8 10 20
8 11 35
8 12 17
8 13 67
8 14 64
8 15 60
8 16 68
8 17 42
8 18 47
8 19 53
8 20 56
8 21 91
8 22 46
8 23 71
8 24 29
8 25 72
8 26 46
8 27 59
8 28 69
8 29 70
8 30 22
8 31 39
8 32 42
8 33 48
8 34 60
8 35 58
8 36 70
8 37 16
8 38 8
8 39 20
8 40 15
8 41 36
8 42 41
8 43 22
8 44 26
8 45 64
8 46 25
8 47 80
8 48 37
8 49 10
9 10 42
9 11 48
9 12 38
9 13 81
9 14 85
9 15 72
9 16 90
9 17 65
9 18 70
9 19 65
9 20 77
9 21 114
9 22 59
9 23 85
9 24 50
9 25 95
9 26 65
9 27 78
9 28 81
9 29 91
9 30 34
9 31 59
9 32 58
9 33 66
9 34 81
9 35 80
9 36 87
9 37 27
9 38 31
9 39 25
9 40 31
9 41 45
9 42 61
9 43 1
9 44 46
9 45 83
9 46 34
9 47 102
9 48 46
9 49 15
10 11 41
10 12 20
10 13 67
10 14 55
10 15 65
10 16 48
10 17 31
10 18 30
10 19 41
10 20 47
10 21 73
10 22 33
10 23 56
10 24 23
10 25 53
10 26 27
10 27 53
10 28 72
10 29 61
10 30 19
10 31 35
10 32 43
10 33 46
10 34 40
10 35 38
10 36 53
10 37 21
10 38 14
10 39 37
10 40 15
10 41 47
10 42 36
10 43 41
10 44 25
10 45 58
10 46 25
10 47 66
10 48 47
10 49 30
11 12 21
11 13 33
11 14 43
11 15 26
11 16 74
11 17 34
11 18 49
11 19 82
11 20 36
11 21 89
11 22 74
11 23 97
11 24 23
11 25 79
11 26 66
11 27 34
11 28 34
11 29 49
11 30 54
11 31 19
11 32 11
11 33 21
11 34 70
11 35 67
11 36 92
11 37 50
11 38 31
11 39 23
11 40 47
11 41 10
11 42 22
11 43 47
11 44 18
11 45 38
11 46 59
11 47 65
11 48 8
11 49 36
12 13 51
12 14 48
12 15 46
12 16 61
12 17 28
12 18 37
12 19 61
12 20 39
12 21 81
12 22 53
12 23 76
12 24 13
12 25 66
12 26 46
12 27 42
12 28 54
12 29 54
12 30 34
12 31 22
12 32 26
12 33 31
12 34 55
12 35 52
12 36 73
12 37 31
12 38 10
12 39 21
12 40 27
12 41 27
12 42 24
12 43 36
12 44 9
12 45 47
12 46 39
12 47 65
12 48 26
12 49 23
13 14 33
13 15 12
13 16 83
13 17 45
13 18 61
13 19 108
13 20 32
13 21 87
13 22 99
13 23 119
13 24 45
13 25 87
13 26 86
13 27 23
13 28 7
13 29 35
13 30 84
13 31 33
13 32 25
13 33 22
13 34 83
13 35 80
13 36 112
13 37 81
13 38 61
13 39 56
13 40 77
13 41 38
13 42 33
13 43 80
13 44 43
13 45 23
13 46 89
13 47 55
13 48 36
13 49 68
14 15 41
14 16 52
14 17 25
14 18 36
14 19 89
14 20 8
14 21 54
14 22 81
14 23 96
14 24 36
14 25 57
14 26 65
14 27 11
14 28 40
14 29 6
14 30 74
14 31 26
14 32 32
14 33 22
14 34 56
14 35 53
14 36 87
14 37 75
14 38 56
14 39 64
14 40 69
14 41 53
14 42 24
14 43 84
14 44 39
14 45 10
14 46 80
14 47 23
14 48 51
14 49 70
15 16 87
15 17 47
15 18 64
15 19 106
15 20 38
15 21 95
15 22 97
15 23 119
15 24 43
15 25 92
15 26 86
15 27 30
15 28 9
15 29 44
15 30 80
15 31 32
15 32 22
15 33 24
15 34 86
15 35 83
15 36 113
15 37 76
15 38 56
15 39 47
15 40 73
15 41 28
15 42 34
15 43 71
15 44 40
15 45 32
15 46 84
15 47 64
15 48 26
15 49 61
16 17 41
16 18 25
16 19 55
16 20 51
16 21 28
16 22 50
16 23 52
16 24 52
16 25 5
16 26 32
16 27 60
16 28 89
16 29 55
16 30 61
16 31 56
16 32 68
16 33 63
16 34 11
16 35 11
16 36 41
16 37 67
16 38 61
16 39 82
16 40 61
16 41 83
16 42 54
16 43 90
16 44 58
16 45 62
16 46 66
16 47 44
16 48 82
16 49 78
17 18 17
17 19 66
17 20 18
17 21 55
17 22 57
17 23 75
17 24 15
17 25 46
17 26 42
17 27 25
17 28 51
17 29 31
17 30 50
17 31 16
17 32 28
17 33 23
17 34 39
17 35 36
17 36 67
17 37 51
17 38 34
17 39 48
17 40 45
17 41 44
17 42 14
17 43 63
17 44 21
17 45 29
17 46 55
17 47 37
17 48 42
17 49 50
18 19 55
18 20 31
18 21 44
18 22 47
18 23 61
18 24 27
18 25 30
18 26 30
18 27 39
18 28 67
18 29 40
18 30 47
18 31 32
18 32 44
18 33 40
18 34 22
18 35 19
18 36 52
18 37 50
18 38 39
18 39 58
18 40 45
18 41 59
18 42 30
18 43 69
18 44 33
18 45 43
18 46 52
18 47 39
18 48 57
18 49 57
19 20 83
19 21 83
19 22 8
19 23 20
19 24 63
19 25 56
19 26 26
19 27 90
19 28 112
19 29 94
19 30 32
19 31 75
19 32 84
19 33 85
19 34 44
19 35 46
19 36 26
19 37 39
19 38 52
19 39 73
19 40 38
19 41 87
19 42 75
19 43 64
19 44 66
19 45 95
19 46 31
19 47 92
19 48 87
19 49 60
20 21 57
20 22 75
20 23 91
20 24 27
20 25 56
20 26 59
20 27 9
20 28 39
20 29 15
20 30 67
20 31 18
20 32 25
20 33 16
20 34 53
20 35 50
20 36 83
20 37 67
20 38 48
20 39 56
20 40 61
20 41 45
20 42 15
20 43 75
20 44 30
20 45 12
20 46 72
20 47 29
20 48 43
20 49 62
21 22 78
21 23 77
21 24 69
21 25 26
21 26 60
21 27 65
21 28 95
21 29 53
21 30 88
21 31 70
21 32 80
21 33 73
21 34 39
21 35 39
21 36 65
21 37 92
21 38 83
21 39 102
21 40 87
21 41 99
21 42 67
21 43 113
21 44 75
21 45 64
21 46 92
21 47 35
21 48 97
21 49 101
22 23 26
22 24 54
22 25 52
22 26 19
22 27 82
22 28 104
22 29 86
22 30 25
22 31 67
22 32 76
22 33 77
22 34 39
22 35 40
22 36 28
22 37 33
22 38 44
22 39 66
22 40 31
22 41 79
22 42 66
22 43 59
22 44 57
22 45 86
22 46 26
22 47 85
22 48 79
22 49 53
23 24 76
23 25 52
23 26 33
23 27 99
23 28 124
23 29 100
23 30 51
23 31 87
23 32 97
23 33 97
23 34 43
23 35 46
23 36 12
23 37 58
23 38 69
23 39 91
23 40 57
23 41 103
23 42 86
23 43 85
23 44 79
23 45 103
23 46 51
23 47 94
23 48 103
23 49 79
24 25 56
24 26 44
24 27 31
24 28 49
24 29 42
24 30 41
24 31 13
24 32 21
24 33 23
24 34 47
24 35 44
24 36 70
24 37 40
24 38 20
24 39 33
24 40 35
24 41 32
24 42 13
24 43 49
24 44 6
24 45 36
24 46 46
24 47 52
24 48 31
24 49 36
25 26 34
25 27 64
25 28 94
25 29 58
25 30 65
25 31 61
25 32 73
25 33 68
25 34 14
25 35 15
25 36 40
25 37 70
25 38 65
25 39 87
25 40 65
25 41 88
25 42 59
25 43 94
25 44 62
25 45 66
25 46 69
25 47 46
25 48 87
25 49 82
26 27 67
26 28 92
26 29 70
26 30 32
26 31 54
26 32 65
26 33 64
26 34 21
26 35 21
26 36 27
26 37 38
26 38 41
26 39 64
26 40 34
26 41 73
26 42 53
26 43 64
26 44 48
26 45 71
26 46 35
26 47 67
26 48 72
26 49 55
27 28 30
27 29 16
27 30 72
27 31 20
27 32 22
27 33 13
27 34 61
27 35 58
27 36 91
27 37 71
27 38 51
27 39 56
27 40 66
27 41 43
27 42 18
27 43 77
27 44 33
27 45 5
27 46 77
27 47 34
27 48 41
27 49 64
28 29 42
28 30 88
28 31 38
28 32 28
28 33 28
28 34 90
28 35 87
28 36 118
28 37 84
28 38 64
28 39 56
28 40 81
28 41 37
28 42 38
28 43 80
28 44 47
28 45 30
28 46 92
28 47 62
28 48 35
28 49 70
29 30 81
29 31 33
29 32 38
29 33 28
29 34 59
29 35 56
29 36 91
29 37 81
29 38 62
29 39 70
29 40 75
29 41 58
29 42 30
29 43 90
29 44 45
29 45 12
29 46 86
29 47 20
29 48 56
29 49 77
30 31 53
30 32 59
30 33 64
30 34 51
30 35 50
30 36 52
30 37 7
30 38 24
30 39 42
30 40 7
30 41 57
30 42 54
30 43 34
30 44 41
30 45 77
30 46 5
30 47 85
30 48 58
30 49 28
31 32 12
31 33 11
31 34 54
31 35 51
31 36 80
31 37 52
31 38 32
31 39 38
31 40 47
31 41 29
31 42 3
31 43 58
31 44 13
31 45 25
31 46 58
31 47 46
31 48 28
31 49 44
32 33 10
32 34 66
32 35 63
32 36 91
32 37 57
32 38 36
32 39 34
32 40 53
32 41 21
32 42 14
32 43 57
32 44 19
32 45 27
32 46 64
32 47 54
32 48 19
32 49 45
33 34 62
33 35 59
33 36 90
33 37 62
33 38 41
33 39 43
33 40 57
33 41 30
33 42 11
33 43 65
33 44 23
33 45 17
33 46 69
33 47 45
33 48 28
33 49 52
34 35 3
34 36 32
34 37 56
34 38 53
34 39 75
34 40 51
34 41 79
34 42 52
34 43 81
34 44 53
34 45 64
34 46 55
34 47 51
34 48 78
34 49 69
35 36 35
35 37 55
35 38 51
35 39 73
35 40 50
35 41 76
35 42 49
35 43 79
35 44 50
35 45 61
35 46 54
35 47 49
35 48 75
35 49 68
36 37 59
36 38 67
36 39 90
36 40 57
36 41 99
36 42 79
36 43 86
36 44 75
36 45 95
36 46 53
36 47 83
36 48 99
36 49 79
37 38 20
37 39 36
37 40 6
37 41 52
37 42 53
37 43 27
37 44 39
37 45 76
37 46 9
37 47 87
37 48 53
37 49 22
38 39 23
38 40 17
38 41 34
38 42 33
38 43 30
38 44 19
38 45 57
38 46 28
38 47 71
38 48 35
38 49 17
39 40 35
39 41 19
39 42 40
39 43 24
39 44 27
39 45 61
39 46 45
39 47 83
39 48 21
39 49 16
40 41 50
40 42 48
40 43 30
40 44 34
40 45 71
40 46 12
40 47 81
40 48 51
40 49 22
41 42 32
41 43 43
41 44 26
41 45 47
41 46 61
41 47 75
41 48 2
41 49 34
42 43 60
42 44 15
42 45 23
42 46 59
42 47 43
42 48 31
42 49 47
43 44 45
43 45 82
43 46 34
43 47 101
43 48 45
43 49 13
44 45 38
44 46 46
44 47 57
44 48 25
44 49 32
45 46 82
45 47 32
45 48 45
45 49 69
46 47 90
46 48 62
46 49 30
47 48 73
47 49 87
48 49 35
0 3 82
0 4 30
0 8 61
0 13 58
0 14 27
0 16 25
0 29 30
0 33 40
0 34 29
0 44 42
0 48 64
1 6 35
1 10 22
1 12 42
1 15 85
1 32 63
1 36 32
1 40 26
1 43 56
1 44 45
2 5 41
2 6 83
2 9 114
2 19 79
2 23 72
2 30 86
2 31 72
2 32 83
2 34 36
2 36 60
2 37 91
2 38 83
2 42 69
2 44 77
2 45 69
2 47 40
3 5 85
3 7 61
3 8 22
3 12 35
3 14 82
3 19 67
3 22 62
3 26 66
3 31 55
3 32 54
3 37 29
3 38 30
3 48 41
3 49 12
4 5 69
4 10 71
4 14 22
4 18 44
4 22 91
4 27 32
4 32 54
4 38 75
4 41 75
4 43 104
4 49 90
5 6 59
5 8 64
5 11 79
5 12 62
5 14 67
5 15 97
5 16 19
5 29 70
5 30 52
5 37 58
5 41 87
5 42 63
6 10 14
6 15 56
6 18 39
6 20 47
6 23 69
6 26 41
6 27 51
6 29 62
6 30 24
6 32 36
6 34 53
6 37 21
6 39 23
6 41 34
6 42 33
6 44 18
6 45 56
6 49 18
7 9 65
7 10 45
7 18 41
7 30 63
7 40 56
7 43 64
7 45 19
7 48 26
8 10 20
8 17 42
8 20 56
8 22 46
8 26 46
8 28 69
8 29 70
8 30 22
8 33 48
8 34 60
8 36 70
8 37 16
8 38 8
8 41 36
8 47 80
8 49 10
9 19 65
9 20 77
9 23 85
9 25 95
9 34 81
9 39 25
9 43 1
9 44 46
9 48 46
10 12 20
10 14 55
10 15 65
10 20 47
10 21 73
10 24 23
10 25 53
10 26 27
10 27 53
10 29 61
10 30 19
10 33 46
10 35 38
10 37 21
10 40 15
10 46 25
10 47 66
11 13 33
11 15 26
11 17 34
11 22 74
11 27 34
11 28 34
11 29 49
11 30 54
11 38 31
11 41 10
11 43 47
11 44 18
11 45 38
12 21 81
12 24 13
12 32 26
12 36 73
12 38 10
12 42 24
12 44 9
12 46 39
12 47 65
12 48 26
13 15 12
13 26 86
13 32 25
13 37 81
13 44 43
13 45 23
14 16 52
14 17 25
14 18 36
14 19 89
14 20 8
14 21 54
14 23 96
14 24 36
14 25 57
14 26 65
14 28 40
14 35 53
14 39 64
14 40 69
14 42 24
15 16 87
15 19 106
15 26 86
15 27 30
15 28 9
15 31 32
15 32 22
15 33 24
15 37 76
15 38 56
15 39 47
15 40 73
16 20 51
16 21 28
16 23 52
16 28 89
16 29 55
16 32 68
16 34 11
16 40 61
16 42 54
16 45 62
16 47 44
17 24 15
17 27 25
17 28 51
17 31 16
17 32 28
17 35 36
17 37 51
17 45 29
17 46 55
17 47 37
18 20 31
18 24 27
18 30 47
18 32 44
18 34 22
18 45 43
18 46 52
19 27 90
19 31 75
19 33 85
19 35 46
19 36 26
19 38 52
19 39 73
19 40 38
19 45 95
19 47 92
20 24 27
20 27 9
20 30 67
20 33 16
20 39 56
20 42 15
20 43 75
20 44 30
20 46 72
21 29 53
21 42 67
21 44 75
22 26 19
22 27 82
22 28 104
22 30 25
22 32 76
22 33 77
22 34 39
22 39 66
22 42 66
22 48 79
23 26 33
23 30 51
23 31 87
23 36 12
23 40 57
23 42 86
23 44 79
23 46 51
23 49 79
24 26 44
24 28 49
24 37 40
24 39 33
24 43 49
24 46 46
24 47 52
25 31 61
25 35 15
25 37 70
25 38 65
25 39 87
25 42 59
25 48 87
26 27 67
26 28 92
26 29 70
26 35 21
26 37 38
26 44 48
26 49 55
27 28 30
27 31 20
27 36 91
27 40 66
27 42 18
27 46 77
27 47 34
27 49 64
28 36 118
28 43 80
28 47 62
28 48 35
28 49 70
29 30 81
29 38 62
29 40 75
29 44 45
29 49 77
30 34 51
30 39 42
30 40 7
30 42 54
30 43 34
31 34 54
31 36 80
31 37 52
31 39 38
31 40 47
31 42 3
31 48 28
31 49 44
32 37 57
32 42 14
32 44 19
32 47 54
32 48 19
33 35 59
33 37 62
33 39 43
33 43 65
33 46 69
33 49 52
34 39 75
34 40 51
34 48 78
35 36 35
35 38 51
35 41 76
35 47 49
35 49 68
36 39 90
36 40 57
36 44 75
36 46 53
36 48 99
37 40 6
37 43 27
37 46 9
37 47 87
37 48 53
38 39 23
38 46 28
39 42 40
39 44 27
39 49 16
40 41 50
40 42 48
40 44 34
40 45 71
40 48 51
40 49 22
41 42 32
41 49 34
42 45 23
42 46 59
43 49 13
44 46 46
44 47 57
44 49 32
46 48 62
47 48 73
