50 0.7 10 1 2 0.25 1225 85842
0.690477 0.960154 13
0.423817 0.0345303 25
0.825384 0.144752 27
0.0830794 0.617008 10
0.111546 0.698828 7
0.418024 0.257298 19
0.548534 0.177719 23
0.641159 0.426952 19
0.138744 0.841571 4
0.487423 0.638539 12
0.520009 0.857684 10
0.483535 0.0234895 26
0.711331 0.164073 25
0.476424 0.0114452 26
0.761803 0.0344791 28
0.792346 0.409603 22
0.768264 0.598695 18
0.680159 0.560822 17
0.158623 0.992066 0
0.0149498 0.74285 7
0.78634 0.393028 22
0.130391 0.494548 12
0.29896 0.26087 19
0.420693 0.964822 7
0.661369 0.575256 16
0.135461 0.92444 2
0.601597 0.831787 12
0.455836 0.545799 13
0.704049 0.476723 19
0.0875774 0.219019 19
0.954568 0.63008 22
0.87114 0.325984 24
0.43638 0.0391654 25
0.520125 0.162648 23
0.383399 0.856704 7
0.16641 0.938783 1
0.236514 0.782704 6
0.857459 0.255901 25
0.433415 0.523812 14
0.871842 0.340229 24
0.0181219 0.318868 17
0.278407 0.425407 14
0.618503 0.428887 18
0.743513 0.666684 17
0.119947 0.523182 12
0.125668 0.466469 13
0.826074 0.710724 18
0.576505 0.493636 16
0.464934 0.231551 20
0.694632 0.499442 18
0 1 96
0 2 83
0 3 70
0 4 64
0 5 75
0 6 80
0 7 54
0 8 56
0 9 38
0 10 20
0 11 96
0 12 80
0 13 97
0 14 93
0 15 56
0 16 37
0 17 40
0 18 53
0 19 71
0 20 58
0 21 73
0 22 80
0 23 27
0 24 39
0 25 56
0 26 16
0 27 48
0 28 48
0 29 96
0 30 42
0 31 66
0 32 96
0 33 82
0 34 32
0 35 52
0 36 49
0 37 72
0 38 51
0 39 65
0 40 93
0 41 68
0 42 54
0 43 30
0 44 72
0 45 75
0 46 28
0 47 48
0 48 76
0 49 46
1 2 42
1 3 67
1 4 73
1 5 22
1 6 19
1 7 45
1 8 86
1 9 61
1 10 83
1 11 6
1 12 32
1 13 6
1 14 34
1 15 53
1 16 66
1 17 59
1 18 99
1 19 82
1 20 51
1 21 55
1 22 26
1 23 93
1 24 59
1 25 94
1 26 82
1 27 51
1 28 52
1 29 38
1 30 80
1 31 53
1 32 1
1 33 16
1 34 82
1 35 94
1 36 77
1 37 49
1 38 49
1 39 54
1 40 50
1 41 42
1 42 44
1 43 71
1 44 58
1 45 52
1 46 79
1 47 48
1 48 20
1 49 54
2 3 88
2 4 90
2 5 42
2 6 28
2 7 34
2 8 98
2 9 60
2 10 78
2 11 36
2 12 12
2 13 37
2 14 13
2 15 27
2 16 46
2 17 44
2 18 108
2 19 101
2 20 25
2 21 78
2 22 54
2 23 91
2 24 46
2 25 104
2 26 72
2 27 55
2 28 35
2 29 74
2 30 50
2 31 19
2 32 40
2 33 31
2 34 84
2 35 103
2 36 87
2 37 12
2 38 55
2 39 20
2 40 83
2 41 61
2 42 35
2 43 53
2 44 80
2 45 77
2 46 57
2 47 43
2 48 37
2 49 38
3 4 9
3 5 49
3 6 64
3 7 59
3 8 23
3 9 40
3 10 50
3 11 72
3 12 77
3 13 72
3 14 89
3 15 74
3 16 69
3 17 60
3 18 38
3 19 14
3 20 74
3 21 13
3 22 42
3 23 48
3 24 58
3 25 31
3 26 56
3 27 38
3 28 64
3 29 40
3 30 87
3 31 84
3 32 68
3 33 63
3 34 38
3 35 33
3 36 23
3 37 85
3 38 36
3 39 84
3 40 31
3 41 27
3 42 57
3 43 66
3 44 10
3 45 16
3 46 75
3 47 51
3 48 54
3 49 62
4 5 54
4 6 68
4 7 60
4 8 15
4 9 38
4 10 44
4 11 77
4 12 80
4 13 78
4 14 93
4 15 74
4 16 66
4 17 59
4 18 30
4 19 11
4 20 74
4 21 21
4 22 48
4 23 41
4 24 56
4 25 23
4 26 51
4 27 38
4 28 63
4 29 48
4 30 85
4 31 85
4 32 74
4 33 67
4 34 31
4 35 25
4 36 15
4 37 87
4 38 37
4 39 84
4 40 39
4 41 32
4 42 57
4 43 63
4 44 18
4 45 23
4 46 71
4 47 51
4 48 59
4 49 62
5 6 15
5 7 28
5 8 65
5 9 39
5 10 61
5 11 24
5 12 31
5 13 25
5 14 41
5 15 40
5 16 49
5 17 40
5 18 78
5 19 63
5 20 39
5 21 37
5 22 12
5 23 71
5 24 40
5 25 72
5 26 60
5 27 29
5 28 36
5 29 33
5 30 65
5 31 46
5 32 22
5 33 14
5 34 60
5 35 73
5 36 56
5 37 44
5 38 27
5 39 46
5 40 40
5 41 22
5 42 26
5 43 52
5 44 40
5 45 36
5 46 61
5 47 28
5 48 5
5 49 37
6 7 27
6 8 78
6 9 46
6 10 68
6 11 17
6 12 16
6 13 18
6 14 26
6 15 34
6 16 47
6 17 41
6 18 90
6 19 78
6 20 32
6 21 52
6 22 26
6 23 80
6 24 41
6 25 85
6 26 66
6 27 38
6 28 34
6 29 46
6 30 61
6 31 36
6 32 18
6 33 3
6 34 70
6 35 85
6 36 68
6 37 32
6 38 36
6 39 36
6 40 55
6 41 37
6 42 26
6 43 53
6 44 55
6 45 51
6 46 60
6 47 32
6 48 10
6 49 35
7 8 65
7 9 26
7 10 45
7 11 43
7 12 27
7 13 45
7 14 41
7 15 15
7 16 21
7 17 14
7 18 74
7 19 70
7 20 15
7 21 52
7 22 38
7 23 58
7 24 15
7 25 71
7 26 41
7 27 22
7 28 8
7 29 59
7 30 37
7 31 25
7 32 44
7 33 29
7 34 50
7 35 70
7 36 54
7 37 28
7 38 23
7 39 25
7 40 63
7 41 36
7 42 2
7 43 26
7 44 53
7 45 52
7 46 34
7 47 9
7 48 26
7 49 9
8 9 40
8 10 38
8 11 89
8 12 89
8 13 90
8 14 102
8 15 78
8 16 67
8 17 61
8 18 15
8 19 16
8 20 79
8 21 35
8 22 60
8 23 31
8 24 59
8 25 8
8 26 46
8 27 43
8 28 67
8 29 62
8 30 84
8 31 90
8 32 86
8 33 78
8 34 25
8 35 10
8 36 11
8 37 93
8 38 43
8 39 89
8 40 54
8 41 44
8 42 63
8 43 63
8 44 32
8 45 38
8 46 70
8 47 56
8 48 69
8 49 65
9 10 22
9 11 62
9 12 52
9 13 63
9 14 66
9 15 38
9 16 28
9 17 21
9 18 48
9 19 48
9 20 39
9 21 38
9 22 42
9 23 33
9 24 19
9 25 45
9 26 22
9 27 10
9 28 27
9 29 58
9 30 47
9 31 49
9 32 60
9 33 48
9 34 24
9 35 44
9 36 29
9 37 53
9 38 13
9 39 49
9 40 57
9 41 30
9 42 25
9 43 26
9 44 39
9 45 40
9 46 35
9 47 17
9 48 41
9 49 25
10 11 83
10 12 72
10 13 85
10 14 86
10 15 52
10 16 36
10 17 34
10 18 39
10 19 52
10 20 54
10 21 53
10 22 64
10 23 15
10 24 32
10 25 39
10 26 9
10 27 32
10 28 42
10 29 77
10 30 49
10 31 64
10 32 82
10 33 70
10 34 14
10 35 36
10 36 29
10 37 69
10 38 34
10 39 63
10 40 74
10 41 50
10 42 44
10 43 29
10 44 52
10 45 56
10 46 34
10 47 37
10 48 63
10 49 40
11 12 27
11 13 1
11 14 28
11 15 49
11 16 64
11 17 57
11 18 102
11 19 86
11 20 48
11 21 59
11 22 30
11 23 94
11 24 58
11 25 97
11 26 82
11 27 52
11 28 50
11 29 44
11 30 77
11 31 49
11 32 5
11 33 14
11 34 84
11 35 97
11 36 80
11 37 44
11 38 50
11 39 50
11 40 55
11 41 45
11 42 43
11 43 69
11 44 62
11 45 57
11 46 77
11 47 48
11 48 21
11 49 52
12 13 28
12 14 14
12 15 26
12 16 44
12 17 40
12 18 100
12 19 91
12 20 24
12 21 67
12 22 42
12 23 85
12 24 41
12 25 95
12 26 68
12 27 46
12 28 31
12 29 63
12 30 53
12 31 23
12 32 30
12 33 19
12 34 77
12 35 95
12 36 78
12 37 17
12 38 45
12 39 24
12 40 71
12 41 51
12 42 28
12 43 50
12 44 69
12 45 66
12 46 56
12 47 36
12 48 26
12 49 34
13 14 29
13 15 51
13 16 66
13 17 59
13 18 103
13 19 86
13 20 49
13 21 59
13 22 31
13 23 96
13 24 59
13 25 97
13 26 83
13 27 53
13 28 52
13 29 44
13 30 78
13 31 50
13 32 5
13 33 16
13 34 85
13 35 98
13 36 81
13 37 45
13 38 51
13 39 51
13 40 55
13 41 46
13 42 44
13 43 71
13 44 62
13 45 57
13 46 78
13 47 49
13 48 22
13 49 53
14 15 38
14 16 56
14 17 53
14 18 113
14 19 103
14 20 36
14 21 78
14 22 52
14 23 99
14 24 55
14 25 109
14 26 81
14 27 60
14 28 45
14 29 70
14 30 63
14 31 31
14 32 33
14 33 27
14 34 91
14 35 108
14 36 91
14 37 24
14 38 59
14 39 32
14 40 80
14 41 62
14 42 42
14 43 63
14 44 81
14 45 77
14 46 68
14 47 50
14 48 36
14 49 47
15 16 19
15 17 19
15 18 86
15 19 85
15 20 2
15 21 67
15 22 52
15 23 67
15 24 21
15 25 83
15 26 46
15 27 36
15 28 11
15 29 73
15 30 27
15 31 11
15 32 51
15 33 37
15 34 61
15 35 82
15 36 67
15 37 17
15 38 38
15 39 11
15 40 78
15 41 51
15 42 17
15 43 26
15 44 68
15 45 67
15 46 30
15 47 23
15 48 37
15 49 13
16 17 10
16 18 73
16 19 77
16 20 21
16 21 65
16 22 58
16 23 50
16 24 11
16 25 71
16 26 29
16 27 32
16 28 14
16 29 78
16 30 19
16 31 29
16 32 65
16 33 50
16 34 46
16 35 69
16 36 56
16 37 35
16 38 34
16 39 28
16 40 80
16 41 52
16 42 23
16 43 7
16 44 65
16 45 66
16 46 13
16 47 22
16 48 48
16 49 12
17 18 68
17 19 69
17 20 20
17 21 55
17 22 49
17 23 48
17 24 2
17 25 65
17 26 28
17 27 22
17 28 9
17 29 68
17 30 28
17 31 30
17 32 58
17 33 43
17 34 42
17 35 64
17 36 50
17 37 35
17 38 25
17 39 29
17 40 70
17 41 42
17 42 15
17 43 12
17 44 56
17 45 56
17 46 21
17 47 12
17 48 39
17 49 6
18 19 29
18 20 87
18 21 50
18 22 74
18 23 26
18 24 65
18 25 7
18 26 47
18 27 54
18 28 75
18 29 78
18 30 87
18 31 98
18 32 99
18 33 90
18 34 26
18 35 5
18 36 22
18 37 102
18 38 54
18 39 97
18 40 69
18 41 58
18 42 73
18 43 67
18 44 47
18 45 53
18 46 72
18 47 65
18 48 82
18 49 73
19 20 85
19 21 27
19 22 56
19 23 46
19 24 67
19 25 22
19 26 59
19 27 48
19 28 74
19 29 53
19 30 95
19 31 95
19 32 82
19 33 77
19 34 39
19 35 25
19 36 23
19 37 97
19 38 47
19 39 95
19 40 42
19 41 41
19 42 68
19 43 73
19 44 24
19 45 30
19 46 81
19 47 61
19 48 68
19 49 72
20 21 66
20 22 50
20 23 68
20 24 22
20 25 84
20 26 48
20 27 36
20 28 12
20 29 72
20 30 29
20 31 11
20 32 50
20 33 35
20 34 61
20 35 83
20 36 67
20 37 15
20 38 38
20 39 10
20 40 77
20 41 51
20 42 17
20 43 28
20 44 68
20 45 66
20 46 32
20 47 23
20 48 36
20 49 14
21 22 29
21 23 55
21 24 54
21 25 43
21 26 58
21 27 33
21 28 57
21 29 28
21 30 84
21 31 76
21 32 55
21 33 51
21 34 44
21 35 45
21 36 31
21 37 77
21 38 30
21 39 76
21 40 21
21 41 16
21 42 49
21 43 64
21 44 3
21 45 3
21 46 73
21 47 45
21 48 43
21 49 56
22 23 71
22 24 48
22 25 68
22 26 65
22 27 33
22 28 46
22 29 22
22 30 75
22 31 58
22 32 26
22 33 24
22 34 60
22 35 69
22 36 53
22 37 56
22 38 30
22 39 58
22 40 29
22 41 17
22 42 36
22 43 60
22 44 32
22 45 27
22 46 69
22 47 36
22 48 17
22 49 46
23 24 46
23 25 29
23 26 22
23 27 42
23 28 56
23 29 82
23 30 63
23 31 78
23 32 93
23 33 81
23 34 11
23 35 26
23 36 26
23 37 83
23 38 44
23 39 77
23 40 76
23 41 56
23 42 57
23 43 44
23 44 53
23 45 58
23 46 48
23 47 50
23 48 73
23 49 54
24 25 63
24 26 26
24 27 21
24 28 11
24 29 68
24 30 30
24 31 33
24 32 58
24 33 44
24 34 40
24 35 61
24 36 47
24 37 37
24 38 23
24 39 32
24 40 69
24 41 41
24 42 15
24 43 12
24 44 54
24 45 55
24 46 21
24 47 12
24 48 40
24 49 8
25 26 48
25 27 50
25 28 72
25 29 71
25 30 87
25 31 95
25 32 94
25 33 85
25 34 26
25 35 3
25 36 17
25 37 98
25 38 50
25 39 94
25 40 62
25 41 52
25 42 69
25 43 66
25 44 40
25 45 46
25 46 72
25 47 62
25 48 77
25 49 70
26 27 32
26 28 37
26 29 80
26 30 41
26 31 57
26 32 81
26 33 67
26 34 22
26 35 45
26 36 37
26 37 63
26 38 35
26 39 56
26 40 78
26 41 52
26 42 40
26 43 22
26 44 57
26 45 60
26 46 26
26 47 34
26 48 62
26 49 35
27 28 26
27 29 49
27 30 51
27 31 47
27 32 51
27 33 39
27 34 32
27 35 49
27 36 32
27 37 50
27 38 3
27 39 46
27 40 49
27 41 21
27 42 20
27 43 31
27 44 34
27 45 34
27 46 41
27 47 13
27 48 31
27 49 24
28 29 67
28 30 29
28 31 23
28 32 51
28 33 36
28 34 50
28 35 71
28 36 56
28 37 27
28 38 27
28 39 22
28 40 70
28 41 43
28 42 10
28 43 19
28 44 59
28 45 58
28 46 26
28 47 13
28 48 34
28 49 2
29 30 96
29 31 79
29 32 39
29 33 44
29 34 70
29 35 72
29 36 58
29 37 77
29 38 46
29 39 79
29 40 12
29 41 28
29 42 57
29 43 79
29 44 31
29 45 25
29 46 89
29 47 56
29 48 38
29 49 67
30 31 32
30 32 79
30 33 64
30 34 61
30 35 85
30 36 73
30 37 39
30 38 53
30 39 30
30 40 99
30 41 71
30 42 39
30 43 21
30 44 84
30 45 84
30 46 15
30 47 40
30 48 63
30 49 29
31 32 52
31 33 39
31 34 72
31 35 93
31 36 78
31 37 7
31 38 48
31 39 1
31 40 85
31 41 60
31 42 27
31 43 36
31 44 78
31 45 76
31 46 39
31 47 34
31 48 42
31 49 25
32 33 15
32 34 82
32 35 94
32 36 77
32 37 47
32 38 48
32 39 53
32 40 50
32 41 42
32 42 43
32 43 70
32 44 58
32 45 53
32 46 78
32 47 48
32 48 19
32 49 53
33 34 71
33 35 85
33 36 68
33 37 35
33 38 37
33 39 39
33 40 53
33 41 36
33 42 28
33 43 55
33 44 54
33 45 50
33 46 63
33 47 34
33 48 9
33 49 38
34 35 23
34 36 16
34 37 77
34 38 34
34 39 71
34 40 65
34 41 44
34 42 49
34 43 41
34 44 43
34 45 47
34 46 47
34 47 41
34 48 63
34 49 47
35 36 17
35 37 97
35 38 49
35 39 93
35 40 64
35 41 53
35 42 68
35 43 64
35 44 42
35 45 47
35 46 70
35 47 61
35 48 77
35 49 69
36 37 81
36 38 33
36 39 77
36 40 51
36 41 36
36 42 52
36 43 52
36 44 28
36 45 34
36 46 59
36 47 45
36 48 60
36 49 54
37 38 50
37 39 9
37 40 84
37 41 60
37 42 29
37 43 43
37 44 78
37 45 76
37 46 46
37 47 37
37 48 39
37 49 29
38 39 48
38 40 46
38 41 18
38 42 21
38 43 34
38 44 31
38 45 31
38 46 43
38 47 15
38 48 29
38 49 26
39 40 85
39 41 60
39 42 27
39 43 35
39 44 77
39 45 76
39 46 37
39 47 33
39 48 42
39 49 24
40 41 28
40 42 61
40 43 80
40 44 23
40 45 18
40 46 90
40 47 59
40 48 46
40 49 70
41 42 34
41 43 52
41 44 19
41 45 16
41 46 62
41 47 31
41 48 27
41 49 42
42 43 27
42 44 51
42 45 49
42 46 35
42 47 8
42 48 25
42 49 10
43 44 64
43 45 65
43 46 9
43 47 24
43 48 52
43 49 17
44 45 6
44 46 73
44 47 46
44 48 45
44 49 58
45 46 74
45 47 45
45 48 41
45 49 57
46 47 33
46 48 60
46 49 25
47 48 28
47 49 12
48 49 35
0 1 96
0 2 83
0 4 64
0 5 75
0 6 80
0 8 56
0 9 38
0 11 96
0 14 93
0 15 56
0 16 37
0 17 40
0 19 71
0 21 73
0 23 27
0 24 39
0 26 16
0 28 48
0 29 96
0 34 32
0 35 52
0 37 72
0 38 51
0 39 65
0 40 93
0 41 68
0 43 30
0 44 72
0 45 75
0 46 28
0 47 48
0 48 76
0 49 46
1 2 42
1 3 67
1 5 22
1 6 19
1 8 86
1 9 61
1 11 6
1 12 32
1 13 6
1 14 34
1 15 53
1 16 66
1 17 59
1 18 99
1 19 82
1 20 51
1 21 55
1 22 26
1 23 93
1 24 59
1 26 82
1 27 51
1 28 52
1 29 38
1 30 80
1 32 1
1 33 16
1 34 82
1 35 94
1 37 49
1 38 49
1 40 50
1 41 42
1 42 44
1 43 71
1 46 79
1 47 48
1 48 20
1 49 54
2 3 88
2 4 90
2 5 42
2 6 28
2 7 34
2 8 98
2 9 60
2 10 78
2 11 36
2 13 37
2 15 27
2 16 46
2 17 44
2 18 108
2 19 101
2 21 78
2 22 54
2 23 91
2 25 104
2 26 72
2 28 35
2 29 74
2 30 50
2 32 40
2 33 31
2 35 103
2 36 87
2 40 83
2 41 61
2 42 35
2 43 53
2 44 80
2 46 57
2 47 43
2 48 37
2 49 38
3 5 49
3 6 64
3 7 59
3 8 23
3 9 40
3 10 50
3 12 77
3 13 72
3 14 89
3 17 60
3 18 38
3 19 14
3 21 13
3 22 42
3 23 48
3 25 31
3 26 56
3 27 38
3 30 87
3 31 84
3 35 33
3 37 85
3 38 36
3 39 84
3 40 31
3 41 27
3 42 57
3 44 10
3 46 75
3 48 54
3 49 62
4 5 54
4 6 68
4 8 15
4 9 38
4 10 44
4 13 78
4 14 93
4 15 74
4 16 66
4 20 74
4 21 21
4 22 48
4 23 41
4 24 56
4 25 23
4 26 51
4 27 38
4 28 63
4 29 48
4 30 85
4 31 85
4 32 74
4 34 31
4 35 25
4 37 87
4 39 84
4 42 57
4 44 18
4 45 23
4 46 71
4 48 59
4 49 62
5 6 15
5 8 65
5 9 39
5 10 61
5 12 31
5 13 25
5 15 40
5 17 40
5 18 78
5 19 63
5 21 37
5 22 12
5 23 71
5 24 40
5 25 72
5 26 60
5 29 33
5 30 65
5 31 46
5 32 22
5 33 14
5 35 73
5 36 56
5 37 44
5 38 27
5 39 46
5 42 26
5 44 40
5 45 36
5 48 5
5 49 37
6 7 27
6 8 78
6 9 46
6 12 16
6 13 18
6 14 26
6 17 41
6 18 90
6 19 78
6 21 52
6 22 26
6 23 80
6 25 85
6 26 66
6 32 18
6 34 70
6 35 85
6 37 32
6 38 36
6 39 36
6 40 55
6 41 37
6 42 26
6 43 53
6 45 51
6 46 60
6 47 32
6 48 10
6 49 35
7 8 65
7 9 26
7 10 45
7 12 27
7 13 45
7 14 41
7 15 15
7 16 21
7 17 14
7 19 70
7 22 38
7 24 15
7 25 71
7 26 41
7 28 8
7 29 59
7 30 37
7 32 44
7 33 29
7 35 70
7 36 54
7 37 28
7 39 25
7 40 63
7 41 36
7 45 52
7 46 34
7 49 9
8 9 40
8 11 89
8 12 89
8 13 90
8 14 102
8 16 67
8 17 61
8 20 79
8 21 35
8 22 60
8 23 31
8 24 59
8 25 8
8 26 46
8 27 43
8 28 67
8 29 62
8 30 84
8 31 90
8 32 86
8 34 25
8 37 93
8 38 43
8 40 54
8 41 44
8 43 63
8 45 38
8 46 70
8 47 56
8 48 69
9 10 22
9 11 62
9 15 38
9 16 28
9 17 21
9 18 48
9 19 48
9 20 39
9 21 38
9 22 42
9 23 33
9 24 19
9 25 45
9 28 27
9 29 58
9 30 47
9 31 49
9 33 48
9 35 44
9 38 13
9 41 30
9 42 25
9 43 26
9 44 39
9 45 40
9 47 17
9 48 41
9 49 25
10 11 83
10 14 86
10 17 34
10 18 39
10 19 52
10 20 54
10 22 64
10 26 9
10 27 32
10 29 77
10 30 49
10 31 64
10 32 82
10 35 36
10 37 69
10 38 34
10 39 63
10 40 74
10 41 50
10 42 44
10 44 52
10 45 56
10 47 37
10 49 40
11 12 27
11 13 1
11 14 28
11 15 49
11 17 57
11 18 102
11 19 86
11 22 30
11 24 58
11 25 97
11 26 82
11 27 52
11 28 50
11 29 44
11 30 77
11 31 49
11 34 84
11 35 97
11 37 44
11 38 50
11 39 50
11 41 45
11 42 43
11 43 69
11 44 62
11 45 57
11 46 77
11 47 48
11 48 21
11 49 52
12 13 28
12 14 14
12 15 26
12 16 44
12 18 100
12 20 24
12 21 67
12 25 95
12 27 46
12 28 31
12 29 63
12 30 53
12 31 23
12 32 30
12 36 78
12 37 17
12 38 45
12 40 71
12 41 51
12 44 69
12 45 66
12 46 56
12 48 26
12 49 34
13 15 51
13 16 66
13 17 59
13 18 103
13 20 49
13 21 59
13 22 31
13 24 59
13 26 83
13 27 53
13 29 44
13 30 78
13 31 50
13 32 5
13 33 16
13 35 98
13 36 81
13 37 45
13 38 51
13 39 51
13 40 55
13 41 46
13 43 71
13 45 57
13 48 22
13 49 53
14 16 56
14 17 53
14 18 113
14 19 103
14 20 36
14 21 78
14 23 99
14 24 55
14 25 109
14 27 60
14 29 70
14 31 31
14 32 33
14 33 27
14 34 91
14 35 108
14 37 24
14 38 59
14 39 32
14 41 62
14 42 42
14 43 63
14 44 81
14 45 77
14 46 68
14 47 50
14 48 36
15 16 19
15 17 19
15 18 86
15 19 85
15 22 52
15 25 83
15 26 46
15 28 11
15 29 73
15 32 51
15 33 37
15 35 82
15 36 67
15 37 17
15 39 11
15 40 78
15 41 51
15 42 17
15 43 26
15 44 68
15 45 67
15 47 23
15 48 37
15 49 13
16 18 73
16 19 77
16 20 21
16 21 65
16 24 11
16 26 29
16 27 32
16 28 14
16 29 78
16 30 19
16 32 65
16 33 50
16 34 46
16 35 69
16 36 56
16 37 35
16 38 34
16 41 52
16 42 23
16 43 7
16 44 65
16 45 66
16 46 13
16 47 22
16 49 12
17 18 68
17 19 69
17 21 55
17 22 49
17 23 48
17 24 2
17 25 65
17 26 28
17 27 22
17 28 9
17 29 68
17 30 28
17 34 42
17 35 64
17 36 50
17 37 35
17 39 29
17 41 42
17 42 15
17 43 12
17 44 56
17 45 56
17 46 21
17 47 12
17 48 39
17 49 6
18 19 29
18 20 87
18 21 50
18 22 74
18 23 26
18 24 65
18 25 7
18 26 47
18 27 54
18 28 75
18 30 87
18 31 98
18 32 99
18 33 90
18 34 26
18 35 5
18 39 97
18 40 69
18 41 58
18 42 73
18 43 67
18 47 65
19 20 85
19 21 27
19 22 56
19 23 46
19 25 22
19 26 59
19 28 74
19 30 95
19 31 95
19 34 39
19 35 25
19 36 23
19 37 97
19 38 47
19 39 95
19 40 42
19 41 41
19 42 68
19 43 73
19 46 81
19 47 61
19 48 68
20 21 66
20 24 22
20 26 48
20 27 36
20 28 12
20 29 72
20 31 11
20 32 50
20 34 61
20 36 67
20 38 38
20 39 10
20 40 77
20 41 51
20 44 68
20 48 36
20 49 14
21 22 29
21 23 55
21 24 54
21 27 33
21 28 57
21 29 28
21 30 84
21 32 55
21 33 51
21 35 45
21 38 30
21 39 76
21 40 21
21 41 16
21 42 49
21 44 3
21 46 73
21 47 45
21 48 43
21 49 56
22 24 48
22 25 68
22 26 65
22 28 46
22 29 22
22 31 58
22 32 26
22 33 24
22 34 60
22 35 69
22 37 56
22 38 30
22 39 58
22 40 29
22 41 17
22 42 36
22 43 60
22 44 32
22 45 27
22 46 69
22 47 36
22 48 17
22 49 46
23 26 22
23 27 42
23 29 82
23 30 63
23 31 78
23 32 93
23 33 81
23 35 26
23 36 26
23 37 83
23 38 44
23 40 76
23 43 44
23 44 53
23 45 58
23 46 48
23 47 50
23 48 73
23 49 54
24 25 63
24 27 21
24 28 11
24 29 68
24 31 33
24 32 58
24 33 44
24 35 61
24 37 37
24 39 32
24 40 69
24 42 15
24 43 12
24 45 55
24 47 12
24 48 40
24 49 8
25 27 50
25 28 72
25 30 87
25 31 95
25 32 94
25 33 85
25 34 26
25 35 3
25 36 17
25 37 98
25 38 50
25 39 94
25 40 62
25 41 52
25 46 72
25 49 70
26 27 32
26 28 37
26 30 41
26 32 81
26 33 67
26 34 22
26 35 45
26 37 63
26 39 56
26 40 78
26 42 40
26 44 57
26 46 26
26 47 34
27 28 26
27 29 49
27 30 51
27 31 47
27 32 51
27 33 39
27 34 32
27 36 32
27 40 49
27 41 21
27 44 34
28 29 67
28 31 23
28 32 51
28 34 50
28 35 71
28 36 56
28 37 27
28 40 70
28 41 43
28 42 10
28 43 19
28 44 59
28 46 26
28 47 13
28 48 34
28 49 2
29 31 79
29 32 39
29 33 44
29 34 70
29 35 72
29 36 58
29 38 46
29 40 12
29 41 28
29 42 57
29 45 25
29 46 89
29 48 38
29 49 67
30 31 32
30 32 79
30 33 64
30 34 61
30 35 85
30 36 73
30 37 39
30 38 53
30 39 30
30 41 71
30 42 39
30 43 21
30 44 84
30 45 84
30 47 40
30 48 63
30 49 29
31 32 52
31 33 39
31 34 72
31 35 93
31 36 78
31 37 7
31 41 60
31 42 27
31 45 76
31 48 42
31 49 25
32 33 15
32 34 82
32 35 94
32 36 77
32 37 47
32 39 53
32 42 43
32 43 70
32 44 58
32 48 19
32 49 53
33 35 85
33 39 39
33 40 53
33 41 36
33 44 54
33 45 50
33 46 63
33 47 34
34 35 23
34 37 77
34 38 34
34 39 71
34 41 44
34 42 49
34 43 41
34 44 43
34 49 47
35 37 97
35 39 93
35 41 53
35 44 42
35 45 47
35 46 70
35 47 61
35 49 69
36 37 81
36 38 33
36 39 77
36 41 36
36 42 52
36 43 52
36 44 28
36 47 45
36 48 60
36 49 54
37 39 9
37 40 84
37 41 60
37 42 29
37 43 43
37 44 78
37 46 46
37 47 37
37 48 39
38 39 48
38 41 18
38 43 34
38 45 31
38 46 43
38 47 15
38 48 29
38 49 26
39 41 60
39 44 77
39 45 76
39 49 24
40 42 61
40 45 18
40 46 90
40 47 59
40 49 70
41 44 19
41 46 62
41 47 31
41 48 27
41 49 42
42 43 27
42 45 49
42 46 35
42 48 25
42 49 10
43 44 64
43 46 9
43 47 24
43 48 52
43 49 17
44 47 46
44 48 45
44 49 58
45 46 74
45 48 41
45 49 57
46 48 60
46 49 25
47 49 12
