10 0.5 5 0 1 45 23 1
0.544152 0.214698 0
0.16819 0.440033 44
0.816921 0.511371 40
0.934917 0.318003 40
0.502727 0.820768 61
0.0698204 0.516056 56
0.526915 0.00485539 21
0.345819 0.206283 20
0.497152 0.0529494 17
0.093281 0.284904 46
0 1 44
0 2 40
0 3 40
0 4 61
0 5 56
0 6 21
0 7 20
0 8 17
0 9 46
1 2 65
1 3 78
1 4 51
1 5 12
1 6 56
1 7 29
1 8 51
1 9 17
2 3 23
2 4 44
2 5 75
2 6 58
2 7 56
2 8 56
2 9 76
3 4 66
3 5 89
3 6 51
3 7 60
3 8 51
3 9 84
4 5 53
4 6 82
4 7 63
4 8 77
4 9 67
5 6 69
5 7 41
5 8 63
5 9 23
6 7 27
6 8 6
6 9 52
7 8 22
7 9 26
8 9 47
0 1 44
0 2 40
0 3 40
0 4 61
0 5 56
0 8 17
0 9 46
1 3 78
1 4 51
1 5 12
1 7 29
2 3 23
2 5 75
2 8 56
2 9 76
3 5 89
3 8 51
4 5 53
4 7 63
5 7 41
6 7 27
6 8 6
6 9 52
