100 0.5 0 0 4950 2475 27
0.744772 0.491425 6
0.685535 0.604238 5
0.193631 0.996265 11
0.561781 0.786533 6
0.428171 0.240022 6
0.660069 0.946034 10
0.0603325 0.923749 11
0.78594 0.195718 10
0.177852 0.264825 7
0.28388 0.0876168 9
0.714146 0.110003 10
0.521647 0.626681 3
0.554981 0.85342 7
0.497149 0.718653 4
0.62919 0.806618 7
0.354115 0.995529 10
0.0254112 0.0586812 12
0.595062 0.216987 7
0.270825 0.59143 4
0.599047 0.0998536 9
0.0916523 0.094317 11
0.127316 0.223006 9
0.768304 0.915343 10
0.355834 0.123393 8
0.871818 0.872792 11
0.75287 0.323308 7
0.2514 0.489043 4
0.15692 0.926307 10
0.908764 0.868935 12
0.451111 0.737407 4
0.89495 0.208631 11
0.351949 0.284158 5
0.43445 0.5191 0
0.0221556 0.406046 9
0.902169 0.475548 9
0.0773652 0.118367 11
0.968671 0.409465 11
0.460982 0.703758 4
0.483877 0.567554 1
0.537667 0.38969 3
0.0535368 0.325052 9
0.865464 0.936039 12
0.800823 0.247734 9
0.391507 0.281718 5
0.744857 0.0623146 11
0.834562 0.669616 9
0.107883 0.930638 11
0.295859 0.534465 3
0.907347 0.353114 10
0.627301 0.200542 7
0.693232 0.328097 6
0.0405028 0.549912 8
0.511047 0.744626 5
0.621622 0.876177 8
0.789937 0.680465 8
0.74919 0.814543 9
0.285816 0.471547 3
0.456177 0.114062 8
0.189294 0.502651 5
0.121002 0.422334 7
0.669329 0.779176 7
0.113445 0.245044 8
0.42354 0.0611964 9
0.692352 0.896584 9
0.103457 0.436811 7
0.538414 0.0139475 10
0.634437 0.854269 8
0.251169 0.729029 6
0.744675 0.905409 10
0.334548 0.410388 3
0.516547 0.635486 3
0.451802 0.860578 7
0.0479731 0.963417 12
0.978116 0.502487 11
0.648651 0.542986 4
0.376381 0.775532 5
0.0711201 0.173757 10
0.309782 0.646714 4
0.736166 0.888916 10
0.615561 0.647832 4
0.408278 0.457431 1
0.675355 0.17874 8
0.438834 0.00990707 10
0.612901 0.563335 4
0.480729 0.0162566 10
0.00623605 0.151233 11
0.0666335 0.108253 11
0.423194 0.924144 8
0.82106 0.999917 12
0.304004 0.882225 8
0.670789 0.0431572 11
0.365623 0.967058 9
0.135483 0.450085 6
0.346108 0.823784 6
0.647084 0.851879 8
0.544823 0.433129 3
0.677116 0.519271 5
0.754461 0.114698 10
0.0729662 0.801185 9
0.498503 0.202156 6
0 1 13
0 2 75
0 3 35
0 4 40
0 5 46
0 6 81
0 7 30
0 8 61
0 9 61
0 10 38
0 11 26
0 12 41
0 13 34
0 14 34
0 15 64
0 16 84
0 17 31
0 18 48
0 19 42
0 20 76
0 21 67
0 22 42
0 23 54
0 24 40
0 25 17
0 26 49
0 27 73
0 28 41
0 29 38
0 30 32
0 31 44
0 32 31
0 33 73
0 34 16
0 35 76
0 36 24
0 37 35
0 38 27
0 39 23
0 40 71
0 41 46
0 42 25
0 43 41
0 44 43
0 45 20
0 46 77
0 47 45
0 48 21
0 49 31
0 50 17
0 51 71
0 52 34
0 53 40
0 54 19
0 55 32
0 56 46
0 57 48
0 58 56
0 59 63
0 60 30
0 61 68
0 62 54
0 63 41
0 64 64
0 65 52
0 66 38
0 67 55
0 68 41
0 69 42
0 70 27
0 71 47
0 72 84
0 73 23
0 74 11
0 75 47
0 76 74
0 77 46
0 78 40
0 79 20
0 80 34
0 81 32
0 82 57
0 83 15
0 84 54
0 85 81
0 86 78
0 87 54
0 88 51
0 89 59
0 90 45
0 91 61
0 92 61
0 93 52
0 94 37
0 95 21
0 96 7
0 97 38
0 98 74
0 99 38
1 2 63
1 3 22
1 4 45
1 5 34
1 6 70
1 7 42
1 8 61
1 9 65
1 10 50
1 11 17
1 12 28
1 13 22
1 14 21
1 15 51
1 16 86
1 17 40
1 18 41
1 19 51
1 20 78
1 21 68
1 22 32
1 23 58
1 24 33
1 25 29
1 26 45
1 27 62
1 28 35
1 29 27
1 30 45
1 31 46
1 32 27
1 33 69
1 34 25
1 35 78
1 36 34
1 37 25
1 38 20
1 39 26
1 40 69
1 41 38
1 42 37
1 43 44
1 44 55
1 45 16
1 46 66
1 47 40
1 48 34
1 49 41
1 50 28
1 51 65
1 52 22
1 53 28
1 54 13
1 55 22
1 56 42
1 57 54
1 58 51
1 59 59
1 60 18
1 61 68
1 62 60
1 63 29
1 64 61
1 65 61
1 66 26
1 67 45
1 68 31
1 69 40
1 70 17
1 71 35
1 72 73
1 73 31
1 74 7
1 75 35
1 76 75
1 77 38
1 78 29
1 79 8
1 80 31
1 81 43
1 82 64
1 83 8
1 84 62
1 85 82
1 86 79
1 87 41
1 88 42
1 89 47
1 90 56
1 91 48
1 92 57
1 93 40
1 94 25
1 95 22
1 96 9
1 97 49
1 98 64
1 99 44
2 3 42
2 4 79
2 5 47
2 6 15
2 7 100
2 8 73
2 9 91
2 10 103
2 11 49
2 12 39
2 13 41
2 14 48
2 15 16
2 16 95
2 17 88
2 18 41
2 19 98
2 20 91
2 21 78
2 22 58
2 23 89
2 24 69
2 25 87
2 26 51
2 27 8
2 28 73
2 29 37
2 30 105
2 31 73
2 32 53
2 33 61
2 34 88
2 35 89
2 36 97
2 37 40
2 38 52
2 39 70
2 40 69
2 41 67
2 42 96
2 43 74
2 44 108
2 45 72
2 46 11
2 47 47
2 48 96
2 49 91
2 50 83
2 51 47
2 52 41
2 53 44
2 54 67
2 55 58
2 56 53
2 57 92
2 58 49
2 59 58
2 60 52
2 61 76
2 62 96
2 63 51
2 64 57
2 65 104
2 66 46
2 67 27
2 68 56
2 69 60
2 70 48
2 71 29
2 72 15
2 73 93
2 74 64
2 75 29
2 76 83
2 77 37
2 78 55
2 79 55
2 80 58
2 81 95
2 82 102
2 83 60
2 84 102
2 85 87
2 86 90
2 87 24
2 88 63
2 89 16
2 90 107
2 91 17
2 92 55
2 93 23
2 94 48
2 95 66
2 96 68
2 97 104
2 98 23
2 99 85
3 4 56
3 5 19
3 6 52
3 7 63
3 8 65
3 9 75
3 10 69
3 11 16
3 12 7
3 13 9
3 14 7
3 15 29
3 16 90
3 17 57
3 18 35
3 19 69
3 20 84
3 21 71
3 22 24
3 23 69
3 24 32
3 25 50
3 26 43
3 27 43
3 28 36
3 29 12
3 30 67
3 31 54
3 32 30
3 33 66
3 34 46
3 35 83
3 36 55
3 37 13
3 38 23
3 39 40
3 40 69
3 41 34
3 42 59
3 43 53
3 44 75
3 45 30
3 46 48
3 47 37
3 48 55
3 49 59
3 50 48
3 51 57
3 52 7
3 53 11
3 54 25
3 55 19
3 56 42
3 57 68
3 58 47
3 59 57
3 60 11
3 61 70
3 62 74
3 63 17
3 64 58
3 65 77
3 66 10
3 67 32
3 68 22
3 69 44
3 70 16
3 71 13
3 72 54
3 73 50
3 74 26
3 75 19
3 76 79
3 77 29
3 78 20
3 79 15
3 80 36
3 81 62
3 82 79
3 83 23
3 84 77
3 85 84
3 86 84
3 87 20
3 88 34
3 89 27
3 90 75
3 91 27
3 92 54
3 93 22
3 94 11
3 95 35
3 96 29
3 97 70
3 98 49
3 99 59
4 5 74
4 6 78
4 7 36
4 8 25
4 9 21
4 10 31
4 11 40
4 12 63
4 13 48
4 14 60
4 15 76
4 16 44
4 17 17
4 18 39
4 19 22
4 20 37
4 21 30
4 22 76
4 23 14
4 24 77
4 25 34
4 26 31
4 27 74
4 28 79
4 29 50
4 30 47
4 31 9
4 32 28
4 33 44
4 34 53
4 35 37
4 36 57
4 37 46
4 38 33
4 39 19
4 40 38
4 41 82
4 42 37
4 43 6
4 44 36
4 45 59
4 46 76
4 47 32
4 48 49
4 49 20
4 50 28
4 51 50
4 52 51
4 53 66
4 54 57
4 55 66
4 56 27
4 57 13
4 58 36
4 59 36
4 60 59
4 61 31
4 62 18
4 63 71
4 64 38
4 65 25
4 66 65
4 67 52
4 68 74
4 69 19
4 70 41
4 71 62
4 72 82
4 73 61
4 74 37
4 75 54
4 76 36
4 77 42
4 78 72
4 79 45
4 80 22
4 81 25
4 82 23
4 83 37
4 84 23
4 85 43
4 86 38
4 87 68
4 88 86
4 89 65
4 90 31
4 91 73
4 92 36
4 93 59
4 94 65
4 95 23
4 96 37
4 97 35
4 98 66
4 99 8
5 6 60
5 7 76
5 8 83
5 9 94
5 10 84
5 11 35
5 12 14
5 13 28
5 14 14
5 15 31
5 16 109
5 17 73
5 18 53
5 19 85
5 20 102
5 21 90
5 22 11
5 23 88
5 24 22
5 25 63
5 26 61
5 27 50
5 28 26
5 29 30
5 30 77
5 31 73
5 32 48
5 33 84
5 34 53
5 35 101
5 36 62
5 37 31
5 38 42
5 39 57
5 40 87
5 41 21
5 42 71
5 43 72
5 44 89
5 45 33
5 46 55
5 47 55
5 48 64
5 49 75
5 50 62
5 51 74
5 52 25
5 53 8
5 54 30
5 55 16
5 56 60
5 57 86
5 58 65
5 59 75
5 60 17
5 61 89
5 62 92
5 63 6
5 64 75
5 65 94
5 66 10
5 67 46
5 68 9
5 69 63
5 70 34
5 71 23
5 72 61
5 73 55
5 74 40
5 75 33
5 76 97
5 77 46
5 78 10
5 79 30
5 80 55
5 81 77
5 82 96
5 83 39
5 84 95
5 85 103
5 86 103
5 87 24
5 88 17
5 89 36
5 90 90
5 91 30
5 92 72
5 93 34
5 94 10
5 95 53
5 96 43
5 97 84
5 98 60
5 99 76
6 7 103
6 8 67
6 9 87
6 10 104
6 11 55
6 12 50
6 13 48
6 14 58
6 15 30
6 16 87
6 17 89
6 18 39
6 19 98
6 20 83
6 21 70
6 22 71
6 23 85
6 24 81
6 25 92
6 26 47
6 27 10
6 28 85
6 29 43
6 30 110
6 31 70
6 32 55
6 33 52
6 34 95
6 35 81
6 36 104
6 37 46
6 38 55
6 39 72
6 40 60
6 41 81
6 42 100
6 43 72
6 44 110
6 45 81
6 46 5
6 47 45
6 48 102
6 49 92
6 50 87
6 51 37
6 52 49
6 53 56
6 54 77
6 55 70
6 56 51
6 57 90
6 58 44
6 59 51
6 60 63
6 61 68
6 62 94
6 63 63
6 64 49
6 65 103
6 66 58
6 67 27
6 68 68
6 69 58
6 70 54
6 71 40
6 72 4
6 73 101
6 74 70
6 75 35
6 76 75
6 77 37
6 78 68
6 79 62
6 80 58
6 81 97
6 82 99
6 83 66
6 84 100
6 85 77
6 86 82
6 87 36
6 88 76
6 89 25
6 90 107
6 91 31
6 92 48
6 93 30
6 94 59
6 95 69
6 96 74
6 97 107
6 98 12
6 99 84
7 8 61
7 9 51
7 10 11
7 11 51
7 12 70
7 13 60
7 14 63
7 15 91
7 16 77
7 17 19
7 18 65
7 19 21
7 20 70
7 21 66
7 22 72
7 23 44
7 24 68
7 25 13
7 26 61
7 27 96
7 28 68
7 29 64
7 30 11
7 31 44
7 32 48
7 33 79
7 34 30
7 35 71
7 36 28
7 37 60
7 38 48
7 39 32
7 40 74
7 41 74
7 42 5
7 43 40
7 44 14
7 45 48
7 46 100
7 47 60
7 48 20
7 49 16
7 50 16
7 51 83
7 52 61
7 53 70
7 54 48
7 55 62
7 56 57
7 57 34
7 58 67
7 59 70
7 60 59
7 61 67
7 62 39
7 63 71
7 64 72
7 65 31
7 66 68
7 67 76
7 68 71
7 69 50
7 70 52
7 71 74
7 72 106
7 73 36
7 74 37
7 75 71
7 76 72
7 77 66
7 78 69
7 79 48
7 80 46
7 81 11
7 82 39
7 83 41
7 84 35
7 85 78
7 86 72
7 87 81
7 88 80
7 89 84
7 90 19
7 91 88
7 92 70
7 93 77
7 94 67
7 95 34
7 96 34
7 97 9
7 98 94
7 99 29
8 9 21
8 10 56
8 11 50
8 12 70
8 13 55
8 14 71
8 15 75
8 16 26
8 17 42
8 18 34
8 19 45
8 20 19
8 21 7
8 22 88
8 23 23
8 24 92
8 25 58
8 26 24
8 27 66
8 28 95
8 29 55
8 30 72
8 31 18
8 32 36
8 33 21
8 34 75
8 35 18
8 36 80
8 37 52
8 38 43
8 39 38
8 40 14
8 41 96
8 42 62
8 43 21
8 44 60
8 45 77
8 46 67
8 47 29
8 48 73
8 49 45
8 50 52
8 51 32
8 52 58
8 53 76
8 54 74
8 55 79
8 56 23
8 57 32
8 58 24
8 59 17
8 60 71
8 61 7
8 62 32
8 63 81
8 64 19
8 65 44
8 66 75
8 67 47
8 68 86
8 69 21
8 70 50
8 71 66
8 72 71
8 73 83
8 74 55
8 75 55
8 76 14
8 77 40
8 78 84
8 79 58
8 80 30
8 81 50
8 82 36
8 83 53
8 84 39
8 85 21
8 86 19
8 87 70
8 88 98
8 89 63
8 90 54
8 91 73
8 92 19
8 93 58
8 94 75
8 95 40
8 96 56
8 97 60
8 98 55
8 99 33
9 10 43
9 11 59
9 12 81
9 13 67
9 14 80
9 15 91
9 16 26
9 17 34
9 18 50
9 19 32
9 20 19
9 21 21
9 22 96
9 23 8
9 24 98
9 25 52
9 26 40
9 27 85
9 28 100
9 29 67
9 30 62
9 31 21
9 32 46
9 33 41
9 34 73
9 35 21
9 36 76
9 37 64
9 38 52
9 39 39
9 40 33
9 41 103
9 42 54
9 43 22
9 44 46
9 45 80
9 46 86
9 47 45
9 48 68
9 49 36
9 50 47
9 51 52
9 52 70
9 53 86
9 54 78
9 55 86
9 56 38
9 57 17
9 58 43
9 59 37
9 60 79
9 61 23
9 62 14
9 63 91
9 64 39
9 65 26
9 66 84
9 67 64
9 68 94
9 69 33
9 70 60
9 71 79
9 72 91
9 73 81
9 74 58
9 75 69
9 76 23
9 77 56
9 78 92
9 79 65
9 80 39
9 81 40
9 82 17
9 83 58
9 84 21
9 85 28
9 86 22
9 87 85
9 88 106
9 89 79
9 90 39
9 91 88
9 92 39
9 93 74
9 94 85
9 95 43
9 96 58
9 97 47
9 98 74
9 99 24
10 11 55
10 12 76
10 13 65
10 14 70
10 15 96
10 16 69
10 17 16
10 18 65
10 19 12
10 20 62
10 21 60
10 22 81
10 23 36
10 24 78
10 25 22
10 26 60
10 27 99
10 28 78
10 29 68
10 30 21
10 31 40
10 32 50
10 33 75
10 34 41
10 35 64
10 36 39
10 37 65
10 38 51
10 39 33
10 40 69
10 41 84
10 42 16
10 43 37
10 44 6
10 45 57
10 46 102
10 47 60
10 48 31
10 49 13
10 50 22
10 51 80
10 52 67
10 53 77
10 54 58
10 55 71
10 56 56
10 57 26
10 58 66
10 59 67
10 60 67
10 61 62
10 62 29
10 63 79
10 64 69
10 65 20
10 66 75
10 67 77
10 68 80
10 69 48
10 70 56
10 71 80
10 72 108
10 73 47
10 74 44
10 75 75
10 76 65
10 77 67
10 78 78
10 79 55
10 80 46
10 81 8
10 82 29
10 83 46
10 84 25
10 85 71
10 86 65
10 87 86
10 88 90
10 89 87
10 90 8
10 91 93
10 92 67
10 93 80
10 94 74
10 95 36
10 96 41
10 97 4
10 98 94
10 99 23
11 12 23
11 13 10
11 14 21
11 15 41
11 16 75
11 17 42
11 18 25
11 19 53
11 20 68
11 21 56
11 22 38
11 23 53
11 24 43
11 25 38
11 26 30
11 27 47
11 28 46
11 29 13
11 30 56
11 31 38
11 32 14
11 33 55
11 34 41
11 35 68
11 36 50
11 37 10
11 38 7
11 39 24
11 40 56
11 41 46
11 42 47
11 43 37
11 44 61
11 45 32
11 46 51
11 47 24
11 48 47
11 49 44
11 50 34
11 51 49
11 52 12
11 53 27
11 54 27
11 55 30
11 56 28
11 57 52
11 58 35
11 59 45
11 60 21
11 61 56
11 62 57
11 63 32
11 64 46
11 65 61
11 66 25
11 67 29
11 68 36
11 69 29
11 70 1
11 71 24
11 72 58
11 73 47
11 74 15
11 75 21
11 76 64
11 77 21
11 78 34
11 79 10
11 80 20
11 81 47
11 82 62
11 83 11
11 84 61
11 85 70
11 86 69
11 87 31
11 88 48
11 89 34
11 90 60
11 91 37
11 92 42
11 93 26
11 94 26
11 95 19
11 96 19
11 97 56
11 98 48
11 99 43
12 13 15
12 14 9
12 15 25
12 16 96
12 17 64
12 18 39
12 19 75
12 20 89
12 21 76
12 22 22
12 23 76
12 24 32
12 25 57
12 26 47
12 27 40
12 28 35
12 29 16
12 30 73
12 31 60
12 32 36
12 33 70
12 34 51
12 35 88
12 36 61
12 37 18
12 38 29
12 39 46
12 40 73
12 41 32
12 42 65
12 43 59
12 44 81
12 45 33
12 46 45
12 47 41
12 48 61
12 49 66
12 50 54
12 51 60
12 52 12
12 53 7
12 54 29
12 55 20
12 56 47
12 57 75
12 58 51
12 59 61
12 60 14
12 61 75
12 62 80
12 63 14
12 64 61
12 65 84
12 66 8
12 67 33
12 68 20
12 69 49
12 70 22
12 71 10
12 72 52
12 73 55
12 74 32
12 75 19
12 76 83
12 77 32
12 78 18
12 79 21
12 80 42
12 81 69
12 82 85
12 83 30
12 84 84
12 85 89
12 86 89
12 87 15
12 88 30
12 89 25
12 90 82
12 91 22
12 92 58
12 93 21
12 94 9
12 95 42
12 96 36
12 97 77
12 98 48
12 99 65
13 14 16
13 15 31
13 16 81
13 17 51
13 18 26
13 19 63
13 20 74
13 21 62
13 22 33
13 23 61
13 24 41
13 25 47
13 26 34
13 27 40
13 28 44
13 29 5
13 30 65
13 31 46
13 32 21
13 33 57
13 34 47
13 35 73
13 36 56
13 37 4
13 38 15
13 39 33
13 40 59
13 41 43
13 42 56
13 43 45
13 44 70
13 45 34
13 46 44
13 47 27
13 48 55
13 49 53
13 50 44
13 51 49
13 52 3
13 53 20
13 54 30
13 55 27
13 56 33
13 57 61
13 58 38
13 59 48
13 60 18
13 61 61
13 62 66
13 63 26
13 64 48
13 65 71
13 66 19
13 67 25
13 68 31
13 69 35
13 70 9
13 71 15
13 72 51
13 73 53
13 74 23
13 75 13
13 76 69
13 77 20
13 78 29
13 79 14
13 80 28
13 81 57
13 82 71
13 83 19
13 84 70
13 85 75
13 86 75
13 87 22
13 88 43
13 89 25
13 90 70
13 91 28
13 92 45
13 93 18
13 94 20
13 95 29
13 96 27
13 97 66
13 98 43
13 99 52
14 15 33
14 16 96
14 17 59
14 18 42
14 19 71
14 20 89
14 21 77
14 22 18
14 23 74
14 24 25
14 25 50
14 26 49
14 27 49
14 28 29
14 29 19
14 30 65
14 31 59
14 32 35
14 33 73
14 34 43
14 35 88
14 36 52
14 37 20
14 38 28
14 39 43
14 40 75
14 41 27
14 42 58
14 43 58
14 44 75
14 45 25
14 46 54
14 47 43
14 48 53
14 49 61
14 50 48
14 51 64
14 52 13
14 53 7
14 54 20
14 55 12
14 56 48
14 57 71
14 58 53
14 59 64
14 60 5
14 61 76
14 62 77
14 63 11
14 64 64
14 65 80
14 66 5
14 67 39
14 68 15
14 69 49
14 70 20
14 71 19
14 72 60
14 73 46
14 74 26
14 75 25
14 76 84
14 77 36
14 78 13
14 79 16
14 80 41
14 81 63
14 82 82
14 83 24
14 84 80
14 85 90
14 86 90
14 87 24
14 88 27
14 89 33
14 90 76
14 91 31
14 92 61
14 93 28
14 94 5
14 95 38
14 96 29
14 97 70
14 98 56
14 99 62
15 16 99
15 17 81
15 18 41
15 19 93
15 20 94
15 21 81
15 22 42
15 23 87
15 24 53
15 25 78
15 26 52
15 27 21
15 28 57
15 29 28
15 30 95
15 31 71
15 32 48
15 33 68
15 34 76
15 35 92
15 36 85
15 37 31
15 38 45
15 39 63
15 40 73
15 41 51
15 42 87
15 43 71
15 44 101
15 45 58
15 46 25
15 47 46
15 48 85
15 49 84
15 50 75
15 51 54
15 52 30
15 53 29
15 54 54
15 55 43
15 56 53
15 57 89
15 58 52
15 59 62
15 60 38
15 61 79
15 62 94
15 63 35
15 64 61
15 65 100
15 66 31
15 67 29
15 68 40
15 69 59
15 70 39
15 71 17
15 72 31
15 73 80
15 74 54
15 75 22
15 76 87
15 77 35
15 78 40
15 79 44
15 80 54
15 81 88
15 82 99
15 83 50
15 84 99
15 85 91
15 86 93
15 87 10
15 88 47
15 89 12
15 90 100
15 91 3
15 92 59
15 93 17
15 94 33
15 95 59
15 96 58
15 97 97
15 98 34
15 99 81
16 17 59
16 18 59
16 19 58
16 20 8
16 21 19
16 22 113
16 23 34
16 24 117
16 25 77
16 26 49
16 27 88
16 28 120
16 29 80
16 30 88
16 31 40
16 32 62
16 33 35
16 34 97
16 35 8
16 36 101
16 37 78
16 38 68
16 39 61
16 40 27
16 41 121
16 42 80
16 43 43
16 44 72
16 45 101
16 46 88
16 47 55
16 48 93
16 49 62
16 50 72
16 51 49
16 52 84
16 53 101
16 54 99
16 55 105
16 56 49
16 57 43
16 58 47
16 59 38
16 60 97
16 61 21
16 62 40
16 63 107
16 64 39
16 65 51
16 66 100
16 67 71
16 68 111
16 69 47
16 70 76
16 71 91
16 72 91
16 73 105
16 74 79
16 75 80
16 76 12
16 77 65
16 78 109
16 79 83
16 80 55
16 81 66
16 82 42
16 83 77
16 84 46
16 85 9
16 86 6
16 87 95
16 88 123
16 89 87
16 90 65
16 91 97
16 92 41
16 93 83
16 94 101
16 95 64
16 96 80
16 97 73
16 98 74
16 99 49
17 18 50
17 19 12
17 20 52
17 21 47
17 22 72
17 23 26
17 24 71
17 25 19
17 26 44
17 27 83
17 28 72
17 29 54
17 30 30
17 31 25
17 32 34
17 33 60
17 34 40
17 35 53
17 36 42
17 37 50
17 38 37
17 39 18
17 40 55
17 41 77
17 42 21
17 43 21
17 44 22
17 45 51
17 46 86
17 47 44
17 48 34
17 49 4
17 50 15
17 51 65
17 52 53
17 53 66
17 54 50
17 55 62
17 56 40
17 57 17
17 58 50
17 59 52
17 60 57
17 61 48
17 62 23
17 63 69
17 64 54
17 65 21
17 66 64
17 67 62
17 68 70
17 69 32
17 70 43
17 71 66
17 72 93
17 73 48
17 74 33
17 75 60
17 76 53
17 77 52
17 78 69
17 79 43
17 80 30
17 81 9
17 82 26
17 83 35
17 84 23
17 85 59
17 86 54
17 87 73
17 88 81
17 89 73
17 90 19
17 91 78
17 92 52
17 93 66
17 94 64
17 95 22
17 96 31
17 97 19
17 98 78
17 99 10
18 19 59
18 20 53
18 21 40
18 22 59
18 23 48
18 24 66
18 25 55
18 26 10
18 27 35
18 28 70
18 29 23
18 30 73
18 31 32
18 32 18
18 33 31
18 34 64
18 35 51
18 36 72
18 37 22
18 38 21
18 39 33
18 40 34
18 41 69
18 42 63
18 43 33
18 44 71
18 45 57
18 46 38
18 47 6
18 48 68
18 49 53
18 50 50
18 51 23
18 52 28
18 53 45
18 54 53
18 55 53
18 56 12
18 57 51
18 58 12
18 59 23
18 60 44
18 61 38
18 62 55
18 63 52
18 64 23
18 65 64
18 66 45
18 67 14
18 68 57
18 69 19
18 70 25
18 71 32
18 72 43
18 73 71
18 74 38
18 75 21
18 76 46
18 77 7
18 78 55
18 79 35
18 80 19
18 81 58
18 82 61
18 83 34
18 84 61
18 85 51
18 86 52
18 87 37
18 88 69
18 89 29
18 90 68
18 91 39
18 92 20
18 93 24
18 94 46
18 95 32
18 96 41
18 97 68
18 98 29
18 99 45
19 20 51
19 21 49
19 22 83
19 23 24
19 24 82
19 25 27
19 26 52
19 27 94
19 28 83
19 29 65
19 30 32
19 31 31
19 32 45
19 33 65
19 34 48
19 35 52
19 36 48
19 37 62
19 38 48
19 39 30
19 40 59
19 41 88
19 42 25
19 43 28
19 44 15
19 45 62
19 46 97
19 47 53
19 48 40
19 49 10
19 50 25
19 51 72
19 52 65
19 53 78
19 54 61
19 55 73
19 56 49
19 57 14
19 58 57
19 59 58
19 60 68
19 61 51
19 62 18
19 63 80
19 64 60
19 65 11
19 66 76
19 67 72
19 68 82
19 69 41
19 70 54
19 71 77
19 72 102
19 73 55
19 74 45
19 75 71
19 76 53
19 77 62
19 78 80
19 79 55
19 80 41
19 81 11
19 82 18
19 83 46
19 84 14
19 85 60
19 86 53
19 87 84
19 88 93
19 89 84
19 90 9
19 91 90
19 92 58
19 93 77
19 94 75
19 95 34
19 96 43
19 97 16
19 98 88
19 99 14
20 21 13
20 22 106
20 23 27
20 24 110
20 25 70
20 26 43
20 27 83
20 28 113
20 29 74
20 30 81
20 31 32
20 32 55
20 33 32
20 34 90
20 35 3
20 36 93
20 37 71
20 38 61
20 39 53
20 40 23
20 41 114
20 42 73
20 43 35
20 44 65
20 45 94
20 46 84
20 47 49
20 48 86
20 49 55
20 50 65
20 51 46
20 52 77
20 53 94
20 54 91
20 55 98
20 56 42
20 57 37
20 58 42
20 59 33
20 60 90
20 61 15
20 62 33
20 63 100
20 64 34
20 65 45
20 66 93
20 67 65
20 68 104
20 69 40
20 70 69
20 71 85
20 72 87
20 73 98
20 74 72
20 75 74
20 76 8
20 77 59
20 78 102
20 79 76
20 80 48
20 81 59
20 82 36
20 83 70
20 84 40
20 85 10
20 86 3
20 87 89
20 88 116
20 89 82
20 90 58
20 91 91
20 92 36
20 93 77
20 94 94
20 95 57
20 96 72
20 97 66
20 98 71
20 99 42
21 22 94
21 23 25
21 24 99
21 25 63
21 26 29
21 27 70
21 28 101
21 29 61
21 30 77
21 31 23
21 32 43
21 33 21
21 34 81
21 35 12
21 36 86
21 37 59
21 38 50
21 39 44
21 40 13
21 41 103
21 42 67
21 43 27
21 44 64
21 45 84
21 46 71
21 47 35
21 48 79
21 49 50
21 50 58
21 51 34
21 52 65
21 53 82
21 54 81
21 55 86
21 56 29
21 57 35
21 58 29
21 59 20
21 60 78
21 61 3
21 62 34
21 63 88
21 64 22
21 65 46
21 66 81
21 67 52
21 68 92
21 69 28
21 70 57
21 71 72
21 72 74
21 73 90
21 74 61
21 75 61
21 76 7
21 77 46
21 78 90
21 79 65
21 80 37
21 81 55
21 82 38
21 83 59
21 84 41
21 85 14
21 86 13
21 87 76
21 88 104
21 89 68
21 90 57
21 91 78
21 92 23
21 93 64
21 94 82
21 95 47
21 96 62
21 97 64
21 98 58
21 99 37
22 23 89
22 24 11
22 25 59
22 26 67
22 27 61
22 28 15
22 29 36
22 30 72
22 31 76
22 32 52
22 33 90
22 34 46
22 35 105
22 36 54
22 37 37
22 38 45
22 39 57
22 40 93
22 41 10
22 42 67
22 43 74
22 44 85
22 45 25
22 46 66
22 47 61
22 48 58
22 49 73
22 50 59
22 51 81
22 52 31
22 53 15
22 54 24
22 55 10
22 56 66
22 57 86
22 58 71
22 59 81
22 60 17
22 61 94
22 62 92
22 63 8
22 64 82
22 65 93
22 66 15
22 67 55
22 68 3
22 69 67
22 70 38
22 71 32
22 72 72
22 73 46
22 74 39
22 75 42
22 76 102
22 77 53
22 78 4
22 79 31
22 80 58
22 81 74
22 82 96
22 83 38
22 84 94
22 85 108
22 86 107
22 87 35
22 88 10
22 89 47
22 90 88
22 91 41
22 92 79
22 93 43
22 94 14
22 95 53
22 96 41
22 97 80
22 98 70
22 99 76
23 24 91
23 25 44
23 26 38
23 27 83
23 28 93
23 29 62
23 30 55
23 31 16
23 32 40
23 33 44
23 34 65
23 35 28
23 36 68
23 37 59
23 38 46
23 39 32
23 40 36
23 41 96
23 42 46
23 43 16
23 44 39
23 45 73
23 46 84
23 47 42
23 48 60
23 49 28
23 50 39
23 51 53
23 52 64
23 53 80
23 54 71
23 55 80
23 56 36
23 57 10
23 58 41
23 59 38
23 60 73
23 61 27
23 62 9
23 63 84
23 64 40
23 65 21
23 66 78
23 67 61
23 68 87
23 69 29
23 70 54
23 71 74
23 72 89
23 73 73
23 74 51
23 75 65
23 76 29
23 77 53
23 78 85
23 79 59
23 80 34
23 81 32
23 82 14
23 83 51
23 84 16
23 85 35
23 86 29
23 87 80
23 88 99
23 89 76
23 90 33
23 91 84
23 92 39
23 93 70
23 94 78
23 95 36
23 96 51
23 97 40
23 98 73
23 99 16
24 25 56
24 26 73
24 27 72
24 28 4
24 29 44
24 30 66
24 31 79
24 32 56
24 33 97
24 34 40
24 35 110
24 36 47
24 37 44
24 38 49
24 39 59
24 40 98
24 41 6
24 42 63
24 43 76
24 44 82
24 45 21
24 46 77
24 47 67
24 48 52
24 49 72
24 50 57
24 51 89
24 52 38
24 53 25
24 54 21
24 55 14
24 56 71
24 57 87
24 58 78
24 59 88
24 60 22
24 61 98
24 62 93
24 63 18
24 64 88
24 65 92
24 66 24
24 67 64
24 68 13
24 69 71
24 70 43
24 71 42
24 72 83
24 73 39
24 74 40
24 75 50
24 76 106
24 77 61
24 78 14
24 79 34
24 80 62
24 81 72
24 82 97
24 83 40
24 84 94
24 85 113
24 86 111
24 87 45
24 88 14
24 89 57
24 90 85
24 91 51
24 92 85
24 93 53
24 94 23
24 95 55
24 96 40
24 97 77
24 98 80
24 99 77
25 26 53
25 27 85
25 28 57
25 29 51
25 30 18
25 31 40
25 32 37
25 33 74
25 34 21
25 35 71
25 36 23
25 37 48
25 38 36
25 39 23
25 40 70
25 41 62
25 42 9
25 43 36
25 44 26
25 45 36
25 46 89
25 47 50
25 48 16
25 49 18
25 50 6
25 51 75
25 52 49
25 53 57
25 54 36
25 55 49
25 56 49
25 57 36
25 58 59
25 59 64
25 60 46
25 61 64
25 62 42
25 63 58
25 64 66
25 65 38
25 66 54
25 67 65
25 68 58
25 69 43
25 70 39
25 71 62
25 72 95
25 73 29
25 74 24
25 75 59
25 76 70
25 77 55
25 78 57
25 79 35
25 80 37
25 81 16
25 82 44
25 83 28
25 84 41
25 85 77
25 86 72
25 87 69
25 88 68
25 89 72
25 90 29
25 91 75
25 92 63
25 93 64
25 94 54
25 95 24
25 96 21
25 97 21
25 98 83
25 99 28
26 27 45
26 28 76
26 29 32
26 30 70
26 31 23
26 32 19
26 33 24
26 34 65
26 35 41
26 36 72
26 37 30
26 38 25
26 39 30
26 40 26
26 41 76
26 42 60
26 43 25
26 44 65
26 45 61
26 46 46
26 47 6
26 48 67
26 49 47
26 50 47
26 51 22
26 52 36
26 53 54
26 54 57
26 55 59
26 56 4
26 57 43
26 58 6
26 59 15
26 60 51
26 61 28
26 62 46
26 63 60
26 64 16
26 65 56
26 66 53
26 67 24
26 68 65
26 69 11
26 70 30
26 71 42
26 72 52
26 73 73
26 74 40
26 75 31
26 76 36
26 77 17
26 78 63
26 79 40
26 80 16
26 81 53
26 82 51
26 83 37
26 84 53
26 85 42
26 86 42
26 87 47
26 88 77
26 89 40
26 90 61
26 91 49
26 92 12
26 93 35
26 94 54
26 95 30
26 96 43
26 97 63
26 98 36
26 99 38
27 28 75
27 29 35
27 30 103
27 31 67
27 32 49
27 33 54
27 34 87
27 35 81
27 36 96
27 37 38
27 38 49
27 39 66
27 40 61
27 41 71
27 42 94
27 43 69
27 44 105
27 45 72
27 46 5
27 47 42
27 48 94
27 49 86
27 50 80
27 51 39
27 52 40
27 53 47
27 54 68
27 55 60
27 56 47
27 57 87
27 58 42
27 59 51
27 60 53
27 61 68
27 62 91
27 63 54
27 64 49
27 65 99
27 66 48
27 67 22
27 68 59
27 69 55
27 70 46
27 71 30
27 72 12
27 73 92
27 74 62
27 75 27
27 76 76
27 77 32
27 78 58
27 79 54
27 80 53
27 81 91
27 82 96
27 83 58
27 84 97
27 85 79
27 86 82
27 87 27
27 88 67
27 89 15
27 90 102
27 91 21
27 92 48
27 93 22
27 94 50
27 95 63
27 96 66
27 97 101
27 98 15
27 99 80
28 29 48
28 30 66
28 31 81
28 32 59
28 33 100
28 34 39
28 35 112
28 36 46
28 37 48
28 38 52
28 39 61
28 40 101
28 41 8
28 42 63
28 43 78
28 44 82
28 45 21
28 46 80
28 47 70
28 48 52
28 49 73
28 50 58
28 51 93
28 52 42
28 53 29
28 54 22
28 55 17
28 56 74
28 57 88
28 58 81
28 59 91
28 60 26
28 61 101
28 62 94
28 63 22
28 64 91
28 65 93
28 66 27
28 67 67
28 68 17
28 69 73
28 70 46
28 71 46
28 72 87
28 73 37
28 74 42
28 75 54
28 76 109
28 77 64
28 78 17
28 79 37
28 80 65
28 81 73
28 82 98
28 83 43
28 84 95
28 85 115
28 86 113
28 87 49
28 88 16
28 89 60
28 90 86
28 91 55
28 92 88
28 93 56
28 94 26
28 95 57
28 96 42
28 97 77
28 98 84
28 99 78
29 30 69
29 31 46
29 32 22
29 33 54
29 34 52
29 35 72
29 36 61
29 37 4
29 38 17
29 39 36
29 40 57
29 41 46
29 42 60
29 43 46
29 44 74
29 45 39
29 46 39
29 47 26
29 48 60
29 49 57
29 50 48
29 51 45
29 52 6
29 53 22
29 54 34
29 55 31
29 56 31
29 57 62
29 58 35
29 59 46
29 60 22
29 61 60
29 62 68
29 63 29
29 64 46
29 65 73
29 66 22
29 67 20
29 68 34
29 69 35
29 70 12
29 71 12
29 72 46
29 73 58
29 74 28
29 75 8
29 76 68
29 77 17
29 78 32
29 79 19
29 80 28
29 81 60
29 82 73
29 83 24
29 84 72
29 85 74
29 86 74
29 87 19
29 88 45
29 89 21
29 90 73
29 91 25
29 92 43
29 93 14
29 94 23
29 95 32
29 96 31
29 97 69
29 98 38
29 99 54
30 31 55
30 32 56
30 33 89
30 34 27
30 35 82
30 36 21
30 37 66
30 38 55
30 39 40
30 40 85
30 41 73
30 42 10
30 43 51
30 44 21
30 45 46
30 46 107
30 47 68
30 48 15
30 49 27
30 50 23
30 51 92
30 52 66
30 53 72
30 54 48
30 55 62
30 56 66
30 57 45
30 58 76
30 59 80
30 60 61
30 61 78
30 62 49
30 63 72
30 64 82
30 65 41
30 66 70
30 67 83
30 68 71
30 69 60
30 70 57
30 71 79
30 72 113
30 73 31
30 74 42
30 75 77
30 76 82
30 77 73
30 78 70
30 79 52
30 80 55
30 81 22
30 82 50
30 83 45
30 84 46
30 85 89
30 86 83
30 87 86
30 88 79
30 89 90
30 90 28
30 91 92
30 92 80
30 93 82
30 94 69
30 95 42
30 96 38
30 97 17
30 98 101
30 99 40
31 32 25
31 33 35
31 34 58
31 35 32
31 36 63
31 37 43
31 38 31
31 39 21
31 40 30
31 41 83
31 42 45
31 43 4
31 44 45
31 45 62
31 46 69
31 47 26
31 48 56
31 49 29
31 50 34
31 51 41
31 52 49
31 53 65
31 54 59
31 55 66
31 56 20
31 57 20
31 58 27
31 59 27
31 60 59
31 61 24
31 62 23
31 63 70
31 64 29
31 65 33
31 66 64
31 67 46
31 68 73
31 69 13
31 70 39
31 71 59
31 72 74
31 73 66
31 74 39
31 75 49
31 76 30
31 77 36
31 78 72
31 79 45
31 80 18
31 81 34
31 82 29
31 83 38
31 84 30
31 85 37
31 86 34
31 87 64
31 88 86
31 89 60
31 90 40
31 91 68
31 92 27
31 93 54
31 94 64
31 95 24
31 96 40
31 97 44
31 98 59
31 99 17
32 33 43
32 34 47
32 35 54
32 36 55
32 37 19
32 38 7
32 39 17
32 40 43
32 41 60
32 42 46
32 43 24
32 44 55
32 45 43
32 46 53
32 47 14
32 48 50
32 49 37
32 50 32
32 51 40
32 52 24
32 53 40
32 54 39
32 55 43
32 56 16
32 57 41
32 58 25
32 59 33
32 60 35
32 61 42
32 62 46
32 63 46
32 64 34
32 65 52
32 66 39
32 67 28
32 68 50
32 69 15
32 70 14
32 71 34
32 72 59
32 73 54
32 74 22
32 75 26
32 76 50
32 77 18
32 78 48
32 79 22
32 80 7
32 81 42
32 82 51
32 83 18
32 84 50
32 85 56
32 86 55
32 87 41
32 88 62
32 89 39
32 90 53
32 91 45
32 92 31
32 93 32
32 94 39
32 95 14
32 96 24
32 97 52
32 98 46
32 99 32
33 34 88
33 35 29
33 36 95
33 37 53
33 38 49
33 39 52
33 40 9
33 41 100
33 42 79
33 43 39
33 44 80
33 45 85
33 46 53
33 47 30
33 48 89
33 49 64
33 50 68
33 51 15
33 52 59
33 53 76
33 54 82
33 55 83
33 56 27
33 57 52
33 58 19
33 59 10
33 60 75
33 61 19
33 62 53
33 63 83
33 64 9
33 65 65
33 66 76
33 67 40
33 68 88
33 69 31
33 70 55
33 71 63
33 72 56
33 73 96
33 74 64
33 75 51
33 76 24
33 77 38
33 78 86
33 79 64
33 80 39
33 81 69
33 82 57
33 83 61
33 84 60
33 85 26
33 86 30
33 87 66
33 88 100
33 89 55
33 90 74
33 91 66
33 92 12
33 93 53
33 94 77
33 95 52
33 96 66
33 97 79
33 98 40
33 99 52
34 35 90
34 36 9
34 37 50
34 38 43
34 39 37
34 40 86
34 41 46
34 42 25
34 43 55
34 44 44
34 45 21
34 46 92
34 47 61
34 48 12
34 49 39
34 50 26
34 51 86
34 52 47
34 53 49
34 54 23
34 55 37
34 56 62
34 57 57
34 58 71
34 59 78
34 60 38
34 61 82
34 62 63
34 63 47
34 64 80
34 65 59
34 66 46
34 67 70
34 68 46
34 69 57
34 70 42
34 71 59
34 72 98
34 73 8
34 74 26
34 75 61
34 76 88
34 77 62
34 78 45
34 79 33
34 80 49
34 81 37
34 82 66
34 83 30
34 84 62
34 85 95
34 86 91
34 87 66
34 88 53
34 89 72
34 90 49
34 91 73
34 92 77
34 93 66
34 94 45
34 95 36
34 96 23
34 97 39
34 98 89
34 99 49
35 36 94
35 37 70
35 38 61
35 39 53
35 40 21
35 41 114
35 42 73
35 43 35
35 44 67
35 45 94
35 46 81
35 47 47
35 48 86
35 49 56
35 50 65
35 51 43
35 52 76
35 53 93
35 54 91
35 55 97
35 56 41
35 57 38
35 58 40
35 59 31
35 60 89
35 61 13
35 62 35
35 63 99
35 64 32
35 65 47
35 66 92
35 67 63
35 68 103
35 69 39
35 70 68
35 71 83
35 72 85
35 73 98
35 74 71
35 75 72
35 76 6
35 77 58
35 78 101
35 79 75
35 80 47
35 81 60
35 82 38
35 83 70
35 84 42
35 85 8
35 86 1
35 87 88
35 88 115
35 89 80
35 90 60
35 91 90
35 92 34
35 93 75
35 94 93
35 95 56
35 96 72
35 97 68
35 98 68
35 99 43
36 37 59
36 38 51
36 39 43
36 40 92
36 41 54
36 42 23
36 43 59
36 44 41
36 45 29
36 46 101
36 47 68
36 48 8
36 49 40
36 50 29
36 51 94
36 52 57
36 53 58
36 54 32
36 55 46
36 56 69
36 57 59
36 58 78
36 59 85
36 60 48
36 61 87
36 62 65
36 63 56
36 64 87
36 65 58
36 66 56
36 67 79
36 68 54
36 69 63
36 70 51
36 71 69
36 72 107
36 73 9
36 74 35
36 75 70
36 76 93
36 77 70
36 78 53
36 79 43
36 80 56
36 81 37
36 82 66
36 83 39
36 84 63
36 85 100
36 86 95
36 87 75
36 88 61
36 89 82
36 90 47
36 91 82
36 92 83
36 93 75
36 94 55
36 95 42
36 96 31
36 97 36
36 98 98
36 99 51
37 38 14
37 39 32
37 40 56
37 41 47
37 42 57
37 43 43
37 44 70
37 45 38
37 46 42
37 47 24
37 48 57
37 49 53
37 50 44
37 51 45
37 52 6
37 53 24
37 54 33
37 55 31
37 56 29
37 57 59
37 58 34
37 59 44
37 60 22
37 61 58
37 62 64
37 63 30
37 64 45
37 65 69
37 66 23
37 67 21
37 68 35
37 69 32
37 70 9
37 71 16
37 72 49
37 73 55
37 74 25
37 75 11
37 76 66
37 77 16
37 78 33
37 79 16
37 80 25
37 81 57
37 82 69
37 83 21
37 84 69
37 85 72
37 86 71
37 87 22
37 88 47
37 89 24
37 90 69
37 91 28
37 92 41
37 93 17
37 94 24
37 95 28
37 96 28
37 97 66
37 98 40
37 99 50
38 39 19
38 40 49
38 41 53
38 42 45
38 43 30
38 44 57
38 45 37
38 46 52
38 47 19
38 48 47
38 49 39
38 50 32
38 51 44
38 52 18
38 53 34
38 54 33
38 55 36
38 56 22
38 57 45
38 58 30
38 59 39
38 60 28
38 61 49
38 62 51
38 63 39
38 64 40
38 65 56
38 66 32
38 67 28
38 68 43
38 69 22
38 70 8
38 71 29
38 72 59
38 73 50
38 74 17
38 75 23
38 76 57
38 77 19
38 78 41
38 79 15
38 80 13
38 81 43
38 82 56
38 83 13
38 84 55
38 85 63
38 86 62
38 87 36
38 88 55
38 89 36
38 90 56
38 91 42
38 92 37
38 93 29
38 94 33
38 95 15
38 96 20
38 97 53
38 98 47
38 99 37
39 40 49
39 41 64
39 42 30
39 43 18
39 44 39
39 45 41
39 46 69
39 47 28
39 48 37
39 49 21
39 50 17
39 51 52
39 52 36
39 53 49
39 54 38
39 55 47
39 56 26
39 57 29
39 58 37
39 59 42
39 60 41
39 61 45
39 62 35
39 63 53
39 64 44
39 65 38
39 66 47
39 67 44
39 68 56
39 69 20
39 70 25
39 71 48
39 72 75
39 73 45
39 74 19
39 75 42
39 76 51
39 77 34
39 78 54
39 79 27
39 80 15
39 81 25
39 82 39
39 83 19
39 84 38
39 85 58
39 86 55
39 87 55
39 88 67
39 89 55
39 90 37
39 91 60
39 92 41
39 93 47
39 94 47
39 95 4
39 96 19
39 97 35
39 98 62
39 99 19
40 41 102
40 42 75
40 43 34
40 44 74
40 45 85
40 46 61
40 47 32
40 48 85
40 49 59
40 50 64
40 51 23
40 52 62
40 53 79
40 54 82
40 55 85
40 56 27
40 57 45
40 58 22
40 59 12
40 60 77
40 61 10
40 62 45
40 63 86
40 64 12
40 65 58
40 66 79
40 67 45
40 68 90
40 69 29
40 70 56
40 71 67
40 72 64
40 73 94
40 74 63
40 75 55
40 76 15
40 77 41
40 78 89
40 79 65
40 80 38
40 81 64
40 82 50
40 83 61
40 84 53
40 85 18
40 86 22
40 87 70
40 88 102
40 89 61
40 90 68
40 91 71
40 92 15
40 93 58
40 94 79
40 95 50
40 96 65
40 97 73
40 98 48
40 99 46
41 42 69
41 43 81
41 44 88
41 45 27
41 46 76
41 47 70
41 48 58
41 49 77
41 50 63
41 51 91
41 52 40
41 53 25
41 54 27
41 55 17
41 56 74
41 57 92
41 58 80
41 59 90
41 60 25
41 61 102
41 62 98
41 63 18
41 64 91
41 65 98
41 66 25
41 67 65
41 68 12
41 69 75
41 70 46
41 71 42
41 72 82
41 73 45
41 74 45
41 75 51
41 76 110
41 77 63
41 78 14
41 79 38
41 80 66
41 81 78
41 82 102
41 83 45
41 84 100
41 85 116
41 86 115
41 87 44
41 88 8
41 89 56
41 90 91
41 91 50
41 92 88
41 93 53
41 94 23
41 95 60
41 96 46
41 97 83
41 98 80
41 99 82
42 43 41
42 44 19
42 45 42
42 46 97
42 47 58
42 48 15
42 49 18
42 50 13
42 51 82
42 52 58
42 53 65
42 54 43
42 55 57
42 56 56
42 57 37
42 58 66
42 59 70
42 60 55
42 61 69
42 62 42
42 63 66
42 64 72
42 65 35
42 66 63
42 67 73
42 68 66
42 69 49
42 70 48
42 71 71
42 72 104
42 73 31
42 74 33
42 75 68
42 76 73
42 77 63
42 78 64
42 79 44
42 80 45
42 81 14
42 82 43
42 83 37
42 84 40
42 85 80
42 86 75
42 87 77
42 88 75
42 89 81
42 90 24
42 91 84
42 92 70
42 93 73
42 94 62
42 95 32
42 96 30
42 97 14
42 98 91
42 99 31
43 44 42
43 45 59
43 46 71
43 47 27
43 48 52
43 49 25
43 50 31
43 51 44
43 52 48
43 53 64
43 54 56
43 55 64
43 56 22
43 57 18
43 58 30
43 59 30
43 60 57
43 61 28
43 62 22
43 63 68
43 64 33
43 65 31
43 66 62
43 67 47
43 68 72
43 69 14
43 70 38
43 71 58
43 72 76
43 73 63
43 74 37
43 75 49
43 76 34
43 77 37
43 78 70
43 79 43
43 80 18
43 81 30
43 82 28
43 83 36
43 84 28
43 85 41
43 86 37
43 87 64
43 88 84
43 89 61
43 90 37
43 91 69
43 92 31
43 93 54
43 94 62
43 95 22
43 96 37
43 97 40
43 98 61
43 99 13
44 45 61
44 46 108
44 47 65
44 48 33
44 49 18
44 50 27
44 51 86
44 52 72
44 53 82
44 54 62
44 55 75
44 56 61
44 57 29
44 58 71
44 59 72
44 60 72
44 61 66
44 62 32
44 63 84
44 64 74
44 65 21
44 66 80
44 67 83
44 68 84
44 69 54
44 70 62
44 71 85
44 72 114
44 73 50
44 74 49
44 75 80
44 76 68
44 77 73
44 78 83
44 79 60
44 80 52
44 81 14
44 82 31
44 83 52
44 84 27
44 85 74
44 86 68
44 87 92
44 88 94
44 89 93
44 90 8
44 91 98
44 92 72
44 93 86
44 94 80
44 95 42
44 96 46
44 97 5
44 98 100
44 99 28
45 46 77
45 47 56
45 48 32
45 49 51
45 50 37
45 51 80
45 52 33
45 53 30
45 54 5
45 55 17
45 56 58
45 57 67
45 58 67
45 59 76
45 60 20
45 61 84
45 62 73
45 63 27
45 64 77
45 65 72
45 66 27
45 67 59
45 68 25
45 69 56
45 70 32
45 71 43
45 72 84
45 73 22
45 74 22
45 75 47
45 76 91
45 77 53
45 78 24
45 79 22
45 80 48
45 81 52
45 82 77
45 83 25
45 84 74
45 85 98
45 86 95
45 87 48
45 88 33
45 89 57
45 90 65
45 91 56
45 92 73
45 93 51
45 94 26
45 95 37
45 96 22
45 97 56
45 98 77
45 99 58
46 47 44
46 48 99
46 49 90
46 50 84
46 51 39
46 52 44
46 53 52
46 54 73
46 55 65
46 56 49
46 57 89
46 58 44
46 59 51
46 60 58
46 61 69
46 62 92
46 63 59
46 64 49
46 65 101
46 66 53
46 67 25
46 68 64
46 69 57
46 70 50
46 71 35
46 72 7
46 73 97
46 74 67
46 75 31
46 76 76
46 77 35
46 78 63
46 79 58
46 80 56
46 81 94
46 82 98
46 83 62
46 84 99
46 85 79
46 86 82
46 87 32
46 88 72
46 89 20
46 90 105
46 91 26
46 92 48
46 93 26
46 94 54
46 95 66
46 96 70
46 97 104
46 98 13
46 99 83
47 48 64
47 49 47
47 50 45
47 51 26
47 52 30
47 53 47
47 54 52
47 55 53
47 56 6
47 57 45
47 58 11
47 59 21
47 60 45
47 61 34
47 62 49
47 63 54
47 64 22
47 65 57
47 66 47
47 67 20
47 68 58
47 69 13
47 70 24
47 71 36
47 72 50
47 73 68
47 74 35
47 75 25
47 76 42
47 77 11
47 78 57
47 79 34
47 80 14
47 81 52
47 82 54
47 83 32
47 84 55
47 85 48
47 86 48
47 87 41
47 88 70
47 89 35
47 90 62
47 91 44
47 92 18
47 93 29
47 94 47
47 95 27
47 96 38
47 97 62
47 98 35
47 99 39
48 49 32
48 50 22
48 51 89
48 52 56
48 53 60
48 54 35
48 55 49
48 56 63
48 57 51
48 58 73
48 59 79
48 60 49
48 61 80
48 62 57
48 63 58
48 64 81
48 65 50
48 66 57
48 67 76
48 68 58
48 69 58
48 70 48
48 71 68
48 72 105
48 73 17
48 74 32
48 75 68
48 76 86
48 77 67
48 78 56
48 79 41
48 80 51
48 81 29
48 82 58
48 83 36
48 84 54
48 85 92
48 86 88
48 87 75
48 88 65
48 89 80
48 90 39
48 91 82
48 92 78
48 93 73
48 94 56
48 95 37
48 96 28
48 97 28
48 98 95
48 99 44
49 50 14
49 51 68
49 52 56
49 53 68
49 54 51
49 55 63
49 56 44
49 57 19
49 58 53
49 59 55
49 60 58
49 61 52
49 62 25
49 63 70
49 64 57
49 65 21
49 66 65
49 67 65
49 68 71
49 69 36
49 70 45
49 71 68
49 72 96
49 73 46
49 74 34
49 75 63
49 76 56
49 77 55
49 78 70
49 79 45
49 80 34
49 81 5
49 82 27
49 83 36
49 84 24
49 85 62
49 86 57
49 87 75
49 88 82
49 89 75
49 90 16
49 91 81
49 92 55
49 93 68
49 94 65
49 95 25
49 96 32
49 97 15
49 98 82
49 99 13
50 51 69
50 52 45
50 53 55
50 54 37
50 55 49
50 56 43
50 57 32
50 58 53
50 59 58
50 60 45
50 61 59
50 62 38
50 63 57
50 64 60
50 65 35
50 66 53
50 67 60
50 68 58
50 69 37
50 70 35
50 71 58
50 72 91
50 73 33
50 74 22
50 75 55
50 76 64
50 77 50
50 78 56
50 79 33
50 80 31
50 81 15
50 82 41
50 83 25
50 84 38
50 85 71
50 86 66
50 87 65
50 88 68
50 89 68
50 90 29
50 91 72
50 92 57
50 93 61
50 94 53
50 95 18
50 96 19
50 97 22
50 98 78
50 99 23
51 52 51
51 53 67
51 54 76
51 55 76
51 56 26
51 57 60
51 58 16
51 59 15
51 60 67
51 61 31
51 62 62
51 63 74
51 64 13
51 65 73
51 66 67
51 67 28
51 68 79
51 69 33
51 70 48
51 71 52
51 72 41
51 73 94
51 74 61
51 75 40
51 76 38
51 77 29
51 78 77
51 79 58
51 80 38
51 81 74
51 82 67
51 83 57
51 84 69
51 85 40
51 86 44
51 87 54
51 88 90
51 89 42
51 90 81
51 91 53
51 92 14
51 93 41
51 94 68
51 95 52
51 96 64
51 97 84
51 98 25
51 99 58
52 53 17
52 54 29
52 55 25
52 56 35
52 57 63
52 58 40
52 59 51
52 60 16
52 61 64
52 62 69
52 63 24
52 64 51
52 65 73
52 66 17
52 67 26
52 68 28
52 69 38
52 70 11
52 71 13
52 72 51
52 73 53
52 74 24
52 75 14
52 76 72
52 77 22
52 78 27
52 79 14
52 80 31
52 81 59
52 82 74
52 83 21
52 84 73
52 85 78
52 86 78
52 87 20
52 88 40
52 89 25
52 90 72
52 91 27
52 92 48
52 93 18
52 94 17
52 95 31
52 96 28
52 97 68
52 98 44
52 99 54
53 54 26
53 55 14
53 56 53
53 57 78
53 58 57
53 59 68
53 60 11
53 61 81
53 62 84
53 63 7
53 64 68
53 65 87
53 66 3
53 67 40
53 68 13
53 69 55
53 70 26
53 71 17
53 72 58
53 73 52
53 74 33
53 75 27
53 76 89
53 77 39
53 78 12
53 79 23
53 80 47
53 81 70
53 82 89
53 83 31
53 84 87
53 85 95
53 86 95
53 87 20
53 88 23
53 89 32
53 90 83
53 91 27
53 92 65
53 93 28
53 94 4
53 95 45
53 96 36
53 97 77
53 98 55
53 99 69
54 55 14
54 56 55
54 57 66
54 58 63
54 59 72
54 60 16
54 61 80
54 62 72
54 63 24
54 64 73
54 65 71
54 66 23
54 67 54
54 68 23
54 69 53
54 70 28
54 71 38
54 72 79
54 73 26
54 74 20
54 75 42
54 76 88
54 77 48
54 78 22
54 79 18
54 80 44
54 81 51
54 82 76
54 83 21
54 84 73
54 85 95
54 86 92
54 87 44
54 88 32
54 89 53
54 90 65
54 91 51
54 92 69
54 93 47
54 94 22
54 95 35
54 96 20
54 97 57
54 98 73
54 99 56
55 56 58
55 57 76
55 58 64
55 59 74
55 60 9
55 61 85
55 62 82
55 63 10
55 64 75
55 65 83
55 66 12
55 67 51
55 68 9
55 69 58
55 70 29
55 71 30
55 72 72
55 73 39
55 74 29
55 75 37
55 76 93
55 77 47
55 78 8
55 79 21
55 80 49
55 81 64
55 82 86
55 83 29
55 84 84
55 85 100
55 86 98
55 87 34
55 88 20
55 89 45
55 90 78
55 91 41
55 92 71
55 93 40
55 94 11
55 95 43
55 96 30
55 97 70
55 98 68
55 99 66
56 57 40
56 58 10
56 59 17
56 60 49
56 61 28
56 62 43
56 63 59
56 64 19
56 65 52
56 66 52
56 67 26
56 68 63
56 69 8
56 70 28
56 71 42
56 72 55
56 73 69
56 74 37
56 75 32
56 76 37
56 77 18
56 78 61
56 79 37
56 80 12
56 81 49
56 82 49
56 83 34
56 84 50
56 85 43
56 86 42
56 87 47
56 88 75
56 89 41
56 90 58
56 91 50
56 92 15
56 93 36
56 94 52
56 95 26
56 96 39
56 97 59
56 98 39
56 99 34
57 58 47
57 59 46
57 60 70
57 61 37
57 62 6
57 63 82
57 64 48
57 65 13
57 66 76
57 67 65
57 68 84
57 69 32
57 70 52
57 71 75
57 72 94
57 73 65
57 74 47
57 75 67
57 76 39
57 77 55
57 78 82
57 79 56
57 80 35
57 81 23
57 82 11
57 83 48
57 84 10
57 85 45
57 86 39
57 87 81
57 88 96
57 89 78
57 90 23
57 91 86
57 92 46
57 93 72
57 94 76
57 95 33
57 96 46
57 97 30
57 98 79
57 99 10
58 59 11
58 60 55
58 61 27
58 62 50
58 63 64
58 64 11
58 65 60
58 66 57
58 67 23
58 68 69
58 69 17
58 70 35
58 71 44
58 72 48
58 73 79
58 74 46
58 75 33
58 76 35
58 77 19
58 78 67
58 79 45
58 80 22
58 81 58
58 82 55
58 83 43
58 84 57
58 85 40
58 86 41
58 87 48
58 88 80
58 89 40
58 90 67
58 91 50
58 92 8
58 93 36
58 94 58
58 95 36
58 96 49
58 97 69
58 98 32
58 99 43
59 60 65
59 61 18
59 62 47
59 63 74
59 64 2
59 65 58
59 66 67
59 67 33
59 68 79
59 69 21
59 70 45
59 71 55
59 72 55
59 73 86
59 74 54
59 75 44
59 76 25
59 77 29
59 78 77
59 79 54
59 80 29
59 81 61
59 82 52
59 83 51
59 84 54
59 85 29
59 86 32
59 87 59
59 88 91
59 89 49
59 90 67
59 91 60
59 92 3
59 93 46
59 94 68
59 95 42
59 96 56
59 97 70
59 98 38
59 99 44
60 61 77
60 62 76
60 63 12
60 64 66
60 65 78
60 66 8
60 67 42
60 68 15
60 69 50
60 70 21
60 71 23
60 72 65
60 73 41
60 74 24
60 75 29
60 76 85
60 77 38
60 78 13
60 79 14
60 80 41
60 81 60
60 82 80
60 83 22
60 84 79
60 85 91
60 86 90
60 87 29
60 88 27
60 89 38
60 90 74
60 91 36
60 92 63
60 93 33
60 94 8
60 95 37
60 96 26
60 97 67
60 98 60
60 99 60
61 62 36
61 63 87
61 64 19
61 65 48
61 66 80
61 67 50
61 68 91
61 69 28
61 70 56
61 71 70
61 72 72
61 73 90
61 74 61
61 75 59
61 76 8
61 77 45
61 78 90
61 79 64
61 80 36
61 81 57
61 82 40
61 83 59
61 84 43
61 85 14
61 86 14
61 87 75
61 88 103
61 89 67
61 90 59
61 91 76
61 92 21
61 93 62
61 94 81
61 95 47
61 96 63
61 97 65
61 98 56
61 99 39
62 63 88
62 64 49
62 65 12
62 66 82
62 67 69
62 68 90
62 69 36
62 70 58
62 71 80
62 72 98
62 73 71
62 74 53
62 75 72
62 76 37
62 77 60
62 78 88
62 79 62
62 80 40
62 81 28
62 82 5
62 83 54
62 84 7
62 85 43
62 86 36
62 87 86
62 88 102
62 89 83
62 90 25
62 91 91
62 92 48
62 93 77
62 94 82
62 95 39
62 96 52
62 97 34
62 98 82
62 99 16
63 64 75
63 65 90
63 66 7
63 67 47
63 68 5
63 69 60
63 70 31
63 71 24
63 72 65
63 73 49
63 74 36
63 75 34
63 76 95
63 77 46
63 78 4
63 79 26
63 80 52
63 81 72
63 82 92
63 83 34
63 84 91
63 85 101
63 86 101
63 87 27
63 88 17
63 89 39
63 90 85
63 91 33
63 92 71
63 93 35
63 94 6
63 95 49
63 96 38
63 97 78
63 98 63
63 99 72
64 65 61
64 66 68
64 67 33
64 68 79
64 69 23
64 70 46
64 71 55
64 72 53
64 73 88
64 74 56
64 75 43
64 76 27
64 77 29
64 78 78
64 79 55
64 80 31
64 81 63
64 82 54
64 83 52
64 84 56
64 85 30
64 86 33
64 87 58
64 88 91
64 89 49
64 90 69
64 91 59
64 92 3
64 93 46
64 94 68
64 95 44
64 96 58
64 97 73
64 98 37
64 99 46
65 66 85
65 67 77
65 68 92
65 69 45
65 70 62
65 71 85
65 72 107
65 73 66
65 74 54
65 75 78
65 76 49
65 77 67
65 78 90
65 79 64
65 80 46
65 81 21
65 82 10
65 83 55
65 84 6
65 85 55
65 86 48
65 87 92
65 88 103
65 89 90
65 90 14
65 91 97
65 92 59
65 93 83
65 94 84
65 95 42
65 96 52
65 97 24
65 98 91
65 99 19
66 67 40
66 68 12
66 69 54
66 70 25
66 71 18
66 72 60
66 73 49
66 74 31
66 75 27
66 76 88
66 77 39
66 78 11
66 79 21
66 80 46
66 81 68
66 82 87
66 83 29
66 84 85
66 85 94
66 86 94
66 87 22
66 88 24
66 89 33
66 90 81
66 91 29
66 92 64
66 93 29
66 94 1
66 95 43
66 96 34
66 97 75
66 98 56
66 99 67
67 68 52
67 69 33
67 70 28
67 71 24
67 72 31
67 73 76
67 74 44
67 75 13
67 76 58
67 77 10
67 78 51
67 79 37
67 80 31
67 81 69
67 82 74
67 83 40
67 84 75
67 85 63
67 86 65
67 87 26
67 88 63
67 89 16
67 90 80
67 91 26
67 92 30
67 93 13
67 94 41
67 95 42
67 96 47
67 97 79
67 98 19
67 99 58
68 69 64
68 70 35
68 71 30
68 72 70
68 73 47
68 74 37
68 75 39
68 76 99
68 77 51
68 78 2
68 79 29
68 80 56
68 81 73
68 82 95
68 83 37
68 84 93
68 85 106
68 86 105
68 87 32
68 88 12
68 89 44
68 90 87
68 91 38
68 92 76
68 93 41
68 94 11
68 95 51
68 96 39
68 97 79
68 98 68
68 99 75
69 70 29
69 71 47
69 72 62
69 73 65
69 74 34
69 75 37
69 76 35
69 77 24
69 78 62
69 79 37
69 80 9
69 81 41
69 82 41
69 83 32
69 84 42
69 85 42
69 86 40
69 87 52
69 88 76
69 89 47
69 90 50
69 91 56
69 92 20
69 93 41
69 94 54
69 95 21
69 96 36
69 97 51
69 98 47
69 99 27
70 71 23
70 72 57
70 73 48
70 74 16
70 75 20
70 76 64
70 77 21
70 78 34
70 79 10
70 80 21
70 81 48
70 82 63
70 83 12
70 84 62
70 85 70
70 86 69
70 87 30
70 88 47
70 89 33
70 90 61
70 91 36
70 92 42
70 93 25
70 94 25
70 95 20
70 96 20
70 97 57
70 98 47
70 99 43
71 72 42
71 73 64
71 74 37
71 75 11
71 76 79
71 77 26
71 78 29
71 79 27
71 80 41
71 81 72
71 82 85
71 83 34
71 84 84
71 85 84
71 86 85
71 87 7
71 88 39
71 89 15
71 90 85
71 91 14
71 92 52
71 93 11
71 94 20
71 95 44
71 96 41
71 97 80
71 98 38
71 99 66
72 73 104
72 74 73
72 75 38
72 76 79
72 77 41
72 78 69
72 79 65
72 80 62
72 81 100
72 82 103
72 83 69
72 84 104
72 85 81
72 86 86
72 87 38
72 88 77
72 89 27
72 90 111
72 91 32
72 92 52
72 93 33
72 94 61
72 95 73
72 96 77
72 97 110
72 98 16
72 99 88
73 74 33
73 75 66
73 76 96
73 77 68
73 78 46
73 79 39
73 80 57
73 81 44
73 82 73
73 83 37
73 84 70
73 85 103
73 86 99
73 87 70
73 88 52
73 89 77
73 90 55
73 91 77
73 92 84
73 93 71
73 94 48
73 95 44
73 96 30
73 97 45
73 98 95
73 99 57
74 75 36
74 76 69
74 77 35
74 78 36
74 79 11
74 80 26
74 81 37
74 82 57
74 83 4
74 84 55
74 85 75
74 86 73
74 87 44
74 88 49
74 89 48
74 90 50
74 91 51
74 92 52
74 93 41
74 94 31
74 95 15
74 96 4
74 97 44
74 98 63
74 99 37
75 76 67
75 77 15
75 78 38
75 79 27
75 80 32
75 81 67
75 82 77
75 83 32
75 84 77
75 85 73
75 86 74
75 87 16
75 88 50
75 89 13
75 90 79
75 91 19
75 92 40
75 93 6
75 94 28
75 95 38
75 96 40
75 97 76
75 98 30
75 99 59
76 77 53
76 78 98
76 79 72
76 80 44
76 81 60
76 82 40
76 83 67
76 84 44
76 85 7
76 86 7
76 87 83
76 88 112
76 89 75
76 90 61
76 91 85
76 92 28
76 93 71
76 94 89
76 95 54
76 96 70
76 97 69
76 98 63
76 99 43
77 78 49
77 79 31
77 80 21
77 81 59
77 82 65
77 83 31
77 84 65
77 85 58
77 86 59
77 87 30
77 88 62
77 89 24
77 90 70
77 91 33
77 92 26
77 93 18
77 94 39
77 95 32
77 96 39
77 97 69
77 98 28
77 99 48
78 79 27
78 80 54
78 81 71
78 82 93
78 83 35
78 84 91
78 85 104
78 86 103
78 87 31
78 88 14
78 89 43
78 90 85
78 91 38
78 92 74
78 93 40
78 94 10
78 95 49
78 96 37
78 97 77
78 98 67
78 99 73
79 80 28
79 81 47
79 82 66
79 83 8
79 84 65
79 85 79
79 86 77
79 87 34
79 88 41
79 89 39
79 90 61
79 91 41
79 92 52
79 93 32
79 94 21
79 95 23
79 96 14
79 97 55
79 98 56
79 99 46
80 81 39
80 82 45
80 83 23
80 84 45
80 85 51
80 86 49
80 87 47
80 88 68
80 89 44
80 90 49
80 91 51
80 92 27
80 93 37
80 94 46
80 95 14
80 96 28
80 97 49
80 98 48
80 99 27
81 82 29
81 83 39
81 84 25
81 85 67
81 86 61
81 87 79
81 88 83
81 89 80
81 90 14
81 91 85
81 92 60
81 93 72
81 94 67
81 95 29
81 96 34
81 97 10
81 98 87
81 99 18
82 83 58
82 84 4
82 85 46
82 86 38
82 87 91
82 88 106
82 89 88
82 90 23
82 91 96
82 92 53
82 93 82
82 94 87
82 95 44
82 96 56
82 97 33
82 98 87
82 99 20
83 84 56
83 85 73
83 86 71
83 87 41
83 88 48
83 89 44
83 90 52
83 91 47
83 92 49
83 93 37
83 94 29
83 95 15
83 96 8
83 97 47
83 98 59
83 99 38
84 85 49
84 86 42
84 87 91
84 88 104
84 89 88
84 90 19
84 91 96
84 92 55
84 93 82
84 94 85
84 95 42
84 96 54
84 97 29
84 98 88
84 99 19
85 86 7
85 87 88
85 88 118
85 89 79
85 90 67
85 91 89
85 92 33
85 93 75
85 94 95
85 95 61
85 96 77
85 97 75
85 98 65
85 99 49
86 87 89
86 88 117
86 89 81
86 90 61
86 91 91
86 92 35
86 93 77
86 94 94
86 95 58
86 96 74
86 97 69
86 98 69
86 99 44
87 88 41
87 89 13
87 90 92
87 91 7
87 92 55
87 93 13
87 94 24
87 95 51
87 96 48
87 97 87
87 98 37
87 99 73
88 89 53
88 90 97
88 91 46
88 92 88
88 93 51
88 94 23
88 95 63
88 96 50
88 97 89
88 98 77
88 99 86
89 90 92
89 91 10
89 92 46
89 93 7
89 94 34
89 95 51
89 96 52
89 97 89
89 98 24
89 99 71
90 91 97
90 92 67
90 93 85
90 94 81
90 95 41
90 96 48
90 97 11
90 98 97
90 99 23
91 92 57
91 93 14
91 94 30
91 95 56
91 96 55
91 97 94
91 98 34
91 99 78
92 93 43
92 94 65
92 95 41
92 96 55
92 97 70
92 98 36
92 99 44
93 94 30
93 95 44
93 96 45
93 97 82
93 98 27
93 99 64
94 95 43
94 96 33
94 97 74
94 98 58
94 99 67
95 96 16
95 97 38
95 98 60
95 99 24
96 97 41
96 98 67
96 99 36
97 98 97
97 99 27
98 99 73
0 1 13
0 5 46
0 7 30
0 13 34
0 14 34
0 15 64
0 16 84
0 17 31
0 19 42
0 20 76
0 21 67
0 22 42
0 26 49
0 29 38
0 30 32
0 34 16
0 35 76
0 37 35
0 38 27
0 40 71
0 42 25
0 43 41
0 44 43
0 46 77
0 47 45
0 50 17
0 53 40
0 59 63
0 63 41
0 64 64
0 65 52
0 66 38
0 67 55
0 68 41
0 72 84
0 73 23
0 74 11
0 76 74
0 81 32
0 82 57
0 86 78
0 88 51
0 91 61
0 95 21
0 96 7
0 99 38
1 5 34
1 6 70
1 7 42
1 8 61
1 14 21
1 17 40
1 20 78
1 21 68
1 24 33
1 25 29
1 28 35
1 29 27
1 30 45
1 31 46
1 32 27
1 33 69
1 35 78
1 37 25
1 38 20
1 39 26
1 41 38
1 43 44
1 47 40
1 49 41
1 50 28
1 51 65
1 52 22
1 55 22
1 57 54
1 59 59
1 60 18
1 62 60
1 66 26
1 67 45
1 71 35
1 72 73
1 76 75
1 79 8
1 86 79
1 87 41
1 90 56
1 91 48
1 92 57
1 93 40
1 94 25
1 97 49
1 98 64
1 99 44
2 3 42
2 4 79
2 8 73
2 9 91
2 10 103
2 11 49
2 14 48
2 15 16
2 16 95
2 17 88
2 18 41
2 19 98
2 21 78
2 22 58
2 30 105
2 31 73
2 32 53
2 35 89
2 36 97
2 37 40
2 38 52
2 39 70
2 42 96
2 46 11
2 49 91
2 50 83
2 51 47
2 53 44
2 54 67
2 56 53
2 60 52
2 62 96
2 63 51
2 64 57
2 66 46
2 71 29
2 72 15
2 79 55
2 81 95
2 82 102
2 83 60
2 86 90
2 89 16
2 91 17
2 93 23
2 95 66
3 4 56
3 8 65
3 9 75
3 11 16
3 16 90
3 17 57
3 20 84
3 21 71
3 24 32
3 25 50
3 26 43
3 28 36
3 30 67
3 34 46
3 35 83
3 36 55
3 37 13
3 38 23
3 39 40
3 40 69
3 41 34
3 42 59
3 43 53
3 45 30
3 47 37
3 50 48
3 51 57
3 52 7
3 53 11
3 54 25
3 55 19
3 56 42
3 58 47
3 59 57
3 62 74
3 64 58
3 66 10
3 67 32
3 80 36
3 82 79
3 83 23
3 84 77
3 86 84
3 87 20
3 90 75
3 91 27
3 92 54
3 95 35
3 98 49
3 99 59
4 5 74
4 7 36
4 8 25
4 11 40
4 14 60
4 15 76
4 16 44
4 17 17
4 19 22
4 20 37
4 23 14
4 24 77
4 25 34
4 28 79
4 32 28
4 35 37
4 36 57
4 37 46
4 38 33
4 40 38
4 43 6
4 46 76
4 48 49
4 50 28
4 51 50
4 52 51
4 53 66
4 57 13
4 58 36
4 62 18
4 63 71
4 65 25
4 66 65
4 68 74
4 70 41
4 71 62
4 73 61
4 74 37
4 75 54
4 76 36
4 78 72
4 79 45
4 80 22
4 87 68
4 92 36
4 94 65
4 95 23
4 97 35
4 99 8
5 6 60
5 7 76
5 8 83
5 10 84
5 11 35
5 17 73
5 21 90
5 23 88
5 24 22
5 25 63
5 27 50
5 28 26
5 31 73
5 32 48
5 34 53
5 39 57
5 42 71
5 43 72
5 44 89
5 45 33
5 46 55
5 47 55
5 48 64
5 50 62
5 51 74
5 53 8
5 54 30
5 58 65
5 62 92
5 63 6
5 64 75
5 66 10
5 67 46
5 68 9
5 69 63
5 72 61
5 73 55
5 75 33
5 81 77
5 82 96
5 86 103
5 87 24
5 89 36
5 90 90
5 95 53
6 9 87
6 10 104
6 11 55
6 13 48
6 15 30
6 16 87
6 21 70
6 26 47
6 27 10
6 29 43
6 31 70
6 32 55
6 33 52
6 36 104
6 37 46
6 40 60
6 41 81
6 42 100
6 46 5
6 47 45
6 49 92
6 50 87
6 51 37
6 56 51
6 61 68
6 65 103
6 66 58
6 68 68
6 72 4
6 73 101
6 74 70
6 76 75
6 81 97
6 82 99
6 84 100
6 86 82
6 90 107
6 93 30
6 95 69
6 96 74
6 97 107
6 98 12
6 99 84
7 8 61
7 10 11
7 11 51
7 14 63
7 16 77
7 17 19
7 20 70
7 21 66
7 24 68
7 25 13
7 26 61
7 30 11
7 36 28
7 38 48
7 40 74
7 45 48
7 46 100
7 48 20
7 50 16
7 52 61
7 54 48
7 55 62
7 56 57
7 57 34
7 59 70
7 60 59
7 63 71
7 68 71
7 69 50
7 72 106
7 74 37
7 75 71
7 79 48
7 84 35
7 86 72
7 94 67
7 96 34
7 98 94
7 99 29
8 9 21
8 10 56
8 11 50
8 12 70
8 13 55
8 19 45
8 20 19
8 21 7
8 23 23
8 26 24
8 27 66
8 28 95
8 29 55
8 30 72
8 35 18
8 36 80
8 40 14
8 41 96
8 43 21
8 44 60
8 47 29
8 48 73
8 49 45
8 51 32
8 52 58
8 54 74
8 55 79
8 59 17
8 60 71
8 61 7
8 62 32
8 63 81
8 67 47
8 68 86
8 69 21
8 71 66
8 72 71
8 74 55
8 79 58
8 80 30
8 81 50
8 83 53
8 84 39
8 85 21
8 86 19
8 87 70
8 88 98
8 90 54
8 91 73
8 96 56
9 11 59
9 13 67
9 15 91
9 18 50
9 19 32
9 20 19
9 29 67
9 34 73
9 36 76
9 39 39
9 41 103
9 42 54
9 43 22
9 44 46
9 45 80
9 48 68
9 52 70
9 53 86
9 54 78
9 60 79
9 61 23
9 62 14
9 63 91
9 64 39
9 66 84
9 69 33
9 70 60
9 71 79
9 72 91
9 73 81
9 75 69
9 76 23
9 78 92
9 79 65
9 81 40
9 83 58
9 84 21
9 88 106
9 89 79
9 90 39
9 91 88
9 94 85
9 95 43
9 98 74
10 11 55
10 12 76
10 15 96
10 22 81
10 24 78
10 27 99
10 29 68
10 32 50
10 34 41
10 39 33
10 43 37
10 44 6
10 45 57
10 46 102
10 48 31
10 51 80
10 52 67
10 54 58
10 56 56
10 57 26
10 58 66
10 59 67
10 60 67
10 61 62
10 62 29
10 64 69
10 66 75
10 69 48
10 73 47
10 74 44
10 76 65
10 77 67
10 78 78
10 82 29
10 84 25
10 85 71
10 87 86
10 88 90
10 92 67
10 93 80
10 94 74
10 97 4
11 14 21
11 18 25
11 20 68
11 22 38
11 26 30
11 27 47
11 31 38
11 35 68
11 36 50
11 37 10
11 39 24
11 41 46
11 42 47
11 43 37
11 44 61
11 46 51
11 50 34
11 51 49
11 52 12
11 53 27
11 54 27
11 58 35
11 59 45
11 60 21
11 61 56
11 62 57
11 63 32
11 64 46
11 66 25
11 67 29
11 68 36
11 75 21
11 76 64
11 77 21
11 79 10
11 82 62
11 84 61
11 86 69
11 87 31
11 91 37
11 99 43
12 13 15
12 14 9
12 21 76
12 22 22
12 23 76
12 24 32
12 32 36
12 33 70
12 34 51
12 38 29
12 41 32
12 44 81
12 45 33
12 46 45
12 47 41
12 49 66
12 50 54
12 52 12
12 56 47
12 57 75
12 60 14
12 61 75
12 64 61
12 66 8
12 68 20
12 69 49
12 71 10
12 78 18
12 79 21
12 81 69
12 83 30
12 86 89
12 87 15
12 89 25
12 92 58
12 93 21
12 94 9
12 96 36
12 97 77
13 15 31
13 17 51
13 18 26
13 20 74
13 22 33
13 23 61
13 24 41
13 28 44
13 29 5
13 32 21
13 34 47
13 38 15
13 39 33
13 44 70
13 49 53
13 50 44
13 51 49
13 53 20
13 57 61
13 59 48
13 60 18
13 61 61
13 62 66
13 63 26
13 64 48
13 66 19
13 70 9
13 71 15
13 72 51
13 73 53
13 75 13
13 77 20
13 80 28
13 84 70
13 85 75
13 86 75
13 89 25
13 91 28
13 94 20
13 95 29
13 96 27
13 98 43
14 15 33
14 18 42
14 19 71
14 22 18
14 24 25
14 25 50
14 26 49
14 27 49
14 30 65
14 32 35
14 33 73
14 35 88
14 37 20
14 38 28
14 39 43
14 40 75
14 44 75
14 49 61
14 51 64
14 52 13
14 53 7
14 57 71
14 58 53
14 59 64
14 60 5
14 63 11
14 65 80
14 69 49
14 70 20
14 73 46
14 74 26
14 76 84
14 77 36
14 80 41
14 82 82
14 83 24
14 86 90
14 88 27
14 89 33
14 91 31
14 97 70
14 98 56
15 17 81
15 19 93
15 23 87
15 25 78
15 27 21
15 29 28
15 30 95
15 35 92
15 37 31
15 40 73
15 43 71
15 47 46
15 48 85
15 50 75
15 51 54
15 52 30
15 55 43
15 56 53
15 58 52
15 61 79
15 62 94
15 66 31
15 67 29
15 73 80
15 74 54
15 75 22
15 77 35
15 78 40
15 79 44
15 81 88
15 82 99
15 83 50
15 84 99
15 85 91
15 86 93
15 88 47
15 90 100
15 92 59
15 93 17
15 94 33
16 17 59
16 18 59
16 20 8
16 21 19
16 22 113
16 24 117
16 27 88
16 29 80
16 31 40
16 35 8
16 41 121
16 42 80
16 43 43
16 44 72
16 45 101
16 48 93
16 50 72
16 52 84
16 53 101
16 54 99
16 56 49
16 61 21
16 65 51
16 67 71
16 69 47
16 72 91
16 75 80
16 76 12
16 85 9
16 86 6
16 90 65
16 92 41
16 95 64
16 97 73
16 99 49
17 18 50
17 19 12
17 22 72
17 26 44
17 28 72
17 32 34
17 34 40
17 36 42
17 37 50
17 42 21
17 43 21
17 44 22
17 47 44
17 49 4
17 50 15
17 51 65
17 52 53
17 55 62
17 56 40
17 57 17
17 60 57
17 61 48
17 62 23
17 63 69
17 64 54
17 66 64
17 67 62
17 72 93
17 73 48
17 77 52
17 78 69
17 79 43
17 81 9
17 86 54
17 88 81
17 93 66
17 96 31
17 97 19
18 19 59
18 20 53
18 22 59
18 23 48
18 24 66
18 26 10
18 27 35
18 28 70
18 31 32
18 32 18
18 35 51
18 37 22
18 38 21
18 41 69
18 44 71
18 46 38
18 47 6
18 48 68
18 49 53
18 50 50
18 51 23
18 52 28
18 53 45
18 54 53
18 55 53
18 56 12
18 57 51
18 59 23
18 60 44
18 62 55
18 66 45
18 67 14
18 68 57
18 70 25
18 74 38
18 75 21
18 76 46
18 78 55
18 79 35
18 82 61
18 83 34
18 84 61
18 88 69
18 89 29
18 90 68
18 92 20
18 93 24
18 95 32
18 98 29
18 99 45
19 20 51
19 23 24
19 24 82
19 26 52
19 33 65
19 34 48
19 36 48
19 37 62
19 40 59
19 43 28
19 45 62
19 50 25
19 52 65
19 54 61
19 56 49
19 57 14
19 58 57
19 60 68
19 68 82
19 70 54
19 71 77
19 73 55
19 74 45
19 75 71
19 82 18
19 83 46
19 84 14
19 85 60
19 87 84
19 89 84
19 91 90
19 92 58
19 93 77
19 94 75
19 96 43
19 97 16
19 98 88
20 21 13
20 22 106
20 23 27
20 25 70
20 27 83
20 29 74
20 30 81
20 37 71
20 38 61
20 39 53
20 42 73
20 43 35
20 50 65
20 53 94
20 55 98
20 57 37
20 58 42
20 59 33
20 61 15
20 63 100
20 64 34
20 65 45
20 66 93
20 68 104
20 71 85
20 72 87
20 74 72
20 75 74
20 77 59
20 79 76
20 80 48
20 84 40
20 86 3
20 91 91
20 92 36
20 93 77
20 94 94
20 96 72
21 22 94
21 24 99
21 26 29
21 27 70
21 33 21
21 34 81
21 35 12
21 38 50
21 39 44
21 40 13
21 43 27
21 44 64
21 45 84
21 46 71
21 47 35
21 48 79
21 49 50
21 51 34
21 52 65
21 53 82
21 54 81
21 57 35
21 58 29
21 59 20
21 62 34
21 63 88
21 67 52
21 68 92
21 69 28
21 71 72
21 74 61
21 75 61
21 76 7
21 77 46
21 81 55
21 83 59
21 85 14
21 87 76
21 90 57
21 91 78
21 93 64
21 94 82
21 95 47
21 98 58
22 24 11
22 25 59
22 29 36
22 33 90
22 34 46
22 35 105
22 36 54
22 41 10
22 43 74
22 44 85
22 45 25
22 46 66
22 48 58
22 49 73
22 52 31
22 53 15
22 54 24
22 55 10
22 56 66
22 58 71
22 59 81
22 61 94
22 62 92
22 63 8
22 65 93
22 66 15
22 67 55
22 69 67
22 71 32
22 72 72
22 73 46
22 74 39
22 75 42
22 76 102
22 78 4
22 79 31
22 80 58
22 81 74
22 83 38
22 84 94
22 85 108
22 87 35
22 89 47
22 90 88
22 95 53
22 96 41
22 97 80
22 98 70
22 99 76
23 24 91
23 26 38
23 28 93
23 29 62
23 31 16
23 32 40
23 33 44
23 34 65
23 36 68
23 37 59
23 39 32
23 40 36
23 41 96
23 42 46
23 44 39
23 49 28
23 53 80
23 54 71
23 56 36
23 57 10
23 60 73
23 61 27
23 62 9
23 64 40
23 67 61
23 68 87
23 69 29
23 70 54
23 71 74
23 73 73
23 74 51
23 75 65
23 76 29
23 79 59
23 80 34
23 81 32
23 83 51
23 84 16
23 85 35
23 86 29
23 90 33
23 93 70
23 94 78
23 96 51
23 99 16
24 25 56
24 27 72
24 28 4
24 32 56
24 35 110
24 36 47
24 37 44
24 39 59
24 41 6
24 44 82
24 45 21
24 48 52
24 50 57
24 54 21
24 56 71
24 59 88
24 62 93
24 67 64
24 69 71
24 71 42
24 74 40
24 78 14
24 81 72
24 82 97
24 83 40
24 85 113
24 86 111
24 89 57
24 91 51
24 92 85
24 94 23
24 95 55
25 27 85
25 28 57
25 31 40
25 33 74
25 36 23
25 37 48
25 38 36
25 39 23
25 42 9
25 43 36
25 44 26
25 46 89
25 47 50
25 48 16
25 49 18
25 53 57
25 54 36
25 55 49
25 57 36
25 58 59
25 63 58
25 64 66
25 67 65
25 68 58
25 69 43
25 70 39
25 71 62
25 72 95
25 75 59
25 79 35
25 83 28
25 84 41
25 86 72
25 87 69
25 88 68
25 89 72
25 92 63
25 95 24
25 98 83
26 27 45
26 31 23
26 32 19
26 34 65
26 36 72
26 38 25
26 41 76
26 42 60
26 45 61
26 49 47
26 53 54
26 58 6
26 59 15
26 60 51
26 61 28
26 64 16
26 65 56
26 66 53
26 67 24
26 68 65
26 71 42
26 74 40
26 76 36
26 78 63
26 79 40
26 81 53
26 82 51
26 83 37
26 86 42
26 88 77
26 89 40
26 92 12
26 94 54
26 95 30
26 96 43
26 97 63
27 28 75
27 29 35
27 33 54
27 35 81
27 39 66
27 41 71
27 42 94
27 44 105
27 46 5
27 47 42
27 48 94
27 50 80
27 53 47
27 57 87
27 58 42
27 60 53
27 62 91
27 64 49
27 67 22
27 68 59
27 69 55
27 70 46
27 71 30
27 73 92
27 77 32
27 78 58
27 80 53
27 83 58
27 84 97
27 85 79
27 87 27
27 88 67
27 89 15
27 94 50
27 95 63
27 97 101
27 99 80
28 30 66
28 31 81
28 32 59
28 33 100
28 34 39
28 36 46
28 38 52
28 39 61
28 40 101
28 42 63
28 43 78
28 45 21
28 47 70
28 48 52
28 54 22
28 57 88
28 59 91
28 62 94
28 67 67
28 70 46
28 72 87
28 73 37
28 74 42
28 75 54
28 76 109
28 78 17
28 79 37
28 80 65
28 81 73
28 85 115
28 87 49
28 89 60
28 90 86
28 91 55
28 92 88
28 94 26
28 96 42
28 98 84
29 31 46
29 33 54
29 35 72
29 39 36
29 50 48
29 51 45
29 53 22
29 58 35
29 60 22
29 65 73
29 67 20
29 69 35
29 71 12
29 72 46
29 74 28
29 76 68
29 77 17
29 79 19
29 80 28
29 82 73
29 88 45
29 89 21
29 91 25
29 92 43
29 93 14
29 94 23
29 95 32
29 97 69
29 98 38
30 31 55
30 32 56
30 34 27
30 37 66
30 39 40
30 40 85
30 42 10
30 45 46
30 46 107
30 47 68
30 50 23
30 57 45
30 58 76
30 59 80
30 60 61
30 61 78
30 64 82
30 65 41
30 67 83
30 69 60
30 71 79
30 72 113
30 74 42
30 79 52
30 81 22
30 82 50
30 83 45
30 86 83
30 87 86
30 88 79
30 89 90
30 91 92
30 94 69
30 96 38
30 98 101
31 32 25
31 33 35
31 35 32
31 37 43
31 38 31
31 39 21
31 40 30
31 41 83
31 47 26
31 49 29
31 51 41
31 57 20
31 63 70
31 64 29
31 65 33
31 67 46
31 69 13
31 73 66
31 74 39
31 75 49
31 77 36
31 78 72
31 81 34
31 83 38
31 85 37
31 86 34
31 88 86
31 89 60
31 93 54
31 94 64
31 95 24
31 96 40
31 97 44
31 98 59
31 99 17
32 35 54
32 36 55
32 38 7
32 41 60
32 42 46
32 44 55
32 47 14
32 48 50
32 49 37
32 51 40
32 55 43
32 57 41
32 59 33
32 61 42
32 62 46
32 65 52
32 66 39
32 67 28
32 70 14
32 71 34
32 73 54
32 75 26
32 79 22
32 80 7
32 81 42
32 82 51
32 83 18
32 84 50
32 86 55
32 87 41
32 88 62
32 90 53
32 91 45
32 94 39
32 95 14
32 96 24
32 98 46
33 34 88
33 35 29
33 36 95
33 38 49
33 39 52
33 43 39
33 44 80
33 45 85
33 46 53
33 47 30
33 49 64
33 50 68
33 51 15
33 52 59
33 53 76
33 54 82
33 56 27
33 57 52
33 58 19
33 59 10
33 60 75
33 62 53
33 63 83
33 68 88
33 69 31
33 70 55
33 72 56
33 75 51
33 76 24
33 77 38
33 80 39
33 81 69
33 82 57
33 83 61
33 84 60
33 85 26
33 86 30
33 90 74
33 91 66
33 92 12
33 96 66
33 97 79
33 98 40
33 99 52
34 36 9
34 38 43
34 39 37
34 42 25
34 43 55
34 45 21
34 49 39
34 52 47
34 54 23
34 56 62
34 59 78
34 60 38
34 62 63
34 65 59
34 67 70
34 69 57
34 73 8
34 75 61
34 77 62
34 80 49
34 83 30
34 88 53
34 90 49
34 96 23
34 97 39
34 99 49
35 36 94
35 38 61
35 46 81
35 48 86
35 56 41
35 57 38
35 60 89
35 62 35
35 63 99
35 64 32
35 69 39
35 73 98
35 76 6
35 78 101
35 79 75
35 80 47
35 82 38
35 84 42
35 85 8
35 86 1
35 92 34
35 94 93
35 95 56
35 96 72
35 97 68
35 99 43
36 37 59
36 38 51
36 42 23
36 45 29
36 46 101
36 50 29
36 51 94
36 60 48
36 61 87
36 62 65
36 63 56
36 65 58
36 69 63
36 72 107
36 73 9
36 74 35
36 75 70
36 76 93
36 77 70
36 79 43
36 82 66
36 84 63
36 85 100
36 90 47
36 92 83
36 94 55
36 97 36
36 98 98
37 40 56
37 51 45
37 52 6
37 56 29
37 61 58
37 65 69
37 66 23
37 67 21
37 69 32
37 70 9
37 71 16
37 74 25
37 79 16
37 80 25
37 81 57
37 83 21
37 86 71
37 87 22
37 90 69
37 96 28
37 97 66
37 98 40
37 99 50
38 39 19
38 41 53
38 42 45
38 43 30
38 45 37
38 46 52
38 47 19
38 48 47
38 49 39
38 50 32
38 51 44
38 53 34
38 54 33
38 55 36
38 62 51
38 63 39
38 64 40
38 65 56
38 69 22
38 70 8
38 71 29
38 72 59
38 73 50
38 74 17
38 77 19
38 80 13
38 81 43
38 82 56
38 83 13
38 84 55
38 86 62
38 87 36
38 88 55
38 90 56
38 93 29
38 96 20
38 98 47
39 43 18
39 44 39
39 46 69
39 47 28
39 48 37
39 51 52
39 55 47
39 57 29
39 58 37
39 61 45
39 62 35
39 63 53
39 64 44
39 65 38
39 66 47
39 71 48
39 72 75
39 76 51
39 77 34
39 78 54
39 79 27
39 80 15
39 82 39
39 84 38
39 90 37
39 94 47
39 95 4
39 96 19
39 99 19
40 42 75
40 43 34
40 44 74
40 45 85
40 47 32
40 48 85
40 49 59
40 52 62
40 53 79
40 54 82
40 57 45
40 62 45
40 63 86
40 64 12
40 66 79
40 67 45
40 68 90
40 70 56
40 73 94
40 76 15
40 77 41
40 78 89
40 79 65
40 80 38
40 82 50
40 83 61
40 84 53
40 85 18
40 87 70
40 88 102
40 90 68
40 91 71
40 92 15
40 93 58
40 97 73
40 98 48
40 99 46
41 43 81
41 44 88
41 46 76
41 47 70
41 48 58
41 50 63
41 53 25
41 54 27
41 55 17
41 56 74
41 57 92
41 60 25
41 61 102
41 63 18
41 64 91
41 65 98
41 67 65
41 68 12
41 69 75
41 71 42
41 73 45
41 74 45
41 76 110
41 78 14
41 79 38
41 82 102
41 87 44
41 89 56
41 90 91
41 91 50
41 95 60
41 96 46
41 97 83
42 49 18
42 50 13
42 54 43
42 55 57
42 56 56
42 57 37
42 59 70
42 60 55
42 61 69
42 63 66
42 65 35
42 66 63
42 67 73
42 69 49
42 70 48
42 71 71
42 72 104
42 73 31
42 74 33
42 77 63
42 79 44
42 80 45
42 82 43
42 84 40
42 86 75
42 89 81
42 90 24
42 93 73
42 94 62
42 95 32
42 96 30
42 98 91
43 50 31
43 53 64
43 56 22
43 57 18
43 58 30
43 64 33
43 65 31
43 66 62
43 67 47
43 69 14
43 70 38
43 72 76
43 73 63
43 78 70
43 83 36
43 85 41
43 86 37
43 87 64
43 88 84
43 89 61
43 90 37
43 93 54
43 96 37
43 97 40
43 99 13
44 45 61
44 46 108
44 48 33
44 51 86
44 56 61
44 62 32
44 65 21
44 66 80
44 69 54
44 70 62
44 71 85
44 72 114
44 73 50
44 75 80
44 76 68
44 79 60
44 80 52
44 81 14
44 84 27
44 88 94
44 89 93
44 91 98
44 92 72
44 93 86
44 99 28
45 48 32
45 51 80
45 52 33
45 54 5
45 55 17
45 58 67
45 59 76
45 60 20
45 61 84
45 62 73
45 63 27
45 67 59
45 72 84
45 75 47
45 79 22
45 80 48
45 81 52
45 82 77
45 83 25
45 84 74
45 87 48
45 89 57
45 90 65
45 94 26
46 48 99
46 49 90
46 50 84
46 51 39
46 52 44
46 53 52
46 56 49
46 58 44
46 60 58
46 68 64
46 69 57
46 71 35
46 76 76
46 77 35
46 78 63
46 80 56
46 86 82
46 90 105
46 93 26
46 95 66
46 98 13
46 99 83
47 49 47
47 51 26
47 52 30
47 54 52
47 56 6
47 57 45
47 59 21
47 60 45
47 62 49
47 64 22
47 65 57
47 71 36
47 72 50
47 73 68
47 74 35
47 77 11
47 80 14
47 84 55
47 85 48
47 86 48
47 87 41
47 88 70
47 92 18
47 94 47
47 95 27
47 96 38
48 50 22
48 53 60
48 54 35
48 57 51
48 58 73
48 59 79
48 61 80
48 67 76
48 68 58
48 69 58
48 70 48
48 72 105
48 73 17
48 76 86
48 81 29
48 83 36
48 84 54
48 86 88
48 87 75
48 88 65
48 89 80
48 91 82
48 93 73
48 96 28
48 97 28
48 98 95
49 50 14
49 51 68
49 53 68
49 56 44
49 57 19
49 59 55
49 63 70
49 64 57
49 65 21
49 71 68
49 78 70
49 82 27
49 90 16
49 91 81
49 92 55
49 94 65
49 95 25
49 97 15
49 99 13
50 51 69
50 52 45
50 55 49
50 60 45
50 65 35
50 66 53
50 67 60
50 68 58
50 69 37
50 71 58
50 72 91
50 75 55
50 77 50
50 78 56
50 79 33
50 82 41
50 83 25
50 84 38
50 85 71
50 86 66
50 87 65
50 89 68
50 92 57
50 94 53
50 95 18
50 96 19
50 98 78
51 52 51
51 55 76
51 56 26
51 58 16
51 59 15
51 60 67
51 61 31
51 62 62
51 63 74
51 64 13
51 65 73
51 67 28
51 68 79
51 69 33
51 70 48
51 71 52
51 72 41
51 73 94
51 74 61
51 75 40
51 76 38
51 77 29
51 83 57
51 85 40
51 86 44
51 91 53
51 93 41
51 94 68
51 95 52
51 99 58
52 54 29
52 56 35
52 58 40
52 60 16
52 61 64
52 62 69
52 64 51
52 65 73
52 67 26
52 69 38
52 70 11
52 71 13
52 74 24
52 75 14
52 76 72
52 78 27
52 81 59
52 83 21
52 84 73
52 88 40
52 92 48
52 93 18
52 97 68
52 98 44
52 99 54
53 59 68
53 60 11
53 67 40
53 68 13
53 70 26
53 73 52
53 74 33
53 76 89
53 82 89
53 83 31
53 85 95
53 88 23
53 89 32
53 90 83
53 91 27
53 92 65
53 94 4
53 99 69
54 57 66
54 60 16
54 61 80
54 62 72
54 64 73
54 70 28
54 71 38
54 72 79
54 74 20
54 75 42
54 76 88
54 78 22
54 80 44
54 83 21
54 89 53
54 91 51
54 92 69
54 93 47
54 94 22
54 96 20
54 97 57
54 99 56
55 60 9
55 68 9
55 69 58
55 70 29
55 71 30
55 74 29
55 76 93
55 80 49
55 81 64
55 83 29
55 84 84
55 85 100
55 86 98
55 91 41
55 93 40
55 95 43
55 97 70
55 98 68
55 99 66
56 59 17
56 61 28
56 62 43
56 63 59
56 64 19
56 65 52
56 66 52
56 68 63
56 70 28
56 71 42
56 73 69
56 74 37
56 75 32
56 76 37
56 79 37
56 80 12
56 81 49
56 84 50
56 85 43
56 88 75
56 90 58
56 94 52
56 97 59
56 98 39
56 99 34
57 58 47
57 59 46
57 61 37
57 63 82
57 65 13
57 67 65
57 68 84
57 69 32
57 70 52
57 72 94
57 76 39
57 77 55
57 79 56
57 83 48
57 86 39
57 88 96
57 89 78
57 92 46
57 96 46
57 97 30
57 99 10
58 60 55
58 61 27
58 63 64
58 65 60
58 66 57
58 70 35
58 73 79
58 74 46
58 75 33
58 78 67
58 85 40
58 86 41
58 87 48
58 89 40
58 94 58
58 96 49
58 97 69
58 99 43
59 60 65
59 61 18
59 62 47
59 63 74
59 68 79
59 69 21
59 72 55
59 73 86
59 74 54
59 75 44
59 79 54
59 80 29
59 83 51
59 84 54
59 85 29
59 86 32
59 90 67
59 91 60
59 92 3
59 93 46
59 94 68
59 95 42
59 97 70
59 99 44
60 64 66
60 69 50
60 70 21
60 72 65
60 77 38
60 79 14
60 81 60
60 83 22
60 85 91
60 86 90
60 88 27
60 89 38
60 90 74
60 91 36
60 93 33
60 94 8
60 95 37
60 96 26
60 98 60
61 62 36
61 63 87
61 66 80
61 67 50
61 68 91
61 72 72
61 75 59
61 76 8
61 77 45
61 78 90
61 79 64
61 80 36
61 81 57
61 82 40
61 83 59
61 84 43
61 85 14
61 86 14
61 87 75
61 88 103
61 90 59
61 91 76
61 94 81
61 98 56
62 67 69
62 68 90
62 69 36
62 71 80
62 73 71
62 74 53
62 75 72
62 76 37
62 77 60
62 80 40
62 82 5
62 87 86
62 91 91
62 97 34
62 98 82
63 64 75
63 65 90
63 67 47
63 68 5
63 69 60
63 70 31
63 71 24
63 72 65
63 74 36
63 76 95
63 77 46
63 78 4
63 79 26
63 80 52
63 81 72
63 82 92
63 83 34
63 85 101
63 90 85
63 93 35
63 94 6
63 98 63
64 66 68
64 68 79
64 71 55
64 72 53
64 77 29
64 78 78
64 79 55
64 81 63
64 85 30
64 87 58
64 88 91
64 92 3
64 93 46
64 94 68
64 96 58
64 97 73
65 67 77
65 70 62
65 71 85
65 72 107
65 74 54
65 77 67
65 79 64
65 81 21
65 82 10
65 83 55
65 86 48
65 87 92
65 88 103
65 91 97
65 94 84
65 96 52
65 98 91
66 67 40
66 68 12
66 69 54
66 70 25
66 72 60
66 73 49
66 74 31
66 76 88
66 78 11
66 79 21
66 80 46
66 81 68
66 82 87
66 83 29
66 88 24
66 89 33
66 92 64
66 93 29
66 94 1
66 95 43
66 96 34
66 98 56
66 99 67
67 68 52
67 69 33
67 70 28
67 71 24
67 72 31
67 74 44
67 77 10
67 78 51
67 81 69
67 82 74
67 84 75
67 85 63
67 87 26
67 88 63
67 89 16
67 91 26
67 93 13
67 95 42
67 97 79
67 98 19
67 99 58
68 72 70
68 73 47
68 79 29
68 80 56
68 84 93
68 85 106
68 87 32
68 88 12
68 89 44
68 90 87
68 92 76
68 93 41
68 94 11
68 95 51
68 98 68
68 99 75
69 70 29
69 71 47
69 73 65
69 76 35
69 79 37
69 80 9
69 83 32
69 86 40
69 87 52
69 88 76
69 90 50
69 91 56
69 93 41
69 95 21
69 97 51
69 98 47
70 72 57
70 76 64
70 79 10
70 80 21
70 82 63
70 83 12
70 87 30
70 88 47
70 91 36
70 92 42
70 95 20
70 97 57
71 76 79
71 78 29
71 79 27
71 81 72
71 83 34
71 89 15
71 91 14
71 92 52
71 93 11
71 95 44
71 97 80
72 76 79
72 77 41
72 79 65
72 80 62
72 81 100
72 82 103
72 84 104
72 86 86
72 90 111
72 91 32
72 92 52
72 93 33
72 94 61
72 97 110
73 75 66
73 77 68
73 78 46
73 80 57
73 84 70
73 89 77
73 90 55
73 91 77
73 93 71
73 94 48
73 95 44
74 75 36
74 80 26
74 81 37
74 82 57
74 83 4
74 84 55
74 85 75
74 86 73
74 89 48
74 90 50
74 91 51
74 93 41
74 94 31
74 98 63
74 99 37
75 78 38
75 79 27
75 82 77
75 83 32
75 86 74
75 87 16
75 90 79
75 91 19
75 92 40
75 94 28
75 98 30
76 77 53
76 79 72
76 86 7
76 88 112
76 89 75
76 93 71
76 95 54
76 98 63
77 78 49
77 79 31
77 82 65
77 83 31
77 85 58
77 86 59
77 87 30
77 88 62
77 90 70
77 92 26
77 93 18
77 95 32
77 96 39
77 98 28
77 99 48
78 79 27
78 80 54
78 81 71
78 82 93
78 83 35
78 84 91
78 88 14
78 89 43
78 91 38
78 92 74
78 98 67
78 99 73
79 82 66
79 84 65
79 85 79
79 88 41
79 90 61
79 91 41
79 93 32
79 97 55
80 85 51
80 90 49
80 91 51
80 92 27
80 94 46
80 95 14
80 96 28
80 98 48
81 82 29
81 84 25
81 85 67
81 89 80
81 92 60
81 94 67
81 98 87
82 83 58
82 85 46
82 89 88
82 90 23
82 92 53
82 94 87
82 97 33
83 84 56
83 86 71
83 88 48
83 89 44
83 92 49
83 96 8
83 97 47
83 98 59
84 87 91
84 88 104
84 90 19
84 91 96
84 92 55
84 93 82
84 95 42
84 96 54
84 97 29
84 98 88
84 99 19
85 87 88
85 90 67
85 91 89
85 93 75
85 94 95
85 96 77
85 97 75
85 98 65
85 99 49
86 88 117
86 90 61
86 96 74
86 99 44
87 90 92
87 93 13
87 95 51
87 97 87
87 99 73
88 90 97
88 91 46
88 92 88
88 94 23
88 95 63
88 96 50
88 97 89
89 90 92
89 92 46
89 95 51
89 96 52
89 98 24
89 99 71
90 95 41
90 96 48
90 98 97
91 94 30
91 95 56
91 96 55
91 97 94
92 93 43
92 95 41
92 98 36
93 96 45
93 99 64
94 95 43
94 96 33
94 97 74
94 99 67
95 96 16
95 97 38
95 98 60
95 99 24
96 97 41
96 98 67
96 99 36
97 98 97
97 99 27
98 99 73
