20 0.5 6 0 1 0.25 190 9515
0.811062 0.186907 9
0.942708 0.463118 11
0.995315 0.497582 12
0.916094 0.514999 10
0.912411 0.93645 17
0.77362 0.185735 8
0.00434852 0.872947 18
0.797738 0.930127 15
0.54975 0.0832177 7
0.334749 0.015336 10
0.263791 0.492466 7
0.968053 0.0384038 14
0.305261 0.16557 8
0.228931 0.377734 7
0.453836 0.300319 3
0.526565 0.375465 0
0.679261 0.465472 4
0.0674713 0.726981 14
0.110144 0.302557 11
0.942605 0.633055 12
0 1 31
0 2 36
0 3 34
0 4 76
0 5 4
0 6 106
0 7 74
0 8 28
0 9 51
0 10 63
0 11 22
0 12 51
0 13 61
0 14 37
0 15 34
0 16 31
0 17 92
0 18 71
0 19 47
1 2 6
1 3 6
1 4 47
1 5 32
1 6 102
1 7 49
1 8 55
1 9 76
1 10 68
1 11 43
1 12 70
1 13 72
1 14 52
1 15 43
1 16 26
1 17 91
1 18 85
1 19 17
2 3 8
2 4 45
2 5 38
2 6 106
2 7 48
2 8 61
2 9 82
2 10 73
2 11 46
2 12 77
2 13 78
2 14 58
2 15 48
2 16 32
2 17 96
2 18 91
2 19 15
3 4 42
3 5 36
3 6 98
3 7 43
3 8 57
3 9 77
3 10 65
3 11 48
3 12 70
3 13 70
3 14 51
3 15 41
3 16 24
3 17 87
3 18 83
3 19 12
4 5 76
4 6 91
4 7 11
4 8 93
4 9 109
4 10 79
4 11 90
4 12 98
4 13 88
4 14 78
4 15 68
4 16 53
4 17 87
4 18 102
4 19 30
5 6 103
5 7 74
5 8 25
5 9 47
5 10 59
5 11 24
5 12 47
5 13 58
5 14 34
5 15 31
5 16 30
5 17 89
5 18 67
5 19 48
6 7 80
6 8 96
6 9 92
6 10 46
6 11 127
6 12 77
6 13 54
6 14 73
6 15 72
6 16 79
6 17 16
6 18 58
6 19 97
7 8 88
7 9 103
7 10 69
7 11 91
7 12 91
7 13 79
7 14 72
7 15 62
7 16 48
7 17 76
7 18 93
7 19 33
8 9 23
8 10 50
8 11 42
8 12 26
8 13 44
8 14 24
8 15 29
8 16 40
8 17 80
8 18 49
8 19 68
9 10 48
9 11 63
9 12 15
9 13 38
9 14 31
9 15 41
9 16 57
9 17 76
9 18 36
9 19 87
10 11 84
10 12 33
10 13 12
10 14 27
10 15 29
10 16 42
10 17 31
10 18 24
10 19 69
11 12 67
11 13 81
11 14 58
11 15 56
11 16 52
11 17 113
11 18 90
11 19 60
12 13 23
12 14 20
12 15 31
12 16 48
12 17 61
12 18 24
12 19 79
13 14 24
13 15 30
13 16 46
13 17 38
13 18 14
13 19 76
14 15 10
14 16 28
14 17 58
14 18 34
14 19 59
15 16 18
15 17 58
15 18 42
15 19 49
16 17 67
16 18 59
16 19 31
17 18 43
17 19 88
18 19 90
0 1 31
0 2 36
0 5 4
0 10 63
0 13 61
0 15 34
0 18 71
1 2 6
1 3 6
1 4 47
1 6 102
1 7 49
1 9 76
1 11 43
1 15 43
1 16 26
1 17 91
1 19 17
2 3 8
2 4 45
2 5 38
2 8 61
2 10 73
2 15 48
2 17 96
2 18 91
2 19 15
3 5 36
3 9 77
3 12 70
3 17 87
3 18 83
4 6 91
4 7 11
4 8 93
4 10 79
4 12 98
4 14 78
4 15 68
4 17 87
4 19 30
5 6 103
5 8 25
5 13 58
5 15 31
5 16 30
5 17 89
5 18 67
5 19 48
6 7 80
6 8 96
6 10 46
6 14 73
6 17 16
6 19 97
7 10 69
7 11 91
7 12 91
7 13 79
7 19 33
8 9 23
8 10 50
8 12 26
8 15 29
8 16 40
8 17 80
8 18 49
8 19 68
9 11 63
9 12 15
9 13 38
9 17 76
9 18 36
9 19 87
10 11 84
10 12 33
10 13 12
10 15 29
10 17 31
10 19 69
11 14 58
11 15 56
11 19 60
12 15 31
12 18 24
12 19 79
13 15 30
13 17 38
13 18 14
14 16 28
14 19 59
15 16 18
15 17 58
15 19 49
17 19 88
