50 0.7 0 0 1225 858 45
0.987636 0.815089 11
0.570676 0.850123 5
0.724186 0.673656 5
0.543824 0.219663 8
0.517038 0.267709 7
0.352264 0.264493 7
0.628228 0.935899 7
0.193283 0.766552 7
0.65611 0.396664 5
0.52872 0.324556 6
0.732207 0.223292 9
0.455976 0.691368 2
0.915899 0.502543 9
0.770151 0.565301 6
0.536204 0.160056 9
0.147171 0.489673 7
0.879584 0.776951 8
0.464502 0.315887 6
0.357028 0.639161 3
0.661925 0.722491 4
0.229666 0.0175682 13
0.656756 0.851433 6
0.878062 0.754236 8
0.674333 0.63007 4
0.0154121 0.377873 11
0.163226 0.235734 10
0.417205 0.284041 7
0.433044 0.709608 2
0.112205 0.677843 8
0.405264 0.966164 7
0.831088 0.441239 8
0.338309 0.914036 7
0.199065 0.0547652 13
0.916748 0.217658 12
0.315187 0.569858 4
0.142537 0.897142 9
0.162114 0.481124 7
0.914824 0.257538 11
0.837649 0.667547 7
0.621031 0.81385 5
0.264148 0.894222 7
0.635743 0.72583 4
0.492531 0.609987 0
0.0587234 0.305395 11
0.165092 0.496801 7
0.181205 0.231777 10
0.463115 0.188553 8
0.00239661 0.171832 13
0.166556 0.744344 7
0.378268 0.258751 7
0 1 42
0 2 30
0 3 74
0 4 72
0 5 84
0 6 38
0 7 80
0 8 53
0 9 67
0 10 64
0 11 55
0 12 32
0 13 33
0 14 80
0 15 90
0 16 11
0 17 72
0 18 65
0 19 34
0 20 110
0 21 33
0 22 13
0 23 36
0 24 107
0 25 101
0 26 78
0 27 56
0 28 89
0 29 60
0 30 41
0 31 66
0 32 110
0 33 60
0 34 72
0 35 85
0 36 89
0 37 56
0 38 21
0 39 37
0 40 73
0 41 36
0 42 54
0 43 106
0 44 88
0 45 100
0 46 82
0 47 118
0 48 82
0 49 83
1 2 23
1 3 63
1 4 58
1 5 63
1 6 10
1 7 39
1 8 46
1 9 53
1 10 65
1 11 20
1 12 49
1 13 35
1 14 69
1 15 56
1 16 32
1 17 54
1 18 30
1 19 16
1 20 90
1 21 9
1 22 32
1 23 24
1 24 73
1 25 74
1 26 59
1 27 20
1 28 49
1 29 20
1 30 48
1 31 24
1 32 88
1 33 72
1 34 38
1 35 43
1 36 55
1 37 69
1 38 32
1 39 6
1 40 31
1 41 14
1 42 25
1 43 75
1 44 54
1 45 73
1 46 67
1 47 88
1 48 42
1 49 62
2 3 49
2 4 46
2 5 55
2 6 28
2 7 54
2 8 29
2 9 40
2 10 45
2 11 27
2 12 26
2 13 12
2 14 55
2 15 61
2 16 19
2 17 44
2 18 37
2 19 8
2 20 82
2 21 19
2 22 17
2 23 7
2 24 77
2 25 71
2 26 50
2 27 29
2 28 61
2 29 43
2 30 26
2 31 45
2 32 81
2 33 49
2 34 42
2 35 62
2 36 59
2 37 46
2 38 11
2 39 17
2 40 51
2 41 10
2 42 24
2 43 76
2 44 59
2 45 70
2 46 55
2 47 88
2 48 56
2 49 54
3 4 6
3 5 20
3 6 72
3 7 65
3 8 21
3 9 11
3 10 19
3 11 48
3 12 47
3 13 41
3 14 6
3 15 48
3 16 65
3 17 12
3 18 46
3 19 52
3 20 37
3 21 64
3 22 63
3 23 43
3 24 55
3 25 38
3 26 14
3 27 50
3 28 63
3 29 76
3 30 36
3 31 72
3 32 38
3 33 37
3 34 42
3 35 79
3 36 46
3 37 37
3 38 54
3 39 60
3 40 73
3 41 51
3 42 39
3 43 49
3 44 47
3 45 36
3 46 9
3 47 54
3 48 65
3 49 17
4 5 16
4 6 68
4 7 59
4 8 19
4 9 6
4 10 22
4 11 43
4 12 46
4 13 39
4 14 11
4 15 43
4 16 63
4 17 7
4 18 40
4 19 48
4 20 38
4 21 60
4 22 61
4 23 40
4 24 51
4 25 36
4 26 10
4 27 45
4 28 58
4 29 71
4 30 36
4 31 67
4 32 38
4 33 40
4 34 36
4 35 73
4 36 41
4 37 40
4 38 51
4 39 56
4 40 68
4 41 47
4 42 34
4 43 46
4 44 42
4 45 34
4 46 10
4 47 52
4 48 59
4 49 14
5 6 73
5 7 53
5 8 33
5 9 19
5 10 38
5 11 44
5 12 61
5 13 51
5 14 21
5 15 30
5 16 74
5 17 12
5 18 37
5 19 55
5 20 28
5 21 66
5 22 72
5 23 49
5 24 36
5 25 19
5 26 7
5 27 45
5 28 48
5 29 70
5 30 51
5 31 65
5 32 26
5 33 57
5 34 31
5 35 67
5 36 29
5 37 56
5 38 63
5 39 61
5 40 64
5 41 54
5 42 37
5 43 30
5 44 30
5 45 17
5 46 13
5 47 36
5 48 51
5 49 3
6 7 47
6 8 54
6 9 62
6 10 72
6 11 30
6 12 52
6 13 40
6 14 78
6 15 66
6 16 30
6 17 64
6 18 40
6 19 22
6 20 100
6 21 9
6 22 31
6 23 31
6 24 83
6 25 84
6 26 69
6 27 30
6 28 58
6 29 23
6 30 53
6 31 29
6 32 98
6 33 77
6 34 48
6 35 49
6 36 65
6 37 74
6 38 34
6 39 12
6 40 37
6 41 21
6 42 35
6 43 85
6 44 64
6 45 83
6 46 77
6 47 99
6 48 50
6 49 72
7 8 59
7 9 55
7 10 77
7 11 27
7 12 77
7 13 61
7 14 70
7 15 28
7 16 69
7 17 53
7 18 21
7 19 47
7 20 75
7 21 47
7 22 68
7 23 50
7 24 43
7 25 53
7 26 53
7 27 25
7 28 12
7 29 29
7 30 72
7 31 21
7 32 71
7 33 91
7 34 23
7 35 14
7 36 29
7 37 88
7 38 65
7 39 43
7 40 15
7 41 44
7 42 34
7 43 48
7 44 27
7 45 53
7 46 64
7 47 62
7 48 3
7 49 54
8 9 15
8 10 19
8 11 36
8 12 28
8 13 20
8 14 27
8 15 52
8 16 44
8 17 21
8 18 39
8 19 33
8 20 57
8 21 45
8 22 42
8 23 23
8 24 64
8 25 52
8 26 26
8 27 38
8 28 61
8 29 62
8 30 18
8 31 61
8 32 57
8 33 32
8 34 38
8 35 72
8 36 50
8 37 29
8 38 33
8 39 42
8 40 63
8 41 33
8 42 27
8 43 60
8 44 50
8 45 50
8 46 28
8 47 69
8 48 60
8 49 31
9 10 23
9 11 37
9 12 43
9 13 34
9 14 16
9 15 42
9 16 57
9 17 6
9 18 36
9 19 42
9 20 43
9 21 54
9 22 55
9 23 34
9 24 52
9 25 38
9 26 12
9 27 40
9 28 55
9 29 65
9 30 32
9 31 62
9 32 43
9 33 40
9 34 33
9 35 69
9 36 40
9 37 39
9 38 46
9 39 50
9 40 63
9 41 42
9 42 29
9 43 47
9 44 40
9 45 36
9 46 15
9 47 55
9 48 55
9 49 16
10 11 54
10 12 33
10 13 34
10 14 21
10 15 64
10 16 57
10 17 28
10 18 56
10 19 50
10 20 54
10 21 63
10 22 55
10 23 41
10 24 73
10 25 57
10 26 32
10 27 57
10 28 77
10 29 81
10 30 24
10 31 80
10 32 56
10 33 18
10 34 54
10 35 90
10 36 63
10 37 19
10 38 46
10 39 60
10 40 82
10 41 51
10 42 45
10 43 68
10 44 63
10 45 55
10 46 27
10 47 73
10 48 77
10 49 36
11 12 50
11 13 34
11 14 54
11 15 37
11 16 43
11 17 38
11 18 11
11 19 21
11 20 71
11 21 26
11 22 43
11 23 23
11 24 54
11 25 54
11 26 41
11 27 3
11 28 34
11 29 28
11 30 45
11 31 25
11 32 69
11 33 66
11 34 19
11 35 37
11 36 36
11 37 63
11 38 38
11 39 21
11 40 28
11 41 18
11 42 9
11 43 55
11 44 35
11 45 54
11 46 50
11 47 69
11 48 29
11 49 44
12 13 16
12 14 51
12 15 77
12 16 28
12 17 49
12 18 58
12 19 34
12 20 84
12 21 43
12 22 25
12 23 27
12 24 91
12 25 80
12 26 54
12 27 53
12 28 82
12 29 69
12 30 10
12 31 71
12 32 85
12 33 28
12 34 60
12 35 87
12 36 75
12 37 25
12 38 18
12 39 43
12 40 76
12 41 36
12 42 44
12 43 88
12 44 75
12 45 78
12 46 55
12 47 97
12 48 79
12 49 59
13 14 47
13 15 63
13 16 24
13 17 39
13 18 42
13 19 19
13 20 77
13 21 31
13 22 22
13 23 12
13 24 78
13 25 69
13 26 45
13 27 37
13 28 67
13 29 54
13 30 14
13 31 56
13 32 77
13 33 38
13 34 45
13 35 71
13 36 61
13 37 34
13 38 12
13 39 29
13 40 60
13 41 21
13 42 28
13 43 76
13 44 61
13 45 68
13 46 49
13 47 86
13 48 63
13 49 50
14 15 51
14 16 71
14 17 17
14 18 51
14 19 58
14 20 34
14 21 70
14 22 69
14 23 49
14 24 56
14 25 38
14 26 17
14 27 56
14 28 67
14 29 82
14 30 41
14 31 78
14 32 35
14 33 38
14 34 47
14 35 84
14 36 49
14 37 39
14 38 59
14 39 66
14 40 78
14 41 57
14 42 45
14 43 50
14 44 50
14 45 36
14 46 8
14 47 53
14 48 69
14 49 19
15 16 79
15 17 36
15 18 26
15 19 56
15 20 48
15 21 62
15 22 78
15 23 55
15 24 17
15 25 25
15 26 34
15 27 36
15 28 19
15 29 54
15 30 69
15 31 47
15 32 44
15 33 82
15 34 19
15 35 41
15 36 2
15 37 80
15 38 71
15 39 57
15 40 42
15 41 54
15 42 37
15 43 20
15 44 2
15 45 26
15 46 44
15 47 35
15 48 26
15 49 33
16 17 62
16 18 54
16 19 22
16 20 100
16 21 23
16 22 2
16 23 25
16 24 95
16 25 90
16 26 68
16 27 45
16 28 77
16 29 51
16 30 34
16 31 56
16 32 99
16 33 56
16 34 60
16 35 75
16 36 78
16 37 52
16 38 12
16 39 26
16 40 63
16 41 25
16 42 42
16 43 95
16 44 77
16 45 89
16 46 72
16 47 107
16 48 71
16 49 72
17 18 34
17 19 45
17 20 38
17 21 57
17 22 60
17 23 38
17 24 45
17 25 31
17 26 6
17 27 39
17 28 51
17 29 65
17 30 39
17 31 61
17 32 37
17 33 46
17 34 29
17 35 66
17 36 34
17 37 45
17 38 51
17 39 52
17 40 61
17 41 44
17 42 30
17 43 41
17 44 35
17 45 30
17 46 13
17 47 48
17 48 52
17 49 10
18 19 32
18 20 63
18 21 37
18 22 53
18 23 32
18 24 43
18 25 45
18 26 36
18 27 10
18 28 25
18 29 33
18 30 51
18 31 28
18 32 61
18 33 70
18 34 8
18 35 34
18 36 25
18 37 68
18 38 48
18 39 32
18 40 27
18 41 29
18 42 14
18 43 45
18 44 24
18 45 44
18 46 46
18 47 59
18 48 22
18 49 38
19 20 83
19 21 13
19 22 22
19 23 9
19 24 73
19 25 70
19 26 50
19 27 23
19 28 55
19 29 35
19 30 33
19 31 38
19 32 81
19 33 57
19 34 38
19 35 55
19 36 56
19 37 53
19 38 18
19 39 10
19 40 43
19 41 3
19 42 20
19 43 73
19 44 55
19 45 69
19 46 57
19 47 86
19 48 50
19 49 54
20 21 94
20 22 98
20 23 76
20 24 42
20 25 23
20 26 33
20 27 72
20 28 67
20 29 96
20 30 74
20 31 90
20 32 5
20 33 72
20 34 56
20 35 88
20 36 47
20 37 73
20 38 89
20 39 89
20 40 88
20 41 82
20 42 65
20 43 33
20 44 48
20 45 22
20 46 29
20 47 27
20 48 73
20 49 28
21 22 24
21 23 22
21 24 80
21 25 79
21 26 62
21 27 26
21 28 57
21 29 28
21 30 45
21 31 32
21 32 92
21 33 69
21 34 44
21 35 52
21 36 62
21 37 65
21 38 26
21 39 5
21 40 39
21 41 13
21 42 29
21 43 81
21 44 61
21 45 78
21 46 69
21 47 94
21 48 50
21 49 65
22 23 24
22 24 94
22 25 88
22 26 66
22 27 45
22 28 77
22 29 52
22 30 32
22 31 56
22 32 97
22 33 54
22 34 59
22 35 75
22 36 77
22 37 50
22 38 10
22 39 26
22 40 63
22 41 24
22 42 41
22 43 93
22 44 76
22 45 87
22 46 70
22 47 105
22 48 71
22 49 70
23 24 71
23 25 65
23 26 43
23 27 25
23 28 56
23 29 43
23 30 25
23 31 44
23 32 75
23 33 48
23 34 36
23 35 60
23 36 53
23 37 44
23 38 17
23 39 19
23 40 49
23 41 10
23 42 18
23 43 70
23 44 53
23 45 63
23 46 49
23 47 81
23 48 52
23 49 47
24 25 21
24 26 41
24 27 53
24 28 32
24 29 71
24 30 82
24 31 63
24 32 37
24 33 92
24 34 36
24 35 53
24 36 18
24 37 91
24 38 87
24 39 75
24 40 57
24 41 71
24 42 53
24 43 8
24 44 19
24 45 22
24 46 49
24 47 21
24 48 40
24 49 38
25 26 26
25 27 55
25 28 45
25 29 77
25 30 70
25 31 70
25 32 18
25 33 75
25 34 37
25 35 66
25 36 25
25 37 75
25 38 80
25 39 74
25 40 67
25 41 68
25 42 50
25 43 13
25 44 26
25 45 2
25 46 30
25 47 17
25 48 51
25 49 22
26 27 43
26 28 50
26 29 68
26 30 44
26 31 63
26 32 32
26 33 50
26 34 30
26 35 67
26 36 32
26 37 50
26 38 57
26 39 57
26 40 63
26 41 49
26 42 33
26 43 36
26 44 33
26 45 24
26 46 11
26 47 43
26 48 52
26 49 5
27 28 32
27 29 26
27 30 48
27 31 23
27 32 70
27 33 69
27 34 18
27 35 35
27 36 35
27 37 66
27 38 41
27 39 21
27 40 25
27 41 20
27 42 12
27 43 55
27 44 34
27 45 54
27 46 52
27 47 69
27 48 27
27 49 45
28 29 41
28 30 76
28 31 33
28 32 63
28 33 93
28 34 23
28 35 22
28 36 20
28 37 91
28 38 73
28 39 53
28 40 26
28 41 53
28 42 39
28 43 38
28 44 19
28 45 45
28 46 60
28 47 52
28 48 9
28 49 50
29 30 68
29 31 8
29 32 93
29 33 91
29 34 41
29 35 27
29 36 54
29 37 87
29 38 53
29 39 26
29 40 16
29 41 33
29 42 37
29 43 75
29 44 53
29 45 77
29 46 78
29 47 89
29 48 33
29 49 71
30 31 68
30 32 74
30 33 24
30 34 53
30 35 83
30 36 67
30 37 20
30 38 23
30 39 43
30 40 73
30 41 35
30 42 38
30 43 78
30 44 67
30 45 68
30 46 45
30 47 87
30 48 73
30 49 49
31 32 87
31 33 91
31 34 34
31 35 20
31 36 47
31 37 87
31 38 56
31 39 30
31 40 8
31 41 35
31 42 34
31 43 67
31 44 45
31 45 70
31 46 74
31 47 81
31 48 24
31 49 66
32 33 74
32 34 53
32 35 84
32 36 43
32 37 74
32 38 89
32 39 87
32 40 84
32 41 80
32 42 63
32 43 29
32 44 44
32 45 18
32 46 30
32 47 23
32 48 69
32 49 27
33 34 70
33 35 103
33 36 80
33 37 4
33 38 46
33 39 67
33 40 94
33 41 58
33 42 58
33 43 86
33 44 80
33 45 74
33 46 45
33 47 92
33 48 92
33 49 54
34 35 37
34 36 18
34 37 68
34 38 53
34 39 39
34 40 33
34 41 36
34 42 18
34 43 37
34 44 17
34 45 36
34 46 41
34 47 51
34 48 23
34 49 32
35 36 42
35 37 100
35 38 73
35 39 49
35 40 12
35 41 52
35 42 45
35 43 60
35 44 40
35 45 67
35 46 78
35 47 74
35 48 15
35 49 68
36 37 79
36 38 70
36 39 57
36 40 43
36 41 53
36 42 35
36 43 20
36 44 2
36 45 25
36 46 42
36 47 35
36 48 26
36 49 31
37 38 42
37 39 63
37 40 91
37 41 55
37 42 55
37 43 86
37 44 79
37 45 73
37 46 46
37 47 92
37 48 89
37 49 54
38 39 26
38 40 62
38 41 21
38 42 35
38 43 86
38 44 69
38 45 79
38 46 61
38 47 97
38 48 68
38 49 61
39 40 37
39 41 9
39 42 24
39 43 76
39 44 56
39 45 73
39 46 64
39 47 89
39 48 46
39 49 61
40 41 41
40 42 36
40 43 62
40 44 41
40 45 67
40 46 73
40 47 77
40 48 18
40 49 65
41 42 18
41 43 71
41 44 52
41 45 67
41 46 56
41 47 84
41 48 47
41 49 53
42 43 53
42 44 35
42 45 49
42 46 42
42 47 66
42 48 35
42 49 37
43 44 22
43 45 14
43 46 42
43 47 14
43 48 45
43 49 32
44 45 27
44 46 43
44 47 36
44 48 25
44 49 32
45 46 29
45 47 19
45 48 51
45 49 20
46 47 46
46 48 63
46 49 11
47 48 60
47 49 39
48 49 53
0 2 30
0 3 74
0 4 72
0 5 84
0 6 38
0 8 53
0 9 67
0 10 64
0 11 55
0 12 32
0 13 33
0 14 80
0 15 90
0 17 72
0 18 65
0 20 110
0 21 33
0 22 13
0 23 36
0 24 107
0 26 78
0 29 60
0 30 41
0 32 110
0 33 60
0 34 72
0 35 85
0 37 56
0 38 21
0 39 37
0 40 73
0 41 36
0 43 106
0 44 88
0 45 100
0 46 82
0 47 118
1 2 23
1 3 63
1 4 58
1 5 63
1 6 10
1 8 46
1 9 53
1 10 65
1 11 20
1 13 35
1 14 69
1 15 56
1 16 32
1 17 54
1 18 30
1 21 9
1 22 32
1 23 24
1 25 74
1 26 59
1 27 20
1 29 20
1 30 48
1 31 24
1 32 88
1 34 38
1 38 32
1 39 6
1 40 31
1 41 14
1 42 25
1 43 75
1 44 54
1 45 73
1 49 62
2 3 49
2 4 46
2 5 55
2 8 29
2 9 40
2 10 45
2 11 27
2 12 26
2 13 12
2 14 55
2 16 19
2 19 8
2 23 7
2 25 71
2 26 50
2 27 29
2 28 61
2 29 43
2 30 26
2 31 45
2 32 81
2 33 49
2 35 62
2 36 59
2 37 46
2 38 11
2 40 51
2 41 10
2 42 24
2 43 76
2 44 59
2 46 55
2 47 88
2 48 56
2 49 54
3 4 6
3 5 20
3 6 72
3 7 65
3 8 21
3 9 11
3 10 19
3 12 47
3 13 41
3 15 48
3 16 65
3 17 12
3 20 37
3 22 63
3 23 43
3 24 55
3 25 38
3 27 50
3 30 36
3 31 72
3 32 38
3 33 37
3 34 42
3 35 79
3 36 46
3 37 37
3 38 54
3 39 60
3 40 73
3 41 51
3 42 39
3 43 49
3 44 47
3 46 9
3 47 54
3 48 65
3 49 17
4 6 68
4 7 59
4 8 19
4 9 6
4 10 22
4 11 43
4 12 46
4 13 39
4 14 11
4 17 7
4 18 40
4 19 48
4 20 38
4 24 51
4 25 36
4 26 10
4 27 45
4 28 58
4 29 71
4 30 36
4 31 67
4 33 40
4 34 36
4 35 73
4 36 41
4 37 40
4 38 51
4 39 56
4 40 68
4 41 47
4 42 34
4 44 42
4 45 34
4 47 52
4 49 14
5 6 73
5 9 19
5 11 44
5 12 61
5 16 74
5 17 12
5 18 37
5 19 55
5 20 28
5 21 66
5 22 72
5 23 49
5 26 7
5 28 48
5 29 70
5 30 51
5 31 65
5 32 26
5 33 57
5 34 31
5 36 29
5 37 56
5 38 63
5 39 61
5 40 64
5 41 54
5 42 37
5 44 30
5 45 17
5 46 13
5 47 36
5 49 3
6 7 47
6 8 54
6 9 62
6 12 52
6 13 40
6 14 78
6 15 66
6 17 64
6 19 22
6 20 100
6 21 9
6 22 31
6 23 31
6 25 84
6 26 69
6 27 30
6 28 58
6 29 23
6 30 53
6 31 29
6 32 98
6 34 48
6 35 49
6 36 65
6 40 37
6 42 35
6 43 85
6 44 64
6 48 50
6 49 72
7 9 55
7 11 27
7 14 70
7 15 28
7 16 69
7 17 53
7 18 21
7 19 47
7 20 75
7 22 68
7 24 43
7 26 53
7 27 25
7 31 21
7 32 71
7 36 29
7 38 65
7 39 43
7 40 15
7 42 34
7 43 48
7 44 27
7 45 53
7 47 62
7 49 54
8 11 36
8 12 28
8 14 27
8 17 21
8 18 39
8 19 33
8 20 57
8 22 42
8 24 64
8 25 52
8 27 38
8 28 61
8 29 62
8 31 61
8 32 57
8 33 32
8 35 72
8 39 42
8 41 33
8 42 27
8 43 60
8 46 28
9 11 37
9 12 43
9 13 34
9 14 16
9 15 42
9 16 57
9 17 6
9 20 43
9 21 54
9 22 55
9 23 34
9 25 38
9 26 12
9 27 40
9 29 65
9 30 32
9 31 62
9 32 43
9 34 33
9 35 69
9 38 46
9 39 50
9 40 63
9 41 42
9 42 29
9 44 40
9 45 36
9 46 15
9 48 55
10 11 54
10 12 33
10 13 34
10 17 28
10 18 56
10 19 50
10 21 63
10 23 41
10 24 73
10 25 57
10 26 32
10 27 57
10 28 77
10 30 24
10 31 80
10 33 18
10 34 54
10 36 63
10 37 19
10 38 46
10 39 60
10 40 82
10 41 51
10 42 45
10 43 68
10 45 55
10 47 73
10 48 77
10 49 36
11 14 54
11 15 37
11 18 11
11 19 21
11 20 71
11 24 54
11 25 54
11 26 41
11 27 3
11 28 34
11 29 28
11 30 45
11 33 66
11 34 19
11 36 36
11 37 63
11 38 38
11 39 21
11 40 28
11 41 18
11 42 9
11 43 55
11 45 54
11 47 69
11 48 29
11 49 44
12 13 16
12 15 77
12 16 28
12 17 49
12 18 58
12 20 84
12 21 43
12 23 27
12 24 91
12 25 80
12 28 82
12 29 69
12 30 10
12 31 71
12 33 28
12 34 60
12 35 87
12 36 75
12 37 25
12 38 18
12 40 76
12 41 36
12 42 44
12 43 88
12 44 75
12 45 78
12 47 97
12 48 79
12 49 59
13 14 47
13 15 63
13 16 24
13 17 39
13 20 77
13 22 22
13 23 12
13 24 78
13 26 45
13 28 67
13 30 14
13 31 56
13 32 77
13 34 45
13 35 71
13 36 61
13 37 34
13 38 12
13 39 29
13 40 60
13 43 76
13 44 61
13 45 68
13 46 49
13 47 86
13 48 63
14 15 51
14 16 71
14 21 70
14 24 56
14 27 56
14 28 67
14 29 82
14 30 41
14 31 78
14 33 38
14 34 47
14 37 39
14 38 59
14 39 66
14 41 57
14 42 45
14 44 50
14 45 36
14 46 8
15 16 79
15 17 36
15 18 26
15 19 56
15 20 48
15 22 78
15 23 55
15 24 17
15 25 25
15 26 34
15 27 36
15 28 19
15 30 69
15 31 47
15 33 82
15 34 19
15 35 41
15 36 2
15 39 57
15 40 42
15 41 54
15 43 20
15 44 2
15 45 26
15 46 44
15 47 35
15 48 26
16 17 62
16 18 54
16 19 22
16 20 100
16 23 25
16 24 95
16 25 90
16 26 68
16 28 77
16 30 34
16 31 56
16 32 99
16 33 56
16 40 63
16 41 25
16 42 42
16 43 95
16 44 77
16 45 89
16 46 72
16 47 107
16 48 71
17 18 34
17 19 45
17 20 38
17 21 57
17 22 60
17 23 38
17 24 45
17 25 31
17 27 39
17 29 65
17 30 39
17 31 61
17 32 37
17 34 29
17 36 34
17 37 45
17 39 52
17 41 44
17 45 30
17 46 13
17 48 52
18 19 32
18 21 37
18 22 53
18 23 32
18 25 45
18 26 36
18 28 25
18 30 51
18 31 28
18 33 70
18 35 34
18 37 68
18 39 32
18 40 27
18 41 29
18 42 14
18 43 45
18 45 44
18 46 46
18 47 59
18 48 22
19 20 83
19 21 13
19 22 22
19 25 70
19 26 50
19 27 23
19 28 55
19 29 35
19 30 33
19 31 38
19 32 81
19 34 38
19 35 55
19 37 53
19 38 18
19 40 43
19 43 73
19 46 57
19 49 54
20 22 98
20 23 76
20 24 42
20 25 23
20 26 33
20 27 72
20 29 96
20 31 90
20 32 5
20 33 72
20 34 56
20 38 89
20 40 88
20 42 65
20 43 33
20 44 48
20 45 22
20 46 29
20 47 27
20 48 73
21 23 22
21 24 80
21 25 79
21 26 62
21 27 26
21 28 57
21 32 92
21 33 69
21 34 44
21 35 52
21 36 62
21 38 26
21 41 13
21 43 81
21 45 78
21 48 50
22 23 24
22 24 94
22 27 45
22 28 77
22 29 52
22 30 32
22 31 56
22 32 97
22 33 54
22 36 77
22 38 10
22 39 26
22 41 24
22 44 76
22 46 70
22 47 105
22 48 71
22 49 70
23 24 71
23 25 65
23 26 43
23 27 25
23 28 56
23 29 43
23 32 75
23 33 48
23 34 36
23 36 53
23 37 44
23 38 17
23 39 19
23 40 49
23 41 10
23 43 70
23 49 47
24 25 21
24 26 41
24 28 32
24 29 71
24 31 63
24 32 37
24 33 92
24 34 36
24 35 53
24 36 18
24 37 91
24 38 87
24 39 75
24 40 57
24 41 71
24 43 8
24 44 19
24 45 22
24 46 49
24 48 40
24 49 38
25 26 26
25 27 55
25 30 70
25 31 70
25 32 18
25 33 75
25 34 37
25 35 66
25 36 25
25 37 75
25 39 74
25 40 67
25 41 68
25 42 50
25 43 13
25 45 2
25 46 30
25 47 17
25 48 51
25 49 22
26 27 43
26 30 44
26 31 63
26 32 32
26 33 50
26 35 67
26 41 49
26 42 33
26 45 24
26 47 43
26 49 5
27 28 32
27 29 26
27 30 48
27 31 23
27 33 69
27 34 18
27 36 35
27 38 41
27 43 55
27 45 54
27 46 52
27 47 69
28 29 41
28 30 76
28 31 33
28 32 63
28 33 93
28 34 23
28 38 73
28 42 39
28 43 38
28 47 52
29 30 68
29 31 8
29 32 93
29 34 41
29 36 54
29 37 87
29 38 53
29 39 26
29 40 16
29 42 37
29 44 53
29 45 77
29 46 78
29 49 71
30 32 74
30 33 24
30 36 67
30 37 20
30 38 23
30 39 43
30 40 73
30 41 35
30 42 38
30 44 67
30 46 45
30 47 87
30 48 73
30 49 49
31 32 87
31 33 91
31 36 47
31 38 56
31 39 30
31 42 34
31 43 67
31 44 45
31 45 70
31 46 74
31 48 24
31 49 66
32 34 53
32 35 84
32 36 43
32 37 74
32 40 84
32 41 80
32 42 63
32 43 29
32 44 44
32 46 30
32 47 23
33 34 70
33 35 103
33 36 80
33 37 4
33 39 67
33 40 94
33 41 58
33 42 58
33 43 86
33 44 80
33 45 74
33 46 45
33 47 92
33 48 92
33 49 54
34 35 37
34 36 18
34 37 68
34 39 39
34 40 33
34 42 18
34 43 37
34 45 36
34 46 41
34 48 23
34 49 32
35 36 42
35 38 73
35 40 12
35 41 52
35 43 60
35 44 40
35 45 67
35 46 78
35 47 74
35 48 15
36 37 79
36 38 70
36 43 20
36 44 2
36 45 25
36 46 42
36 47 35
36 48 26
37 38 42
37 41 55
37 42 55
37 44 79
37 45 73
37 46 46
37 47 92
37 48 89
37 49 54
38 39 26
38 41 21
38 42 35
38 43 86
38 44 69
38 45 79
38 46 61
38 47 97
38 48 68
38 49 61
39 40 37
39 41 9
39 42 24
39 43 76
39 45 73
39 46 64
39 48 46
39 49 61
40 41 41
40 43 62
40 44 41
40 46 73
40 47 77
40 48 18
40 49 65
41 42 18
41 44 52
41 45 67
41 46 56
41 47 84
41 48 47
41 49 53
42 44 35
42 45 49
42 47 66
42 48 35
42 49 37
43 44 22
43 45 14
43 46 42
43 49 32
44 45 27
44 46 43
44 47 36
44 48 25
44 49 32
45 46 29
45 47 19
45 48 51
45 49 20
46 47 46
47 48 60
47 49 39
