20 0.3 20 1 0.1 190 57 8
0.229398 0.34686 7
0.263502 0.580497 7
0.779894 0.882895 7
0.326172 0.17677 5
0.131119 0.730783 9
0.115863 0.275679 8
0.474653 0.332887 4
0.39346 0.080626 5
0.190448 0.830926 10
0.368536 0.295423 5
0.462874 0.0259148 4
0.67939 0.819108 7
0.561627 0.298197 3
0.847754 0.141958 0
0.839548 0.347922 2
0.497105 0.931032 9
0.867207 0.147535 0
0.748444 0.332783 2
0.528709 0.977506 9
0.860733 0.171897 0
0 1 24
0 2 77
0 3 20
0 4 40
0 5 13
0 6 25
0 7 31
0 8 49
0 9 15
0 10 40
0 11 65
0 12 34
0 13 65
0 14 61
0 15 64
0 16 67
0 17 52
0 18 70
0 19 66
1 2 60
1 3 41
1 4 20
1 5 34
1 6 33
1 7 52
1 8 26
1 9 30
1 10 59
1 11 48
1 12 41
1 13 73
1 14 62
1 15 42
1 16 74
1 17 54
1 18 48
1 19 72
2 3 84
2 4 67
2 5 90
2 6 63
2 7 89
2 8 59
2 9 72
2 10 91
2 11 12
2 12 62
2 13 74
2 14 54
2 15 29
2 16 74
2 17 55
2 18 27
2 19 72
3 4 59
3 5 23
3 6 22
3 7 12
3 8 67
3 9 13
3 10 20
3 11 73
3 12 26
3 13 52
3 14 54
3 15 77
3 16 54
3 17 45
3 18 83
3 19 53
4 5 46
4 6 53
4 7 70
4 8 12
4 9 50
4 10 78
4 11 56
4 12 61
4 13 93
4 14 81
4 15 42
4 16 94
4 17 73
4 18 47
4 19 92
5 6 36
5 7 34
5 8 56
5 9 25
5 10 43
5 11 78
5 12 45
5 13 74
5 14 73
5 15 76
5 16 76
5 17 64
5 18 81
5 19 75
6 7 27
6 8 57
6 9 11
6 10 31
6 11 53
6 12 9
6 13 42
6 14 37
6 15 60
6 16 43
6 17 27
6 18 65
6 19 42
7 8 78
7 9 22
7 10 9
7 11 79
7 12 27
7 13 46
7 14 52
7 15 86
7 16 48
7 17 44
7 18 91
7 19 48
8 9 56
8 10 85
8 11 49
8 12 65
8 13 95
8 14 81
8 15 32
8 16 96
8 17 75
8 18 37
8 19 94
9 10 29
9 11 61
9 12 19
9 13 50
9 14 47
9 15 65
9 16 52
9 17 38
9 18 70
9 19 51
10 11 82
10 12 29
10 13 40
10 14 50
10 15 91
10 16 42
10 17 42
10 18 95
10 19 42
11 12 53
11 13 70
11 14 50
11 15 21
11 16 70
11 17 49
11 18 22
11 19 67
12 13 33
12 14 28
12 15 64
12 16 34
12 17 19
12 18 68
12 19 32
13 14 21
13 15 86
13 16 2
13 17 22
13 18 89
13 19 3
14 15 68
14 16 20
14 17 9
14 18 70
14 19 18
15 16 87
15 17 65
15 18 6
15 19 84
16 17 22
16 18 90
16 19 3
17 18 68
17 19 20
18 19 87
0 4 40
0 7 31
0 8 49
0 15 64
0 19 66
1 2 60
1 5 34
1 14 62
1 15 42
1 17 54
1 18 48
1 19 72
2 4 67
2 9 72
2 11 12
2 16 74
3 5 23
3 7 12
3 10 20
3 13 52
3 15 77
4 17 73
5 9 25
5 16 76
6 7 27
6 13 42
6 14 37
6 16 43
6 18 65
7 10 9
7 11 79
7 14 52
7 15 86
7 16 48
8 10 85
8 11 49
8 16 96
9 10 29
9 11 61
9 15 65
9 16 52
10 11 82
10 12 29
10 14 50
10 18 95
11 13 70
11 14 50
11 18 22
12 13 33
12 15 64
12 17 19
12 19 32
13 19 3
14 17 9
14 19 18
17 18 68
18 19 87
