50 0.5 10 1 0.5 1225 613 45
0.341961 0.274019 34
0.894577 0.512426 25
0.875219 0.328036 16
0.287622 0.825297 53
0.546988 0.252746 24
0.641857 0.864747 46
0.398379 0.259204 31
0.96441 0.0128817 0
0.437272 0.300997 30
0.614306 0.479618 29
0.897905 0.377354 19
0.0123304 0.134706 48
0.897454 0.91496 45
0.716285 0.974139 50
0.567292 0.410194 28
0.306188 0.843859 53
0.407691 0.0644905 28
0.605995 0.709127 39
0.799689 0.18439 12
0.552271 0.458257 30
0.251119 0.759825 52
0.785709 0.0340796 9
0.151181 0.190329 42
0.0660772 0.177129 46
0.5224 0.867443 48
0.259885 0.976101 60
0.956281 0.221626 10
0.777728 0.718406 36
0.0568451 0.984984 66
0.429894 0.959824 54
0.655003 0.337519 22
0.554182 0.234436 23
0.544087 0.303414 26
0.766989 0.519626 27
0.174869 0.609525 49
0.42728 0.328159 31
0.767966 0.708055 36
0.182623 0.956469 61
0.875452 0.506694 25
0.952152 0.468243 23
0.509311 0.145231 24
0.394165 0.499537 37
0.392312 0.582464 40
0.240498 0.0937615 36
0.59367 0.142533 20
0.641884 0.593606 33
0.716061 0.653879 34
0.661998 0.367138 23
0.897327 0.939285 46
0.361458 0.888255 53
0 1 60
0 2 54
0 3 55
0 4 21
0 5 66
0 6 6
0 7 68
0 8 10
0 9 34
0 10 57
0 11 36
0 12 85
0 13 79
0 14 26
0 15 57
0 16 22
0 17 51
0 18 47
0 19 28
0 20 49
0 21 50
0 22 21
0 23 29
0 24 62
0 25 71
0 26 62
0 27 62
0 28 77
0 29 69
0 30 32
0 31 22
0 32 20
0 33 49
0 34 37
0 35 10
0 36 61
0 37 70
0 38 58
0 39 64
0 40 21
0 41 23
0 42 31
0 43 21
0 44 28
0 45 44
0 46 53
0 47 33
0 48 87
0 49 61
1 2 19
1 3 68
1 4 43
1 5 43
1 6 56
1 7 50
1 8 50
1 9 28
1 10 14
1 11 96
1 12 40
1 13 49
1 14 34
1 15 68
1 16 66
1 17 35
1 18 34
1 19 35
1 20 69
1 21 49
1 22 81
1 23 89
1 24 51
1 25 79
1 26 30
1 27 24
1 28 96
1 29 65
1 30 30
1 31 44
1 32 41
1 33 13
1 34 73
1 35 50
1 36 23
1 37 84
1 38 2
1 39 7
1 40 53
1 41 50
1 42 51
1 43 78
1 44 48
1 45 27
1 46 23
1 47 27
1 48 43
1 49 65
2 3 77
2 4 34
2 5 59
2 6 48
2 7 33
2 8 44
2 9 30
2 10 5
2 11 88
2 12 59
2 13 67
2 14 32
2 15 77
2 16 54
2 17 47
2 18 16
2 19 35
2 20 76
2 21 31
2 22 74
2 23 82
2 24 64
2 25 89
2 26 13
2 27 40
2 28 105
2 29 77
2 30 22
2 31 33
2 32 33
2 33 22
2 34 75
2 35 45
2 36 39
2 37 94
2 38 18
2 39 16
2 40 41
2 41 51
2 42 55
2 43 68
2 44 34
2 45 35
2 46 36
2 47 22
2 48 61
2 49 76
3 4 63
3 5 36
3 6 58
3 7 106
3 8 55
3 9 48
3 10 76
3 11 74
3 12 62
3 13 45
3 14 50
3 15 3
3 16 77
3 17 34
3 18 82
3 19 45
3 20 7
3 21 93
3 22 65
3 23 68
3 24 24
3 25 15
3 26 90
3 27 50
3 28 28
3 29 20
3 30 61
3 31 65
3 32 58
3 33 57
3 34 24
3 35 52
3 36 49
3 37 17
3 38 67
3 39 75
3 40 72
3 41 34
3 42 26
3 43 73
3 44 75
3 45 42
3 46 46
3 47 59
3 48 62
3 49 10
4 5 62
4 6 15
4 7 48
4 8 12
4 9 24
4 10 37
4 11 55
4 12 75
4 13 74
4 14 16
4 15 64
4 16 23
4 17 46
4 18 26
4 19 21
4 20 59
4 21 32
4 22 40
4 23 49
4 24 62
4 25 78
4 26 41
4 27 52
4 28 88
4 29 72
4 30 14
4 31 2
4 32 5
4 33 35
4 34 52
4 35 14
4 36 51
4 37 79
4 38 42
4 39 46
4 40 11
4 41 29
4 42 36
4 43 35
4 44 12
4 45 35
4 46 44
4 47 16
4 48 77
4 49 66
5 6 65
5 7 91
5 8 60
5 9 39
5 10 55
5 11 96
5 12 26
5 13 13
5 14 46
5 15 34
5 16 83
5 17 16
5 18 70
5 19 42
5 20 40
5 21 84
5 22 83
5 23 90
5 24 12
5 25 40
5 26 72
5 27 20
5 28 60
5 29 23
5 30 53
5 31 64
5 32 57
5 33 37
5 34 53
5 35 58
5 36 20
5 37 47
5 38 43
5 39 50
5 40 73
5 41 44
5 42 38
5 43 87
5 44 72
5 45 27
5 46 22
5 47 50
5 48 27
5 49 28
6 7 62
6 8 6
6 9 31
6 10 51
6 11 41
6 12 82
6 13 78
6 14 23
6 15 59
6 16 19
6 17 50
6 18 41
6 19 25
6 20 52
6 21 45
6 22 26
6 23 34
6 24 62
6 25 73
6 26 56
6 27 60
6 28 80
6 29 70
6 30 27
6 31 16
6 32 15
6 33 45
6 34 42
6 35 7
6 36 58
6 37 73
6 38 54
6 39 59
6 40 16
6 41 24
6 42 32
6 43 23
6 44 23
6 45 41
6 46 51
6 47 28
6 48 84
6 49 63
7 8 60
7 9 58
7 10 37
7 11 96
7 12 90
7 13 99
7 14 56
7 15 106
7 16 56
7 17 78
7 18 24
7 19 61
7 20 103
7 21 18
7 22 83
7 23 91
7 24 96
7 25 119
7 26 21
7 27 73
7 28 133
7 29 109
7 30 45
7 31 47
7 32 51
7 33 54
7 34 99
7 35 62
7 36 72
7 37 123
7 38 50
7 39 46
7 40 47
7 41 75
7 42 81
7 43 73
7 44 39
7 45 66
7 46 69
7 47 47
7 48 93
7 49 106
8 9 25
8 10 47
8 11 46
8 12 77
8 13 73
8 14 17
8 15 56
8 16 24
8 17 44
8 18 38
8 19 19
8 20 50
8 21 44
8 22 31
8 23 39
8 24 57
8 25 70
8 26 53
8 27 54
8 28 78
8 29 66
8 30 22
8 31 13
8 32 11
8 33 40
8 34 41
8 35 3
8 36 52
8 37 70
8 38 48
8 39 54
8 40 17
8 41 20
8 42 29
8 43 29
8 44 22
8 45 36
8 46 45
8 47 23
8 48 79
8 49 59
9 10 30
9 11 69
9 12 52
9 13 50
9 14 8
9 15 48
9 16 46
9 17 23
9 18 35
9 19 7
9 20 46
9 21 48
9 22 55
9 23 63
9 24 40
9 25 61
9 26 43
9 27 29
9 28 75
9 29 51
9 30 15
9 31 25
9 32 19
9 33 16
9 34 46
9 35 24
9 36 28
9 37 64
9 38 26
9 39 34
9 40 35
9 41 22
9 42 24
9 43 54
9 44 34
9 45 12
9 46 20
9 47 12
9 48 54
9 49 48
10 11 92
10 12 54
10 13 62
10 14 33
10 15 75
10 16 58
10 17 44
10 18 22
10 19 35
10 20 75
10 21 36
10 22 77
10 23 86
10 24 62
10 25 87
10 26 17
10 27 36
10 28 104
10 29 75
10 30 25
10 31 37
10 32 36
10 33 19
10 34 76
10 35 47
10 36 36
10 37 92
10 38 13
10 39 11
10 40 45
10 41 52
10 42 55
10 43 72
10 44 38
10 45 34
10 46 33
10 47 24
10 48 56
10 49 74
11 12 118
11 13 110
11 14 62
11 15 77
11 16 40
11 17 83
11 18 79
11 19 63
11 20 67
11 21 78
11 22 15
11 23 7
11 24 89
11 25 88
11 26 95
11 27 96
11 28 85
11 29 92
11 30 67
11 31 55
11 32 56
11 33 85
11 34 50
11 35 46
11 36 95
11 37 84
11 38 94
11 39 100
11 40 50
11 41 53
11 42 59
11 43 23
11 44 58
11 45 78
11 46 87
11 47 69
11 48 120
11 49 83
12 13 19
12 14 60
12 15 60
12 16 98
12 17 36
12 18 74
12 19 57
12 20 66
12 21 89
12 22 104
12 23 111
12 24 38
12 25 64
12 26 70
12 27 23
12 28 84
12 29 47
12 30 63
12 31 76
12 32 71
12 33 42
12 34 78
12 35 75
12 36 24
12 37 72
12 38 41
12 39 45
12 40 86
12 41 65
12 42 60
12 43 105
12 44 83
12 45 41
12 46 32
12 47 60
12 48 2
12 49 54
13 14 58
13 15 43
13 16 96
13 17 29
13 18 79
13 19 54
13 20 51
13 21 94
13 22 97
13 23 103
13 24 22
13 25 46
13 26 79
13 27 26
13 28 66
13 29 29
13 30 64
13 31 76
13 32 69
13 33 46
13 34 65
13 35 71
13 36 27
13 37 53
13 38 49
13 39 56
13 40 85
13 41 57
13 42 51
13 43 100
13 44 84
13 45 39
13 46 32
13 47 61
13 48 18
13 49 37
14 15 51
14 16 38
14 17 30
14 18 32
14 19 5
14 20 47
14 21 43
14 22 47
14 23 55
14 24 46
14 25 64
14 26 43
14 27 37
14 28 77
14 29 57
14 30 11
14 31 18
14 32 11
14 33 23
14 34 44
14 35 16
14 36 36
14 37 67
14 38 32
14 39 39
14 40 27
14 41 19
14 42 25
14 43 45
14 44 27
14 45 20
14 46 29
14 47 10
14 48 62
14 49 52
15 16 79
15 17 33
15 18 82
15 19 46
15 20 10
15 21 94
15 22 67
15 23 71
15 24 22
15 25 14
15 26 90
15 27 49
15 28 29
15 29 17
15 30 61
15 31 66
15 32 59
15 33 56
15 34 27
15 35 53
15 36 48
15 37 17
15 38 66
15 39 75
15 40 73
15 41 36
15 42 28
15 43 75
15 44 76
15 45 42
15 46 45
15 47 59
15 48 60
15 49 7
16 17 67
16 18 41
16 19 42
16 20 71
16 21 38
16 22 29
16 23 36
16 24 81
16 25 92
16 26 57
16 27 75
16 28 99
16 29 90
16 30 37
16 31 22
16 32 28
16 33 58
16 34 59
16 35 26
16 36 74
16 37 92
16 38 64
16 39 68
16 40 13
16 41 44
16 42 52
16 43 17
16 44 20
16 45 58
16 46 67
16 47 40
16 48 100
16 49 83
17 18 56
17 19 26
17 20 36
17 21 70
17 22 69
17 23 76
17 24 18
17 25 44
17 26 60
17 27 17
17 28 61
17 29 31
17 30 37
17 31 48
17 32 41
17 33 25
17 34 44
17 35 42
17 36 16
17 37 49
17 38 34
17 39 42
17 40 57
17 41 30
17 42 25
17 43 72
17 44 57
17 45 12
17 46 12
17 47 35
17 48 37
17 49 30
18 19 37
18 20 80
18 21 15
18 22 65
18 23 73
18 24 74
18 25 96
18 26 16
18 27 53
18 28 109
18 29 86
18 30 21
18 31 25
18 32 28
18 33 34
18 34 76
18 35 40
18 36 52
18 37 99
18 38 33
18 39 32
18 40 29
18 41 51
18 42 57
18 43 57
18 44 21
18 45 44
18 46 48
18 47 23
18 48 76
18 49 83
19 20 43
19 21 48
19 22 48
19 23 56
19 24 41
19 25 59
19 26 47
19 27 34
19 28 72
19 29 52
19 30 16
19 31 22
19 32 16
19 33 22
19 34 41
19 35 18
19 36 33
19 37 62
19 38 33
19 39 40
19 40 32
19 41 16
19 42 20
19 43 48
19 44 32
19 45 16
19 46 26
19 47 14
19 48 59
19 49 47
20 21 90
20 22 58
20 23 61
20 24 29
20 25 22
20 26 89
20 27 53
20 28 30
20 29 27
20 30 58
20 31 61
20 32 54
20 33 57
20 34 17
20 35 47
20 36 52
20 37 21
20 38 67
20 39 76
20 40 67
20 41 30
20 42 23
20 43 67
20 44 71
20 45 42
20 46 48
20 47 57
20 48 67
20 49 17
21 22 65
21 23 73
21 24 87
21 25 108
21 26 25
21 27 68
21 28 120
21 29 99
21 30 33
21 31 31
21 32 36
21 33 49
21 34 84
21 35 46
21 36 67
21 37 110
21 38 48
21 39 46
21 40 30
21 41 61
21 42 67
21 43 55
21 44 22
21 45 58
21 46 62
21 47 36
21 48 91
21 49 95
22 23 9
22 24 77
22 25 79
22 26 81
22 27 82
22 28 80
22 29 82
22 30 52
22 31 41
22 32 41
22 33 70
22 34 42
22 35 31
22 36 81
22 37 77
22 38 79
22 39 85
22 40 36
22 41 39
22 42 46
22 43 13
22 44 45
22 45 64
22 46 73
22 47 54
22 48 106
22 49 73
23 24 83
23 25 82
23 26 89
23 27 89
23 28 81
23 29 86
23 30 61
23 31 49
23 32 49
23 33 78
23 34 45
23 35 39
23 36 88
23 37 79
23 38 87
23 39 93
23 40 44
23 41 46
23 42 52
23 43 19
23 44 53
23 45 71
23 46 81
23 47 63
23 48 113
23 49 77
24 25 28
24 26 78
24 27 30
24 28 48
24 29 13
24 30 55
24 31 63
24 32 56
24 33 43
24 34 43
24 35 55
24 36 29
24 37 35
24 38 50
24 39 59
24 40 72
24 41 39
24 42 31
24 43 82
24 44 73
24 45 30
24 46 29
24 47 52
24 48 38
24 49 16
25 26 103
25 27 58
25 28 20
25 29 17
25 30 75
25 31 80
25 32 73
25 33 68
25 34 38
25 35 67
25 36 57
25 37 8
25 38 77
25 39 86
25 40 87
25 41 50
25 42 42
25 43 88
25 44 90
25 45 54
25 46 56
25 47 73
25 48 64
25 49 13
26 27 53
26 28 118
26 29 91
26 30 32
26 31 40
26 32 42
26 33 35
26 34 87
26 35 54
26 36 52
26 37 107
26 38 30
26 39 25
26 40 45
26 41 63
26 42 67
26 43 73
26 44 37
26 45 49
26 46 49
26 47 33
26 48 72
26 49 89
27 28 77
27 29 42
27 30 40
27 31 53
27 32 48
27 33 20
27 34 61
27 35 52
27 36 1
27 37 64
27 38 23
27 39 30
27 40 63
27 41 44
27 42 41
27 43 82
27 44 60
27 45 18
27 46 9
27 47 37
27 48 25
27 49 45
28 29 37
28 30 88
28 31 90
28 32 84
28 33 85
28 34 39
28 35 75
28 36 76
28 37 13
28 38 95
28 39 103
28 40 95
28 41 59
28 42 52
28 43 91
28 44 100
28 45 70
28 46 74
28 47 86
28 48 84
28 49 32
29 30 66
29 31 74
29 32 67
29 33 55
29 34 43
29 35 63
29 36 42
29 37 25
29 38 64
29 39 72
29 40 82
29 41 46
29 42 38
29 43 89
29 44 83
29 45 42
29 46 42
29 47 64
29 48 47
29 49 10
30 31 14
30 32 12
30 33 21
30 34 55
30 35 23
30 36 39
30 37 78
30 38 28
30 39 32
30 40 24
30 41 31
30 42 36
30 43 48
30 44 20
30 45 26
30 46 32
30 47 3
30 48 65
30 49 62
31 32 7
31 33 36
31 34 53
31 35 16
31 36 52
31 37 81
31 38 42
31 39 46
31 40 10
31 41 31
31 42 38
31 43 34
31 44 10
31 45 37
31 46 45
31 47 17
31 48 78
31 49 68
32 33 31
32 34 48
32 35 12
32 36 46
32 37 75
32 38 39
32 39 44
32 40 16
32 41 25
32 42 32
32 43 37
32 44 17
32 45 31
32 46 39
32 47 13
32 48 73
32 49 61
33 34 60
33 35 39
33 36 19
33 37 73
33 38 11
33 39 19
33 40 45
33 41 37
33 42 38
33 43 68
33 44 42
33 45 15
33 46 14
33 47 19
33 48 44
33 49 55
34 35 38
34 36 60
34 37 35
34 38 71
34 39 79
34 40 57
34 41 25
34 42 22
34 43 52
34 44 63
34 45 47
34 46 54
34 47 54
34 48 79
34 49 34
35 36 51
35 37 67
35 38 48
35 39 54
35 40 20
35 41 17
35 42 26
35 43 30
35 44 25
35 45 34
35 46 44
35 47 24
35 48 77
35 49 56
36 37 64
36 38 23
36 39 30
36 40 62
36 41 43
36 42 40
36 43 81
36 44 59
36 45 17
36 46 8
36 47 36
36 48 26
36 49 44
37 38 83
37 39 91
37 40 87
37 41 50
37 42 43
37 43 86
37 44 91
37 45 59
37 46 61
37 47 76
37 48 71
37 49 19
38 39 9
38 40 51
38 41 48
38 42 49
38 43 76
38 44 46
38 45 25
38 46 22
38 47 26
38 48 43
38 49 64
39 40 55
39 41 56
39 42 57
39 43 80
39 44 48
39 45 33
39 46 30
39 47 31
39 48 47
39 49 72
40 41 37
40 42 45
40 43 27
40 44 8
40 45 47
40 46 55
40 47 27
40 48 88
40 49 76
41 42 8
41 43 43
41 44 41
41 45 26
41 46 36
41 47 30
41 48 67
41 49 39
42 43 51
42 44 48
42 45 25
42 46 33
42 47 35
42 48 62
42 49 31
43 44 36
43 45 64
43 46 73
43 47 50
43 48 107
43 49 80
44 45 45
44 46 53
44 47 23
44 48 85
44 49 78
45 46 10
45 47 23
45 48 43
45 49 41
46 47 29
46 48 34
46 49 43
47 48 62
47 49 60
48 49 54
0 2 54
0 5 66
0 6 6
0 7 68
0 8 10
0 9 34
0 10 57
0 11 36
0 13 79
0 14 26
0 17 51
0 18 47
0 19 28
0 20 49
0 24 62
0 25 71
0 26 62
0 27 62
0 28 77
0 29 69
0 31 22
0 32 20
0 33 49
0 34 37
0 36 61
0 37 70
0 39 64
0 40 21
0 43 21
0 46 53
0 47 33
1 2 19
1 4 43
1 6 56
1 7 50
1 9 28
1 10 14
1 11 96
1 12 40
1 15 68
1 16 66
1 17 35
1 21 49
1 22 81
1 25 79
1 28 96
1 32 41
1 36 23
1 37 84
1 38 2
1 42 51
1 45 27
1 46 23
1 47 27
1 48 43
2 3 77
2 4 34
2 6 48
2 10 5
2 12 59
2 13 67
2 16 54
2 19 35
2 20 76
2 23 82
2 25 89
2 27 40
2 30 22
2 31 33
2 33 22
2 35 45
2 37 94
2 38 18
2 39 16
2 43 68
2 44 34
2 45 35
2 49 76
3 4 63
3 9 48
3 10 76
3 11 74
3 12 62
3 13 45
3 15 3
3 24 24
3 25 15
3 26 90
3 28 28
3 33 57
3 34 24
3 35 52
3 38 67
3 39 75
3 42 26
3 45 42
3 46 46
3 48 62
4 9 24
4 10 37
4 12 75
4 14 16
4 15 64
4 16 23
4 20 59
4 21 32
4 23 49
4 26 41
4 27 52
4 28 88
4 29 72
4 32 5
4 33 35
4 36 51
4 37 79
4 39 46
4 40 11
4 41 29
4 44 12
4 45 35
4 46 44
4 49 66
5 9 39
5 14 46
5 17 16
5 19 42
5 20 40
5 21 84
5 25 40
5 26 72
5 29 23
5 30 53
5 31 64
5 32 57
5 33 37
5 37 47
5 39 50
5 40 73
5 42 38
5 43 87
5 44 72
5 46 22
5 47 50
6 8 6
6 11 41
6 14 23
6 15 59
6 16 19
6 17 50
6 21 45
6 24 62
6 25 73
6 28 80
6 30 27
6 31 16
6 32 15
6 35 7
6 36 58
6 38 54
6 40 16
6 47 28
7 8 60
7 10 37
7 11 96
7 12 90
7 14 56
7 16 56
7 18 24
7 20 103
7 21 18
7 23 91
7 25 119
7 28 133
7 29 109
7 30 45
7 33 54
7 34 99
7 35 62
7 37 123
7 39 46
7 40 47
7 42 81
7 43 73
7 44 39
7 45 66
7 46 69
8 9 25
8 10 47
8 12 77
8 13 73
8 14 17
8 15 56
8 18 38
8 19 19
8 20 50
8 25 70
8 29 66
8 31 13
8 37 70
8 44 22
8 45 36
8 46 45
8 48 79
9 13 50
9 16 46
9 17 23
9 20 46
9 21 48
9 22 55
9 26 43
9 27 29
9 28 75
9 29 51
9 30 15
9 33 16
9 35 24
9 39 34
9 40 35
9 41 22
9 42 24
9 43 54
9 46 20
9 49 48
10 13 62
10 14 33
10 15 75
10 16 58
10 17 44
10 18 22
10 19 35
10 22 77
10 25 87
10 35 47
10 36 36
10 40 45
10 46 33
10 48 56
10 49 74
11 13 110
11 15 77
11 16 40
11 17 83
11 20 67
11 24 89
11 25 88
11 29 92
11 31 55
11 32 56
11 33 85
11 34 50
11 35 46
11 36 95
11 37 84
11 38 94
11 41 53
11 42 59
11 43 23
11 44 58
11 47 69
11 48 120
12 14 60
12 16 98
12 17 36
12 18 74
12 19 57
12 20 66
12 21 89
12 24 38
12 27 23
12 30 63
12 32 71
12 36 24
12 37 72
12 38 41
12 39 45
12 40 86
12 41 65
12 42 60
12 44 83
12 45 41
12 48 2
12 49 54
13 14 58
13 16 96
13 20 51
13 21 94
13 24 22
13 26 79
13 27 26
13 29 29
13 30 64
13 31 76
13 32 69
13 33 46
13 35 71
13 37 53
13 38 49
13 40 85
13 41 57
13 42 51
13 44 84
13 48 18
13 49 37
14 16 38
14 18 32
14 19 5
14 20 47
14 21 43
14 22 47
14 26 43
14 27 37
14 28 77
14 30 11
14 31 18
14 32 11
14 37 67
14 38 32
14 40 27
14 42 25
14 44 27
14 48 62
15 17 33
15 21 94
15 22 67
15 23 71
15 25 14
15 27 49
15 30 61
15 32 59
15 36 48
15 37 17
15 38 66
15 41 36
15 45 42
15 47 59
16 18 41
16 19 42
16 20 71
16 21 38
16 22 29
16 23 36
16 24 81
16 25 92
16 26 57
16 28 99
16 29 90
16 31 22
16 32 28
16 36 74
16 37 92
16 45 58
16 47 40
17 20 36
17 21 70
17 22 69
17 25 44
17 26 60
17 27 17
17 28 61
17 29 31
17 30 37
17 31 48
17 36 16
17 38 34
17 40 57
17 48 37
18 20 80
18 21 15
18 23 73
18 27 53
18 31 25
18 32 28
18 34 76
18 38 33
18 39 32
18 40 29
18 43 57
18 44 21
18 47 23
19 22 48
19 24 41
19 25 59
19 26 47
19 27 34
19 30 16
19 31 22
19 35 18
19 42 20
19 44 32
19 47 14
19 48 59
20 21 90
20 22 58
20 23 61
20 24 29
20 25 22
20 26 89
20 27 53
20 29 27
20 30 58
20 32 54
20 33 57
20 34 17
20 35 47
20 38 67
20 39 76
20 41 30
20 42 23
20 45 42
20 48 67
21 23 73
21 25 108
21 26 25
21 30 33
21 32 36
21 35 46
21 36 67
21 41 61
21 42 67
21 43 55
21 45 58
21 46 62
21 48 91
21 49 95
22 25 79
22 31 41
22 32 41
22 36 81
22 37 77
22 39 85
22 40 36
22 41 39
22 43 13
22 46 73
22 47 54
22 49 73
23 25 82
23 26 89
23 28 81
23 29 86
23 30 61
23 36 88
23 39 93
23 40 44
23 41 46
23 43 19
23 44 53
23 48 113
23 49 77
24 29 13
24 30 55
24 31 63
24 33 43
24 36 29
24 39 59
24 40 72
24 44 73
24 47 52
25 26 103
25 28 20
25 30 75
25 32 73
25 36 57
25 37 8
25 38 77
25 40 87
25 46 56
25 48 64
25 49 13
26 28 118
26 35 54
26 43 73
26 45 49
26 48 72
26 49 89
27 28 77
27 29 42
27 30 40
27 33 20
27 36 1
27 37 64
27 39 30
27 40 63
27 42 41
27 43 82
27 44 60
27 45 18
28 29 37
28 30 88
28 36 76
28 37 13
28 38 95
28 40 95
28 42 52
28 44 100
28 46 74
28 48 84
29 30 66
29 31 74
29 32 67
29 34 43
29 35 63
29 37 25
29 38 64
29 40 82
29 41 46
29 43 89
29 47 64
29 48 47
29 49 10
30 32 12
30 33 21
30 35 23
30 36 39
30 38 28
30 39 32
30 40 24
30 42 36
30 45 26
30 46 32
30 47 3
31 32 7
31 33 36
31 35 16
31 36 52
31 39 46
31 40 10
31 41 31
31 43 34
31 44 10
31 45 37
31 48 78
31 49 68
32 34 48
32 37 75
32 38 39
32 39 44
32 42 32
32 43 37
32 44 17
32 47 13
32 48 73
32 49 61
33 34 60
33 35 39
33 36 19
33 40 45
33 42 38
33 43 68
33 45 15
33 46 14
33 48 44
33 49 55
34 39 79
34 40 57
34 41 25
34 42 22
34 43 52
34 47 54
35 38 48
35 40 20
35 42 26
35 46 44
35 47 24
35 49 56
36 37 64
36 38 23
36 42 40
36 43 81
36 47 36
36 48 26
37 38 83
37 41 50
37 42 43
37 44 91
37 46 61
37 48 71
37 49 19
38 39 9
38 40 51
38 41 48
38 43 76
38 48 43
39 40 55
39 42 57
39 43 80
39 49 72
40 41 37
40 43 27
40 44 8
41 45 26
41 46 36
41 48 67
41 49 39
42 45 25
42 46 33
42 48 62
42 49 31
43 45 64
43 46 73
43 48 107
44 45 45
44 46 53
44 49 78
45 46 10
45 47 23
45 48 43
45 49 41
46 47 29
46 48 34
46 49 43
47 48 62
47 49 60
