10 0.7 20 0 0.1 45 31 6
0.83691 0.0605395 7
0.472193 0.698886 0
0.560001 0.8459 2
0.988343 0.903917 6
0.0607982 0.0972178 7
0.124039 0.856695 4
0.122034 0.219682 6
0.702555 0.736317 2
0.557221 0.0283384 7
0.172626 0.628984 3
0 1 74
0 2 83
0 3 86
0 4 78
0 5 107
0 6 73
0 7 69
0 8 28
0 9 87
1 2 17
1 3 56
1 4 73
1 5 38
1 6 59
1 7 23
1 8 68
1 9 31
2 3 43
2 4 90
2 5 44
2 6 76
2 7 18
2 8 82
2 9 44
3 4 123
3 5 87
3 6 110
3 7 33
3 8 98
3 9 86
4 5 76
4 6 14
4 7 91
4 8 50
4 9 54
5 6 64
5 7 59
5 8 93
5 9 23
6 7 78
6 8 48
6 9 41
7 8 72
7 9 54
8 9 71
0 1 74
0 3 86
0 4 78
0 6 73
0 7 69
1 2 17
1 3 56
1 4 73
1 5 38
1 6 59
1 7 23
1 8 68
2 4 90
2 5 44
2 7 18
2 8 82
3 7 33
3 8 98
3 9 86
4 6 14
4 7 91
4 9 54
5 6 64
5 7 59
5 8 93
5 9 23
6 7 78
6 8 48
7 8 72
7 9 54
8 9 71
