50 0.3 0 1 1 1225 368 21
0.413641 0.055689 103
0.716766 0.297067 69
0.613299 0.912586 30
0.422349 0.785265 52
0.490742 0.347507 74
0.906208 0.881511 8
0.274485 0.584748 74
0.872235 0.80681 16
0.331986 0.295788 88
0.73112 0.465382 53
0.191196 0.59869 80
0.942305 0.160355 80
0.808571 0.676151 30
0.551981 0.310781 74
0.216237 0.174616 105
0.793529 0.239774 73
0.64936 0.923197 26
0.635899 0.00607635 99
0.674144 0.892181 24
0.667514 0.322902 68
0.332718 0.614579 67
0.432599 0.474596 68
0.909069 0.893134 7
0.660991 0.273235 73
0.0612236 0.0796148 122
0.624176 0.550906 50
0.815066 0.6542 32
0.763143 0.868416 17
0.305787 0.903458 60
0.337002 0.654269 65
0.457453 0.698767 52
0.663647 0.49133 53
0.834678 0.0157022 95
0.48854 0.420705 69
0.017984 0.411378 105
0.836297 0.731024 24
0.547333 0.367048 70
0.104645 0.916288 80
0.618588 0.900922 30
0.0857636 0.614514 89
0.58982 0.85549 34
0.907684 0.962975 0
0.633877 0.00809256 99
0.845993 0.129612 84
0.345648 0.44595 76
0.377902 0.311807 84
0.270511 0.880886 64
0.515598 0.218499 84
0.197512 0.179108 106
0.405114 0.332041 81
0 1 39
0 2 88
0 3 73
0 4 30
0 5 96
0 6 55
0 7 88
0 8 25
0 9 52
0 10 59
0 11 54
0 12 74
0 13 29
0 14 23
0 15 42
0 16 90
0 17 23
0 18 88
0 19 37
0 20 56
0 21 42
0 22 97
0 23 33
0 24 35
0 25 54
0 26 72
0 27 88
0 28 85
0 29 60
0 30 64
0 31 50
0 32 42
0 33 37
0 34 53
0 35 80
0 36 34
0 37 91
0 38 87
0 39 65
0 40 82
0 41 103
0 42 23
0 43 44
0 44 40
0 45 26
0 46 84
0 47 19
0 48 25
0 49 28
1 2 62
1 3 57
1 4 23
1 5 61
1 6 53
1 7 53
1 8 38
1 9 17
1 10 61
1 11 26
1 12 39
1 13 17
1 14 52
1 15 10
1 16 63
1 17 30
1 18 60
1 19 6
1 20 50
1 21 34
1 22 63
1 23 6
1 24 69
1 25 27
1 26 37
1 27 57
1 28 73
1 29 52
1 30 48
1 31 20
1 32 31
1 33 26
1 34 71
1 35 45
1 36 18
1 37 87
1 38 61
1 39 71
1 40 57
1 41 69
1 42 30
1 43 21
1 44 40
1 45 34
1 46 73
1 47 22
1 48 53
1 49 31
2 3 23
2 4 58
2 5 29
2 6 47
2 7 28
2 8 68
2 9 46
2 10 53
2 11 82
2 12 31
2 13 60
2 14 84
2 15 70
2 16 4
2 17 91
2 18 6
2 19 59
2 20 41
2 21 47
2 22 30
2 23 64
2 24 100
2 25 36
2 26 33
2 27 16
2 28 31
2 29 38
2 30 26
2 31 42
2 32 92
2 33 51
2 34 78
2 35 29
2 36 55
2 37 51
2 38 1
2 39 61
2 40 6
2 41 30
2 42 90
2 43 82
2 44 54
2 45 65
2 46 34
2 47 70
2 48 84
2 49 62
3 4 44
3 5 49
3 6 25
3 7 45
3 8 50
3 9 44
3 10 30
3 11 81
3 12 40
3 13 49
3 14 64
3 15 66
3 16 27
3 17 81
3 18 27
3 19 52
3 20 19
3 21 31
3 22 50
3 23 56
3 24 79
3 25 31
3 26 41
3 27 35
3 28 17
3 29 16
3 30 9
3 31 38
3 32 87
3 33 37
3 34 55
3 35 42
3 36 44
3 37 34
3 38 23
3 39 38
3 40 18
3 41 52
3 42 81
3 43 78
3 44 35
3 45 48
3 46 18
3 47 57
3 48 65
3 49 45
4 5 68
4 6 32
4 7 60
4 8 17
4 9 27
4 10 39
4 11 49
4 12 46
4 13 7
4 14 32
4 15 32
4 16 60
4 17 37
4 18 57
4 19 18
4 20 31
4 21 14
4 22 69
4 23 19
4 24 51
4 25 24
4 26 45
4 27 59
4 28 59
4 29 34
4 30 35
4 31 22
4 32 48
4 33 7
4 34 48
4 35 52
4 36 6
4 37 69
4 38 57
4 39 49
4 40 52
4 41 74
4 42 37
4 43 42
4 44 18
4 45 12
4 46 58
4 47 13
4 48 34
4 49 9
5 6 70
5 7 8
5 8 82
5 9 45
5 10 77
5 11 72
5 12 23
5 13 67
5 14 99
5 15 65
5 16 26
5 17 92
5 18 23
5 19 61
5 20 63
5 21 62
5 22 1
5 23 66
5 24 116
5 25 43
5 26 24
5 27 14
5 28 60
5 29 61
5 30 48
5 31 46
5 32 87
5 33 62
5 34 100
5 35 17
5 36 63
5 37 80
5 38 29
5 39 86
5 40 32
5 41 8
5 42 91
5 43 75
5 44 71
5 45 78
5 46 64
5 47 77
5 48 100
5 49 74
6 7 64
6 8 29
6 9 47
6 10 8
6 11 79
6 12 54
6 13 39
6 14 41
6 15 62
6 16 51
6 17 68
6 18 50
6 19 47
6 20 7
6 21 19
6 22 71
6 23 50
6 24 55
6 25 35
6 26 55
6 27 57
6 28 32
6 29 9
6 30 22
6 31 40
6 32 80
6 33 27
6 34 31
6 35 58
6 36 35
6 37 37
6 38 47
6 39 19
6 40 42
6 41 74
6 42 68
6 43 73
6 44 16
6 45 29
6 46 30
6 47 44
6 48 41
6 49 28
7 8 74
7 9 37
7 10 71
7 11 65
7 12 15
7 13 59
7 14 91
7 15 57
7 16 25
7 17 83
7 18 22
7 19 53
7 20 57
7 21 55
7 22 9
7 23 57
7 24 109
7 25 36
7 26 16
7 27 13
7 28 57
7 29 56
7 30 43
7 31 38
7 32 79
7 33 54
7 34 94
7 35 8
7 36 55
7 37 78
7 38 27
7 39 81
7 40 29
7 41 16
7 42 83
7 43 68
7 44 64
7 45 70
7 46 61
7 47 69
7 48 92
7 49 67
8 9 43
8 10 33
8 11 63
8 12 61
8 13 22
8 14 17
8 15 46
8 16 70
8 17 42
8 18 69
8 19 34
8 20 32
8 21 21
8 22 83
8 23 33
8 24 35
8 25 39
8 26 60
8 27 72
8 28 61
8 29 36
8 30 42
8 31 39
8 32 58
8 33 20
8 34 33
8 35 67
8 36 23
8 37 66
8 38 67
8 39 40
8 40 62
8 41 88
8 42 42
8 43 54
8 44 15
8 45 5
8 46 59
8 47 20
8 48 18
8 49 8
9 10 56
9 11 37
9 12 22
9 13 24
9 14 59
9 15 23
9 16 47
9 17 47
9 18 43
9 19 16
9 20 43
9 21 30
9 22 46
9 23 20
9 24 77
9 25 14
9 26 21
9 27 40
9 28 61
9 29 44
9 30 36
9 31 7
9 32 46
9 33 25
9 34 72
9 35 29
9 36 21
9 37 77
9 38 45
9 39 66
9 40 41
9 41 53
9 42 47
9 43 35
9 44 39
9 45 39
9 46 62
9 47 33
9 48 61
9 49 35
10 11 87
10 12 62
10 13 46
10 14 42
10 15 70
10 16 56
10 17 74
10 18 57
10 19 55
10 20 14
10 21 27
10 22 78
10 23 57
10 24 54
10 25 44
10 26 63
10 27 63
10 28 33
10 29 16
10 30 28
10 31 48
10 32 87
10 33 35
10 34 26
10 35 66
10 36 42
10 37 33
10 38 52
10 39 11
10 40 47
10 41 80
10 42 74
10 43 81
10 44 22
10 45 34
10 46 29
10 47 50
10 48 42
10 49 34
11 12 53
11 13 42
11 14 73
11 15 17
11 16 82
11 17 34
11 18 78
11 19 32
11 20 76
11 21 60
11 22 73
11 23 30
11 24 88
11 25 50
11 26 51
11 27 73
11 28 98
11 29 78
11 30 72
11 31 43
11 32 18
11 33 52
11 34 96
11 35 58
11 36 45
11 37 113
11 38 81
11 39 97
11 40 78
11 41 80
11 42 34
11 43 10
11 44 66
11 45 58
11 46 99
11 47 43
11 48 75
11 49 56
12 13 45
12 14 78
12 15 44
12 16 29
12 17 69
12 18 25
12 19 38
12 20 48
12 21 43
12 22 24
12 23 43
12 24 96
12 25 22
12 26 2
12 27 20
12 28 55
12 29 47
12 30 35
12 31 23
12 32 66
12 33 41
12 34 83
12 35 6
12 36 40
12 37 74
12 38 29
12 39 73
12 40 28
12 41 30
12 42 69
12 43 55
12 44 52
12 45 56
12 46 58
12 47 54
12 48 79
12 49 53
13 14 36
13 15 25
13 16 62
13 17 32
13 18 59
13 19 12
13 20 37
13 21 20
13 22 68
13 23 12
13 24 54
13 25 25
13 26 43
13 27 60
13 28 64
13 29 41
13 30 40
13 31 21
13 32 41
13 33 13
13 34 54
13 35 51
13 36 6
13 37 75
13 38 59
13 39 56
13 40 55
13 41 74
13 42 31
13 43 35
13 44 25
13 45 17
13 46 64
13 47 10
13 48 38
13 49 15
14 15 58
14 16 86
14 17 45
14 18 85
14 19 48
14 20 46
14 21 37
14 22 100
14 23 46
14 24 18
14 25 55
14 26 77
14 27 88
14 28 73
14 29 49
14 30 58
14 31 55
14 32 64
14 33 37
14 34 31
14 35 83
14 36 38
14 37 75
14 38 83
14 39 46
14 40 78
14 41 105
14 42 45
14 43 63
14 44 30
14 45 21
14 46 71
14 47 30
14 48 2
14 49 25
15 16 70
15 17 28
15 18 66
15 19 15
15 20 59
15 21 43
15 22 66
15 23 14
15 24 75
15 25 35
15 26 41
15 27 63
15 28 82
15 29 62
15 30 57
15 31 28
15 32 23
15 33 35
15 34 79
15 35 49
15 36 28
15 37 97
15 38 68
15 39 80
15 40 65
15 41 73
15 42 28
15 43 12
15 44 49
15 45 42
15 46 83
15 47 28
15 48 60
15 49 40
16 17 92
16 18 4
16 19 60
16 20 44
16 21 50
16 22 26
16 23 65
16 24 103
16 25 37
16 26 32
16 27 13
16 28 34
16 29 41
16 30 30
16 31 43
16 32 93
16 33 53
16 34 81
16 35 27
16 36 57
16 37 54
16 38 4
16 39 64
16 40 9
16 41 26
16 42 92
16 43 82
16 44 57
16 45 67
16 46 38
16 47 72
16 48 87
16 49 64
17 18 89
17 19 32
17 20 68
17 21 51
17 22 93
17 23 27
17 24 58
17 25 54
17 26 67
17 27 87
17 28 96
17 29 71
17 30 72
17 31 49
17 32 20
17 33 44
17 34 74
17 35 75
17 36 37
17 37 105
17 38 90
17 39 82
17 40 85
17 41 99
17 42 0
17 43 24
17 44 53
17 45 40
17 46 95
17 47 24
17 48 47
17 49 40
18 19 57
18 20 44
18 21 48
18 22 23
18 23 62
18 24 102
18 25 34
18 26 28
18 27 9
18 28 37
18 29 41
18 30 29
18 31 40
18 32 89
18 33 51
18 34 81
18 35 23
18 36 54
18 37 57
18 38 6
18 39 65
18 40 9
18 41 24
18 42 89
18 43 78
18 44 55
18 45 65
18 46 40
18 47 69
18 48 86
18 49 62
19 20 44
19 21 28
19 22 62
19 23 5
19 24 65
19 25 23
19 26 36
19 27 55
19 28 68
19 29 47
19 30 43
19 31 17
19 32 35
19 33 20
19 34 66
19 35 44
19 36 13
19 37 82
19 38 58
19 39 65
19 40 54
19 41 68
19 42 32
19 43 26
19 44 34
19 45 29
19 46 68
19 47 18
19 48 49
19 49 26
20 21 17
20 22 64
20 23 47
20 24 60
20 25 30
20 26 48
20 27 50
20 28 29
20 29 4
20 30 15
20 31 35
20 32 78
20 33 25
20 34 37
20 35 52
20 36 33
20 37 38
20 38 40
20 39 25
20 40 35
20 41 67
20 42 68
20 43 71
20 44 17
20 45 31
20 46 27
20 47 44
20 48 46
20 49 29
21 22 63
21 23 30
21 24 54
21 25 21
21 26 42
21 27 51
21 28 45
21 29 20
21 30 23
21 31 23
21 32 61
21 33 8
21 34 42
21 35 48
21 36 16
21 37 55
21 38 47
21 39 37
21 40 41
21 41 68
21 42 51
21 43 54
21 44 9
21 45 17
21 46 44
21 47 27
21 48 38
21 49 15
22 23 67
22 24 118
22 25 45
22 26 26
22 27 15
22 28 60
22 29 62
22 30 49
22 31 47
22 32 88
22 33 63
22 34 101
22 35 18
22 36 64
22 37 80
22 38 29
22 39 87
22 40 32
22 41 7
22 42 93
22 43 77
22 44 72
22 45 79
22 46 64
22 47 78
22 48 101
22 49 75
23 24 63
23 25 28
23 26 41
23 27 60
23 28 72
23 29 50
23 30 47
23 31 22
23 32 31
23 33 23
23 34 66
23 35 49
23 36 15
23 37 85
23 38 63
23 39 67
23 40 59
23 41 73
23 42 27
23 43 23
23 44 36
23 45 29
23 46 72
23 47 16
23 48 47
23 49 26
24 25 73
24 26 95
24 27 106
24 28 86
24 29 64
24 30 74
24 31 73
24 32 78
24 33 55
24 34 33
24 35 101
24 36 56
24 37 84
24 38 99
24 39 54
24 40 94
24 41 122
24 42 58
24 43 79
24 44 46
24 45 39
24 46 83
24 47 48
24 48 17
24 49 43
25 26 22
25 27 35
25 28 48
25 29 31
25 30 22
25 31 7
25 32 58
25 33 19
25 34 62
25 35 28
25 36 20
25 37 64
25 38 35
25 39 54
25 40 31
25 41 50
25 42 54
25 43 48
25 44 30
25 45 34
25 46 48
25 47 35
25 48 57
25 49 31
26 27 22
26 28 57
26 29 48
26 30 36
26 31 22
26 32 64
26 33 40
26 34 83
26 35 8
26 36 39
26 37 76
26 38 32
26 39 73
26 40 30
26 41 32
26 42 67
26 43 53
26 44 51
26 45 56
26 46 59
26 47 53
26 48 78
26 49 52
27 28 46
27 29 48
27 30 35
27 31 39
27 32 86
27 33 53
27 34 87
27 35 16
27 36 55
27 37 66
27 38 15
27 39 72
27 40 17
27 41 17
27 42 87
27 43 74
27 44 59
27 45 68
27 46 49
27 47 70
27 48 89
27 49 64
28 29 25
28 30 25
28 31 55
28 32 103
28 33 52
28 34 57
28 35 56
28 36 59
28 37 20
28 38 31
28 39 36
28 40 29
28 41 60
28 42 95
28 43 94
28 44 46
28 45 60
28 46 4
28 47 72
28 48 73
28 49 58
29 30 13
29 31 37
29 32 81
29 33 28
29 34 40
29 35 51
29 36 36
29 37 35
29 38 37
29 39 25
29 40 32
29 41 65
29 42 71
29 43 73
29 44 21
29 45 34
29 46 24
29 47 47
29 48 50
29 49 33
30 31 29
30 32 78
30 33 28
30 34 53
30 35 38
30 36 34
30 37 41
30 38 26
30 39 38
30 40 21
30 41 52
30 42 71
30 43 69
30 44 28
30 45 40
30 46 26
30 47 48
30 48 58
30 49 37
31 32 51
31 33 19
31 34 65
31 35 30
31 36 17
31 37 70
31 38 41
31 39 59
31 40 37
31 41 53
31 42 48
31 43 41
31 44 32
31 45 34
31 46 55
31 47 31
31 48 56
31 49 30
32 33 53
32 34 91
32 35 72
32 36 45
32 37 116
32 38 91
32 39 96
32 40 87
32 41 95
32 42 20
32 43 11
32 44 65
32 45 54
32 46 103
32 47 38
32 48 66
32 49 53
33 34 47
33 35 47
33 36 8
33 37 63
33 38 50
33 39 45
33 40 45
33 41 69
33 42 44
33 43 46
33 44 15
33 45 16
33 46 51
33 47 20
33 48 38
33 49 12
34 35 88
34 36 53
34 37 51
34 38 77
34 39 21
34 40 72
34 41 105
34 42 74
34 43 87
34 44 33
34 45 37
34 46 53
34 47 53
34 48 29
34 49 40
35 36 46
35 37 75
35 38 28
35 39 76
35 40 28
35 41 24
35 42 75
35 43 60
35 44 57
35 45 62
35 46 59
35 47 60
35 48 84
35 49 59
36 37 71
36 38 54
36 39 52
36 40 49
36 41 70
36 42 37
36 43 38
36 44 22
36 45 18
36 46 58
36 47 15
36 48 40
36 49 15
37 38 51
37 39 30
37 40 49
37 41 80
37 42 105
37 43 108
37 44 53
37 45 66
37 46 17
37 47 81
37 48 74
37 49 66
38 39 60
38 40 5
38 41 30
38 42 89
38 43 80
38 44 53
38 45 64
38 46 35
38 47 69
38 48 84
38 49 61
39 40 56
39 41 89
39 42 82
39 43 90
39 44 31
39 45 42
39 46 32
39 47 58
39 48 45
39 49 43
40 41 34
40 42 85
40 43 77
40 44 48
40 45 58
40 46 32
40 47 64
40 48 78
40 49 56
41 42 99
41 43 84
41 44 76
41 45 84
41 46 64
41 47 84
41 48 106
41 49 81
42 43 24
42 44 52
42 45 40
42 46 95
42 47 24
42 48 47
42 49 40
43 44 59
43 45 50
43 46 95
43 47 34
43 48 65
43 49 49
44 45 14
44 46 44
44 47 28
44 48 31
44 49 13
45 46 58
45 47 17
45 48 22
45 49 3
46 47 71
46 48 71
46 49 57
47 48 32
47 49 16
48 49 26
0 1 39
0 3 73
0 8 25
0 10 59
0 11 54
0 12 74
0 13 29
0 24 35
0 35 80
0 40 82
0 42 23
0 47 19
0 48 25
0 49 28
1 2 62
1 15 10
1 17 30
1 22 63
1 25 27
1 31 20
1 32 31
1 37 87
1 40 57
1 43 21
1 46 73
1 49 31
2 13 60
2 16 4
2 17 91
2 20 41
2 22 30
2 32 92
2 33 51
2 36 55
2 40 6
2 44 54
2 45 65
2 46 34
2 47 70
3 7 45
3 9 44
3 10 30
3 13 49
3 14 64
3 16 27
3 20 19
3 22 50
3 26 41
3 28 17
3 34 55
3 35 42
3 43 78
3 44 35
3 45 48
4 6 32
4 8 17
4 10 39
4 11 49
4 16 60
4 17 37
4 21 14
4 23 19
4 32 48
4 33 7
4 34 48
4 36 6
4 39 49
5 6 70
5 7 8
5 10 77
5 16 26
5 20 63
5 23 66
5 25 43
5 27 14
5 28 60
5 33 62
5 34 100
5 36 63
5 38 29
5 39 86
5 40 32
5 42 91
5 45 78
5 47 77
5 48 100
6 8 29
6 11 79
6 18 50
6 23 50
6 29 9
6 31 40
6 32 80
6 36 35
6 37 37
6 41 74
6 43 73
6 44 16
6 48 41
7 9 37
7 15 57
7 16 25
7 17 83
7 26 16
7 29 56
7 35 8
7 41 16
7 42 83
7 46 61
7 49 67
8 15 46
8 22 83
8 25 39
8 29 36
8 36 23
8 38 67
8 40 62
8 41 88
8 42 42
8 47 20
9 16 47
9 17 47
9 25 14
9 26 21
9 27 40
9 28 61
9 35 29
9 40 41
9 45 39
9 49 35
10 14 42
10 21 27
10 24 54
10 25 44
10 26 63
10 28 33
10 36 42
10 40 47
10 41 80
10 43 81
10 44 22
10 47 50
11 13 42
11 14 73
11 18 78
11 20 76
11 29 78
11 33 52
11 34 96
11 43 10
11 45 58
12 14 78
12 17 69
12 18 25
12 19 38
12 21 43
12 23 43
12 26 2
12 30 35
12 33 41
12 34 83
12 36 40
12 38 29
12 46 58
13 21 20
13 22 68
13 26 43
13 27 60
13 31 21
13 33 13
13 34 54
13 38 59
13 43 35
13 44 25
13 48 38
13 49 15
14 18 85
14 21 37
14 28 73
14 29 49
14 30 58
14 32 64
14 34 31
14 37 75
14 38 83
14 42 45
14 49 25
15 17 28
15 18 66
15 21 43
15 23 14
15 25 35
15 27 63
15 28 82
15 29 62
15 33 35
15 35 49
15 39 80
15 42 28
15 45 42
15 46 83
16 19 60
16 20 44
16 22 26
16 23 65
16 24 103
16 28 34
16 30 30
16 40 9
16 47 72
16 49 64
17 23 27
17 24 58
17 25 54
17 29 71
17 37 105
17 39 82
18 19 57
18 20 44
18 24 102
18 25 34
18 31 40
18 34 81
18 35 23
18 36 54
18 38 6
18 39 65
18 40 9
18 42 89
19 23 5
19 24 65
19 25 23
19 27 55
19 30 43
19 31 17
19 33 20
19 39 65
19 44 34
19 46 68
19 47 18
19 49 26
20 21 17
20 28 29
20 29 4
20 30 15
20 33 25
20 39 25
20 42 68
20 48 46
21 22 63
21 24 54
21 31 23
21 35 48
21 37 55
21 44 9
21 45 17
22 26 26
22 32 88
22 38 29
22 39 87
22 46 64
22 48 101
22 49 75
23 24 63
23 27 60
23 29 50
23 33 23
23 34 66
23 37 85
23 42 27
23 44 36
23 45 29
23 46 72
24 27 106
24 29 64
24 33 55
24 35 101
24 37 84
24 44 46
24 47 48
25 27 35
25 37 64
25 39 54
25 46 48
25 47 35
26 28 57
26 32 64
26 33 40
26 34 83
26 35 8
26 42 67
26 45 56
26 46 59
27 29 48
27 33 53
27 38 15
27 41 17
27 49 64
28 30 25
28 31 55
28 33 52
28 34 57
28 37 20
28 38 31
28 42 95
28 47 72
28 48 73
29 30 13
29 34 40
29 45 34
29 46 24
29 48 50
30 31 29
30 36 34
30 37 41
30 42 71
30 45 40
30 46 26
31 32 51
31 39 59
31 46 55
32 35 72
32 36 45
32 39 96
32 41 95
32 44 65
32 45 54
32 49 53
33 35 47
33 38 50
33 40 45
33 43 46
33 45 16
34 37 51
34 39 21
34 41 105
35 38 28
35 41 24
35 43 60
35 44 57
35 49 59
36 37 71
36 38 54
36 44 22
36 46 58
36 48 40
36 49 15
38 41 30
38 44 53
38 46 35
38 47 69
38 49 61
39 41 89
40 42 85
40 49 56
41 45 84
41 47 84
41 49 81
42 44 52
42 45 40
43 44 59
43 46 95
44 47 28
44 49 13
46 47 71
46 48 71
47 48 32
48 49 26
