50 0.7 5 1 0.1 1225 858 18
0.7872 0.852359 7
0.331435 0.97923 3
0.753285 0.104613 11
0.291351 0.711031 3
0.353575 0.475695 6
0.330867 0.335352 7
0.16539 0.747047 2
0.394645 0.84421 3
0.585684 0.164577 10
0.466621 0.85877 4
0.717754 0.786612 7
0.400965 0.0971904 9
0.259051 0.780191 3
0.378412 0.441264 6
0.301617 0.200467 8
0.458601 0.794944 4
0.0759663 0.976578 0
0.429284 0.38775 7
0.487026 0.884539 4
0.731637 0.120092 11
0.517447 0.671793 5
0.577864 0.952069 5
0.399373 0.749143 4
0.0718999 0.448788 5
0.699016 0.896837 6
0.923889 0.964031 8
0.67568 0.769471 6
0.986817 0.766729 9
0.309071 0.0239265 10
0.716823 0.00587261 12
0.175498 0.190668 8
0.374895 0.25093 8
0.635207 0.117397 10
0.216534 0.612054 4
0.984039 0.68998 10
0.549099 0.236719 9
0.096671 0.225514 8
0.290462 0.879813 2
0.573179 0.351314 8
0.363077 0.3816 7
0.939627 0.937028 9
0.185657 0.818183 2
0.749733 0.646778 8
0.505951 0.51897 6
0.905364 0.577056 9
0.861617 0.47943 9
0.604038 0.550728 7
0.0827297 0.486552 5
0.834909 0.740973 8
0.650409 0.807605 6
0 1 47
0 2 75
0 3 52
0 4 57
0 5 69
0 6 63
0 7 39
0 8 72
0 9 32
0 10 10
0 11 85
0 12 53
0 13 58
0 14 81
0 15 33
0 16 72
0 17 59
0 18 30
0 19 73
0 20 32
0 21 23
0 22 40
0 23 82
0 24 10
0 25 18
0 26 14
0 27 22
0 28 96
0 29 85
0 30 90
0 31 73
0 32 75
0 33 62
0 34 26
0 35 66
0 36 93
0 37 50
0 38 54
0 39 63
0 40 17
0 41 60
0 42 21
0 43 44
0 44 30
0 45 38
0 46 35
0 47 79
0 48 12
0 49 14
1 2 97
1 3 27
1 4 50
1 5 64
1 6 29
1 7 15
1 8 85
1 9 18
1 10 43
1 11 88
1 12 21
1 13 54
1 14 78
1 15 22
1 16 26
1 17 60
1 18 18
1 19 95
1 20 36
1 21 25
1 22 24
1 23 59
1 24 38
1 25 59
1 26 40
1 27 69
1 28 96
1 29 105
1 30 80
1 31 73
1 32 91
1 33 38
1 34 71
1 35 77
1 36 79
1 37 11
1 38 67
1 39 60
1 40 61
1 41 22
1 42 53
1 43 49
1 44 70
1 45 73
1 46 51
1 47 55
1 48 56
1 49 36
2 3 76
2 4 55
2 5 48
2 6 87
2 7 82
2 8 18
2 9 81
2 10 68
2 11 35
2 12 84
2 13 50
2 14 46
2 15 75
2 16 110
2 17 43
2 18 82
2 19 3
2 20 61
2 21 87
2 22 74
2 23 76
2 24 79
2 25 88
2 26 67
2 27 70
2 28 45
2 29 11
2 30 58
2 31 41
2 32 12
2 33 74
2 34 63
2 35 24
2 36 67
2 37 90
2 38 31
2 39 48
2 40 85
2 41 91
2 42 54
2 43 48
2 44 50
2 45 39
2 46 47
2 47 77
2 48 64
2 49 71
3 4 24
3 5 38
3 6 13
3 7 17
3 8 62
3 9 23
3 10 43
3 11 62
3 12 8
3 13 28
3 14 51
3 15 19
3 16 34
3 17 35
3 18 26
3 19 74
3 20 23
3 21 37
3 22 11
3 23 34
3 24 45
3 25 68
3 26 39
3 27 70
3 28 69
3 29 82
3 30 53
3 31 47
3 32 69
3 33 12
3 34 69
3 35 54
3 36 52
3 37 17
3 38 46
3 39 34
3 40 69
3 41 15
3 42 46
3 43 29
3 44 63
3 45 62
3 46 35
3 47 31
3 48 54
3 49 37
4 5 14
4 6 33
4 7 37
4 8 39
4 9 40
4 10 48
4 11 38
4 12 32
4 13 4
4 14 28
4 15 34
4 16 57
4 17 12
4 18 43
4 19 52
4 20 26
4 21 53
4 22 28
4 23 28
4 24 54
4 25 75
4 26 44
4 27 70
4 28 45
4 29 59
4 30 34
4 31 23
4 32 46
4 33 19
4 34 67
4 35 31
4 36 36
4 37 41
4 38 25
4 39 9
4 40 75
4 41 38
4 42 43
4 43 16
4 44 56
4 45 51
4 46 26
4 47 27
4 48 55
4 49 45
5 6 44
5 7 51
5 8 31
5 9 54
5 10 59
5 11 25
5 12 45
5 13 12
5 14 14
5 15 48
5 16 69
5 17 11
5 18 57
5 19 45
5 20 38
5 21 66
5 22 42
5 23 28
5 24 67
5 25 86
5 26 55
5 27 79
5 28 31
5 29 51
5 30 21
5 31 10
5 32 37
5 33 30
5 34 74
5 35 24
5 36 26
5 37 55
5 38 24
5 39 6
5 40 86
5 41 50
5 42 52
5 43 25
5 44 62
5 45 55
5 46 35
5 47 29
5 48 65
5 49 57
6 7 25
6 8 72
6 9 32
6 10 55
6 11 69
6 12 10
6 13 37
6 14 56
6 15 30
6 16 25
6 17 45
6 18 35
6 19 84
6 20 36
6 21 46
6 22 23
6 23 31
6 24 55
6 25 79
6 26 51
6 27 82
6 28 74
6 29 92
6 30 56
6 31 54
6 32 79
6 33 14
6 34 82
6 35 64
6 36 53
6 37 18
6 38 57
6 39 42
6 40 80
6 41 7
6 42 59
6 43 41
6 44 76
6 45 75
6 46 48
6 47 27
6 48 67
6 49 49
7 8 71
7 9 7
7 10 33
7 11 75
7 12 15
7 13 40
7 14 65
7 15 8
7 16 35
7 17 46
7 18 10
7 19 80
7 20 21
7 21 21
7 22 10
7 23 51
7 24 31
7 25 54
7 26 29
7 27 60
7 28 82
7 29 90
7 30 69
7 31 59
7 32 77
7 33 29
7 34 61
7 35 63
7 36 69
7 37 11
7 38 52
7 39 46
7 40 55
7 41 21
7 42 41
7 43 34
7 44 58
7 45 59
7 46 36
7 47 47
7 48 45
7 49 26
8 9 70
8 10 64
8 11 20
8 12 70
8 13 35
8 14 29
8 15 64
8 16 96
8 17 27
8 18 73
8 19 15
8 20 51
8 21 79
8 22 61
8 23 59
8 24 74
8 25 87
8 26 61
8 27 72
8 28 31
8 29 21
8 30 41
8 31 23
8 32 7
8 33 58
8 34 66
8 35 8
8 36 49
8 37 77
8 38 19
8 39 31
8 40 85
8 41 77
8 42 51
8 43 36
8 44 52
8 45 42
8 46 39
8 47 60
8 48 63
8 49 65
9 10 26
9 11 76
9 12 22
9 13 43
9 14 68
9 15 6
9 16 41
9 17 47
9 18 3
9 19 78
9 20 19
9 21 15
9 22 13
9 23 57
9 24 24
9 25 47
9 26 23
9 27 53
9 28 85
9 29 89
9 30 73
9 31 61
9 32 76
9 33 35
9 34 54
9 35 63
9 36 73
9 37 18
9 38 52
9 39 49
9 40 48
9 41 28
9 42 35
9 43 34
9 44 52
9 45 55
9 46 34
9 47 53
9 48 39
9 49 19
10 11 76
10 12 46
10 13 48
10 14 72
10 15 26
10 16 67
10 17 49
10 18 25
10 19 67
10 20 23
10 21 22
10 22 32
10 23 73
10 24 11
10 25 27
10 26 5
10 27 27
10 28 87
10 29 78
10 30 81
10 31 64
10 32 67
10 33 53
10 34 28
10 35 58
10 36 84
10 37 44
10 38 46
10 39 54
10 40 27
10 41 53
10 42 14
10 43 34
10 44 28
10 45 34
10 46 26
10 47 70
10 48 13
10 49 7
11 12 70
11 13 34
11 14 14
11 15 70
11 16 94
11 17 29
11 18 79
11 19 33
11 20 59
11 21 87
11 22 65
11 23 48
11 24 85
11 25 101
11 26 73
11 27 89
11 28 12
11 29 33
11 30 24
11 31 16
11 32 24
11 33 55
11 34 83
11 35 20
11 36 33
11 37 79
11 38 31
11 39 29
11 40 100
11 41 75
11 42 65
11 43 43
11 44 70
11 45 60
11 46 50
11 47 50
11 48 78
11 49 75
12 13 36
12 14 58
12 15 20
12 16 27
12 17 43
12 18 25
12 19 81
12 20 28
12 21 36
12 22 14
12 23 38
12 24 46
12 25 69
12 26 42
12 27 73
12 28 76
12 29 90
12 30 60
12 31 54
12 32 76
12 33 17
12 34 73
12 35 62
12 36 58
12 37 10
12 38 53
12 39 41
12 40 70
12 41 8
12 42 51
12 43 36
12 44 68
12 45 67
12 46 41
12 47 34
12 48 58
12 49 39
13 14 25
13 15 36
13 16 61
13 17 7
13 18 46
13 19 48
13 20 27
13 21 55
13 22 31
13 23 31
13 24 56
13 25 76
13 26 44
13 27 69
13 28 42
13 29 55
13 30 32
13 31 19
13 32 41
13 33 24
13 34 65
13 35 27
13 36 35
13 37 45
13 38 21
13 39 6
13 40 75
13 41 42
13 42 42
13 43 15
13 44 54
13 45 48
13 46 25
13 47 30
13 48 55
13 49 46
14 15 61
14 16 81
14 17 23
14 18 71
14 19 44
14 20 52
14 21 80
14 22 56
14 23 34
14 24 80
14 25 99
14 26 68
14 27 89
14 28 18
14 29 46
14 30 13
14 31 9
14 32 34
14 33 42
14 34 84
14 35 25
14 36 21
14 37 68
14 38 31
14 39 19
14 40 97
14 41 63
14 42 63
14 43 38
14 44 71
14 45 63
14 46 46
14 47 36
14 48 76
14 49 70
15 16 42
15 17 41
15 18 9
15 19 73
15 20 14
15 21 20
15 22 7
15 23 52
15 24 26
15 25 50
15 26 22
15 27 53
15 28 79
15 29 83
15 30 67
15 31 55
15 32 70
15 33 30
15 34 54
15 35 57
15 36 67
15 37 19
15 38 46
15 39 42
15 40 50
15 41 27
15 42 33
15 43 28
15 44 50
15 45 51
15 46 28
15 47 49
15 48 38
15 49 19
16 17 69
16 18 42
16 19 108
16 20 54
16 21 50
16 22 40
16 23 53
16 24 63
16 25 85
16 26 63
16 27 93
16 28 98
16 29 116
16 30 79
16 31 78
16 32 103
16 33 39
16 34 95
16 35 88
16 36 75
16 37 24
16 38 80
16 39 66
16 40 86
16 41 19
16 42 75
16 43 63
16 44 92
16 45 93
16 46 68
16 47 49
16 48 79
16 49 60
17 18 50
17 19 40
17 20 30
17 21 58
17 22 36
17 23 36
17 24 58
17 25 76
17 26 45
17 27 67
17 28 38
17 29 48
17 30 32
17 31 15
17 32 34
17 33 31
17 34 63
17 35 19
17 36 37
17 37 51
17 38 15
17 39 7
17 40 75
17 41 49
17 42 41
17 43 15
17 44 51
17 45 44
17 46 24
17 47 36
17 48 54
17 49 47
18 19 80
18 20 21
18 21 11
18 22 16
18 23 60
18 24 21
18 25 44
18 26 22
18 27 51
18 28 88
18 29 91
18 30 76
18 31 64
18 32 78
18 33 38
18 34 53
18 35 65
18 36 77
18 37 20
18 38 54
18 39 52
18 40 46
18 41 31
18 42 35
18 43 37
18 44 52
18 45 55
18 46 35
18 47 57
18 48 38
18 49 18
19 20 59
19 21 85
19 22 71
19 23 74
19 24 78
19 25 87
19 26 65
19 27 70
19 28 43
19 29 12
19 30 56
19 31 38
19 32 10
19 33 71
19 34 62
19 35 22
19 36 64
19 37 88
19 38 28
19 39 45
19 40 84
19 41 89
19 42 53
19 43 46
19 44 49
19 45 38
19 46 45
19 47 75
19 48 63
19 49 69
20 21 29
20 22 14
20 23 50
20 24 29
20 25 50
20 26 19
20 27 48
20 28 68
20 29 70
20 30 59
20 31 44
20 32 57
20 33 31
20 34 47
20 35 44
20 36 61
20 37 31
20 38 33
20 39 33
20 40 50
20 41 36
20 42 23
20 43 15
20 44 40
20 45 39
20 46 15
20 47 47
20 48 32
20 49 19
21 22 27
21 23 71
21 24 13
21 25 35
21 26 21
21 27 45
21 28 97
21 29 96
21 30 86
21 31 73
21 32 84
21 33 50
21 34 48
21 35 72
21 36 87
21 37 30
21 38 60
21 39 61
21 40 36
21 41 41
21 42 35
21 43 44
21 44 50
21 45 55
21 46 40
21 47 68
21 48 33
21 49 16
22 23 44
22 24 33
22 25 57
22 26 28
22 27 59
22 28 73
22 29 81
22 30 60
22 31 50
22 32 67
22 33 23
22 34 59
22 35 53
22 36 60
22 37 17
22 38 43
22 39 37
22 40 57
22 41 22
22 42 37
22 43 25
22 44 53
22 45 54
22 46 29
22 47 41
22 48 44
22 49 26
23 24 77
23 25 100
23 26 68
23 27 97
23 28 49
23 29 78
23 30 28
23 31 36
23 32 65
23 33 22
23 34 94
23 35 52
23 36 22
23 37 48
23 38 51
23 39 30
23 40 100
23 41 39
23 42 71
23 43 44
23 44 84
23 45 79
23 46 54
23 47 4
23 48 82
23 49 68
24 25 23
24 26 13
24 27 32
24 28 96
24 29 89
24 30 88
24 31 72
24 32 78
24 33 56
24 34 35
24 35 68
24 36 90
24 37 41
24 38 56
24 39 62
24 40 24
24 41 52
24 42 26
24 43 42
24 44 38
24 45 45
24 46 36
24 47 74
24 48 21
24 49 10
25 26 32
25 27 21
25 28 112
25 29 98
25 30 108
25 31 90
25 32 89
25 33 79
25 34 28
25 35 82
25 36 111
25 37 64
25 38 71
25 39 81
25 40 3
25 41 75
25 42 36
25 43 61
25 44 39
25 45 49
25 46 52
25 47 97
25 48 24
25 49 32
26 27 31
26 28 83
26 29 76
26 30 76
26 31 60
26 32 65
26 33 49
26 34 32
26 35 55
26 36 79
26 37 40
26 38 43
26 39 50
26 40 31
26 41 49
26 42 14
26 43 30
26 44 30
26 45 34
26 46 23
26 47 66
26 48 16
26 49 5
27 28 101
27 29 81
27 30 100
27 31 80
27 32 74
27 33 79
27 34 8
27 35 69
27 36 104
27 37 71
27 38 59
27 39 73
27 40 18
27 41 80
27 42 27
27 43 54
27 44 21
27 45 31
27 46 44
27 47 95
27 48 15
27 49 34
28 29 41
28 30 21
28 31 24
28 32 34
28 33 60
28 34 95
28 35 32
28 36 29
28 37 86
28 38 42
28 39 36
28 40 111
28 41 80
28 42 76
28 43 53
28 44 81
28 45 72
28 46 60
28 47 52
28 48 89
28 49 85
29 30 57
29 31 42
29 32 14
29 33 79
29 34 73
29 35 29
29 36 66
29 37 97
29 38 37
29 39 52
29 40 96
29 41 97
29 42 64
29 43 55
29 44 60
29 45 50
29 46 56
29 47 80
29 48 74
29 49 80
30 31 21
30 32 47
30 33 42
30 34 95
30 35 38
30 36 9
30 37 70
30 38 43
30 39 27
30 40 107
30 41 63
30 42 73
30 43 47
30 44 83
30 45 74
30 46 56
30 47 31
30 48 86
30 49 78
31 32 29
31 33 39
31 34 75
31 35 17
31 36 28
31 37 63
31 38 22
31 39 13
31 40 89
31 41 60
31 42 55
31 43 30
31 44 62
31 45 54
31 46 38
31 47 38
31 48 67
31 49 62
32 33 65
32 34 67
32 35 15
32 36 55
32 37 84
32 38 24
32 39 38
32 40 87
32 41 83
32 42 54
32 43 42
32 44 53
32 45 43
32 46 43
32 47 66
32 48 65
32 49 69
33 34 77
33 35 50
33 36 40
33 37 28
33 38 44
33 39 27
33 40 79
33 41 21
33 42 53
33 43 30
33 44 69
33 45 66
33 46 39
33 47 18
33 48 63
33 49 48
34 35 63
34 36 100
34 37 72
34 38 53
34 39 69
34 40 25
34 41 81
34 42 24
34 43 51
34 44 14
34 45 24
34 46 40
34 47 92
34 48 16
34 49 35
35 36 45
35 37 69
35 38 12
35 39 24
35 40 80
35 41 69
35 42 46
35 43 29
35 44 49
35 45 40
35 46 32
35 47 53
35 48 58
35 49 58
36 37 68
36 38 49
36 39 31
36 40 110
36 41 60
36 42 78
36 43 50
36 44 88
36 45 81
36 46 60
36 47 26
36 48 90
36 49 80
37 38 60
37 39 50
37 40 65
37 41 12
37 42 52
37 43 42
37 44 69
37 45 70
37 46 45
37 47 44
37 48 56
37 49 37
38 39 21
38 40 69
38 41 61
38 42 34
38 43 18
38 44 40
38 45 32
38 46 20
38 47 51
38 48 47
38 49 46
39 40 80
39 41 47
39 42 47
39 43 20
39 44 58
39 45 51
39 46 29
39 47 30
39 48 59
39 49 51
40 41 76
40 42 35
40 43 60
40 44 36
40 45 46
40 46 51
40 47 97
40 48 22
40 49 32
41 42 59
41 43 44
41 44 76
41 45 76
41 46 50
41 47 35
41 48 65
41 49 46
42 43 28
42 44 17
42 45 20
42 46 17
42 47 69
42 48 13
42 49 19
43 44 40
43 45 36
43 46 10
43 47 42
43 48 40
43 49 32
44 45 11
44 46 30
44 47 83
44 48 18
44 49 34
45 46 27
45 47 78
45 48 26
45 49 39
46 47 53
46 48 30
46 49 26
47 48 79
47 49 65
48 49 20
0 1 47
0 3 52
0 4 57
0 5 69
0 6 63
0 7 39
0 8 72
0 10 10
0 12 53
0 15 33
0 16 72
0 17 59
0 19 73
0 20 32
0 21 23
0 22 40
0 23 82
0 24 10
0 25 18
0 26 14
0 28 96
0 31 73
0 32 75
0 34 26
0 38 54
0 39 63
0 40 17
0 41 60
0 42 21
0 45 38
0 47 79
1 5 64
1 6 29
1 7 15
1 8 85
1 9 18
1 10 43
1 11 88
1 14 78
1 15 22
1 16 26
1 17 60
1 18 18
1 20 36
1 22 24
1 23 59
1 24 38
1 25 59
1 26 40
1 27 69
1 28 96
1 29 105
1 30 80
1 31 73
1 32 91
1 33 38
1 34 71
1 35 77
1 36 79
1 37 11
1 38 67
1 39 60
1 40 61
1 42 53
1 43 49
1 44 70
1 45 73
1 46 51
1 47 55
1 48 56
1 49 36
2 4 55
2 5 48
2 9 81
2 10 68
2 13 50
2 14 46
2 15 75
2 16 110
2 17 43
2 18 82
2 20 61
2 21 87
2 22 74
2 24 79
2 25 88
2 27 70
2 30 58
2 31 41
2 32 12
2 33 74
2 34 63
2 35 24
2 36 67
2 37 90
2 38 31
2 39 48
2 40 85
2 41 91
2 42 54
2 43 48
2 44 50
2 47 77
2 48 64
3 7 17
3 9 23
3 11 62
3 12 8
3 13 28
3 14 51
3 15 19
3 16 34
3 17 35
3 19 74
3 20 23
3 21 37
3 22 11
3 25 68
3 26 39
3 28 69
3 29 82
3 30 53
3 33 12
3 34 69
3 35 54
3 36 52
3 37 17
3 38 46
3 39 34
3 40 69
3 42 46
3 44 63
3 45 62
3 46 35
3 47 31
3 48 54
3 49 37
4 6 33
4 10 48
4 11 38
4 12 32
4 13 4
4 15 34
4 16 57
4 17 12
4 19 52
4 20 26
4 21 53
4 22 28
4 24 54
4 25 75
4 27 70
4 28 45
4 29 59
4 30 34
4 31 23
4 32 46
4 33 19
4 34 67
4 36 36
4 37 41
4 38 25
4 39 9
4 40 75
4 42 43
4 43 16
4 44 56
4 46 26
4 49 45
5 6 44
5 8 31
5 9 54
5 12 45
5 13 12
5 14 14
5 17 11
5 18 57
5 19 45
5 20 38
5 21 66
5 22 42
5 24 67
5 25 86
5 26 55
5 27 79
5 29 51
5 31 10
5 33 30
5 34 74
5 36 26
5 37 55
5 39 6
5 41 50
5 42 52
5 44 62
5 45 55
5 46 35
5 48 65
5 49 57
6 7 25
6 8 72
6 12 10
6 13 37
6 14 56
6 15 30
6 18 35
6 20 36
6 21 46
6 24 55
6 27 82
6 28 74
6 29 92
6 30 56
6 31 54
6 32 79
6 33 14
6 34 82
6 35 64
6 36 53
6 37 18
6 39 42
6 40 80
6 43 41
6 44 76
6 45 75
6 46 48
6 48 67
6 49 49
7 8 71
7 9 7
7 10 33
7 12 15
7 15 8
7 16 35
7 17 46
7 19 80
7 21 21
7 22 10
7 23 51
7 25 54
7 26 29
7 27 60
7 28 82
7 29 90
7 30 69
7 33 29
7 34 61
7 36 69
7 37 11
7 38 52
7 39 46
7 42 41
7 43 34
7 44 58
7 45 59
7 47 47
7 49 26
8 9 70
8 10 64
8 11 20
8 12 70
8 13 35
8 14 29
8 15 64
8 17 27
8 18 73
8 19 15
8 22 61
8 23 59
8 25 87
8 26 61
8 27 72
8 28 31
8 29 21
8 31 23
8 32 7
8 33 58
8 34 66
8 36 49
8 37 77
8 38 19
8 40 85
8 41 77
8 43 36
8 45 42
8 47 60
8 49 65
9 10 26
9 11 76
9 12 22
9 13 43
9 14 68
9 15 6
9 16 41
9 18 3
9 21 15
9 22 13
9 24 24
9 26 23
9 28 85
9 29 89
9 30 73
9 31 61
9 32 76
9 33 35
9 34 54
9 38 52
9 39 49
9 40 48
9 42 35
9 43 34
9 45 55
9 46 34
9 48 39
9 49 19
10 11 76
10 13 48
10 15 26
10 16 67
10 17 49
10 19 67
10 20 23
10 21 22
10 23 73
10 24 11
10 25 27
10 26 5
10 29 78
10 30 81
10 32 67
10 34 28
10 35 58
10 37 44
10 38 46
10 39 54
10 41 53
10 42 14
10 43 34
10 44 28
10 45 34
10 46 26
10 47 70
10 48 13
10 49 7
11 12 70
11 13 34
11 14 14
11 16 94
11 18 79
11 19 33
11 20 59
11 21 87
11 23 48
11 24 85
11 26 73
11 27 89
11 28 12
11 29 33
11 30 24
11 31 16
11 32 24
11 36 33
11 37 79
11 39 29
11 40 100
11 41 75
11 42 65
11 45 60
11 46 50
11 47 50
11 48 78
11 49 75
12 14 58
12 15 20
12 17 43
12 18 25
12 22 14
12 23 38
12 24 46
12 25 69
12 26 42
12 27 73
12 29 90
12 31 54
12 32 76
12 33 17
12 34 73
12 36 58
12 37 10
12 38 53
12 39 41
12 40 70
12 41 8
12 47 34
13 15 36
13 16 61
13 19 48
13 20 27
13 23 31
13 24 56
13 26 44
13 27 69
13 28 42
13 31 19
13 32 41
13 33 24
13 37 45
13 40 75
13 41 42
13 42 42
13 45 48
13 47 30
13 48 55
14 17 23
14 20 52
14 22 56
14 23 34
14 24 80
14 25 99
14 26 68
14 28 18
14 29 46
14 30 13
14 31 9
14 32 34
14 33 42
14 35 25
14 36 21
14 37 68
14 38 31
14 39 19
14 40 97
14 42 63
14 43 38
14 46 46
14 47 36
14 48 76
14 49 70
15 17 41
15 18 9
15 20 14
15 21 20
15 25 50
15 28 79
15 30 67
15 31 55
15 32 70
15 33 30
15 35 57
15 36 67
15 37 19
15 39 42
15 40 50
15 41 27
15 42 33
15 43 28
15 44 50
15 47 49
15 48 38
15 49 19
16 20 54
16 21 50
16 22 40
16 23 53
16 24 63
16 25 85
16 26 63
16 27 93
16 29 116
16 30 79
16 31 78
16 32 103
16 33 39
16 34 95
16 36 75
16 38 80
16 39 66
16 40 86
16 41 19
16 43 63
16 44 92
16 45 93
16 46 68
16 47 49
16 49 60
17 18 50
17 20 30
17 21 58
17 22 36
17 23 36
17 24 58
17 26 45
17 29 48
17 30 32
17 31 15
17 32 34
17 33 31
17 35 19
17 36 37
17 38 15
17 39 7
17 40 75
17 41 49
17 42 41
17 45 44
17 46 24
17 47 36
18 19 80
18 20 21
18 21 11
18 22 16
18 23 60
18 25 44
18 27 51
18 29 91
18 30 76
18 31 64
18 33 38
18 34 53
18 35 65
18 36 77
18 37 20
18 38 54
18 39 52
18 41 31
18 42 35
18 43 37
18 44 52
18 45 55
18 46 35
18 48 38
18 49 18
19 20 59
19 21 85
19 22 71
19 24 78
19 26 65
19 27 70
19 28 43
19 30 56
19 31 38
19 32 10
19 34 62
19 37 88
19 38 28
19 39 45
19 40 84
19 41 89
19 42 53
19 43 46
19 44 49
19 47 75
19 48 63
20 22 14
20 23 50
20 24 29
20 25 50
20 27 48
20 28 68
20 29 70
20 30 59
20 31 44
20 33 31
20 35 44
20 36 61
20 37 31
20 38 33
20 40 50
20 43 15
20 44 40
20 45 39
20 46 15
20 47 47
20 48 32
21 22 27
21 25 35
21 26 21
21 29 96
21 31 73
21 34 48
21 36 87
21 38 60
21 40 36
21 41 41
21 42 35
21 43 44
21 44 50
21 45 55
21 46 40
21 47 68
21 48 33
22 24 33
22 25 57
22 26 28
22 27 59
22 28 73
22 31 50
22 32 67
22 33 23
22 34 59
22 35 53
22 37 17
22 40 57
22 41 22
22 42 37
22 43 25
22 44 53
22 46 29
22 47 41
22 48 44
22 49 26
23 25 100
23 26 68
23 27 97
23 30 28
23 31 36
23 32 65
23 33 22
23 34 94
23 37 48
23 38 51
23 39 30
23 40 100
23 41 39
23 42 71
23 47 4
23 48 82
23 49 68
24 25 23
24 26 13
24 27 32
24 28 96
24 29 89
24 34 35
24 35 68
24 36 90
24 37 41
24 38 56
24 39 62
24 40 24
24 41 52
24 42 26
24 43 42
24 44 38
24 47 74
24 48 21
24 49 10
25 26 32
25 28 112
25 29 98
25 30 108
25 31 90
25 33 79
25 34 28
25 35 82
25 36 111
25 37 64
25 38 71
25 39 81
25 41 75
25 42 36
25 43 61
25 44 39
25 45 49
25 47 97
25 48 24
25 49 32
26 28 83
26 29 76
26 30 76
26 31 60
26 32 65
26 33 49
26 34 32
26 35 55
26 36 79
26 39 50
26 40 31
26 42 14
26 43 30
26 44 30
26 45 34
26 47 66
27 28 101
27 29 81
27 32 74
27 34 8
27 36 104
27 37 71
27 38 59
27 39 73
27 40 18
27 41 80
27 42 27
27 45 31
27 46 44
27 47 95
27 49 34
28 29 41
28 30 21
28 31 24
28 32 34
28 33 60
28 35 32
28 38 42
28 39 36
28 40 111
28 42 76
28 44 81
28 47 52
28 49 85
29 33 79
29 35 29
29 39 52
29 40 96
29 42 64
29 43 55
29 44 60
29 45 50
29 47 80
29 48 74
29 49 80
30 31 21
30 32 47
30 33 42
30 34 95
30 35 38
30 36 9
30 37 70
30 38 43
30 40 107
30 41 63
30 42 73
30 43 47
30 44 83
30 45 74
30 46 56
31 32 29
31 33 39
31 34 75
31 38 22
31 40 89
31 41 60
31 42 55
31 43 30
31 44 62
31 45 54
31 46 38
31 48 67
31 49 62
32 37 84
32 38 24
32 39 38
32 40 87
32 41 83
32 43 42
32 45 43
32 46 43
32 47 66
32 49 69
33 34 77
33 35 50
33 36 40
33 37 28
33 39 27
33 43 30
33 44 69
33 45 66
33 46 39
33 47 18
33 48 63
33 49 48
34 35 63
34 36 100
34 37 72
34 39 69
34 40 25
34 41 81
34 42 24
34 44 14
34 45 24
34 46 40
34 47 92
34 48 16
34 49 35
35 36 45
35 38 12
35 44 49
35 45 40
35 46 32
35 47 53
35 48 58
36 37 68
36 38 49
36 44 88
36 45 81
36 46 60
36 47 26
36 48 90
36 49 80
37 38 60
37 39 50
37 44 69
37 45 70
37 47 44
37 49 37
38 39 21
38 40 69
38 42 34
38 43 18
38 47 51
39 40 80
39 41 47
39 42 47
39 43 20
39 44 58
39 45 51
39 46 29
39 47 30
39 49 51
40 41 76
40 42 35
40 43 60
40 44 36
40 45 46
40 46 51
40 47 97
40 48 22
40 49 32
41 42 59
41 43 44
41 44 76
41 45 76
41 46 50
41 47 35
41 49 46
42 44 17
42 45 20
42 46 17
42 47 69
42 48 13
43 44 40
43 46 10
43 47 42
43 49 32
44 45 11
44 47 83
44 48 18
44 49 34
45 47 78
45 48 26
45 49 39
46 47 53
46 48 30
46 49 26
47 48 79
47 49 65
48 49 20
