20 0.7 0 1 2 0.5 190 1337
0.900917 0.4083 43
0.174946 0.154007 41
0.2572 0.978425 0
0.542133 0.819903 16
0.711162 0.669894 27
0.83309 0.764621 31
0.553832 0.457002 30
0.196566 0.858655 7
0.412995 0.954161 8
0.930238 0.677667 37
0.462025 0.377473 32
0.694914 0.695702 26
0.358384 0.745622 13
0.658768 0.461491 33
0.988863 0.536536 43
0.459468 0.0705666 47
0.448782 0.282458 36
0.382224 0.369968 31
0.412072 0.360895 32
0.620067 0.675856 24
0 1 77
0 2 86
0 3 55
0 4 32
0 5 36
0 6 35
0 7 84
0 8 73
0 9 27
0 10 44
0 11 35
0 12 64
0 13 25
0 14 16
0 15 56
0 16 47
0 17 52
0 18 49
0 19 39
1 2 83
1 3 76
1 4 74
1 5 90
1 6 49
1 7 70
1 8 83
1 9 92
1 10 36
1 11 75
1 12 62
1 13 57
1 14 90
1 15 30
1 16 30
1 17 30
1 18 31
1 19 69
2 3 33
2 4 55
2 5 61
2 6 60
2 7 13
2 8 16
2 9 74
2 10 63
2 11 52
2 12 25
2 13 65
2 14 85
2 15 93
2 16 72
2 17 62
2 18 64
2 19 47
3 4 23
3 5 30
3 6 36
3 7 35
3 8 19
3 9 41
3 10 45
3 11 20
3 12 20
3 13 38
3 14 53
3 15 75
3 16 55
3 17 48
3 18 48
3 19 16
4 5 15
4 6 26
4 7 55
4 8 41
4 9 22
4 10 38
4 11 3
4 12 36
4 13 21
4 14 31
4 15 65
4 16 47
4 17 45
4 18 43
4 19 9
5 6 42
5 7 64
5 8 46
5 9 13
5 10 54
5 11 15
5 12 48
5 13 35
5 14 28
5 15 79
5 16 62
5 17 60
5 18 58
5 19 23
6 7 54
6 8 52
6 9 44
6 10 12
6 11 28
6 12 35
6 13 11
6 14 44
6 15 40
6 16 20
6 17 19
6 18 17
6 19 23
7 8 24
7 9 76
7 10 55
7 11 52
7 12 20
7 13 61
7 14 86
7 15 83
7 16 63
7 17 52
7 18 54
7 19 46
8 9 59
8 10 58
8 11 38
8 12 22
8 13 55
8 14 71
8 15 88
8 16 67
8 17 59
8 18 59
8 19 35
9 10 56
9 11 24
9 12 58
9 13 35
9 14 15
9 15 77
9 16 62
9 17 63
9 18 61
9 19 31
10 11 39
10 12 38
10 13 21
10 14 55
10 15 31
10 16 10
10 17 8
10 18 5
10 19 34
11 12 34
11 13 24
11 14 33
11 15 67
11 16 48
11 17 45
11 18 44
11 19 8
12 13 41
12 14 66
12 15 68
12 16 47
12 17 38
12 18 39
12 19 27
13 14 34
13 15 44
13 16 28
13 17 29
13 18 27
13 19 22
14 15 71
14 16 60
14 17 63
14 18 60
14 19 39
15 16 21
15 17 31
15 18 29
15 19 63
16 17 11
16 18 9
16 19 43
17 18 3
17 19 39
18 19 38
0 1 77
0 2 86
0 3 55
0 4 32
0 5 36
0 6 35
0 9 27
0 11 35
0 12 64
0 13 25
0 14 16
0 16 47
0 17 52
0 18 49
0 19 39
1 2 83
1 3 76
1 4 74
1 5 90
1 6 49
1 7 70
1 8 83
1 9 92
1 11 75
1 12 62
1 13 57
1 14 90
1 15 30
1 16 30
1 17 30
1 18 31
1 19 69
2 3 33
2 5 61
2 7 13
2 9 74
2 10 63
2 11 52
2 13 65
2 14 85
2 15 93
2 16 72
2 17 62
2 19 47
3 4 23
3 6 36
3 7 35
3 8 19
3 10 45
3 11 20
3 12 20
3 16 55
3 17 48
3 18 48
3 19 16
4 5 15
4 6 26
4 7 55
4 9 22
4 10 38
4 12 36
4 14 31
4 17 45
4 18 43
5 6 42
5 7 64
5 8 46
5 9 13
5 11 15
5 12 48
5 13 35
5 14 28
5 15 79
5 17 60
5 18 58
6 7 54
6 8 52
6 10 12
6 11 28
6 12 35
6 17 19
7 10 55
7 12 20
7 13 61
7 16 63
7 18 54
7 19 46
8 9 59
8 10 58
8 11 38
8 12 22
8 13 55
8 15 88
8 16 67
8 17 59
8 19 35
9 11 24
9 12 58
9 13 35
9 17 63
9 18 61
9 19 31
10 11 39
10 12 38
10 14 55
10 15 31
10 16 10
10 17 8
10 18 5
10 19 34
11 12 34
11 13 24
11 14 33
11 16 48
11 17 45
11 19 8
12 13 41
12 14 66
12 16 47
12 17 38
12 19 27
13 15 44
13 18 27
14 16 60
14 17 63
14 18 60
15 16 21
15 19 63
16 18 9
17 18 3
17 19 39
18 10 5
18 19 38
