10 45 14 4 2
0.548011 0.0854548 33
0.40759 0.649488 62
0.554804 0.350743 45
0.933138 0.434218 81
0.61614 0.517818 61
0.895269 0.55991 85
0.318753 0.0758613 11
0.829442 0.288813 66
0.214649 0.0552797 0
0.149518 0.814304 76
0 1 58
0 2 27
0 3 52
0 4 44
0 5 59
0 6 23
0 7 35
0 8 33
0 9 83
1 2 33
1 3 57
1 4 25
1 5 50
1 6 58
1 7 56
1 8 62
1 9 31
2 3 39
2 4 18
2 5 40
2 6 36
2 7 28
2 8 45
2 9 62
3 4 33
3 5 13
3 6 71
3 7 18
3 8 81
3 9 87
4 5 28
4 6 53
4 7 31
4 8 61
4 9 55
5 6 75
5 7 28
5 8 85
5 9 79
6 7 55
6 8 11
6 9 76
7 8 66
7 9 86
8 9 76
0 1 58
0 4 44
0 5 59
0 7 35
1 5 50
1 8 62
2 6 36
2 9 62
3 4 33
3 6 71
3 8 81
4 7 31
5 9 79
9 4 55
