100 4950 3465 5
0.693124 0.833859 69
0.39321 0.341268 72
0.915326 0.185026 119
0.0627569 0.211871 74
0.341594 0.849506 35
0.186683 0.0239114 94
0.116476 0.842354 15
0.512283 0.362234 77
0.451926 0.427191 69
0.624551 0.701175 66
0.584746 0.199029 95
0.151747 0.720962 27
0.267022 0.645718 40
0.429759 0.330536 75
0.631971 0.912009 62
0.184597 0.917019 18
0.355218 0.184857 84
0.30669 0.733608 37
0.695361 0.913846 69
0.178357 0.244153 73
0.90426 0.159178 120
0.158635 0.244509 72
0.537669 0.259206 87
0.666026 0.457171 82
0.0610308 0.081663 87
0.325324 0.828996 34
0.509789 0.417261 73
0.924309 0.718622 94
0.324962 0.352391 68
0.767958 0.185663 108
0.00669043 0.0676497 88
0.00954787 0.951465 0
0.048922 0.484481 47
0.815896 0.677205 85
0.91743 0.121521 123
0.30479 0.276706 74
0.47316 0.236887 85
0.909493 0.390495 106
0.20076 0.146862 83
0.383225 0.810842 40
0.863349 0.591501 93
0.754384 0.297512 99
0.0772865 0.0611673 89
0.635559 0.472576 79
0.543535 0.359654 80
0.972836 0.234312 120
0.933005 0.427099 106
0.672501 0.0394438 113
0.785004 0.712347 81
0.733851 0.680278 77
0.232131 0.819186 26
0.666707 0.0618959 111
0.761157 0.57514 84
0.964994 0.145511 125
0.293449 0.244527 76
0.147719 0.411058 56
0.129564 0.00158259 96
0.769675 0.93217 76
0.187617 0.962405 18
0.486121 0.0337771 103
0.426829 0.590155 55
0.097296 0.472066 49
0.495112 0.923861 49
0.479393 0.671122 55
0.0331505 0.487968 46
0.475531 0.0325626 103
0.884495 0.827904 88
0.341248 0.67991 43
0.19011 0.679672 33
0.143553 0.562718 41
0.143902 0.023512 94
0.31681 0.250708 77
0.500851 0.971081 49
0.715474 0.753893 73
0.17475 0.856223 19
0.251169 0.408323 59
0.477252 0.910312 47
0.111596 0.455076 51
0.203222 0.880709 21
0.848286 0.0237317 125
0.524795 0.993055 52
0.90448 0.494012 101
0.335729 0.74335 39
0.943625 0.562735 101
0.790872 0.87181 79
0.973565 0.962511 96
0.00829132 0.74191 21
0.929876 0.996509 92
0.91636 0.396735 106
0.537144 0.679653 59
0.423446 0.544341 58
0.926045 0.38577 108
0.746863 0.35184 95
0.884266 0.216868 114
0.0796246 0.187341 77
0.869826 0.276795 109
0.855923 0.861986 85
0.0473897 0.389416 56
0.6764 0.121265 106
0.70302 0.371418 90
0 1 58
0 2 69
0 3 89
0 4 35
0 5 96
0 6 58
0 7 51
0 8 47
0 9 15
0 10 64
0 11 55
0 12 47
0 13 57
0 14 10
0 15 52
0 16 73
0 17 40
0 18 8
0 19 78
0 20 71
0 21 80
0 22 60
0 23 38
0 24 98
0 25 37
0 26 46
0 27 26
0 28 61
0 29 65
0 30 103
0 31 69
0 32 73
0 33 20
0 34 75
0 35 68
0 36 64
0 37 49
0 38 85
0 39 31
0 40 30
0 41 54
0 42 99
0 43 37
0 44 50
0 45 66
0 46 47
0 47 79
0 48 15
0 49 16
0 50 46
0 51 77
0 52 27
0 53 74
0 54 71
0 55 69
0 56 101
0 57 12
0 58 52
0 59 83
0 60 36
0 61 70
0 62 22
0 63 27
0 64 75
0 65 83
0 66 19
0 67 38
0 68 53
0 69 61
0 70 98
0 71 69
0 72 24
0 73 8
0 74 52
0 75 61
0 76 23
0 77 69
0 78 49
0 79 82
0 80 23
0 81 40
0 82 37
0 83 37
0 84 10
0 85 31
0 86 69
0 87 29
0 88 49
0 89 22
0 90 40
0 91 51
0 92 49
0 93 65
0 94 89
0 95 58
0 96 17
0 97 78
0 98 71
0 99 46
1 2 54
1 3 35
1 4 51
1 5 38
1 6 57
1 7 12
1 8 10
1 9 43
1 10 24
1 11 45
1 12 33
1 13 4
1 14 62
1 15 61
1 16 16
1 17 40
1 18 65
1 19 24
1 20 54
1 21 25
1 22 17
1 23 30
1 24 42
1 25 49
1 26 14
1 27 65
1 28 7
1 29 41
1 30 47
1 31 72
1 32 37
1 33 54
1 34 57
1 35 11
1 36 13
1 37 52
1 38 27
1 39 47
1 40 53
1 41 36
1 42 42
1 43 28
1 44 15
1 45 59
1 46 55
1 47 41
1 48 54
1 49 48
1 50 50
1 51 39
1 52 44
1 53 60
1 54 14
1 55 26
1 56 43
1 57 70
1 58 65
1 59 32
1 60 25
1 61 32
1 62 59
1 63 34
1 64 39
1 65 32
1 66 69
1 67 34
1 68 39
1 69 33
1 70 40
1 71 12
1 72 64
1 73 52
1 74 56
1 75 16
1 76 58
1 77 30
1 78 57
1 79 55
1 80 66
1 81 53
1 82 41
1 83 59
1 84 66
1 85 85
1 86 56
1 87 85
1 88 53
1 89 37
1 90 21
1 91 53
1 92 35
1 93 51
1 94 35
1 95 48
1 96 70
1 97 35
1 98 36
1 99 31
2 3 85
2 4 88
2 5 75
2 6 103
2 7 44
2 8 52
2 9 59
2 10 33
2 11 93
2 12 80
2 13 51
2 14 78
2 15 103
2 16 56
2 17 82
2 18 76
2 19 74
2 20 3
2 21 76
2 22 38
2 23 37
2 24 86
2 25 87
2 26 47
2 27 53
2 28 61
2 29 15
2 30 92
2 31 119
2 32 92
2 33 50
2 34 6
2 35 62
2 36 45
2 37 21
2 38 72
2 39 82
2 40 41
2 41 20
2 42 85
2 43 40
2 44 41
2 45 8
2 46 24
2 47 28
2 48 54
2 49 53
2 50 93
2 51 28
2 52 42
2 53 6
2 54 62
2 55 80
2 56 81
2 57 76
2 58 106
2 59 46
2 60 63
2 61 87
2 62 85
2 63 65
2 64 93
2 65 47
2 66 64
2 67 76
2 68 88
2 69 86
2 70 79
2 71 60
2 72 89
2 73 60
2 74 100
2 75 70
2 76 85
2 77 85
2 78 100
2 79 17
2 80 90
2 81 31
2 82 80
2 83 38
2 84 70
2 85 78
2 86 106
2 87 81
2 88 21
2 89 62
2 90 61
2 91 20
2 92 24
2 93 4
2 94 84
2 95 10
2 96 68
2 97 89
2 98 25
2 99 28
3 4 70
3 5 23
3 6 63
3 7 47
3 8 44
3 9 75
3 10 52
3 11 52
3 12 48
3 13 39
3 14 90
3 15 72
3 16 29
3 17 58
3 18 94
3 19 12
3 20 84
3 21 10
3 22 48
3 23 65
3 24 13
3 25 67
3 26 49
3 27 100
3 28 30
3 29 71
3 30 15
3 31 74
3 32 27
3 33 89
3 34 86
3 35 25
3 36 41
3 37 87
3 38 15
3 39 68
3 40 89
3 41 70
3 42 15
3 43 63
3 44 50
3 45 91
3 46 90
3 47 63
3 48 88
3 49 82
3 50 63
3 51 62
3 52 79
3 53 90
3 54 23
3 55 22
3 56 22
3 57 101
3 58 76
3 59 46
3 60 53
3 61 26
3 62 83
3 63 62
3 64 28
3 65 45
3 66 103
3 67 54
3 68 48
3 69 36
3 70 21
3 71 26
3 72 88
3 73 85
3 74 65
3 75 27
3 76 81
3 77 25
3 78 68
3 79 81
3 80 91
3 81 89
3 82 60
3 83 95
3 84 98
3 85 118
3 86 53
3 87 117
3 88 87
3 89 67
3 90 49
3 91 88
3 92 70
3 93 82
3 94 3
3 95 81
3 96 103
3 97 18
3 98 62
3 99 66
4 5 84
4 6 23
4 7 52
4 8 44
4 9 32
4 10 69
4 11 23
4 12 22
4 13 53
4 14 30
4 15 17
4 16 66
4 17 12
4 18 36
4 19 63
4 20 89
4 21 63
4 22 62
4 23 51
4 24 82
4 25 3
4 26 46
4 27 60
4 28 50
4 29 79
4 30 85
4 31 35
4 32 47
4 33 50
4 34 93
4 35 57
4 36 63
4 37 73
4 38 72
4 39 6
4 40 58
4 41 69
4 42 83
4 43 48
4 44 53
4 45 88
4 46 73
4 47 88
4 48 46
4 49 43
4 50 11
4 51 85
4 52 50
4 53 94
4 54 61
4 55 48
4 56 87
4 57 44
4 58 19
4 59 83
4 60 27
4 61 45
4 62 17
4 63 23
4 64 48
4 65 83
4 66 54
4 67 17
4 68 23
4 69 35
4 70 85
4 71 60
4 72 20
4 73 39
4 74 17
4 75 45
4 76 15
4 77 46
4 78 14
4 79 97
4 80 23
4 81 67
4 82 11
4 83 67
4 84 45
4 85 64
4 86 35
4 87 61
4 88 73
4 89 26
4 90 32
4 91 75
4 92 64
4 93 83
4 94 71
4 95 78
4 96 51
4 97 55
4 98 80
4 99 60
5 6 82
5 7 47
5 8 48
5 9 81
5 10 43
5 11 70
5 12 63
5 13 39
5 14 99
5 15 89
5 16 23
5 17 72
5 18 103
5 19 22
5 20 73
5 21 22
5 22 42
5 23 65
5 24 14
5 25 82
5 26 51
5 27 101
5 28 36
5 29 60
5 30 19
5 31 94
5 32 48
5 33 91
5 34 74
5 35 28
5 36 36
5 37 81
5 38 12
5 39 81
5 40 88
5 41 63
5 42 12
5 43 63
5 44 49
5 45 81
5 46 85
5 47 49
5 48 91
5 49 85
5 50 80
5 51 48
5 52 80
5 53 79
5 54 25
5 55 39
5 56 6
5 57 108
5 58 94
5 59 30
5 60 62
5 61 46
5 62 95
5 63 71
5 64 49
5 65 29
5 66 106
5 67 67
5 68 66
5 69 54
5 70 4
5 71 26
5 72 100
5 73 90
5 74 83
5 75 39
5 76 93
5 77 44
5 78 86
5 79 66
5 80 103
5 81 86
5 82 73
5 83 93
5 84 104
5 85 122
5 86 74
5 87 122
5 88 82
5 89 74
5 90 57
5 91 82
5 92 65
5 93 72
5 94 20
5 95 73
5 96 107
5 97 39
5 98 50
5 99 62
6 7 62
6 8 53
6 9 53
6 10 80
6 11 13
6 12 25
6 13 60
6 14 52
6 15 10
6 16 70
6 17 22
6 18 58
6 19 60
6 20 104
6 21 60
6 22 72
6 23 67
6 24 76
6 25 21
6 26 58
6 27 82
6 28 53
6 29 93
6 30 78
6 31 15
6 32 36
6 33 72
6 34 108
6 35 60
6 36 70
6 37 91
6 38 70
6 39 27
6 40 79
6 41 84
6 42 78
6 43 64
6 44 64
6 45 105
6 46 92
6 47 98
6 48 68
6 49 64
6 50 12
6 51 95
6 52 70
6 53 110
6 54 62
6 55 43
6 56 84
6 57 66
6 58 14
6 59 89
6 60 40
6 61 37
6 62 39
6 63 40
6 64 36
6 65 89
6 66 77
6 67 28
6 68 18
6 69 28
6 70 82
6 71 62
6 72 41
6 73 61
6 74 6
6 75 45
6 76 37
6 77 39
6 78 9
6 79 110
6 80 44
6 81 86
6 82 24
6 83 87
6 84 68
6 85 87
6 86 15
6 87 83
6 88 92
6 89 45
6 90 43
6 91 93
6 92 80
6 93 99
6 94 66
6 95 94
6 96 74
6 97 46
6 98 91
6 99 75
7 8 9
7 9 36
7 10 18
7 11 51
7 12 37
7 13 9
7 14 56
7 15 64
7 16 24
7 17 42
7 18 58
7 19 35
7 20 44
7 21 37
7 22 11
7 23 18
7 24 53
7 25 50
7 26 6
7 27 54
7 28 19
7 29 31
7 30 59
7 31 77
7 32 48
7 33 44
7 34 47
7 35 22
7 36 13
7 37 40
7 38 38
7 39 47
7 40 42
7 41 25
7 42 53
7 43 17
7 44 3
7 45 48
7 46 43
7 47 36
7 48 44
7 49 39
7 50 54
7 51 34
7 52 33
7 53 50
7 54 25
7 55 37
7 56 53
7 57 63
7 58 68
7 59 33
7 60 24
7 61 43
7 62 56
7 63 31
7 64 50
7 65 33
7 66 60
7 67 36
7 68 45
7 69 42
7 70 50
7 71 23
7 72 61
7 73 44
7 74 60
7 75 27
7 76 55
7 77 41
7 78 60
7 79 48
7 80 63
7 81 41
7 82 42
7 83 48
7 84 58
7 85 76
7 86 63
7 87 76
7 88 41
7 89 32
7 90 20
7 91 41
7 92 23
7 93 40
7 94 47
7 95 37
7 96 61
7 97 47
7 98 29
7 99 19
8 9 32
8 10 26
8 11 42
8 12 29
8 13 10
8 14 52
8 15 56
8 16 26
8 17 34
8 18 54
8 19 33
8 20 53
8 21 35
8 22 19
8 23 22
8 24 52
8 25 42
8 26 6
8 27 56
8 28 15
8 29 40
8 30 57
8 31 69
8 32 41
8 33 44
8 34 56
8 35 21
8 36 19
8 37 46
8 38 38
8 39 39
8 40 44
8 41 33
8 42 52
8 43 19
8 44 11
8 45 56
8 46 48
8 47 45
8 48 44
8 49 38
8 50 45
8 51 42
8 52 34
8 53 59
8 54 24
8 55 30
8 56 53
8 57 60
8 58 60
8 59 39
8 60 16
8 61 36
8 62 50
8 63 25
8 64 42
8 65 40
8 66 59
8 67 28
8 68 36
8 69 34
8 70 51
8 71 22
8 72 55
8 73 42
8 74 51
8 75 20
8 76 48
8 77 34
8 78 52
8 79 57
8 80 57
8 81 46
8 82 34
8 83 51
8 84 56
8 85 75
8 86 54
8 87 74
8 88 47
8 89 27
8 90 12
8 91 48
8 92 30
8 93 48
8 94 44
8 95 44
8 96 59
8 97 41
8 98 38
8 99 26
9 10 50
9 11 47
9 12 36
9 13 42
9 14 21
9 15 49
9 16 58
9 17 32
9 18 22
9 19 64
9 20 61
9 21 65
9 22 45
9 23 25
9 24 84
9 25 33
9 26 31
9 27 30
9 28 46
9 29 54
9 30 88
9 31 66
9 32 62
9 33 19
9 34 65
9 35 53
9 36 49
9 37 42
9 38 70
9 39 27
9 40 26
9 41 42
9 42 84
9 43 23
9 44 35
9 45 58
9 46 41
9 47 66
9 48 16
9 49 11
9 50 41
9 51 64
9 52 19
9 53 65
9 54 56
9 55 56
9 56 86
9 57 27
9 58 51
9 59 68
9 60 23
9 61 57
9 62 26
9 63 15
9 64 63
9 65 69
9 66 29
9 67 28
9 68 43
9 69 50
9 70 83
9 71 55
9 72 30
9 73 11
9 74 48
9 75 47
9 76 26
9 77 57
9 78 46
9 79 71
9 80 31
9 81 35
9 82 29
9 83 35
9 84 24
9 85 44
9 86 62
9 87 42
9 88 42
9 89 9
9 90 26
9 91 44
9 92 37
9 93 55
9 94 75
9 95 49
9 96 28
9 97 66
9 98 58
9 99 34
10 11 68
10 12 55
10 13 20
10 14 71
10 15 82
10 16 23
10 17 60
10 18 72
10 19 41
10 20 32
10 21 43
10 22 8
10 23 27
10 24 54
10 25 68
10 26 23
10 27 62
10 28 30
10 29 18
10 30 59
10 31 95
10 32 61
10 33 53
10 34 34
10 35 29
10 36 12
10 37 38
10 38 39
10 39 64
10 40 48
10 41 20
10 42 53
10 43 28
10 44 17
10 45 39
10 46 42
10 47 18
10 48 55
10 49 50
10 50 71
10 51 16
10 52 42
10 53 38
10 54 29
10 55 49
10 56 50
10 57 76
10 58 86
10 59 19
10 60 42
10 61 56
10 62 73
10 63 48
10 64 62
10 65 20
10 66 70
10 67 54
10 68 62
10 69 57
10 70 47
10 71 27
10 72 78
10 73 57
10 74 77
10 75 39
10 76 72
10 77 54
10 78 78
10 79 32
10 80 80
10 81 44
10 82 60
10 83 51
10 84 70
10 85 86
10 86 79
10 87 87
10 88 39
10 89 48
10 90 38
10 91 39
10 92 22
10 93 30
10 94 51
10 95 30
10 96 72
10 97 57
10 98 12
10 99 21
11 12 14
11 13 48
11 14 52
11 15 20
11 16 57
11 17 16
11 18 58
11 19 48
11 20 94
11 21 48
11 22 60
11 23 58
11 24 65
11 25 20
11 26 47
11 27 77
11 28 41
11 29 82
11 30 67
11 31 27
11 32 26
11 33 67
11 34 97
11 35 47
11 36 58
11 37 83
11 38 58
11 39 25
11 40 72
11 41 74
11 42 66
11 43 54
11 44 53
11 45 95
11 46 83
11 47 86
11 48 63
11 49 58
11 50 13
11 51 84
11 52 63
11 53 100
11 54 50
11 55 31
11 56 72
11 57 65
11 58 24
11 59 76
11 60 30
11 61 25
11 62 40
11 63 33
11 64 26
11 65 76
11 66 74
11 67 19
11 68 6
11 69 16
11 70 70
11 71 50
11 72 43
11 73 56
11 74 14
11 75 33
11 76 38
11 77 27
11 78 17
11 79 99
11 80 46
11 81 79
11 82 19
11 83 81
11 84 66
11 85 86
11 86 14
11 87 83
11 88 83
11 89 39
11 90 32
11 91 84
11 92 70
11 93 89
11 94 54
11 95 84
11 96 72
11 97 35
11 98 80
11 99 65
12 13 35
12 14 45
12 15 28
12 16 47
12 17 10
12 18 51
12 19 41
12 20 80
12 21 42
12 22 47
12 23 44
12 24 60
12 25 19
12 26 33
12 27 66
12 28 30
12 29 68
12 30 63
12 31 40
12 32 27
12 33 55
12 34 84
12 35 37
12 36 46
12 37 69
12 38 50
12 39 20
12 40 60
12 41 60
12 42 61
12 43 41
12 44 40
12 45 82
12 46 70
12 47 73
12 48 52
12 49 47
12 50 18
12 51 71
12 52 50
12 53 86
12 54 40
12 55 26
12 56 66
12 57 58
12 58 33
12 59 65
12 60 17
12 61 24
12 62 36
12 63 21
12 64 28
12 65 65
12 66 64
12 67 8
12 68 8
12 69 15
12 70 63
12 71 40
12 72 40
12 73 46
12 74 23
12 75 24
12 76 34
12 77 25
12 78 24
12 79 85
12 80 43
12 81 66
12 82 12
12 83 68
12 84 57
12 85 77
12 86 28
12 87 75
12 88 70
12 89 27
12 90 19
12 91 71
12 92 56
12 93 75
12 94 50
12 95 71
12 96 63
12 97 34
12 98 67
12 99 52
13 14 62
13 15 64
13 16 16
13 17 42
13 18 64
13 19 27
13 20 50
13 21 28
13 22 13
13 23 27
13 24 44
13 25 51
13 26 12
13 27 63
13 28 11
13 29 37
13 30 50
13 31 75
13 32 41
13 33 52
13 34 53
13 35 14
13 36 10
13 37 48
13 38 29
13 39 48
13 40 51
13 41 33
13 42 44
13 43 25
13 44 12
13 45 55
13 46 51
13 47 38
13 48 52
13 49 46
13 50 53
13 51 36
13 52 41
13 53 57
13 54 16
13 55 29
13 56 45
13 57 69
13 58 68
13 59 30
13 60 26
13 61 36
13 62 60
13 63 34
13 64 43
13 65 30
13 66 67
13 67 36
13 68 42
13 69 37
13 70 42
13 71 14
13 72 64
13 73 51
13 74 58
13 75 19
13 76 58
13 77 34
13 78 59
13 79 52
13 80 67
13 81 50
13 82 42
13 83 56
13 84 65
13 85 83
13 86 59
13 87 83
13 88 49
13 89 37
13 90 21
13 91 50
13 92 32
13 93 47
13 94 38
13 95 44
13 96 68
13 97 39
13 98 32
13 99 28
14 15 45
14 16 78
14 17 37
14 18 6
14 19 81
14 20 80
14 21 82
14 22 66
14 23 46
14 24 101
14 25 32
14 26 51
14 27 35
14 28 64
14 29 74
14 30 105
14 31 62
14 32 72
14 33 30
14 34 84
14 35 71
14 36 69
14 37 59
14 38 88
14 39 27
14 40 40
14 41 63
14 42 102
14 43 44
14 44 56
14 45 76
14 46 57
14 47 87
14 48 25
14 49 25
14 50 41
14 51 85
14 52 36
14 53 84
14 54 75
14 55 70
14 56 104
14 57 14
14 58 45
14 59 89
14 60 38
14 61 69
14 62 14
14 63 29
14 64 73
14 65 89
14 66 27
14 67 37
14 68 50
14 69 60
14 70 101
14 71 73
14 72 14
14 73 18
14 74 46
14 75 63
14 76 15
14 77 69
14 78 43
14 79 91
14 80 13
14 81 50
14 82 34
14 83 47
14 84 16
14 85 35
14 86 65
14 87 31
14 88 59
14 89 25
14 90 42
14 91 60
14 92 57
14 93 74
14 94 91
14 95 68
14 96 23
14 97 78
14 98 79
14 99 55
15 16 75
15 17 22
15 18 51
15 19 67
15 20 105
15 21 67
15 22 75
15 23 67
15 24 84
15 25 17
15 26 60
15 27 77
15 28 58
15 29 94
15 30 87
15 31 18
15 32 45
15 33 68
15 34 108
15 35 65
15 36 74
15 37 90
15 38 77
15 39 23
15 40 75
15 41 84
15 42 86
15 43 63
15 44 66
15 45 104
15 46 89
15 47 100
15 48 63
15 49 60
15 50 11
15 51 98
15 52 67
15 53 110
15 54 68
15 55 51
15 56 92
15 57 59
15 58 5
15 59 93
15 60 41
15 61 45
15 62 31
15 63 38
15 64 45
15 65 93
15 66 71
15 67 28
15 68 24
15 69 36
15 70 89
15 71 68
15 72 32
15 73 56
15 74 6
15 75 51
15 76 29
15 77 47
15 78 4
15 79 111
15 80 35
15 81 83
15 82 23
15 83 84
15 84 61
15 85 79
15 86 25
15 87 75
15 88 90
15 89 43
15 90 44
15 91 91
15 92 80
15 93 99
15 94 74
15 95 94
15 96 67
15 97 55
15 98 94
15 99 75
16 17 55
16 18 80
16 19 19
16 20 55
16 21 21
16 22 20
16 23 41
16 24 31
16 25 64
16 26 28
16 27 78
16 28 17
16 29 41
16 30 37
16 31 84
16 32 43
16 33 67
16 34 57
16 35 10
16 36 13
16 37 59
16 38 16
16 39 63
16 40 65
16 41 41
16 42 30
16 43 40
16 44 26
16 45 62
16 46 63
16 47 35
16 48 68
16 49 62
16 50 65
16 51 33
16 52 56
16 53 61
16 54 9
16 55 31
16 56 29
16 57 85
16 58 80
16 59 20
16 60 41
16 61 39
16 62 75
16 63 50
16 64 44
16 65 19
16 66 83
16 67 50
16 68 52
16 69 43
16 70 27
16 71 8
16 72 80
16 73 67
16 74 70
16 75 25
16 76 74
16 77 36
16 78 71
16 79 52
16 80 83
16 81 63
16 82 56
16 83 70
16 84 81
16 85 99
16 86 66
16 87 99
16 88 60
16 89 53
16 90 37
16 91 61
16 92 43
16 93 53
16 94 28
16 95 52
16 96 84
16 97 37
16 98 33
16 99 39
17 18 43
17 19 51
17 20 83
17 21 51
17 22 53
17 23 45
17 24 70
17 25 10
17 26 38
17 27 62
17 28 38
17 29 72
17 30 73
17 31 37
17 32 36
17 33 51
17 34 86
17 35 46
17 36 52
17 37 69
17 38 60
17 39 11
17 40 57
17 41 62
17 42 71
17 43 42
17 44 44
17 45 83
17 46 70
17 47 78
17 48 48
17 49 43
17 50 11
17 51 76
17 52 48
17 53 88
17 54 49
17 55 36
17 56 75
17 57 50
17 58 26
17 59 72
17 60 19
17 61 34
17 62 27
17 63 18
17 64 37
17 65 72
17 66 59
17 67 6
17 68 13
17 69 24
17 70 73
17 71 48
17 72 31
17 73 41
17 74 18
17 75 33
17 76 25
17 77 34
17 78 18
17 79 89
17 80 34
17 81 64
17 82 3
17 83 66
17 84 50
17 85 71
17 86 30
17 87 68
17 88 70
17 89 24
17 90 22
17 91 71
17 92 58
17 93 77
17 94 59
17 95 73
17 96 56
17 97 43
17 98 72
17 99 54
18 19 85
18 20 78
18 21 86
18 22 67
18 23 46
18 24 105
18 25 38
18 26 53
18 27 30
18 28 67
18 29 73
18 30 109
18 31 69
18 32 78
18 33 27
18 34 82
18 35 75
18 36 71
18 37 57
18 38 91
18 39 33
18 40 36
18 41 62
18 42 105
18 43 45
18 44 57
18 45 73
18 46 54
18 47 87
18 48 22
18 49 24
18 50 47
18 51 85
18 52 35
18 53 81
18 54 78
18 55 74
18 56 107
18 57 8
18 58 51
18 59 90
18 60 42
18 61 74
18 62 20
18 63 32
18 64 79
18 65 91
18 66 21
18 67 42
18 68 56
18 69 65
18 70 105
18 71 76
18 72 20
18 73 16
18 74 52
18 75 67
18 76 22
18 77 74
18 78 49
18 79 90
18 80 19
18 81 47
18 82 40
18 83 43
18 84 10
18 85 28
18 86 71
18 87 25
18 88 56
18 89 28
18 90 46
18 91 58
18 92 56
18 93 72
18 94 95
18 95 66
18 96 17
18 97 83
18 98 79
18 99 54
19 20 73
19 21 2
19 22 36
19 23 53
19 24 20
19 25 60
19 26 37
19 27 88
19 28 18
19 29 59
19 30 25
19 31 73
19 32 27
19 33 77
19 34 75
19 35 13
19 36 29
19 37 75
19 38 10
19 39 60
19 40 77
19 41 58
19 42 21
19 43 51
19 44 38
19 45 79
19 46 78
19 47 53
19 48 77
19 49 71
19 50 58
19 51 52
19 52 67
19 53 79
19 54 12
19 55 17
19 56 25
19 57 91
19 58 72
19 59 37
19 60 43
19 61 24
19 62 75
19 63 52
19 64 28
19 65 36
19 66 92
19 67 47
19 68 44
19 69 32
19 70 22
19 71 14
19 72 80
19 73 74
19 74 61
19 75 18
19 76 73
19 77 22
19 78 64
19 79 71
19 80 83
19 81 77
19 82 52
19 83 83
19 84 88
19 85 107
19 86 53
19 87 106
19 88 75
19 89 56
19 90 39
19 91 76
19 92 58
19 93 71
19 94 11
19 95 69
19 96 92
19 97 20
19 98 51
19 99 54
20 21 75
20 22 38
20 23 38
20 24 85
20 25 89
20 26 47
20 27 56
20 28 61
20 29 14
20 30 90
20 31 120
20 32 92
20 33 53
20 34 4
20 35 61
20 36 44
20 37 23
20 38 70
20 39 83
20 40 43
20 41 20
20 42 83
20 43 41
20 44 41
20 45 10
20 46 27
20 47 26
20 48 57
20 49 55
20 50 94
20 51 26
20 52 44
20 53 6
20 54 62
20 55 80
20 56 79
20 57 78
20 58 108
20 59 44
20 60 64
20 61 87
20 62 87
20 63 67
20 64 93
20 65 45
20 66 67
20 67 77
20 68 88
20 69 86
20 70 77
20 71 59
20 72 91
20 73 62
20 74 101
20 75 70
20 76 86
20 77 85
20 78 101
20 79 15
20 80 92
20 81 33
20 82 82
20 83 41
20 84 72
20 85 81
20 86 107
20 87 84
20 88 24
20 89 64
20 90 62
20 91 23
20 92 25
20 93 6
20 94 83
20 95 12
20 96 70
20 97 89
20 98 23
20 99 29
21 22 38
21 23 55
21 24 19
21 25 61
21 26 39
21 27 90
21 28 20
21 29 61
21 30 23
21 31 72
21 32 26
21 33 79
21 34 77
21 35 15
21 36 31
21 37 76
21 38 11
21 39 61
21 40 79
21 41 60
21 42 20
21 43 53
21 44 40
21 45 81
21 46 80
21 47 55
21 48 78
21 49 72
21 50 58
21 51 54
21 52 69
21 53 81
21 54 13
21 55 17
21 56 24
21 57 92
21 58 72
21 59 39
21 60 44
21 61 24
21 62 76
21 63 53
21 64 27
21 65 38
21 66 93
21 67 47
21 68 44
21 69 32
21 70 22
21 71 16
21 72 80
21 73 75
21 74 61
21 75 19
21 76 74
21 77 22
21 78 64
21 79 72
21 80 83
21 81 79
21 82 53
21 83 85
21 84 89
21 85 109
21 86 52
21 87 108
21 88 77
21 89 58
21 90 40
21 91 78
21 92 60
21 93 73
21 94 10
21 95 71
21 96 93
21 97 18
21 98 53
21 99 56
22 23 24
22 24 51
22 25 61
22 26 16
22 27 60
22 28 23
22 29 24
22 30 56
22 31 87
22 32 54
22 33 50
22 34 40
22 35 23
22 36 7
22 37 39
22 38 36
22 39 57
22 40 47
22 41 22
22 42 50
22 43 23
22 44 10
22 45 44
22 46 43
22 47 26
22 48 52
22 49 46
22 50 64
22 51 24
22 52 39
22 53 44
22 54 24
22 55 42
22 56 48
22 57 71
22 58 79
22 59 23
22 60 35
22 61 49
22 62 67
22 63 42
22 64 55
22 65 24
22 66 67
22 67 46
22 68 55
22 69 50
22 70 46
22 71 22
22 72 71
22 73 53
22 74 70
22 75 32
22 76 65
22 77 47
22 78 71
22 79 39
22 80 73
22 81 44
22 82 52
22 83 51
22 84 66
22 85 83
22 86 72
22 87 84
22 88 40
22 89 42
22 90 31
22 91 41
22 92 23
22 93 35
22 94 46
22 95 33
22 96 68
22 97 51
22 98 20
22 99 20
23 24 71
23 25 50
23 26 16
23 27 37
23 28 36
23 29 29
23 30 77
23 31 82
23 32 62
23 33 27
23 34 42
23 35 40
23 36 29
23 37 25
23 38 56
23 39 45
23 40 24
23 41 18
23 42 71
23 43 3
23 44 16
23 45 38
23 46 27
23 47 42
23 48 28
23 49 23
23 50 57
23 51 40
23 52 15
23 53 43
23 54 43
23 55 52
23 56 70
23 57 49
23 58 70
23 59 46
23 60 27
23 61 57
23 62 50
23 63 28
23 64 63
23 65 47
23 66 43
23 67 39
23 68 53
23 69 53
23 70 68
23 71 41
23 72 54
23 73 30
23 74 63
23 75 42
23 76 49
23 77 55
23 78 63
23 79 47
23 80 55
23 81 24
23 82 44
23 83 30
23 84 43
23 85 59
23 86 72
23 87 60
23 88 26
23 89 26
23 90 26
23 91 27
23 92 13
23 93 32
23 94 65
23 95 27
23 96 45
23 97 62
23 98 34
23 99 9
24 25 79
24 26 56
24 27 107
24 28 38
24 29 71
24 30 6
24 31 87
24 32 40
24 33 96
24 34 86
24 35 31
24 36 44
24 37 90
24 38 15
24 39 80
24 40 95
24 41 73
24 42 3
24 43 69
24 44 56
24 45 92
24 46 94
24 47 61
24 48 96
24 49 90
24 50 76
24 51 61
24 52 86
24 53 91
24 54 28
24 55 34
24 56 11
24 57 111
24 58 89
24 59 43
24 60 63
24 61 39
24 62 95
24 63 72
24 64 41
24 65 42
24 66 111
24 67 66
24 68 61
24 69 49
24 70 10
24 71 31
24 72 99
24 73 94
24 74 78
24 75 38
24 76 93
24 77 38
24 78 81
24 79 79
24 80 102
24 81 94
24 82 72
24 83 101
24 84 108
24 85 127
24 86 66
24 87 126
24 88 91
24 89 76
24 90 59
24 91 92
24 92 74
24 93 83
24 94 11
24 95 83
24 96 111
24 97 31
24 98 62
24 99 70
25 26 45
25 27 61
25 28 48
25 29 78
25 30 83
25 31 34
25 32 44
25 33 51
25 34 92
25 35 55
25 36 61
25 37 73
25 38 69
25 39 6
25 40 59
25 41 68
25 42 81
25 43 47
25 44 52
25 45 88
25 46 73
25 47 86
25 48 47
25 49 43
25 50 9
25 51 84
25 52 50
25 53 94
25 54 59
25 55 45
25 56 85
25 57 46
25 58 19
25 59 81
25 60 26
25 61 42
25 62 19
25 63 22
25 64 45
25 65 81
25 66 56
25 67 15
25 68 20
25 69 32
25 70 83
25 71 58
25 72 23
25 73 40
25 74 15
25 75 43
25 76 17
25 77 43
25 78 13
25 79 96
25 80 26
25 81 67
25 82 9
25 83 67
25 84 47
25 85 66
25 86 33
25 87 63
25 88 73
25 89 26
25 90 30
25 91 75
25 92 64
25 93 83
25 94 69
25 95 78
25 96 53
25 97 52
25 98 79
25 99 59
26 27 51
26 28 20
26 29 35
26 30 61
26 31 73
26 32 47
26 33 40
26 34 50
26 35 25
26 36 18
26 37 40
26 38 41
26 39 41
26 40 39
26 41 27
26 42 56
26 43 14
26 44 7
26 45 50
26 46 42
26 47 41
26 48 40
26 49 35
26 50 49
26 51 39
26 52 30
26 53 53
26 54 28
26 55 36
26 56 56
26 57 58
26 58 63
26 59 38
26 60 19
26 61 42
26 62 51
26 63 26
26 64 48
26 65 39
26 66 56
26 67 31
26 68 41
26 69 39
26 70 54
26 71 25
26 72 55
26 73 39
26 74 55
26 75 26
26 76 49
26 77 40
26 78 56
26 79 52
26 80 58
26 81 40
26 82 37
26 83 46
26 84 53
26 85 72
26 86 60
26 87 72
26 88 41
26 89 26
26 90 15
26 91 42
26 92 25
26 93 42
26 94 49
26 95 39
26 96 56
26 97 46
26 98 34
26 99 20
27 28 70
27 29 56
27 30 113
27 31 94
27 32 91
27 33 12
27 34 60
27 35 76
27 36 66
27 37 33
27 38 92
27 39 55
27 40 14
27 41 45
27 42 107
27 43 38
27 44 52
27 45 49
27 46 29
27 47 72
27 48 14
27 49 19
27 50 70
27 51 71
27 52 22
27 53 57
27 54 79
27 55 84
27 56 107
27 57 26
27 58 78
27 59 81
27 60 51
27 61 86
27 62 48
27 63 45
27 64 92
27 65 82
27 66 12
27 67 58
27 68 74
27 69 80
27 70 105
27 71 77
27 72 49
27 73 21
27 74 76
27 75 74
27 76 49
27 77 85
27 78 74
27 79 70
27 80 48
27 81 23
27 82 59
27 83 16
27 84 20
27 85 25
27 86 92
27 87 28
27 88 32
27 89 39
27 90 53
27 91 33
27 92 41
27 93 50
27 94 100
27 95 45
27 96 16
27 97 94
27 98 65
27 99 41
28 29 47
28 30 43
28 31 68
28 32 31
28 33 59
28 34 64
28 35 8
28 36 19
28 37 59
28 38 24
28 39 46
28 40 59
28 41 43
28 42 38
28 43 33
28 44 22
28 45 66
28 46 61
28 47 47
28 48 58
28 49 52
28 50 48
28 51 45
28 52 49
28 53 67
28 54 11
28 55 19
28 56 40
28 57 73
28 58 63
28 59 36
28 60 26
28 61 26
28 62 60
28 63 35
28 64 32
28 65 35
28 66 73
28 67 33
28 68 35
28 69 28
28 70 38
28 71 10
28 72 64
28 73 56
28 74 53
28 75 9
28 76 58
28 77 24
28 78 54
28 79 62
28 80 67
28 81 60
28 82 39
28 83 65
28 84 70
28 85 89
28 86 50
28 87 88
28 88 59
28 89 39
28 90 22
28 91 60
28 92 42
28 93 58
28 94 30
28 95 55
28 96 74
28 97 28
28 98 42
28 99 38
29 30 77
29 31 108
29 32 78
29 33 49
29 34 16
29 35 47
29 36 30
29 37 25
29 38 57
29 39 73
29 40 42
29 41 11
29 42 70
29 43 32
29 44 28
29 45 21
29 46 29
29 47 17
29 48 53
29 49 50
29 50 83
29 51 16
29 52 39
29 53 20
29 54 48
29 55 66
29 56 66
29 57 75
29 58 97
29 59 32
29 60 53
29 61 73
29 62 79
29 63 56
29 64 79
29 65 33
29 66 65
29 67 65
29 68 76
29 69 73
29 70 64
29 71 46
29 72 83
29 73 57
29 74 90
29 75 56
29 76 78
29 77 71
29 78 90
29 79 18
29 80 84
29 81 34
29 82 71
29 83 42
29 84 69
29 85 80
29 86 94
29 87 83
29 88 26
29 89 55
29 90 50
29 91 26
29 92 17
29 93 12
29 94 69
29 95 14
29 96 68
29 97 75
29 98 11
29 99 20
30 31 88
30 32 42
30 33 101
30 34 91
30 35 36
30 36 50
30 37 96
30 38 21
30 39 83
30 40 100
30 41 78
30 42 7
30 43 75
30 44 61
30 45 98
30 46 99
30 47 67
30 48 101
30 49 95
30 50 78
30 51 66
30 52 91
30 53 96
30 54 34
30 55 37
30 56 14
30 57 115
30 58 91
30 59 48
30 60 67
30 61 41
30 62 99
30 63 77
30 64 42
30 65 47
30 66 116
30 67 70
30 68 64
30 69 51
30 70 14
30 71 36
30 72 103
30 73 99
30 74 81
30 75 42
30 76 97
30 77 40
30 78 84
30 79 84
30 80 106
30 81 99
30 82 75
30 83 106
30 84 112
30 85 132
30 86 67
30 87 131
30 88 97
30 89 81
30 90 63
30 91 97
30 92 79
30 93 89
30 94 14
30 95 89
30 96 116
30 97 32
30 98 67
30 99 76
31 32 47
31 33 85
31 34 123
31 35 74
31 36 85
31 37 106
31 38 83
31 39 40
31 40 93
31 41 99
31 42 89
31 43 79
31 44 80
31 45 120
31 46 106
31 47 113
31 48 81
31 49 77
31 50 26
31 51 111
31 52 84
31 53 125
31 54 76
31 55 56
31 56 96
31 57 76
31 58 18
31 59 103
31 60 55
31 61 49
31 62 49
31 63 55
31 64 46
31 65 103
31 66 88
31 67 43
31 68 33
31 69 41
31 70 94
31 71 77
31 72 49
31 73 73
31 74 19
31 75 59
31 76 47
31 77 51
31 78 21
31 79 125
31 80 52
31 81 101
31 82 39
31 83 101
31 84 79
31 85 96
31 86 21
31 87 92
31 88 106
31 89 59
31 90 58
31 91 108
31 92 95
31 93 114
31 94 77
31 95 109
31 96 85
31 97 56
31 98 106
31 99 90
32 33 79
32 34 94
32 35 33
32 36 49
32 37 87
32 38 37
32 39 47
32 40 82
32 41 73
32 42 42
32 43 59
32 44 51
32 45 96
32 46 89
32 47 77
32 48 77
32 49 71
32 50 38
32 51 75
32 52 72
32 53 98
32 54 34
32 55 12
32 56 49
32 57 85
32 58 50
32 59 63
32 60 39
32 61 5
32 62 63
32 63 47
32 64 2
32 65 62
32 66 90
32 67 35
32 68 24
32 69 12
32 70 47
32 71 36
32 72 66
32 73 72
32 74 39
32 75 22
32 76 60
32 77 7
32 78 43
32 79 92
32 80 70
32 81 86
32 82 39
32 83 90
32 84 84
32 85 104
32 86 26
32 87 102
32 88 87
32 89 53
32 90 38
32 91 88
32 92 71
32 93 88
32 94 30
32 95 85
32 96 89
32 97 10
32 98 73
32 99 66
33 34 56
33 35 65
33 36 56
33 37 30
33 38 81
33 39 45
33 40 10
33 41 38
33 42 96
33 43 27
33 44 42
33 45 47
33 46 28
33 47 65
33 48 5
33 49 8
33 50 60
33 51 63
33 52 12
33 53 55
33 54 68
33 55 72
33 56 96
33 57 26
33 58 69
33 59 72
33 60 40
33 61 75
33 62 40
33 63 34
33 64 81
33 65 73
33 66 17
33 67 47
33 68 63
33 69 68
33 70 94
33 71 66
33 72 43
33 73 13
33 74 67
33 75 63
33 76 41
33 77 74
33 78 65
33 79 65
33 80 43
33 81 20
33 82 48
33 83 17
33 84 20
33 85 33
33 86 81
33 87 34
33 88 30
33 89 28
33 90 41
33 91 31
33 92 33
33 93 47
33 94 88
33 95 40
33 96 19
33 97 82
33 98 57
33 99 33
34 35 63
34 36 46
34 37 27
34 38 72
34 39 87
34 40 47
34 41 24
34 42 84
34 43 45
34 44 44
34 45 13
34 46 31
34 47 26
34 48 61
34 49 59
34 50 98
34 51 26
34 52 48
34 53 5
34 54 64
34 55 82
34 56 80
34 57 82
34 58 111
34 59 44
34 60 68
34 61 89
34 62 91
34 63 70
34 64 96
34 65 45
34 66 71
34 67 80
34 68 92
34 69 89
34 70 78
34 71 61
34 72 95
34 73 66
34 74 104
34 75 73
34 76 90
34 77 87
34 78 104
34 79 12
34 80 96
34 81 37
34 82 85
34 83 44
34 84 76
34 85 84
34 86 110
34 87 88
34 88 28
34 89 68
34 90 65
34 91 26
34 92 29
34 93 10
34 94 84
34 95 16
34 96 74
34 97 91
34 98 24
34 99 33
35 36 17
35 37 62
35 38 17
35 39 54
35 40 64
35 41 45
35 42 31
35 43 38
35 44 25
35 45 67
35 46 65
35 47 44
35 48 65
35 49 59
35 50 55
35 51 42
35 52 55
35 53 67
35 54 3
35 55 21
35 56 33
35 57 80
35 58 70
35 59 30
35 60 34
35 61 28
35 62 67
35 63 43
35 64 34
35 65 30
35 66 80
35 67 40
35 68 42
35 69 33
35 70 30
35 71 3
35 72 72
35 73 63
35 74 59
35 75 14
35 76 66
35 77 26
35 78 61
35 79 60
35 80 75
35 81 64
35 82 47
35 83 70
35 84 77
35 85 96
35 86 55
35 87 95
35 88 62
35 89 47
35 90 29
35 91 63
35 92 45
35 93 58
35 94 24
35 95 57
35 96 80
35 97 28
35 98 40
35 99 41
36 37 46
36 38 29
36 39 58
36 40 53
36 41 29
36 42 43
36 43 29
36 44 14
36 45 50
36 46 50
36 47 28
36 48 57
36 49 51
36 50 63
36 51 26
36 52 44
36 53 50
36 54 18
36 55 37
36 56 42
36 57 76
36 58 78
36 59 20
36 60 36
36 61 44
36 62 69
36 63 43
36 64 51
36 65 20
36 66 72
36 67 46
36 68 53
36 69 46
36 70 39
36 71 16
36 72 73
36 73 57
36 74 69
36 75 28
36 76 67
36 77 42
36 78 70
36 79 43
36 80 76
36 81 50
36 82 52
36 83 57
36 84 71
36 85 88
36 86 69
36 87 89
36 88 47
36 89 45
36 90 31
36 91 48
36 92 30
36 93 41
36 94 40
36 95 40
36 96 73
36 97 45
36 98 23
36 99 27
37 38 75
37 39 67
37 40 21
37 41 18
37 42 89
37 43 29
37 44 37
37 45 17
37 46 4
37 47 42
37 48 35
37 49 34
37 50 80
37 51 41
37 52 24
37 53 25
37 54 63
37 55 76
37 56 87
37 57 56
37 58 92
37 59 55
37 60 52
37 61 82
37 62 68
37 63 51
37 64 88
37 65 56
37 66 44
37 67 64
37 68 78
37 69 79
37 70 85
37 71 61
37 72 71
37 73 41
37 74 87
37 75 66
37 76 68
37 77 80
37 78 86
37 79 37
37 80 71
37 81 10
37 82 67
37 83 18
37 84 50
37 85 58
37 86 97
37 87 61
37 88 1
37 89 47
37 90 51
37 91 2
37 92 17
37 93 18
37 94 85
37 95 12
37 96 47
37 97 86
37 98 36
37 99 21
38 39 69
38 40 80
38 41 57
38 42 15
38 43 54
38 44 40
38 45 78
38 46 78
38 47 48
38 48 81
38 49 75
38 50 67
38 51 47
38 52 71
38 53 76
38 54 13
38 55 27
38 56 16
38 57 97
38 58 82
38 59 31
38 60 50
38 61 34
38 62 83
38 63 59
38 64 38
38 65 30
38 66 97
38 67 55
38 68 53
38 69 42
38 70 14
38 71 16
38 72 88
38 73 80
38 74 71
38 75 27
38 76 81
38 77 32
38 78 73
38 79 66
38 80 91
38 81 78
38 82 61
38 83 85
38 84 93
38 85 112
38 86 63
38 87 112
38 88 76
38 89 63
38 90 46
38 91 76
38 92 58
38 93 69
38 94 13
38 95 68
38 96 97
38 97 29
38 98 48
38 99 55
39 40 53
39 41 63
39 42 81
39 43 42
39 44 48
39 45 82
39 46 67
39 47 82
39 48 41
39 49 37
39 50 15
39 51 80
39 52 45
39 53 88
39 54 57
39 55 46
39 56 85
39 57 41
39 58 25
39 59 78
39 60 22
39 61 44
39 62 16
39 63 17
39 64 48
39 65 78
39 66 50
39 67 14
39 68 23
39 69 34
39 70 82
39 71 56
39 72 20
39 73 34
39 74 21
39 75 42
39 76 14
39 77 45
39 78 19
39 79 91
39 80 23
39 81 61
39 82 8
39 83 61
39 84 41
39 85 61
39 86 38
39 87 58
39 88 68
39 89 20
39 90 27
39 91 69
39 92 59
39 93 78
39 94 69
39 95 72
39 96 48
39 97 54
39 98 75
39 99 54
40 41 31
40 42 95
40 43 26
40 44 40
40 45 37
40 46 18
40 47 58
40 48 14
40 49 16
40 50 67
40 51 56
40 52 10
40 53 46
40 54 67
40 55 74
40 56 94
40 57 35
40 58 77
40 59 67
40 60 44
40 61 78
40 62 50
40 63 39
40 64 84
40 65 68
40 66 24
40 67 53
40 68 68
40 69 72
40 70 92
40 71 64
40 72 52
40 73 22
40 74 74
40 75 64
40 76 50
40 77 76
40 78 72
40 79 57
40 80 53
40 81 11
40 82 55
40 83 9
40 84 29
40 85 39
40 86 87
40 87 41
40 88 20
40 89 34
40 90 44
40 91 22
40 92 27
40 93 38
40 94 88
40 95 31
40 96 27
40 97 84
40 98 51
40 99 27
41 42 72
41 43 21
41 44 22
41 45 23
41 46 22
41 47 27
41 48 42
41 49 38
41 50 74
41 51 25
41 52 28
41 53 26
41 54 46
41 55 62
41 56 69
41 57 63
41 58 87
41 59 38
41 60 44
41 61 68
41 62 68
41 63 46
41 64 75
41 65 38
41 66 55
41 67 56
41 68 68
41 69 67
41 70 67
41 71 44
41 72 72
41 73 46
41 74 81
41 75 52
41 76 67
41 77 66
41 78 80
41 79 29
41 80 73
41 81 25
41 82 61
41 83 33
41 84 58
41 85 70
41 86 87
41 87 72
41 88 19
41 89 44
41 90 41
41 91 19
41 92 5
41 93 15
41 94 68
41 95 12
41 96 57
41 97 71
41 98 19
41 99 9
42 43 69
42 44 55
42 45 91
42 46 93
42 47 60
42 48 96
42 49 90
42 50 77
42 51 59
42 52 86
42 53 89
42 54 28
42 55 36
42 56 8
42 57 111
42 58 91
42 59 41
42 60 63
42 61 41
42 62 96
42 63 73
42 64 43
42 65 40
42 66 111
42 67 67
42 68 63
42 69 51
42 70 8
42 71 31
42 72 100
42 73 94
42 74 80
42 75 39
42 76 94
42 77 40
42 78 83
42 79 77
42 80 103
42 81 93
42 82 73
42 83 100
42 84 108
42 85 127
42 86 68
42 87 127
42 88 90
42 89 77
42 90 59
42 91 91
42 92 73
42 93 82
42 94 13
42 95 82
42 96 112
42 97 33
42 98 60
42 99 70
43 44 15
43 45 41
43 46 30
43 47 43
43 48 28
43 49 23
43 50 53
43 51 41
43 52 16
43 53 46
43 54 41
43 55 49
43 56 69
43 57 48
43 58 66
43 59 46
43 60 24
43 61 54
43 62 47
43 63 25
43 64 60
43 65 47
43 66 43
43 67 36
43 68 49
43 69 50
43 70 67
43 71 39
43 72 52
43 73 29
43 74 60
43 75 39
43 76 47
43 77 52
43 78 59
43 79 50
43 80 53
43 81 27
43 82 40
43 83 32
43 84 43
43 85 60
43 86 68
43 87 60
43 88 29
43 89 23
43 90 22
43 91 30
43 92 16
43 93 36
43 94 62
43 95 31
43 96 45
43 97 59
43 98 35
43 99 12
44 45 45
44 46 40
44 47 35
44 48 43
44 49 37
44 50 56
44 51 32
44 52 31
44 53 47
44 54 28
44 55 40
44 56 55
44 57 62
44 58 70
44 59 33
44 60 26
44 61 46
44 62 57
44 63 32
44 64 53
44 65 33
44 66 58
44 67 38
44 68 48
44 69 45
44 70 52
44 71 25
44 72 61
44 73 43
44 74 62
44 75 30
44 76 55
44 77 44
44 78 62
44 79 45
44 80 63
44 81 39
44 82 44
44 83 45
44 84 57
44 85 74
44 86 66
44 87 74
44 88 37
44 89 32
44 90 22
44 91 38
44 92 20
44 93 37
44 94 49
44 95 34
44 96 59
44 97 50
44 98 27
44 99 16
45 46 20
45 47 36
45 48 51
45 49 51
45 50 94
45 51 35
45 52 40
45 53 9
45 54 68
45 55 84
45 56 87
45 57 73
45 58 107
45 59 53
45 60 65
45 61 91
45 62 84
45 63 66
45 64 97
45 65 54
45 66 60
45 67 77
45 68 90
45 69 89
45 70 86
45 71 66
45 72 87
45 73 58
45 74 101
45 75 74
45 76 84
45 77 89
45 78 101
45 79 24
45 80 88
45 81 27
45 82 82
45 83 33
45 84 66
45 85 73
45 86 109
45 87 76
45 88 17
45 89 62
45 90 63
45 91 16
45 92 25
45 93 9
45 94 89
45 95 11
45 96 64
45 97 94
45 98 32
45 99 30
46 47 47
46 48 32
46 49 32
46 50 80
46 51 45
46 52 23
46 53 28
46 54 67
46 55 79
46 56 91
46 57 53
46 58 92
46 59 60
46 60 53
46 61 84
46 62 66
46 63 52
46 64 90
46 65 60
46 66 40
46 67 64
46 68 78
46 69 80
46 70 89
46 71 64
46 72 69
46 73 39
46 74 87
46 75 68
46 76 66
46 77 82
46 78 86
46 79 41
46 80 70
46 81 7
46 82 68
46 83 14
46 84 47
46 85 54
46 86 98
46 87 57
46 88 3
46 89 47
46 90 52
46 91 4
46 92 20
46 93 22
46 94 89
46 95 16
46 96 44
46 97 89
46 98 40
46 99 24
47 48 68
47 49 64
47 50 90
47 51 2
47 52 54
47 53 31
47 54 43
47 55 64
47 56 54
47 57 90
47 58 104
47 59 19
47 60 60
47 61 72
47 62 90
47 63 66
47 64 78
47 65 20
47 66 82
47 67 72
47 68 80
47 69 74
47 70 53
47 71 41
47 72 95
47 73 72
47 74 96
47 75 56
47 76 89
47 77 70
47 78 96
47 79 18
47 80 96
47 81 51
47 82 78
47 83 59
47 84 84
47 85 97
47 86 97
47 87 99
47 88 43
47 89 65
47 90 56
47 91 43
47 92 32
47 93 28
47 94 61
47 95 31
47 96 84
47 97 72
47 98 8
47 99 33
48 49 6
48 50 56
48 51 66
48 52 14
48 53 59
48 54 68
48 55 70
48 56 97
48 57 22
48 58 65
48 59 74
48 60 38
48 61 73
48 62 36
48 63 31
48 64 78
48 65 75
48 66 15
48 67 44
48 68 60
48 69 66
48 70 94
48 71 66
48 72 38
48 73 8
48 74 63
48 75 61
48 76 37
48 77 72
48 78 61
48 79 69
48 80 38
48 81 25
48 82 45
48 83 22
48 84 16
48 85 31
48 86 78
48 87 32
48 88 34
48 89 25
48 90 40
48 91 36
48 92 36
48 93 51
48 94 88
48 95 44
48 96 17
48 97 81
48 98 60
48 99 35
49 50 52
49 51 62
49 52 11
49 53 58
49 54 62
49 55 65
49 56 91
49 57 25
49 58 61
49 59 69
49 60 32
49 61 67
49 62 34
49 63 25
49 64 73
49 65 70
49 66 21
49 67 39
49 68 54
49 69 60
49 70 88
49 71 60
49 72 37
49 73 8
49 74 59
49 75 55
49 76 34
49 77 66
49 78 57
49 79 67
49 80 38
49 81 25
49 82 40
49 83 24
49 84 20
49 85 37
49 86 73
49 87 37
49 88 34
49 89 20
49 90 34
49 91 35
49 92 33
49 93 49
49 94 82
49 95 43
49 96 22
49 97 75
49 98 56
49 99 31
50 51 87
50 52 58
50 53 100
50 54 58
50 55 42
50 56 82
50 57 55
50 58 15
50 59 83
50 60 30
50 61 37
50 62 28
50 63 29
50 64 39
50 65 82
50 66 65
50 67 18
50 68 15
50 69 27
50 70 80
50 71 57
50 72 31
50 73 49
50 74 7
50 75 41
50 76 26
50 77 38
50 78 7
50 79 101
50 80 34
50 81 75
50 82 13
50 83 76
50 84 56
50 85 76
50 86 24
50 87 72
50 88 80
50 89 34
50 90 33
50 91 82
50 92 70
50 93 89
50 94 65
50 95 84
50 96 63
50 97 47
50 98 83
50 99 65
51 52 52
51 53 31
51 54 42
51 55 63
51 56 54
51 57 88
51 58 102
51 59 18
51 60 58
51 61 70
51 62 88
51 63 64
51 64 76
51 65 19
51 66 80
51 67 70
51 68 78
51 69 72
51 70 52
51 71 40
51 72 92
51 73 69
51 74 93
51 75 54
51 76 87
51 77 68
51 78 94
51 79 19
51 80 94
51 81 49
51 82 76
51 83 57
51 84 82
51 85 95
51 86 95
51 87 97
51 88 42
51 89 63
51 90 54
51 91 41
51 92 30
51 93 27
51 94 60
51 95 30
51 96 82
51 97 70
51 98 6
51 99 31
52 53 48
52 54 57
52 55 64
52 56 85
52 57 36
52 58 69
52 59 61
52 60 33
52 61 67
52 62 44
52 63 30
52 64 73
52 65 61
52 66 28
52 67 43
52 68 58
52 69 62
52 70 83
52 71 55
52 72 47
52 73 18
52 74 65
52 75 54
52 76 44
52 77 66
52 78 64
52 79 56
52 80 48
52 81 16
52 82 46
52 83 18
52 84 30
52 85 44
52 86 77
52 87 45
52 88 24
52 89 25
52 90 34
52 91 25
52 92 22
52 93 38
52 94 78
52 95 32
52 96 30
52 97 74
52 98 46
52 99 21
53 54 68
53 55 86
53 56 85
53 57 81
53 58 113
53 59 49
53 60 70
53 61 93
53 62 91
53 63 72
53 64 99
53 65 50
53 66 69
53 67 82
53 68 94
53 69 92
53 70 83
53 71 66
53 72 95
53 73 66
53 74 106
53 75 76
53 76 91
53 77 91
53 78 106
53 79 17
53 80 96
53 81 35
53 82 87
53 83 42
53 84 75
53 85 82
53 86 113
53 87 85
53 88 26
53 89 68
53 90 67
53 91 24
53 92 30
53 93 11
53 94 89
53 95 16
53 96 72
53 97 95
53 98 29
53 99 35
54 55 22
54 56 29
54 57 84
54 58 73
54 59 29
54 60 37
54 61 30
54 62 71
54 63 47
54 64 36
54 65 28
54 66 83
54 67 44
54 68 45
54 69 35
54 70 27
54 71 2
54 72 76
54 73 66
54 74 62
54 75 17
54 76 69
54 77 28
54 78 64
54 79 60
54 80 78
54 81 66
54 82 50
54 83 72
54 84 80
54 85 99
54 86 57
54 87 99
54 88 64
54 89 50
54 90 33
54 91 65
54 92 47
54 93 59
54 94 22
54 95 58
54 96 84
54 97 29
54 98 40
54 99 43
55 56 41
55 57 81
55 58 55
55 59 51
55 60 33
55 61 8
55 62 62
55 63 42
55 64 14
55 65 50
55 66 85
55 67 33
55 68 27
55 69 15
55 70 39
55 71 23
55 72 66
55 73 66
55 74 45
55 75 10
55 76 60
55 77 6
55 78 47
55 79 80
55 80 69
55 81 76
55 82 38
55 83 81
55 84 79
55 85 99
55 86 36
55 87 98
55 88 77
55 89 47
55 90 31
55 91 78
55 92 60
55 93 76
55 94 23
55 95 73
55 96 84
55 97 10
55 98 60
55 99 56
56 57 113
56 58 96
56 59 36
56 60 66
56 61 47
56 62 99
56 63 76
56 64 50
56 65 35
56 66 112
56 67 71
56 68 68
56 69 56
56 70 3
56 71 31
56 72 104
56 73 95
56 74 86
56 75 42
56 76 97
56 77 45
56 78 88
56 79 72
56 80 107
56 81 92
56 82 77
56 83 99
56 84 109
56 85 128
56 86 75
56 87 128
56 88 88
56 89 79
56 90 62
56 91 88
56 92 71
56 93 78
56 94 19
56 95 79
56 96 113
56 97 40
56 98 56
56 99 68
57 58 58
57 59 94
57 60 48
57 61 81
57 62 27
57 63 39
57 64 86
57 65 95
57 66 16
57 67 50
57 68 63
57 69 73
57 70 110
57 71 82
57 72 27
57 73 19
57 74 60
57 75 74
57 76 29
57 77 81
57 78 57
57 79 91
57 80 25
57 81 46
57 82 47
57 83 41
57 84 6
57 85 21
57 86 78
57 87 17
57 88 56
57 89 34
57 90 52
57 91 57
57 92 58
57 93 72
57 94 102
57 95 66
57 96 11
57 97 90
57 98 82
57 99 56
58 59 98
58 60 44
58 61 50
58 62 31
58 63 41
58 64 50
58 65 97
58 66 71
58 67 32
58 68 28
58 69 40
58 70 94
58 71 72
58 72 31
58 73 57
58 74 11
58 75 56
58 76 29
58 77 51
58 78 8
58 79 115
58 80 34
58 81 86
58 82 26
58 83 86
58 84 61
58 85 79
58 86 28
58 87 74
58 88 92
58 89 45
58 90 48
58 91 94
58 92 83
58 93 102
58 94 78
58 95 97
58 96 68
58 97 59
58 98 97
58 99 78
59 60 56
59 61 59
59 62 89
59 63 64
59 64 64
59 65 1
59 66 89
59 67 66
59 68 71
59 69 63
59 70 34
59 71 28
59 72 94
59 73 76
59 74 88
59 75 44
59 76 88
59 77 56
59 78 89
59 79 36
59 80 96
59 81 62
59 82 73
59 83 70
59 84 89
59 85 105
59 86 85
59 87 106
59 88 56
59 89 65
59 90 51
59 91 56
59 92 41
59 93 44
59 94 43
59 95 45
59 96 91
59 97 56
59 98 21
59 99 40
60 61 35
60 62 34
60 63 10
60 64 41
60 65 56
60 66 52
60 67 12
60 68 25
60 69 28
60 70 63
60 71 36
60 72 39
60 73 33
60 74 37
60 75 25
60 76 32
60 77 34
60 78 37
60 79 71
60 80 41
60 81 49
60 82 18
60 83 52
60 84 46
60 85 66
60 86 45
60 87 65
60 88 53
60 89 14
60 90 5
60 91 54
60 92 40
60 93 59
60 94 53
60 95 54
60 96 51
60 97 43
60 98 53
60 99 35
61 62 60
61 63 43
61 64 7
61 65 58
61 66 86
61 67 32
61 68 23
61 69 10
61 70 45
61 71 31
61 72 64
61 73 68
61 74 39
61 75 17
61 76 58
61 77 2
61 78 42
61 79 87
61 80 67
61 81 81
61 82 36
61 83 85
61 84 80
61 85 100
61 86 28
61 87 98
61 88 82
61 89 49
61 90 33
61 91 83
61 92 66
61 93 83
61 94 29
61 95 80
61 96 85
61 97 10
61 98 68
61 99 61
62 63 25
62 64 64
62 65 89
62 66 40
62 67 29
62 68 39
62 69 50
62 70 97
62 71 70
62 72 5
62 73 28
62 74 33
62 75 57
62 76 2
62 77 61
62 78 30
62 79 97
62 80 8
62 81 59
62 82 24
62 83 58
62 84 30
62 85 48
62 86 52
62 87 44
62 88 67
62 89 25
62 90 39
62 91 69
62 92 62
62 93 81
62 94 85
62 95 75
62 96 37
62 97 70
62 98 82
62 99 59
63 64 48
63 65 64
63 66 43
63 67 14
63 68 29
63 69 35
63 70 73
63 71 45
63 72 30
63 73 25
63 74 36
63 75 35
63 76 24
63 77 43
63 78 35
63 79 75
63 80 33
63 81 46
63 82 16
63 83 48
63 84 37
63 85 57
63 86 48
63 87 56
63 88 52
63 89 6
63 90 14
63 91 53
63 92 42
63 93 61
63 94 63
63 95 55
63 96 42
63 97 52
63 98 58
63 99 37
64 65 63
64 66 92
64 67 36
64 68 25
64 69 13
64 70 48
64 71 37
64 72 67
64 73 73
64 74 39
64 75 23
64 76 61
64 77 9
64 78 43
64 79 94
64 80 70
64 81 87
64 82 40
64 83 91
64 84 85
64 85 105
64 86 26
64 87 103
64 88 89
64 89 54
64 90 39
64 91 90
64 92 73
64 93 89
64 94 30
64 95 86
64 96 90
64 97 10
64 98 74
64 99 68
65 66 89
65 67 66
65 68 71
65 69 63
65 70 33
65 71 27
65 72 94
65 73 76
65 74 88
65 75 44
65 76 88
65 77 56
65 78 89
65 79 37
65 80 96
65 81 63
65 82 72
65 83 71
65 84 90
65 85 105
65 86 85
65 87 107
65 88 57
65 89 65
65 90 51
65 91 57
65 92 42
65 93 45
65 94 43
65 95 46
65 96 91
65 97 56
65 98 22
65 99 41
66 67 56
66 68 71
66 69 79
66 70 109
66 71 81
66 72 41
66 73 18
66 74 71
66 75 76
66 76 42
66 77 86
66 78 68
66 79 80
66 80 40
66 81 33
66 82 56
66 83 27
66 84 10
66 85 16
66 86 88
66 87 17
66 88 43
66 89 38
66 90 54
66 91 44
66 92 50
66 93 61
66 94 103
66 95 55
66 96 4
66 97 94
66 98 74
66 99 49
67 68 15
67 69 23
67 70 69
67 71 43
67 72 33
67 73 38
67 74 24
67 75 29
67 76 27
67 77 32
67 78 24
67 79 83
67 80 36
67 81 59
67 82 6
67 83 61
67 84 49
67 85 69
67 86 34
67 87 67
67 88 64
67 89 20
67 90 16
67 91 65
67 92 52
67 93 71
67 94 56
67 95 66
67 96 55
67 97 41
67 98 65
67 99 48
68 69 13
68 70 66
68 71 45
68 72 43
68 73 53
68 74 18
68 75 28
68 76 37
68 77 24
68 78 20
68 79 93
68 80 46
68 81 74
68 82 16
68 83 76
68 84 63
68 85 83
68 86 19
68 87 80
68 88 78
68 89 35
68 90 27
68 91 79
68 92 65
68 93 83
68 94 50
68 95 79
68 96 69
68 97 32
68 98 74
68 99 60
69 70 54
69 71 36
69 72 54
69 73 60
69 74 30
69 75 19
69 76 48
69 77 11
69 78 32
69 79 89
69 80 57
69 81 76
69 82 26
69 83 80
69 84 72
69 85 92
69 86 22
69 87 90
69 88 79
69 89 41
69 90 28
69 91 80
69 92 64
69 93 82
69 94 38
69 95 78
69 96 77
69 97 20
69 98 69
69 99 59
70 71 29
70 72 101
70 73 93
70 74 83
70 75 40
70 76 95
70 77 43
70 78 86
70 79 70
70 80 104
70 81 89
70 82 74
70 83 96
70 84 107
70 85 125
70 86 73
70 87 125
70 88 86
70 89 76
70 90 59
70 91 86
70 92 69
70 93 77
70 94 18
70 95 77
70 96 110
70 97 38
70 98 54
70 99 66
71 72 74
71 73 64
71 74 62
71 75 17
71 76 68
71 77 29
71 78 64
71 79 58
71 80 77
71 81 64
71 82 49
71 83 70
71 84 78
71 85 97
71 86 58
71 87 97
71 88 62
71 89 48
71 90 31
71 91 62
71 92 44
71 93 57
71 94 25
71 95 55
71 96 82
71 97 30
71 98 38
71 99 40
72 73 31
72 74 35
72 75 62
72 76 7
72 77 65
72 78 31
72 79 101
72 80 3
72 81 62
72 82 28
72 83 60
72 84 31
72 85 47
72 86 54
72 87 43
72 88 71
72 89 29
72 90 43
72 91 72
72 92 67
72 93 85
72 94 89
72 95 79
72 96 37
72 97 74
72 98 87
72 99 63
73 74 55
73 75 58
73 76 28
73 77 67
73 78 53
73 79 74
73 80 31
73 81 32
73 82 38
73 83 30
73 84 14
73 85 33
73 86 71
73 87 32
73 88 41
73 89 19
73 90 36
73 91 42
73 92 40
73 93 56
73 94 85
73 95 50
73 96 18
73 97 76
73 98 63
73 99 38
74 75 45
74 76 31
74 77 41
74 78 4
74 79 107
74 80 38
74 81 81
74 82 20
74 83 82
74 84 62
74 85 81
74 86 20
74 87 77
74 88 87
74 89 40
74 90 40
74 91 89
74 92 76
74 93 96
74 94 68
74 95 90
74 96 68
74 97 48
74 98 89
74 99 72
75 76 55
75 77 15
75 78 47
75 79 71
75 80 65
75 81 66
75 82 35
75 83 71
75 84 71
75 85 91
75 86 41
75 87 90
75 88 67
75 89 39
75 90 22
75 91 68
75 92 50
75 93 66
75 94 28
75 95 63
75 96 76
75 97 20
75 98 51
75 99 45
76 77 58
76 78 28
76 79 96
76 80 10
76 81 60
76 82 22
76 83 58
76 84 32
76 85 50
76 86 50
76 87 46
76 88 68
76 89 24
76 90 37
76 91 69
76 92 62
76 93 80
76 94 83
76 95 75
76 96 38
76 97 68
76 98 81
76 99 58
77 78 44
77 79 85
77 80 68
77 81 79
77 82 37
77 83 84
77 84 80
77 85 100
77 86 30
77 87 98
77 88 81
77 89 48
77 90 32
77 91 82
77 92 64
77 93 81
77 94 27
77 95 78
77 96 85
77 97 9
77 98 66
77 99 60
78 79 107
78 80 34
78 81 80
78 82 19
78 83 81
78 84 59
78 85 77
78 86 24
78 87 74
78 88 86
78 89 39
78 90 40
78 91 88
78 92 76
78 93 95
78 94 70
78 95 90
78 96 65
78 97 52
78 98 89
78 99 71
79 80 102
79 81 47
79 82 88
79 83 55
79 84 85
79 85 95
79 86 111
79 87 98
79 88 38
79 89 73
79 90 67
79 91 37
79 92 34
79 93 20
79 94 79
79 95 25
79 96 84
79 97 88
79 98 20
79 99 38
80 81 63
80 82 31
80 83 60
80 84 29
80 85 45
80 86 57
80 87 41
80 88 71
80 89 31
80 90 46
80 91 73
80 92 68
80 93 86
80 94 92
80 95 80
80 96 36
80 97 77
80 98 88
80 99 65
81 82 62
81 83 8
81 84 39
81 85 47
81 86 93
81 87 50
81 88 10
81 89 41
81 90 48
81 91 11
81 92 21
81 93 28
81 94 88
81 95 22
81 96 37
81 97 86
81 98 44
81 99 24
82 83 63
82 84 47
82 85 67
82 86 33
82 87 65
82 88 68
82 89 21
82 90 22
82 91 69
82 92 57
82 93 76
82 94 61
82 95 71
82 96 53
82 97 46
82 98 71
82 99 52
83 84 34
83 85 40
83 86 95
83 87 43
83 88 17
83 89 42
83 90 52
83 91 18
83 92 29
83 93 35
83 94 94
83 95 30
83 96 31
83 97 91
83 98 52
83 99 31
84 85 20
84 86 79
84 87 19
84 88 49
84 89 32
84 90 49
84 91 50
84 92 52
84 93 66
84 94 99
84 95 60
84 96 7
84 97 89
84 98 76
84 99 51
85 86 99
85 87 6
85 88 57
85 89 52
85 90 69
85 91 58
85 92 65
85 93 75
85 94 118
85 95 69
85 96 15
85 97 109
85 98 89
85 99 65
86 87 96
86 88 97
86 89 53
86 90 46
86 91 98
86 92 84
86 93 102
86 94 56
86 95 98
86 96 86
86 97 35
86 98 91
86 99 79
87 88 60
87 89 50
87 90 68
87 91 61
87 92 67
87 93 78
87 94 117
87 95 72
87 96 15
87 97 107
87 98 91
87 99 66
88 89 47
88 90 51
88 91 1
88 92 18
88 93 18
88 94 86
88 95 13
88 96 47
88 97 87
88 98 37
88 99 21
89 90 18
89 91 49
89 92 39
89 93 58
89 94 67
89 95 52
89 96 37
89 97 57
89 98 58
89 99 35
90 91 53
90 92 38
90 93 57
90 94 50
90 95 52
90 96 54
90 97 41
90 98 49
90 99 33
91 92 18
91 93 17
91 94 87
91 95 12
91 96 48
91 97 88
91 98 36
91 99 22
92 93 19
92 94 69
92 95 14
92 96 52
92 97 70
92 98 24
92 99 5
93 94 81
93 95 6
93 96 65
93 97 85
93 98 23
93 99 24
94 95 80
94 96 103
94 97 20
94 98 60
94 99 65
95 96 59
95 97 83
95 98 25
95 99 19
96 97 94
96 98 76
96 99 51
97 98 68
97 99 66
98 99 25
0 1 58
0 2 69
0 3 89
0 4 35
0 5 96
0 6 58
0 7 51
0 8 47
0 10 64
0 11 55
0 13 57
0 14 10
0 15 52
0 18 8
0 19 78
0 21 80
0 22 60
0 23 38
0 24 98
0 25 37
0 26 46
0 27 26
0 29 65
0 32 73
0 33 20
0 34 75
0 35 68
0 36 64
0 37 49
0 39 31
0 40 30
0 42 99
0 43 37
0 45 66
0 48 15
0 49 16
0 50 46
0 51 77
0 53 74
0 54 71
0 55 69
0 56 101
0 57 12
0 59 83
0 60 36
0 63 27
0 64 75
0 65 83
0 66 19
0 67 38
0 68 53
0 69 61
0 73 8
0 74 52
0 75 61
0 76 23
0 77 69
0 78 49
0 79 82
0 80 23
0 81 40
0 82 37
0 83 37
0 84 10
0 85 31
0 87 29
0 88 49
0 89 22
0 90 40
0 93 65
0 94 89
0 95 58
0 96 17
0 97 78
0 98 71
0 99 46
1 2 54
1 4 51
1 5 38
1 6 57
1 8 10
1 9 43
1 10 24
1 11 45
1 13 4
1 14 62
1 15 61
1 17 40
1 18 65
1 19 24
1 20 54
1 21 25
1 22 17
1 24 42
1 25 49
1 26 14
1 27 65
1 28 7
1 29 41
1 34 57
1 35 11
1 36 13
1 37 52
1 38 27
1 39 47
1 40 53
1 42 42
1 44 15
1 46 55
1 47 41
1 48 54
1 49 48
1 51 39
1 52 44
1 53 60
1 54 14
1 56 43
1 57 70
1 58 65
1 59 32
1 61 32
1 62 59
1 63 34
1 64 39
1 65 32
1 69 33
1 73 52
1 74 56
1 76 58
1 77 30
1 79 55
1 80 66
1 81 53
1 84 66
1 86 56
1 87 85
1 88 53
1 90 21
1 91 53
1 92 35
1 93 51
1 94 35
1 95 48
1 96 70
1 97 35
1 99 31
2 3 85
2 5 75
2 6 103
2 10 33
2 12 80
2 13 51
2 14 78
2 15 103
2 16 56
2 19 74
2 20 3
2 22 38
2 23 37
2 24 86
2 25 87
2 26 47
2 27 53
2 28 61
2 29 15
2 30 92
2 31 119
2 32 92
2 34 6
2 35 62
2 36 45
2 38 72
2 39 82
2 40 41
2 42 85
2 43 40
2 44 41
2 45 8
2 47 28
2 49 53
2 50 93
2 51 28
2 52 42
2 53 6
2 54 62
2 55 80
2 56 81
2 57 76
2 58 106
2 59 46
2 60 63
2 61 87
2 62 85
2 63 65
2 65 47
2 66 64
2 67 76
2 70 79
2 71 60
2 72 89
2 73 60
2 74 100
2 75 70
2 76 85
2 78 100
2 81 31
2 82 80
2 84 70
2 85 78
2 86 106
2 87 81
2 88 21
2 90 61
2 91 20
2 92 24
2 93 4
2 94 84
2 95 10
2 96 68
2 97 89
2 99 28
3 4 70
3 5 23
3 7 47
3 9 75
3 10 52
3 11 52
3 12 48
3 13 39
3 14 90
3 15 72
3 17 58
3 21 10
3 22 48
3 23 65
3 24 13
3 27 100
3 30 15
3 31 74
3 32 27
3 33 89
3 34 86
3 36 41
3 39 68
3 40 89
3 42 15
3 43 63
3 44 50
3 46 90
3 48 88
3 50 63
3 51 62
3 54 23
3 55 22
3 56 22
3 57 101
3 58 76
3 59 46
3 60 53
3 61 26
3 63 62
3 64 28
3 66 103
3 68 48
3 70 21
3 71 26
3 75 27
3 76 81
3 78 68
3 79 81
3 80 91
3 81 89
3 82 60
3 83 95
3 84 98
3 85 118
3 87 117
3 88 87
3 91 88
3 93 82
3 94 3
3 96 103
3 97 18
3 99 66
4 5 84
4 6 23
4 8 44
4 9 32
4 10 69
4 11 23
4 13 53
4 14 30
4 16 66
4 17 12
4 18 36
4 20 89
4 22 62
4 23 51
4 26 46
4 27 60
4 28 50
4 29 79
4 31 35
4 32 47
4 34 93
4 36 63
4 37 73
4 40 58
4 42 83
4 43 48
4 44 53
4 45 88
4 46 73
4 47 88
4 48 46
4 49 43
4 50 11
4 51 85
4 52 50
4 53 94
4 54 61
4 57 44
4 58 19
4 60 27
4 63 23
4 64 48
4 65 83
4 67 17
4 69 35
4 70 85
4 71 60
4 72 20
4 73 39
4 75 45
4 76 15
4 77 46
4 80 23
4 84 45
4 85 64
4 86 35
4 87 61
4 88 73
4 89 26
4 90 32
4 91 75
4 92 64
4 93 83
4 95 78
4 97 55
4 99 60
5 6 82
5 8 48
5 9 81
5 10 43
5 12 63
5 14 99
5 16 23
5 17 72
5 18 103
5 19 22
5 20 73
5 22 42
5 25 82
5 26 51
5 29 60
5 33 91
5 34 74
5 35 28
5 37 81
5 38 12
5 39 81
5 40 88
5 41 63
5 42 12
5 44 49
5 45 81
5 46 85
5 47 49
5 52 80
5 53 79
5 54 25
5 55 39
5 56 6
5 57 108
5 58 94
5 59 30
5 60 62
5 61 46
5 62 95
5 64 49
5 66 106
5 67 67
5 69 54
5 72 100
5 73 90
5 74 83
5 76 93
5 77 44
5 79 66
5 80 103
5 82 73
5 83 93
5 85 122
5 86 74
5 87 122
5 89 74
5 90 57
5 94 20
5 96 107
5 97 39
6 7 62
6 8 53
6 9 53
6 11 13
6 12 25
6 13 60
6 15 10
6 16 70
6 17 22
6 18 58
6 19 60
6 20 104
6 21 60
6 22 72
6 23 67
6 24 76
6 25 21
6 29 93
6 30 78
6 31 15
6 32 36
6 33 72
6 34 108
6 35 60
6 36 70
6 37 91
6 39 27
6 40 79
6 42 78
6 44 64
6 47 98
6 48 68
6 49 64
6 50 12
6 54 62
6 55 43
6 56 84
6 58 14
6 60 40
6 64 36
6 65 89
6 66 77
6 67 28
6 68 18
6 69 28
6 70 82
6 71 62
6 72 41
6 73 61
6 76 37
6 77 39
6 78 9
6 81 86
6 82 24
6 84 68
6 86 15
6 87 83
6 88 92
6 90 43
6 91 93
6 93 99
6 94 66
6 97 46
7 8 9
7 9 36
7 10 18
7 11 51
7 13 9
7 14 56
7 15 64
7 17 42
7 18 58
7 19 35
7 20 44
7 21 37
7 22 11
7 23 18
7 24 53
7 26 6
7 27 54
7 28 19
7 29 31
7 30 59
7 31 77
7 34 47
7 35 22
7 36 13
7 37 40
7 38 38
7 39 47
7 40 42
7 41 25
7 43 17
7 45 48
7 47 36
7 48 44
7 49 39
7 52 33
7 54 25
7 56 53
7 57 63
7 60 24
7 62 56
7 64 50
7 65 33
7 66 60
7 68 45
7 69 42
7 71 23
7 72 61
7 73 44
7 74 60
7 77 41
7 78 60
7 79 48
7 80 63
7 81 41
7 82 42
7 83 48
7 86 63
7 88 41
7 89 32
7 90 20
7 92 23
7 95 37
7 96 61
7 98 29
7 99 19
8 9 32
8 11 42
8 12 29
8 13 10
8 14 52
8 15 56
8 16 26
8 20 53
8 21 35
8 22 19
8 24 52
8 25 42
8 26 6
8 28 15
8 29 40
8 31 69
8 32 41
8 33 44
8 34 56
8 36 19
8 37 46
8 38 38
8 39 39
8 41 33
8 42 52
8 46 48
8 48 44
8 51 42
8 53 59
8 54 24
8 55 30
8 56 53
8 58 60
8 60 16
8 61 36
8 62 50
8 64 42
8 65 40
8 67 28
8 69 34
8 71 22
8 72 55
8 73 42
8 74 51
8 75 20
8 76 48
8 78 52
8 79 57
8 80 57
8 81 46
8 82 34
8 83 51
8 84 56
8 85 75
8 86 54
8 87 74
8 88 47
8 90 12
8 91 48
8 92 30
8 93 48
8 94 44
8 95 44
8 97 41
8 98 38
8 99 26
9 10 50
9 12 36
9 15 49
9 16 58
9 17 32
9 18 22
9 19 64
9 20 61
9 21 65
9 22 45
9 24 84
9 25 33
9 26 31
9 27 30
9 29 54
9 32 62
9 33 19
9 34 65
9 35 53
9 36 49
9 37 42
9 38 70
9 41 42
9 42 84
9 43 23
9 44 35
9 46 41
9 47 66
9 48 16
9 49 11
9 52 19
9 53 65
9 56 86
9 57 27
9 59 68
9 60 23
9 61 57
9 62 26
9 64 63
9 65 69
9 67 28
9 68 43
9 69 50
9 70 83
9 71 55
9 74 48
9 75 47
9 76 26
9 77 57
9 78 46
9 79 71
9 81 35
9 84 24
9 86 62
9 88 42
9 89 9
9 90 26
9 95 49
9 96 28
9 97 66
9 98 58
9 99 34
10 11 68
10 12 55
10 13 20
10 15 82
10 17 60
10 18 72
10 19 41
10 22 8
10 23 27
10 24 54
10 25 68
10 26 23
10 29 18
10 30 59
10 31 95
10 33 53
10 34 34
10 35 29
10 36 12
10 37 38
10 41 20
10 43 28
10 44 17
10 45 39
10 46 42
10 47 18
10 48 55
10 49 50
10 50 71
10 51 16
10 52 42
10 53 38
10 54 29
10 55 49
10 57 76
10 59 19
10 61 56
10 62 73
10 63 48
10 64 62
10 65 20
10 68 62
10 69 57
10 71 27
10 72 78
10 73 57
10 74 77
10 75 39
10 76 72
10 78 78
10 79 32
10 81 44
10 82 60
10 83 51
10 84 70
10 85 86
10 89 48
10 90 38
10 91 39
10 95 30
10 96 72
10 98 12
10 99 21
11 13 48
11 14 52
11 15 20
11 17 16
11 20 94
11 21 48
11 25 20
11 26 47
11 29 82
11 32 26
11 33 67
11 36 58
11 37 83
11 39 25
11 40 72
11 41 74
11 42 66
11 44 53
11 45 95
11 47 86
11 48 63
11 50 13
11 51 84
11 52 63
11 53 100
11 54 50
11 57 65
11 58 24
11 59 76
11 61 25
11 62 40
11 63 33
11 64 26
11 65 76
11 66 74
11 68 6
11 69 16
11 71 50
11 73 56
11 74 14
11 75 33
11 76 38
11 78 17
11 79 99
11 81 79
11 82 19
11 84 66
11 87 83
11 88 83
11 89 39
11 90 32
11 92 70
11 96 72
11 98 80
11 99 65
12 14 45
12 16 47
12 18 51
12 19 41
12 21 42
12 23 44
12 25 19
12 26 33
12 27 66
12 28 30
12 29 68
12 32 27
12 33 55
12 35 37
12 36 46
12 37 69
12 40 60
12 41 60
12 42 61
12 43 41
12 44 40
12 45 82
12 47 73
12 48 52
12 49 47
12 50 18
12 51 71
12 52 50
12 55 26
12 56 66
12 58 33
12 59 65
12 60 17
12 61 24
12 62 36
12 65 65
12 67 8
12 68 8
12 69 15
12 70 63
12 71 40
12 73 46
12 74 23
12 75 24
12 76 34
12 78 24
12 79 85
12 81 66
12 84 57
12 86 28
12 87 75
12 89 27
12 90 19
12 92 56
12 93 75
12 95 71
12 96 63
12 97 34
12 98 67
12 99 52
13 15 64
13 16 16
13 17 42
13 18 64
13 19 27
13 24 44
13 27 63
13 28 11
13 30 50
13 31 75
13 32 41
13 33 52
13 36 10
13 37 48
13 38 29
13 41 33
13 42 44
13 43 25
13 44 12
13 47 38
13 52 41
13 53 57
13 54 16
13 56 45
13 60 26
13 61 36
13 62 60
13 63 34
13 64 43
13 65 30
13 66 67
13 68 42
13 71 14
13 73 51
13 74 58
13 76 58
13 77 34
13 78 59
13 79 52
13 80 67
13 81 50
13 82 42
13 83 56
13 85 83
13 86 59
13 88 49
13 89 37
13 91 50
13 92 32
13 93 47
13 95 44
13 96 68
13 97 39
14 15 45
14 16 78
14 17 37
14 18 6
14 19 81
14 20 80
14 21 82
14 22 66
14 24 101
14 25 32
14 26 51
14 27 35
14 28 64
14 30 105
14 32 72
14 33 30
14 34 84
14 37 59
14 38 88
14 40 40
14 42 102
14 43 44
14 44 56
14 46 57
14 47 87
14 49 25
14 50 41
14 52 36
14 53 84
14 54 75
14 55 70
14 57 14
14 58 45
14 60 38
14 61 69
14 62 14
14 65 89
14 68 50
14 69 60
14 70 101
14 73 18
14 74 46
14 78 43
14 79 91
14 81 50
14 82 34
14 84 16
14 85 35
14 86 65
14 88 59
14 90 42
14 91 60
14 92 57
14 93 74
14 94 91
14 95 68
14 97 78
14 98 79
14 99 55
15 17 22
15 18 51
15 19 67
15 21 67
15 23 67
15 24 84
15 28 58
15 29 94
15 31 18
15 33 68
15 34 108
15 37 90
15 38 77
15 40 75
15 41 84
15 42 86
15 44 66
15 45 104
15 47 100
15 50 11
15 52 67
15 53 110
15 56 92
15 61 45
15 62 31
15 63 38
15 65 93
15 66 71
15 67 28
15 68 24
15 69 36
15 70 89
15 71 68
15 72 32
15 73 56
15 75 51
15 76 29
15 77 47
15 79 111
15 80 35
15 82 23
15 83 84
15 84 61
15 85 79
15 86 25
15 87 75
15 89 43
15 90 44
15 91 91
15 92 80
15 95 94
15 96 67
15 98 94
16 17 55
16 18 80
16 19 19
16 20 55
16 24 31
16 28 17
16 29 41
16 31 84
16 32 43
16 33 67
16 37 59
16 38 16
16 39 63
16 42 30
16 44 26
16 45 62
16 46 63
16 47 35
16 48 68
16 49 62
16 50 65
16 51 33
16 52 56
16 53 61
16 54 9
16 55 31
16 56 29
16 57 85
16 58 80
16 59 20
16 60 41
16 61 39
16 62 75
16 64 44
16 65 19
16 68 52
16 69 43
16 70 27
16 73 67
16 74 70
16 76 74
16 77 36
16 78 71
16 80 83
16 82 56
16 83 70
16 85 99
16 87 99
16 88 60
16 90 37
16 92 43
16 94 28
16 97 37
16 99 39
17 18 43
17 20 83
17 21 51
17 23 45
17 24 70
17 25 10
17 26 38
17 27 62
17 28 38
17 29 72
17 30 73
17 31 37
17 35 46
17 36 52
17 38 60
17 40 57
17 41 62
17 42 71
17 43 42
17 44 44
17 45 83
17 46 70
17 47 78
17 48 48
17 49 43
17 50 11
17 51 76
17 52 48
17 54 49
17 57 50
17 58 26
17 59 72
17 62 27
17 63 18
17 64 37
17 65 72
17 67 6
17 68 13
17 69 24
17 70 73
17 71 48
17 72 31
17 73 41
17 74 18
17 75 33
17 76 25
17 77 34
17 78 18
17 79 89
17 80 34
17 81 64
17 82 3
17 84 50
17 85 71
17 86 30
17 87 68
17 88 70
17 89 24
17 92 58
17 94 59
17 95 73
17 96 56
17 97 43
17 98 72
17 99 54
18 22 67
18 23 46
18 24 105
18 25 38
18 26 53
18 27 30
18 28 67
18 32 78
18 33 27
18 36 71
18 37 57
18 38 91
18 39 33
18 41 62
18 42 105
18 43 45
18 44 57
18 46 54
18 47 87
18 48 22
18 49 24
18 51 85
18 52 35
18 53 81
18 54 78
18 55 74
18 60 42
18 61 74
18 62 20
18 64 79
18 66 21
18 68 56
18 69 65
18 70 105
18 71 76
18 72 20
18 73 16
18 74 52
18 75 67
18 77 74
18 80 19
18 81 47
18 82 40
18 83 43
18 84 10
18 86 71
18 88 56
18 89 28
18 91 58
18 93 72
18 95 66
18 99 54
19 21 2
19 22 36
19 23 53
19 24 20
19 25 60
19 26 37
19 30 25
19 31 73
19 32 27
19 33 77
19 35 13
19 36 29
19 38 10
19 41 58
19 42 21
19 43 51
19 44 38
19 45 79
19 47 53
19 48 77
19 49 71
19 50 58
19 51 52
19 52 67
19 53 79
19 54 12
19 55 17
19 56 25
19 57 91
19 58 72
19 59 37
19 61 24
19 62 75
19 63 52
19 64 28
19 67 47
19 68 44
19 69 32
19 70 22
19 71 14
19 72 80
19 73 74
19 74 61
19 75 18
19 76 73
19 79 71
19 80 83
19 83 83
19 84 88
19 85 107
19 87 106
19 88 75
19 89 56
19 90 39
19 91 76
19 92 58
19 93 71
19 95 69
19 96 92
19 98 51
19 99 54
20 22 38
20 23 38
20 24 85
20 26 47
20 27 56
20 29 14
20 30 90
20 31 120
20 33 53
20 34 4
20 36 44
20 37 23
20 40 43
20 42 83
20 43 41
20 44 41
20 45 10
20 47 26
20 48 57
20 49 55
20 50 94
20 51 26
20 53 6
20 54 62
20 55 80
20 56 79
20 57 78
20 58 108
20 59 44
20 60 64
20 61 87
20 63 67
20 64 93
20 65 45
20 67 77
20 69 86
20 71 59
20 73 62
20 74 101
20 75 70
20 76 86
20 78 101
20 80 92
20 82 82
20 83 41
20 84 72
20 86 107
20 87 84
20 88 24
20 89 64
20 93 6
20 94 83
20 98 23
20 99 29
21 22 38
21 24 19
21 25 61
21 26 39
21 27 90
21 28 20
21 30 23
21 31 72
21 32 26
21 33 79
21 36 31
21 37 76
21 38 11
21 39 61
21 40 79
21 41 60
21 42 20
21 43 53
21 44 40
21 45 81
21 46 80
21 47 55
21 48 78
21 49 72
21 50 58
21 51 54
21 52 69
21 53 81
21 55 17
21 56 24
21 57 92
21 58 72
21 60 44
21 62 76
21 63 53
21 64 27
21 65 38
21 66 93
21 67 47
21 69 32
21 70 22
21 71 16
21 72 80
21 73 75
21 75 19
21 76 74
21 78 64
21 79 72
21 82 53
21 83 85
21 85 109
21 86 52
21 87 108
21 88 77
21 90 40
21 92 60
21 93 73
21 95 71
21 98 53
21 99 56
22 23 24
22 24 51
22 25 61
22 26 16
22 29 24
22 30 56
22 33 50
22 36 7
22 37 39
22 40 47
22 41 22
22 42 50
22 44 10
22 45 44
22 47 26
22 49 46
22 52 39
22 53 44
22 54 24
22 55 42
22 56 48
22 59 23
22 60 35
22 61 49
22 62 67
22 63 42
22 64 55
22 65 24
22 66 67
22 67 46
22 69 50
22 71 22
22 72 71
22 74 70
22 75 32
22 76 65
22 80 73
22 81 44
22 82 52
22 84 66
22 85 83
22 87 84
22 88 40
22 89 42
22 91 41
22 92 23
22 94 46
22 95 33
22 96 68
22 98 20
22 99 20
23 24 71
23 25 50
23 26 16
23 27 37
23 28 36
23 30 77
23 31 82
23 32 62
23 33 27
23 34 42
23 36 29
23 37 25
23 38 56
23 39 45
23 42 71
23 43 3
23 46 27
23 47 42
23 48 28
23 50 57
23 51 40
23 52 15
23 53 43
23 54 43
23 55 52
23 56 70
23 57 49
23 58 70
23 59 46
23 60 27
23 61 57
23 62 50
23 63 28
23 64 63
23 65 47
23 66 43
23 67 39
23 68 53
23 70 68
23 71 41
23 72 54
23 73 30
23 74 63
23 76 49
23 77 55
23 79 47
23 80 55
23 81 24
23 82 44
23 83 30
23 84 43
23 85 59
23 86 72
23 88 26
23 89 26
23 92 13
23 93 32
23 94 65
23 95 27
23 96 45
23 97 62
24 25 79
24 26 56
24 27 107
24 28 38
24 29 71
24 30 6
24 32 40
24 33 96
24 36 44
24 37 90
24 39 80
24 40 95
24 43 69
24 44 56
24 45 92
24 47 61
24 48 96
24 49 90
24 50 76
24 51 61
24 53 91
24 54 28
24 55 34
24 56 11
24 57 111
24 58 89
24 60 63
24 61 39
24 62 95
24 64 41
24 65 42
24 66 111
24 67 66
24 70 10
24 71 31
24 73 94
24 74 78
24 75 38
24 77 38
24 78 81
24 79 79
24 80 102
24 81 94
24 82 72
24 83 101
24 85 127
24 86 66
24 87 126
24 88 91
24 89 76
24 92 74
24 93 83
24 94 11
24 95 83
24 96 111
24 98 62
24 99 70
25 26 45
25 27 61
25 28 48
25 29 78
25 30 83
25 31 34
25 33 51
25 35 55
25 37 73
25 38 69
25 39 6
25 40 59
25 41 68
25 42 81
25 44 52
25 46 73
25 47 86
25 48 47
25 49 43
25 50 9
25 51 84
25 52 50
25 54 59
25 55 45
25 58 19
25 59 81
25 60 26
25 61 42
25 63 22
25 65 81
25 66 56
25 70 83
25 71 58
25 74 15
25 75 43
25 76 17
25 77 43
25 78 13
25 79 96
25 81 67
25 84 47
25 85 66
25 86 33
25 89 26
25 93 83
25 95 78
25 97 52
25 98 79
25 99 59
26 27 51
26 28 20
26 30 61
26 31 73
26 32 47
26 33 40
26 34 50
26 35 25
26 36 18
26 37 40
26 38 41
26 39 41
26 41 27
26 42 56
26 43 14
26 44 7
26 45 50
26 46 42
26 47 41
26 48 40
26 49 35
26 52 30
26 53 53
26 54 28
26 55 36
26 56 56
26 57 58
26 58 63
26 59 38
26 60 19
26 62 51
26 63 26
26 64 48
26 65 39
26 66 56
26 67 31
26 69 39
26 70 54
26 71 25
26 72 55
26 74 55
26 75 26
26 77 40
26 78 56
26 80 58
26 81 40
26 82 37
26 83 46
26 84 53
26 85 72
26 86 60
26 87 72
26 89 26
26 90 15
26 92 25
26 93 42
26 94 49
26 95 39
26 96 56
26 97 46
26 98 34
26 99 20
27 30 113
27 31 94
27 33 12
27 34 60
27 35 76
27 38 92
27 39 55
27 40 14
27 41 45
27 43 38
27 45 49
27 47 72
27 49 19
27 50 70
27 51 71
27 52 22
27 54 79
27 55 84
27 56 107
27 57 26
27 60 51
27 64 92
27 65 82
27 66 12
27 67 58
27 69 80
27 70 105
27 71 77
27 72 49
27 73 21
27 74 76
27 75 74
27 76 49
27 80 48
27 88 32
27 89 39
27 90 53
27 93 50
27 96 16
27 97 94
27 98 65
27 99 41
28 29 47
28 30 43
28 31 68
28 32 31
28 33 59
28 34 64
28 35 8
28 36 19
28 37 59
28 38 24
28 39 46
28 41 43
28 42 38
28 43 33
28 45 66
28 47 47
28 50 48
28 56 40
28 57 73
28 58 63
28 61 26
28 63 35
28 64 32
28 65 35
28 68 35
28 69 28
28 70 38
28 73 56
28 74 53
28 75 9
28 77 24
28 78 54
28 79 62
28 81 60
28 84 70
28 85 89
28 90 22
28 91 60
28 93 58
28 94 30
28 95 55
28 96 74
28 97 28
28 99 38
29 32 78
29 34 16
29 35 47
29 37 25
29 38 57
29 39 73
29 40 42
29 42 70
29 44 28
29 45 21
29 47 17
29 48 53
29 49 50
29 50 83
29 51 16
29 53 20
29 54 48
29 56 66
29 58 97
29 59 32
29 60 53
29 61 73
29 63 56
29 64 79
29 65 33
29 66 65
29 67 65
29 69 73
29 70 64
29 71 46
29 72 83
29 73 57
29 74 90
29 75 56
29 78 90
29 79 18
29 80 84
29 81 34
29 83 42
29 84 69
29 85 80
29 87 83
29 92 17
29 93 12
29 96 68
29 97 75
29 99 20
30 31 88
30 32 42
30 33 101
30 34 91
30 35 36
30 36 50
30 37 96
30 38 21
30 40 100
30 41 78
30 42 7
30 44 61
30 45 98
30 46 99
30 51 66
30 52 91
30 54 34
30 55 37
30 56 14
30 57 115
30 58 91
30 59 48
30 60 67
30 61 41
30 62 99
30 63 77
30 65 47
30 66 116
30 67 70
30 68 64
30 69 51
30 70 14
30 72 103
30 74 81
30 75 42
30 77 40
30 78 84
30 79 84
30 80 106
30 81 99
30 82 75
30 84 112
30 85 132
30 86 67
30 88 97
30 89 81
30 90 63
30 92 79
30 93 89
30 95 89
30 96 116
30 98 67
30 99 76
31 33 85
31 34 123
31 35 74
31 36 85
31 38 83
31 39 40
31 40 93
31 41 99
31 42 89
31 44 80
31 45 120
31 46 106
31 47 113
31 48 81
31 49 77
31 50 26
31 51 111
31 53 125
31 55 56
31 56 96
31 59 103
31 60 55
31 61 49
31 62 49
31 63 55
31 64 46
31 66 88
31 67 43
31 68 33
31 69 41
31 70 94
31 71 77
31 73 73
31 74 19
31 75 59
31 76 47
31 77 51
31 80 52
31 81 101
31 82 39
31 87 92
31 88 106
31 90 58
31 92 95
31 94 77
31 95 109
31 96 85
31 97 56
31 98 106
31 99 90
32 33 79
32 34 94
32 35 33
32 37 87
32 38 37
32 39 47
32 40 82
32 42 42
32 44 51
32 45 96
32 47 77
32 49 71
32 50 38
32 51 75
32 53 98
32 55 12
32 56 49
32 57 85
32 58 50
32 59 63
32 60 39
32 61 5
32 62 63
32 64 2
32 66 90
32 67 35
32 68 24
32 72 66
32 73 72
32 75 22
32 76 60
32 78 43
32 79 92
32 80 70
32 81 86
32 83 90
32 85 104
32 87 102
32 88 87
32 89 53
32 92 71
32 93 88
32 94 30
32 95 85
32 96 89
32 97 10
32 98 73
32 99 66
33 35 65
33 37 30
33 38 81
33 39 45
33 40 10
33 41 38
33 42 96
33 43 27
33 44 42
33 45 47
33 47 65
33 48 5
33 49 8
33 50 60
33 51 63
33 52 12
33 55 72
33 56 96
33 58 69
33 60 40
33 61 75
33 63 34
33 64 81
33 68 63
33 69 68
33 70 94
33 71 66
33 72 43
33 74 67
33 75 63
33 78 65
33 79 65
33 81 20
33 83 17
33 84 20
33 85 33
33 86 81
33 87 34
33 88 30
33 89 28
33 91 31
33 92 33
33 94 88
33 95 40
33 96 19
33 97 82
33 99 33
34 35 63
34 37 27
34 38 72
34 39 87
34 40 47
34 42 84
34 45 13
34 46 31
34 47 26
34 49 59
34 51 26
34 52 48
34 53 5
34 54 64
34 56 80
34 57 82
34 58 111
34 59 44
34 61 89
34 63 70
34 65 45
34 66 71
34 67 80
34 69 89
34 70 78
34 72 95
34 76 90
34 78 104
34 80 96
34 82 85
34 83 44
34 84 76
34 85 84
34 86 110
34 91 26
34 93 10
34 94 84
34 95 16
34 96 74
34 97 91
34 98 24
35 36 17
35 37 62
35 42 31
35 43 38
35 44 25
35 46 65
35 48 65
35 52 55
35 53 67
35 55 21
35 56 33
35 57 80
35 58 70
35 60 34
35 63 43
35 65 30
35 67 40
35 68 42
35 69 33
35 71 3
35 72 72
35 73 63
35 75 14
35 76 66
35 77 26
35 78 61
35 79 60
35 83 70
35 85 96
35 86 55
35 87 95
35 88 62
35 90 29
35 92 45
35 94 24
35 95 57
35 96 80
35 97 28
35 99 41
36 38 29
36 41 29
36 42 43
36 43 29
36 45 50
36 46 50
36 49 51
36 50 63
36 51 26
36 52 44
36 53 50
36 56 42
36 58 78
36 60 36
36 62 69
36 63 43
36 64 51
36 65 20
36 66 72
36 67 46
36 68 53
36 69 46
36 70 39
36 71 16
36 72 73
36 73 57
36 74 69
36 76 67
36 77 42
36 80 76
36 81 50
36 82 52
36 83 57
36 86 69
36 87 89
36 88 47
36 90 31
36 91 48
36 93 41
36 96 73
36 97 45
37 38 75
37 41 18
37 43 29
37 44 37
37 45 17
37 46 4
37 47 42
37 48 35
37 49 34
37 50 80
37 52 24
37 53 25
37 54 63
37 55 76
37 56 87
37 57 56
37 63 51
37 64 88
37 65 56
37 67 64
37 68 78
37 69 79
37 70 85
37 71 61
37 76 68
37 77 80
37 78 86
37 79 37
37 80 71
37 81 10
37 83 18
37 84 50
37 87 61
37 90 51
37 91 2
37 92 17
37 93 18
37 94 85
37 98 36
37 99 21
38 40 80
38 41 57
38 42 15
38 43 54
38 44 40
38 45 78
38 46 78
38 47 48
38 48 81
38 49 75
38 50 67
38 51 47
38 52 71
38 53 76
38 56 16
38 57 97
38 59 31
38 61 34
38 62 83
38 63 59
38 64 38
38 66 97
38 67 55
38 68 53
38 69 42
38 70 14
38 73 80
38 74 71
38 76 81
38 78 73
38 80 91
38 81 78
38 82 61
38 83 85
38 85 112
38 87 112
38 90 46
38 91 76
38 92 58
38 93 69
38 98 48
38 99 55
39 40 53
39 41 63
39 44 48
39 45 82
39 46 67
39 47 82
39 48 41
39 51 80
39 54 57
39 55 46
39 56 85
39 60 22
39 61 44
39 63 17
39 64 48
39 65 78
39 66 50
39 67 14
39 68 23
39 69 34
39 70 82
39 74 21
39 76 14
39 78 19
39 79 91
39 80 23
39 81 61
39 82 8
39 83 61
39 84 41
39 85 61
39 86 38
39 88 68
39 89 20
39 91 69
39 92 59
39 94 69
39 99 54
40 41 31
40 42 95
40 44 40
40 45 37
40 46 18
40 47 58
40 48 14
40 50 67
40 51 56
40 56 94
40 57 35
40 58 77
40 60 44
40 61 78
40 62 50
40 63 39
40 65 68
40 66 24
40 67 53
40 69 72
40 73 22
40 74 74
40 75 64
40 76 50
40 79 57
40 82 55
40 83 9
40 84 29
40 85 39
40 86 87
40 87 41
40 88 20
40 90 44
40 91 22
40 92 27
40 93 38
40 94 88
40 95 31
40 96 27
40 97 84
40 98 51
40 99 27
41 42 72
41 43 21
41 45 23
41 46 22
41 48 42
41 50 74
41 51 25
41 52 28
41 54 46
41 56 69
41 58 87
41 60 44
41 62 68
41 65 38
41 67 56
41 68 68
41 70 67
41 72 72
41 74 81
41 76 67
41 77 66
41 80 73
41 81 25
41 82 61
41 83 33
41 84 58
41 85 70
41 86 87
41 91 19
41 92 5
41 93 15
41 94 68
41 95 12
41 99 9
42 43 69
42 45 91
42 47 60
42 49 90
42 50 77
42 51 59
42 53 89
42 55 36
42 57 111
42 58 91
42 59 41
42 61 41
42 62 96
42 66 111
42 67 67
42 68 63
42 69 51
42 70 8
42 74 80
42 75 39
42 77 40
42 78 83
42 79 77
42 80 103
42 82 73
42 84 108
42 85 127
42 86 68
42 87 127
42 88 90
42 89 77
42 90 59
42 92 73
42 93 82
42 94 13
42 95 82
42 98 60
42 99 70
43 44 15
43 45 41
43 47 43
43 48 28
43 50 53
43 51 41
43 52 16
43 53 46
43 54 41
43 55 49
43 57 48
43 60 24
43 63 25
43 65 47
43 66 43
43 67 36
43 68 49
43 69 50
43 71 39
43 72 52
43 74 60
43 77 52
43 78 59
43 80 53
43 81 27
43 83 32
43 85 60
43 87 60
43 88 29
43 90 22
43 92 16
43 94 62
43 95 31
43 96 45
43 98 35
44 45 45
44 46 40
44 50 56
44 52 31
44 56 55
44 57 62
44 58 70
44 60 26
44 62 57
44 63 32
44 65 33
44 66 58
44 67 38
44 69 45
44 70 52
44 72 61
44 73 43
44 75 30
44 76 55
44 78 62
44 79 45
44 80 63
44 81 39
44 83 45
44 85 74
44 87 74
44 89 32
44 91 38
44 93 37
44 94 49
44 96 59
44 97 50
44 98 27
44 99 16
45 46 20
45 48 51
45 49 51
45 50 94
45 51 35
45 52 40
45 54 68
45 55 84
45 56 87
45 57 73
45 61 91
45 63 66
45 64 97
45 66 60
45 67 77
45 69 89
45 71 66
45 73 58
45 74 101
45 75 74
45 77 89
45 78 101
45 79 24
45 80 88
45 81 27
45 83 33
45 84 66
45 85 73
45 86 109
45 87 76
45 88 17
45 89 62
45 90 63
45 91 16
45 92 25
45 93 9
45 94 89
45 96 64
45 97 94
45 99 30
46 47 47
46 48 32
46 49 32
46 50 80
46 52 23
46 55 79
46 57 53
46 58 92
46 60 53
46 61 84
46 62 66
46 63 52
46 65 60
46 66 40
46 67 64
46 68 78
46 69 80
46 70 89
46 71 64
46 73 39
46 75 68
46 76 66
46 77 82
46 78 86
46 79 41
46 80 70
46 82 68
46 83 14
46 84 47
46 88 3
46 89 47
46 90 52
46 91 4
46 92 20
46 93 22
46 94 89
46 95 16
46 96 44
46 99 24
47 49 64
47 50 90
47 51 2
47 52 54
47 54 43
47 56 54
47 57 90
47 58 104
47 59 19
47 60 60
47 61 72
47 62 90
47 63 66
47 64 78
47 65 20
47 68 80
47 69 74
47 70 53
47 71 41
47 72 95
47 73 72
47 75 56
47 78 96
47 79 18
47 80 96
47 81 51
47 84 84
47 85 97
47 86 97
47 89 65
47 90 56
47 91 43
47 92 32
47 93 28
47 94 61
47 95 31
47 96 84
47 97 72
47 98 8
47 99 33
48 50 56
48 52 14
48 53 59
48 54 68
48 55 70
48 58 65
48 59 74
48 60 38
48 62 36
48 64 78
48 65 75
48 66 15
48 67 44
48 68 60
48 71 66
48 72 38
48 74 63
48 77 72
48 78 61
48 79 69
48 81 25
48 84 16
48 86 78
48 88 34
48 89 25
48 91 36
48 92 36
48 94 88
48 95 44
48 96 17
48 97 81
48 98 60
49 50 52
49 51 62
49 52 11
49 53 58
49 54 62
49 55 65
49 56 91
49 57 25
49 58 61
49 61 67
49 62 34
49 63 25
49 64 73
49 65 70
49 66 21
49 69 60
49 71 60
49 72 37
49 73 8
49 74 59
49 75 55
49 76 34
49 77 66
49 78 57
49 79 67
49 80 38
49 81 25
49 82 40
49 83 24
49 86 73
49 87 37
49 90 34
49 94 82
49 96 22
49 97 75
49 98 56
49 99 31
50 52 58
50 53 100
50 55 42
50 57 55
50 58 15
50 61 37
50 62 28
50 63 29
50 64 39
50 65 82
50 68 15
50 69 27
50 70 80
50 71 57
50 74 7
50 75 41
50 76 26
50 77 38
50 80 34
50 82 13
50 84 56
50 85 76
50 87 72
50 88 80
50 91 82
50 93 89
50 94 65
50 95 84
50 96 63
50 98 83
50 99 65
51 52 52
51 53 31
51 54 42
51 57 88
51 58 102
51 60 58
51 62 88
51 63 64
51 64 76
51 66 80
51 67 70
51 68 78
51 69 72
51 70 52
51 71 40
51 72 92
51 74 93
51 75 54
51 77 68
51 79 19
51 80 94
51 82 76
51 83 57
51 84 82
51 85 95
51 87 97
51 88 42
51 89 63
51 92 30
51 93 27
51 94 60
51 95 30
51 96 82
51 98 6
51 99 31
52 53 48
52 54 57
52 57 36
52 59 61
52 60 33
52 61 67
52 62 44
52 63 30
52 64 73
52 65 61
52 67 43
52 68 58
52 70 83
52 71 55
52 72 47
52 74 65
52 76 44
52 77 66
52 79 56
52 80 48
52 81 16
52 82 46
52 83 18
52 84 30
52 85 44
52 86 77
52 87 45
52 89 25
52 90 34
52 91 25
52 92 22
52 93 38
52 95 32
52 96 30
52 97 74
52 98 46
53 54 68
53 57 81
53 58 113
53 62 91
53 63 72
53 64 99
53 65 50
53 68 94
53 69 92
53 70 83
53 71 66
53 73 66
53 74 106
53 75 76
53 77 91
53 78 106
53 79 17
53 81 35
53 82 87
53 84 75
53 85 82
53 86 113
53 87 85
53 88 26
53 89 68
53 90 67
53 94 89
53 95 16
53 97 95
53 98 29
53 99 35
54 55 22
54 56 29
54 57 84
54 58 73
54 59 29
54 61 30
54 62 71
54 63 47
54 64 36
54 68 45
54 69 35
54 70 27
54 71 2
54 72 76
54 73 66
54 75 17
54 76 69
54 77 28
54 79 60
54 80 78
54 82 50
54 84 80
54 85 99
54 86 57
54 87 99
54 88 64
54 90 33
54 91 65
54 92 47
54 93 59
54 95 58
54 96 84
54 97 29
54 98 40
54 99 43
55 56 41
55 58 55
55 59 51
55 60 33
55 61 8
55 66 85
55 67 33
55 69 15
55 70 39
55 71 23
55 74 45
55 75 10
55 76 60
55 77 6
55 78 47
55 81 76
55 82 38
55 83 81
55 84 79
55 85 99
55 86 36
55 87 98
55 88 77
55 89 47
55 90 31
55 91 78
55 93 76
55 94 23
55 96 84
55 97 10
55 99 56
56 57 113
56 58 96
56 60 66
56 62 99
56 65 35
56 66 112
56 67 71
56 68 68
56 69 56
56 70 3
56 71 31
56 72 104
56 73 95
56 74 86
56 75 42
56 76 97
56 77 45
56 78 88
56 79 72
56 80 107
56 81 92
56 82 77
56 84 109
56 85 128
56 87 128
56 88 88
56 89 79
56 90 62
56 92 71
56 94 19
56 95 79
56 96 113
56 97 40
56 98 56
56 99 68
57 59 94
57 60 48
57 61 81
57 62 27
57 63 39
57 64 86
57 65 95
57 66 16
57 67 50
57 68 63
57 69 73
57 70 110
57 71 82
57 72 27
57 73 19
57 74 60
57 75 74
57 76 29
57 78 57
57 79 91
57 80 25
57 82 47
57 85 21
57 86 78
57 87 17
57 88 56
57 90 52
57 91 57
57 92 58
57 93 72
57 94 102
57 95 66
57 97 90
57 98 82
58 59 98
58 60 44
58 61 50
58 64 50
58 68 28
58 72 31
58 73 57
58 74 11
58 77 51
58 78 8
58 79 115
58 81 86
58 82 26
58 83 86
58 85 79
58 86 28
58 87 74
58 88 92
58 90 48
58 91 94
58 92 83
58 93 102
58 94 78
58 97 59
58 99 78
59 60 56
59 62 89
59 64 64
59 65 1
59 66 89
59 67 66
59 68 71
59 69 63
59 70 34
59 71 28
59 72 94
59 73 76
59 74 88
59 75 44
59 76 88
59 77 56
59 79 36
59 81 62
59 83 70
59 84 89
59 85 105
59 86 85
59 87 106
59 88 56
59 89 65
59 91 56
59 92 41
59 94 43
59 95 45
59 96 91
59 97 56
59 98 21
59 99 40
60 63 10
60 64 41
60 65 56
60 66 52
60 68 25
60 69 28
60 70 63
60 71 36
60 72 39
60 73 33
60 74 37
60 76 32
60 77 34
60 78 37
60 79 71
60 80 41
60 83 52
60 84 46
60 85 66
60 86 45
60 87 65
60 89 14
60 90 5
60 91 54
60 92 40
60 93 59
60 94 53
60 96 51
60 97 43
60 98 53
60 99 35
61 64 7
61 66 86
61 68 23
61 69 10
61 70 45
61 73 68
61 74 39
61 75 17
61 76 58
61 77 2
61 78 42
61 79 87
61 80 67
61 82 36
61 84 80
61 85 100
61 87 98
61 88 82
61 91 83
61 93 83
61 94 29
61 95 80
61 96 85
61 99 61
62 63 25
62 64 64
62 65 89
62 67 29
62 68 39
62 69 50
62 70 97
62 72 5
62 73 28
62 74 33
62 77 61
62 79 97
62 80 8
62 81 59
62 84 30
62 85 48
62 86 52
62 87 44
62 88 67
62 93 81
62 96 37
62 98 82
62 99 59
63 65 64
63 66 43
63 68 29
63 69 35
63 70 73
63 72 30
63 74 36
63 75 35
63 76 24
63 77 43
63 78 35
63 79 75
63 80 33
63 81 46
63 82 16
63 84 37
63 86 48
63 87 56
63 90 14
63 91 53
63 93 61
63 94 63
63 95 55
63 96 42
63 98 58
63 99 37
64 65 63
64 66 92
64 70 48
64 71 37
64 72 67
64 73 73
64 74 39
64 75 23
64 76 61
64 77 9
64 79 94
64 81 87
64 82 40
64 83 91
64 84 85
64 85 105
64 86 26
64 87 103
64 90 39
64 93 89
64 94 30
64 95 86
64 96 90
64 97 10
64 98 74
65 66 89
65 68 71
65 69 63
65 70 33
65 74 88
65 75 44
65 76 88
65 77 56
65 78 89
65 79 37
65 80 96
65 81 63
65 82 72
65 83 71
65 85 105
65 87 107
65 88 57
65 91 57
65 93 45
65 96 91
65 97 56
66 67 56
66 68 71
66 69 79
66 71 81
66 72 41
66 73 18
66 74 71
66 76 42
66 77 86
66 78 68
66 80 40
66 82 56
66 84 10
66 85 16
66 86 88
66 87 17
66 89 38
66 90 54
66 91 44
66 92 50
66 93 61
66 97 94
66 98 74
67 68 15
67 69 23
67 71 43
67 76 27
67 77 32
67 78 24
67 80 36
67 82 6
67 83 61
67 84 49
67 86 34
67 87 67
67 88 64
67 89 20
67 91 65
67 92 52
67 93 71
67 95 66
67 96 55
67 97 41
67 98 65
68 69 13
68 70 66
68 71 45
68 72 43
68 74 18
68 75 28
68 76 37
68 77 24
68 78 20
68 80 46
68 81 74
68 83 76
68 84 63
68 86 19
68 87 80
68 89 35
68 92 65
68 94 50
68 95 79
68 96 69
68 97 32
68 99 60
69 71 36
69 72 54
69 73 60
69 74 30
69 75 19
69 76 48
69 77 11
69 78 32
69 79 89
69 80 57
69 83 80
69 84 72
69 85 92
69 86 22
69 87 90
69 90 28
69 92 64
69 96 77
69 97 20
69 98 69
69 99 59
70 71 29
70 72 101
70 73 93
70 74 83
70 75 40
70 76 95
70 77 43
70 79 70
70 80 104
70 82 74
70 83 96
70 85 125
70 86 73
70 88 86
70 89 76
70 90 59
70 91 86
70 92 69
70 93 77
70 94 18
70 95 77
70 97 38
70 99 66
71 72 74
71 73 64
71 74 62
71 75 17
71 78 64
71 80 77
71 81 64
71 82 49
71 84 78
71 85 97
71 86 58
71 87 97
71 89 48
71 90 31
71 91 62
71 94 25
71 95 55
71 96 82
71 97 30
71 98 38
71 99 40
72 73 31
72 74 35
72 77 65
72 78 31
72 80 3
72 81 62
72 82 28
72 83 60
72 86 54
72 88 71
72 89 29
72 91 72
72 92 67
72 93 85
72 94 89
72 97 74
72 98 87
72 99 63
73 75 58
73 76 28
73 77 67
73 78 53
73 79 74
73 80 31
73 83 30
73 85 33
73 86 71
73 87 32
73 89 19
73 90 36
73 91 42
73 93 56
73 94 85
73 95 50
73 96 18
73 97 76
73 98 63
73 99 38
74 75 45
74 78 4
74 79 107
74 80 38
74 81 81
74 82 20
74 83 82
74 84 62
74 85 81
74 86 20
74 88 87
74 89 40
74 90 40
74 91 89
74 92 76
74 93 96
74 94 68
74 95 90
74 96 68
74 97 48
74 98 89
74 99 72
75 76 55
75 77 15
75 78 47
75 79 71
75 80 65
75 81 66
75 82 35
75 84 71
75 86 41
75 87 90
75 88 67
75 89 39
75 90 22
75 91 68
75 92 50
75 93 66
75 94 28
75 95 63
75 96 76
75 97 20
75 98 51
76 78 28
76 79 96
76 81 60
76 82 22
76 84 32
76 86 50
76 88 68
76 89 24
76 90 37
76 91 69
76 92 62
76 94 83
76 95 75
76 97 68
76 98 81
77 39 45
77 78 44
77 79 85
77 81 79
77 83 84
77 84 80
77 85 100
77 86 30
77 87 98
77 88 81
77 89 48
77 90 32
77 91 82
77 92 64
77 93 81
77 94 27
77 95 78
77 97 9
77 98 66
77 99 60
78 79 107
78 80 34
78 81 80
78 83 81
78 84 59
78 85 77
78 86 24
78 87 74
78 88 86
78 89 39
78 91 88
78 92 76
78 93 95
78 94 70
78 96 65
78 98 89
79 80 102
79 81 47
79 82 88
79 83 55
79 84 85
79 86 111
79 87 98
79 89 73
79 90 67
79 91 37
79 93 20
79 94 79
79 95 25
79 96 84
79 98 20
79 99 38
80 81 63
80 82 31
80 85 45
80 86 57
80 87 41
80 88 71
80 89 31
80 90 46
80 91 73
80 92 68
80 93 86
80 94 92
80 95 80
81 82 62
81 83 8
81 84 39
81 85 47
81 87 50
81 88 10
81 90 48
81 91 11
81 92 21
81 93 28
81 95 22
81 97 86
81 99 24
82 83 63
82 84 47
82 86 33
82 87 65
82 88 68
82 89 21
82 90 22
82 91 69
82 92 57
82 93 76
82 94 61
82 95 71
82 96 53
82 97 46
82 99 52
83 84 34
83 86 95
83 88 17
83 89 42
83 90 52
83 91 18
83 94 94
83 95 30
83 99 31
84 85 20
84 86 79
84 87 19
84 89 32
84 90 49
84 91 50
84 92 52
84 93 66
84 94 99
84 95 60
84 97 89
84 99 51
85 86 99
85 89 52
85 90 69
85 92 65
85 93 75
85 94 118
85 96 15
85 97 109
85 98 89
85 99 65
86 87 96
86 88 97
86 89 53
86 93 102
86 94 56
86 95 98
86 96 86
86 97 35
86 98 91
86 99 79
87 88 60
87 90 68
87 92 67
87 93 78
87 94 117
87 95 72
87 97 107
87 98 91
88 89 47
88 95 13
88 97 87
89 90 18
89 91 49
89 93 58
89 94 67
89 95 52
89 96 37
89 97 57
89 99 35
90 91 53
90 92 38
90 93 57
90 95 52
90 96 54
90 97 41
90 98 49
90 99 33
91 95 12
91 96 48
91 97 88
91 98 36
91 99 22
92 94 69
92 95 14
92 96 52
92 97 70
93 95 6
93 97 85
93 98 23
94 96 103
94 97 20
94 98 60
94 99 65
95 96 59
95 97 83
95 98 25
96 97 94
96 98 76
97 98 68
97 99 66
