20 0.7 5 1 0.1 190 133 18
0.478815 0.521733 7
0.589766 0.831197 9
0.890031 0.564399 5
0.494748 0.706821 8
0.678846 0.26637 4
0.691279 0.273543 4
0.553558 0.712576 8
0.306937 0.316182 7
0.271814 0.0885855 7
0.397474 0.172242 6
0.989057 0.0674167 0
0.745277 0.32829 4
0.837103 0.192295 2
0.594839 0.919714 9
0.655539 0.13652 3
0.227734 0.106471 8
0.19895 0.400575 9
0.372397 0.835674 10
0.953684 0.466558 4
0.0505512 0.270478 10
0 1 33
0 2 41
0 3 19
0 4 32
0 5 33
0 6 20
0 7 27
0 8 48
0 9 36
0 10 68
0 11 33
0 12 49
0 13 41
0 14 42
0 15 49
0 16 30
0 17 33
0 18 48
0 19 50
1 2 40
1 3 16
1 4 57
1 5 57
1 6 12
1 7 59
1 8 81
1 9 69
1 10 86
1 11 53
1 12 69
1 13 9
1 14 70
1 15 81
1 16 58
1 17 22
1 18 52
1 19 78
2 3 42
2 4 37
2 5 35
2 6 37
2 7 63
2 8 78
2 9 63
2 10 51
2 11 28
2 12 38
2 13 46
2 14 49
2 15 81
2 16 71
2 17 58
2 18 12
2 19 89
3 4 48
3 5 48
3 6 6
3 7 43
3 8 66
3 9 54
3 10 81
3 11 45
3 12 62
3 13 24
3 14 59
3 15 66
3 16 43
3 17 18
3 18 52
3 19 62
4 5 1
4 6 46
4 7 38
4 8 44
4 9 30
4 10 37
4 11 9
4 12 17
4 13 66
4 14 13
4 15 48
4 16 50
4 17 65
4 18 34
4 19 63
5 6 46
5 7 39
5 8 46
5 9 31
5 10 36
5 11 8
5 12 17
5 13 65
5 14 14
5 15 49
5 16 51
5 17 65
5 18 33
5 19 64
6 7 47
6 8 68
6 9 56
6 10 78
6 11 43
6 12 59
6 13 21
6 14 59
6 15 69
6 16 47
6 17 22
6 18 47
6 19 67
7 8 23
7 9 17
7 10 73
7 11 44
7 12 54
7 13 67
7 14 39
7 15 22
7 16 14
7 17 52
7 18 66
7 19 26
8 9 15
8 10 72
8 11 53
8 12 57
8 13 89
8 14 39
8 15 5
8 16 32
8 17 75
8 18 78
8 19 29
9 10 60
9 11 38
9 12 44
9 13 77
9 14 26
9 15 18
9 16 30
9 17 66
9 18 63
9 19 36
10 11 36
10 12 20
10 13 94
10 14 34
10 15 76
10 16 86
10 17 99
10 18 40
10 19 96
11 12 16
11 13 61
11 14 21
11 15 56
11 16 55
11 17 63
11 18 25
11 19 70
12 13 77
12 14 19
12 15 62
12 16 67
12 17 79
12 18 30
12 19 79
13 14 79
13 15 89
13 16 65
13 17 24
13 18 58
13 19 85
14 15 43
14 16 53
14 17 75
14 18 44
14 19 62
15 16 30
15 17 74
15 18 81
15 19 24
16 17 47
16 18 76
16 19 20
17 18 69
17 19 65
18 19 92
0 1 33
0 2 41
0 4 32
0 6 20
0 8 48
0 9 36
0 10 68
0 11 33
0 13 41
0 14 42
0 15 49
0 16 30
0 17 33
0 19 50
1 4 57
1 8 81
1 9 69
1 10 86
1 13 9
1 15 81
1 17 22
1 18 52
1 19 78
2 3 42
2 4 37
2 5 35
2 8 78
2 9 63
2 12 38
2 14 49
2 16 71
2 17 58
2 19 89
3 4 48
3 6 6
3 7 43
3 9 54
3 11 45
3 12 62
3 14 59
3 15 66
3 16 43
3 17 18
4 5 1
4 7 38
4 8 44
4 9 30
4 11 9
4 12 17
4 13 66
4 14 13
4 15 48
4 16 50
4 17 65
4 18 34
4 19 63
5 6 46
5 8 46
5 9 31
5 10 36
5 11 8
5 12 17
5 13 65
5 14 14
5 15 49
5 16 51
5 18 33
5 19 64
6 11 43
6 12 59
6 14 59
6 16 47
6 18 47
6 19 67
7 8 23
7 10 73
7 11 44
7 12 54
7 13 67
7 14 39
7 15 22
7 16 14
7 17 52
7 18 66
7 19 26
8 9 15
8 11 53
8 12 57
8 13 89
8 14 39
8 15 5
8 16 32
8 17 75
8 18 78
8 19 29
9 11 38
9 12 44
9 13 77
9 14 26
9 15 18
9 16 30
9 17 66
10 11 36
10 12 20
10 13 94
10 15 76
10 17 99
11 13 61
11 14 21
11 16 55
11 18 25
12 13 77
12 14 19
12 15 62
12 17 79
12 19 79
13 14 79
13 16 65
13 17 24
13 18 58
13 19 85
14 15 43
14 16 53
14 17 75
14 18 44
15 16 30
15 17 74
15 18 81
15 19 24
16 18 76
17 18 69
17 19 65
18 19 92
