50 1225 613 8 25
0.631464 0.826597 98
0.902897 0.438047 94
0.596784 0.48752 71
0.536841 0.432245 63
0.805034 0.380177 83
0.712037 0.97376 114
0.838481 0.768451 107
0.25383 0.361702 38
0.673945 0.553067 81
0.0448337 0.0438305 0
0.70498 0.557975 84
0.459691 0.44294 58
0.663729 0.735092 93
0.439001 0.00469312 40
0.119504 0.364787 33
0.638061 0.700128 88
0.0444752 0.796203 75
0.154938 0.914539 88
0.527779 0.4253 62
0.963501 0.600164 107
0.326938 0.800745 81
0.381328 0.13641 35
0.269278 0.453798 47
0.394037 0.274503 42
0.693797 0.911663 108
0.00984023 0.68152 64
0.865368 0.680526 104
0.173373 0.447066 42
0.471934 0.195385 45
0.407494 0.0585523 36
0.99564 0.687203 115
0.803949 0.122269 76
0.989206 0.736486 117
0.882309 0.816412 114
0.100278 0.682432 64
0.0516294 0.720793 68
0.143788 0.911511 87
0.814846 0.517584 90
0.0341839 0.765594 72
0.108045 0.164546 14
0.137011 0.0236617 9
0.851935 0.334218 86
0.952755 0.401993 98
0.638619 0.942706 108
0.748041 0.0740489 70
0.263074 0.827439 81
0.115404 0.0797682 8
0.645786 0.0428899 60
0.470885 0.195864 45
0.55603 0.913617 101
0 1 47
0 2 34
0 3 41
0 4 48
0 5 17
0 6 22
0 7 60
0 8 28
0 9 98
0 10 28
0 11 42
0 12 10
0 13 84
0 14 69
0 15 13
0 16 59
0 17 48
0 18 41
0 19 40
0 20 31
0 21 73
0 22 52
0 23 60
0 24 11
0 25 64
0 26 28
0 27 59
0 28 65
0 29 80
0 30 39
0 31 73
0 32 37
0 33 25
0 34 55
0 35 59
0 36 50
0 37 36
0 38 60
0 39 84
0 40 94
0 41 54
0 42 53
0 43 12
0 44 76
0 45 37
0 46 91
0 47 78
0 48 65
0 49 12
1 2 31
1 3 37
1 4 11
1 5 57
1 6 34
1 7 65
1 8 26
1 9 94
1 10 23
1 11 44
1 12 38
1 13 63
1 14 79
1 15 37
1 16 93
1 17 89
1 18 38
1 19 17
1 20 68
1 21 60
1 22 63
1 23 53
1 24 52
1 25 93
1 26 25
1 27 73
1 28 49
1 29 62
1 30 27
1 31 33
1 32 31
1 33 38
1 34 84
1 35 90
1 36 89
1 37 12
1 38 93
1 39 84
1 40 87
1 41 12
1 42 6
1 43 57
1 44 40
1 45 75
1 46 87
1 47 47
1 48 50
1 49 59
2 3 8
2 4 23
2 5 50
2 6 37
2 7 37
2 8 10
2 9 71
2 10 13
2 11 14
2 12 26
2 13 51
2 14 49
2 15 22
2 16 63
2 17 61
2 18 9
2 19 38
2 20 41
2 21 41
2 22 33
2 23 29
2 24 44
2 25 62
2 26 33
2 27 43
2 28 32
2 29 47
2 30 45
2 31 42
2 32 46
2 33 44
2 34 53
2 35 59
2 36 62
2 37 22
2 38 63
2 39 59
2 40 65
2 41 30
2 42 37
2 43 46
2 44 44
2 45 48
2 46 63
2 47 45
2 48 32
2 49 43
3 4 27
3 5 57
3 6 45
3 7 29
3 8 18
3 9 63
3 10 21
3 11 8
3 12 33
3 13 44
3 14 42
3 15 29
3 16 61
3 17 62
3 18 1
3 19 46
3 20 42
3 21 33
3 22 27
3 23 21
3 24 50
3 25 58
3 26 41
3 27 36
3 28 25
3 29 40
3 30 52
3 31 41
3 32 55
3 33 52
3 34 50
3 35 56
3 36 62
3 37 29
3 38 60
3 39 51
3 40 57
3 41 33
3 42 42
3 43 52
3 44 42
3 45 48
3 46 55
3 47 40
3 48 25
3 49 48
4 5 60
4 6 39
4 7 55
4 8 22
4 9 83
4 10 20
4 11 35
4 12 38
4 13 52
4 14 69
4 15 36
4 16 87
4 17 84
4 18 28
4 19 27
4 20 64
4 21 49
4 22 54
4 23 42
4 24 54
4 25 85
4 26 31
4 27 64
4 28 38
4 29 51
4 30 36
4 31 26
4 32 40
4 33 44
4 34 77
4 35 83
4 36 85
4 37 14
4 38 86
4 39 73
4 40 76
4 41 7
4 42 15
4 43 59
4 44 31
4 45 70
4 46 75
4 47 37
4 48 38
4 49 59
5 6 24
5 7 76
5 8 42
5 9 114
5 10 42
5 11 59
5 12 24
5 13 101
5 14 85
5 15 28
5 16 69
5 17 56
5 18 58
5 19 45
5 20 42
5 21 90
5 22 68
5 23 77
5 24 6
5 25 76
5 26 33
5 27 75
5 28 81
5 29 96
5 30 40
5 31 86
5 32 36
5 33 23
5 34 68
5 35 71
5 36 57
5 37 47
5 38 71
5 39 101
5 40 111
5 41 65
5 42 62
5 43 8
5 44 90
5 45 47
5 46 107
5 47 93
5 48 81
5 49 17
6 7 71
6 8 27
6 9 107
6 10 25
6 11 50
6 12 18
6 13 86
6 14 82
6 15 21
6 16 79
6 17 70
6 18 46
6 19 21
6 20 51
6 21 78
6 22 65
6 23 66
6 24 20
6 25 83
6 26 9
6 27 74
6 28 68
6 29 83
6 30 18
6 31 65
6 32 15
6 33 6
6 34 74
6 35 79
6 36 71
6 37 25
6 38 80
6 39 95
6 40 102
6 41 43
6 42 38
6 43 27
6 44 70
6 45 58
6 46 100
6 47 75
6 48 68
6 49 32
7 8 46
7 9 38
7 10 49
7 11 22
7 12 55
7 13 40
7 14 13
7 15 51
7 16 48
7 17 56
7 18 28
7 19 75
7 20 45
7 21 26
7 22 9
7 23 17
7 24 70
7 25 40
7 26 69
7 27 12
7 28 27
7 29 34
7 30 81
7 31 60
7 32 83
7 33 78
7 34 36
7 35 41
7 36 56
7 37 58
7 38 46
7 39 25
7 40 36
7 41 60
7 42 70
7 43 70
7 44 57
7 45 47
7 46 31
7 47 51
7 48 27
7 49 63
8 9 81
8 10 3
8 11 24
8 12 18
8 13 60
8 14 59
8 15 15
8 16 67
8 17 63
8 18 19
8 19 29
8 20 43
8 21 51
8 22 42
8 23 39
8 24 36
8 25 68
8 26 23
8 27 51
8 28 41
8 29 56
8 30 35
8 31 45
8 32 36
8 33 34
8 34 59
8 35 64
8 36 64
8 37 15
8 38 67
8 39 69
8 40 75
8 41 28
8 42 32
8 43 39
8 44 48
8 45 49
8 46 73
8 47 51
8 48 41
8 49 38
9 10 84
9 11 58
9 12 93
9 13 40
9 14 33
9 15 88
9 16 75
9 17 88
9 18 62
9 19 107
9 20 81
9 21 35
9 22 47
9 23 42
9 24 108
9 25 64
9 26 104
9 27 42
9 28 45
9 29 36
9 30 115
9 31 76
9 32 117
9 33 114
9 34 64
9 35 68
9 36 87
9 37 90
9 38 72
9 39 14
9 40 9
9 41 86
9 42 98
9 43 108
9 44 70
9 45 81
9 46 8
9 47 60
9 48 45
9 49 101
10 11 27
10 12 18
10 13 61
10 14 62
10 15 16
10 16 70
10 17 66
10 18 22
10 19 26
10 20 45
10 21 53
10 22 45
10 23 42
10 24 35
10 25 71
10 26 20
10 27 54
10 28 43
10 29 58
10 30 32
10 31 45
10 32 34
10 33 31
10 34 62
10 35 67
10 36 66
10 37 12
10 38 70
10 39 71
10 40 78
10 41 27
10 42 29
10 43 39
10 44 49
10 45 52
10 46 76
10 47 52
10 48 43
10 49 39
11 12 36
11 13 44
11 14 35
11 15 31
11 16 55
11 17 56
11 18 7
11 19 53
11 20 38
11 21 32
11 22 19
11 23 18
11 24 52
11 25 51
11 26 47
11 27 29
11 28 25
11 29 39
11 30 59
11 31 47
11 32 61
11 33 56
11 34 43
11 35 49
11 36 57
11 37 36
11 38 53
11 39 45
11 40 53
11 41 41
11 42 49
11 43 53
11 44 47
11 45 43
11 46 50
11 47 44
11 48 25
11 49 48
12 13 76
12 14 66
12 15 4
12 16 62
12 17 54
12 18 34
12 19 33
12 20 34
12 21 66
12 22 48
12 23 53
12 24 18
12 25 66
12 26 21
12 27 57
12 28 57
12 29 72
12 30 34
12 31 63
12 32 33
12 33 23
12 34 57
12 35 61
12 36 55
12 37 26
12 38 63
12 39 80
12 40 89
12 41 44
12 42 44
12 43 21
12 44 67
12 45 41
12 46 85
12 47 69
12 48 57
12 49 21
13 14 48
13 15 72
13 16 88
13 17 95
13 18 43
13 19 79
13 20 80
13 21 14
13 22 48
13 23 27
13 24 94
13 25 80
13 26 80
13 27 52
13 28 19
13 29 6
13 30 88
13 31 38
13 32 92
13 33 92
13 34 76
13 35 81
13 36 95
13 37 64
13 38 86
13 39 37
13 40 30
13 41 53
13 42 65
13 43 96
13 44 32
13 45 84
13 46 33
13 47 21
13 48 19
13 49 92
14 15 62
14 16 44
14 17 55
14 18 41
14 19 88
14 20 48
14 21 35
14 22 17
14 23 29
14 24 79
14 25 34
14 26 81
14 27 10
14 28 39
14 29 42
14 30 93
14 31 73
14 32 95
14 33 89
14 34 32
14 35 36
14 36 55
14 37 71
14 38 41
14 39 20
14 40 34
14 41 73
14 42 83
14 43 78
14 44 69
14 45 48
14 46 29
14 47 62
14 48 39
14 49 70
15 16 60
15 17 53
15 18 30
15 19 34
15 20 33
15 21 62
15 22 44
15 23 49
15 24 22
15 25 63
15 26 23
15 27 53
15 28 53
15 29 68
15 30 36
15 31 60
15 32 35
15 33 27
15 34 54
15 35 59
15 36 54
15 37 25
15 38 61
15 39 75
15 40 84
15 41 42
15 42 43
15 43 24
15 44 64
15 45 40
15 46 81
15 47 66
15 48 53
15 49 23
16 17 16
16 18 61
16 19 94
16 20 28
16 21 74
16 22 41
16 23 63
16 24 66
16 25 12
16 26 83
16 27 37
16 28 74
16 29 82
16 30 96
16 31 102
16 32 95
16 33 84
16 34 13
16 35 8
16 36 15
16 37 82
16 38 3
16 39 63
16 40 78
16 41 93
16 42 99
16 43 61
16 44 101
16 45 22
16 46 72
16 47 96
16 48 74
16 49 52
17 18 62
17 19 87
17 20 21
17 21 81
17 22 47
17 23 68
17 24 54
17 25 27
17 26 75
17 27 47
17 28 79
17 29 89
17 30 87
17 31 102
17 32 85
17 33 73
17 34 24
17 35 22
17 36 1
17 37 77
17 38 19
17 39 75
17 40 89
17 41 91
17 42 95
17 43 48
17 44 103
17 45 14
17 46 84
17 47 100
17 48 79
17 49 40
18 19 47
18 20 43
18 21 32
18 22 26
18 23 20
18 24 51
18 25 58
18 26 42
18 27 36
18 28 24
18 29 39
18 30 54
18 31 41
18 32 56
18 33 53
18 34 50
18 35 56
18 36 62
18 37 30
18 38 60
18 39 49
18 40 56
18 41 34
18 42 43
18 43 53
18 44 41
18 45 48
18 46 54
18 47 40
18 48 24
18 49 49
19 20 67
19 21 74
19 22 71
19 23 66
19 24 41
19 25 96
19 26 13
19 27 80
19 28 64
19 29 78
19 30 9
19 31 50
19 32 14
19 33 23
19 34 87
19 35 92
19 36 88
19 37 17
19 38 94
19 39 96
19 40 101
19 41 29
19 42 20
19 43 47
19 44 57
19 45 74
19 46 100
19 47 64
19 48 64
19 49 51
20 21 67
20 22 35
20 23 53
20 24 38
20 25 34
20 26 55
20 27 39
20 28 62
20 29 75
20 30 68
20 31 83
20 32 67
20 33 56
20 34 26
20 35 29
20 36 21
20 37 56
20 38 29
20 39 67
20 40 80
20 41 70
20 42 74
20 43 34
20 44 84
20 45 7
20 46 75
20 47 82
20 48 62
20 49 26
21 22 34
21 23 14
21 24 84
21 25 66
21 26 73
21 27 37
21 28 11
21 29 8
21 30 83
21 31 42
21 32 85
21 33 84
21 34 61
21 35 67
21 36 81
21 37 58
21 38 72
21 39 27
21 40 27
21 41 51
21 42 63
21 43 85
21 44 37
21 45 70
21 46 27
21 47 28
21 48 11
21 49 80
22 23 22
22 24 62
22 25 35
22 26 64
22 27 10
22 28 33
22 29 42
22 30 76
22 31 63
22 32 77
22 33 71
22 34 28
22 35 34
22 36 47
22 37 55
22 38 39
22 39 33
22 40 45
22 41 59
22 42 69
22 43 61
22 44 61
22 45 37
22 46 40
22 47 56
22 48 33
22 49 54
23 24 70
23 25 56
23 26 62
23 27 28
23 28 11
23 29 22
23 30 73
23 31 44
23 32 75
23 33 73
23 34 50
23 35 56
23 36 68
23 37 49
23 38 61
23 39 31
23 40 36
23 41 46
23 42 57
23 43 71
23 44 41
23 45 57
23 46 34
23 47 34
23 48 11
23 49 66
24 25 72
24 26 29
24 27 70
24 28 75
24 29 90
24 30 38
24 31 80
24 32 34
24 33 21
24 34 64
24 35 67
24 36 55
24 37 41
24 38 68
24 39 95
24 40 105
24 41 60
24 42 57
24 43 6
24 44 84
24 45 44
24 46 101
24 47 87
24 48 75
24 49 14
25 26 86
25 27 29
25 28 67
25 29 74
25 30 99
25 31 97
25 32 98
25 33 88
25 34 9
25 35 6
25 36 27
25 37 82
25 38 9
25 39 53
25 40 67
25 41 91
25 42 98
25 43 68
25 44 96
25 45 29
25 46 61
25 47 90
25 48 67
25 49 59
26 27 73
26 28 62
26 29 77
26 30 13
26 31 56
26 32 14
26 33 14
26 34 77
26 35 81
26 36 76
26 37 17
26 38 84
26 39 92
26 40 98
26 41 35
26 42 29
26 43 35
26 44 62
26 45 62
26 46 96
26 47 67
26 48 62
26 49 39
27 28 39
27 29 45
27 30 86
27 31 71
27 32 87
27 33 80
27 34 25
27 35 30
27 36 47
27 37 65
27 38 35
27 39 29
27 40 42
27 41 69
27 42 78
27 43 68
27 44 69
27 45 39
27 46 37
27 47 62
27 48 39
27 49 60
28 29 15
28 30 72
28 31 34
28 32 75
28 33 74
28 34 61
28 35 67
28 36 79
28 37 47
28 38 72
28 39 37
28 40 38
28 41 40
28 42 52
28 43 77
28 44 30
28 45 67
28 46 37
28 47 23
28 48 0
28 49 72
29 30 86
29 31 40
29 32 89
29 33 89
29 34 70
29 35 75
29 36 89
29 37 61
29 38 80
29 39 32
29 40 27
29 41 52
29 42 64
29 43 91
29 44 34
29 45 78
29 46 29
29 47 24
29 48 15
29 49 87
30 31 60
30 32 5
30 33 17
30 34 90
30 35 94
30 36 88
30 37 25
30 38 96
30 39 103
30 40 109
30 41 38
30 42 29
30 43 44
30 44 66
30 45 75
30 46 107
30 47 73
30 48 72
30 49 49
31 32 64
31 33 70
31 34 90
31 35 96
31 36 103
31 37 40
31 38 100
31 39 70
31 40 67
31 41 22
31 42 32
31 43 84
31 44 7
31 45 89
31 46 69
31 47 18
31 48 34
31 49 83
32 33 13
32 34 89
32 35 94
32 36 86
32 37 28
32 38 96
32 39 105
32 40 111
32 41 43
32 42 34
32 43 41
32 44 70
32 45 73
32 46 109
32 47 77
32 48 75
32 49 47
33 34 79
33 35 84
33 36 74
33 37 31
33 38 85
33 39 101
33 40 109
33 41 48
33 42 42
33 43 27
33 44 75
33 45 62
33 46 106
33 47 81
33 48 74
33 49 34
34 35 6
34 36 23
34 37 73
34 38 11
34 39 52
34 40 66
34 41 83
34 42 90
34 43 60
34 44 89
34 45 22
34 46 60
34 47 84
34 48 61
34 49 51
35 36 21
35 37 79
35 38 5
35 39 56
35 40 70
35 41 89
35 42 96
35 43 63
35 44 95
35 45 24
35 46 64
35 47 90
35 48 67
35 49 54
36 37 78
36 38 18
36 39 75
36 40 89
36 41 91
36 42 96
36 43 50
36 44 103
36 45 15
36 46 83
36 47 100
36 48 79
36 49 41
37 38 82
37 39 79
37 40 84
37 41 19
37 42 18
37 43 46
37 44 45
37 45 63
37 46 83
37 47 50
37 48 47
37 49 47
38 39 61
38 40 75
38 41 92
38 42 99
38 43 63
38 44 99
38 45 24
38 46 69
38 47 95
38 48 72
38 49 54
39 40 14
39 41 76
39 42 88
39 43 94
39 44 65
39 45 68
39 46 9
39 47 55
39 48 36
39 49 87
40 41 78
40 42 90
40 43 105
40 44 61
40 45 81
40 46 6
40 47 51
40 48 38
40 49 98
41 42 12
41 43 64
41 44 28
41 45 77
41 46 78
41 47 36
41 48 41
41 49 65
42 43 63
42 44 39
42 45 81
42 46 90
42 47 47
42 48 52
42 49 65
43 44 88
43 45 39
43 46 101
43 47 90
43 48 77
43 49 9
44 45 90
44 46 63
44 47 11
44 48 30
44 49 86
45 46 76
45 47 87
45 48 66
45 49 31
46 47 53
46 48 37
46 49 94
47 48 23
47 49 88
48 49 72
0 1 47
0 2 34
0 3 41
0 5 17
0 12 10
0 13 84
0 16 59
0 17 48
0 18 41
0 21 73
0 22 52
0 23 60
0 28 65
0 31 73
0 34 55
0 35 59
0 36 50
0 39 84
0 40 94
0 42 53
0 44 76
0 45 37
0 46 91
0 47 78
0 48 65
1 2 31
1 3 37
1 4 11
1 6 34
1 7 65
1 8 26
1 12 38
1 13 63
1 14 79
1 16 93
1 18 38
1 19 17
1 20 68
1 25 93
1 28 49
1 31 33
1 33 38
1 34 84
1 35 90
1 38 93
1 41 12
1 42 6
1 44 40
1 49 59
2 5 50
2 7 37
2 8 10
2 9 71
2 10 13
2 11 14
2 12 26
2 13 51
2 14 49
2 16 63
2 17 61
2 22 33
2 23 29
2 25 62
2 26 33
2 29 47
2 30 45
2 31 42
2 32 46
2 33 44
2 35 59
2 38 63
2 39 59
2 40 65
2 41 30
2 43 46
2 46 63
2 47 45
2 49 43
3 6 45
3 8 18
3 10 21
3 11 8
3 12 33
3 13 44
3 14 42
3 15 29
3 18 1
3 25 58
3 30 52
3 38 60
3 44 42
3 46 55
3 48 25
4 5 60
4 7 55
4 10 20
4 11 35
4 12 38
4 15 36
4 17 84
4 19 27
4 22 54
4 23 42
4 25 85
4 28 38
4 32 40
4 34 77
4 36 85
4 38 86
4 39 73
4 40 76
4 45 70
4 46 75
4 48 38
5 8 42
5 10 42
5 13 101
5 21 90
5 22 68
5 23 77
5 24 6
5 26 33
5 33 23
5 35 71
5 38 71
5 39 101
5 42 62
5 46 107
5 47 93
5 48 81
5 49 17
6 7 71
6 8 27
6 10 25
6 12 18
6 13 86
6 14 82
6 16 79
6 18 46
6 19 21
6 21 78
6 23 66
6 25 83
6 26 9
6 30 18
6 31 65
6 32 15
6 34 74
6 36 71
6 38 80
6 39 95
6 40 102
6 42 38
6 46 100
7 8 46
7 9 38
7 12 55
7 13 40
7 16 48
7 17 56
7 18 28
7 19 75
7 21 26
7 23 17
7 28 27
7 29 34
7 30 81
7 31 60
7 36 56
7 39 25
7 42 70
7 43 70
7 45 47
7 46 31
7 48 27
8 10 3
8 11 24
8 12 18
8 17 63
8 18 19
8 23 39
8 24 36
8 26 23
8 27 51
8 28 41
8 29 56
8 30 35
8 32 36
8 35 64
8 38 67
8 39 69
8 41 28
8 42 32
8 44 48
8 45 49
8 47 51
9 13 40
9 16 75
9 17 88
9 19 107
9 20 81
9 21 35
9 23 42
9 24 108
9 25 64
9 27 42
9 30 115
9 33 114
9 40 9
9 41 86
9 43 108
9 45 81
9 48 45
10 15 16
10 16 70
10 18 22
10 19 26
10 22 45
10 23 42
10 24 35
10 26 20
10 27 54
10 28 43
10 29 58
10 30 32
10 31 45
10 33 31
10 34 62
10 38 70
10 39 71
10 40 78
10 46 76
10 47 52
10 48 43
10 49 39
11 12 36
11 13 44
11 14 35
11 16 55
11 19 53
11 22 19
11 23 18
11 24 52
11 26 47
11 28 25
11 29 39
11 30 59
11 31 47
11 32 61
11 37 36
11 38 53
11 39 45
11 41 41
11 47 44
12 13 76
12 14 66
12 16 62
12 22 48
12 23 53
12 26 21
12 27 57
12 29 72
12 33 23
12 34 57
12 36 55
12 37 26
12 40 89
12 41 44
12 43 21
12 48 57
12 49 21
13 14 48
13 15 72
13 16 88
13 19 79
13 21 14
13 22 48
13 23 27
13 24 94
13 25 80
13 26 80
13 29 6
13 30 88
13 36 95
13 37 64
13 38 86
13 39 37
13 41 53
13 45 84
13 46 33
13 47 21
13 49 92
14 15 62
14 16 44
14 20 48
14 21 35
14 22 17
14 23 29
14 24 79
14 25 34
14 26 81
14 27 10
14 30 93
14 31 73
14 33 89
14 34 32
14 35 36
14 37 71
14 38 41
14 39 20
14 40 34
14 41 73
14 42 83
14 43 78
14 45 48
14 46 29
14 47 62
14 48 39
14 49 70
15 16 60
15 20 33
15 21 62
15 22 44
15 23 49
15 25 63
15 26 23
15 27 53
15 31 60
15 32 35
15 34 54
15 35 59
15 37 25
15 38 61
15 45 40
15 48 53
15 49 23
16 18 61
16 21 74
16 22 41
16 25 12
16 27 37
16 28 74
16 30 96
16 31 102
16 33 84
16 35 8
16 37 82
16 40 78
16 41 93
16 42 99
16 44 101
16 45 22
16 48 74
16 49 52
17 19 87
17 23 68
17 24 54
17 29 89
17 30 87
17 32 85
17 35 22
17 36 1
17 41 91
17 42 95
17 44 103
17 48 79
17 49 40
18 20 43
18 23 20
18 26 42
18 34 50
18 36 62
18 37 30
18 39 49
18 40 56
18 42 43
18 43 53
18 44 41
18 45 48
18 47 40
19 20 67
19 22 71
19 23 66
19 24 41
19 27 80
19 29 78
19 37 17
19 39 96
19 40 101
19 46 100
19 47 64
19 48 64
20 21 67
20 24 38
20 28 62
20 30 68
20 32 67
20 33 56
20 36 21
20 39 67
20 42 74
20 43 34
20 45 7
20 46 75
20 47 82
20 48 62
21 3 33
21 22 34
21 24 84
21 29 8
21 31 42
21 36 81
21 38 72
21 39 27
21 40 27
21 43 85
21 46 27
21 49 80
22 23 22
22 24 62
22 25 35
22 26 64
22 27 10
22 32 77
22 33 71
22 36 47
22 40 45
22 41 59
22 44 61
22 45 37
22 46 40
23 25 56
23 27 28
23 30 73
23 31 44
23 35 56
23 36 68
23 37 49
23 38 61
23 40 36
23 42 57
23 43 71
23 44 41
23 49 66
24 26 29
24 27 70
24 28 75
24 29 90
24 30 38
24 32 34
24 40 105
24 43 6
24 44 84
24 46 101
24 47 87
24 49 14
25 28 67
25 29 74
25 34 9
25 35 6
25 37 82
25 38 9
25 39 53
25 41 91
25 46 61
25 49 59
26 27 73
26 30 13
26 32 14
26 33 14
26 36 76
26 38 84
26 42 29
26 43 35
26 45 62
26 46 96
26 47 67
26 48 62
26 49 39
27 31 71
27 32 87
27 34 25
27 35 30
27 37 65
27 39 29
27 41 69
27 42 78
27 44 69
27 45 39
28 30 72
28 31 34
28 32 75
28 35 67
28 36 79
28 37 47
28 38 72
28 39 37
28 40 38
28 41 40
28 42 52
28 45 67
28 46 37
28 48 0
29 30 86
29 33 89
29 34 70
29 36 89
29 38 80
29 40 27
29 41 52
29 42 64
29 44 34
29 46 29
29 47 24
29 48 15
29 49 87
30 31 60
30 32 5
30 33 17
30 35 94
30 38 96
30 39 103
30 41 38
30 42 29
30 43 44
30 44 66
30 46 107
30 47 73
30 48 72
31 37 40
31 39 70
31 40 67
31 41 22
31 42 32
31 43 84
31 44 7
31 46 69
31 49 83
32 35 94
32 38 96
32 40 111
32 41 43
32 42 34
32 44 70
32 46 109
32 47 77
32 48 75
33 34 79
33 36 74
33 37 31
33 39 101
33 41 48
33 42 42
33 44 75
33 45 62
34 35 6
34 37 73
34 38 11
34 39 52
34 43 60
34 45 22
34 49 51
35 36 21
35 37 79
35 38 5
35 40 70
35 42 96
35 43 63
35 44 95
35 45 24
35 46 64
36 37 78
36 39 75
36 40 89
36 43 50
36 44 103
36 45 15
36 49 41
37 42 18
37 43 46
37 44 45
37 46 83
38 39 61
38 40 75
38 41 92
38 43 63
38 46 69
38 48 72
39 41 76
39 42 88
39 44 65
39 45 68
39 47 55
40 45 81
40 47 51
41 43 64
42 43 63
42 45 81
42 47 47
42 48 52
42 49 65
43 44 88
43 45 39
43 46 101
43 47 90
44 45 90
44 47 11
44 49 86
45 47 87
46 48 37
47 48 23
47 49 88
48 49 72
