100 0.7 5 1 0.5 4950 3465 87
0.690968 0.125371 52
0.0636432 0.538435 22
0.814461 0.786605 38
0.892937 0.735323 42
0.440284 0.868546 19
0.0818819 0.698039 14
0.191681 0.0818963 45
0.460725 0.316286 38
0.520217 0.945146 22
0.326443 0.381748 32
0.0793368 0.412741 28
0.679917 0.767413 32
0.367177 0.349742 35
0.243463 0.227936 38
0.386692 0.261729 39
0.852638 0.94502 38
0.585924 0.537245 33
0.311273 0.705054 18
0.381761 0.651064 22
0.795227 0.876908 36
0.577144 0.0804846 51
0.31061 0.617698 21
0.0838639 0.979917 0
0.108547 0.791292 10
0.618938 0.0885311 52
0.204618 0.690124 16
0.595004 0.190658 47
0.664518 0.114286 52
0.710499 0.472229 40
0.646398 0.724161 31
0.898967 0.823679 41
0.623157 0.118534 51
0.345038 0.947694 13
0.114361 0.695223 14
0.1291 0.360058 31
0.89967 0.904447 41
0.00175946 0.854254 8
0.773334 0.0737684 57
0.03441 0.810865 9
0.0464996 0.660932 16
0.482809 0.972903 20
0.442102 0.305521 38
0.378471 0.684647 21
0.366133 0.870913 15
0.799598 0.699845 38
0.849875 0.341252 50
0.910767 0.591983 46
0.076701 0.560892 21
0.0429891 0.118841 43
0.274018 0.123322 44
0.368907 0.762878 18
0.645621 0.818848 29
0.359742 0.431007 31
0.0609866 0.472919 25
0.184712 0.20595 39
0.64935 0.361535 42
0.729486 0.311792 46
0.949082 0.19156 59
0.946971 0.963698 43
0.558191 0.642778 29
0.0687307 0.563997 21
0.164346 0.666724 16
0.134089 0.727261 13
0.830123 0.402026 47
0.305571 0.330525 34
0.206082 0.604568 20
0.436899 0.0609561 49
0.81907 0.952551 37
0.0219858 0.494882 24
0.988469 0.344802 55
0.442214 0.395994 34
0.72703 0.394772 43
0.844512 0.60602 42
0.564238 0.507322 34
0.498333 0.380416 36
0.474313 0.219282 43
0.17007 0.0935881 45
0.911261 0.131046 59
0.575389 0.720318 28
0.738794 0.706788 35
0.871164 0.947182 39
0.917786 0.941641 42
0.325583 0.352735 34
0.896373 0.632998 44
0.264665 0.513271 25
0.324638 0.303875 36
0.261674 0.354218 33
0.388891 0.470685 30
0.931518 0.490969 49
0.252229 0.674023 17
0.404705 0.879259 17
0.777233 0.254669 50
0.197077 0.000318174 49
0.1718 0.482194 25
0.998042 0.16889 61
0.961938 0.338038 54
0.757551 0.289418 48
0.681305 0.288474 46
0.908934 0.221625 56
0.479144 0.258821 41
0 1 75
0 2 67
0 3 64
0 4 78
0 5 84
0 6 50
0 7 30
0 8 84
0 9 45
0 10 68
0 11 64
0 12 39
0 13 46
0 14 33
0 15 84
0 16 43
0 17 69
0 18 61
0 19 76
0 20 12
0 21 62
0 22 105
0 23 88
0 24 8
0 25 75
0 26 12
0 27 3
0 28 35
0 29 60
0 30 73
0 31 7
0 32 89
0 33 81
0 34 61
0 35 81
0 36 100
0 37 10
0 38 95
0 39 84
0 40 87
0 41 31
0 42 64
0 43 81
0 44 58
0 45 27
0 46 52
0 47 75
0 48 65
0 49 42
0 50 71
0 51 69
0 52 45
0 53 72
0 54 51
0 55 24
0 56 19
0 57 27
0 58 88
0 59 53
0 60 76
0 61 76
0 62 82
0 63 31
0 64 44
0 65 68
0 66 26
0 67 84
0 68 76
0 69 37
0 70 37
0 71 27
0 72 50
0 73 40
0 74 32
0 75 24
0 76 52
0 77 22
0 78 61
0 79 58
0 80 84
0 81 85
0 82 43
0 83 55
0 84 58
0 85 41
0 86 49
0 87 46
0 88 44
0 89 70
0 90 81
0 91 16
0 92 51
0 93 63
0 94 31
0 95 34
0 96 18
0 97 16
0 98 24
0 99 25
1 2 79
1 3 85
1 4 50
1 5 16
1 6 47
1 7 45
1 8 61
1 9 31
1 10 13
1 11 66
1 12 36
1 13 36
1 14 43
1 15 89
1 16 52
1 17 30
1 18 34
1 19 81
1 20 69
1 21 26
1 22 44
1 23 26
1 24 71
1 25 21
1 26 64
1 27 74
1 28 65
1 29 61
1 30 88
1 31 70
1 32 50
1 33 16
1 34 19
1 35 91
1 36 32
1 37 85
1 38 27
1 39 12
1 40 60
1 41 44
1 42 35
1 43 45
1 44 75
1 45 81
1 46 85
1 47 3
1 48 42
1 49 47
1 50 38
1 51 65
1 52 31
1 53 7
1 54 35
1 55 61
1 56 70
1 57 95
1 58 98
1 59 51
1 60 3
1 61 16
1 62 20
1 63 78
1 64 32
1 65 16
1 66 61
1 67 86
1 68 6
1 69 94
1 70 40
1 71 68
1 72 78
1 73 50
1 74 46
1 75 52
1 76 46
1 77 94
1 78 54
1 79 70
1 80 91
1 81 94
1 82 32
1 83 84
1 84 20
1 85 35
1 86 27
1 87 33
1 88 87
1 89 23
1 90 48
1 91 77
1 92 55
1 93 12
1 94 100
1 95 92
1 96 74
1 97 67
1 98 90
1 99 50
2 3 9
2 4 38
2 5 74
2 6 94
2 7 59
2 8 33
2 9 63
2 10 82
2 11 14
2 12 63
2 13 80
2 14 68
2 15 16
2 16 34
2 17 51
2 18 45
2 19 9
2 20 74
2 21 53
2 22 76
2 23 71
2 24 72
2 25 62
2 26 64
2 27 69
2 28 33
2 29 18
2 30 9
2 31 69
2 32 50
2 33 71
2 34 81
2 35 15
2 36 82
2 37 71
2 38 78
2 39 78
2 40 38
2 41 61
2 42 45
2 43 46
2 44 9
2 45 45
2 46 22
2 47 77
2 48 102
2 49 86
2 50 45
2 51 17
2 52 58
2 53 82
2 54 86
2 55 46
2 56 48
2 57 61
2 58 22
2 59 29
2 60 78
2 61 66
2 62 68
2 63 38
2 64 68
2 65 64
2 66 82
2 67 17
2 68 84
2 69 47
2 70 54
2 71 40
2 72 18
2 73 37
2 74 51
2 75 66
2 76 95
2 77 66
2 78 25
2 79 11
2 80 17
2 81 19
2 82 65
2 83 17
2 84 61
2 85 69
2 86 70
2 87 53
2 88 32
2 89 57
2 90 42
2 91 53
2 92 100
2 93 71
2 94 64
2 95 47
2 96 50
2 97 52
2 98 57
2 99 63
3 4 47
3 5 81
3 6 96
3 7 60
3 8 43
3 9 67
3 10 88
3 11 22
3 12 65
3 13 82
3 14 69
3 15 21
3 16 37
3 17 58
3 18 52
3 19 17
3 20 73
3 21 59
3 22 85
3 23 79
3 24 70
3 25 69
3 26 62
3 27 66
3 28 32
3 29 25
3 30 9
3 31 67
3 32 59
3 33 78
3 34 85
3 35 17
3 36 90
3 37 67
3 38 86
3 39 85
3 40 47
3 41 62
3 42 52
3 43 54
3 44 10
3 45 40
3 46 14
3 47 83
3 48 105
3 49 87
3 50 52
3 51 26
3 52 61
3 53 87
3 54 88
3 55 45
3 56 45
3 57 55
3 58 23
3 59 35
3 60 84
3 61 73
3 62 76
3 63 34
3 64 71
3 65 70
3 66 81
3 67 23
3 68 90
3 69 40
3 70 56
3 71 38
3 72 14
3 73 40
3 74 53
3 75 66
3 76 97
3 77 60
3 78 32
3 79 16
3 80 21
3 81 21
3 82 68
3 83 10
3 84 67
3 85 71
3 86 74
3 87 57
3 88 25
3 89 64
3 90 51
3 91 49
3 92 101
3 93 76
3 94 58
3 95 40
3 96 47
3 97 49
3 98 51
3 99 63
4 5 40
4 6 82
4 7 55
4 8 11
4 9 50
4 10 58
4 11 26
4 12 52
4 13 67
4 14 61
4 15 42
4 16 36
4 17 21
4 18 23
4 19 36
4 20 80
4 21 28
4 22 37
4 23 34
4 24 80
4 25 30
4 26 70
4 27 79
4 28 48
4 29 25
4 30 46
4 31 77
4 32 12
4 33 37
4 34 60
4 35 46
4 36 44
4 37 86
4 38 41
4 39 45
4 40 11
4 41 56
4 42 19
4 43 7
4 44 40
4 45 67
4 46 55
4 47 48
4 48 85
4 49 76
4 50 13
4 51 21
4 52 44
4 53 55
4 54 71
4 55 55
4 56 63
4 57 85
4 58 52
4 59 25
4 60 48
4 61 34
4 62 34
4 63 61
4 64 55
4 65 35
4 66 81
4 67 39
4 68 56
4 69 76
4 70 47
4 71 55
4 72 48
4 73 38
4 74 49
4 75 65
4 76 82
4 77 88
4 78 20
4 79 34
4 80 44
4 81 48
4 82 53
4 83 51
4 84 40
4 85 58
4 86 54
4 87 40
4 88 62
4 89 27
4 90 4
4 91 70
4 92 90
4 93 47
4 94 89
4 95 74
4 96 66
4 97 63
4 98 80
4 99 61
5 6 63
5 7 54
5 8 50
5 9 40
5 10 29
5 11 60
5 12 45
5 13 50
5 14 53
5 15 81
5 16 53
5 17 23
5 18 30
5 19 74
5 20 79
5 21 24
5 22 28
5 23 10
5 24 81
5 25 12
5 26 72
5 27 82
5 28 67
5 29 57
5 30 83
5 31 79
5 32 36
5 33 3
5 34 34
5 35 84
5 36 18
5 37 93
5 38 12
5 39 5
5 40 49
5 41 53
5 42 30
5 43 33
5 44 72
5 45 85
5 46 84
5 47 14
5 48 58
5 49 61
5 50 29
5 51 58
5 52 39
5 53 23
5 54 50
5 55 66
5 56 75
5 57 100
5 58 90
5 59 48
5 60 13
5 61 9
5 62 6
5 63 80
5 64 43
5 65 16
5 66 73
5 67 78
5 68 21
5 69 97
5 70 47
5 71 71
5 72 77
5 73 52
5 74 52
5 75 62
5 76 61
5 77 100
5 78 49
5 79 66
5 80 83
5 81 87
5 82 42
5 83 82
5 84 26
5 85 46
5 86 39
5 87 38
5 88 87
5 89 17
5 90 37
5 91 82
5 92 71
5 93 23
5 94 106
5 95 95
5 96 79
5 97 73
5 98 95
5 99 59
6 7 36
6 8 92
6 9 33
6 10 35
6 11 84
6 12 32
6 13 15
6 14 27
6 15 109
6 16 60
6 17 63
6 18 60
6 19 100
6 20 39
6 21 55
6 22 90
6 23 71
6 24 43
6 25 61
6 26 42
6 27 47
6 28 65
6 29 79
6 30 102
6 31 43
6 32 88
6 33 62
6 34 29
6 35 109
6 36 80
6 37 58
6 38 75
6 39 60
6 40 94
6 41 34
6 42 63
6 43 81
6 44 87
6 45 71
6 46 88
6 47 49
6 48 15
6 49 9
6 50 70
6 51 87
6 52 39
6 53 41
6 54 12
6 55 54
6 56 58
6 57 77
6 58 116
6 59 67
6 60 50
6 61 59
6 62 65
6 63 71
6 64 27
6 65 52
6 66 25
6 67 107
6 68 45
6 69 84
6 70 40
6 71 62
6 72 84
6 73 57
6 74 43
6 75 31
6 76 2
6 77 72
6 78 74
6 79 83
6 80 110
6 81 113
6 82 30
6 83 89
6 84 44
6 85 26
6 86 28
6 87 44
6 88 85
6 89 60
6 90 83
6 91 61
6 92 8
6 93 40
6 94 81
6 95 81
6 96 60
6 97 53
6 98 73
6 99 34
7 8 63
7 9 15
7 10 39
7 11 50
7 12 10
7 13 23
7 14 9
7 15 74
7 16 25
7 17 42
7 18 34
7 19 65
7 20 26
7 21 34
7 22 76
7 23 59
7 24 28
7 25 45
7 26 18
7 27 29
7 28 29
7 29 45
7 30 67
7 31 26
7 32 64
7 33 51
7 34 33
7 35 73
7 36 71
7 37 40
7 38 65
7 39 54
7 40 66
7 41 2
7 42 38
7 43 56
7 44 51
7 45 39
7 46 53
7 47 46
7 48 46
7 49 27
7 50 46
7 51 54
7 52 15
7 53 43
7 54 30
7 55 19
7 56 27
7 57 50
7 58 81
7 59 34
7 60 46
7 61 46
7 62 52
7 63 38
7 64 16
7 65 38
7 66 26
7 67 73
7 68 47
7 69 53
7 70 8
7 71 28
7 72 48
7 73 22
7 74 7
7 75 10
7 76 37
7 77 49
7 78 42
7 79 48
7 80 75
7 81 77
7 82 14
7 83 54
7 84 28
7 85 14
7 86 20
7 87 17
7 88 50
7 89 41
7 90 57
7 91 32
7 92 41
7 93 33
7 94 56
7 95 50
7 96 30
7 97 22
7 98 46
7 99 6
8 9 60
8 10 69
8 11 24
8 12 61
8 13 77
8 14 70
8 15 33
8 16 41
8 17 32
8 18 33
8 19 28
8 20 87
8 21 39
8 22 44
8 23 44
8 24 86
8 25 41
8 26 76
8 27 84
8 28 51
8 29 25
8 30 40
8 31 83
8 32 18
8 33 48
8 34 70
8 35 38
8 36 53
8 37 91
8 38 50
8 39 55
8 40 5
8 41 64
8 42 30
8 43 17
8 44 37
8 45 69
8 46 53
8 47 59
8 48 95
8 49 86
8 50 24
8 51 18
8 52 54
8 53 66
8 54 81
8 55 60
8 56 67
8 57 87
8 58 43
8 59 30
8 60 59
8 61 45
8 62 44
8 63 63
8 64 65
8 65 46
8 66 89
8 67 30
8 68 67
8 69 76
8 70 55
8 71 59
8 72 47
8 73 44
8 74 57
8 75 73
8 76 92
8 77 90
8 78 23
8 79 32
8 80 35
8 81 40
8 82 62
8 83 49
8 84 50
8 85 67
8 86 65
8 87 49
8 88 61
8 89 38
8 90 13
8 91 74
8 92 100
8 93 58
8 94 91
8 95 75
8 96 70
8 97 68
8 98 82
8 99 69
9 10 25
9 11 52
9 12 5
9 13 17
9 14 13
9 15 77
9 16 30
9 17 32
9 18 27
9 19 68
9 20 39
9 21 24
9 22 65
9 23 46
9 24 41
9 25 33
9 26 33
9 27 43
9 28 39
9 29 47
9 30 72
9 31 40
9 32 57
9 33 38
9 34 20
9 35 78
9 36 57
9 37 54
9 38 52
9 39 40
9 40 61
9 41 14
9 42 31
9 43 49
9 44 57
9 45 52
9 46 62
9 47 31
9 48 39
9 49 26
9 50 38
9 51 54
9 52 6
9 53 28
9 54 23
9 55 32
9 56 41
9 57 65
9 58 85
9 59 35
9 60 32
9 61 33
9 62 40
9 63 50
9 64 6
9 65 25
9 66 34
9 67 75
9 68 32
9 69 66
9 70 12
9 71 40
9 72 56
9 73 27
9 74 17
9 75 22
9 76 33
9 77 64
9 78 42
9 79 53
9 80 79
9 81 81
9 82 3
9 83 62
9 84 15
9 85 8
9 86 7
9 87 11
9 88 61
9 89 30
9 90 50
9 91 47
9 92 40
9 93 18
9 94 70
9 95 64
9 96 44
9 97 37
9 98 60
9 99 20
10 11 70
10 12 29
10 13 25
10 14 34
10 15 94
10 16 52
10 17 37
10 18 39
10 19 85
10 20 60
10 21 31
10 22 57
10 23 38
10 24 63
10 25 30
10 26 56
10 27 66
10 28 63
10 29 65
10 30 92
10 31 62
10 32 60
10 33 28
10 34 7
10 35 96
10 36 45
10 37 77
10 38 40
10 39 25
10 40 69
10 41 38
10 42 40
10 43 54
10 44 78
10 45 77
10 46 85
10 47 15
10 48 30
10 49 35
10 50 45
10 51 70
10 52 28
10 53 6
10 54 23
10 55 57
10 56 66
10 57 90
10 58 103
10 59 53
10 60 15
10 61 27
10 62 32
10 63 75
10 64 24
10 65 23
10 66 50
10 67 92
10 68 10
10 69 91
10 70 36
10 71 65
10 72 79
10 73 49
10 74 42
10 75 44
10 76 33
10 77 88
10 78 58
10 79 72
10 80 96
10 81 99
10 82 25
10 83 85
10 84 21
10 85 27
10 86 19
10 87 31
10 88 86
10 89 31
10 90 57
10 91 72
10 92 43
10 93 12
10 94 95
10 95 89
10 96 69
10 97 61
10 98 85
10 99 43
11 12 52
11 13 69
11 14 58
11 15 25
11 16 25
11 17 37
11 18 32
11 19 16
11 20 69
11 21 40
11 22 63
11 23 57
11 24 68
11 25 48
11 26 58
11 27 65
11 28 30
11 29 5
11 30 23
11 31 65
11 32 38
11 33 57
11 34 69
11 35 26
11 36 68
11 37 70
11 38 65
11 39 64
11 40 28
11 41 52
11 42 31
11 43 33
11 44 14
11 45 46
11 46 29
11 47 64
11 48 91
11 49 76
11 50 31
11 51 6
11 52 46
11 53 69
11 54 75
11 55 41
11 56 46
11 57 64
11 58 33
11 59 17
11 60 64
11 61 53
11 62 55
11 63 40
11 64 58
11 65 50
11 66 75
11 67 23
11 68 71
11 69 52
11 70 44
11 71 38
11 72 23
11 73 28
11 74 43
11 75 59
11 76 84
11 77 68
11 78 11
11 79 8
11 80 26
11 81 29
11 82 55
11 83 25
11 84 49
11 85 58
11 86 59
11 87 42
11 88 37
11 89 44
11 90 30
11 91 52
11 92 91
11 93 58
11 94 68
11 95 51
11 96 48
11 97 48
11 98 59
11 99 55
12 13 17
12 14 9
12 15 77
12 16 29
12 17 36
12 18 30
12 19 68
12 20 34
12 21 27
12 22 69
12 23 51
12 24 36
12 25 38
12 26 28
12 27 38
12 28 36
12 29 47
12 30 71
12 31 34
12 32 60
12 33 43
12 34 24
12 35 77
12 36 62
12 37 49
12 38 57
12 39 45
12 40 63
12 41 9
12 42 34
12 43 52
12 44 56
12 45 48
12 46 60
12 47 36
12 48 40
12 49 24
12 50 41
12 51 55
12 52 8
12 53 33
12 54 23
12 55 28
12 56 36
12 57 60
12 58 84
12 59 35
12 60 37
12 61 38
12 62 44
12 63 47
12 64 6
12 65 30
12 66 30
12 67 75
12 68 37
12 69 62
12 70 9
12 71 36
12 72 54
12 73 25
12 74 13
12 75 17
12 76 32
12 77 59
12 78 43
12 79 52
12 80 78
12 81 81
12 82 4
12 83 60
12 84 19
12 85 6
12 86 11
12 87 12
12 88 58
12 89 34
12 90 53
12 91 42
12 92 39
12 93 24
12 94 66
12 95 59
12 96 40
12 97 32
12 98 56
12 99 14
13 14 15
13 15 94
13 16 46
13 17 48
13 18 45
13 19 85
13 20 36
13 21 40
13 22 77
13 23 58
13 24 40
13 25 46
13 26 35
13 27 44
13 28 53
13 29 64
13 30 89
13 31 40
13 32 73
13 33 48
13 34 17
13 35 94
13 36 67
13 37 55
13 38 62
13 39 48
13 40 78
13 41 21
13 42 48
13 43 65
13 44 73
13 45 62
13 46 76
13 47 37
13 48 23
13 49 11
13 50 55
13 51 71
13 52 23
13 53 31
13 54 6
13 55 43
13 56 49
13 57 71
13 58 102
13 59 52
13 60 38
13 61 45
13 62 51
13 63 61
13 64 12
13 65 38
13 66 26
13 67 93
13 68 35
13 69 75
13 70 26
13 71 51
13 72 71
13 73 43
13 74 30
13 75 23
13 76 15
13 77 67
13 78 59
13 79 69
13 80 95
13 81 98
13 82 15
13 83 77
13 84 29
13 85 11
13 86 13
13 87 28
13 88 74
13 89 45
13 90 67
13 91 53
13 92 23
13 93 26
13 94 76
13 95 73
13 96 52
13 97 44
13 98 67
13 99 24
14 15 83
14 16 34
14 17 45
14 18 39
14 19 74
14 20 26
14 21 36
14 22 78
14 23 60
14 24 29
14 25 47
14 26 22
14 27 31
14 28 39
14 29 53
14 30 76
14 31 28
14 32 69
14 33 51
14 34 28
14 35 82
14 36 71
14 37 43
14 38 65
14 39 52
14 40 72
14 41 7
14 42 42
14 43 61
14 44 60
14 45 47
14 46 62
14 47 43
14 48 37
14 49 18
14 50 50
14 51 61
14 52 17
14 53 39
14 54 21
14 55 28
14 56 35
14 57 57
14 58 90
14 59 42
14 60 44
14 61 46
14 62 53
14 63 47
14 64 11
14 65 39
14 66 21
14 67 81
14 68 43
14 69 61
14 70 15
14 71 37
14 72 57
14 73 30
14 74 16
14 75 10
14 76 27
14 77 54
14 78 50
14 79 57
14 80 84
14 81 86
14 82 11
14 83 63
14 84 28
14 85 8
14 86 16
14 87 21
14 88 59
14 89 43
14 90 62
14 91 39
14 92 32
14 93 31
14 94 62
14 95 58
14 96 37
14 97 30
14 98 52
14 99 9
15 16 49
15 17 59
15 18 56
15 19 9
15 20 91
15 21 63
15 22 77
15 23 76
15 24 89
15 25 70
15 26 80
15 27 85
15 28 49
15 29 30
15 30 13
15 31 86
15 32 51
15 33 78
15 34 93
15 35 6
15 36 86
15 37 87
15 38 83
15 39 85
15 40 37
15 41 76
15 42 54
15 43 49
15 44 25
15 45 60
15 46 36
15 47 87
15 48 116
15 49 100
15 50 52
15 51 24
15 52 71
15 53 92
15 54 100
15 55 62
15 56 65
15 57 76
15 58 10
15 59 42
15 60 87
15 61 74
15 62 75
15 63 54
15 64 82
15 65 73
15 66 98
15 67 3
15 68 94
15 69 62
15 70 69
15 71 56
15 72 34
15 73 52
15 74 67
15 75 82
15 76 109
15 77 82
15 78 36
15 79 26
15 80 2
15 81 7
15 82 79
15 83 32
15 84 73
15 85 83
15 86 84
15 87 66
15 88 46
15 89 66
15 90 45
15 91 69
15 92 115
15 93 82
15 94 79
15 95 62
15 96 66
15 97 68
15 98 73
15 99 78
16 17 32
16 18 23
16 19 40
16 20 46
16 21 29
16 22 67
16 23 54
16 24 45
16 25 41
16 26 35
16 27 43
16 28 14
16 29 20
16 30 42
16 31 42
16 32 48
16 33 50
16 34 49
16 35 48
16 36 66
16 37 50
16 38 62
16 39 55
16 40 45
16 41 27
16 42 25
16 43 40
16 44 27
16 45 33
16 46 33
16 47 51
16 48 69
16 49 52
16 50 31
16 51 29
16 52 25
16 53 53
16 54 52
16 55 19
16 56 27
16 57 50
16 58 56
16 59 11
16 60 52
16 61 44
16 62 49
16 63 28
16 64 35
16 65 39
16 66 50
16 67 48
16 68 57
16 69 45
16 70 20
16 71 20
16 72 27
16 73 4
16 74 18
16 75 34
16 76 61
16 77 52
16 78 18
16 79 23
16 80 50
16 81 52
16 82 32
16 83 32
16 84 32
16 85 35
16 86 37
16 87 21
16 88 35
16 89 36
16 90 39
16 91 34
16 92 66
16 93 42
16 94 55
16 95 43
16 96 30
16 97 27
16 98 45
16 99 30
17 18 9
17 19 51
17 20 68
17 21 9
17 22 36
17 23 22
17 24 69
17 25 11
17 26 59
17 27 69
17 28 46
17 29 34
17 30 60
17 31 66
17 32 24
17 33 20
17 34 39
17 35 62
17 36 34
17 37 78
17 38 30
17 39 27
17 40 32
17 41 42
17 42 7
17 43 17
17 44 49
17 45 65
17 46 61
17 47 28
17 48 64
17 49 58
17 50 8
17 51 35
17 52 28
17 53 34
17 54 51
17 55 48
17 56 57
17 57 82
17 58 69
17 59 25
17 60 28
17 61 15
17 62 18
17 63 60
17 64 37
17 65 15
17 66 66
17 67 56
17 68 36
17 69 77
17 70 34
17 71 52
17 72 54
17 73 32
17 74 37
17 75 51
17 76 63
17 77 83
17 78 26
17 79 43
17 80 61
17 81 65
17 82 35
17 83 59
17 84 20
17 85 40
17 86 35
17 87 25
17 88 66
17 89 7
17 90 20
17 91 65
17 92 71
17 93 26
17 94 87
17 95 75
17 96 61
17 97 56
17 98 77
17 99 48
18 19 47
18 20 60
18 21 8
18 22 44
18 23 31
18 24 61
18 25 18
18 26 51
18 27 61
18 28 37
18 29 27
18 30 55
18 31 58
18 32 30
18 33 27
18 34 39
18 35 58
18 36 43
18 37 70
18 38 38
18 39 34
18 40 34
18 41 35
18 42 3
18 43 22
18 44 42
18 45 56
18 46 53
18 47 32
18 48 63
18 49 54
18 50 11
18 51 31
18 52 22
18 53 37
18 54 49
18 55 39
18 56 49
18 57 73
18 58 65
18 59 18
18 60 32
18 61 22
18 62 26
18 63 51
18 64 33
18 65 18
18 66 59
18 67 53
18 68 39
18 69 68
18 70 26
18 71 43
18 72 46
18 73 23
18 74 29
18 75 44
18 76 60
18 77 74
18 78 21
18 79 36
18 80 57
18 81 61
18 82 30
18 83 51
18 84 18
18 85 35
18 86 32
18 87 18
18 88 57
18 89 13
18 90 23
18 91 56
18 92 68
18 93 27
18 94 78
18 95 66
18 96 52
18 97 47
18 98 68
18 99 40
19 20 83
19 21 55
19 22 72
19 23 69
19 24 81
19 25 62
19 26 71
19 27 77
19 28 41
19 29 21
19 30 12
19 31 78
19 32 46
19 33 70
19 34 84
19 35 11
19 36 79
19 37 80
19 38 76
19 39 78
19 40 33
19 41 67
19 42 46
19 43 43
19 44 18
19 45 54
19 46 31
19 47 78
19 48 107
19 49 92
19 50 44
19 51 16
19 52 62
19 53 84
19 54 91
19 55 54
19 56 57
19 57 70
19 58 17
19 59 33
19 60 79
19 61 66
19 62 68
19 63 48
19 64 73
19 65 65
19 66 89
19 67 8
19 68 86
19 69 57
19 70 60
19 71 49
19 72 28
19 73 44
19 74 58
19 75 73
19 76 100
19 77 75
19 78 27
19 79 18
19 80 10
19 81 14
19 82 70
19 83 26
19 84 64
19 85 74
19 86 75
19 87 57
19 88 41
19 89 58
19 90 39
19 91 62
19 92 106
19 93 74
19 94 74
19 95 56
19 96 59
19 97 60
19 98 67
19 99 69
20 21 60
20 22 103
20 23 85
20 24 4
20 25 71
20 26 11
20 27 9
20 28 41
20 29 65
20 30 81
20 31 6
20 32 90
20 33 77
20 34 53
20 35 88
20 36 96
20 37 20
20 38 91
20 39 79
20 40 90
20 41 26
20 42 64
20 43 82
20 44 66
20 45 38
20 46 61
20 47 69
20 48 54
20 49 31
20 50 71
20 51 74
20 52 41
20 53 65
20 54 41
20 55 29
20 56 28
20 57 39
20 58 96
20 59 56
20 60 70
20 61 72
20 62 78
20 63 41
20 64 37
20 65 64
20 66 14
20 67 91
20 68 69
20 69 49
20 70 34
20 71 35
20 72 59
20 73 43
20 74 31
20 75 17
20 76 41
20 77 34
20 78 64
20 79 65
20 80 92
20 81 93
20 82 37
20 83 64
20 84 53
20 85 34
20 86 42
20 87 43
20 88 54
20 89 68
20 90 82
20 91 27
20 92 39
20 93 57
20 94 43
20 95 46
20 96 28
20 97 23
20 98 36
20 99 20
21 22 43
21 23 27
21 24 61
21 25 13
21 26 51
21 27 62
21 28 43
21 29 35
21 30 62
21 31 59
21 32 33
21 33 21
21 34 32
21 35 66
21 36 39
21 37 71
21 38 34
21 39 27
21 40 39
21 41 34
21 42 10
21 43 26
21 44 50
21 45 61
21 46 60
21 47 24
21 48 57
21 49 50
21 50 16
21 51 39
21 52 19
21 53 29
21 54 43
21 55 42
21 56 52
21 57 77
21 58 72
21 59 25
21 60 25
21 61 15
21 62 21
21 63 56
21 64 29
21 65 11
21 66 57
21 67 61
21 68 31
21 69 73
21 70 26
21 71 47
21 72 53
21 73 28
21 74 30
21 75 43
21 76 54
21 77 77
21 78 28
21 79 44
21 80 65
21 81 69
21 82 27
21 83 59
21 84 11
21 85 31
21 86 27
21 87 17
21 88 63
21 89 8
21 90 28
21 91 59
21 92 63
21 93 19
21 94 82
21 95 71
21 96 55
21 97 50
21 98 72
21 99 40
22 23 19
22 24 104
22 25 31
22 26 94
22 27 104
22 28 81
22 29 62
22 30 83
22 31 102
22 32 26
22 33 29
22 34 62
22 35 82
22 36 15
22 37 114
22 38 18
22 39 32
22 40 40
22 41 76
22 42 42
22 43 30
22 44 77
22 45 100
22 46 91
22 47 42
22 48 86
22 49 88
22 50 36
22 51 58
22 52 61
22 53 51
22 54 78
22 55 84
22 56 93
22 57 117
22 58 86
22 59 58
22 60 42
22 61 32
22 62 26
22 63 94
22 64 69
22 65 39
22 66 98
22 67 74
22 68 49
22 69 111
22 70 69
22 71 87
22 72 85
22 73 67
22 74 73
22 75 85
22 76 89
22 77 119
22 78 56
22 79 71
22 80 79
22 81 83
22 82 67
22 83 88
22 84 50
22 85 72
22 86 65
22 87 59
22 88 98
22 89 35
22 90 34
22 91 100
22 92 99
22 93 51
22 94 122
22 95 109
22 96 96
22 97 91
22 98 112
22 99 82
23 24 87
23 25 14
23 26 77
23 27 88
23 28 68
23 29 54
23 30 79
23 31 85
23 32 28
23 33 10
23 34 43
23 35 80
23 36 12
23 37 98
23 38 8
23 39 14
23 40 42
23 41 59
23 42 29
23 43 27
23 44 70
23 45 87
23 46 83
23 47 23
23 48 68
23 49 69
23 50 26
23 51 54
23 52 44
23 53 32
23 54 59
23 55 69
23 56 78
23 57 103
23 58 86
23 59 47
23 60 23
23 61 14
23 62 7
23 63 82
23 64 50
23 65 21
23 66 80
23 67 73
23 68 31
23 69 99
23 70 52
23 71 73
23 72 76
23 73 54
23 74 57
23 75 68
23 76 70
23 77 104
23 78 47
23 79 64
23 80 78
23 81 82
23 82 49
23 83 80
23 84 32
23 85 53
23 86 46
23 87 43
23 88 88
23 89 19
23 90 31
23 91 86
23 92 80
23 93 32
23 94 109
23 95 97
23 96 82
23 97 76
23 98 98
23 99 65
24 25 73
24 26 10
24 27 5
24 28 39
24 29 64
24 30 79
24 31 3
24 32 90
24 33 79
24 34 56
24 35 86
24 36 98
24 37 16
24 38 93
24 39 81
24 40 89
24 41 28
24 42 64
24 43 82
24 44 64
24 45 34
24 46 58
24 47 72
24 48 58
24 49 35
24 50 72
24 51 73
24 52 43
24 53 68
24 54 45
24 55 27
24 56 25
24 57 35
24 58 93
24 59 56
24 60 73
24 61 74
24 62 80
24 63 38
24 64 40
24 65 66
24 66 18
24 67 89
24 68 72
24 69 45
24 70 35
24 71 32
24 72 56
24 73 42
24 74 32
24 75 19
24 76 45
24 77 30
24 78 63
24 79 63
24 80 89
24 81 90
24 82 39
24 83 61
24 84 55
24 85 36
24 86 45
24 87 45
24 88 51
24 89 69
24 90 82
24 91 23
24 92 43
24 93 60
24 94 39
24 95 42
24 96 24
24 97 21
24 98 32
24 99 22
25 26 63
25 27 74
25 28 55
25 29 44
25 30 71
25 31 71
25 32 29
25 33 9
25 34 34
25 35 73
25 36 26
25 37 84
25 38 21
25 39 16
25 40 40
25 41 45
25 42 17
25 43 24
25 44 60
25 45 73
25 46 71
25 47 18
25 48 59
25 49 57
25 50 18
25 51 46
25 52 30
25 53 26
25 54 48
25 55 55
25 56 65
25 57 90
25 58 79
25 59 36
25 60 19
25 61 5
25 62 8
25 63 69
25 64 37
25 65 9
25 66 67
25 67 67
25 68 27
25 69 86
25 70 38
25 71 60
25 72 65
25 73 40
25 74 43
25 75 54
25 76 60
25 77 90
25 78 37
25 79 53
25 80 71
25 81 76
25 82 36
25 83 69
25 84 19
25 85 40
25 86 34
25 87 29
25 88 75
25 89 5
25 90 28
25 91 72
25 92 69
25 93 21
25 94 95
25 95 84
25 96 68
25 97 62
25 98 85
25 99 51
26 27 10
26 28 30
26 29 54
26 30 70
26 31 8
26 32 80
26 33 70
26 34 50
26 35 78
26 36 89
26 37 21
26 38 84
26 39 72
26 40 79
26 41 19
26 42 54
26 43 72
26 44 55
26 45 30
26 46 51
26 47 64
26 48 56
26 49 33
26 50 62
26 51 63
26 52 34
26 53 60
26 54 41
26 55 18
26 56 18
26 57 35
26 58 85
26 59 45
26 60 65
26 61 64
26 62 71
26 63 32
26 64 32
26 65 57
26 66 20
26 67 79
26 68 65
26 69 42
26 70 26
26 71 24
26 72 48
26 73 32
26 74 21
26 75 12
26 76 44
26 77 32
26 78 53
26 79 54
26 80 81
26 81 82
26 82 31
26 83 54
26 84 46
26 85 29
26 86 37
26 87 35
26 88 45
26 89 59
26 90 71
26 91 19
26 92 44
26 93 51
26 94 40
26 95 40
26 96 19
26 97 13
26 98 32
26 99 13
27 28 36
27 29 61
27 30 75
27 31 4
27 32 89
27 33 80
27 34 59
27 35 82
27 36 99
27 37 12
27 38 94
27 39 83
27 40 88
27 41 29
27 42 64
27 43 81
27 44 60
27 45 29
27 46 54
27 47 74
27 48 62
27 49 39
27 50 71
27 51 70
27 52 44
27 53 70
27 54 49
27 55 25
27 56 21
27 57 29
27 58 90
27 59 54
27 60 75
27 61 75
27 62 81
27 63 33
27 64 42
27 65 67
27 66 23
27 67 85
27 68 75
27 69 40
27 70 36
27 71 29
27 72 52
27 73 41
27 74 31
27 75 22
27 76 49
27 77 25
27 78 61
27 79 60
27 80 86
27 81 87
27 82 41
27 83 57
27 84 56
27 85 39
27 86 47
27 87 45
27 88 46
27 89 70
27 90 81
27 91 18
27 92 48
27 93 61
27 94 34
27 95 37
27 96 20
27 97 17
27 98 27
27 99 24
28 29 26
28 30 40
28 31 36
28 32 60
28 33 64
28 34 59
28 35 47
28 36 81
28 37 40
28 38 76
28 39 69
28 40 55
28 41 32
28 42 39
28 43 53
28 44 24
28 45 19
28 46 23
28 47 64
28 48 76
28 49 56
28 50 45
28 51 35
28 52 35
28 53 65
28 54 59
28 55 13
28 56 16
28 57 37
28 58 55
28 59 23
28 60 65
28 61 58
28 62 63
28 63 14
28 64 43
28 65 52
28 66 49
28 67 49
28 68 69
28 69 31
28 70 28
28 71 8
28 72 19
28 73 15
28 74 23
28 75 35
28 76 66
28 77 40
28 78 28
28 79 24
28 80 50
28 81 51
28 82 40
28 83 25
28 84 45
28 85 42
28 86 46
28 87 32
28 88 22
28 89 50
28 90 51
28 91 23
28 92 70
28 93 54
28 94 42
28 95 29
28 96 19
28 97 19
28 98 32
28 99 31
29 30 27
29 31 61
29 32 38
29 33 53
29 34 63
29 35 31
29 36 66
29 37 66
29 38 62
29 39 60
29 40 30
29 41 47
29 42 27
29 43 32
29 44 16
29 45 43
29 46 30
29 47 59
29 48 85
29 49 71
29 50 28
29 51 9
29 52 41
29 53 64
29 54 69
29 55 36
29 56 42
29 57 61
29 58 38
29 59 12
29 60 60
29 61 49
29 62 51
29 63 37
29 64 52
29 65 46
29 66 70
29 67 29
29 68 67
29 69 51
29 70 39
29 71 34
29 72 23
29 73 23
29 74 37
29 75 53
29 76 79
29 77 65
29 78 7
29 79 9
29 80 32
29 81 35
29 82 49
29 83 27
29 84 44
29 85 53
29 86 53
29 87 36
29 88 37
29 89 40
29 90 29
29 91 49
29 92 85
29 93 53
29 94 66
29 95 50
29 96 45
29 97 44
29 98 57
29 99 49
30 31 76
30 32 57
30 33 80
30 34 90
30 35 8
30 36 90
30 37 76
30 38 86
30 39 87
30 40 44
30 41 69
30 42 54
30 43 53
30 44 16
30 45 48
30 46 23
30 47 86
30 48 111
30 49 94
30 50 53
30 51 25
30 52 67
30 53 91
30 54 94
30 55 53
30 56 54
30 57 63
30 58 15
30 59 39
30 60 87
30 61 75
30 62 77
30 63 43
30 64 77
30 65 73
30 66 89
30 67 15
30 68 94
30 69 49
30 70 63
30 71 46
30 72 22
30 73 46
30 74 60
30 75 74
30 76 103
30 77 69
30 78 34
30 79 20
30 80 13
30 81 12
30 82 74
30 83 19
30 84 71
30 85 77
30 86 79
30 87 62
30 88 33
30 89 66
30 90 50
30 91 58
30 92 108
30 93 80
30 94 66
30 95 49
30 96 55
30 97 58
30 98 60
30 99 70
31 32 87
31 33 77
31 34 55
31 35 83
31 36 96
31 37 16
31 38 91
31 39 79
31 40 87
31 41 26
31 42 62
31 43 80
31 44 61
31 45 32
31 46 55
31 47 70
31 48 58
31 49 35
31 50 69
31 51 70
31 52 41
31 53 66
31 54 45
31 55 24
31 56 22
31 57 33
31 58 91
31 59 53
31 60 71
31 61 71
31 62 78
31 63 35
31 64 38
31 65 64
31 66 19
31 67 86
31 68 71
31 69 43
31 70 33
31 71 30
31 72 54
31 73 39
31 74 29
31 75 18
31 76 45
31 77 29
31 78 60
31 79 60
31 80 86
31 81 87
31 82 38
31 83 58
31 84 53
31 85 35
31 86 43
31 87 42
31 88 48
31 89 67
31 90 79
31 91 21
31 92 44
31 93 58
31 94 38
31 95 40
31 96 22
31 97 18
31 98 30
31 99 20
32 33 34
32 34 63
32 35 56
32 36 36
32 37 97
32 38 34
32 39 41
32 40 14
32 41 65
32 42 27
32 43 8
32 44 52
32 45 79
32 46 67
32 47 47
32 48 88
32 49 83
32 50 19
32 51 33
32 52 52
32 53 55
32 54 76
32 55 66
32 56 74
32 57 97
32 58 60
32 59 37
32 60 47
32 61 33
32 62 31
32 63 73
32 64 62
32 65 37
32 66 89
32 67 47
32 68 56
32 69 88
32 70 56
32 71 67
32 72 61
32 73 49
32 74 59
32 75 74
32 76 87
32 77 99
32 78 32
32 79 46
32 80 53
32 81 57
32 82 60
32 83 63
32 84 44
32 85 64
32 86 60
32 87 48
32 88 74
32 89 29
32 90 9
32 91 82
32 92 96
32 93 50
32 94 102
32 95 87
32 96 78
32 97 74
32 98 92
32 99 70
33 34 34
33 35 81
33 36 19
33 37 91
33 38 14
33 39 8
33 40 46
33 41 51
33 42 26
33 43 31
33 44 69
33 45 82
33 46 80
33 47 14
33 48 58
33 49 59
33 50 26
33 51 55
33 52 36
33 53 23
33 54 49
33 55 63
33 56 72
33 57 97
33 58 87
33 59 45
33 60 14
33 61 6
33 62 4
33 63 77
33 64 41
33 65 13
33 66 71
33 67 75
33 68 22
33 69 94
33 70 44
33 71 68
33 72 74
33 73 49
33 74 50
33 75 60
33 76 60
33 77 98
33 78 46
33 79 62
33 80 80
33 81 84
33 82 40
33 83 78
33 84 24
33 85 44
33 86 37
33 87 35
33 88 84
33 89 14
33 90 34
33 91 80
33 92 70
33 93 22
33 94 103
33 95 92
33 96 76
33 97 70
33 98 93
33 99 57
34 35 94
34 36 51
34 37 70
34 38 46
34 39 31
34 40 71
34 41 32
34 42 41
34 43 56
34 44 75
34 45 72
34 46 82
34 47 21
34 48 26
34 49 28
34 50 47
34 51 69
34 52 24
34 53 13
34 54 16
34 55 52
34 56 60
34 57 84
34 58 102
34 59 51
34 60 21
34 61 31
34 62 37
34 63 70
34 64 18
34 65 26
34 66 43
34 67 91
34 68 17
34 69 86
34 70 32
34 71 60
34 72 76
34 73 46
34 74 37
34 75 37
34 76 27
34 77 81
34 78 57
34 79 70
34 80 95
34 81 98
34 82 20
34 83 81
34 84 20
34 85 20
34 86 13
34 87 28
34 88 81
34 89 34
34 90 59
34 91 66
34 92 37
34 93 13
34 94 89
34 95 83
34 96 63
34 97 56
34 98 79
34 99 36
35 36 90
35 37 84
35 38 87
35 39 89
35 40 42
35 41 75
35 42 57
35 43 53
35 44 23
35 45 57
35 46 31
35 47 89
35 48 116
35 49 100
35 50 55
35 51 27
35 52 72
35 53 94
35 54 100
35 55 60
35 56 62
35 57 71
35 58 8
35 59 43
35 60 90
35 61 77
35 62 79
35 63 51
35 64 83
35 65 76
35 66 96
35 67 9
35 68 97
35 69 57
35 70 68
35 71 54
35 72 30
35 73 52
35 74 66
35 75 81
35 76 109
35 77 77
35 78 37
35 79 25
35 80 5
35 81 4
35 82 80
35 83 27
35 84 75
35 85 83
35 86 84
35 87 67
35 88 41
35 89 69
35 90 50
35 91 66
35 92 115
35 93 84
35 94 74
35 95 57
35 96 63
35 97 65
35 98 68
35 99 77
36 37 110
36 38 5
36 39 20
36 40 50
36 41 70
36 42 41
36 43 36
36 44 81
36 45 99
36 46 95
36 47 30
36 48 74
36 49 78
36 50 38
36 51 64
36 52 55
36 53 39
36 54 67
36 55 81
36 56 91
36 57 116
36 58 95
36 59 60
36 60 30
36 61 25
36 62 18
36 63 94
36 64 61
36 65 32
36 66 90
36 67 82
36 68 36
36 69 111
36 70 64
36 71 86
36 72 88
36 73 66
36 74 69
36 75 79
36 76 78
36 77 116
36 78 59
36 79 75
36 80 87
36 81 92
36 82 60
36 83 92
36 84 43
36 85 64
36 86 56
36 87 54
36 88 100
36 89 31
36 90 40
36 91 98
36 92 88
36 93 41
36 94 121
36 95 109
36 96 94
36 97 88
36 98 111
36 99 76
37 38 104
37 39 93
37 40 94
37 41 40
37 42 73
37 43 90
37 44 63
37 45 28
37 46 54
37 47 85
37 48 73
37 49 50
37 50 80
37 51 76
37 52 55
37 53 82
37 54 60
37 55 31
37 56 24
37 57 21
37 58 91
37 59 61
37 60 86
37 61 85
37 62 91
37 63 33
37 64 53
37 65 78
37 66 34
37 67 88
37 68 86
37 69 35
37 70 46
37 71 32
37 72 54
37 73 48
37 74 41
37 75 33
37 76 60
37 77 15
37 78 68
37 79 63
37 80 88
37 81 88
37 82 53
37 83 57
37 84 67
37 85 50
37 86 58
37 87 55
37 88 45
37 89 79
37 90 89
37 91 18
37 92 58
37 93 73
37 94 24
37 95 32
37 96 22
37 97 23
37 98 20
37 99 35
38 39 15
38 40 48
38 41 65
38 42 37
38 43 34
38 44 77
38 45 94
38 46 90
38 47 25
38 48 69
38 49 73
38 50 34
38 51 61
38 52 50
38 53 34
38 54 62
38 55 76
38 56 86
38 57 110
38 58 93
38 59 55
38 60 25
38 61 19
38 62 13
38 63 89
38 64 55
38 65 27
38 66 85
38 67 80
38 68 32
38 69 106
38 70 58
38 71 81
38 72 84
38 73 61
38 74 63
38 75 74
38 76 73
38 77 111
38 78 55
38 79 71
38 80 85
38 81 89
38 82 54
38 83 88
38 84 38
38 85 58
38 86 51
38 87 49
38 88 95
38 89 26
38 90 38
38 91 93
38 92 83
38 93 36
38 94 116
38 95 104
38 96 89
38 97 83
38 98 105
38 99 71
39 40 54
39 41 53
39 42 33
39 43 38
39 44 75
39 45 86
39 46 87
39 47 10
39 48 54
39 49 58
39 50 34
39 51 62
39 52 39
39 53 19
39 54 48
39 55 67
39 56 77
39 57 102
39 58 95
39 59 51
39 60 10
39 61 12
39 62 11
39 63 83
39 64 42
39 65 17
39 66 72
39 67 83
39 68 17
39 69 99
39 70 48
39 71 73
39 72 80
39 73 54
39 74 53
39 75 61
39 76 58
39 77 101
39 78 53
39 79 69
39 80 87
39 81 92
39 82 42
39 83 85
39 84 26
39 85 45
39 86 37
39 87 39
39 88 90
39 89 21
39 90 42
39 91 84
39 92 68
39 93 22
39 94 107
39 95 97
39 96 80
39 97 74
39 98 97
39 99 59
40 41 67
40 42 31
40 43 15
40 44 42
40 45 73
40 46 57
40 47 58
40 48 96
40 49 87
40 50 24
40 51 22
40 52 56
40 53 65
40 54 82
40 55 63
40 56 71
40 57 91
40 58 46
40 59 34
40 60 58
40 61 44
40 62 43
40 63 67
40 64 67
40 65 46
40 66 91
40 67 34
40 68 66
40 69 81
40 70 58
40 71 63
40 72 52
40 73 47
40 74 59
40 75 75
40 76 93
40 77 94
40 78 27
40 79 37
40 80 39
40 81 44
40 82 64
40 83 54
40 84 51
40 85 69
40 86 66
40 87 51
40 88 66
40 89 38
40 90 12
40 91 78
40 92 101
40 93 58
40 94 95
40 95 80
40 96 74
40 97 71
40 98 86
40 99 71
41 42 38
41 43 57
41 44 53
41 45 41
41 46 55
41 47 45
41 48 44
41 49 25
41 50 46
41 51 55
41 52 15
41 53 42
41 54 28
41 55 21
41 56 29
41 57 52
41 58 83
41 59 36
41 60 45
41 61 46
41 62 52
41 63 40
41 64 14
41 65 38
41 66 24
41 67 75
41 68 46
41 69 55
41 70 9
41 71 30
41 72 50
41 73 24
41 74 9
41 75 9
41 76 34
41 77 50
41 78 44
41 79 50
41 80 77
41 81 79
41 82 13
41 83 56
41 84 27
41 85 12
41 86 19
41 87 17
41 88 52
41 89 41
41 90 57
41 91 34
41 92 39
41 93 32
41 94 57
41 95 52
41 96 32
41 97 24
41 98 47
41 99 6
42 43 19
42 44 42
42 45 58
42 46 54
42 47 33
42 48 66
42 49 57
42 50 8
42 51 30
42 52 25
42 53 38
42 54 52
42 55 42
42 56 51
42 57 75
42 58 63
42 59 18
42 60 33
42 61 21
42 62 25
42 63 53
42 64 36
42 65 19
42 66 63
42 67 52
42 68 40
42 69 70
42 70 30
42 71 45
42 72 47
42 73 26
42 74 33
42 75 48
42 76 63
42 77 77
42 78 20
42 79 36
42 80 56
42 81 60
42 82 34
42 83 52
42 84 21
42 85 38
42 86 35
42 87 21
42 88 59
42 89 13
42 90 20
42 91 59
42 92 71
42 93 29
42 94 81
42 95 68
42 96 55
42 97 50
42 98 70
42 99 44
43 44 47
43 45 72
43 46 61
43 47 42
43 48 82
43 49 75
43 50 11
43 51 28
43 52 44
43 53 50
43 54 69
43 55 58
43 56 67
43 57 90
43 58 59
43 59 30
43 60 43
43 61 29
43 62 27
43 63 66
43 64 54
43 65 31
43 66 81
43 67 46
43 68 51
43 69 81
43 70 48
43 71 60
43 72 55
43 73 41
43 74 51
43 75 66
43 76 80
43 77 92
43 78 26
43 79 41
43 80 51
43 81 56
43 82 52
43 83 58
43 84 37
43 85 57
43 86 53
43 87 40
43 88 68
43 89 23
43 90 4
43 91 74
43 92 89
43 93 43
43 94 94
43 95 80
43 96 70
43 97 66
43 98 85
43 99 62
44 45 36
44 46 15
44 47 74
44 48 95
44 49 78
44 50 44
44 51 19
44 52 52
44 53 77
44 54 79
44 55 37
44 56 39
44 57 53
44 58 30
44 59 25
44 60 74
44 61 64
44 62 67
44 63 30
44 64 62
44 65 60
44 66 73
44 67 25
44 68 80
44 69 40
44 70 47
44 71 31
44 72 10
44 73 30
44 74 44
44 75 58
44 76 87
44 77 58
44 78 23
44 79 6
44 80 26
44 81 27
44 82 59
44 83 12
44 84 57
44 85 62
44 86 64
44 87 47
44 88 25
44 89 55
44 90 43
44 91 45
44 92 92
44 93 66
44 94 57
44 95 40
44 96 41
44 97 43
44 98 49
44 99 55
45 46 26
45 47 80
45 48 84
45 49 62
45 50 64
45 51 52
45 52 50
45 53 80
45 54 68
45 55 20
45 56 12
45 57 18
45 58 63
45 59 42
45 60 81
45 61 76
45 62 81
45 63 6
45 64 54
45 65 70
45 66 50
45 67 61
45 68 84
45 69 14
45 70 41
45 71 13
45 72 26
45 73 33
45 74 35
45 75 39
45 76 72
45 77 22
45 78 47
45 79 38
45 80 61
45 81 60
45 82 52
45 83 30
45 84 61
45 85 53
45 86 59
45 87 48
45 88 17
45 89 68
45 90 70
45 91 11
45 92 74
45 93 69
45 94 23
45 95 11
45 96 11
45 97 18
45 98 13
45 99 38
46 47 83
46 48 99
46 49 79
46 50 57
46 51 35
46 52 57
46 53 86
46 54 82
46 55 35
46 56 33
46 57 40
46 58 37
46 59 36
46 60 84
46 61 75
46 62 79
46 63 21
46 64 66
46 65 70
46 66 71
46 67 37
46 68 89
46 69 26
46 70 51
46 71 27
46 72 7
46 73 36
46 74 46
46 75 57
46 76 89
46 77 46
46 78 36
46 79 21
46 80 36
46 81 35
46 82 63
46 83 4
46 84 65
46 85 65
46 86 69
46 87 54
46 88 10
46 89 66
46 90 58
46 91 36
46 92 93
46 93 75
46 94 43
46 95 26
46 96 34
46 97 38
46 98 37
46 99 55
47 48 44
47 49 48
47 50 36
47 51 62
47 52 31
47 53 9
47 54 37
47 55 61
47 56 70
47 57 95
47 58 96
47 59 49
47 60 1
47 61 14
47 62 18
47 63 77
47 64 32
47 65 14
47 66 62
47 67 84
47 68 9
47 69 94
47 70 40
47 71 67
47 72 77
47 73 49
47 74 46
47 75 52
47 76 48
47 77 94
47 78 52
47 79 68
47 80 88
47 81 92
47 82 32
47 83 82
47 84 19
47 85 36
47 86 28
47 87 32
47 88 86
47 89 21
47 90 46
47 91 76
47 92 57
47 93 12
47 94 100
47 95 91
47 96 73
47 97 66
47 98 90
47 99 50
48 49 23
48 50 72
48 51 92
48 52 44
48 53 35
48 54 17
48 55 65
48 56 71
48 57 91
48 58 124
48 59 73
48 60 45
48 61 56
48 62 62
48 63 84
48 64 34
48 65 51
48 66 40
48 67 114
48 68 38
48 69 97
48 70 49
48 71 74
48 72 94
48 73 65
48 74 53
48 75 44
48 76 13
48 77 87
48 78 80
48 79 91
48 80 117
48 81 120
48 82 37
48 83 100
48 84 45
48 85 34
48 86 32
48 87 49
48 88 96
48 89 59
48 90 84
48 91 75
48 92 19
48 93 39
48 94 96
48 95 94
48 96 73
48 97 66
48 98 87
48 99 46
49 50 65
49 51 79
49 52 32
49 53 41
49 54 12
49 55 44
49 56 49
49 57 68
49 58 108
49 59 59
49 60 49
49 61 55
49 62 62
49 63 62
49 64 21
49 65 49
49 66 17
49 67 99
49 68 45
49 69 75
49 70 32
49 71 53
49 72 75
49 73 48
49 74 34
49 75 22
49 76 11
49 77 64
49 78 67
49 79 75
49 80 102
49 81 104
49 82 24
49 83 80
49 84 39
49 85 19
49 86 23
49 87 37
49 88 75
49 89 55
49 90 77
49 91 52
49 92 15
49 93 37
49 94 73
49 95 72
49 96 51
49 97 44
49 98 64
49 99 25
50 51 28
50 52 33
50 53 42
50 54 59
50 55 49
50 56 58
50 57 81
50 58 61
50 59 22
50 60 36
50 61 23
50 62 24
50 63 59
50 64 44
50 65 23
50 66 71
50 67 49
50 68 44
50 69 75
50 70 37
50 71 51
50 72 50
50 73 32
50 74 40
50 75 55
50 76 70
50 77 83
50 78 21
50 79 37
50 80 54
50 81 58
50 82 41
50 83 54
50 84 27
50 85 46
50 86 42
50 87 29
50 88 62
50 89 15
50 90 12
50 91 65
50 92 78
50 93 34
50 94 87
50 95 73
50 96 61
50 97 57
50 98 76
50 99 52
51 52 48
51 53 68
51 54 77
51 55 46
51 56 51
51 57 70
51 58 33
51 59 20
51 60 63
51 61 50
51 62 52
51 63 46
51 64 60
51 65 49
51 66 79
51 67 22
51 68 70
51 69 59
51 70 47
51 71 43
51 72 29
51 73 32
51 74 46
51 75 62
51 76 87
51 77 74
51 78 12
51 79 15
51 80 26
51 81 30
51 82 57
51 83 31
51 84 49
51 85 61
51 86 60
51 87 43
51 88 44
51 89 42
51 90 25
51 91 58
51 92 93
51 93 58
51 94 74
51 95 58
51 96 54
51 97 53
51 98 65
51 99 58
52 53 30
52 54 29
52 55 30
52 56 39
52 57 64
52 58 79
52 59 29
52 60 32
52 61 31
52 62 37
52 63 47
52 64 11
52 65 23
52 66 38
52 67 69
52 68 34
52 69 63
52 70 9
52 71 37
52 72 52
52 73 22
52 74 15
52 75 24
52 76 39
52 77 63
52 78 36
52 79 47
52 80 73
52 81 76
52 82 9
52 83 57
52 84 13
52 85 13
52 86 12
52 87 5
52 88 57
52 89 27
52 90 45
52 91 45
52 92 46
52 93 19
52 94 69
52 95 61
52 96 42
52 97 35
52 98 59
52 99 21
53 54 29
53 55 60
53 56 69
53 57 93
53 58 101
53 59 53
53 60 9
53 61 22
53 62 26
53 63 77
53 64 28
53 65 20
53 66 56
53 67 90
53 68 4
53 69 94
53 70 39
53 71 67
53 72 79
53 73 50
53 74 45
53 75 48
53 76 39
53 77 92
53 78 57
53 79 72
53 80 94
53 81 98
53 82 29
53 83 85
53 84 21
53 85 31
53 86 23
53 87 33
53 88 87
53 89 28
53 90 53
53 91 75
53 92 49
53 93 11
53 94 99
53 95 91
53 96 72
53 97 65
53 98 88
53 99 47
54 55 49
54 56 55
54 57 76
54 58 107
54 59 57
54 60 38
54 61 46
54 62 52
54 63 67
54 64 17
54 65 40
54 66 29
54 67 98
54 68 33
54 69 82
54 70 32
54 71 57
54 72 77
54 73 48
54 74 36
54 75 29
54 76 11
54 77 73
54 78 65
54 79 75
54 80 101
54 81 104
54 82 20
54 83 83
54 84 32
54 85 17
54 86 17
54 87 33
54 88 80
54 89 47
54 90 71
54 91 59
54 92 21
54 93 28
54 94 81
54 95 79
54 96 58
54 97 50
54 98 72
54 99 30
55 56 9
55 57 34
55 58 67
55 59 30
55 60 61
55 61 57
55 62 63
55 63 19
55 64 35
55 65 51
55 66 37
55 67 61
55 68 64
55 69 34
55 70 21
55 71 8
55 72 31
55 73 17
55 74 15
55 75 23
55 76 55
55 77 35
55 78 37
55 79 36
55 80 63
55 81 64
55 82 32
55 83 37
55 84 41
55 85 33
55 86 39
55 87 28
55 88 31
55 89 51
55 90 57
55 91 17
55 92 58
55 93 49
55 94 40
55 95 31
55 96 13
55 97 8
55 98 29
55 99 20
56 57 25
56 58 69
56 59 37
56 60 71
56 61 67
56 62 73
56 63 14
56 64 42
56 65 60
56 66 39
56 67 65
56 68 73
56 69 26
56 70 30
56 71 8
56 72 32
56 73 26
56 74 24
56 75 27
56 76 60
56 77 26
56 78 44
56 79 40
56 80 65
56 81 66
56 82 41
56 83 36
56 84 51
56 85 40
56 86 47
56 87 38
56 88 27
56 89 60
56 90 65
56 91 7
56 92 62
56 93 58
56 94 30
56 95 23
56 96 4
56 97 5
56 98 20
56 99 26
57 58 77
57 59 60
57 60 96
57 61 92
57 62 98
57 63 24
57 64 66
57 65 85
57 66 53
57 67 77
57 68 98
57 69 16
57 70 55
57 71 30
57 72 43
57 73 50
57 74 49
57 75 48
57 76 79
57 77 7
57 78 65
57 79 56
57 80 76
57 81 75
57 82 64
57 83 44
57 84 76
57 85 63
57 86 71
57 87 63
57 88 30
57 89 85
57 90 88
57 91 18
57 92 78
57 93 83
57 94 5
57 95 15
57 96 22
57 97 28
57 98 5
57 99 47
58 59 50
58 60 96
58 61 84
58 62 85
58 63 57
58 64 90
58 65 82
58 66 104
58 67 13
58 68 104
58 69 62
58 70 76
58 71 61
58 72 37
58 73 60
58 74 74
58 75 88
58 76 117
58 77 83
58 78 44
58 79 33
58 80 8
58 81 4
58 82 87
58 83 33
58 84 82
58 85 91
58 86 92
58 87 74
58 88 47
58 89 75
58 90 55
58 91 73
58 92 122
58 93 91
58 94 80
58 95 63
58 96 70
58 97 73
58 98 74
58 99 85
59 60 50
59 61 39
59 62 43
59 63 36
59 64 40
59 65 35
59 66 59
59 67 40
59 68 56
59 69 52
59 70 27
59 71 30
59 72 29
59 73 14
59 74 27
59 75 43
59 76 67
59 77 62
59 78 8
59 79 19
59 80 44
59 81 47
59 82 37
59 83 34
59 84 32
59 85 41
59 86 41
59 87 24
59 88 40
59 89 31
59 90 28
59 91 45
59 92 74
59 93 42
59 94 65
59 95 51
59 96 41
59 97 38
59 98 55
59 99 39
60 61 14
60 62 18
60 63 78
60 64 33
60 65 14
60 66 62
60 67 84
60 68 8
60 69 95
60 70 41
60 71 68
60 72 78
60 73 50
60 74 47
60 75 53
60 76 48
60 77 95
60 78 53
60 79 69
60 80 89
60 81 93
60 82 33
60 83 83
60 84 20
60 85 36
60 86 29
60 87 33
60 88 87
60 89 21
60 90 46
60 91 77
60 92 58
60 93 13
60 94 101
60 95 92
60 96 74
60 97 67
60 98 91
60 99 51
61 62 7
61 63 72
61 64 36
61 65 7
61 66 66
61 67 71
61 68 22
61 69 88
61 70 39
61 71 62
61 72 68
61 73 43
61 74 44
61 75 54
61 76 57
61 77 92
61 78 41
61 79 58
61 80 76
61 81 80
61 82 35
61 83 73
61 84 18
61 85 40
61 86 33
61 87 30
61 88 79
61 89 9
61 90 32
61 91 74
61 92 67
61 93 18
61 94 97
61 95 86
61 96 70
61 97 64
61 98 87
61 99 52
62 63 77
62 64 43
62 65 14
62 66 73
62 67 72
62 68 26
62 69 94
62 70 45
62 71 68
62 72 72
62 73 48
62 74 50
62 75 61
62 76 63
62 77 98
62 78 44
62 79 61
62 80 77
62 81 81
62 82 42
62 83 77
62 84 25
62 85 46
62 86 39
62 87 36
62 88 83
62 89 13
62 90 31
62 91 80
62 92 73
62 93 25
62 94 103
62 95 91
62 96 76
62 97 70
62 98 93
62 99 58
63 64 53
63 65 66
63 66 52
63 67 55
63 68 81
63 69 17
63 70 39
63 71 10
63 72 20
63 73 29
63 74 33
63 75 40
63 76 73
63 77 28
63 78 41
63 79 32
63 80 55
63 81 55
63 82 51
63 83 24
63 84 58
63 85 51
63 86 57
63 87 45
63 88 13
63 89 64
63 90 64
63 91 16
63 92 75
63 93 66
63 94 29
63 95 15
63 96 13
63 97 19
63 98 20
63 99 38
64 65 29
64 66 30
64 67 81
64 68 33
64 69 68
64 70 15
64 71 43
64 72 61
64 73 31
64 74 20
64 75 20
64 76 27
64 77 64
64 78 47
64 79 57
64 80 84
64 81 87
64 82 3
64 83 66
64 84 19
64 85 3
64 86 5
64 87 16
64 88 65
64 89 35
64 90 56
64 91 48
64 92 35
64 93 20
64 94 71
64 95 66
64 96 45
64 97 38
64 98 61
64 99 19
65 66 59
65 67 70
65 68 21
65 69 82
65 70 32
65 71 56
65 72 64
65 73 37
65 74 37
65 75 47
65 76 51
65 77 85
65 78 39
65 79 54
65 80 75
65 81 79
65 82 28
65 83 69
65 84 11
65 85 32
65 86 26
65 87 23
65 88 73
65 89 8
65 90 34
65 91 67
65 92 60
65 93 13
65 94 90
65 95 80
65 96 64
65 97 57
65 98 80
65 99 44
66 67 97
66 68 60
66 69 62
66 70 34
66 71 44
66 72 68
66 73 46
66 74 33
66 75 16
66 76 27
66 77 48
66 78 67
66 79 71
66 80 99
66 81 100
66 82 31
66 83 73
66 84 48
66 85 27
66 86 34
66 87 41
66 88 66
66 89 64
66 90 82
66 91 39
66 92 25
66 93 50
66 94 57
66 95 59
66 96 39
66 97 33
66 98 50
66 99 20
67 68 92
67 69 63
67 70 67
67 71 57
67 72 35
67 73 51
67 74 66
67 75 81
67 76 108
67 77 83
67 78 34
67 79 26
67 80 5
67 81 10
67 82 78
67 83 33
67 84 71
67 85 82
67 86 82
67 87 65
67 88 48
67 89 63
67 90 42
67 91 70
67 92 114
67 93 80
67 94 80
67 95 63
67 96 67
67 97 68
67 98 74
67 99 77
68 69 98
68 70 43
68 71 71
68 72 83
68 73 54
68 74 49
68 75 53
68 76 43
68 77 96
68 78 60
68 79 75
68 80 96
68 81 100
68 82 34
68 83 89
68 84 24
68 85 36
68 86 28
68 87 37
68 88 91
68 89 29
68 90 54
68 91 79
68 92 52
68 93 15
68 94 103
68 95 95
68 96 76
68 97 69
68 98 93
68 99 51
69 70 55
69 71 27
69 72 30
69 73 45
69 74 49
69 75 53
69 76 86
69 77 23
69 78 56
69 79 44
69 80 61
69 81 60
69 82 66
69 83 30
69 84 74
69 85 67
69 86 73
69 87 61
69 88 16
69 89 81
69 90 79
69 91 23
69 92 86
69 93 83
69 94 18
69 95 3
69 96 24
69 97 31
69 98 15
69 99 52
70 71 28
70 72 45
70 73 17
70 74 6
70 75 18
70 76 41
70 77 54
70 78 35
70 79 43
70 80 70
70 81 72
70 82 12
70 83 51
70 84 21
70 85 15
70 86 19
70 87 9
70 88 50
70 89 34
70 90 48
70 91 36
70 92 47
70 93 28
70 94 60
70 95 52
70 96 33
70 97 26
70 98 50
70 99 14
71 72 24
71 73 20
71 74 23
71 75 31
71 76 63
71 77 32
71 78 36
71 79 31
71 80 57
71 81 58
71 82 40
71 83 29
71 84 48
71 85 41
71 86 47
71 87 35
71 88 23
71 89 55
71 90 58
71 91 15
71 92 66
71 93 56
71 94 35
71 95 24
71 96 11
71 97 12
71 98 25
71 99 28
72 73 30
72 74 41
72 75 54
72 76 85
72 77 48
72 78 29
72 79 15
72 80 34
72 81 34
72 82 58
72 83 6
72 84 59
72 85 60
72 86 63
72 87 48
72 88 14
72 89 60
72 90 52
72 91 36
72 92 89
72 93 68
72 94 46
72 95 29
72 96 33
72 97 36
72 98 39
72 99 50
73 74 14
73 75 30
73 76 57
73 77 51
73 78 21
73 79 27
73 80 54
73 81 56
73 82 28
73 83 36
73 84 30
73 85 31
73 86 34
73 87 18
73 88 37
73 89 35
73 90 40
73 91 33
73 92 63
73 93 39
73 94 55
73 95 43
73 96 29
73 97 25
73 98 45
73 99 26
74 75 16
74 76 44
74 77 48
74 78 35
74 79 41
74 80 68
74 81 70
74 82 17
74 83 47
74 84 27
74 85 19
74 86 24
74 87 14
74 88 45
74 89 38
74 90 51
74 91 31
74 92 49
74 93 34
74 94 54
74 95 47
74 96 27
74 97 20
74 98 44
74 99 12
75 76 33
75 77 45
75 78 51
75 79 55
75 80 83
75 81 85
75 82 20
75 83 59
75 84 36
75 85 17
75 86 25
75 87 27
75 88 53
75 89 51
75 90 66
75 91 30
75 92 35
75 93 40
75 94 53
75 95 50
75 96 29
75 97 22
75 98 43
75 99 4
76 77 74
76 78 75
76 79 84
76 80 110
76 81 113
76 82 30
76 83 90
76 84 43
76 85 26
76 86 28
76 87 44
76 88 86
76 89 59
76 90 82
76 91 63
76 92 10
76 93 39
76 94 83
76 95 83
76 96 62
76 97 55
76 98 75
76 99 35
77 78 68
77 79 60
77 80 82
77 81 81
77 82 63
77 83 50
77 84 75
77 85 61
77 86 69
77 87 62
77 88 36
77 89 85
77 90 90
77 91 18
77 92 73
77 93 82
77 94 9
77 95 21
77 96 22
77 97 28
77 98 9
77 99 45
78 79 16
78 80 37
78 81 41
78 82 44
78 83 33
78 84 37
78 85 49
78 86 48
78 87 31
78 88 42
78 89 33
78 90 23
78 91 51
78 92 81
78 93 47
78 94 69
78 95 54
78 96 47
78 97 44
78 98 60
78 99 47
79 80 27
79 81 30
79 82 54
79 83 17
79 84 51
79 85 58
79 86 59
79 87 42
79 88 29
79 89 49
79 90 38
79 91 45
79 92 89
79 93 61
79 94 60
79 95 43
79 96 42
79 97 42
79 98 51
79 99 52
80 81 5
80 82 81
80 83 32
80 84 75
80 85 84
80 86 85
80 87 68
80 88 46
80 89 68
80 90 47
80 91 70
80 92 116
80 93 84
80 94 79
80 95 62
80 96 67
80 97 69
80 98 73
80 99 79
81 82 84
81 83 31
81 84 78
81 85 87
81 86 88
81 87 71
81 88 45
81 89 72
81 90 52
81 91 70
81 92 119
81 93 88
81 94 78
81 95 61
81 96 67
81 97 69
81 98 72
81 99 81
82 83 64
82 84 17
82 85 5
82 86 6
82 87 13
82 88 62
82 89 33
82 90 53
82 91 46
82 92 38
82 93 20
82 94 70
82 95 64
82 96 44
82 97 36
82 98 60
82 99 18
83 84 64
83 85 66
83 86 69
83 87 53
83 88 15
83 89 65
83 90 55
83 91 40
83 92 94
83 93 74
83 94 48
83 95 30
83 96 37
83 97 41
83 98 41
83 99 56
84 85 22
84 86 16
84 87 13
84 88 67
84 89 16
84 90 39
84 91 57
84 92 52
84 93 10
84 94 81
84 95 72
84 96 54
84 97 47
84 98 71
84 99 33
85 86 8
85 87 18
85 88 64
85 89 38
85 90 58
85 91 46
85 92 33
85 93 23
85 94 69
85 95 64
85 96 43
85 97 36
85 98 59
85 99 16
86 87 17
86 88 68
86 89 32
86 90 54
86 91 53
86 92 36
86 93 16
86 94 76
86 95 70
86 96 50
86 97 42
86 98 66
86 99 24
87 88 54
87 89 24
87 90 41
87 91 44
87 92 51
87 93 22
87 94 68
87 95 59
87 96 41
87 97 34
87 98 58
87 99 23
88 89 70
88 90 65
88 91 28
88 92 88
88 93 76
88 94 33
88 95 16
88 96 27
88 97 32
88 98 27
88 99 51
89 90 26
89 91 67
89 92 68
89 93 21
89 94 90
89 95 79
89 96 64
89 97 58
89 98 80
89 99 47
90 91 73
90 92 90
90 93 46
90 94 93
90 95 78
90 96 69
90 97 65
90 98 83
90 99 62
91 92 63
91 93 65
91 94 24
91 95 20
91 96 4
91 97 10
91 98 14
91 99 30
92 93 48
92 94 82
92 95 84
92 96 63
92 97 56
92 98 75
92 99 38
93 94 88
93 95 80
93 96 62
93 97 55
93 98 78
93 99 38
94 95 17
94 96 27
94 97 34
94 98 10
94 99 53
95 96 21
95 97 28
95 98 13
95 99 49
96 97 8
96 98 17
96 99 28
97 98 24
97 99 20
98 99 43
0 1 75
0 2 67
0 5 84
0 6 50
0 8 84
0 11 64
0 12 39
0 13 46
0 14 33
0 15 84
0 17 69
0 18 61
0 19 76
0 22 105
0 24 8
0 25 75
0 26 12
0 27 3
0 28 35
0 29 60
0 30 73
0 32 89
0 35 81
0 36 100
0 38 95
0 39 84
0 40 87
0 41 31
0 42 64
0 43 81
0 44 58
0 45 27
0 46 52
0 47 75
0 49 42
0 53 72
0 54 51
0 55 24
0 56 19
0 57 27
0 61 76
0 63 31
0 65 68
0 68 76
0 69 37
0 70 37
0 73 40
0 74 32
0 77 22
0 79 58
0 80 84
0 81 85
0 83 55
0 84 58
0 86 49
0 88 44
0 89 70
0 90 81
0 91 16
0 92 51
0 94 31
0 98 24
1 3 85
1 5 16
1 6 47
1 7 45
1 8 61
1 10 13
1 11 66
1 12 36
1 13 36
1 14 43
1 15 89
1 16 52
1 17 30
1 19 81
1 20 69
1 21 26
1 22 44
1 23 26
1 24 71
1 25 21
1 26 64
1 28 65
1 29 61
1 30 88
1 31 70
1 32 50
1 33 16
1 34 19
1 36 32
1 37 85
1 38 27
1 39 12
1 41 44
1 43 45
1 45 81
1 47 3
1 48 42
1 49 47
1 50 38
1 51 65
1 52 31
1 53 7
1 55 61
1 56 70
1 57 95
1 58 98
1 60 3
1 62 20
1 63 78
1 67 86
1 68 6
1 69 94
1 72 78
1 73 50
1 75 52
1 77 94
1 79 70
1 80 91
1 82 32
1 83 84
1 84 20
1 85 35
1 86 27
1 87 33
1 88 87
1 89 23
1 90 48
1 93 12
1 94 100
1 95 92
1 97 67
1 98 90
1 99 50
2 3 9
2 4 38
2 6 94
2 8 33
2 10 82
2 11 14
2 12 63
2 13 80
2 14 68
2 15 16
2 18 45
2 19 9
2 20 74
2 21 53
2 22 76
2 24 72
2 27 69
2 30 9
2 31 69
2 32 50
2 35 15
2 37 71
2 38 78
2 41 61
2 42 45
2 43 46
2 44 9
2 45 45
2 48 102
2 50 45
2 52 58
2 53 82
2 56 48
2 57 61
2 59 29
2 60 78
2 62 68
2 64 68
2 65 64
2 66 82
2 70 54
2 71 40
2 73 37
2 76 95
2 77 66
2 78 25
2 79 11
2 81 19
2 82 65
2 84 61
2 85 69
2 86 70
2 87 53
2 88 32
2 89 57
2 90 42
2 91 53
2 93 71
2 94 64
2 95 47
2 97 52
2 98 57
3 5 81
3 6 96
3 7 60
3 10 88
3 15 21
3 16 37
3 17 58
3 18 52
3 21 59
3 24 70
3 25 69
3 26 62
3 27 66
3 29 25
3 30 9
3 33 78
3 35 17
3 36 90
3 37 67
3 38 86
3 40 47
3 42 52
3 43 54
3 44 10
3 45 40
3 46 14
3 47 83
3 48 105
3 49 87
3 50 52
3 51 26
3 53 87
3 55 45
3 56 45
3 59 35
3 61 73
3 62 76
3 63 34
3 64 71
3 65 70
3 68 90
3 69 40
3 70 56
3 71 38
3 73 40
3 74 53
3 75 66
3 76 97
3 77 60
3 78 32
3 80 21
3 84 67
3 85 71
3 88 25
3 90 51
3 91 49
3 92 101
3 93 76
3 94 58
3 95 40
3 96 47
3 97 49
3 98 51
3 99 63
4 6 82
4 7 55
4 8 11
4 9 50
4 10 58
4 11 26
4 12 52
4 13 67
4 14 61
4 15 42
4 16 36
4 17 21
4 18 23
4 21 28
4 22 37
4 25 30
4 26 70
4 28 48
4 32 12
4 34 60
4 35 46
4 36 44
4 38 41
4 39 45
4 40 11
4 41 56
4 44 40
4 45 67
4 46 55
4 47 48
4 48 85
4 49 76
4 50 13
4 51 21
4 52 44
4 53 55
4 54 71
4 55 55
4 56 63
4 57 85
4 58 52
4 59 25
4 60 48
4 61 34
4 62 34
4 63 61
4 64 55
4 65 35
4 66 81
4 67 39
4 68 56
4 70 47
4 72 48
4 73 38
4 74 49
4 75 65
4 76 82
4 77 88
4 78 20
4 80 44
4 83 51
4 84 40
4 85 58
4 86 54
4 87 40
4 89 27
4 90 4
4 92 90
4 93 47
4 94 89
4 95 74
4 96 66
4 97 63
4 98 80
5 6 63
5 7 54
5 8 50
5 9 40
5 11 60
5 12 45
5 13 50
5 15 81
5 16 53
5 18 30
5 19 74
5 20 79
5 21 24
5 22 28
5 23 10
5 24 81
5 25 12
5 27 82
5 29 57
5 31 79
5 32 36
5 34 34
5 35 84
5 36 18
5 38 12
5 39 5
5 41 53
5 42 30
5 43 33
5 44 72
5 46 84
5 47 14
5 48 58
5 50 29
5 51 58
5 52 39
5 53 23
5 54 50
5 55 66
5 57 100
5 58 90
5 59 48
5 61 9
5 62 6
5 63 80
5 64 43
5 65 16
5 67 78
5 68 21
5 69 97
5 70 47
5 72 77
5 73 52
5 74 52
5 75 62
5 76 61
5 77 100
5 78 49
5 79 66
5 80 83
5 81 87
5 82 42
5 83 82
5 84 26
5 85 46
5 86 39
5 87 38
5 88 87
5 89 17
5 91 82
5 92 71
5 94 106
5 95 95
5 96 79
5 97 73
5 98 95
5 99 59
6 7 36
6 8 92
6 9 33
6 10 35
6 11 84
6 12 32
6 13 15
6 14 27
6 15 109
6 16 60
6 17 63
6 18 60
6 19 100
6 20 39
6 21 55
6 22 90
6 24 43
6 25 61
6 29 79
6 30 102
6 32 88
6 33 62
6 34 29
6 35 109
6 36 80
6 37 58
6 39 60
6 40 94
6 42 63
6 44 87
6 45 71
6 46 88
6 47 49
6 48 15
6 51 87
6 52 39
6 54 12
6 55 54
6 56 58
6 57 77
6 58 116
6 59 67
6 60 50
6 61 59
6 62 65
6 63 71
6 64 27
6 65 52
6 66 25
6 67 107
6 68 45
6 70 40
6 71 62
6 72 84
6 74 43
6 75 31
6 76 2
6 77 72
6 78 74
6 79 83
6 80 110
6 82 30
6 84 44
6 85 26
6 89 60
6 90 83
6 91 61
6 95 81
6 96 60
6 98 73
6 99 34
7 9 15
7 15 74
7 16 25
7 20 26
7 21 34
7 23 59
7 24 28
7 26 18
7 27 29
7 28 29
7 29 45
7 30 67
7 31 26
7 32 64
7 34 33
7 36 71
7 37 40
7 38 65
7 39 54
7 40 66
7 42 38
7 43 56
7 44 51
7 48 46
7 49 27
7 53 43
7 54 30
7 55 19
7 57 50
7 58 81
7 60 46
7 61 46
7 62 52
7 65 38
7 66 26
7 67 73
7 68 47
7 69 53
7 70 8
7 71 28
7 73 22
7 74 7
7 75 10
7 76 37
7 77 49
7 78 42
7 80 75
7 81 77
7 82 14
7 83 54
7 85 14
7 86 20
7 87 17
7 91 32
7 94 56
7 95 50
7 96 30
7 97 22
7 99 6
8 9 60
8 10 69
8 11 24
8 13 77
8 14 70
8 15 33
8 16 41
8 17 32
8 18 33
8 19 28
8 20 87
8 21 39
8 22 44
8 24 86
8 25 41
8 27 84
8 28 51
8 30 40
8 31 83
8 32 18
8 34 70
8 36 53
8 37 91
8 39 55
8 40 5
8 41 64
8 42 30
8 43 17
8 45 69
8 46 53
8 47 59
8 48 95
8 49 86
8 50 24
8 51 18
8 53 66
8 54 81
8 55 60
8 57 87
8 58 43
8 59 30
8 61 45
8 63 63
8 64 65
8 65 46
8 66 89
8 68 67
8 69 76
8 70 55
8 71 59
8 72 47
8 74 57
8 75 73
8 76 92
8 77 90
8 78 23
8 79 32
8 81 40
8 82 62
8 84 50
8 86 65
8 88 61
8 89 38
8 90 13
8 91 74
8 92 100
8 95 75
8 97 68
8 98 82
9 12 5
9 13 17
9 14 13
9 15 77
9 16 30
9 17 32
9 18 27
9 19 68
9 21 24
9 23 46
9 24 41
9 25 33
9 26 33
9 28 39
9 29 47
9 32 57
9 35 78
9 36 57
9 37 54
9 38 52
9 39 40
9 41 14
9 42 31
9 43 49
9 44 57
9 45 52
9 46 62
9 47 31
9 48 39
9 49 26
9 50 38
9 51 54
9 52 6
9 53 28
9 54 23
9 55 32
9 56 41
9 58 85
9 59 35
9 61 33
9 63 50
9 64 6
9 65 25
9 68 32
9 70 12
9 71 40
9 72 56
9 75 22
9 77 64
9 81 81
9 82 3
9 83 62
9 84 15
9 85 8
9 86 7
9 87 11
9 88 61
9 89 30
9 91 47
9 92 40
9 94 70
9 95 64
9 96 44
9 97 37
9 98 60
9 99 20
10 14 34
10 15 94
10 17 37
10 20 60
10 21 31
10 23 38
10 24 63
10 25 30
10 27 66
10 28 63
10 30 92
10 31 62
10 35 96
10 38 40
10 39 25
10 40 69
10 41 38
10 42 40
10 44 78
10 47 15
10 49 35
10 50 45
10 52 28
10 55 57
10 56 66
10 57 90
10 58 103
10 59 53
10 61 27
10 62 32
10 63 75
10 65 23
10 68 10
10 69 91
10 71 65
10 76 33
10 78 58
10 79 72
10 81 99
10 83 85
10 84 21
10 85 27
10 87 31
10 88 86
10 89 31
10 90 57
10 91 72
10 92 43
10 93 12
10 94 95
10 95 89
10 98 85
11 12 52
11 13 69
11 16 25
11 17 37
11 19 16
11 20 69
11 23 57
11 24 68
11 25 48
11 26 58
11 28 30
11 30 23
11 31 65
11 32 38
11 33 57
11 35 26
11 38 65
11 39 64
11 40 28
11 43 33
11 44 14
11 47 64
11 48 91
11 49 76
11 50 31
11 51 6
11 53 69
11 54 75
11 55 41
11 58 33
11 60 64
11 62 55
11 64 58
11 65 50
11 68 71
11 69 52
11 70 44
11 72 23
11 73 28
11 74 43
11 75 59
11 77 68
11 78 11
11 79 8
11 80 26
11 81 29
11 82 55
11 83 25
11 84 49
11 85 58
11 86 59
11 87 42
11 88 37
11 90 30
11 91 52
11 92 91
11 93 58
11 94 68
11 96 48
11 98 59
11 99 55
12 14 9
12 17 36
12 19 68
12 20 34
12 21 27
12 22 69
12 23 51
12 26 28
12 27 38
12 28 36
12 29 47
12 30 71
12 31 34
12 32 60
12 34 24
12 35 77
12 36 62
12 37 49
12 40 63
12 41 9
12 42 34
12 43 52
12 46 60
12 47 36
12 48 40
12 50 41
12 52 8
12 55 28
12 56 36
12 57 60
12 58 84
12 59 35
12 60 37
12 61 38
12 62 44
12 65 30
12 66 30
12 67 75
12 68 37
12 71 36
12 72 54
12 73 25
12 74 13
12 75 17
12 76 32
12 78 43
12 79 52
12 81 81
12 82 4
12 83 60
12 85 6
12 86 11
12 87 12
12 88 58
12 89 34
12 91 42
12 92 39
12 93 24
12 94 66
12 96 40
12 99 14
13 14 15
13 16 46
13 17 48
13 18 45
13 20 36
13 22 77
13 25 46
13 26 35
13 27 44
13 28 53
13 30 89
13 31 40
13 33 48
13 34 17
13 35 94
13 36 67
13 37 55
13 38 62
13 39 48
13 43 65
13 44 73
13 45 62
13 47 37
13 49 11
13 50 55
13 51 71
13 53 31
13 55 43
13 56 49
13 57 71
13 61 45
13 62 51
13 63 61
13 64 12
13 66 26
13 67 93
13 68 35
13 69 75
13 70 26
13 71 51
13 72 71
13 73 43
13 74 30
13 75 23
13 76 15
13 77 67
13 79 69
13 84 29
13 85 11
13 88 74
13 90 67
13 91 53
13 92 23
13 93 26
13 94 76
13 96 52
13 97 44
13 98 67
13 99 24
14 16 34
14 17 45
14 18 39
14 20 26
14 21 36
14 22 78
14 24 29
14 25 47
14 26 22
14 28 39
14 29 53
14 31 28
14 34 28
14 37 43
14 38 65
14 40 72
14 42 42
14 43 61
14 45 47
14 46 62
14 47 43
14 49 18
14 50 50
14 51 61
14 52 17
14 53 39
14 54 21
14 55 28
14 56 35
14 59 42
14 60 44
14 61 46
14 62 53
14 63 47
14 64 11
14 65 39
14 67 81
14 68 43
14 69 61
14 71 37
14 72 57
14 73 30
14 74 16
14 75 10
14 76 27
14 79 57
14 85 8
14 88 59
14 91 39
14 94 62
14 96 37
14 97 30
14 98 52
14 99 9
15 16 49
15 17 59
15 18 56
15 19 9
15 20 91
15 21 63
15 23 76
15 24 89
15 26 80
15 27 85
15 28 49
15 29 30
15 30 13
15 31 86
15 33 78
15 34 93
15 35 6
15 36 86
15 37 87
15 38 83
15 39 85
15 40 37
15 41 76
15 43 49
15 45 60
15 46 36
15 48 116
15 49 100
15 51 24
15 52 71
15 53 92
15 54 100
15 55 62
15 56 65
15 57 76
15 59 42
15 60 87
15 61 74
15 63 54
15 66 98
15 67 3
15 69 62
15 70 69
15 74 67
15 76 109
15 79 26
15 80 2
15 82 79
15 84 73
15 86 84
15 87 66
15 88 46
15 89 66
15 90 45
15 91 69
15 93 82
15 94 79
15 97 68
15 98 73
16 17 32
16 18 23
16 19 40
16 20 46
16 22 67
16 23 54
16 25 41
16 27 43
16 31 42
16 32 48
16 33 50
16 34 49
16 35 48
16 36 66
16 37 50
16 38 62
16 40 45
16 41 27
16 42 25
16 43 40
16 44 27
16 45 33
16 46 33
16 49 52
16 51 29
16 52 25
16 53 53
16 54 52
16 55 19
16 56 27
16 57 50
16 60 52
16 63 28
16 65 39
16 66 50
16 67 48
16 68 57
16 69 45
16 70 20
16 71 20
16 72 27
16 73 4
16 74 18
16 75 34
16 76 61
16 77 52
16 79 23
16 80 50
16 82 32
16 84 32
16 86 37
16 87 21
16 89 36
16 90 39
16 91 34
16 92 66
16 93 42
16 94 55
16 95 43
16 96 30
16 97 27
17 20 68
17 21 9
17 22 36
17 23 22
17 24 69
17 25 11
17 27 69
17 29 34
17 30 60
17 31 66
17 32 24
17 33 20
17 34 39
17 35 62
17 36 34
17 40 32
17 43 17
17 44 49
17 45 65
17 46 61
17 48 64
17 49 58
17 50 8
17 51 35
17 53 34
17 54 51
17 55 48
17 56 57
17 58 69
17 59 25
17 60 28
17 61 15
17 65 15
17 66 66
17 67 56
17 68 36
17 69 77
17 70 34
17 72 54
17 73 32
17 74 37
17 75 51
17 78 26
17 80 61
17 82 35
17 83 59
17 84 20
17 86 35
17 87 25
17 88 66
17 89 7
17 90 20
17 91 65
17 92 71
17 94 87
17 95 75
17 97 56
17 98 77
17 99 48
18 19 47
18 20 60
18 21 8
18 22 44
18 23 31
18 24 61
18 25 18
18 26 51
18 27 61
18 28 37
18 29 27
18 30 55
18 32 30
18 37 70
18 38 38
18 42 3
18 44 42
18 46 53
18 47 32
18 50 11
18 52 22
18 53 37
18 55 39
18 62 26
18 63 51
18 64 33
18 66 59
18 67 53
18 68 39
18 69 68
18 72 46
18 73 23
18 74 29
18 75 44
18 76 60
18 78 21
18 79 36
18 80 57
18 84 18
18 85 35
18 86 32
18 87 18
18 88 57
18 91 56
18 94 78
18 95 66
18 96 52
18 97 47
18 98 68
19 20 83
19 21 55
19 22 72
19 23 69
19 24 81
19 25 62
19 28 41
19 29 21
19 30 12
19 32 46
19 34 84
19 41 67
19 42 46
19 43 43
19 45 54
19 46 31
19 47 78
19 48 107
19 50 44
19 51 16
19 52 62
19 53 84
19 56 57
19 58 17
19 59 33
19 60 79
19 62 68
19 63 48
19 64 73
19 65 65
19 66 89
19 68 86
19 69 57
19 70 60
19 72 28
19 74 58
19 76 100
19 77 75
19 78 27
19 79 18
19 83 26
19 85 74
19 86 75
19 87 57
19 88 41
19 90 39
19 91 62
19 92 106
19 94 74
19 95 56
19 96 59
19 97 60
19 98 67
19 99 69
20 21 60
20 23 85
20 24 4
20 25 71
20 26 11
20 27 9
20 28 41
20 29 65
20 30 81
20 31 6
20 32 90
20 33 77
20 34 53
20 35 88
20 36 96
20 37 20
20 40 90
20 41 26
20 44 66
20 45 38
20 46 61
20 48 54
20 49 31
20 50 71
20 53 65
20 55 29
20 57 39
20 58 96
20 59 56
20 62 78
20 64 37
20 65 64
20 66 14
20 67 91
20 68 69
20 69 49
20 71 35
20 72 59
20 73 43
20 74 31
20 75 17
20 76 41
20 77 34
20 79 65
20 80 92
20 81 93
20 82 37
20 83 64
20 84 53
20 85 34
20 86 42
20 88 54
20 90 82
20 91 27
20 93 57
20 94 43
20 95 46
20 96 28
20 97 23
20 98 36
21 23 27
21 24 61
21 26 51
21 28 43
21 30 62
21 31 59
21 32 33
21 33 21
21 34 32
21 35 66
21 36 39
21 39 27
21 41 34
21 42 10
21 45 61
21 46 60
21 48 57
21 49 50
21 50 16
21 51 39
21 52 19
21 53 29
21 56 52
21 57 77
21 58 72
21 59 25
21 60 25
21 61 15
21 63 56
21 64 29
21 65 11
21 66 57
21 67 61
21 68 31
21 69 73
21 70 26
21 71 47
21 72 53
21 73 28
21 74 30
21 76 54
21 77 77
21 78 28
21 79 44
21 80 65
21 81 69
21 82 27
21 83 59
21 84 11
21 86 27
21 87 17
21 88 63
21 89 8
21 90 28
21 92 63
21 93 19
21 95 71
21 96 55
21 98 72
22 25 31
22 26 94
22 27 104
22 28 81
22 30 83
22 31 102
22 33 29
22 34 62
22 38 18
22 40 40
22 41 76
22 42 42
22 43 30
22 44 77
22 45 100
22 46 91
22 47 42
22 48 86
22 49 88
22 50 36
22 51 58
22 52 61
22 54 78
22 55 84
22 56 93
22 58 86
22 59 58
22 60 42
22 61 32
22 62 26
22 63 94
22 64 69
22 67 74
22 68 49
22 71 87
22 72 85
22 73 67
22 74 73
22 75 85
22 76 89
22 77 119
22 78 56
22 79 71
22 80 79
22 81 83
22 82 67
22 84 50
22 85 72
22 86 65
22 87 59
22 91 100
22 93 51
22 94 122
22 95 109
22 96 96
22 97 91
22 98 112
23 24 87
23 25 14
23 26 77
23 27 88
23 28 68
23 29 54
23 30 79
23 31 85
23 32 28
23 33 10
23 34 43
23 35 80
23 36 12
23 39 14
23 43 27
23 45 87
23 46 83
23 48 68
23 49 69
23 50 26
23 51 54
23 52 44
23 53 32
23 54 59
23 55 69
23 57 103
23 59 47
23 60 23
23 63 82
23 64 50
23 65 21
23 66 80
23 70 52
23 71 73
23 73 54
23 74 57
23 75 68
23 77 104
23 78 47
23 79 64
23 81 82
23 84 32
23 85 53
23 86 46
23 88 88
23 89 19
23 91 86
23 92 80
23 93 32
23 95 97
23 96 82
23 97 76
23 98 98
23 99 65
24 25 73
24 26 10
24 27 5
24 28 39
24 29 64
24 30 79
24 31 3
24 33 79
24 36 98
24 37 16
24 39 81
24 40 89
24 41 28
24 42 64
24 47 72
24 48 58
24 52 43
24 53 68
24 54 45
24 55 27
24 57 35
24 58 93
24 59 56
24 65 66
24 68 72
24 69 45
24 71 32
24 72 56
24 73 42
24 74 32
24 75 19
24 76 45
24 78 63
24 79 63
24 81 90
24 82 39
24 84 55
24 87 45
24 88 51
24 89 69
24 90 82
24 91 23
24 93 60
24 96 24
24 98 32
25 27 74
25 28 55
25 29 44
25 30 71
25 31 71
25 33 9
25 34 34
25 35 73
25 36 26
25 37 84
25 39 16
25 40 40
25 41 45
25 42 17
25 44 60
25 45 73
25 46 71
25 52 30
25 55 55
25 56 65
25 57 90
25 58 79
25 60 19
25 61 5
25 62 8
25 63 69
25 64 37
25 66 67
25 68 27
25 69 86
25 70 38
25 71 60
25 72 65
25 73 40
25 75 54
25 76 60
25 77 90
25 78 37
25 79 53
25 81 76
25 82 36
25 83 69
25 84 19
25 85 40
25 88 75
25 89 5
25 90 28
25 92 69
25 93 21
25 94 95
25 95 84
25 97 62
25 98 85
25 99 51
26 29 54
26 30 70
26 31 8
26 32 80
26 35 78
26 36 89
26 39 72
26 40 79
26 41 19
26 42 54
26 43 72
26 44 55
26 45 30
26 46 51
26 47 64
26 48 56
26 49 33
26 50 62
26 51 63
26 52 34
26 53 60
26 54 41
26 55 18
26 56 18
26 57 35
26 58 85
26 59 45
26 60 65
26 61 64
26 62 71
26 63 32
26 65 57
26 66 20
26 68 65
26 69 42
26 70 26
26 72 48
26 73 32
26 74 21
26 76 44
26 77 32
26 78 53
26 80 81
26 81 82
26 83 54
26 84 46
26 86 37
26 88 45
26 89 59
26 90 71
26 91 19
26 92 44
26 93 51
26 94 40
26 95 40
26 96 19
26 97 13
27 28 36
27 29 61
27 32 89
27 33 80
27 34 59
27 35 82
27 37 12
27 39 83
27 40 88
27 41 29
27 43 81
27 44 60
27 45 29
27 46 54
27 48 62
27 51 70
27 52 44
27 54 49
27 55 25
27 57 29
27 58 90
27 59 54
27 60 75
27 61 75
27 63 33
27 64 42
27 65 67
27 66 23
27 67 85
27 70 36
27 73 41
27 74 31
27 76 49
27 78 61
27 79 60
27 80 86
27 82 41
27 84 56
27 86 47
27 88 46
27 89 70
27 92 48
27 93 61
27 94 34
27 95 37
27 98 27
28 29 26
28 30 40
28 31 36
28 35 47
28 36 81
28 37 40
28 38 76
28 39 69
28 41 32
28 42 39
28 44 24
28 45 19
28 49 56
28 50 45
28 51 35
28 52 35
28 54 59
28 55 13
28 57 37
28 58 55
28 59 23
28 60 65
28 61 58
28 62 63
28 63 14
28 64 43
28 65 52
28 66 49
28 67 49
28 70 28
28 72 19
28 76 66
28 78 28
28 79 24
28 80 50
28 81 51
28 82 40
28 83 25
28 87 32
28 88 22
28 89 50
28 92 70
28 95 29
28 96 19
28 98 32
28 99 31
29 30 27
29 31 61
29 34 63
29 35 31
29 36 66
29 39 60
29 41 47
29 42 27
29 43 32
29 45 43
29 47 59
29 48 85
29 49 71
29 50 28
29 51 9
29 52 41
29 54 69
29 55 36
29 56 42
29 57 61
29 58 38
29 59 12
29 60 60
29 61 49
29 62 51
29 64 52
29 65 46
29 67 29
29 68 67
29 69 51
29 70 39
29 71 34
29 72 23
29 73 23
29 75 53
29 76 79
29 77 65
29 79 9
29 80 32
29 81 35
29 82 49
29 83 27
29 84 44
29 85 53
29 86 53
29 87 36
29 88 37
29 90 29
29 92 85
29 93 53
29 94 66
29 96 45
29 97 44
29 98 57
29 99 49
30 31 76
30 32 57
30 33 80
30 34 90
30 36 90
30 37 76
30 39 87
30 40 44
30 41 69
30 42 54
30 43 53
30 45 48
30 46 23
30 48 111
30 49 94
30 50 53
30 51 25
30 52 67
30 55 53
30 56 54
30 57 63
30 58 15
30 60 87
30 61 75
30 62 77
30 64 77
30 66 89
30 67 15
30 68 94
30 69 49
30 78 34
30 79 20
30 81 12
30 82 74
30 83 19
30 85 77
30 86 79
30 87 62
30 89 66
30 90 50
30 91 58
30 92 108
30 93 80
30 94 66
30 95 49
30 96 55
30 97 58
30 98 60
30 99 70
31 32 87
31 34 55
31 38 91
31 39 79
31 42 62
31 43 80
31 44 61
31 45 32
31 46 55
31 48 58
31 50 69
31 51 70
31 52 41
31 53 66
31 54 45
31 55 24
31 58 91
31 59 53
31 61 71
31 62 78
31 63 35
31 65 64
31 66 19
31 67 86
31 68 71
31 69 43
31 70 33
31 71 30
31 72 54
31 74 29
31 76 45
31 81 87
31 82 38
31 83 58
31 86 43
31 87 42
31 89 67
31 90 79
31 92 44
31 94 38
31 97 18
31 98 30
31 99 20
32 33 34
32 34 63
32 36 36
32 38 34
32 39 41
32 40 14
32 41 65
32 43 8
32 44 52
32 45 79
32 46 67
32 48 88
32 50 19
32 51 33
32 52 52
32 53 55
32 55 66
32 56 74
32 57 97
32 58 60
32 59 37
32 61 33
32 62 31
32 63 73
32 65 37
32 66 89
32 68 56
32 69 88
32 70 56
32 71 67
32 72 61
32 73 49
32 74 59
32 75 74
32 76 87
32 77 99
32 78 32
32 81 57
32 82 60
32 83 63
32 84 44
32 85 64
32 86 60
32 88 74
32 89 29
32 90 9
32 92 96
32 93 50
32 94 102
32 97 74
32 98 92
32 99 70
33 35 81
33 36 19
33 38 14
33 39 8
33 40 46
33 41 51
33 42 26
33 43 31
33 44 69
33 45 82
33 46 80
33 47 14
33 48 58
33 50 26
33 51 55
33 52 36
33 53 23
33 55 63
33 56 72
33 57 97
33 58 87
33 59 45
33 60 14
33 61 6
33 62 4
33 63 77
33 64 41
33 65 13
33 67 75
33 68 22
33 69 94
33 70 44
33 71 68
33 72 74
33 76 60
33 77 98
33 78 46
33 80 80
33 82 40
33 83 78
33 85 44
33 87 35
33 88 84
33 90 34
33 93 22
33 94 103
33 95 92
33 98 93
34 36 51
34 38 46
34 39 31
34 40 71
34 41 32
34 44 75
34 45 72
34 47 21
34 48 26
34 50 47
34 53 13
34 54 16
34 55 52
34 56 60
34 57 84
34 58 102
34 59 51
34 60 21
34 62 37
34 63 70
34 64 18
34 66 43
34 67 91
34 68 17
34 69 86
34 70 32
34 72 76
34 73 46
34 75 37
34 76 27
34 77 81
34 78 57
34 79 70
34 81 98
34 82 20
34 83 81
34 84 20
34 85 20
34 86 13
34 87 28
34 89 34
34 91 66
34 92 37
34 93 13
34 96 63
34 97 56
34 99 36
35 37 84
35 39 89
35 40 42
35 41 75
35 43 53
35 44 23
35 45 57
35 47 89
35 48 116
35 49 100
35 51 27
35 53 94
35 55 60
35 56 62
35 57 71
35 58 8
35 60 90
35 62 79
35 65 76
35 66 96
35 67 9
35 68 97
35 70 68
35 73 52
35 74 66
35 76 109
35 79 25
35 80 5
35 81 4
35 83 27
35 86 84
35 89 69
35 94 74
35 95 57
35 96 63
35 97 65
35 98 68
35 99 77
36 39 20
36 40 50
36 41 70
36 42 41
36 43 36
36 45 99
36 46 95
36 47 30
36 48 74
36 50 38
36 51 64
36 53 39
36 55 81
36 56 91
36 58 95
36 60 30
36 61 25
36 63 94
36 66 90
36 70 64
36 71 86
36 72 88
36 73 66
36 74 69
36 75 79
36 77 116
36 78 59
36 79 75
36 80 87
36 82 60
36 84 43
36 85 64
36 86 56
36 88 100
36 89 31
36 90 40
36 91 98
36 92 88
36 94 121
36 95 109
36 96 94
36 97 88
36 98 111
36 99 76
37 38 104
37 40 94
37 41 40
37 42 73
37 43 90
37 44 63
37 46 54
37 47 85
37 48 73
37 51 76
37 52 55
37 53 82
37 54 60
37 55 31
37 56 24
37 57 21
37 58 91
37 59 61
37 61 85
37 62 91
37 63 33
37 64 53
37 65 78
37 66 34
37 71 32
37 73 48
37 74 41
37 75 33
37 76 60
37 78 68
37 79 63
37 80 88
37 81 88
37 83 57
37 84 67
37 86 58
37 88 45
37 89 79
37 90 89
37 91 18
37 92 58
37 94 24
37 95 32
37 98 20
38 41 65
38 42 37
38 44 77
38 46 90
38 47 25
38 51 61
38 53 34
38 54 62
38 55 76
38 56 86
38 58 93
38 59 55
38 61 19
38 63 89
38 69 106
38 71 81
38 73 61
38 74 63
38 75 74
38 76 73
38 78 55
38 79 71
38 80 85
38 81 89
38 82 54
38 83 88
38 84 38
38 85 58
38 86 51
38 89 26
38 90 38
38 91 93
38 92 83
38 94 116
38 96 89
38 97 83
38 98 105
39 40 54
39 42 33
39 45 86
39 48 54
39 49 58
39 50 34
39 51 62
39 53 19
39 54 48
39 55 67
39 56 77
39 57 102
39 61 12
39 62 11
39 64 42
39 65 17
39 66 72
39 67 83
39 68 17
39 69 99
39 70 48
39 71 73
39 72 80
39 73 54
39 74 53
39 75 61
39 77 101
39 80 87
39 81 92
39 82 42
39 83 85
39 85 45
39 86 37
39 88 90
39 91 84
39 92 68
39 93 22
39 94 107
39 96 80
39 97 74
39 98 97
39 99 59
40 43 15
40 44 42
40 47 58
40 48 96
40 50 24
40 51 22
40 52 56
40 53 65
40 54 82
40 55 63
40 57 91
40 58 46
40 60 58
40 61 44
40 62 43
40 64 67
40 67 34
40 68 66
40 71 63
40 73 47
40 74 59
40 75 75
40 77 94
40 78 27
40 83 54
40 84 51
40 85 69
40 86 66
40 87 51
40 88 66
40 89 38
40 90 12
40 92 101
40 94 95
40 95 80
40 97 71
40 98 86
40 99 71
41 43 57
41 45 41
41 46 55
41 47 45
41 48 44
41 49 25
41 50 46
41 53 42
41 54 28
41 56 29
41 60 45
41 61 46
41 62 52
41 63 40
41 65 38
41 66 24
41 67 75
41 68 46
41 69 55
41 72 50
41 73 24
41 76 34
41 79 50
41 80 77
41 82 13
41 85 12
41 86 19
41 87 17
41 88 52
41 89 41
41 90 57
41 91 34
41 92 39
41 93 32
41 94 57
41 95 52
41 96 32
41 97 24
41 99 6
42 45 58
42 47 33
42 48 66
42 49 57
42 50 8
42 51 30
42 52 25
42 55 42
42 56 51
42 59 18
42 60 33
42 61 21
42 62 25
42 66 63
42 68 40
42 70 30
42 72 47
42 73 26
42 74 33
42 75 48
42 77 77
42 79 36
42 80 56
42 81 60
42 83 52
42 86 35
42 87 21
42 89 13
42 90 20
42 91 59
42 92 71
42 94 81
42 95 68
42 96 55
42 97 50
42 98 70
43 44 47
43 46 61
43 47 42
43 48 82
43 49 75
43 50 11
43 51 28
43 52 44
43 54 69
43 55 58
43 58 59
43 59 30
43 60 43
43 61 29
43 62 27
43 63 66
43 64 54
43 65 31
43 66 81
43 67 46
43 68 51
43 69 81
43 70 48
43 72 55
43 73 41
43 74 51
43 75 66
43 76 80
43 79 41
43 80 51
43 82 52
43 83 58
43 84 37
43 86 53
43 87 40
43 88 68
43 89 23
43 93 43
43 94 94
43 96 70
43 98 85
43 99 62
44 45 36
44 46 15
44 47 74
44 51 19
44 53 77
44 56 39
44 57 53
44 58 30
44 59 25
44 62 67
44 63 30
44 64 62
44 65 60
44 66 73
44 67 25
44 69 40
44 71 31
44 72 10
44 73 30
44 74 44
44 77 58
44 79 6
44 80 26
44 81 27
44 82 59
44 85 62
44 86 64
44 88 25
44 89 55
44 90 43
44 91 45
44 92 92
44 95 40
44 96 41
44 97 43
44 99 55
45 46 26
45 48 84
45 49 62
45 50 64
45 51 52
45 52 50
45 53 80
45 55 20
45 56 12
45 57 18
45 58 63
45 59 42
45 60 81
45 61 76
45 62 81
45 63 6
45 65 70
45 67 61
45 68 84
45 70 41
45 72 26
45 74 35
45 75 39
45 77 22
45 78 47
45 79 38
45 80 61
45 81 60
45 82 52
45 83 30
45 84 61
45 85 53
45 86 59
45 88 17
45 89 68
45 90 70
45 91 11
45 93 69
45 94 23
45 95 11
45 97 18
45 98 13
45 99 38
46 47 83
46 49 79
46 50 57
46 51 35
46 52 57
46 53 86
46 54 82
46 55 35
46 56 33
46 58 37
46 59 36
46 60 84
46 61 75
46 62 79
46 64 66
46 69 26
46 71 27
46 73 36
46 74 46
46 75 57
46 76 89
46 77 46
46 80 36
46 82 63
46 83 4
46 84 65
46 85 65
46 86 69
46 88 10
46 89 66
46 90 58
46 91 36
46 93 75
46 95 26
46 96 34
46 97 38
46 98 37
46 99 55
47 48 44
47 49 48
47 50 36
47 51 62
47 53 9
47 55 61
47 57 95
47 58 96
47 60 1
47 61 14
47 63 77
47 64 32
47 66 62
47 67 84
47 68 9
47 69 94
47 70 40
47 71 67
47 73 49
47 74 46
47 75 52
47 76 48
47 77 94
47 78 52
47 79 68
47 81 92
47 82 32
47 84 19
47 85 36
47 86 28
47 87 32
47 88 86
47 89 21
47 90 46
47 93 12
47 94 100
47 95 91
47 96 73
47 97 66
48 50 72
48 51 92
48 52 44
48 53 35
48 55 65
48 56 71
48 57 91
48 58 124
48 59 73
48 60 45
48 61 56
48 62 62
48 66 40
48 67 114
48 68 38
48 70 49
48 71 74
48 72 94
48 73 65
48 75 44
48 76 13
48 77 87
48 78 80
48 79 91
48 80 117
48 81 120
48 82 37
48 83 100
48 84 45
48 85 34
48 86 32
48 87 49
48 88 96
48 89 59
48 90 84
48 91 75
48 92 19
48 94 96
48 95 94
48 96 73
48 97 66
48 98 87
49 51 79
49 52 32
49 53 41
49 56 49
49 57 68
49 59 59
49 60 49
49 63 62
49 66 17
49 67 99
49 68 45
49 69 75
49 70 32
49 73 48
49 74 34
49 75 22
49 77 64
49 78 67
49 80 102
49 81 104
49 82 24
49 83 80
49 84 39
49 85 19
49 86 23
49 87 37
49 88 75
49 89 55
49 90 77
49 91 52
49 93 37
49 94 73
49 96 51
49 97 44
49 98 64
49 99 25
50 52 33
50 53 42
50 56 58
50 59 22
50 60 36
50 61 23
50 62 24
50 63 59
50 64 44
50 65 23
50 66 71
50 68 44
50 69 75
50 70 37
50 71 51
50 72 50
50 73 32
50 74 40
50 75 55
50 76 70
50 77 83
50 80 54
50 81 58
50 82 41
50 83 54
50 84 27
50 85 46
50 86 42
50 88 62
50 89 15
50 90 12
50 91 65
50 92 78
50 93 34
50 94 87
50 95 73
50 97 57
50 98 76
50 99 52
51 52 48
51 53 68
51 56 51
51 57 70
51 58 33
51 59 20
51 60 63
51 61 50
51 62 52
51 64 60
51 65 49
51 66 79
51 68 70
51 69 59
51 70 47
51 71 43
51 73 32
51 76 87
51 78 12
51 79 15
51 81 30
51 82 57
51 83 31
51 84 49
51 85 61
51 86 60
51 87 43
51 88 44
51 89 42
51 90 25
51 91 58
51 92 93
51 94 74
51 95 58
51 96 54
51 97 53
51 98 65
51 99 58
52 53 30
52 55 30
52 56 39
52 57 64
52 59 29
52 60 32
52 61 31
52 63 47
52 64 11
52 68 34
52 69 63
52 70 9
52 74 15
52 75 24
52 76 39
52 77 63
52 78 36
52 79 47
52 81 76
52 83 57
52 85 13
52 86 12
52 87 5
52 91 45
52 93 19
52 97 35
52 99 21
53 54 29
53 55 60
53 56 69
53 57 93
53 58 101
53 60 9
53 61 22
53 63 77
53 65 20
53 67 90
53 68 4
53 69 94
53 70 39
53 72 79
53 73 50
53 75 48
53 76 39
53 77 92
53 80 94
53 81 98
53 83 85
53 84 21
53 85 31
53 86 23
53 88 87
53 90 53
53 91 75
53 92 49
53 93 11
53 95 91
53 98 88
53 99 47
54 55 49
54 56 55
54 57 76
54 61 46
54 62 52
54 63 67
54 64 17
54 65 40
54 66 29
54 68 33
54 69 82
54 70 32
54 71 57
54 74 36
54 75 29
54 76 11
54 77 73
54 78 65
54 79 75
54 81 104
54 82 20
54 83 83
54 84 32
54 85 17
54 88 80
54 89 47
54 90 71
54 91 59
54 93 28
54 94 81
54 95 79
54 97 50
54 98 72
54 99 30
55 56 9
55 58 67
55 60 61
55 61 57
55 63 19
55 64 35
55 65 51
55 67 61
55 68 64
55 69 34
55 70 21
55 72 31
55 73 17
55 75 23
55 78 37
55 79 36
55 81 64
55 82 32
55 83 37
55 85 33
55 87 28
55 88 31
55 89 51
55 90 57
55 91 17
55 92 58
55 94 40
55 95 31
55 97 8
55 99 20
56 57 25
56 62 73
56 63 14
56 64 42
56 65 60
56 66 39
56 70 30
56 71 8
56 73 26
56 74 24
56 75 27
56 78 44
56 79 40
56 80 65
56 82 41
56 83 36
56 84 51
56 85 40
56 86 47
56 87 38
56 88 27
56 89 60
56 90 65
56 91 7
56 93 58
56 94 30
56 95 23
56 96 4
56 97 5
56 99 26
57 58 77
57 59 60
57 61 92
57 62 98
57 63 24
57 68 98
57 70 55
57 71 30
57 72 43
57 73 50
57 74 49
57 75 48
57 76 79
57 78 65
57 80 76
57 82 64
57 83 44
57 86 71
57 87 63
57 88 30
57 89 85
57 90 88
57 91 18
57 92 78
57 95 15
57 96 22
57 97 28
57 98 5
58 59 50
58 60 96
58 62 85
58 63 57
58 64 90
58 65 82
58 68 104
58 70 76
58 71 61
58 73 60
58 75 88
58 78 44
58 80 8
58 82 87
58 85 91
58 86 92
58 87 74
58 88 47
58 89 75
58 90 55
58 91 73
58 93 91
58 94 80
58 95 63
58 96 70
58 97 73
58 98 74
58 99 85
59 60 50
59 61 39
59 62 43
59 63 36
59 64 40
59 65 35
59 66 59
59 67 40
59 68 56
59 69 52
59 70 27
59 72 29
59 73 14
59 74 27
59 75 43
59 79 19
59 80 44
59 81 47
59 83 34
59 84 32
59 86 41
59 87 24
59 88 40
59 91 45
59 92 74
59 95 51
59 96 41
59 97 38
59 98 55
59 99 39
60 64 33
60 65 14
60 66 62
60 67 84
60 68 8
60 69 95
60 71 68
60 74 47
60 75 53
60 76 48
60 77 95
60 78 53
60 79 69
60 80 89
60 81 93
60 82 33
60 83 83
60 84 20
60 86 29
60 87 33
60 88 87
60 89 21
60 90 46
60 91 77
60 92 58
60 93 13
60 94 101
60 95 92
60 96 74
60 97 67
61 62 7
61 67 71
61 70 39
61 71 62
61 74 44
61 75 54
61 77 92
61 80 76
61 81 80
61 83 73
61 84 18
61 85 40
61 87 30
61 89 9
61 90 32
61 92 67
61 93 18
61 95 86
61 96 70
61 97 64
61 98 87
61 99 52
62 66 73
62 67 72
62 69 94
62 72 72
62 73 48
62 74 50
62 75 61
62 77 98
62 78 44
62 80 77
62 84 25
62 88 83
62 89 13
62 90 31
62 93 25
62 94 103
62 96 76
62 97 70
62 98 93
62 99 58
63 64 53
63 65 66
63 66 52
63 67 55
63 68 81
63 69 17
63 71 10
63 73 29
63 74 33
63 76 73
63 79 32
63 80 55
63 81 55
63 82 51
63 85 51
63 86 57
63 87 45
63 88 13
63 89 64
63 91 16
63 93 66
63 94 29
63 95 15
63 96 13
63 97 19
63 98 20
63 99 38
64 65 29
64 67 81
64 70 15
64 71 43
64 72 61
64 74 20
64 79 57
64 80 84
64 81 87
64 82 3
64 83 66
64 84 19
64 85 3
64 86 5
64 88 65
64 91 48
64 92 35
64 95 66
64 96 45
64 97 38
64 98 61
64 99 19
65 68 21
65 69 82
65 70 32
65 72 64
65 73 37
65 74 37
65 75 47
65 76 51
65 77 85
65 78 39
65 79 54
65 80 75
65 81 79
65 82 28
65 83 69
65 86 26
65 87 23
65 88 73
65 89 8
65 90 34
65 91 67
65 92 60
65 93 13
65 94 90
65 96 64
65 97 57
65 98 80
65 99 44
66 67 97
66 69 62
66 71 44
66 72 68
66 74 33
66 75 16
66 76 27
66 77 48
66 78 67
66 80 99
66 81 100
66 82 31
66 83 73
66 85 27
66 88 66
66 89 64
66 90 82
66 92 25
66 93 50
66 96 39
66 97 33
66 99 20
67 70 67
67 71 57
67 72 35
67 74 66
67 75 81
67 76 108
67 77 83
67 78 34
67 79 26
67 80 5
67 81 10
67 82 78
67 83 33
67 84 71
67 87 65
67 88 48
67 89 63
67 90 42
67 91 70
67 92 114
67 95 63
67 97 68
67 99 77
68 69 98
68 70 43
68 71 71
68 72 83
68 74 49
68 75 53
68 76 43
68 77 96
68 78 60
68 79 75
68 80 96
68 81 100
68 82 34
68 84 24
68 85 36
68 87 37
68 88 91
68 90 54
68 91 79
68 93 15
68 94 103
68 96 76
68 98 93
68 99 51
69 70 55
69 71 27
69 72 30
69 73 45
69 77 23
69 78 56
69 79 44
69 81 60
69 82 66
69 83 30
69 84 74
69 85 67
69 87 61
69 88 16
69 89 81
69 91 23
69 92 86
69 93 83
69 94 18
69 95 3
69 96 24
69 97 31
69 98 15
69 99 52
70 71 28
70 72 45
70 74 6
70 75 18
70 77 54
70 79 43
70 81 72
70 82 12
70 83 51
70 84 21
70 86 19
70 87 9
70 88 50
70 89 34
70 90 48
70 91 36
70 93 28
70 94 60
70 96 33
70 98 50
70 99 14
71 72 24
71 73 20
71 74 23
71 75 31
71 77 32
71 80 57
71 81 58
71 82 40
71 83 29
71 84 48
71 85 41
71 86 47
71 88 23
71 89 55
71 91 15
71 92 66
71 93 56
71 96 11
71 97 12
71 99 28
72 74 41
72 75 54
72 77 48
72 78 29
72 79 15
72 80 34
72 82 58
72 83 6
72 84 59
72 86 63
72 87 48
72 88 14
72 89 60
72 90 52
72 92 89
72 95 29
72 97 36
72 98 39
73 75 30
73 77 51
73 78 21
73 79 27
73 81 56
73 82 28
73 86 34
73 88 37
73 93 39
73 94 55
73 96 29
73 97 25
73 98 45
73 99 26
74 75 16
74 76 44
74 77 48
74 79 41
74 80 68
74 81 70
74 82 17
74 83 47
74 84 27
74 85 19
74 86 24
74 87 14
74 88 45
74 93 34
74 94 54
74 95 47
74 96 27
74 98 44
74 99 12
75 76 33
75 77 45
75 78 51
75 79 55
75 80 83
75 81 85
75 82 20
75 84 36
75 87 27
75 88 53
75 90 66
75 91 30
75 93 40
75 98 43
76 77 74
76 79 84
76 80 110
76 81 113
76 82 30
76 83 90
76 84 43
76 85 26
76 88 86
76 89 59
76 90 82
76 91 63
76 92 10
76 94 83
76 95 83
76 97 55
76 98 75
76 99 35
77 79 60
77 80 82
77 84 75
77 85 61
77 86 69
77 87 62
77 89 85
77 91 18
77 92 73
77 94 9
77 95 21
77 97 28
77 98 9
78 80 37
78 82 44
78 83 33
78 84 37
78 85 49
78 86 48
78 90 23
78 91 51
78 92 81
78 93 47
78 94 69
78 96 47
78 97 44
78 98 60
79 82 54
79 83 17
79 84 51
79 85 58
79 87 42
79 88 29
79 89 49
79 90 38
79 92 89
79 93 61
79 94 60
79 95 43
79 96 42
79 97 42
79 98 51
79 99 52
80 81 5
80 83 32
80 84 75
80 85 84
80 88 46
80 90 47
80 92 116
80 93 84
80 94 79
80 96 67
80 98 73
80 99 79
81 82 84
81 83 31
81 84 78
81 85 87
81 86 88
81 88 45
81 89 72
81 90 52
81 91 70
81 93 88
81 94 78
81 95 61
81 96 67
81 97 69
81 98 72
81 99 81
82 83 64
82 85 5
82 87 13
82 88 62
82 89 33
82 92 38
82 93 20
82 94 70
82 95 64
82 96 44
82 97 36
83 85 66
83 87 53
83 88 15
83 89 65
83 92 94
83 93 74
83 95 30
83 96 37
83 97 41
83 98 41
83 99 56
84 85 22
84 87 13
84 88 67
84 89 16
84 93 10
84 94 81
84 95 72
84 96 54
84 97 47
84 98 71
84 99 33
85 89 38
85 90 58
85 93 23
85 94 69
85 96 43
85 99 16
86 89 32
86 90 54
86 91 53
86 96 50
86 97 42
86 99 24
87 88 54
87 89 24
87 90 41
87 91 44
87 92 51
87 93 22
87 94 68
87 97 34
87 99 23
88 89 70
88 90 65
88 92 88
88 94 33
88 95 16
88 96 27
89 91 67
89 93 21
89 95 79
89 97 58
89 98 80
89 99 47
90 91 73
90 92 90
90 93 46
90 95 78
90 97 65
90 98 83
90 99 62
91 92 63
91 93 65
91 95 20
91 97 10
91 98 14
91 99 30
92 93 48
92 94 82
92 95 84
92 97 56
92 98 75
93 94 88
93 95 80
93 96 62
93 97 55
93 98 78
93 99 38
94 95 17
94 96 27
94 98 10
95 96 21
95 97 28
95 98 13
95 99 49
96 99 28
97 98 24
98 99 43
