50 0.7 10 0 0.5 1225 858 43
0.398512 0.126052 17
0.348708 0.0036379 24
0.307508 0.792285 22
0.889555 0.312981 18
0.150165 0.390759 21
0.915214 0.303314 19
0.950684 0.763981 26
0.0685013 0.780745 30
0.307596 0.047386 23
0.372354 0.4787 10
0.629734 0.840367 21
0.940366 0.219014 22
0.159006 0.24491 22
0.5291 0.314785 6
0.770284 0.239359 14
0.35525 0.612007 14
0.900433 0.627413 20
0.290223 0.471158 14
0.922785 0.871554 29
0.479391 0.0459307 20
0.0830426 0.139407 28
0.287099 0.545518 15
0.493442 0.920452 25
0.226711 0.170522 21
0.129132 0.758109 27
0.0367687 0.00414762 34
0.715467 0.844413 22
0.868658 0.499285 16
0.559548 0.429869 0
0.00804866 0.695587 31
0.193861 0.216036 21
0.956664 0.0581088 27
0.248271 0.887002 28
0.982891 0.488526 21
0.653891 0.321182 7
0.317129 0.133255 19
0.253754 0.776496 23
0.719777 0.684534 15
0.321897 0.640877 16
0.165425 0.231653 22
0.726661 0.0592354 20
0.427688 0.0185863 22
0.536233 0.813046 19
0.256146 0.199258 19
0.778472 0.595793 14
0.217792 0.446526 17
0.359187 0.359043 11
0.795798 0.987631 30
0.980296 0.1617 25
0.856146 0.735329 21
0 1 13
0 2 67
0 3 53
0 4 36
0 5 55
0 6 84
0 7 73
0 8 12
0 9 35
0 10 75
0 11 55
0 12 27
0 13 23
0 14 39
0 15 49
0 16 71
0 17 36
0 18 91
0 19 11
0 20 32
0 21 43
0 22 80
0 23 18
0 24 69
0 25 38
0 26 79
0 27 60
0 28 34
0 29 69
0 30 22
0 31 56
0 32 78
0 33 69
0 34 32
0 35 8
0 36 67
0 37 64
0 38 52
0 39 26
0 40 33
0 41 11
0 42 70
0 43 16
0 44 60
0 45 37
0 46 24
0 47 95
0 48 58
0 49 76
1 2 79
1 3 62
1 4 44
1 5 64
1 6 97
1 7 83
1 8 6
1 9 48
1 10 88
1 11 63
1 12 31
1 13 36
1 14 48
1 15 61
1 16 83
1 17 47
1 18 104
1 19 14
1 20 30
1 21 55
1 22 93
1 23 21
1 24 79
1 25 31
1 26 92
1 27 72
1 28 48
1 29 77
1 30 26
1 31 61
1 32 89
1 33 80
1 34 44
1 35 13
1 36 78
1 37 78
1 38 64
1 39 29
1 40 38
1 41 8
1 42 83
1 43 22
1 44 73
1 45 46
1 46 36
1 47 108
1 48 65
1 49 89
2 3 75
2 4 43
2 5 78
2 6 64
2 7 24
2 8 74
2 9 32
2 10 33
2 11 85
2 12 57
2 13 53
2 14 72
2 15 19
2 16 62
2 17 32
2 18 62
2 19 77
2 20 69
2 21 25
2 22 23
2 23 63
2 24 18
2 25 83
2 26 41
2 27 63
2 28 44
2 29 31
2 30 59
2 31 98
2 32 11
2 33 74
2 34 58
2 35 66
2 36 6
2 37 43
2 38 15
2 39 58
2 40 84
2 41 78
2 42 23
2 43 60
2 44 51
2 45 36
2 46 44
2 47 53
2 48 92
2 49 55
3 4 74
3 5 3
3 6 46
3 7 94
3 8 64
3 9 54
3 10 59
3 11 11
3 12 73
3 13 36
3 14 14
3 15 61
3 16 31
3 17 62
3 18 56
3 19 49
3 20 82
3 21 65
3 22 73
3 23 68
3 24 88
3 25 91
3 26 56
3 27 19
3 28 35
3 29 96
3 30 70
3 31 26
3 32 86
3 33 20
3 34 24
3 35 60
3 36 79
3 37 41
3 38 66
3 39 73
3 40 30
3 41 55
3 42 61
3 43 64
3 44 30
3 45 68
3 46 53
3 47 68
3 48 18
3 49 42
4 5 77
4 6 88
4 7 40
4 8 38
4 9 24
4 10 66
4 11 81
4 12 15
4 13 39
4 14 64
4 15 30
4 16 79
4 17 16
4 18 91
4 19 48
4 20 26
4 21 21
4 22 63
4 23 23
4 24 37
4 25 40
4 26 72
4 27 73
4 28 41
4 29 34
4 30 18
4 31 87
4 32 51
4 33 84
4 34 51
4 35 31
4 36 40
4 37 64
4 38 30
4 39 16
4 40 67
4 41 46
4 42 57
4 43 22
4 44 66
4 45 9
4 46 21
4 47 88
4 48 86
4 49 79
5 6 46
5 7 97
5 8 66
5 9 57
5 10 61
5 11 9
5 12 76
5 13 39
5 14 16
5 15 64
5 16 32
5 17 65
5 18 57
5 19 51
5 20 85
5 21 67
5 22 75
5 23 70
5 24 91
5 25 93
5 26 58
5 27 20
5 28 38
5 29 99
5 30 73
5 31 25
5 32 89
5 33 20
5 34 26
5 35 62
5 36 81
5 37 43
5 38 68
5 39 75
5 40 31
5 41 56
5 42 64
5 43 67
5 44 32
5 45 71
5 46 56
5 47 69
5 48 16
5 49 44
6 7 88
6 8 96
6 9 64
6 10 33
6 11 55
6 12 95
6 13 62
6 14 55
6 15 61
6 16 15
6 17 72
6 18 11
6 19 86
6 20 107
6 21 70
6 22 48
6 23 94
6 24 82
6 25 119
6 26 25
6 27 28
6 28 51
6 29 95
6 30 93
6 31 71
6 32 71
6 33 28
6 34 53
6 35 89
6 36 70
6 37 24
6 38 64
6 39 95
6 40 74
6 41 91
6 42 42
6 43 90
6 44 24
6 45 80
6 46 72
6 47 27
6 48 60
6 49 10
7 8 77
7 9 43
7 10 56
7 11 104
7 12 54
7 13 66
7 14 89
7 15 33
7 16 85
7 17 38
7 18 86
7 19 84
7 20 64
7 21 32
7 22 45
7 23 63
7 24 6
7 25 78
7 26 65
7 27 85
7 28 60
7 29 10
7 30 58
7 31 115
7 32 21
7 33 96
7 34 74
7 35 69
7 36 19
7 37 66
7 38 29
7 39 56
7 40 98
7 41 84
7 42 47
7 43 61
7 44 73
7 45 37
7 46 51
7 47 76
7 48 110
7 49 79
8 9 44
8 10 86
8 11 66
8 12 25
8 13 35
8 14 50
8 15 57
8 16 83
8 17 42
8 18 103
8 19 17
8 20 24
8 21 50
8 22 89
8 23 15
8 24 73
8 25 27
8 26 90
8 27 72
8 28 46
8 29 71
8 30 20
8 31 65
8 32 84
8 33 81
8 34 44
8 35 9
8 36 73
8 37 76
8 38 59
8 39 23
8 40 42
8 41 12
8 42 80
8 43 16
8 44 72
8 45 41
8 46 32
8 47 106
8 48 68
8 49 88
9 10 44
9 11 62
9 12 32
9 13 23
9 14 46
9 15 13
9 16 55
9 17 8
9 18 68
9 19 45
9 20 45
9 21 11
9 22 46
9 23 34
9 24 37
9 25 58
9 26 50
9 27 50
9 28 19
9 29 42
9 30 32
9 31 72
9 32 43
9 33 61
9 34 32
9 35 35
9 36 32
9 37 40
9 38 17
9 39 32
9 40 55
9 41 46
9 42 37
9 43 30
9 44 42
9 45 16
9 46 12
9 47 66
9 48 69
9 49 55
10 11 69
10 12 76
10 13 54
10 14 62
10 15 36
10 16 34
10 17 50
10 18 29
10 19 81
10 20 89
10 21 45
10 22 16
10 23 78
10 24 51
10 25 103
10 26 9
10 27 42
10 28 42
10 29 64
10 30 76
10 31 85
10 32 38
10 33 50
10 34 52
10 35 77
10 36 38
10 37 18
10 38 37
10 39 77
10 40 79
10 41 85
10 42 10
10 43 74
10 44 29
10 45 57
10 46 55
10 47 22
10 48 76
10 49 25
11 12 78
11 13 42
11 14 17
11 15 70
11 16 41
11 17 70
11 18 65
11 19 49
11 20 86
11 21 73
11 22 83
11 23 72
11 24 97
11 25 93
11 26 66
11 27 29
11 28 44
11 29 105
11 30 75
11 31 16
11 32 96
11 33 27
11 34 30
11 35 63
11 36 88
11 37 52
11 38 75
11 39 78
11 40 27
11 41 55
11 42 72
11 43 68
11 44 41
11 45 76
11 46 60
11 47 78
11 48 7
11 49 52
12 13 38
12 14 61
12 15 42
12 16 83
12 17 26
12 18 99
12 19 38
12 20 13
12 21 33
12 22 75
12 23 10
12 24 51
12 25 27
12 26 82
12 27 75
12 28 44
12 29 48
12 30 5
12 31 82
12 32 65
12 33 86
12 34 50
12 35 19
12 36 54
12 37 71
12 38 43
12 39 1
12 40 60
12 41 35
12 42 68
12 43 11
12 44 71
12 45 21
12 46 23
12 47 98
12 48 83
12 49 85
13 14 25
13 15 34
13 16 49
13 17 29
13 18 68
13 19 27
13 20 48
13 21 33
13 22 61
13 23 34
13 24 60
13 25 58
13 26 56
13 27 39
13 28 12
13 29 65
13 30 35
13 31 50
13 32 64
13 33 49
13 34 12
13 35 28
13 36 54
13 37 42
13 38 39
13 39 37
13 40 32
13 41 31
13 42 50
13 43 30
13 44 38
13 45 34
13 46 18
13 47 72
13 48 48
13 49 53
14 15 56
14 16 41
14 17 53
14 18 65
14 19 35
14 20 69
14 21 57
14 22 74
14 23 55
14 24 82
14 25 77
14 26 61
14 27 28
14 28 28
14 29 89
14 30 58
14 31 26
14 32 83
14 33 33
14 34 14
14 35 47
14 36 75
14 37 45
14 38 60
14 39 60
14 40 19
14 41 41
14 42 62
14 43 52
14 44 36
14 45 59
14 46 43
14 47 75
14 48 22
14 49 50
15 16 55
15 17 16
15 18 62
15 19 58
15 20 55
15 21 10
15 22 34
15 23 46
15 24 27
15 25 69
15 26 43
15 27 53
15 28 27
15 29 36
15 30 43
15 31 82
15 32 30
15 33 64
15 34 42
15 35 48
15 36 19
15 37 37
15 38 4
15 39 43
15 40 67
15 41 60
15 42 27
15 43 42
15 44 42
15 45 22
15 46 25
15 47 58
15 48 77
15 49 52
16 17 63
16 18 25
16 19 72
16 20 95
16 21 62
16 22 50
16 23 81
16 24 78
16 25 107
16 26 29
16 27 13
16 28 39
16 29 89
16 30 82
16 31 57
16 32 70
16 33 16
16 34 39
16 35 76
16 36 66
16 37 19
16 38 58
16 39 83
16 40 59
16 41 77
16 42 41
16 43 77
16 44 13
16 45 71
16 46 60
16 47 38
16 48 47
16 49 12
17 18 75
17 19 47
17 20 39
17 21 7
17 22 49
17 23 31
17 24 33
17 25 53
17 26 57
17 27 58
17 28 27
17 29 36
17 30 27
17 31 78
17 32 42
17 33 69
17 34 39
17 35 34
17 36 31
17 37 48
17 38 17
17 39 27
17 40 60
17 41 47
17 42 42
17 43 27
17 44 50
17 45 8
17 46 13
17 47 72
17 48 76
17 49 62
18 19 94
18 20 111
18 21 71
18 22 43
18 23 99
18 24 80
18 25 124
18 26 21
18 27 38
18 28 57
18 29 93
18 30 98
18 31 81
18 32 67
18 33 39
18 34 61
18 35 95
18 36 68
18 37 28
18 38 64
18 39 99
18 40 84
18 41 99
18 42 39
18 43 95
18 44 31
18 45 82
18 46 76
18 47 17
18 48 71
18 49 15
19 20 41
19 21 54
19 22 87
19 23 28
19 24 79
19 25 44
19 26 83
19 27 60
19 28 39
19 29 80
19 30 33
19 31 48
19 32 87
19 33 67
19 34 33
19 35 18
19 36 76
19 37 68
19 38 62
19 39 36
19 40 25
19 41 6
19 42 77
19 43 27
19 44 63
19 45 48
19 46 34
19 47 99
19 48 51
19 49 79
20 21 45
20 22 88
20 23 15
20 24 62
20 25 14
20 26 95
20 27 86
20 28 56
20 29 56
20 30 13
20 31 88
20 32 77
20 33 97
20 34 60
20 35 23
20 36 66
20 37 84
20 38 56
20 39 12
20 40 65
20 41 37
20 42 81
20 43 18
20 44 83
20 45 34
20 46 35
20 47 111
20 48 90
20 49 98
21 22 43
21 23 38
21 24 26
21 25 60
21 26 52
21 27 58
21 28 30
21 29 32
21 30 34
21 31 83
21 32 34
21 33 70
21 34 43
21 35 41
21 36 23
21 37 45
21 38 10
21 39 34
21 40 66
21 41 55
21 42 37
21 43 35
21 44 49
21 45 12
21 46 20
21 47 67
21 48 79
21 49 60
22 23 80
22 24 40
22 25 102
22 26 23
22 27 56
22 28 50
22 29 53
22 30 77
22 31 98
22 32 25
22 33 65
22 34 62
22 35 81
22 36 28
22 37 33
22 38 33
22 39 76
22 40 89
22 41 90
22 42 12
22 43 76
22 44 43
22 45 55
22 46 58
22 47 31
22 48 90
22 49 41
23 24 60
23 25 25
23 26 83
23 27 72
23 28 42
23 29 57
23 30 6
23 31 74
23 32 72
23 33 82
23 34 45
23 35 10
23 36 61
23 37 71
23 38 48
23 39 9
23 40 51
23 41 25
23 42 71
23 43 4
23 44 70
23 45 28
23 46 23
23 47 100
23 48 75
23 49 85
24 25 76
24 26 59
24 27 78
24 28 54
24 29 14
24 30 55
24 31 108
24 32 18
24 33 90
24 34 68
24 35 65
24 36 13
24 37 60
24 38 23
24 39 53
24 40 92
24 41 80
24 42 41
24 43 57
24 44 67
24 45 32
24 46 46
24 47 71
24 48 104
24 49 73
25 26 108
25 27 97
25 28 67
25 29 69
25 30 26
25 31 92
25 32 91
25 33 106
25 34 69
25 35 31
25 36 80
25 37 96
25 38 70
25 39 26
25 40 69
25 41 39
25 42 95
25 43 29
25 44 95
25 45 48
25 46 48
25 47 124
25 48 96
25 49 110
26 27 38
26 28 44
26 29 72
26 30 82
26 31 82
26 32 47
26 33 45
26 34 53
26 35 82
26 36 47
26 37 16
26 38 44
26 39 82
26 40 79
26 41 87
26 42 18
26 43 79
26 44 26
26 45 64
26 46 60
26 47 16
26 48 73
26 49 18
27 28 32
27 29 88
27 30 73
27 31 45
27 32 73
27 33 11
27 34 28
27 35 66
27 36 67
27 37 24
27 38 56
27 39 75
27 40 46
27 41 65
27 42 46
27 43 68
27 44 13
27 45 65
27 46 53
27 47 49
27 48 36
27 49 24
28 29 61
28 30 42
28 31 54
28 32 55
28 33 43
28 34 14
28 35 38
28 36 46
28 37 30
28 38 32
28 39 44
28 40 41
28 41 43
28 42 38
28 43 38
28 44 27
28 45 34
28 46 21
28 47 61
28 48 50
28 49 43
29 30 51
29 31 114
29 32 31
29 33 100
29 34 75
29 35 64
29 36 26
29 37 71
29 38 32
29 39 49
29 40 96
29 41 80
29 42 54
29 43 55
29 44 78
29 45 33
29 46 49
29 47 84
29 48 111
29 49 85
30 31 78
30 32 67
30 33 83
30 34 47
30 35 15
30 36 56
30 37 70
30 38 44
30 39 3
30 40 56
30 41 31
30 42 69
30 43 6
30 44 70
30 45 23
30 46 22
30 47 98
30 48 79
30 49 84
31 32 109
31 33 43
31 34 40
31 35 64
31 36 101
31 37 67
31 38 86
31 39 81
31 40 23
31 41 53
31 42 86
31 43 71
31 44 57
31 45 83
31 46 67
31 47 94
31 48 11
31 49 68
32 33 84
32 34 70
32 35 76
32 36 11
32 37 51
32 38 26
32 39 66
32 40 96
32 41 89
32 42 30
32 43 69
32 44 60
32 45 44
32 46 54
32 47 56
32 48 103
32 49 63
33 34 37
33 35 75
33 36 78
33 37 33
33 38 68
33 39 86
33 40 50
33 41 73
33 42 55
33 43 78
33 44 23
33 45 77
33 46 64
33 47 53
33 48 33
33 49 28
34 35 39
34 36 61
34 37 37
34 38 46
34 39 50
34 40 27
34 41 38
34 42 51
34 43 42
34 44 30
34 45 45
34 46 30
34 47 68
34 48 36
34 49 46
35 36 65
35 37 68
35 38 51
35 39 18
35 40 42
35 41 16
35 42 71
35 43 9
35 44 65
35 45 33
35 46 23
35 47 98
35 48 66
35 49 81
36 37 48
36 38 15
36 39 55
36 40 86
36 41 78
36 42 28
36 43 58
36 44 55
36 45 33
36 46 43
36 47 58
36 48 95
36 49 60
37 38 40
37 39 72
37 40 63
37 41 73
37 42 22
37 43 67
37 44 11
37 45 56
37 46 49
37 47 31
37 48 58
37 49 15
38 39 44
38 40 71
38 41 63
38 42 27
38 43 45
38 44 46
38 45 22
38 46 28
38 47 59
38 48 81
38 49 54
39 40 59
39 41 34
39 42 69
39 43 10
39 44 71
39 45 22
39 46 23
39 47 98
39 48 82
39 49 85
40 41 30
40 42 78
40 43 49
40 44 54
40 45 64
40 46 47
40 47 93
40 48 27
40 49 69
41 42 80
41 43 25
41 44 68
41 45 48
41 46 35
41 47 104
41 48 57
41 49 84
42 43 67
42 44 33
42 45 49
42 46 49
42 47 31
42 48 79
42 49 33
43 44 66
43 45 25
43 46 19
43 47 96
43 48 73
43 49 80
44 45 58
44 46 48
44 47 39
44 48 48
44 49 16
45 46 17
45 47 79
45 48 81
45 49 70
46 47 77
46 48 65
46 49 62
47 48 85
47 49 26
48 49 59
0 1 13
0 2 67
0 3 53
0 4 36
0 5 55
0 6 84
0 7 73
0 8 12
0 9 35
0 10 75
0 11 55
0 12 27
0 15 49
0 16 71
0 17 36
0 18 91
0 19 11
0 20 32
0 21 43
0 23 18
0 25 38
0 26 79
0 27 60
0 28 34
0 31 56
0 32 78
0 33 69
0 34 32
0 36 67
0 37 64
0 39 26
0 41 11
0 42 70
0 43 16
0 44 60
0 46 24
0 47 95
0 48 58
1 4 44
1 5 64
1 6 97
1 8 6
1 9 48
1 10 88
1 12 31
1 15 61
1 17 47
1 18 104
1 19 14
1 20 30
1 21 55
1 22 93
1 23 21
1 24 79
1 27 72
1 29 77
1 30 26
1 31 61
1 32 89
1 33 80
1 34 44
1 35 13
1 36 78
1 38 64
1 41 8
1 43 22
1 46 36
1 48 65
1 49 89
2 4 43
2 5 78
2 6 64
2 7 24
2 8 74
2 9 32
2 10 33
2 12 57
2 13 53
2 15 19
2 16 62
2 17 32
2 18 62
2 20 69
2 21 25
2 22 23
2 23 63
2 24 18
2 25 83
2 26 41
2 28 44
2 29 31
2 31 98
2 32 11
2 33 74
2 34 58
2 35 66
2 36 6
2 38 15
2 39 58
2 40 84
2 41 78
2 42 23
2 43 60
2 44 51
2 45 36
2 47 53
3 4 74
3 6 46
3 7 94
3 9 54
3 10 59
3 11 11
3 13 36
3 15 61
3 16 31
3 17 62
3 21 65
3 22 73
3 24 88
3 25 91
3 26 56
3 27 19
3 28 35
3 29 96
3 30 70
3 31 26
3 32 86
3 35 60
3 36 79
3 39 73
3 40 30
3 41 55
3 42 61
3 43 64
3 46 53
3 47 68
3 49 42
4 8 38
4 10 66
4 12 15
4 13 39
4 16 79
4 17 16
4 18 91
4 19 48
4 20 26
4 21 21
4 23 23
4 24 37
4 25 40
4 26 72
4 27 73
4 28 41
4 34 51
4 35 31
4 36 40
4 37 64
4 38 30
4 40 67
4 41 46
4 42 57
4 44 66
4 45 9
4 47 88
4 48 86
5 6 46
5 7 97
5 8 66
5 9 57
5 10 61
5 11 9
5 12 76
5 15 64
5 17 65
5 19 51
5 20 85
5 21 67
5 25 93
5 27 20
5 28 38
5 30 73
5 31 25
5 32 89
5 34 26
5 35 62
5 36 81
5 37 43
5 39 75
5 40 31
5 42 64
5 44 32
5 46 56
5 47 69
5 48 16
6 9 64
6 10 33
6 11 55
6 12 95
6 13 62
6 15 61
6 16 15
6 17 72
6 20 107
6 22 48
6 23 94
6 24 82
6 25 119
6 26 25
6 27 28
6 28 51
6 30 93
6 33 28
6 34 53
6 35 89
6 37 24
6 40 74
6 41 91
6 42 42
6 44 24
6 46 72
6 48 60
6 49 10
7 10 56
7 11 104
7 12 54
7 14 89
7 16 85
7 17 38
7 19 84
7 20 64
7 21 32
7 23 63
7 26 65
7 28 60
7 29 10
7 31 115
7 32 21
7 33 96
7 35 69
7 36 19
7 37 66
7 38 29
7 39 56
7 40 98
7 41 84
7 42 47
7 43 61
7 45 37
7 46 51
7 47 76
7 48 110
8 9 44
8 12 25
8 13 35
8 15 57
8 16 83
8 17 42
8 18 103
8 21 50
8 22 89
8 23 15
8 25 27
8 26 90
8 28 46
8 29 71
8 30 20
8 34 44
8 36 73
8 37 76
8 38 59
8 39 23
8 40 42
8 41 12
8 42 80
8 43 16
8 45 41
8 46 32
8 47 106
8 48 68
8 49 88
9 10 44
9 11 62
9 13 23
9 15 13
9 16 55
9 18 68
9 19 45
9 20 45
9 21 11
9 22 46
9 23 34
9 24 37
9 25 58
9 27 50
9 28 19
9 30 32
9 34 32
9 35 35
9 36 32
9 38 17
9 39 32
9 40 55
9 42 37
9 44 42
9 45 16
9 46 12
9 47 66
9 48 69
10 12 76
10 14 62
10 16 34
10 17 50
10 18 29
10 19 81
10 21 45
10 22 16
10 23 78
10 25 103
10 26 9
10 27 42
10 28 42
10 29 64
10 31 85
10 32 38
10 34 52
10 36 38
10 37 18
10 38 37
10 39 77
10 40 79
10 41 85
10 44 29
10 45 57
10 46 55
10 49 25
11 15 70
11 16 41
11 17 70
11 18 65
11 19 49
11 20 86
11 22 83
11 23 72
11 24 97
11 26 66
11 27 29
11 28 44
11 29 105
11 30 75
11 31 16
11 32 96
11 33 27
11 34 30
11 35 63
11 38 75
11 39 78
11 40 27
11 41 55
11 42 72
11 43 68
11 45 76
11 48 7
11 49 52
12 13 38
12 14 61
12 17 26
12 18 99
12 19 38
12 21 33
12 22 75
12 23 10
12 24 51
12 25 27
12 30 5
12 31 82
12 32 65
12 33 86
12 34 50
12 36 54
12 38 43
12 43 11
12 44 71
12 45 21
12 47 98
12 48 83
12 49 85
13 14 25
13 15 34
13 16 49
13 17 29
13 19 27
13 20 48
13 21 33
13 22 61
13 23 34
13 24 60
13 25 58
13 26 56
13 27 39
13 29 65
13 30 35
13 32 64
13 33 49
13 35 28
13 36 54
13 37 42
13 38 39
13 39 37
13 40 32
13 42 50
13 45 34
13 46 18
14 16 41
14 18 65
14 19 35
14 20 69
14 21 57
14 23 55
14 24 82
14 25 77
14 26 61
14 27 28
14 28 28
14 29 89
14 30 58
14 33 33
14 34 14
14 35 47
14 36 75
14 37 45
14 38 60
14 39 60
14 41 41
14 42 62
14 43 52
14 45 59
14 47 75
14 48 22
14 49 50
15 16 55
15 17 16
15 18 62
15 20 55
15 21 10
15 23 46
15 24 27
15 26 43
15 28 27
15 30 43
15 31 82
15 33 64
15 34 42
15 38 4
15 41 60
15 43 42
15 44 42
15 46 25
15 47 58
15 48 77
16 19 72
16 21 62
16 23 81
16 24 78
16 25 107
16 26 29
16 29 89
16 31 57
16 32 70
16 34 39
16 35 76
16 36 66
16 37 19
16 39 83
16 41 77
16 43 77
16 44 13
16 45 71
16 48 47
17 18 75
17 19 47
17 20 39
17 21 7
17 24 33
17 25 53
17 27 58
17 28 27
17 29 36
17 30 27
17 31 78
17 33 69
17 36 31
17 38 17
17 40 60
17 41 47
17 42 42
17 44 50
17 45 8
17 46 13
17 47 72
17 48 76
18 20 111
18 21 71
18 22 43
18 25 124
18 26 21
18 28 57
18 29 93
18 30 98
18 31 81
18 33 39
18 34 61
18 36 68
18 39 99
18 40 84
18 42 39
18 43 95
18 45 82
18 47 17
18 49 15
19 20 41
19 22 87
19 23 28
19 24 79
19 25 44
19 29 80
19 31 48
19 32 87
19 33 67
19 34 33
19 36 76
19 38 62
19 39 36
19 40 25
19 41 6
19 43 27
19 44 63
19 45 48
19 46 34
19 47 99
19 49 79
20 21 45
20 22 88
20 24 62
20 25 14
20 26 95
20 27 86
20 28 56
20 29 56
20 30 13
20 32 77
20 33 97
20 34 60
20 35 23
20 39 12
20 40 65
20 41 37
20 42 81
20 43 18
20 44 83
20 45 34
20 46 35
20 47 111
20 49 98
21 22 43
21 23 38
21 24 26
21 25 60
21 26 52
21 27 58
21 29 32
21 30 34
21 31 83
21 32 34
21 33 70
21 34 43
21 36 23
21 37 45
21 38 10
21 39 34
21 40 66
21 43 35
21 44 49
21 45 12
21 47 67
21 48 79
22 23 80
22 24 40
22 25 102
22 26 23
22 27 56
22 28 50
22 29 53
22 30 77
22 32 25
22 34 62
22 35 81
22 36 28
22 37 33
22 38 33
22 40 89
22 42 12
22 43 76
22 45 55
22 46 58
22 48 90
22 49 41
23 24 60
23 26 83
23 27 72
23 28 42
23 30 6
23 31 74
23 32 72
23 34 45
23 35 10
23 38 48
23 40 51
23 41 25
23 42 71
23 43 4
23 44 70
23 45 28
23 47 100
23 48 75
23 49 85
24 26 59
24 27 78
24 28 54
24 29 14
24 30 55
24 31 108
24 33 90
24 36 13
24 41 80
24 43 57
24 44 67
24 45 32
24 46 46
24 48 104
24 49 73
25 26 108
25 30 26
25 31 92
25 32 91
25 34 69
25 35 31
25 36 80
25 38 70
25 40 69
25 42 95
25 43 29
25 44 95
25 45 48
25 46 48
25 48 96
25 49 110
26 27 38
26 28 44
26 29 72
26 30 82
26 31 82
26 33 45
26 34 53
26 35 82
26 36 47
26 38 44
26 39 82
26 40 79
26 41 87
26 42 18
26 43 79
26 44 26
26 45 64
26 46 60
26 47 16
26 48 73
26 49 18
27 29 88
27 30 73
27 31 45
27 32 73
27 33 11
27 34 28
27 35 66
27 36 67
27 37 24
27 38 56
27 39 75
27 40 46
27 42 46
27 43 68
27 44 13
27 45 65
27 48 36
27 49 24
28 29 61
28 30 42
28 31 54
28 32 55
28 33 43
28 34 14
28 35 38
28 36 46
28 37 30
28 38 32
28 40 41
28 43 38
28 46 21
28 47 61
28 48 50
28 49 43
29 30 51
29 31 114
29 32 31
29 33 100
29 35 64
29 36 26
29 37 71
29 38 32
29 39 49
29 42 54
29 43 55
29 45 33
29 46 49
29 49 85
30 31 78
30 33 83
30 34 47
30 36 56
30 37 70
30 38 44
30 39 3
30 40 56
30 41 31
30 42 69
30 43 6
30 45 23
30 46 22
30 48 79
30 49 84
31 32 109
31 33 43
31 34 40
31 35 64
31 38 86
31 40 23
31 41 53
31 42 86
31 43 71
31 44 57
31 45 83
31 46 67
31 47 94
31 48 11
31 49 68
32 33 84
32 34 70
32 35 76
32 36 11
32 37 51
32 40 96
32 41 89
32 43 69
32 44 60
32 45 44
32 46 54
32 49 63
33 34 37
33 35 75
33 37 33
33 38 68
33 39 86
33 40 50
33 41 73
33 42 55
33 43 78
33 44 23
33 45 77
33 48 33
34 35 39
34 36 61
34 42 51
34 43 42
34 44 30
34 47 68
34 48 36
34 49 46
35 37 68
35 40 42
35 41 16
35 42 71
35 44 65
35 47 98
35 48 66
35 49 81
36 37 48
36 38 15
36 42 28
36 43 58
36 46 43
36 47 58
36 48 95
36 49 60
37 38 40
37 39 72
37 43 67
37 44 11
37 48 58
38 39 44
38 41 63
38 42 27
38 44 46
38 45 22
38 47 59
38 48 81
38 49 54
39 40 59
39 41 34
39 42 69
39 43 10
39 44 71
39 46 23
39 49 85
40 41 30
40 45 64
40 46 47
40 47 93
40 48 27
40 49 69
41 42 80
41 44 68
41 47 104
41 48 57
41 49 84
42 44 33
42 45 49
42 46 49
42 47 31
42 48 79
42 49 33
43 44 66
43 45 25
43 46 19
43 47 96
43 49 80
44 45 58
44 46 48
44 47 39
44 48 48
44 49 16
45 47 79
45 48 81
45 49 70
46 47 77
46 48 65
47 48 85
47 49 26
48 49 59
