50 0.7 0 0 0.5 1225 858 14
0.13432 0.305647 18
0.71362 0.271111 19
0.249192 0.783418 16
0.0955188 0.580175 17
0.870538 0.429415 23
0.528952 0.106276 21
0.883284 0.704355 25
0.0924201 0.888581 25
0.255342 0.664874 12
0.422347 0.343967 8
0.243681 0.20354 18
0.578581 0.805204 17
0.685205 0.613913 14
0.0431042 0.719739 22
0.912901 0.385557 25
0.824576 0.392562 21
0.837155 0.693548 23
0.41304 0.150353 18
0.422358 0.17884 16
0.518621 0.869625 19
0.845683 0.383923 22
0.810189 0.610566 20
0.37951 0.130192 19
0.158093 0.0714241 26
0.918731 0.515501 25
0.0051076 0.53515 21
0.993106 0.0389469 37
0.17495 0.291704 17
0.112933 0.0793512 27
0.10627 0.0629045 27
0.139348 0.0550138 27
0.646949 0.50426 11
0.606595 0.221297 17
0.565693 0.96509 24
0.424588 0.508048 0
0.945904 0.182397 31
0.82039 0.845249 26
0.875002 0.246545 26
0.339165 0.0154516 25
0.0213526 0.0953758 29
0.114926 0.354288 17
0.240923 0.727433 14
0.711706 0.758795 19
0.529326 0.583281 6
0.55618 0.679283 11
0.999097 0.87783 34
0.110985 0.765654 20
0.668972 0.4612 12
0.871462 0.264292 25
0.0997581 0.118273 25
0 1 58
0 2 49
0 3 28
0 4 75
0 5 44
0 6 85
0 7 58
0 8 38
0 9 29
0 10 15
0 11 67
0 12 63
0 13 42
0 14 78
0 15 70
0 16 80
0 17 32
0 18 31
0 19 68
0 20 72
0 21 74
0 22 30
0 23 24
0 24 81
0 25 26
0 26 90
0 27 4
0 28 23
0 29 24
0 30 25
0 31 55
0 32 48
0 33 79
0 34 35
0 35 82
0 36 87
0 37 74
0 38 36
0 39 24
0 40 5
0 41 44
0 42 73
0 43 48
0 44 56
0 45 104
0 46 46
0 47 56
0 48 74
0 49 19
1 2 69
1 3 69
1 4 22
1 5 25
1 6 47
1 7 88
1 8 60
1 9 30
1 10 47
1 11 55
1 12 34
1 13 81
1 14 23
1 15 16
1 16 44
1 17 32
1 18 31
1 19 63
1 20 17
1 21 35
1 22 36
1 23 59
1 24 32
1 25 76
1 26 36
1 27 54
1 28 63
1 29 64
1 30 61
1 31 24
1 32 12
1 33 71
1 34 37
1 35 25
1 36 58
1 37 16
1 38 45
1 39 71
1 40 60
1 41 66
1 42 49
1 43 36
1 44 44
1 45 67
1 46 78
1 47 20
1 48 16
1 49 63
2 3 25
2 4 72
2 5 73
2 6 64
2 7 19
2 8 12
2 9 47
2 10 58
2 11 33
2 12 47
2 13 22
2 14 77
2 15 70
2 16 59
2 17 65
2 18 63
2 19 28
2 20 72
2 21 59
2 22 67
2 23 72
2 24 72
2 25 35
2 26 105
2 27 50
2 28 72
2 29 73
2 30 74
2 31 49
2 32 67
2 33 36
2 34 33
2 35 92
2 36 57
2 37 82
2 38 77
2 39 72
2 40 45
2 41 6
2 42 46
2 43 34
2 44 32
2 45 76
2 46 14
2 47 53
2 48 81
2 49 68
3 4 79
3 5 64
3 6 80
3 7 31
3 8 18
3 9 40
3 10 40
3 11 53
3 12 59
3 13 15
3 14 84
3 15 75
3 16 75
3 17 53
3 18 52
3 19 51
3 20 78
3 21 72
3 22 53
3 23 51
3 24 83
3 25 10
3 26 105
3 27 30
3 28 50
3 29 52
3 30 53
3 31 56
3 32 62
3 33 61
3 34 34
3 35 94
3 36 77
3 37 85
3 38 62
3 39 49
3 40 23
3 41 21
3 42 64
3 43 43
3 44 47
3 45 95
3 46 19
3 47 59
3 48 84
3 49 46
4 5 47
4 6 28
4 7 90
4 8 66
4 9 46
4 10 67
4 11 48
4 12 26
4 13 88
4 14 6
4 15 6
4 16 27
4 17 54
4 18 51
4 19 56
4 20 5
4 21 19
4 22 58
4 23 80
4 24 10
4 25 87
4 26 41
4 27 71
4 28 83
4 29 85
4 30 82
4 31 24
4 32 34
4 33 62
4 34 45
4 35 26
4 36 42
4 37 18
4 38 67
4 39 91
4 40 76
4 41 70
4 42 37
4 43 37
4 44 40
4 45 47
4 46 83
4 47 20
4 48 17
4 49 83
5 6 70
5 7 90
5 8 62
5 9 26
5 10 30
5 11 70
5 12 53
5 13 78
5 14 47
5 15 41
5 16 66
5 17 12
5 18 13
5 19 76
5 20 42
5 21 58
5 22 15
5 23 37
5 24 57
5 25 68
5 26 47
5 27 40
5 28 42
5 29 42
5 30 39
5 31 42
5 32 14
5 33 86
5 34 42
5 35 42
5 36 79
5 37 37
5 38 21
5 39 51
5 40 48
5 41 68
5 42 68
5 43 48
5 44 57
5 45 90
5 46 78
5 47 38
5 48 38
5 49 43
6 7 81
6 8 63
6 9 59
6 10 81
6 11 32
6 12 22
6 13 84
6 14 32
6 15 32
6 16 5
6 17 73
6 18 70
6 19 40
6 20 32
6 21 12
6 22 76
6 23 96
6 24 19
6 25 89
6 26 67
6 27 82
6 28 99
6 29 101
6 30 99
6 31 31
6 32 56
6 33 41
6 34 50
6 35 53
6 36 15
6 37 46
6 38 88
6 39 106
6 40 84
6 41 64
6 42 18
6 43 37
6 44 33
6 45 21
6 46 77
6 47 32
6 48 44
6 49 98
7 8 28
7 9 64
7 10 70
7 11 49
7 12 65
7 13 18
7 14 96
7 15 88
7 16 77
7 17 80
7 18 78
7 19 43
7 20 91
7 21 77
7 22 81
7 23 82
7 24 91
7 25 36
7 26 124
7 27 60
7 28 81
7 29 83
7 30 83
7 31 67
7 32 84
7 33 48
7 34 51
7 35 111
7 36 73
7 37 101
7 38 91
7 39 80
7 40 53
7 41 22
7 42 63
7 43 53
7 44 51
7 45 91
7 46 12
7 47 72
7 48 100
7 49 77
8 9 36
8 10 46
8 11 35
8 12 43
8 13 22
8 14 71
8 15 63
8 16 58
8 17 54
8 18 51
8 19 33
8 20 65
8 21 56
8 22 55
8 23 60
8 24 68
8 25 28
8 26 97
8 27 38
8 28 60
8 29 62
8 30 62
8 31 42
8 32 57
8 33 43
8 34 23
8 35 84
8 36 59
8 37 75
8 38 65
8 39 62
8 40 34
8 41 6
8 42 47
8 43 29
8 44 30
8 45 77
8 46 18
8 47 46
8 48 73
8 49 57
9 10 23
9 11 49
9 12 38
9 13 53
9 14 49
9 15 41
9 16 54
9 17 19
9 18 17
9 19 53
9 20 43
9 21 47
9 22 22
9 23 38
9 24 53
9 25 46
9 26 65
9 27 25
9 28 41
9 29 42
9 30 40
9 31 28
9 32 22
9 33 64
9 34 16
9 35 55
9 36 64
9 37 46
9 38 34
9 39 47
9 40 31
9 41 42
9 42 51
9 43 26
9 44 36
9 45 79
9 46 52
9 47 27
9 48 46
9 49 39
10 11 69
10 12 60
10 13 55
10 14 69
10 15 61
10 16 77
10 17 18
10 18 18
10 19 72
10 20 63
10 21 70
10 22 15
10 23 16
10 24 74
10 25 41
10 26 77
10 27 11
10 28 18
10 29 20
10 30 18
10 31 50
10 32 36
10 33 83
10 34 35
10 35 70
10 36 86
10 37 63
10 38 21
10 39 25
10 40 20
10 41 52
10 42 73
10 43 48
10 44 57
10 45 101
10 46 58
10 47 50
10 48 63
10 49 17
11 12 22
11 13 54
11 14 54
11 15 48
11 16 28
11 17 68
11 18 65
11 19 9
11 20 50
11 21 30
11 22 70
11 23 85
11 24 45
11 25 63
11 26 87
11 27 65
11 28 86
11 29 88
11 30 87
11 31 31
11 32 58
11 33 16
11 34 33
11 35 72
11 36 25
11 37 63
11 38 83
11 39 90
11 40 65
11 41 35
11 42 14
11 43 23
11 44 13
11 45 43
11 46 47
11 47 36
11 48 62
11 49 84
12 13 65
12 14 32
12 15 26
12 16 17
12 17 54
12 18 51
12 19 31
12 20 28
12 21 13
12 22 57
12 23 76
12 24 25
12 25 68
12 26 65
12 27 60
12 28 78
12 29 80
12 30 78
12 31 12
12 32 40
12 33 37
12 34 28
12 35 50
12 36 27
12 37 41
12 38 69
12 39 84
12 40 63
12 41 46
12 42 15
12 43 16
12 44 14
12 45 41
12 46 59
12 47 15
12 48 40
12 49 77
13 14 93
13 15 85
13 16 79
13 17 68
13 18 66
13 19 50
13 20 87
13 21 77
13 22 68
13 23 66
13 24 90
13 25 19
13 26 117
13 27 45
13 28 64
13 29 66
13 30 67
13 31 64
13 32 75
13 33 58
13 34 44
13 35 105
13 36 79
13 37 96
13 38 76
13 39 62
13 40 37
13 41 20
13 42 67
13 43 51
13 44 51
13 45 97
13 46 8
13 47 68
13 48 95
13 49 60
14 15 9
14 16 32
14 17 55
14 18 53
14 19 62
14 20 7
14 21 25
14 22 59
14 23 82
14 24 13
14 25 92
14 26 36
14 27 74
14 28 86
14 29 87
14 30 84
14 31 29
14 32 35
14 33 68
14 34 50
14 35 21
14 36 47
14 37 14
14 38 68
14 39 94
14 40 80
14 41 75
14 42 42
14 43 43
14 44 46
14 45 50
14 46 89
14 47 26
14 48 13
14 49 86
15 16 30
15 17 48
15 18 46
15 19 57
15 20 2
15 21 22
15 22 52
15 23 74
15 24 15
15 25 83
15 26 39
15 27 66
15 28 78
15 29 79
15 30 76
15 31 21
15 32 28
15 33 63
15 34 42
15 35 24
15 36 45
15 37 15
15 38 61
15 39 86
15 40 71
15 41 67
15 42 38
15 43 35
15 44 39
15 45 52
15 46 81
15 47 17
15 48 14
15 49 77
16 17 69
16 18 66
16 19 36
16 20 31
16 21 9
16 22 73
16 23 92
16 24 20
16 25 85
16 26 67
16 27 77
16 28 95
16 29 97
16 30 95
16 31 27
16 32 53
16 33 38
16 34 45
16 35 52
16 36 15
16 37 45
16 38 84
16 39 101
16 40 80
16 41 60
16 42 14
16 43 33
16 44 28
16 45 25
16 46 73
16 47 29
16 48 43
16 49 94
17 18 3
17 19 73
17 20 49
17 21 61
17 22 4
17 23 27
17 24 62
17 25 56
17 26 59
17 27 28
17 28 31
17 29 32
17 30 29
17 31 42
17 32 21
17 33 83
17 34 36
17 35 53
17 36 81
17 37 47
17 38 15
17 39 40
17 40 36
17 41 60
17 42 68
17 43 45
17 44 55
17 45 93
17 46 69
17 47 40
17 48 47
17 49 31
18 19 70
18 20 47
18 21 58
18 22 6
18 23 29
18 24 60
18 25 55
18 26 59
18 27 27
18 28 33
18 29 34
18 30 31
18 31 40
18 32 19
18 33 80
18 34 33
18 35 52
18 36 78
18 37 46
18 38 18
18 39 41
18 40 35
18 41 58
18 42 65
18 43 42
18 44 52
18 45 91
18 46 66
18 47 37
18 48 46
18 49 33
19 20 59
19 21 39
19 22 75
19 23 88
19 24 53
19 25 61
19 26 96
19 27 67
19 28 89
19 29 91
19 30 90
19 31 39
19 32 65
19 33 11
19 34 37
19 35 81
19 36 30
19 37 72
19 38 87
19 39 92
19 40 65
19 41 31
19 42 22
19 43 29
19 44 19
19 45 48
19 46 42
19 47 44
19 48 70
19 49 86
20 21 23
20 22 53
20 23 76
20 24 15
20 25 85
20 26 38
20 27 68
20 28 79
20 29 81
20 30 78
20 31 23
20 32 29
20 33 65
20 34 44
20 35 23
20 36 46
20 37 14
20 38 63
20 39 87
20 40 73
20 41 70
20 42 40
20 43 37
20 44 41
20 45 52
20 46 83
20 47 19
20 48 12
20 49 79
21 22 65
21 23 85
21 24 14
21 25 81
21 26 60
21 27 71
21 28 88
21 29 89
21 30 87
21 31 19
21 32 44
21 33 43
21 34 40
21 35 45
21 36 23
21 37 37
21 38 76
21 39 94
21 40 74
21 41 58
21 42 18
21 43 28
21 44 26
21 45 33
21 46 72
21 47 21
21 48 35
21 49 86
22 23 23
22 24 66
22 25 55
22 26 62
22 27 26
22 28 27
22 29 28
22 30 25
22 31 46
22 32 24
22 33 86
22 34 38
22 35 57
22 36 84
22 37 51
22 38 12
22 39 36
22 40 35
22 41 61
22 42 71
22 43 48
22 44 58
22 45 97
22 46 69
22 47 44
22 48 51
22 49 28
23 24 88
23 25 49
23 26 84
23 27 22
23 28 5
23 29 5
23 30 2
23 31 65
23 32 47
23 33 98
23 34 51
23 35 80
23 36 102
23 37 74
23 38 19
23 39 14
23 40 29
23 41 66
23 42 88
23 43 63
23 44 73
23 45 117
23 46 70
23 47 64
23 48 74
23 49 7
24 25 91
24 26 48
24 27 78
24 28 92
24 29 93
24 30 91
24 31 27
24 32 43
24 33 57
24 34 49
24 35 33
24 36 34
24 37 27
24 38 77
24 39 99
24 40 82
24 41 71
24 42 32
24 43 40
24 44 40
24 45 37
24 46 85
24 47 26
24 48 26
24 49 91
25 26 111
25 27 30
25 28 47
25 29 48
25 30 50
25 31 64
25 32 68
25 33 71
25 34 42
25 35 100
25 36 87
25 37 92
25 38 62
25 39 44
25 40 21
25 41 30
25 42 74
25 43 53
25 44 57
25 45 105
25 46 25
25 47 67
25 48 91
25 49 43
26 27 86
26 28 88
26 29 89
26 30 85
26 31 58
26 32 43
26 33 102
26 34 74
26 35 15
26 36 82
26 37 24
26 38 65
26 39 97
26 40 93
26 41 102
26 42 77
26 43 72
26 44 78
26 45 84
26 46 114
26 47 53
26 48 26
26 49 90
27 28 22
27 29 24
27 30 24
27 31 52
27 32 44
27 33 78
27 34 33
27 35 78
27 36 85
27 37 70
27 38 32
27 39 25
27 40 9
27 41 44
27 42 71
27 43 46
27 44 54
27 45 101
27 46 48
27 47 52
27 48 70
27 49 19
28 29 2
28 30 4
28 31 68
28 32 51
28 33 99
28 34 53
28 35 84
28 36 104
28 37 78
28 38 24
28 39 9
28 40 27
28 41 66
28 42 91
28 43 65
28 44 75
28 45 119
28 46 69
28 47 67
28 48 78
28 49 4
29 30 3
29 31 70
29 32 52
29 33 101
29 34 55
29 35 85
29 36 106
29 37 79
29 38 24
29 39 9
29 40 29
29 41 68
29 42 92
29 43 67
29 44 76
29 45 121
29 46 70
29 47 69
29 48 79
29 49 6
30 31 68
30 32 50
30 33 100
30 34 54
30 35 82
30 36 104
30 37 76
30 38 20
30 39 12
30 40 30
30 41 68
30 42 91
30 43 66
30 44 75
30 45 119
30 46 71
30 47 67
30 48 76
30 49 7
31 32 29
31 33 47
31 34 22
31 35 44
31 36 38
31 37 34
31 38 58
31 39 75
31 40 55
31 41 46
31 42 26
31 43 14
31 44 20
31 45 51
31 46 60
31 47 5
31 48 33
31 49 67
32 33 74
32 34 34
32 35 34
32 36 66
32 37 27
32 38 34
32 39 60
32 40 51
32 41 62
32 42 55
32 43 37
32 44 46
32 45 76
32 46 74
32 47 25
32 48 27
32 49 52
33 34 48
33 35 87
33 36 28
33 37 78
33 38 98
33 39 103
33 40 76
33 41 40
33 42 25
33 43 38
33 44 29
33 45 44
33 46 50
33 47 51
33 48 76
33 49 97
34 35 61
34 36 52
34 37 52
34 38 50
34 39 58
34 40 35
34 41 29
34 42 38
34 43 13
34 44 22
34 45 68
34 46 41
34 47 25
34 48 51
34 49 51
35 36 67
35 37 10
35 38 63
35 39 93
35 40 85
35 41 89
35 42 62
35 43 58
35 44 63
35 45 70
35 46 102
35 47 39
35 48 11
35 49 85
36 37 60
36 38 96
36 39 110
36 40 86
36 41 59
36 42 14
36 43 39
36 44 31
36 45 18
36 46 71
36 47 41
36 48 58
36 49 102
37 38 58
37 39 87
37 40 77
37 41 80
37 42 54
37 43 48
37 44 54
37 45 64
37 46 92
37 47 30
37 48 2
37 49 79
38 39 33
38 40 41
38 41 72
38 42 83
38 43 60
38 44 70
38 45 109
38 46 78
38 47 55
38 48 59
38 49 26
39 40 28
39 41 67
39 42 96
39 43 70
39 44 79
39 45 125
39 46 68
39 47 74
39 48 87
39 49 8
40 41 39
40 42 72
40 43 47
40 44 55
40 45 103
40 46 41
40 47 56
40 48 76
40 49 24
41 42 47
41 43 32
41 44 32
41 45 77
41 46 14
41 47 50
41 48 78
41 49 63
42 43 25
42 44 17
42 45 31
42 46 60
42 47 30
42 48 52
42 49 89
43 44 10
43 45 55
43 46 46
43 47 19
43 48 47
43 49 63
44 45 49
44 46 45
44 47 25
44 48 52
44 49 72
45 46 90
45 47 53
45 48 63
45 49 118
46 47 64
46 48 91
46 49 65
47 48 28
47 49 66
48 49 79
0 2 49
0 3 28
0 6 85
0 7 58
0 8 38
0 10 15
0 12 63
0 13 42
0 14 78
0 15 70
0 18 31
0 19 68
0 20 72
0 21 74
0 23 24
0 24 81
0 25 26
0 26 90
0 27 4
0 28 23
0 29 24
0 31 55
0 33 79
0 34 35
0 37 74
0 38 36
0 39 24
0 40 5
0 41 44
0 42 73
0 45 104
0 46 46
0 48 74
0 49 19
1 2 69
1 3 69
1 4 22
1 5 25
1 6 47
1 7 88
1 15 16
1 17 32
1 18 31
1 23 59
1 24 32
1 25 76
1 27 54
1 28 63
1 29 64
1 30 61
1 31 24
1 33 71
1 34 37
1 35 25
1 36 58
1 39 71
1 40 60
1 41 66
1 43 36
1 44 44
1 45 67
1 48 16
2 3 25
2 4 72
2 6 64
2 8 12
2 9 47
2 10 58
2 11 33
2 13 22
2 14 77
2 15 70
2 16 59
2 17 65
2 18 63
2 19 28
2 20 72
2 21 59
2 23 72
2 24 72
2 25 35
2 26 105
2 27 50
2 29 73
2 31 49
2 34 33
2 35 92
2 36 57
2 37 82
2 39 72
2 40 45
2 43 34
2 44 32
2 45 76
2 47 53
2 48 81
3 4 79
3 5 64
3 6 80
3 7 31
3 8 18
3 9 40
3 10 40
3 11 53
3 12 59
3 13 15
3 14 84
3 15 75
3 16 75
3 17 53
3 19 51
3 20 78
3 24 83
3 25 10
3 28 50
3 29 52
3 30 53
3 31 56
3 32 62
3 33 61
3 35 94
3 36 77
3 37 85
3 39 49
3 40 23
3 41 21
3 42 64
3 44 47
3 45 95
3 46 19
3 47 59
3 48 84
4 5 47
4 6 28
4 7 90
4 8 66
4 11 48
4 12 26
4 13 88
4 14 6
4 16 27
4 18 51
4 19 56
4 20 5
4 21 19
4 22 58
4 24 10
4 25 87
4 28 83
4 29 85
4 30 82
4 32 34
4 35 26
4 36 42
4 39 91
4 40 76
4 41 70
4 44 40
4 45 47
4 46 83
4 47 20
4 48 17
5 6 70
5 7 90
5 8 62
5 9 26
5 10 30
5 11 70
5 12 53
5 13 78
5 14 47
5 17 12
5 18 13
5 19 76
5 22 15
5 25 68
5 27 40
5 28 42
5 30 39
5 31 42
5 32 14
5 34 42
5 35 42
5 36 79
5 38 21
5 39 51
5 41 68
5 42 68
5 45 90
5 47 38
5 48 38
5 49 43
6 8 63
6 9 59
6 10 81
6 11 32
6 12 22
6 13 84
6 14 32
6 16 5
6 19 40
6 20 32
6 21 12
6 22 76
6 23 96
6 24 19
6 25 89
6 26 67
6 27 82
6 28 99
6 29 101
6 30 99
6 31 31
6 32 56
6 33 41
6 35 53
6 36 15
6 37 46
6 38 88
6 39 106
6 40 84
6 43 37
6 44 33
6 45 21
6 47 32
6 49 98
7 8 28
7 9 64
7 11 49
7 12 65
7 13 18
7 14 96
7 15 88
7 18 78
7 19 43
7 20 91
7 21 77
7 23 82
7 24 91
7 25 36
7 27 60
7 28 81
7 30 83
7 32 84
7 33 48
7 34 51
7 36 73
7 37 101
7 39 80
7 40 53
7 41 22
7 42 63
7 44 51
7 45 91
7 46 12
7 47 72
7 48 100
7 49 77
8 9 36
8 11 35
8 12 43
8 13 22
8 14 71
8 16 58
8 17 54
8 18 51
8 20 65
8 21 56
8 22 55
8 24 68
8 25 28
8 26 97
8 27 38
8 28 60
8 29 62
8 30 62
8 31 42
8 33 43
8 34 23
8 35 84
8 36 59
8 37 75
8 38 65
8 39 62
8 40 34
8 41 6
8 42 47
8 43 29
8 44 30
8 45 77
8 46 18
8 47 46
8 49 57
9 11 49
9 13 53
9 14 49
9 15 41
9 18 17
9 19 53
9 20 43
9 21 47
9 22 22
9 23 38
9 24 53
9 25 46
9 26 65
9 28 41
9 30 40
9 31 28
9 32 22
9 33 64
9 34 16
9 36 64
9 37 46
9 38 34
9 39 47
9 40 31
9 41 42
9 42 51
9 43 26
9 45 79
9 46 52
9 49 39
10 11 69
10 12 60
10 13 55
10 15 61
10 16 77
10 17 18
10 18 18
10 20 63
10 23 16
10 24 74
10 25 41
10 26 77
10 27 11
10 28 18
10 29 20
10 30 18
10 31 50
10 32 36
10 35 70
10 36 86
10 37 63
10 41 52
10 43 48
10 44 57
10 45 101
10 46 58
10 48 63
10 49 17
11 13 54
11 14 54
11 15 48
11 16 28
11 18 65
11 19 9
11 20 50
11 21 30
11 22 70
11 26 87
11 28 86
11 30 87
11 31 31
11 34 33
11 36 25
11 37 63
11 38 83
11 40 65
11 41 35
11 42 14
11 43 23
11 44 13
11 48 62
11 49 84
12 13 65
12 14 32
12 15 26
12 16 17
12 17 54
12 18 51
12 19 31
12 20 28
12 21 13
12 22 57
12 23 76
12 26 65
12 27 60
12 29 80
12 30 78
12 31 12
12 34 28
12 36 27
12 38 69
12 41 46
12 42 15
12 48 40
13 14 93
13 17 68
13 18 66
13 19 50
13 22 68
13 23 66
13 24 90
13 26 117
13 27 45
13 29 66
13 30 67
13 31 64
13 33 58
13 35 105
13 36 79
13 37 96
13 38 76
13 39 62
13 41 20
13 42 67
13 44 51
13 45 97
13 46 8
13 47 68
13 48 95
13 49 60
14 15 9
14 16 32
14 17 55
14 18 53
14 21 25
14 22 59
14 25 92
14 27 74
14 28 86
14 29 87
14 30 84
14 33 68
14 35 21
14 37 14
14 38 68
14 39 94
14 40 80
14 41 75
14 42 42
14 45 50
14 46 89
14 47 26
14 48 13
14 49 86
15 16 30
15 19 57
15 20 2
15 21 22
15 22 52
15 23 74
15 25 83
15 28 78
15 29 79
15 31 21
15 32 28
15 35 24
15 36 45
15 38 61
15 39 86
15 40 71
15 41 67
15 43 35
15 44 39
15 45 52
15 47 17
15 48 14
15 49 77
16 17 69
16 20 31
16 21 9
16 23 92
16 24 20
16 25 85
16 27 77
16 28 95
16 30 95
16 31 27
16 33 38
16 34 45
16 35 52
16 36 15
16 38 84
16 39 101
16 40 80
16 41 60
16 43 33
16 44 28
16 45 25
16 46 73
16 48 43
16 49 94
17 18 3
17 19 73
17 20 49
17 23 27
17 24 62
17 26 59
17 27 28
17 28 31
17 29 32
17 30 29
17 31 42
17 32 21
17 34 36
17 35 53
17 36 81
17 37 47
17 38 15
17 39 40
17 40 36
17 42 68
17 44 55
17 45 93
17 46 69
17 47 40
18 19 70
18 21 58
18 22 6
18 24 60
18 26 59
18 27 27
18 30 31
18 31 40
18 32 19
18 33 80
18 36 78
18 38 18
18 39 41
18 40 35
18 41 58
18 42 65
18 43 42
18 46 66
18 48 46
18 49 33
19 20 59
19 21 39
19 24 53
19 26 96
19 28 89
19 31 39
19 32 65
19 33 11
19 34 37
19 35 81
19 37 72
19 38 87
19 39 92
19 41 31
19 42 22
19 45 48
19 47 44
19 49 86
20 21 23
20 23 76
20 24 15
20 25 85
20 27 68
20 28 79
20 29 81
20 30 78
20 31 23
20 33 65
20 35 23
20 37 14
20 39 87
20 40 73
20 41 70
20 42 40
20 43 37
20 44 41
20 45 52
20 46 83
20 47 19
21 22 65
21 23 85
21 24 14
21 26 60
21 27 71
21 28 88
21 29 89
21 30 87
21 32 44
21 33 43
21 34 40
21 35 45
21 36 23
21 37 37
21 38 76
21 39 94
21 40 74
21 41 58
21 42 18
21 43 28
21 44 26
21 45 33
21 46 72
21 47 21
21 48 35
22 23 23
22 24 66
22 25 55
22 28 27
22 29 28
22 31 46
22 32 24
22 33 86
22 34 38
22 35 57
22 36 84
22 38 12
22 39 36
22 40 35
22 41 61
22 42 71
22 44 58
22 45 97
22 48 51
22 49 28
23 24 88
23 25 49
23 26 84
23 27 22
23 28 5
23 29 5
23 30 2
23 31 65
23 32 47
23 33 98
23 34 51
23 35 80
23 37 74
23 39 14
23 40 29
23 42 88
23 43 63
23 44 73
23 45 117
23 47 64
23 48 74
23 49 7
24 25 91
24 26 48
24 27 78
24 28 92
24 29 93
24 30 91
24 33 57
24 35 33
24 36 34
24 37 27
24 38 77
24 39 99
24 40 82
24 42 32
24 44 40
24 45 37
24 48 26
24 49 91
25 26 111
25 27 30
25 29 48
25 30 50
25 31 64
25 32 68
25 39 44
25 40 21
25 41 30
25 42 74
25 43 53
25 46 25
25 47 67
26 29 89
26 31 58
26 32 43
26 34 74
26 35 15
26 36 82
26 37 24
26 38 65
26 39 97
26 40 93
26 44 78
26 45 84
26 46 114
26 47 53
26 48 26
26 49 90
27 29 24
27 30 24
27 32 44
27 33 78
27 36 85
27 37 70
27 38 32
27 39 25
27 40 9
27 41 44
27 43 46
27 45 101
27 46 48
27 47 52
27 48 70
27 49 19
28 29 2
28 32 51
28 33 99
28 34 53
28 38 24
28 39 9
28 42 91
28 43 65
28 44 75
28 45 119
28 47 67
28 48 78
29 30 3
29 31 70
29 32 52
29 33 101
29 36 106
29 37 79
29 38 24
29 39 9
29 41 68
29 42 92
29 43 67
29 47 69
29 48 79
30 31 68
30 32 50
30 33 100
30 34 54
30 35 82
30 36 104
30 37 76
30 38 20
30 40 30
30 42 91
30 44 75
30 45 119
30 47 67
30 48 76
31 32 29
31 33 47
31 35 44
31 36 38
31 37 34
31 38 58
31 39 75
31 42 26
31 43 14
31 44 20
31 47 5
31 48 33
31 49 67
32 34 34
32 35 34
32 37 27
32 38 34
32 40 51
32 41 62
32 44 46
32 45 76
32 46 74
32 48 27
32 49 52
33 35 87
33 37 78
33 38 98
33 40 76
33 41 40
33 42 25
33 43 38
33 44 29
33 47 51
33 48 76
33 49 97
34 35 61
34 36 52
34 38 50
34 41 29
34 43 13
34 44 22
34 45 68
34 46 41
34 48 51
34 49 51
35 36 67
35 39 93
35 40 85
35 42 62
35 44 63
35 45 70
35 47 39
35 48 11
36 38 96
36 41 59
36 42 14
36 43 39
36 44 31
36 45 18
36 46 71
36 47 41
36 48 58
37 38 58
37 39 87
37 42 54
37 45 64
37 46 92
38 42 83
38 45 109
38 46 78
38 47 55
39 40 28
39 41 67
39 42 96
39 43 70
39 44 79
39 45 125
39 46 68
39 47 74
39 48 87
39 49 8
40 42 72
40 43 47
40 45 103
40 47 56
40 49 24
41 42 47
41 45 77
41 46 14
41 47 50
41 49 63
42 43 25
42 44 17
42 45 31
42 49 89
43 44 10
43 45 55
43 46 46
43 47 19
43 49 63
44 45 49
44 47 25
44 48 52
44 49 72
45 47 53
45 48 63
45 49 118
46 48 91
46 49 65
47 48 28
47 49 66
48 49 79
