50 0.3 5 0 0.1 1225 368 25
0.694169 0.0462085 5
0.353311 0.896063 4
0.512379 0.658135 2
0.613348 0.801505 4
0.235199 0.242972 3
0.195701 0.923417 5
0.721831 0.481531 3
0.718078 0.538755 3
0.124967 0.188845 4
0.226596 0.829807 4
0.187383 0.522923 2
0.564958 0.878683 5
0.770748 0.488402 4
0.651838 0.911585 5
0.704607 0.778464 4
0.577399 0.932219 5
0.141886 0.0327625 5
0.5501 0.187322 3
0.400613 0.451986 0
0.783307 0.188098 5
0.64672 0.701734 4
0.223693 0.0593154 4
0.969358 0.898339 7
0.348362 0.461799 1
0.86524 0.556979 5
0.0345424 0.171785 5
0.889537 0.30246 5
0.152091 0.421957 3
0.235816 0.503018 2
0.996096 0.100698 7
0.821564 0.621676 5
0.16037 0.13548 4
0.442459 0.0451799 4
0.96727 0.0789619 7
0.172187 0.524319 2
0.325352 0.213927 2
0.676821 0.376163 3
0.899474 0.748913 6
0.248201 0.181626 3
0.0349209 0.576331 4
0.279153 0.174573 3
0.716013 0.721223 4
0.0661776 0.624458 4
0.725649 0.439624 3
0.950283 0.602024 6
0.972099 0.888188 7
0.201867 0.484801 2
0.0370044 0.737665 5
0.934616 0.85585 7
0.888633 0.21569 5
0 1 92
0 2 64
0 3 76
0 4 50
0 5 101
0 6 44
0 7 49
0 8 59
0 9 91
0 10 70
0 11 84
0 12 45
0 13 87
0 14 73
0 15 89
0 16 55
0 17 20
0 18 50
0 19 17
0 20 66
0 21 47
0 22 90
0 23 54
0 24 54
0 25 67
0 26 32
0 27 66
0 28 65
0 29 31
0 30 59
0 31 54
0 32 25
0 33 28
0 34 71
0 35 41
0 36 33
0 37 73
0 38 47
0 39 85
0 40 43
0 41 68
0 42 85
0 43 39
0 44 61
0 45 89
0 46 66
0 47 95
0 48 84
0 49 26
1 2 29
1 3 28
1 4 66
1 5 16
1 6 55
1 7 51
1 8 74
1 9 14
1 10 41
1 11 21
1 12 58
1 13 30
1 14 37
1 15 23
1 16 89
1 17 74
1 18 45
1 19 83
1 20 35
1 21 85
1 22 62
1 23 43
1 24 61
1 25 79
1 26 80
1 27 52
1 28 41
1 29 102
1 30 54
1 31 78
1 32 86
1 33 102
1 34 41
1 35 68
1 36 61
1 37 57
1 38 72
1 39 45
1 40 73
1 41 40
1 42 40
1 43 59
1 44 67
1 45 62
1 46 44
1 47 35
1 48 58
1 49 87
2 3 18
2 4 50
2 5 41
2 6 27
2 7 24
2 8 61
2 9 33
2 10 35
2 11 23
2 12 31
2 13 29
2 14 23
2 15 28
2 16 73
2 17 47
2 18 23
2 19 54
2 20 14
2 21 66
2 22 52
2 23 26
2 24 37
2 25 68
2 26 52
2 27 43
2 28 32
2 29 74
2 30 31
2 31 63
2 32 62
2 33 74
2 34 37
2 35 48
2 36 33
2 37 40
2 38 54
2 39 48
2 40 54
2 41 21
2 42 45
2 43 31
2 44 44
2 45 51
2 46 36
2 47 48
2 48 47
2 49 58
3 4 67
3 5 44
3 6 34
3 7 28
3 8 78
3 9 39
3 10 51
3 11 9
3 12 35
3 13 12
3 14 9
3 15 14
3 16 90
3 17 62
3 18 41
3 19 64
3 20 11
3 21 84
3 22 37
3 23 43
3 24 35
3 25 86
3 26 57
3 27 60
3 28 48
3 29 80
3 30 28
3 31 81
3 32 78
3 33 80
3 34 52
3 35 65
3 36 43
3 37 29
3 38 72
3 39 62
3 40 71
3 41 13
3 42 58
3 43 38
3 44 39
3 45 37
3 46 52
3 47 58
3 48 33
3 49 65
4 5 68
4 6 54
4 7 57
4 8 12
4 9 59
4 10 28
4 11 72
4 12 59
4 13 79
4 14 71
4 15 77
4 16 23
4 17 32
4 18 27
4 19 55
4 20 62
4 21 18
4 22 98
4 23 25
4 24 70
4 25 21
4 26 66
4 27 20
4 28 26
4 29 77
4 30 70
4 31 13
4 32 29
4 33 75
4 34 29
4 35 9
4 36 46
4 37 84
4 38 6
4 39 39
4 40 8
4 41 68
4 42 42
4 43 53
4 44 80
4 45 98
4 46 24
4 47 53
4 48 93
4 49 65
5 6 69
5 7 65
5 8 74
5 9 10
5 10 40
5 11 37
5 12 72
5 13 46
5 14 53
5 15 38
5 16 89
5 17 82
5 18 51
5 19 94
5 20 50
5 21 86
5 22 77
5 23 49
5 24 76
5 25 77
5 26 93
5 27 50
5 28 42
5 29 115
5 30 69
5 31 79
5 32 91
5 33 114
5 34 40
5 35 72
5 36 73
5 37 73
5 38 74
5 39 38
5 40 75
5 41 56
5 42 33
5 43 72
5 44 82
5 45 78
5 46 44
5 47 24
5 48 74
5 49 99
6 7 6
6 8 66
6 9 61
6 10 54
6 11 43
6 12 5
6 13 44
6 14 30
6 15 47
6 16 73
6 17 34
6 18 32
6 19 30
6 20 23
6 21 65
6 22 48
6 23 37
6 24 16
6 25 75
6 26 25
6 27 57
6 28 49
6 29 47
6 30 17
6 31 66
6 32 52
6 33 47
6 34 55
6 35 48
6 36 11
6 37 32
6 38 56
6 39 69
6 40 54
6 41 24
6 42 67
6 43 4
6 44 26
6 45 48
6 46 52
6 47 73
6 48 43
6 49 31
7 8 69
7 9 57
7 10 53
7 11 37
7 12 7
7 13 38
7 14 24
7 15 42
7 16 77
7 17 39
7 18 33
7 19 36
7 20 18
7 21 69
7 22 44
7 23 38
7 24 15
7 25 78
7 26 29
7 27 58
7 28 48
7 29 52
7 30 13
7 31 69
7 32 57
7 33 52
7 34 55
7 35 51
7 36 17
7 37 28
7 38 59
7 39 68
7 40 57
7 41 18
7 42 66
7 43 10
7 44 24
7 45 43
7 46 52
7 47 71
7 48 38
7 49 37
8 9 65
8 10 34
8 11 82
8 12 71
8 13 89
8 14 83
8 15 87
8 16 16
8 17 43
8 18 38
8 19 66
8 20 73
8 21 16
8 22 110
8 23 35
8 24 83
8 25 9
8 26 77
8 27 23
8 28 33
8 29 88
8 30 82
8 31 6
8 32 35
8 33 85
8 34 34
8 35 20
8 36 58
8 37 96
8 38 12
8 39 40
8 40 15
8 41 80
8 42 44
8 43 65
8 44 92
8 45 110
8 46 31
8 47 56
8 48 105
8 49 76
9 10 31
9 11 34
9 12 64
9 13 43
9 14 48
9 15 37
9 16 80
9 17 72
9 18 42
9 19 85
9 20 44
9 21 77
9 22 75
9 23 39
9 24 69
9 25 69
9 26 85
9 27 41
9 28 33
9 29 106
9 30 63
9 31 70
9 32 81
9 33 105
9 34 31
9 35 62
9 36 64
9 37 68
9 38 65
9 39 32
9 40 66
9 41 50
9 42 26
9 43 63
9 44 76
9 45 75
9 46 35
9 47 21
9 48 71
9 49 90
10 11 52
10 12 58
10 13 61
10 14 58
10 15 57
10 16 49
10 17 49
10 18 22
10 19 68
10 20 49
10 21 47
10 22 87
10 23 17
10 24 68
10 25 38
10 26 74
10 27 11
10 28 5
10 29 91
10 30 64
10 31 39
10 32 54
10 33 90
10 34 2
10 35 34
10 36 51
10 37 75
10 38 35
10 39 16
10 40 36
10 41 56
10 42 16
10 43 54
10 44 77
10 45 87
10 46 4
10 47 26
10 48 82
10 49 77
11 12 44
11 13 9
11 14 17
11 15 5
11 16 95
11 17 69
11 18 46
11 19 72
11 20 19
11 21 89
11 22 40
11 23 47
11 24 44
11 25 88
11 26 66
11 27 62
11 28 50
11 29 89
11 30 36
11 31 85
11 32 84
11 33 90
11 34 53
11 35 71
11 36 51
11 37 36
11 38 77
11 39 61
11 40 76
11 41 22
11 42 56
11 43 47
11 44 47
11 45 41
11 46 54
11 47 55
11 48 37
11 49 74
12 13 44
12 14 30
12 15 48
12 16 78
12 17 37
12 18 37
12 19 30
12 20 25
12 21 70
12 22 46
12 23 42
12 24 12
12 25 80
12 26 22
12 27 62
12 28 54
12 29 45
12 30 14
12 31 71
12 32 55
12 33 45
12 34 60
12 35 52
12 36 15
12 37 29
12 38 61
12 39 74
12 40 58
12 41 24
12 42 72
12 43 7
12 44 21
12 45 45
12 46 57
12 47 77
12 48 40
12 49 30
13 14 14
13 15 8
13 16 102
13 17 73
13 18 52
13 19 74
13 20 21
13 21 95
13 22 32
13 23 54
13 24 41
13 25 96
13 26 65
13 27 70
13 28 58
13 29 88
13 30 34
13 31 92
13 32 89
13 33 89
13 34 62
13 35 77
13 36 54
13 37 30
13 38 83
13 39 70
13 40 83
13 41 20
13 42 65
13 43 48
13 44 43
13 45 32
13 46 62
13 47 64
13 48 29
13 49 74
14 15 20
14 16 93
14 17 61
14 18 45
14 19 60
14 20 10
14 21 87
14 22 29
14 23 48
14 24 27
14 25 90
14 26 51
14 27 66
14 28 54
14 29 74
14 30 20
14 31 84
14 32 78
14 33 75
14 34 59
14 35 68
14 36 40
14 37 20
14 38 75
14 39 70
14 40 74
14 41 6
14 42 66
14 43 34
14 44 30
14 45 29
14 46 58
14 47 67
14 48 24
14 49 59
15 16 100
15 17 75
15 18 51
15 19 77
15 20 24
15 21 94
15 22 39
15 23 52
15 24 47
15 25 93
15 26 70
15 27 66
15 28 55
15 29 93
15 30 40
15 31 90
15 32 90
15 33 94
15 34 57
15 35 76
15 36 56
15 37 37
15 38 82
15 39 65
15 40 81
15 41 25
15 42 60
15 43 51
15 44 50
15 45 40
15 46 58
15 47 57
15 48 37
15 49 78
16 17 44
16 18 49
16 19 66
16 20 84
16 21 9
16 22 120
16 23 48
16 24 89
16 25 18
16 26 79
16 27 39
16 28 48
16 29 86
16 30 90
16 31 10
16 32 30
16 33 83
16 34 49
16 35 26
16 36 64
16 37 104
16 38 18
16 39 55
16 40 20
16 41 90
16 42 60
16 43 71
16 44 99
16 45 119
16 46 46
16 47 71
16 48 114
16 49 77
17 18 30
17 19 23
17 20 52
17 21 35
17 22 83
17 23 34
17 24 49
17 25 52
17 26 36
17 27 46
17 28 45
17 29 45
17 30 51
17 31 39
17 32 18
17 33 43
17 34 51
17 35 23
17 36 23
17 37 66
17 38 30
17 39 65
17 40 27
17 41 56
17 42 65
17 43 31
17 44 58
17 45 82
17 46 46
17 47 75
17 48 77
17 49 34
18 19 46
18 20 35
18 21 43
18 22 72
18 23 5
18 24 48
18 25 46
18 26 51
18 27 25
18 28 17
18 29 69
18 30 45
18 31 40
18 32 41
18 33 68
18 34 24
18 35 25
18 36 29
18 37 58
18 38 31
18 39 39
18 40 30
18 41 41
18 42 38
18 43 33
18 44 57
18 45 72
18 46 20
18 47 46
18 48 67
18 49 54
19 20 53
19 21 57
19 22 73
19 23 51
19 24 38
19 25 75
19 26 16
19 27 67
19 28 63
19 29 23
19 30 44
19 31 63
19 32 37
19 33 21
19 34 70
19 35 46
19 36 22
19 37 57
19 38 54
19 39 84
19 40 50
19 41 54
19 42 84
19 43 26
19 44 45
19 45 73
19 46 65
19 47 93
19 48 68
19 49 11
20 21 77
20 22 38
20 23 38
20 24 26
20 25 81
20 26 47
20 27 57
20 28 46
20 29 70
20 30 19
20 31 75
20 32 69
20 33 70
20 34 51
20 35 58
20 36 33
20 37 26
20 38 66
20 39 62
20 40 64
20 41 7
20 42 59
20 43 27
20 44 32
20 45 38
20 46 49
20 47 61
20 48 33
20 49 54
21 22 112
21 23 42
21 24 81
21 25 22
21 26 71
21 27 37
21 28 44
21 29 77
21 30 82
21 31 10
21 32 22
21 33 74
21 34 47
21 35 19
21 36 55
21 37 97
21 38 12
21 39 55
21 40 13
21 41 82
21 42 59
21 43 63
21 44 91
21 45 112
21 46 43
21 47 70
21 48 107
21 49 68
22 23 76
22 24 36
22 25 118
22 26 60
22 27 95
22 28 83
22 29 80
22 30 31
22 31 111
22 32 100
22 33 82
22 34 88
22 35 94
22 36 60
22 37 16
22 38 102
22 39 99
22 40 100
22 41 31
22 42 94
22 43 52
22 44 30
22 45 1
22 46 87
22 47 95
22 48 5
22 49 69
23 24 53
23 25 43
23 26 56
23 27 20
23 28 12
23 29 74
23 30 50
23 31 38
23 32 43
23 33 73
23 34 19
23 35 25
23 36 34
23 37 62
23 38 30
23 39 33
23 40 30
23 41 45
23 42 33
23 43 38
23 44 62
23 45 76
23 46 15
23 47 42
23 48 71
23 49 59
24 25 92
24 26 26
24 27 73
24 28 63
24 29 47
24 30 8
24 31 82
24 32 66
24 33 49
24 34 69
24 35 64
24 36 26
24 37 19
24 38 72
24 39 83
24 40 70
24 41 22
24 42 80
24 43 18
24 44 10
24 45 35
24 46 67
24 47 85
24 48 31
24 49 34
25 26 86
25 27 28
25 28 39
25 29 96
25 30 91
25 31 13
25 32 43
25 33 94
25 34 38
25 35 29
25 36 67
25 37 104
25 38 21
25 39 40
25 40 24
25 41 88
25 42 45
25 43 74
25 44 101
25 45 118
25 46 35
25 47 57
25 48 113
25 49 86
26 27 75
26 28 68
26 29 23
26 30 33
26 31 75
26 32 52
26 33 24
26 34 75
26 35 57
26 36 23
26 37 45
26 38 65
26 39 90
26 40 62
26 41 45
26 42 88
26 43 21
26 44 31
26 45 59
26 46 71
26 47 96
26 48 56
26 49 9
27 28 12
27 29 90
27 30 70
27 31 29
27 32 48
27 33 88
27 34 10
27 35 27
27 36 53
27 37 82
27 38 26
27 39 19
27 40 28
27 41 64
27 42 22
27 43 57
27 44 82
27 45 94
27 46 8
27 47 34
27 48 89
27 49 76
28 29 86
28 30 60
28 31 38
28 32 50
28 33 85
28 34 7
28 35 30
28 36 46
28 37 71
28 38 32
28 39 21
28 40 33
28 41 53
28 42 21
28 43 49
28 44 72
28 45 83
28 46 4
28 47 31
28 48 78
28 49 71
29 30 55
29 31 84
29 32 56
29 33 4
29 34 93
29 35 68
29 36 42
29 37 66
29 38 75
29 39 107
29 40 72
29 41 68
29 42 107
29 43 43
29 44 50
29 45 79
29 46 88
29 47 115
29 48 76
29 49 16
30 31 82
30 32 69
30 33 56
30 34 66
30 35 64
30 36 29
30 37 15
30 38 72
30 39 79
30 40 70
30 41 15
30 42 76
30 43 21
30 44 13
30 45 31
30 46 63
30 47 79
30 48 26
30 49 41
31 32 30
31 33 81
31 34 39
31 35 18
31 36 57
31 37 96
31 38 10
31 39 46
31 40 13
31 41 81
31 42 50
31 43 64
31 44 92
31 45 111
31 46 35
31 47 61
31 48 106
31 49 73
32 33 53
32 34 55
32 35 21
32 36 41
32 37 84
32 38 24
32 39 67
32 40 21
32 41 73
32 42 69
32 43 49
32 44 75
32 45 100
32 46 50
32 47 80
32 48 95
32 49 48
33 34 91
33 35 66
33 36 42
33 37 67
33 38 73
33 39 106
33 40 69
33 41 69
33 42 105
33 43 43
33 44 52
33 45 81
33 46 87
33 47 114
33 48 78
33 49 16
34 35 35
34 36 53
34 37 76
34 38 35
34 39 15
34 40 37
34 41 58
34 42 15
34 43 56
34 44 78
34 45 88
34 46 5
34 47 25
34 48 83
34 49 78
35 36 39
35 37 78
35 38 8
35 39 46
35 40 6
35 41 64
35 42 49
35 43 46
35 44 74
35 45 93
35 46 30
35 47 60
35 48 89
35 49 56
36 37 43
36 38 47
36 39 67
36 40 45
36 41 35
36 42 66
36 43 8
36 44 35
36 45 59
36 46 49
36 47 73
36 48 54
36 49 27
37 38 86
37 39 88
37 40 85
37 41 19
37 42 84
37 43 35
37 44 16
37 45 16
37 46 75
37 47 86
37 48 11
37 49 53
38 39 45
38 40 3
38 41 71
38 42 48
38 43 54
38 44 82
38 45 101
38 46 31
38 47 59
38 48 96
38 49 64
39 40 47
39 41 70
39 42 6
39 43 70
39 44 92
39 45 99
39 46 19
39 47 16
39 48 94
39 49 93
40 41 70
40 42 50
40 43 52
40 44 80
40 45 99
40 46 32
40 47 61
40 48 95
40 49 61
41 42 66
41 43 28
41 44 26
41 45 31
41 46 57
41 47 68
41 48 26
41 49 53
42 43 68
42 44 88
42 45 94
42 46 19
42 47 12
42 48 90
42 49 92
43 44 28
43 45 51
43 46 53
43 47 75
43 48 47
43 49 28
44 45 29
44 46 76
44 47 92
44 48 25
44 49 39
45 46 87
45 47 95
45 48 5
45 49 68
46 47 30
46 48 82
46 49 74
47 48 91
47 49 100
48 49 64
0 8 59
0 9 91
0 11 84
0 15 89
0 19 17
0 20 66
0 21 47
0 31 54
0 33 28
0 34 71
0 36 33
0 38 47
0 41 68
0 42 85
0 43 39
0 44 61
1 9 14
1 13 30
1 16 89
1 25 79
1 28 41
1 30 54
1 34 41
1 38 72
1 42 40
1 43 59
2 3 18
2 4 50
2 7 24
2 9 33
2 25 68
2 32 62
2 37 40
2 42 45
3 5 44
3 7 28
3 11 9
3 12 35
3 17 62
3 19 64
3 26 57
3 34 52
3 36 43
3 39 62
3 42 58
3 45 37
3 48 33
4 13 79
4 17 32
4 21 18
4 23 25
4 24 70
4 25 21
4 28 26
4 35 9
4 36 46
4 38 6
4 39 39
4 42 42
4 47 53
5 6 69
5 10 40
5 12 72
5 16 89
5 26 93
5 28 42
5 33 114
5 35 72
5 37 73
5 42 33
5 43 72
5 45 78
5 48 74
5 49 99
6 7 6
6 9 61
6 10 54
6 13 44
6 22 48
6 31 66
6 37 32
6 39 69
6 42 67
6 45 48
7 8 69
7 10 53
7 11 37
7 14 24
7 15 42
7 20 18
7 24 15
7 32 57
7 43 10
7 48 38
8 12 71
8 23 35
8 25 9
8 29 88
8 30 82
8 32 35
8 36 58
8 37 96
8 40 15
8 41 80
8 42 44
8 46 31
8 48 105
9 12 64
9 14 48
9 21 77
9 25 69
9 29 106
9 30 63
9 34 31
9 36 64
9 40 66
9 42 26
9 44 76
10 12 58
10 13 61
10 15 57
10 16 49
10 23 17
10 37 75
10 44 77
10 46 4
10 47 26
11 12 44
11 16 95
11 17 69
11 18 46
11 20 19
11 21 89
11 29 89
11 35 71
11 45 41
11 46 54
11 49 74
12 14 30
12 16 78
12 19 30
12 20 25
12 22 46
12 23 42
12 26 22
12 27 62
12 30 14
12 31 71
12 37 29
12 41 24
12 43 7
12 49 30
13 19 74
13 21 95
13 24 41
13 31 92
13 33 89
13 34 62
13 39 70
13 41 20
13 45 32
13 46 62
13 49 74
14 16 93
14 24 27
14 26 51
14 32 78
14 33 75
14 37 20
14 44 30
14 48 24
14 49 59
15 16 100
15 23 52
15 26 70
15 33 94
15 35 76
15 36 56
15 38 82
15 40 81
15 42 60
15 43 51
15 47 57
15 49 78
16 17 44
16 21 9
16 23 48
16 29 86
16 31 10
16 32 30
16 34 49
16 38 18
16 41 90
16 42 60
16 44 99
16 45 119
16 47 71
17 18 30
17 19 23
17 22 83
17 23 34
17 28 45
17 29 45
17 31 39
17 32 18
17 41 56
17 47 75
17 48 77
18 20 35
18 23 5
18 31 40
18 36 29
18 38 31
18 39 39
18 43 33
18 44 57
18 45 72
18 49 54
19 35 46
19 42 84
19 43 26
19 45 73
19 49 11
20 25 81
20 27 57
20 28 46
20 30 19
20 34 51
20 36 33
20 38 66
20 39 62
20 41 7
20 44 32
20 45 38
20 48 33
21 24 81
21 27 37
21 28 44
21 31 10
21 34 47
21 37 97
21 38 12
21 40 13
21 44 91
21 46 43
22 23 76
22 26 60
22 27 95
22 30 31
22 32 100
22 34 88
22 38 102
22 46 87
23 26 56
23 28 12
23 29 74
23 31 38
23 32 43
23 33 73
23 34 19
23 37 62
23 39 33
23 43 38
23 48 71
24 30 8
24 33 49
24 37 19
24 40 70
24 44 10
25 26 86
25 28 39
25 29 96
25 31 13
25 33 94
25 35 29
25 36 67
25 40 24
25 41 88
26 29 23
26 32 52
26 36 23
26 39 90
26 42 88
27 28 12
27 33 88
27 38 26
27 45 94
27 46 8
28 30 60
28 40 33
28 41 53
28 42 21
28 48 78
28 49 71
29 30 55
29 34 93
29 39 107
29 40 72
29 42 107
29 43 43
29 46 88
29 49 16
30 31 82
30 39 79
30 40 70
30 41 15
31 33 81
31 34 39
31 35 18
31 38 10
31 41 81
31 42 50
31 43 64
31 45 111
31 46 35
32 37 84
32 42 69
32 43 49
32 47 80
32 48 95
33 36 42
33 37 67
33 38 73
33 40 69
33 45 81
33 47 114
34 35 35
34 45 88
34 47 25
35 38 8
35 39 46
35 41 64
35 42 49
35 47 60
35 49 56
36 37 43
36 39 67
36 43 8
36 44 35
36 45 59
37 40 85
37 41 19
37 42 84
37 45 16
37 47 86
37 48 11
37 49 53
38 45 101
39 41 70
39 45 99
39 46 19
39 48 94
39 49 93
40 41 70
40 47 61
41 42 66
41 44 26
41 45 31
41 46 57
42 44 88
42 46 19
43 46 53
43 49 28
44 46 76
44 47 92
45 47 95
46 48 82
48 49 64
