100 4950 1485 5
0.885656 0.693464 112
0.922152 0.59123 109
0.203758 0.64556 67
0.0575602 0.819842 82
0.38039 0.451786 59
0.489595 0.496973 70
0.797443 0.81374 114
0.512488 0.239296 56
0.953427 0.211997 98
0.509127 0.679932 85
0.125975 0.589943 60
0.760867 0.842744 113
0.133223 0.00680156 13
0.162764 0.239613 29
0.0710698 0.985605 98
0.225535 0.987794 101
0.379328 0.624381 73
0.664335 0.895021 111
0.612575 0.151521 63
0.879254 0.474526 100
0.946295 0.0924994 95
0.452445 0.539968 70
0.117064 0.629649 64
0.187187 0.688643 71
0.184992 0.88588 90
0.164985 0.134473 21
0.392803 0.99605 107
0.0426121 0.705819 70
0.120702 0.970779 98
0.0719085 0.983768 98
0.674248 0.226601 71
0.78593 0.583502 98
0.296463 0.575222 64
0.699538 0.327412 77
0.866417 0.624464 107
0.997372 0.305588 104
0.897831 0.880269 126
0.947272 0.856854 128
0.0824448 0.859818 86
0.0652968 0.7373 74
0.026309 0.797982 80
0.345998 0.363594 50
0.386771 0.98247 105
0.40694 0.477081 62
0.403939 0.0684542 41
0.0756037 0.0273109 8
0.222989 0.257048 34
0.831777 0.544832 99
0.369365 0.639836 74
0.732714 0.0461422 73
0.0158604 0.257343 25
0.957988 0.586098 112
0.583616 0.918576 109
0.703437 0.512966 87
0.191559 0.98157 100
0.598988 0.993067 116
0.0597947 0.297355 30
0.845152 0.232813 88
0.2384 0.569599 61
0.391712 0.854089 94
0.0804114 0.0105795 8
0.691998 0.67937 97
0.480033 0.619013 78
0.757018 0.448638 88
0.242116 0.885617 91
0.0729764 0.220921 23
4.392e-05 0.00324739 0
0.381102 0.257014 46
0.963143 0.552846 111
0.792536 0.648329 102
0.162366 0.985807 100
0.364559 0.260659 45
0.313381 0.628638 70
0.772321 0.838334 114
0.262835 0.00556316 26
0.0775271 0.910464 91
0.426158 0.313363 53
0.0286844 0.0451428 5
0.90931 0.357212 98
0.868444 0.958612 129
0.328686 0.552654 64
0.894487 0.159194 91
0.994707 0.329137 105
0.758004 0.706424 103
0.39574 0.976871 105
0.124214 0.613574 62
0.0127455 0.576087 57
0.177895 0.773924 79
0.015644 0.36663 36
0.587108 0.196092 62
0.806953 0.0649104 81
0.450958 0.147292 47
0.704612 0.309199 77
0.663364 0.306385 73
0.626129 0.762102 98
0.145635 0.724443 74
0.306246 0.996098 104
0.590386 0.851783 103
0.548945 0.893079 105
0.892974 0.653855 110
0 1 11
0 2 68
0 3 84
0 4 56
0 5 44
0 6 15
0 7 59
0 8 49
0 9 38
0 10 77
0 11 19
0 12 102
0 13 85
0 14 87
0 15 72
0 16 51
0 17 30
0 18 61
0 19 22
0 20 60
0 21 46
0 22 77
0 23 70
0 24 73
0 25 91
0 26 58
0 27 84
0 28 81
0 29 86
0 30 51
0 31 15
0 32 60
0 33 41
0 34 7
0 35 40
0 36 19
0 37 17
0 38 82
0 39 82
0 40 87
0 41 63
0 42 58
0 43 53
0 44 79
0 45 105
0 46 79
0 47 16
0 48 52
0 49 67
0 50 97
0 51 13
0 52 38
0 53 26
0 54 75
0 55 41
0 56 92
0 57 46
0 58 66
0 59 52
0 60 106
0 61 19
0 62 41
0 63 28
0 64 67
0 65 94
0 66 112
0 67 67
0 68 16
0 69 10
0 70 78
0 71 68
0 72 58
0 73 18
0 74 93
0 75 84
0 76 60
0 77 107
0 78 34
0 79 27
0 80 57
0 81 53
0 82 38
0 83 13
0 84 57
0 85 77
0 86 88
0 87 71
0 88 93
0 89 58
0 90 63
0 91 70
0 92 42
0 93 45
0 94 27
0 95 74
0 96 65
0 97 34
0 98 39
0 99 4
1 2 72
1 3 89
1 4 56
1 5 44
1 6 26
1 7 54
1 8 38
1 9 42
1 10 80
1 11 30
1 12 98
1 13 84
1 14 94
1 15 80
1 16 54
1 17 40
1 18 54
1 19 12
1 20 50
1 21 47
1 22 81
1 23 74
1 24 79
1 25 88
1 26 67
1 27 89
1 28 89
1 29 94
1 30 44
1 31 14
1 32 63
1 33 35
1 34 6
1 35 30
1 36 29
1 37 27
1 38 88
1 39 87
1 40 92
1 41 62
1 42 66
1 43 53
1 44 74
1 45 102
1 46 77
1 47 10
1 48 55
1 49 58
1 50 97
1 51 4
1 52 47
1 53 23
1 54 83
1 55 52
1 56 91
1 57 37
1 58 68
1 59 59
1 60 102
1 61 25
1 62 44
1 63 22
1 64 74
1 65 93
1 66 109
1 67 64
1 68 6
1 69 14
1 70 86
1 71 65
1 72 61
1 73 29
1 74 88
1 75 90
1 76 57
1 77 105
1 78 23
1 79 37
1 80 59
1 81 43
1 82 27
1 83 20
1 84 65
1 85 80
1 86 91
1 87 77
1 88 93
1 89 52
1 90 54
1 91 65
1 92 36
1 93 38
1 94 34
1 95 79
1 96 74
1 97 42
1 98 48
1 99 7
2 3 23
2 4 26
2 5 32
2 6 62
2 7 51
2 8 87
2 9 31
2 10 10
2 11 59
2 12 64
2 13 41
2 14 37
2 15 34
2 16 18
2 17 52
2 18 64
2 19 70
2 20 93
2 21 27
2 22 9
2 23 5
2 24 24
2 25 51
2 26 40
2 27 17
2 28 34
2 29 36
2 30 63
2 31 59
2 32 12
2 33 59
2 34 66
2 35 86
2 36 73
2 37 77
2 38 25
2 39 17
2 40 23
2 41 32
2 42 38
2 43 26
2 44 61
2 45 63
2 46 39
2 47 64
2 48 17
2 49 80
2 50 43
2 51 76
2 52 47
2 53 52
2 54 34
2 55 53
2 56 38
2 57 76
2 58 8
2 59 28
2 60 65
2 61 49
2 62 28
2 63 59
2 64 24
2 65 44
2 66 67
2 67 43
2 68 77
2 69 59
2 70 34
2 71 42
2 72 11
2 73 60
2 74 64
2 75 29
2 76 40
2 77 63
2 78 76
2 79 73
2 80 16
2 81 84
2 82 85
2 83 56
2 84 38
2 85 9
2 86 20
2 87 13
2 88 34
2 89 59
2 90 84
2 91 56
2 92 60
2 93 57
2 94 44
2 95 10
2 96 37
2 97 44
2 98 42
2 99 69
3 4 49
3 5 54
3 6 74
3 7 74
3 8 108
3 9 47
3 10 24
3 11 70
3 12 82
3 13 59
3 14 17
3 15 24
3 16 38
3 17 61
3 18 87
3 19 89
3 20 115
3 21 48
3 22 20
3 23 18
3 24 14
3 25 69
3 26 38
3 27 11
3 28 16
3 29 16
3 30 86
3 31 77
3 32 34
3 33 81
3 34 83
3 35 107
3 36 84
3 37 89
3 38 5
3 39 8
3 40 4
3 41 54
3 42 37
3 43 49
3 44 83
3 45 79
3 46 59
3 47 82
3 48 36
3 49 103
3 50 56
3 51 93
3 52 54
3 53 72
3 54 21
3 55 57
3 56 52
3 57 98
3 58 31
3 59 34
3 60 81
3 61 65
3 62 47
3 63 79
3 64 20
3 65 60
3 66 82
3 67 65
3 68 94
3 69 75
3 70 20
3 71 64
3 72 32
3 73 71
3 74 84
3 75 9
3 76 63
3 77 78
3 78 97
3 79 82
3 80 38
3 81 107
3 82 106
3 83 71
3 84 37
3 85 22
3 86 25
3 87 13
3 88 46
3 89 82
3 90 106
3 91 78
3 92 82
3 93 79
3 94 57
3 95 13
3 96 30
3 97 53
3 98 50
3 99 85
4 5 12
4 6 55
4 7 25
4 8 62
4 9 26
4 10 29
4 11 55
4 12 51
4 13 30
4 14 62
4 15 56
4 16 17
4 17 53
4 18 38
4 19 50
4 20 67
4 21 11
4 22 32
4 23 31
4 24 48
4 25 38
4 26 54
4 27 42
4 28 58
4 29 61
4 30 37
4 31 43
4 32 15
4 33 34
4 34 52
4 35 63
4 36 67
4 37 70
4 38 51
4 39 43
4 40 50
4 41 9
4 42 53
4 43 4
4 44 38
4 45 52
4 46 25
4 47 46
4 48 19
4 49 54
4 50 41
4 51 59
4 52 51
4 53 33
4 54 56
4 55 58
4 56 36
4 57 51
4 58 18
4 59 40
4 60 53
4 61 39
4 62 19
4 63 38
4 64 46
4 65 38
4 66 59
4 67 19
4 68 59
4 69 46
4 70 58
4 71 19
4 72 19
4 73 55
4 74 46
4 75 55
4 76 15
4 77 54
4 78 54
4 79 70
4 80 11
4 81 59
4 82 63
4 83 46
4 84 53
4 85 30
4 86 39
4 87 38
4 88 37
4 89 33
4 90 58
4 91 31
4 92 35
4 93 32
4 94 40
4 95 36
4 96 55
4 97 45
4 98 47
4 99 55
5 6 44
5 7 26
5 8 54
5 9 18
5 10 38
5 11 44
5 12 61
5 13 42
5 14 64
5 15 56
5 16 17
5 17 43
5 18 37
5 19 39
5 20 61
5 21 6
5 22 40
5 23 36
5 24 49
5 25 49
5 26 51
5 27 49
5 28 60
5 29 64
5 30 33
5 31 31
5 32 21
5 33 27
5 34 40
5 35 54
5 36 56
5 37 58
5 38 55
5 39 49
5 40 55
5 41 20
5 42 50
5 43 9
5 44 44
5 45 63
5 46 36
5 47 35
5 48 19
5 49 51
5 50 53
5 51 48
5 52 43
5 53 21
5 54 57
5 55 51
5 56 47
5 57 44
5 58 26
5 59 37
5 60 64
5 61 27
5 62 12
5 63 27
5 64 46
5 65 50
5 66 70
5 67 26
5 68 48
5 69 34
5 70 59
5 71 27
5 72 22
5 73 44
5 74 54
5 75 58
5 76 19
5 77 65
5 78 44
5 79 60
5 80 17
5 81 53
5 82 53
5 83 34
5 84 49
5 85 38
5 86 48
5 87 42
5 88 49
5 89 32
5 90 54
5 91 35
5 92 29
5 93 26
5 94 30
5 95 41
5 96 53
5 97 37
5 98 40
5 99 43
6 7 64
6 8 62
6 9 32
6 10 71
6 11 5
6 12 105
6 13 86
6 14 75
6 15 60
6 16 46
6 17 16
6 18 69
6 19 35
6 20 74
6 21 44
6 22 70
6 23 62
6 24 62
6 25 93
6 26 44
6 27 76
6 28 69
6 29 75
6 30 60
6 31 23
6 32 55
6 33 50
6 34 20
6 35 55
6 36 12
6 37 16
6 38 72
6 39 74
6 40 77
6 41 64
6 42 44
6 43 52
6 44 84
6 45 107
6 46 80
6 47 27
6 48 46
6 49 77
6 50 96
6 51 28
6 52 24
6 53 32
6 54 63
6 55 27
6 56 90
6 57 58
6 58 61
6 59 41
6 60 108
6 61 17
6 62 37
6 63 37
6 64 56
6 65 94
6 66 114
6 67 70
6 68 31
6 69 17
6 70 66
6 71 70
6 72 52
6 73 4
6 74 97
6 75 73
6 76 62
6 77 109
6 78 47
6 79 16
6 80 54
6 81 66
6 82 52
6 83 11
6 84 43
6 85 70
6 86 82
6 87 62
6 88 90
6 89 65
6 90 75
6 91 75
6 92 51
6 93 52
6 94 18
6 95 66
6 96 52
6 97 21
6 98 26
6 99 19
7 8 44
7 9 44
7 10 52
7 11 65
7 12 44
7 13 35
7 14 87
7 15 80
7 16 41
7 17 67
7 18 13
7 19 44
7 20 46
7 21 31
7 22 56
7 23 55
7 24 72
7 25 36
7 26 77
7 27 66
7 28 83
7 29 87
7 30 16
7 31 44
7 32 40
7 33 21
7 34 52
7 35 49
7 36 75
7 37 76
7 38 75
7 39 67
7 40 74
7 41 21
7 42 75
7 43 26
7 44 20
7 45 49
7 46 29
7 47 44
7 48 43
7 49 29
7 50 50
7 51 56
7 52 68
7 53 33
7 54 81
7 55 76
7 56 46
7 57 33
7 58 43
7 59 63
7 60 49
7 61 48
7 62 38
7 63 32
7 64 70
7 65 44
7 66 56
7 67 13
7 68 55
7 69 50
7 70 82
7 71 15
7 72 44
7 73 65
7 74 34
7 75 80
7 76 11
7 77 52
7 78 41
7 79 80
7 80 36
7 81 39
7 82 49
7 83 53
7 84 75
7 85 54
7 86 60
7 87 63
7 88 51
7 89 9
7 90 34
7 91 11
7 92 20
7 93 17
7 94 54
7 95 61
7 96 78
7 97 62
7 98 65
7 99 56
8 9 65
8 10 91
8 11 66
8 12 85
8 13 79
8 14 117
8 15 106
8 16 71
8 17 74
8 18 35
8 19 27
8 20 12
8 21 60
8 22 93
8 23 90
8 24 102
8 25 79
8 26 96
8 27 104
8 28 113
8 29 117
8 30 28
8 31 41
8 32 75
8 33 28
8 34 42
8 35 10
8 36 67
8 37 64
8 38 109
8 39 103
8 40 110
8 41 63
8 42 96
8 43 61
8 44 57
8 45 90
8 46 73
8 47 35
8 48 72
8 49 28
8 50 94
8 51 37
8 52 80
8 53 39
8 54 108
8 55 86
8 56 90
8 57 11
8 58 80
8 59 85
8 60 90
8 61 54
8 62 62
8 63 31
8 64 98
8 65 88
8 66 98
8 67 57
8 68 34
8 69 47
8 70 111
8 71 59
8 72 76
8 73 65
8 74 72
8 75 112
8 76 54
8 77 94
8 78 15
8 79 75
8 80 71
8 81 8
8 82 12
8 83 53
8 84 95
8 85 92
8 86 101
8 87 96
8 88 95
8 89 37
8 90 21
8 91 51
8 92 27
8 93 31
8 94 64
8 95 96
8 96 102
8 97 74
8 98 79
8 99 45
9 10 39
9 11 30
9 12 77
9 13 56
9 14 53
9 15 42
9 16 14
9 17 27
9 18 54
9 19 42
9 20 73
9 21 15
9 22 40
9 23 32
9 24 38
9 25 64
9 26 34
9 27 47
9 28 49
9 29 53
9 30 48
9 31 29
9 32 24
9 33 40
9 34 36
9 35 62
9 36 44
9 37 47
9 38 46
9 39 45
9 40 50
9 41 36
9 42 33
9 43 23
9 44 62
9 45 78
9 46 51
9 47 35
9 48 15
9 49 67
9 50 65
9 51 46
9 52 25
9 53 26
9 54 44
9 55 33
9 56 59
9 57 56
9 58 29
9 59 21
9 60 79
9 61 18
9 62 7
9 63 34
9 64 34
9 65 63
9 66 85
9 67 44
9 68 47
9 69 29
9 70 46
9 71 44
9 72 20
9 73 31
9 74 72
9 75 49
9 76 38
9 77 80
9 78 51
9 79 45
9 80 22
9 81 65
9 82 60
9 83 25
9 84 32
9 85 39
9 86 51
9 87 34
9 88 58
9 89 49
9 90 68
9 91 54
9 92 42
9 93 40
9 94 14
9 95 37
9 96 38
9 97 19
9 98 22
9 99 38
10 11 68
10 12 58
10 13 35
10 14 40
10 15 41
10 16 26
10 17 62
10 18 65
10 19 76
10 20 96
10 21 33
10 22 4
10 23 12
10 24 30
10 25 46
10 26 49
10 27 14
10 28 38
10 29 40
10 30 66
10 31 66
10 32 17
10 33 63
10 34 74
10 35 92
10 36 82
10 37 86
10 38 27
10 39 16
10 40 23
10 41 32
10 42 47
10 43 30
10 44 59
10 45 56
10 46 35
10 47 71
10 48 25
10 49 81
10 50 35
10 51 83
10 52 56
10 53 58
10 54 40
10 55 62
10 56 30
10 57 80
10 58 11
10 59 37
10 60 58
10 61 57
10 62 36
10 63 65
10 64 32
10 65 37
10 66 60
10 67 42
10 68 84
10 69 67
10 70 40
10 71 41
10 72 19
10 73 69
10 74 60
10 75 32
10 76 41
10 77 55
10 78 82
10 79 83
10 80 21
10 81 88
10 82 91
10 83 64
10 84 47
10 85 2
10 86 11
10 87 19
10 88 25
10 89 61
10 90 86
10 91 55
10 92 64
10 93 61
10 94 53
10 95 14
10 96 44
10 97 53
10 98 52
10 99 77
11 12 105
11 13 85
11 14 70
11 15 55
11 16 44
11 17 11
11 18 71
11 19 39
11 20 77
11 21 43
11 22 68
11 23 59
11 24 58
11 25 93
11 26 40
11 27 73
11 28 65
11 29 70
11 30 62
11 31 26
11 32 54
11 33 52
11 34 24
11 35 59
11 36 14
11 37 19
11 38 68
11 39 70
11 40 74
11 41 63
11 42 40
11 43 51
11 44 85
11 45 107
11 46 80
11 47 31
11 48 44
11 49 80
11 50 95
11 51 32
11 52 19
11 53 33
11 54 59
11 55 22
11 56 89
11 57 62
11 58 59
11 59 37
11 60 107
11 61 18
11 62 36
11 63 39
11 64 52
11 65 93
11 66 113
11 67 70
11 68 35
11 69 20
11 70 62
11 71 70
11 72 50
11 73 1
11 74 97
11 75 69
11 76 63
11 77 108
11 78 51
11 79 16
11 80 52
11 81 70
11 82 56
11 83 14
11 84 39
11 85 68
11 86 79
11 87 59
11 88 88
11 89 67
11 90 78
11 91 76
11 92 54
11 93 55
11 94 16
11 95 63
11 96 48
11 97 17
11 98 22
11 99 23
12 13 23
12 14 98
12 15 99
12 16 66
12 17 103
12 18 50
12 19 88
12 20 82
12 21 62
12 22 62
12 23 68
12 24 88
12 25 13
12 26 102
12 27 70
12 28 96
12 29 98
12 30 58
12 31 87
12 32 59
12 33 65
12 34 96
12 35 91
12 36 116
12 37 118
12 38 85
12 39 73
12 40 80
12 41 42
12 42 101
12 43 54
12 44 28
12 45 6
12 46 27
12 47 88
12 48 68
12 49 60
12 50 28
12 51 101
12 52 102
12 53 76
12 54 98
12 55 109
12 56 30
12 57 75
12 58 57
12 59 89
12 60 5
12 61 87
12 62 70
12 63 76
12 64 89
12 65 22
12 66 13
12 67 35
12 68 99
12 69 92
12 70 98
12 71 34
12 72 65
12 73 105
12 74 13
12 75 91
12 76 42
12 77 11
12 78 85
12 79 120
12 80 58
12 81 78
12 82 92
12 83 94
12 84 100
12 85 61
12 86 58
12 87 77
12 88 38
12 89 49
12 90 68
12 91 35
12 92 65
12 93 61
12 94 90
12 95 72
12 96 100
12 97 96
12 98 98
12 99 100
13 14 75
13 15 75
13 16 44
13 17 83
13 18 46
13 19 75
13 20 80
13 21 42
13 22 39
13 23 45
13 24 65
13 25 11
13 26 79
13 27 48
13 28 73
13 29 75
13 30 51
13 31 71
13 32 36
13 33 54
13 34 80
13 35 84
13 36 98
13 37 100
13 38 63
13 39 51
13 40 57
13 41 22
13 42 78
13 43 34
13 44 30
13 45 23
13 46 6
13 47 74
13 48 45
13 49 60
13 50 15
13 51 87
13 52 80
13 53 61
13 54 74
13 55 87
13 56 12
13 57 68
13 58 34
13 59 66
13 60 24
13 61 69
13 62 49
13 63 63
13 64 65
13 65 9
13 66 29
13 67 22
13 68 86
13 69 75
13 70 75
13 71 20
13 72 42
13 73 85
13 74 25
13 75 68
13 76 27
13 77 24
13 78 76
13 79 101
13 80 35
13 81 74
13 82 84
13 83 76
13 84 77
13 85 38
13 86 37
13 87 53
13 88 19
13 89 43
13 90 67
13 91 30
13 92 55
13 93 51
13 94 70
13 95 49
13 96 77
13 97 75
13 98 76
13 99 84
14 15 15
14 16 47
14 17 60
14 18 99
14 19 96
14 20 125
14 21 59
14 22 36
14 23 32
14 24 15
14 25 86
14 26 32
14 27 28
14 28 5
14 29 0
14 30 97
14 31 82
14 32 47
14 33 91
14 34 87
14 35 115
14 36 83
14 37 89
14 38 13
14 39 25
14 40 19
14 41 68
14 42 32
14 43 61
14 44 98
14 45 96
14 46 74
14 47 88
14 48 46
14 49 115
14 50 73
14 51 97
14 52 52
14 53 79
14 54 12
14 55 53
14 56 69
14 57 108
14 58 45
14 59 35
14 60 98
14 61 69
14 62 55
14 63 87
14 64 20
14 65 76
14 66 98
14 67 79
14 68 99
14 69 80
14 70 9
14 71 78
14 72 43
14 73 72
14 74 100
14 75 8
14 76 76
14 77 94
14 78 105
14 79 80
14 80 50
14 81 117
14 82 113
14 83 74
14 84 32
14 85 38
14 86 41
14 87 24
14 88 62
14 89 94
14 90 118
14 91 92
14 92 93
14 93 90
14 94 60
14 95 27
14 96 24
14 97 54
14 98 49
14 99 89
15 16 39
15 17 45
15 18 92
15 19 83
15 20 115
15 21 50
15 22 37
15 23 30
15 24 11
15 25 86
15 26 17
15 27 34
15 28 11
15 29 15
15 30 88
15 31 69
15 32 42
15 33 81
15 34 74
15 35 103
15 36 68
15 37 73
15 38 19
15 39 30
15 40 28
15 41 64
15 42 16
15 43 54
15 44 94
15 45 97
15 46 73
15 47 75
15 48 38
15 49 107
15 50 76
15 51 84
15 52 36
15 53 67
15 54 3
15 55 37
15 56 71
15 57 98
15 58 42
15 59 21
15 60 99
15 61 56
15 62 45
15 63 76
15 64 10
15 65 78
15 66 101
15 67 75
15 68 86
15 69 66
15 70 6
15 71 74
15 72 37
15 73 57
15 74 98
15 75 17
15 76 70
15 77 96
15 78 93
15 79 64
15 80 45
15 81 106
15 82 101
15 83 60
15 84 17
15 85 39
15 86 46
15 87 22
15 88 66
15 89 87
15 90 109
15 91 87
15 92 83
15 93 81
15 94 46
15 95 28
15 96 8
15 97 39
15 98 34
15 99 75
16 17 39
16 18 53
16 19 52
16 20 78
16 21 11
16 22 26
16 23 20
16 24 33
16 25 53
16 26 37
16 27 35
16 28 43
16 29 47
16 30 50
16 31 41
16 32 10
16 33 44
16 34 49
16 35 70
16 36 58
16 37 61
16 38 38
16 39 33
16 40 39
16 41 26
16 42 36
16 43 15
16 44 56
16 45 67
16 46 40
16 47 46
16 48 2
16 49 68
16 50 52
16 51 58
16 52 36
16 53 34
16 54 40
16 55 43
16 56 46
16 57 61
16 58 15
16 59 23
16 60 68
16 61 32
16 62 10
16 63 42
16 64 30
16 65 51
16 66 73
16 67 37
16 68 59
16 69 41
16 70 42
16 71 36
16 72 7
16 73 45
16 74 63
16 75 42
16 76 31
16 77 68
16 78 59
16 79 59
16 80 9
16 81 69
16 82 68
16 83 39
16 84 35
16 85 26
16 86 37
16 87 25
16 88 45
16 89 48
16 90 70
16 91 48
16 92 45
16 93 43
16 94 28
16 95 25
16 96 38
16 97 31
16 98 32
16 99 51
17 18 75
17 19 47
17 20 85
17 21 41
17 22 61
17 23 52
17 24 48
17 25 91
17 26 29
17 27 65
17 28 55
17 29 60
17 30 67
17 31 33
17 32 49
17 33 57
17 34 34
17 35 68
17 36 23
17 37 29
17 38 58
17 39 62
17 40 65
17 41 62
17 42 29
17 43 49
17 44 87
17 45 105
17 46 78
17 47 39
17 48 39
17 49 85
17 50 91
17 51 43
17 52 8
17 53 38
17 54 48
17 55 12
17 56 85
17 57 69
17 58 54
17 59 28
17 60 106
17 61 22
17 62 33
17 63 46
17 64 42
17 65 90
17 66 111
17 67 70
17 68 45
17 69 28
17 70 51
17 71 70
17 72 44
17 73 12
17 74 98
17 75 59
17 76 63
17 77 106
17 78 59
17 79 21
17 80 48
17 81 77
17 82 66
17 83 21
17 84 28
17 85 61
17 86 73
17 87 50
17 88 84
17 89 70
17 90 84
17 91 78
17 92 59
17 93 59
17 94 14
17 95 55
17 96 37
17 97 9
17 98 12
17 99 33
18 19 42
18 20 34
18 21 42
18 22 69
18 23 69
18 24 85
18 25 45
18 26 87
18 27 80
18 28 96
18 29 99
18 30 10
18 31 47
18 32 53
18 33 20
18 34 54
18 35 41
18 36 78
18 37 78
18 38 88
18 39 80
18 40 87
18 41 34
18 42 86
18 43 39
18 44 22
18 45 55
18 46 40
18 47 45
18 48 55
18 49 16
18 50 61
18 51 56
18 52 77
18 53 37
18 54 93
18 55 84
18 56 57
18 57 25
18 58 56
18 59 74
18 60 55
18 61 53
18 62 49
18 63 33
18 64 82
18 65 54
18 66 63
18 67 25
18 68 53
18 69 53
18 70 95
18 71 27
18 72 56
18 73 71
18 74 38
18 75 93
18 76 25
18 77 59
18 78 36
18 79 85
18 80 49
18 81 28
18 82 42
18 83 57
18 84 85
18 85 67
18 86 73
18 87 76
18 88 63
18 89 5
18 90 21
18 91 16
18 92 18
18 93 16
18 94 61
18 95 74
18 96 90
18 97 70
18 98 74
18 99 58
19 20 39
19 21 43
19 22 78
19 23 72
19 24 81
19 25 79
19 26 71
19 27 87
19 28 91
19 29 95
19 30 32
19 31 14
19 32 59
19 33 23
19 34 15
19 35 21
19 36 41
19 37 39
19 38 89
19 39 86
19 40 91
19 41 54
19 42 71
19 43 47
19 44 63
19 45 92
19 46 69
19 47 8
19 48 54
19 49 45
19 50 89
19 51 14
19 52 53
19 53 18
19 54 85
19 55 59
19 56 84
19 57 24
19 58 65
19 59 62
19 60 92
19 61 28
19 62 42
19 63 12
19 64 76
19 65 85
19 66 100
19 67 54
19 68 11
19 69 19
19 70 88
19 71 56
19 72 59
19 73 38
19 74 77
19 75 91
19 76 48
19 77 95
19 78 12
19 79 48
19 80 56
19 81 32
19 82 19
19 83 26
19 84 70
19 85 77
19 86 87
19 87 76
19 88 87
19 89 40
19 90 42
19 91 54
19 92 24
19 93 27
19 94 38
19 95 78
19 96 77
19 97 48
19 98 53
19 99 18
20 21 67
20 22 99
20 23 97
20 24 110
20 25 78
20 26 106
20 27 109
20 28 121
20 29 125
20 30 30
20 31 52
20 32 81
20 33 34
20 34 54
20 35 22
20 36 79
20 37 76
20 38 116
20 39 109
20 40 116
20 41 66
20 42 105
20 43 66
20 44 54
20 45 87
20 46 74
20 47 47
20 48 80
20 49 22
20 50 94
20 51 49
20 52 90
20 53 49
20 54 117
20 55 97
20 56 91
20 57 17
20 58 85
20 59 94
20 60 87
20 61 64
20 62 70
20 63 40
20 64 106
20 65 88
20 66 95
20 67 59
20 68 46
20 69 58
20 70 119
20 71 61
20 72 83
20 73 77
20 74 69
20 75 119
20 76 57
20 77 92
20 78 27
20 79 87
20 80 77
20 81 8
20 82 24
20 83 64
20 84 104
20 85 97
20 86 105
20 87 103
20 88 97
20 89 37
20 90 14
20 91 50
20 92 32
20 93 35
20 94 74
20 95 102
20 96 111
20 97 84
20 98 89
20 99 56
21 22 35
21 23 30
21 24 44
21 25 50
21 26 46
21 27 44
21 28 54
21 29 58
21 30 38
21 31 34
21 32 16
21 33 33
21 34 42
21 35 59
21 36 56
21 37 59
21 38 49
21 39 43
21 40 50
21 41 21
21 42 45
21 43 8
21 44 47
21 45 64
21 46 36
21 47 38
21 48 13
21 49 57
21 50 52
21 51 51
21 52 40
21 53 25
21 54 51
21 55 48
21 56 46
21 57 50
21 58 22
21 59 32
21 60 65
21 61 28
21 62 8
21 63 32
21 64 40
21 65 50
21 66 70
21 67 29
21 68 51
21 69 36
21 70 53
21 71 29
21 72 16
21 73 44
21 74 57
21 75 53
21 76 23
21 77 65
21 78 49
21 79 59
21 80 12
21 81 58
21 82 58
21 83 35
21 84 44
21 85 34
21 86 44
21 87 36
21 88 47
21 89 37
21 90 59
21 91 39
21 92 34
21 93 31
21 94 28
21 95 36
21 96 48
21 97 34
21 98 37
21 99 46
22 23 9
22 24 27
22 25 50
22 26 46
22 27 11
22 28 34
22 29 36
22 30 69
22 31 67
22 32 19
22 33 66
22 34 75
22 35 94
22 36 82
22 37 86
22 38 23
22 39 12
22 40 19
22 41 35
22 42 44
22 43 33
22 44 63
22 45 60
22 46 39
22 47 72
22 48 25
22 49 85
22 50 39
22 51 84
22 52 55
22 53 60
22 54 36
22 55 60
22 56 34
22 57 83
22 58 14
22 59 35
22 60 62
22 61 58
22 62 36
22 63 67
22 64 28
22 65 41
22 66 64
22 67 46
22 68 85
22 69 68
22 70 36
22 71 44
22 72 20
22 73 69
22 74 64
22 75 28
22 76 44
22 77 59
22 78 84
22 79 82
22 80 23
22 81 91
22 82 93
22 83 65
22 84 45
22 85 2
22 86 12
22 87 16
22 88 28
22 89 64
22 90 89
22 91 59
22 92 67
22 93 63
22 94 53
22 95 10
22 96 41
22 97 52
22 98 51
22 99 78
23 24 20
23 25 55
23 26 37
23 27 15
23 28 29
23 29 32
23 30 67
23 31 61
23 32 16
23 33 63
23 34 68
23 35 90
23 36 74
23 37 78
23 38 20
23 39 13
23 40 19
23 41 36
23 42 36
23 43 31
23 44 66
23 45 67
23 46 43
23 47 66
23 48 19
23 49 84
23 50 46
23 51 78
23 52 46
23 53 55
23 54 29
23 55 51
23 56 41
23 57 80
23 58 13
23 59 26
23 60 69
23 61 50
23 62 30
23 63 62
23 64 20
23 65 48
23 66 71
23 67 47
23 68 79
23 69 61
23 70 30
23 71 46
23 72 14
23 73 60
23 74 69
23 75 25
23 76 44
23 77 66
23 78 79
23 79 73
23 80 20
23 81 88
23 82 88
23 83 57
23 84 36
23 85 10
23 86 21
23 87 9
23 88 36
23 89 63
23 90 88
23 91 60
23 92 64
23 93 61
23 94 45
23 95 5
23 96 33
23 97 43
23 98 42
23 99 71
24 25 75
24 26 24
24 27 23
24 28 11
24 29 15
24 30 82
24 31 67
24 32 33
24 33 76
24 34 73
24 35 100
24 36 71
24 37 76
24 38 11
24 39 19
24 40 18
24 41 55
24 42 22
24 43 47
24 44 85
24 45 87
24 46 63
24 47 73
24 48 31
24 49 100
24 50 65
24 51 83
24 52 40
24 53 64
24 54 10
24 55 43
24 56 60
24 57 93
24 58 32
24 59 21
24 60 88
24 61 55
24 62 40
24 63 72
24 64 6
24 65 67
24 66 90
24 67 66
24 68 85
24 69 65
24 70 10
24 71 65
24 72 29
24 73 59
24 74 88
24 75 11
24 76 62
24 77 86
24 78 90
24 79 69
24 80 36
24 81 102
24 82 98
24 83 60
24 84 23
24 85 28
24 86 35
24 87 11
24 88 55
24 89 80
24 90 103
24 91 79
24 92 78
24 93 75
24 94 46
24 95 17
24 96 16
24 97 41
24 98 36
24 99 75
25 26 89
25 27 58
25 28 84
25 29 85
25 30 52
25 31 77
25 32 46
25 33 57
25 34 86
25 35 85
25 36 105
25 37 106
25 38 73
25 39 61
25 40 68
25 41 29
25 42 88
25 43 42
25 44 25
25 45 14
25 46 14
25 47 78
25 48 55
25 49 57
25 50 19
25 51 91
25 52 89
25 53 66
25 54 85
25 55 96
25 56 19
25 57 69
25 58 44
25 59 75
25 60 15
25 61 76
25 62 58
25 63 67
25 64 76
25 65 13
25 66 21
25 67 25
25 68 90
25 69 81
25 70 85
25 71 24
25 72 52
25 73 93
25 74 16
25 75 78
25 76 32
25 77 16
25 78 78
25 79 108
25 80 45
25 81 73
25 82 85
25 83 82
25 84 87
25 85 48
25 86 47
25 87 64
25 88 28
25 89 43
25 90 65
25 91 29
25 92 57
25 93 53
25 94 78
25 95 59
25 96 87
25 97 83
25 98 85
25 99 89
26 27 45
26 28 27
26 29 32
26 30 82
26 31 57
26 32 43
26 33 74
26 34 60
26 35 92
26 36 52
26 37 57
26 38 34
26 39 42
26 40 42
26 41 63
26 42 1
26 43 52
26 44 93
26 45 102
26 46 76
26 47 63
26 48 36
26 49 101
26 50 83
26 51 70
26 52 21
26 53 57
26 54 20
26 55 21
26 56 77
26 57 89
26 58 45
26 59 14
26 60 103
26 61 44
26 62 39
26 63 66
26 64 19
26 65 84
26 66 107
26 67 74
26 68 72
26 69 53
26 70 23
26 71 74
26 72 38
26 73 41
26 74 100
26 75 33
26 76 68
26 77 102
26 78 82
26 79 48
26 80 45
26 81 98
26 82 90
26 83 47
26 84 2
26 85 47
26 86 57
26 87 31
26 88 73
26 89 82
26 90 102
26 91 85
26 92 75
26 93 74
26 94 33
26 95 37
26 96 9
26 97 24
26 98 19
26 99 61
27 28 28
27 29 28
27 30 79
27 31 75
27 32 29
27 33 76
27 34 83
27 35 104
27 36 87
27 37 92
27 38 16
27 39 4
27 40 9
27 41 46
27 42 44
27 43 43
27 44 73
27 45 68
27 46 48
27 47 81
27 48 33
27 49 95
27 50 45
27 51 92
27 52 58
27 53 69
27 54 31
27 55 63
27 56 41
27 57 93
27 58 24
27 59 38
27 60 70
27 61 65
27 62 45
27 63 76
27 64 27
27 65 49
27 66 70
27 67 56
27 68 93
27 69 75
27 70 30
27 71 55
27 72 28
27 73 74
27 74 73
27 75 21
27 76 55
27 77 66
27 78 93
27 79 86
27 80 32
27 81 101
27 82 102
27 83 72
27 84 45
27 85 12
27 86 13
27 87 15
27 88 34
27 89 75
27 90 100
27 91 69
27 92 77
27 93 74
27 94 59
27 95 10
27 96 39
27 97 57
27 98 54
27 99 85
28 29 5
28 30 93
28 31 77
28 32 43
28 33 87
28 34 82
28 35 110
28 36 78
28 37 83
28 38 12
28 39 24
28 40 20
28 41 65
28 42 27
28 43 57
28 44 95
28 45 94
28 46 72
28 47 83
28 48 41
28 49 111
28 50 72
28 51 92
28 52 47
28 53 74
28 54 7
28 55 48
28 56 68
28 57 103
28 58 42
28 59 30
28 60 96
28 61 64
28 62 50
28 63 82
28 64 15
28 65 75
28 66 98
28 67 76
28 68 94
28 69 75
28 70 4
28 71 75
28 72 39
28 73 66
28 74 98
28 75 7
28 76 72
28 77 93
28 78 100
28 79 75
28 80 47
28 81 112
28 82 108
28 83 69
28 84 28
28 85 36
28 86 41
28 87 20
28 88 61
28 89 90
28 90 114
28 91 89
28 92 88
28 93 86
28 94 55
28 95 25
28 96 19
28 97 48
28 98 44
28 99 83
29 30 97
29 31 82
29 32 47
29 33 91
29 34 87
29 35 115
29 36 83
29 37 88
29 38 12
29 39 25
29 40 19
29 41 68
29 42 31
29 43 61
29 44 97
29 45 96
29 46 74
29 47 88
29 48 45
29 49 115
29 50 73
29 51 97
29 52 52
29 53 79
29 54 12
29 55 53
29 56 69
29 57 108
29 58 45
29 59 35
29 60 97
29 61 69
29 62 55
29 63 87
29 64 20
29 65 76
29 66 98
29 67 79
29 68 99
29 69 79
29 70 9
29 71 78
29 72 43
29 73 72
29 74 100
29 75 7
29 76 76
29 77 94
29 78 105
29 79 80
29 80 50
29 81 116
29 82 113
29 83 74
29 84 32
29 85 37
29 86 41
29 87 24
29 88 62
29 89 94
29 90 118
29 91 92
29 92 92
29 93 90
29 94 60
29 95 27
29 96 23
29 97 54
29 98 49
29 99 88
30 31 37
30 32 51
30 33 10
30 34 44
30 35 33
30 36 69
30 37 69
30 38 87
30 39 79
30 40 86
30 41 36
30 42 81
30 43 37
30 44 31
30 45 63
30 46 45
30 47 36
30 48 51
30 49 19
30 50 66
30 51 46
30 52 70
30 53 29
30 54 90
30 55 77
30 56 62
30 57 17
30 58 55
30 59 69
30 60 63
30 61 45
30 62 44
30 63 24
30 64 79
30 65 60
30 66 71
30 67 29
30 68 44
30 69 44
30 70 92
30 71 31
30 72 54
30 73 62
30 74 47
30 75 91
30 76 26
30 77 67
30 78 27
30 79 76
30 80 48
30 81 23
30 82 34
30 83 49
30 84 80
30 85 67
30 86 75
30 87 74
30 88 67
30 89 9
30 90 21
30 91 24
30 92 9
30 93 8
30 94 54
30 95 73
30 96 85
30 97 63
30 98 68
30 99 48
31 32 49
31 33 27
31 34 9
31 35 35
31 36 32
31 37 32
31 38 76
31 39 74
31 40 79
31 41 49
31 42 56
31 43 39
31 44 64
31 45 90
31 46 65
31 47 6
31 48 42
31 49 54
31 50 84
31 51 17
31 52 39
31 53 11
31 54 72
31 55 45
31 56 78
31 57 36
31 58 55
31 59 48
31 60 91
31 61 13
31 62 31
31 63 14
31 64 62
31 65 80
31 66 98
31 67 52
31 68 18
31 69 7
31 70 74
31 71 53
31 72 47
31 73 26
31 74 78
31 75 78
31 76 45
31 77 93
31 78 26
31 79 38
31 80 46
31 81 44
31 82 33
31 83 13
31 84 55
31 85 66
31 86 77
31 87 64
31 88 80
31 89 44
31 90 52
31 91 55
31 92 29
31 93 30
31 94 24
31 95 66
31 96 63
31 97 33
31 98 39
31 99 13
32 33 47
32 34 57
32 35 75
32 36 67
32 37 71
32 38 36
32 39 28
32 40 35
32 41 22
32 42 42
32 43 15
32 44 52
32 45 59
32 46 33
32 47 54
32 48 10
32 49 69
32 50 42
32 51 66
32 52 45
32 53 41
32 54 42
32 55 52
32 56 36
32 57 65
32 58 6
32 59 29
32 60 60
32 61 41
32 62 19
32 63 48
32 64 32
32 65 42
32 66 64
32 67 33
32 68 67
32 69 50
32 70 43
32 71 32
32 72 6
32 73 54
32 74 57
32 75 40
32 76 29
32 77 59
32 78 65
32 79 69
32 80 4
32 81 73
32 82 74
32 83 48
32 84 41
32 85 18
32 86 28
32 87 23
32 88 35
32 89 48
32 90 72
32 91 45
32 92 49
32 93 45
32 94 38
32 95 21
32 96 42
32 97 40
32 98 41
32 99 60
33 34 34
33 35 30
33 36 59
33 37 58
33 38 82
33 39 76
33 40 82
33 41 36
33 42 73
33 43 33
33 44 39
33 45 69
33 46 48
33 47 25
33 48 45
33 49 28
33 50 69
33 51 37
33 52 60
33 53 19
33 54 83
33 55 67
33 56 64
33 57 17
33 58 52
33 59 61
33 60 70
33 61 35
33 62 36
33 63 13
33 64 72
33 65 64
33 66 77
33 67 33
33 68 35
33 69 33
33 70 85
33 71 34
33 72 49
33 73 52
33 74 54
33 75 85
33 76 27
33 77 73
33 78 21
33 79 65
33 80 43
33 81 26
33 82 30
33 83 38
33 84 72
33 85 64
33 86 73
33 87 69
33 88 69
33 89 17
33 90 28
33 91 31
33 92 2
33 93 4
33 94 44
33 95 68
33 96 78
33 97 54
33 98 59
33 99 38
34 35 34
34 36 26
34 37 25
34 38 82
34 39 81
34 40 86
34 41 58
34 42 60
34 43 48
34 44 72
34 45 99
34 46 74
34 47 9
34 48 50
34 49 59
34 50 93
34 51 10
34 52 41
34 53 20
34 54 76
34 55 46
34 56 87
34 57 39
34 58 63
34 59 53
34 60 100
34 61 18
34 62 39
34 63 21
34 64 68
34 65 89
34 66 107
34 67 61
34 68 12
34 69 8
34 70 79
34 71 62
34 72 55
34 73 23
34 74 86
34 75 84
34 76 54
34 77 102
34 78 27
34 79 33
34 80 54
34 81 47
34 82 32
34 83 14
34 84 59
34 85 74
34 86 86
34 87 70
34 88 89
34 89 51
34 90 56
34 91 63
34 92 35
34 93 38
34 94 28
34 95 73
34 96 67
34 97 36
34 98 42
34 99 4
35 36 58
35 37 55
35 38 107
35 39 103
35 40 109
35 41 65
35 42 91
35 43 61
35 44 64
35 45 96
35 46 78
35 47 29
35 48 71
35 49 37
35 50 98
35 51 28
35 52 74
35 53 36
35 54 105
35 55 79
35 56 94
35 57 17
35 58 80
35 59 82
35 60 96
35 61 48
35 62 60
35 63 28
35 64 95
35 65 93
35 66 104
35 67 62
35 68 25
35 69 40
35 70 108
35 71 63
35 72 76
35 73 58
35 74 79
35 75 110
35 76 57
35 77 100
35 78 10
35 79 67
35 80 71
35 81 18
35 82 2
35 83 47
35 84 90
35 85 93
35 86 102
35 87 94
35 88 98
35 89 42
35 90 31
35 91 57
35 92 29
35 93 33
35 94 59
35 95 95
35 96 98
35 97 68
35 98 74
35 99 36
36 37 5
36 38 82
36 39 84
36 40 88
36 41 76
36 42 52
36 43 64
36 44 95
36 45 118
36 46 92
36 47 34
36 48 58
36 49 85
36 50 108
36 51 30
36 52 32
36 53 42
36 54 71
36 55 32
36 56 102
36 57 65
36 58 73
36 59 51
36 60 119
36 61 29
36 62 49
36 63 45
36 64 66
36 65 106
36 66 126
36 67 81
36 68 33
36 69 25
36 70 74
36 71 82
36 72 64
36 73 13
36 74 108
36 75 82
36 76 74
36 77 121
36 78 52
36 79 8
36 80 66
36 81 72
36 82 56
36 83 22
36 84 51
36 85 82
36 86 94
36 87 73
36 88 102
36 89 75
36 90 82
36 91 86
36 92 60
36 93 62
36 94 30
36 95 77
36 96 60
36 97 31
36 98 35
36 99 23
37 38 86
37 39 89
37 40 92
37 41 78
37 42 57
37 43 66
37 44 96
37 45 120
37 46 94
37 47 33
37 48 62
37 49 84
37 50 111
37 51 27
37 52 37
37 53 42
37 54 77
37 55 37
37 56 105
37 57 63
37 58 76
37 59 56
37 60 121
37 61 31
37 62 52
37 63 45
37 64 71
37 65 108
37 66 128
37 67 82
37 68 30
37 69 26
37 70 80
37 71 83
37 72 67
37 73 18
37 74 109
37 75 87
37 76 75
37 77 123
37 78 50
37 79 13
37 80 69
37 81 70
37 82 53
37 83 24
37 84 56
37 85 86
37 86 98
37 87 77
37 88 105
37 89 75
37 90 80
37 91 87
37 92 60
37 93 62
37 94 33
37 95 81
37 96 66
37 97 36
37 98 40
37 99 21
38 39 12
38 40 8
38 41 56
38 42 33
38 43 50
38 44 85
38 45 83
38 46 62
38 47 81
38 48 36
38 49 104
38 50 61
38 51 92
38 52 50
38 53 71
38 54 16
38 55 53
38 56 56
38 57 99
38 58 33
38 59 31
38 60 85
38 61 64
38 62 46
38 63 79
38 64 16
38 65 64
38 66 86
38 67 67
38 68 93
38 69 74
38 70 15
38 71 66
38 72 33
38 73 69
38 74 87
38 75 5
38 76 65
38 77 82
38 78 97
38 79 79
38 80 39
38 81 107
38 82 106
38 83 69
38 84 33
38 85 25
38 86 29
38 87 13
38 88 50
38 89 83
38 90 108
38 91 80
38 92 83
38 93 80
38 94 55
38 95 15
38 96 26
38 97 51
38 98 47
38 99 84
39 40 7
39 41 47
39 42 40
39 43 43
39 44 75
39 45 71
39 46 51
39 47 79
39 48 32
39 49 96
39 50 48
39 51 91
39 52 55
39 53 68
39 54 27
39 55 59
39 56 44
39 57 93
39 58 24
39 59 35
39 60 73
39 61 63
39 62 43
39 63 75
39 64 23
39 65 52
39 66 74
39 67 57
39 68 92
39 69 73
39 70 27
39 71 56
39 72 27
39 73 71
39 74 76
39 75 17
39 76 56
39 77 69
39 78 93
39 79 83
39 80 32
39 81 101
39 82 102
39 83 69
39 84 41
39 85 14
39 86 17
39 87 12
39 88 37
39 89 75
39 90 100
39 91 70
39 92 77
39 93 74
39 94 56
39 95 8
39 96 35
39 97 54
39 98 51
39 99 83
40 41 54
40 42 40
40 43 50
40 44 82
40 45 77
40 46 58
40 47 84
40 48 38
40 49 103
40 50 54
40 51 96
40 52 57
40 53 73
40 54 25
40 55 60
40 56 50
40 57 99
40 58 31
40 59 37
40 60 79
40 61 68
40 62 49
40 63 81
40 64 23
40 65 58
40 66 80
40 67 65
40 68 97
40 69 78
40 70 23
40 71 63
40 72 33
40 73 75
40 74 83
40 75 12
40 76 63
40 77 75
40 78 99
40 79 86
40 80 39
40 81 108
40 82 108
40 83 74
40 84 41
40 85 21
40 86 22
40 87 15
40 88 43
40 89 82
40 90 107
40 91 78
40 92 84
40 93 80
40 94 60
40 95 14
40 96 34
40 97 57
40 98 53
40 99 88
41 42 62
41 43 13
41 44 30
41 45 43
41 46 16
41 47 52
41 48 28
41 49 50
41 50 35
41 51 65
41 52 60
41 53 39
41 54 64
41 55 68
41 56 29
41 57 52
41 58 23
41 59 49
41 60 44
41 61 47
41 62 29
41 63 42
41 64 53
41 65 31
41 66 50
41 67 11
41 68 65
41 69 53
41 70 65
41 71 10
41 72 27
41 73 64
41 74 37
41 75 61
41 76 9
41 77 45
41 78 56
41 79 79
41 80 19
41 81 59
41 82 65
41 83 54
41 84 62
41 85 33
41 86 40
41 87 44
41 88 33
41 89 29
41 90 55
41 91 24
41 92 36
41 93 32
41 94 49
41 95 41
41 96 63
41 97 55
41 98 57
41 99 62
42 43 51
42 44 91
42 45 100
42 46 74
42 47 62
42 48 34
42 49 100
42 50 81
42 51 70
42 52 21
42 53 57
42 54 20
42 55 21
42 56 76
42 57 88
42 58 44
42 59 13
42 60 102
42 61 43
42 62 38
42 63 65
42 64 17
42 65 82
42 66 105
42 67 73
42 68 72
42 69 53
42 70 22
42 71 72
42 72 36
42 73 41
42 74 98
42 75 32
42 76 67
42 77 100
42 78 81
42 79 48
42 80 43
42 81 97
42 82 89
42 83 46
42 84 1
42 85 45
42 86 55
42 87 30
42 88 72
42 89 81
42 90 101
42 91 84
42 92 74
42 93 73
42 94 33
42 95 35
42 96 8
42 97 24
42 98 19
42 99 60
43 44 41
43 45 56
43 46 29
43 47 43
43 48 17
43 49 54
43 50 45
43 51 56
43 52 48
43 53 30
43 54 55
43 55 55
43 56 39
43 57 50
43 58 19
43 59 38
43 60 57
43 61 35
43 62 16
43 63 35
43 64 44
43 65 42
43 66 62
43 67 22
43 68 56
43 69 42
43 70 56
43 71 22
43 72 18
43 73 51
43 74 49
43 75 54
43 76 16
43 77 57
43 78 52
43 79 67
43 80 11
43 81 58
43 82 61
43 83 42
43 84 50
43 85 31
43 86 41
43 87 37
43 88 41
43 89 33
43 90 57
43 91 33
43 92 34
43 93 31
43 94 36
43 95 36
43 96 53
43 97 42
43 98 44
43 99 52
44 45 33
44 46 26
44 47 64
44 48 57
44 49 33
44 50 43
44 51 76
44 52 87
44 53 54
44 54 94
44 55 94
44 56 41
44 57 47
44 58 53
44 59 79
44 60 33
44 61 68
44 62 56
44 63 52
44 64 83
44 65 36
44 66 41
44 67 19
44 68 74
44 69 70
44 70 95
44 71 20
44 72 57
44 73 85
44 74 15
44 75 90
44 76 25
44 77 38
44 78 58
44 79 100
44 80 49
44 81 50
44 82 65
44 83 73
44 84 91
44 85 61
44 86 64
44 87 74
44 88 49
44 89 22
44 90 40
44 91 9
44 92 39
44 93 35
44 94 73
44 95 71
44 96 93
44 97 81
44 98 84
44 99 76
45 46 27
45 47 92
45 48 68
45 49 66
45 50 24
45 51 104
45 52 103
45 53 79
45 54 96
45 55 110
45 56 27
45 57 80
45 58 57
45 59 89
45 60 2
45 61 90
45 62 72
45 63 80
45 64 87
45 65 19
45 66 8
45 67 38
45 68 103
45 69 95
45 70 96
45 71 37
45 72 65
45 73 107
45 74 19
45 75 88
45 76 45
45 77 5
45 78 90
45 79 122
45 80 58
45 81 83
45 82 97
45 83 96
45 84 100
45 85 59
45 86 55
45 87 75
45 88 34
45 89 54
45 90 73
45 91 39
45 92 69
45 93 65
45 94 92
45 95 70
45 96 100
45 97 97
45 98 99
45 99 103
46 47 67
46 48 41
46 49 55
46 50 21
46 51 81
46 52 75
46 53 54
46 54 73
46 55 83
46 56 17
46 57 62
46 58 31
46 59 62
46 60 28
46 61 63
46 62 44
46 63 57
46 64 63
46 65 15
46 66 34
46 67 16
46 68 80
46 69 69
46 70 73
46 71 14
46 72 38
46 73 80
46 74 25
46 75 67
46 76 21
46 77 29
46 78 69
46 79 95
46 80 31
46 81 68
46 82 78
46 83 70
46 84 74
46 85 37
46 86 38
46 87 52
46 88 23
46 89 37
46 90 61
46 91 25
46 92 48
46 93 44
46 94 65
46 95 47
46 96 74
46 97 70
46 98 71
46 99 78
47 48 47
47 49 51
47 50 87
47 51 13
47 52 45
47 53 13
47 54 77
47 55 51
47 56 81
47 57 31
47 58 59
47 59 54
47 60 92
47 61 19
47 62 36
47 63 12
47 64 68
47 65 83
47 66 99
47 67 53
47 68 13
47 69 11
47 70 80
47 71 55
47 72 53
47 73 30
47 74 78
47 75 84
47 76 47
47 77 95
47 78 20
47 79 42
47 80 50
47 81 39
47 82 27
47 83 18
47 84 61
47 85 71
47 86 82
47 87 69
47 88 84
47 89 43
47 90 48
47 91 55
47 92 27
47 93 29
47 94 30
47 95 71
47 96 69
47 97 39
47 98 45
47 99 13
48 49 70
48 50 52
48 51 59
48 52 35
48 53 36
48 54 39
48 55 42
48 56 46
48 57 63
48 58 15
48 59 22
48 60 69
48 61 33
48 62 11
48 63 43
48 64 28
48 65 51
48 66 74
48 67 38
48 68 60
48 69 42
48 70 40
48 71 38
48 72 6
48 73 45
48 74 64
48 75 40
48 76 33
48 77 69
48 78 61
48 79 59
48 80 10
48 81 71
48 82 70
48 83 39
48 84 34
48 85 25
48 86 36
48 87 23
48 88 45
48 89 49
48 90 72
48 91 50
48 92 47
48 93 44
48 94 28
48 95 24
48 96 36
48 97 31
48 98 31
48 99 52
49 50 75
49 51 59
49 52 89
49 53 47
49 54 108
49 55 96
49 56 72
49 57 22
49 58 72
49 59 88
49 60 65
49 61 63
49 62 63
49 63 40
49 64 97
49 65 68
49 66 73
49 67 41
49 68 56
49 69 61
49 70 110
49 71 43
49 72 72
49 73 79
49 74 47
49 75 108
49 76 41
49 77 70
49 78 36
49 79 92
49 80 65
49 81 20
49 82 39
49 83 66
49 84 99
49 85 83
49 86 89
49 87 92
49 88 79
49 89 21
49 90 8
49 91 30
49 92 26
49 93 27
49 94 72
49 95 90
49 96 104
49 97 82
49 98 87
49 99 63
50 51 100
50 52 87
50 53 73
50 54 75
50 55 94
50 56 6
50 57 83
50 58 38
50 59 71
50 60 26
50 61 80
50 62 59
50 63 77
50 64 67
50 65 7
50 66 25
50 67 37
50 68 99
50 69 87
50 70 74
50 71 35
50 72 48
50 73 95
50 74 35
50 75 66
50 76 41
50 77 21
50 78 90
50 79 110
50 80 43
50 81 88
50 82 98
50 83 87
50 84 81
50 85 37
50 86 32
50 87 54
50 88 11
50 89 57
50 90 81
50 91 45
50 92 69
50 93 65
50 94 79
50 95 48
50 96 79
50 97 83
50 98 83
50 99 96
51 52 50
51 53 26
51 54 86
51 55 54
51 56 94
51 57 37
51 58 72
51 59 63
51 60 105
51 61 28
51 62 48
51 63 24
51 64 78
51 65 96
51 66 112
51 67 66
51 68 3
51 69 18
51 70 89
51 71 68
51 72 65
51 73 31
51 74 91
51 75 94
51 76 60
51 77 108
51 78 23
51 79 38
51 80 63
51 81 43
51 82 26
51 83 23
51 84 68
51 85 83
51 86 95
51 87 80
51 88 97
51 89 54
51 90 54
51 91 67
51 92 38
51 93 41
51 94 38
51 95 82
51 96 77
51 97 45
51 98 51
51 99 9
52 53 42
52 54 40
52 55 8
52 56 81
52 57 73
52 58 49
52 59 20
52 60 104
52 61 26
52 62 32
52 63 50
52 64 34
52 65 86
52 66 109
52 67 69
52 68 53
52 69 34
52 70 43
52 71 69
52 72 40
52 73 21
52 74 97
52 75 51
52 76 63
52 77 103
52 78 65
52 79 29
52 80 45
52 81 82
52 82 72
52 83 27
52 84 20
52 85 55
52 86 67
52 87 43
52 88 79
52 89 72
52 90 88
52 91 78
52 92 62
52 93 62
52 94 16
52 95 48
52 96 29
52 97 7
52 98 4
52 99 41
53 54 69
53 55 49
53 56 68
53 57 31
53 58 47
53 59 46
53 60 80
53 61 17
53 62 25
53 63 8
53 64 59
53 65 69
53 66 87
53 67 41
53 68 26
53 69 16
53 70 72
53 71 42
53 72 41
53 73 33
53 74 67
53 75 74
53 76 34
53 77 82
53 78 26
53 79 48
53 80 38
53 81 40
53 82 34
53 83 20
53 84 56
53 85 59
53 86 69
53 87 59
53 88 70
53 89 34
53 90 46
53 91 44
53 92 20
53 93 21
53 94 26
53 95 60
53 96 63
53 97 36
53 98 41
53 99 24
54 55 41
54 56 70
54 57 99
54 58 41
54 59 24
54 60 98
54 61 58
54 62 46
54 63 78
54 64 11
54 65 77
54 66 100
54 67 75
54 68 88
54 69 69
54 70 3
54 71 74
54 72 37
54 73 60
54 74 98
54 75 13
54 76 71
54 77 95
54 78 95
54 79 68
54 80 45
54 81 108
54 82 103
54 83 63
54 84 20
54 85 37
54 86 44
54 87 21
54 88 64
54 89 88
54 90 110
54 91 87
54 92 85
54 93 82
54 94 49
54 95 26
54 96 12
54 97 42
54 98 37
54 99 77
55 56 88
55 57 80
55 58 56
55 59 25
55 60 111
55 61 33
55 62 39
55 63 57
55 64 37
55 65 93
55 66 116
55 67 77
55 68 57
55 69 40
55 70 44
55 71 77
55 72 46
55 73 23
55 74 104
55 75 53
55 76 70
55 77 111
55 78 71
55 79 27
55 80 52
55 81 88
55 82 77
55 83 33
55 84 20
55 85 61
55 86 72
55 87 47
55 88 86
55 89 80
55 90 95
55 91 86
55 92 69
55 93 69
55 94 23
55 95 53
55 96 29
55 97 14
55 98 11
55 99 45
56 57 79
56 58 33
56 59 65
56 60 29
56 61 74
56 62 53
56 63 71
56 64 62
56 65 8
56 66 30
56 67 32
56 68 94
56 69 81
56 70 70
56 71 31
56 72 42
56 73 89
56 74 36
56 75 61
56 76 37
56 77 25
56 78 85
56 79 104
56 80 37
56 81 85
56 82 94
56 83 81
56 84 76
56 85 32
56 86 28
56 87 49
56 88 8
56 89 54
56 90 78
56 91 42
56 92 64
56 93 60
56 94 73
56 95 44
56 96 74
56 97 77
56 98 77
56 99 91
57 58 69
57 59 77
57 60 80
57 61 47
57 62 53
57 63 23
57 64 89
57 65 77
57 66 88
57 67 46
57 68 34
57 69 42
57 70 102
57 71 48
57 72 66
57 73 61
57 74 63
57 75 102
57 76 43
57 77 84
57 78 14
57 79 73
57 80 61
57 81 9
57 82 18
57 83 48
57 84 87
57 85 82
57 86 90
57 87 86
57 88 84
57 89 26
57 90 17
57 91 40
57 92 16
57 93 20
57 94 57
57 95 85
57 96 93
57 97 67
57 98 72
57 99 42
58 59 32
58 60 58
58 61 47
58 62 25
58 63 53
58 64 32
58 65 39
58 66 61
58 67 34
58 68 72
58 69 56
58 70 42
58 71 33
58 72 10
58 73 60
58 74 56
58 75 38
58 76 32
58 77 56
58 78 70
58 79 74
58 80 9
58 81 77
58 82 79
58 83 54
58 84 44
58 85 12
58 86 23
58 87 21
58 88 30
58 89 51
58 90 76
58 91 47
58 92 53
58 93 50
58 94 43
58 95 18
58 96 43
58 97 45
58 98 45
58 99 66
59 60 90
59 61 35
59 62 25
59 63 55
59 64 15
59 65 71
59 66 94
59 67 60
59 68 65
59 69 45
59 70 26
59 71 59
59 72 24
59 73 38
59 74 86
59 75 32
59 76 54
59 77 89
59 78 72
59 79 49
59 80 31
59 81 86
59 82 80
59 83 39
59 84 12
59 85 36
59 86 47
59 87 23
59 88 62
59 89 69
59 90 89
59 91 71
59 92 63
59 93 61
59 94 25
59 95 28
59 96 17
59 97 20
59 98 16
59 99 54
60 61 91
60 62 73
60 63 81
60 64 89
60 65 21
60 66 8
60 67 39
60 68 104
60 69 96
60 70 98
60 71 38
60 72 66
60 73 108
60 74 18
60 75 90
60 76 46
60 77 6
60 78 90
60 79 123
60 80 60
60 81 83
60 82 97
60 83 97
60 84 102
60 85 60
60 86 57
60 87 77
60 88 36
60 89 54
60 90 73
60 91 39
60 92 69
60 93 65
60 94 93
60 95 72
60 96 101
60 97 98
60 98 100
60 99 104
61 62 22
61 63 24
61 64 49
61 65 77
61 66 97
61 67 52
61 68 30
61 69 11
61 70 61
61 71 53
61 72 38
61 73 18
61 74 80
61 75 66
61 76 45
61 77 92
61 78 39
61 79 33
61 80 38
61 81 56
61 82 46
61 83 7
61 84 42
61 85 57
61 86 69
61 87 52
61 88 75
61 89 49
61 90 63
61 91 58
61 92 37
61 93 37
61 94 11
61 95 55
61 96 50
61 97 20
61 98 26
61 99 20
62 63 33
62 64 36
62 65 57
62 66 78
62 67 38
62 68 49
62 69 31
62 70 49
62 71 38
62 72 17
62 73 37
62 74 65
62 75 50
62 76 31
62 77 73
62 78 50
62 79 52
62 80 17
62 81 62
62 82 59
62 83 29
62 84 37
62 85 36
62 86 47
62 87 34
62 88 53
62 89 44
62 90 64
62 91 47
62 92 38
62 93 36
62 94 20
62 95 35
62 96 42
62 97 26
62 98 28
62 99 41
63 64 68
63 65 72
63 66 88
63 67 42
63 68 23
63 69 20
63 70 80
63 71 44
63 72 48
63 73 39
63 74 66
63 75 82
63 76 36
63 77 83
63 78 18
63 79 52
63 80 44
63 81 32
63 82 27
63 83 26
63 84 64
63 85 65
63 86 76
63 87 66
63 88 75
63 89 30
63 90 39
63 91 43
63 92 15
63 93 17
63 94 34
63 95 67
63 96 71
63 97 44
63 98 49
63 99 25
64 65 69
64 66 91
64 67 64
64 68 79
64 69 60
64 70 13
64 71 64
64 72 27
64 73 53
64 74 88
64 75 17
64 76 60
64 77 87
64 78 85
64 79 63
64 80 34
64 81 98
64 82 94
64 83 55
64 84 18
64 85 30
64 86 39
64 87 13
64 88 57
64 89 77
64 90 100
64 91 77
64 92 74
64 93 72
64 94 40
64 95 19
64 96 13
64 97 35
64 98 31
64 99 69
65 66 23
65 67 31
65 68 95
65 69 84
65 70 77
65 71 29
65 72 47
65 73 93
65 74 29
65 75 69
65 76 37
65 77 18
65 78 85
65 79 108
65 80 42
65 81 82
65 82 93
65 83 84
65 84 82
65 85 40
65 86 36
65 87 56
65 88 16
65 89 51
65 90 75
65 91 39
65 92 64
65 93 60
65 94 77
65 95 51
65 96 81
65 97 82
65 98 82
65 99 93
66 67 46
66 68 111
66 69 102
66 70 100
66 71 45
66 72 70
66 73 114
66 74 26
66 75 91
66 76 53
66 77 5
66 78 98
66 79 129
66 80 64
66 81 91
66 82 105
66 83 103
66 84 105
66 85 62
66 86 57
66 87 79
66 88 36
66 89 62
66 90 81
66 91 47
66 92 77
66 93 73
66 94 98
66 95 74
66 96 104
66 97 103
66 98 105
66 99 110
67 68 65
67 69 57
67 70 76
67 71 2
67 72 38
67 73 70
67 74 28
67 75 72
67 76 7
67 77 41
67 78 54
67 79 85
67 80 30
67 81 52
67 82 62
67 83 59
67 84 72
67 85 44
67 86 49
67 87 56
67 88 38
67 89 21
67 90 47
67 91 13
67 92 33
67 93 29
67 94 56
67 95 52
67 96 74
67 97 63
67 98 66
67 99 65
68 69 20
68 70 91
68 71 67
68 72 65
68 73 34
68 74 89
68 75 96
68 76 59
68 77 106
68 78 20
68 79 42
68 80 63
68 81 40
68 82 23
68 83 26
68 84 71
68 85 84
68 86 95
68 87 82
68 88 97
68 89 52
68 90 51
68 91 65
68 92 36
68 93 39
68 94 40
68 95 84
68 96 79
68 97 48
68 98 54
68 99 12
69 70 71
69 71 58
69 72 48
69 73 19
69 74 83
69 75 76
69 76 50
69 77 97
69 78 31
69 79 32
69 80 47
69 81 50
69 82 38
69 83 7
69 84 52
69 85 67
69 86 78
69 87 63
69 88 83
69 89 50
69 90 58
69 91 61
69 92 35
69 93 37
69 94 20
69 95 65
69 96 60
69 97 29
69 98 35
69 99 10
70 71 75
70 72 39
70 73 63
70 74 99
70 75 11
70 76 72
70 77 95
70 78 98
70 79 71
70 80 46
70 81 110
70 82 106
70 83 66
70 84 23
70 85 37
70 86 44
70 87 21
70 88 64
70 89 90
70 90 112
70 91 89
70 92 87
70 93 84
70 94 51
70 95 26
70 96 14
70 97 45
70 98 40
70 99 80
71 72 37
71 73 71
71 74 27
71 75 71
71 76 8
71 77 40
71 78 55
71 79 86
71 80 29
71 81 54
71 82 63
71 83 59
71 84 72
71 85 43
71 86 47
71 87 55
71 88 36
71 89 23
71 90 48
71 91 14
71 92 34
71 93 30
71 94 57
71 95 51
71 96 74
71 97 63
71 98 66
71 99 66
72 73 50
72 74 63
72 75 37
72 76 33
72 77 65
72 78 65
72 79 65
72 80 8
72 81 75
72 82 74
72 83 45
72 84 36
72 85 19
72 86 31
72 87 20
72 88 40
72 89 51
72 90 75
72 91 50
72 92 51
72 93 48
72 94 34
72 95 19
72 96 37
72 97 36
72 98 35
72 99 58
73 74 98
73 75 70
73 76 63
73 77 109
73 78 50
73 79 15
73 80 53
73 81 69
73 82 56
73 83 13
73 84 40
73 85 69
73 86 80
73 87 60
73 88 89
73 89 67
73 90 77
73 91 76
73 92 53
73 93 54
73 94 16
73 95 64
73 96 49
73 97 18
73 98 23
73 99 22
74 75 92
74 76 35
74 77 24
74 78 74
74 79 113
74 80 55
74 81 65
74 82 80
74 83 86
74 84 98
74 85 62
74 86 62
74 87 77
74 88 44
74 89 38
74 90 55
74 91 24
74 92 54
74 93 50
74 94 84
74 95 73
74 96 99
74 97 91
74 98 93
74 99 90
75 76 69
75 77 87
75 78 100
75 79 79
75 80 44
75 81 111
75 82 109
75 83 71
75 84 33
75 85 30
75 86 34
75 87 17
75 88 55
75 89 88
75 90 112
75 91 85
75 92 87
75 93 84
75 94 57
75 95 20
75 96 24
75 97 52
75 98 47
75 99 85
76 77 48
76 78 49
76 79 78
76 80 26
76 81 49
76 82 57
76 83 51
76 84 66
76 85 43
76 86 49
76 87 52
76 88 41
76 89 20
76 90 45
76 91 17
76 92 28
76 93 24
76 94 49
76 95 50
76 96 69
76 97 56
76 98 59
76 99 58
77 78 93
77 79 124
77 80 59
77 81 87
77 82 101
77 83 98
77 84 100
77 85 58
77 86 53
77 87 74
77 88 32
77 89 58
77 90 78
77 91 43
77 92 73
77 93 69
77 94 93
77 95 69
77 96 99
77 97 98
77 98 99
77 99 106
78 79 60
78 80 61
78 81 20
78 82 9
78 83 38
78 84 80
78 85 83
78 86 92
78 87 84
78 88 89
78 89 36
78 90 31
78 91 50
78 92 21
78 93 25
78 94 49
78 95 85
78 96 88
78 97 59
78 98 65
78 99 30
79 80 68
79 81 80
79 82 64
79 83 28
79 84 47
79 85 82
79 86 94
79 87 71
79 88 104
79 89 81
79 90 90
79 91 91
79 92 67
79 93 68
79 94 31
79 95 76
79 96 56
79 97 30
79 98 33
79 99 31
80 81 69
80 82 70
80 83 46
80 84 43
80 85 21
80 86 32
80 87 27
80 88 36
80 89 44
80 90 68
80 91 42
80 92 45
80 93 42
80 94 36
80 95 25
80 96 44
80 97 40
80 98 41
80 99 57
81 82 20
81 83 56
81 84 96
81 85 89
81 86 98
81 87 94
81 88 90
81 89 31
81 90 13
81 91 44
81 92 24
81 93 27
81 94 66
81 95 94
81 96 102
81 97 76
81 98 81
81 99 49
82 83 45
82 84 88
82 85 92
82 86 101
82 87 93
82 88 98
82 89 43
82 90 32
82 91 57
82 92 29
82 93 33
82 94 57
82 95 94
82 96 96
82 97 66
82 98 72
82 99 34
83 84 45
83 85 64
83 86 76
83 87 58
83 88 82
83 89 54
83 90 64
83 91 64
83 92 40
83 93 41
83 94 14
83 95 61
83 96 54
83 97 22
83 98 28
83 99 14
84 85 45
84 86 55
84 87 30
84 88 72
84 89 80
84 90 100
84 91 83
84 92 74
84 93 72
84 94 31
84 95 36
84 96 9
84 97 23
84 98 17
84 99 59
85 86 12
85 87 17
85 88 27
85 89 62
85 90 88
85 91 57
85 92 66
85 93 62
85 94 52
85 95 11
85 96 42
85 97 52
85 98 51
85 99 77
86 87 26
86 88 21
86 89 69
86 90 94
86 91 61
86 92 74
86 93 70
86 94 64
86 95 20
86 96 51
86 97 64
86 98 62
86 99 88
87 88 44
87 89 71
87 90 95
87 91 68
87 92 70
87 93 67
87 94 45
87 95 6
87 96 26
87 97 42
87 98 39
87 99 73
88 89 60
88 90 85
88 91 49
88 92 69
88 93 65
88 94 73
88 95 38
88 96 69
88 97 75
88 98 75
88 99 92
89 90 26
89 91 14
89 92 16
89 93 13
89 94 57
89 95 69
89 96 85
89 97 66
89 98 70
89 99 55
90 91 37
90 92 26
90 93 28
90 94 72
90 95 93
90 96 106
90 97 82
90 98 87
90 99 60
91 92 30
91 93 27
91 94 64
91 95 65
91 96 86
91 97 72
91 98 75
91 99 67
92 93 4
92 94 46
92 95 70
92 96 79
92 97 55
92 98 60
92 99 39
93 94 46
93 95 67
93 96 78
93 97 55
93 98 60
93 99 42
94 95 48
94 96 40
94 97 10
94 98 15
94 99 29
95 96 32
95 97 46
95 98 44
95 99 75
96 97 32
96 98 26
96 99 68
97 98 6
97 99 36
98 99 42
0 1 11
0 4 56
0 9 38
0 14 87
0 19 22
0 21 46
0 23 70
0 24 73
0 27 84
0 28 81
0 33 41
0 38 82
0 39 82
0 43 53
0 48 52
0 49 67
0 51 13
0 54 75
0 56 92
0 61 19
0 62 41
0 63 28
0 69 10
0 71 68
0 77 107
0 79 27
0 86 88
0 88 93
0 90 63
0 92 42
0 93 45
0 95 74
0 97 34
1 4 56
1 7 54
1 8 38
1 9 42
1 12 98
1 13 84
1 17 40
1 18 54
1 19 12
1 20 50
1 21 47
1 22 81
1 23 74
1 29 94
1 31 14
1 32 63
1 33 35
1 34 6
1 35 30
1 39 87
1 41 62
1 47 10
1 49 58
1 52 47
1 56 91
1 59 59
1 73 29
1 74 88
1 86 91
1 87 77
1 94 34
1 97 42
1 98 48
2 4 26
2 8 87
2 11 59
2 13 41
2 15 34
2 16 18
2 19 70
2 26 40
2 28 34
2 29 36
2 41 32
2 43 26
2 48 17
2 57 76
2 58 8
2 60 65
2 63 59
2 71 42
2 74 64
2 77 63
2 79 73
2 80 16
2 81 84
2 82 85
2 88 34
2 89 59
2 94 44
2 97 44
2 98 42
2 99 69
3 4 49
3 5 54
3 8 108
3 13 59
3 14 17
3 15 24
3 18 87
3 24 14
3 27 11
3 32 34
3 38 5
3 39 8
3 46 59
3 52 54
3 56 52
3 57 98
3 58 31
3 59 34
3 62 47
3 65 60
3 67 65
3 70 20
3 72 32
3 77 78
3 80 38
3 81 107
3 84 37
3 91 78
3 93 79
3 94 57
3 97 53
4 6 55
4 7 25
4 10 29
4 12 51
4 13 30
4 19 50
4 23 31
4 25 38
4 26 54
4 27 42
4 30 37
4 36 67
4 39 43
4 42 53
4 46 25
4 47 46
4 48 19
4 53 33
4 57 51
4 58 18
4 59 40
4 63 38
4 67 19
4 70 58
4 72 19
4 77 54
4 78 54
4 83 46
4 86 39
4 88 37
4 91 31
4 92 35
4 95 36
4 97 45
4 99 55
5 9 18
5 11 44
5 12 61
5 16 17
5 19 39
5 20 61
5 24 49
5 26 51
5 30 33
5 33 27
5 36 56
5 40 55
5 41 20
5 42 50
5 48 19
5 54 57
5 63 27
5 64 46
5 66 70
5 68 48
5 70 59
5 72 22
5 74 54
5 78 44
5 79 60
5 82 53
5 83 34
5 85 38
5 89 32
5 92 29
5 95 41
5 96 53
6 9 32
6 10 71
6 15 60
6 19 35
6 20 74
6 22 70
6 23 62
6 27 76
6 32 55
6 33 50
6 35 55
6 41 64
6 45 107
6 47 27
6 51 28
6 53 32
6 58 61
6 61 17
6 63 37
6 64 56
6 66 114
6 71 70
6 76 62
6 79 16
6 82 52
6 83 11
6 85 70
6 89 65
6 90 75
6 92 51
7 9 44
7 18 13
7 20 46
7 22 56
7 23 55
7 24 72
7 27 66
7 32 40
7 35 49
7 43 26
7 44 20
7 45 49
7 59 63
7 61 48
7 66 56
7 67 13
7 68 55
7 69 50
7 70 82
7 73 65
7 75 80
7 82 49
7 85 54
7 91 11
7 94 54
7 95 61
7 96 78
8 9 65
8 13 79
8 17 74
8 18 35
8 21 60
8 23 90
8 26 96
8 27 104
8 29 117
8 30 28
8 31 41
8 43 61
8 47 35
8 53 39
8 54 108
8 55 86
8 61 54
8 63 31
8 65 88
8 69 47
8 78 15
8 88 95
8 92 27
8 94 64
8 95 96
8 99 45
9 19 42
9 25 64
9 26 34
9 27 47
9 29 53
9 32 24
9 33 40
9 35 62
9 36 44
9 42 33
9 51 46
9 53 26
9 55 33
9 57 56
9 58 29
9 59 21
9 61 18
9 62 7
9 63 34
9 75 49
9 77 80
9 78 51
9 87 34
9 88 58
9 89 49
9 98 22
10 11 68
10 15 41
10 16 26
10 17 62
10 20 96
10 24 30
10 25 46
10 36 82
10 39 16
10 40 23
10 44 59
10 45 56
10 48 25
10 50 35
10 52 56
10 57 80
10 67 42
10 69 67
10 73 69
10 77 55
10 78 82
10 82 91
10 83 64
10 87 19
10 88 25
10 91 55
10 99 77
11 13 85
11 14 70
11 16 44
11 20 77
11 27 73
11 28 65
11 31 26
11 36 14
11 41 63
11 44 85
11 47 31
11 49 80
11 52 19
11 55 22
11 63 39
11 65 93
11 78 51
11 88 88
11 89 67
11 90 78
11 92 54
11 95 63
11 97 17
11 98 22
12 14 98
12 21 62
12 23 68
12 29 98
12 33 65
12 37 118
12 38 85
12 39 73
12 43 54
12 44 28
12 48 68
12 50 28
12 53 76
12 57 75
12 59 89
12 60 5
12 61 87
12 65 22
12 68 99
12 72 65
12 79 120
12 80 58
12 85 61
12 94 90
12 95 72
13 14 75
13 17 83
13 21 42
13 24 65
13 25 11
13 26 79
13 27 48
13 29 75
13 30 51
13 33 54
13 38 63
13 39 51
13 43 34
13 46 6
13 48 45
13 53 61
13 59 66
13 68 86
13 69 75
13 70 75
13 72 42
13 75 68
13 78 76
13 80 35
13 81 74
13 90 67
13 92 55
13 99 84
14 18 99
14 21 59
14 23 32
14 25 86
14 26 32
14 27 28
14 29 0
14 32 47
14 33 91
14 34 87
14 35 115
14 36 83
14 37 89
14 44 98
14 48 46
14 52 52
14 53 79
14 54 12
14 67 79
14 70 9
14 74 100
14 79 80
14 83 74
14 85 38
14 88 62
14 89 94
14 94 60
14 97 54
15 20 115
15 22 37
15 23 30
15 30 88
15 31 69
15 34 74
15 37 73
15 42 16
15 45 97
15 52 36
15 59 21
15 62 45
15 66 101
15 72 37
15 73 57
15 74 98
15 78 93
15 80 45
15 81 106
15 85 39
15 87 22
15 90 109
15 96 8
16 21 11
16 27 35
16 31 41
16 32 10
16 34 49
16 38 38
16 45 67
16 51 58
16 52 36
16 54 40
16 56 46
16 60 68
16 68 59
16 72 7
16 74 63
16 80 9
16 85 26
16 87 25
16 88 45
16 91 48
16 92 45
16 94 28
16 99 51
17 28 55
17 29 60
17 36 23
17 39 62
17 40 65
17 41 62
17 43 49
17 45 105
17 48 39
17 52 8
17 56 85
17 65 90
17 68 45
17 69 28
17 72 44
17 75 59
17 80 48
17 82 66
17 89 70
17 93 59
18 19 42
18 20 34
18 24 85
18 30 10
18 42 86
18 47 45
18 48 55
18 50 61
18 52 77
18 57 25
18 60 55
18 63 33
18 64 82
18 69 53
18 70 95
18 78 36
18 89 5
18 93 16
18 98 74
19 20 39
19 21 43
19 24 81
19 25 79
19 28 91
19 30 32
19 31 14
19 33 23
19 38 89
19 45 92
19 47 8
19 48 54
19 50 89
19 55 59
19 57 24
19 60 92
19 66 100
19 68 11
19 70 88
19 74 77
19 75 91
19 77 95
19 78 12
19 81 32
19 82 19
19 84 70
19 85 77
19 88 87
19 89 40
19 90 42
19 93 27
19 98 53
20 21 67
20 23 97
20 27 109
20 38 116
20 45 87
20 46 74
20 47 47
20 52 90
20 55 97
20 60 87
20 61 64
20 62 70
20 66 95
20 74 69
20 81 8
20 87 103
20 97 84
20 99 56
21 23 30
21 26 46
21 29 58
21 30 38
21 31 34
21 34 42
21 35 59
21 39 43
21 43 8
21 46 36
21 47 38
21 51 51
21 58 22
21 60 65
21 61 28
21 63 32
21 65 50
21 66 70
21 70 53
21 71 29
21 74 57
21 75 53
21 82 58
21 85 34
21 86 44
21 87 36
21 89 37
21 92 34
21 94 28
21 95 36
21 96 48
21 97 34
22 26 46
22 28 34
22 29 36
22 33 66
22 36 82
22 43 33
22 45 60
22 52 55
22 53 60
22 57 83
22 59 35
22 64 28
22 66 64
22 68 85
22 71 44
22 77 59
22 80 23
22 81 91
22 82 93
22 84 45
22 85 2
22 87 16
22 89 64
22 90 89
22 91 59
22 94 53
22 99 78
23 24 20
23 26 37
23 27 15
23 33 63
23 40 19
23 43 31
23 47 66
23 60 69
23 61 50
23 62 30
23 63 62
23 66 71
23 69 61
23 73 60
23 79 73
23 81 88
23 90 88
23 93 61
23 94 45
23 96 33
23 97 43
24 26 24
24 27 23
24 29 15
24 31 67
24 32 33
24 35 100
24 36 71
24 41 55
24 42 22
24 50 65
24 57 93
24 58 32
24 59 21
24 62 40
24 64 6
24 65 67
24 66 90
24 81 102
24 84 23
24 87 11
24 90 103
24 95 17
24 96 16
24 97 41
24 98 36
24 99 75
25 29 85
25 33 57
25 36 105
25 46 14
25 49 57
25 53 66
25 56 19
25 63 67
25 68 90
25 70 85
25 74 16
25 75 78
25 79 108
25 82 85
25 83 82
25 84 87
25 86 47
25 90 65
25 91 29
25 94 78
26 32 43
26 36 52
26 41 63
26 46 76
26 47 63
26 50 83
26 56 77
26 57 89
26 64 19
26 66 107
26 70 23
26 71 74
26 73 41
26 78 82
26 79 48
26 81 98
26 98 19
26 99 61
27 28 28
27 36 87
27 37 92
27 41 46
27 45 68
27 46 48
27 48 33
27 50 45
27 56 41
27 58 24
27 63 76
27 69 75
27 70 30
27 71 55
27 73 74
27 80 32
27 85 12
27 86 13
27 87 15
27 89 75
27 90 100
27 94 59
27 96 39
27 98 54
28 33 87
28 36 78
28 37 83
28 39 24
28 45 94
28 47 83
28 48 41
28 51 92
28 54 7
28 56 68
28 62 50
28 63 82
28 72 39
28 74 98
28 77 93
28 83 69
28 89 90
28 90 114
28 92 88
29 30 97
29 31 82
29 38 12
29 41 68
29 45 96
29 54 12
29 57 108
29 59 35
29 63 87
29 64 20
29 66 98
29 67 79
29 74 100
29 75 7
29 77 94
29 87 24
30 33 10
30 35 33
30 38 87
30 40 86
30 44 31
30 48 51
30 50 66
30 51 46
30 54 90
30 74 47
30 77 67
30 78 27
30 79 76
30 83 49
30 87 74
30 91 24
30 92 9
30 99 48
31 36 32
31 39 74
31 43 39
31 44 64
31 45 90
31 46 65
31 47 6
31 50 84
31 52 39
31 55 45
31 58 55
31 60 91
31 61 13
31 73 26
31 75 78
31 84 55
31 87 64
31 91 55
31 96 63
31 99 13
32 41 22
32 42 42
32 47 54
32 51 66
32 52 45
32 54 42
32 58 6
32 65 42
32 67 33
32 72 6
32 77 59
32 80 4
32 81 73
32 83 48
32 85 18
32 89 48
32 91 45
32 98 41
33 35 30
33 37 58
33 43 33
33 51 37
33 58 52
33 59 61
33 60 70
33 61 35
33 62 36
33 65 64
33 66 77
33 67 33
33 68 35
33 69 33
33 73 52
33 75 85
33 81 26
33 83 38
33 84 72
33 89 17
33 90 28
33 93 4
33 95 68
33 96 78
34 39 81
34 40 86
34 41 58
34 48 50
34 49 59
34 51 10
34 52 41
34 54 76
34 58 63
34 60 100
34 62 39
34 76 54
34 79 33
34 80 54
34 85 74
34 86 86
34 90 56
34 93 38
34 96 67
35 38 107
35 41 65
35 42 91
35 43 61
35 60 96
35 62 60
35 68 25
35 69 40
35 70 108
35 76 57
35 77 100
35 82 2
35 85 93
36 43 64
36 46 92
36 50 108
36 51 30
36 52 32
36 61 29
36 70 74
36 72 64
36 75 82
36 76 74
36 77 121
36 78 52
36 80 66
36 89 75
36 90 82
36 98 35
36 99 23
37 38 86
37 40 92
37 45 120
37 51 27
37 54 77
37 65 108
37 66 128
37 67 82
37 69 26
37 77 123
37 78 50
37 79 13
37 80 69
37 83 24
37 88 105
37 90 80
37 95 81
37 96 66
37 97 36
38 47 81
38 50 61
38 52 50
38 57 99
38 59 31
38 61 64
38 67 67
38 68 93
38 75 5
38 76 65
38 79 79
38 80 39
38 82 106
38 86 29
38 87 13
38 90 108
38 91 80
38 93 80
38 95 15
39 45 71
39 48 32
39 49 96
39 51 91
39 52 55
39 57 93
39 58 24
39 60 73
39 65 52
39 69 73
39 73 71
39 78 93
39 82 102
39 85 14
39 86 17
39 87 12
39 88 37
39 90 100
39 93 74
39 94 56
39 98 51
40 42 40
40 45 77
40 46 58
40 48 38
40 50 54
40 52 57
40 56 50
40 61 68
40 64 23
40 68 97
40 72 33
40 73 75
40 75 12
40 76 63
40 85 21
40 89 82
40 99 88
41 47 52
41 51 65
41 53 39
41 65 31
41 66 50
41 67 11
41 74 37
41 77 45
41 78 56
41 79 79
41 82 65
41 86 40
41 92 36
41 97 55
41 98 57
42 48 34
42 49 100
42 51 70
42 54 20
42 59 13
42 61 43
42 62 38
42 64 17
42 66 105
42 82 89
42 83 46
42 88 72
42 92 74
42 96 8
42 97 24
43 46 29
43 48 17
43 56 39
43 57 50
43 59 38
43 64 44
43 67 22
43 68 56
43 71 22
43 78 52
43 80 11
43 86 41
43 87 37
43 88 41
43 95 36
44 45 33
44 48 57
44 49 33
44 54 94
44 58 53
44 59 79
44 62 56
44 65 36
44 67 19
44 72 57
44 74 15
44 78 58
44 79 100
44 82 65
44 83 73
44 88 49
44 89 22
44 90 40
44 98 84
44 99 76
45 46 27
45 48 68
45 51 104
45 54 96
45 55 110
45 67 38
45 74 19
45 75 88
45 77 5
45 82 97
45 88 34
45 89 54
45 90 73
46 52 75
46 53 54
46 57 62
46 62 44
46 70 73
46 71 14
46 72 38
46 75 67
46 76 21
46 77 29
46 81 68
46 83 70
46 85 37
46 87 52
46 88 23
46 90 61
46 93 44
46 95 47
46 97 70
47 53 13
47 54 77
47 59 54
47 67 53
47 79 42
47 81 39
47 83 18
47 86 82
47 87 69
47 92 27
47 93 29
48 50 52
48 51 59
48 53 36
48 57 63
48 62 11
48 65 51
48 71 38
48 72 6
48 73 45
48 85 25
48 87 23
48 98 31
49 53 47
49 59 88
49 61 63
49 62 63
49 70 110
49 75 108
49 78 36
49 85 83
49 86 89
49 93 27
49 95 90
49 98 87
49 99 63
50 53 73
50 54 75
50 64 67
50 69 87
50 72 48
50 74 35
50 75 66
50 82 98
50 92 69
50 96 79
50 98 83
50 99 96
51 54 86
51 58 72
51 59 63
51 68 3
51 69 18
51 73 31
51 79 38
51 81 43
51 84 68
51 86 95
51 89 54
51 91 67
51 94 38
51 96 77
52 55 8
52 56 81
52 58 49
52 62 32
52 67 69
52 76 63
52 77 103
52 79 29
52 83 27
52 94 16
52 95 48
52 97 7
53 55 49
53 61 17
53 64 59
53 67 41
53 68 26
53 73 33
53 74 67
53 77 82
53 79 48
53 81 40
53 86 69
53 87 59
53 88 70
54 61 58
54 62 46
54 63 78
54 65 77
54 70 3
54 73 60
54 75 13
54 78 95
54 80 45
54 81 108
54 82 103
54 90 110
54 92 85
54 95 26
54 96 12
55 57 80
55 60 111
55 61 33
55 71 77
55 74 104
55 77 111
55 78 71
55 80 52
55 82 77
55 84 20
55 88 86
55 94 23
55 96 29
55 97 14
56 58 33
56 64 62
56 69 81
56 72 42
56 73 89
56 79 104
56 84 76
56 91 42
56 94 73
56 96 74
56 97 77
57 68 34
57 69 42
57 71 48
57 76 43
57 77 84
57 78 14
57 82 18
57 83 48
57 86 90
57 87 86
57 88 84
57 99 42
58 61 47
58 63 53
58 65 39
58 66 61
58 69 56
58 70 42
58 72 10
58 75 38
58 78 70
58 84 44
58 86 23
58 87 21
58 92 53
58 96 43
59 60 90
59 64 15
59 70 26
59 73 38
59 79 49
59 83 39
59 90 89
59 96 17
59 98 16
60 62 73
60 64 89
60 65 21
60 67 39
60 69 96
60 70 98
60 74 18
60 75 90
60 76 46
60 78 90
60 81 83
60 83 97
60 84 102
60 85 60
60 90 73
60 91 39
60 92 69
60 94 93
60 96 101
60 98 100
61 66 97
61 67 52
61 69 11
61 70 61
61 73 18
61 74 80
61 75 66
61 84 42
61 87 52
61 92 37
61 93 37
61 94 11
61 95 55
62 63 33
62 65 57
62 70 49
62 71 38
62 79 52
62 86 47
62 90 64
62 93 36
62 94 20
63 64 68
63 71 44
63 74 66
63 77 83
63 81 32
63 91 43
63 92 15
63 94 34
63 99 25
64 66 91
64 67 64
64 68 79
64 69 60
64 75 17
64 76 60
64 79 63
64 81 98
64 82 94
64 85 30
64 90 100
64 91 77
64 97 35
64 99 69
65 72 47
65 73 93
65 77 18
65 78 85
65 83 84
65 85 40
65 86 36
65 87 56
65 89 51
65 92 64
65 93 60
65 95 51
65 97 82
66 70 100
66 75 91
66 78 98
66 79 129
66 80 64
66 86 57
66 87 79
66 90 81
66 92 77
66 95 74
66 97 103
66 98 105
67 68 65
67 73 70
67 75 72
67 76 7
67 85 44
67 87 56
67 88 38
67 91 13
67 92 33
67 94 56
67 98 66
67 99 65
68 69 20
68 71 67
68 75 96
68 76 59
68 77 106
68 81 40
68 84 71
68 86 95
68 88 97
68 95 84
68 99 12
69 70 71
69 71 58
69 76 50
69 78 31
69 80 47
69 82 38
69 85 67
69 88 83
69 93 37
69 94 20
69 97 29
69 99 10
70 75 11
70 78 98
70 79 71
70 81 110
70 90 112
70 99 80
71 75 71
71 76 8
71 77 40
71 81 54
71 91 14
71 99 66
72 77 65
72 80 8
72 90 75
72 96 37
72 99 58
73 81 69
73 83 13
73 88 89
73 92 53
73 93 54
73 95 64
73 96 49
74 76 35
74 78 74
74 81 65
74 82 80
74 84 98
74 86 62
74 88 44
74 89 38
74 91 24
74 94 84
74 96 99
74 97 91
75 77 87
75 80 44
75 81 111
75 82 109
75 83 71
75 90 112
75 94 57
75 96 24
76 78 49
76 81 49
76 89 20
76 95 50
76 97 56
77 78 93
77 83 98
77 84 100
77 86 53
77 88 32
77 90 78
77 91 43
78 79 60
78 81 20
78 83 38
78 90 31
78 95 85
79 81 80
79 82 64
79 84 47
79 86 94
79 91 91
79 92 67
79 97 30
79 98 33
80 82 70
80 88 36
80 89 44
80 91 42
80 95 25
80 96 44
80 98 41
81 98 81
82 83 45
82 87 93
82 88 98
82 89 43
82 93 33
82 98 72
83 87 58
83 90 64
83 92 40
83 93 41
83 99 14
84 87 30
84 89 80
84 96 9
84 97 23
84 99 59
85 87 17
85 92 66
85 93 62
85 94 52
85 96 42
85 97 52
86 87 26
86 91 61
86 93 70
86 95 20
87 92 70
87 97 42
87 98 39
88 92 69
88 93 65
88 97 75
88 98 75
89 95 69
89 96 85
89 97 66
91 93 27
91 96 86
92 94 46
92 97 55
93 95 67
94 96 40
94 99 29
95 99 75
96 99 68
97 99 36
