20 0.5 5 0 1 190 95 8
0.846825 0.80738 51
0.0950325 0.404425 35
0.349866 0.197846 33
0.429544 0.987389 47
0.102778 0.269811 40
0.298907 0.99273 49
0.30485 0.333353 22
0.93889 0.913251 65
0.319854 0.775575 28
0.512997 0.83567 33
0.0775018 0.157997 50
0.975 0.784242 61
0.424427 0.514707 0
0.497615 0.0977637 42
0.742095 0.421895 33
0.50031 0.641484 15
0.478637 0.619817 12
0.319422 0.0261406 50
0.403715 0.69866 19
0.738345 0.281381 39
0 1 85
0 2 79
0 3 45
0 4 92
0 5 58
0 6 72
0 7 14
0 8 53
0 9 34
0 10 101
0 11 13
0 12 51
0 13 79
0 14 40
0 15 38
0 16 41
0 17 94
0 18 46
0 19 54
1 2 33
1 3 67
1 4 13
1 5 62
1 6 22
1 7 99
1 8 43
1 9 60
1 10 25
1 11 96
1 12 35
1 13 51
1 14 65
1 15 47
1 16 44
1 17 44
1 18 43
1 19 65
2 3 79
2 4 26
2 5 80
2 6 14
2 7 93
2 8 58
2 9 66
2 10 28
2 11 86
2 12 33
2 13 18
2 14 45
2 15 47
2 16 44
2 17 17
2 18 50
2 19 40
3 4 79
3 5 13
3 6 67
3 7 51
3 8 24
3 9 17
3 10 90
3 11 58
3 12 47
3 13 89
3 14 65
3 15 35
3 16 37
3 17 97
3 18 29
3 19 77
4 5 75
4 6 21
4 7 106
4 8 55
4 9 70
4 10 11
4 11 101
4 12 40
4 13 43
4 14 66
4 15 54
4 16 51
4 17 33
4 18 52
4 19 64
5 6 66
5 7 64
5 8 22
5 9 27
5 10 86
5 11 71
5 12 49
5 13 92
5 14 72
5 15 40
5 16 41
5 17 97
5 18 31
5 19 84
6 7 86
6 8 44
6 9 54
6 10 29
6 11 81
6 12 22
6 13 30
6 14 45
6 15 36
6 16 34
6 17 31
6 18 38
6 19 44
7 8 63
7 9 43
7 10 115
7 11 13
7 12 65
7 13 93
7 14 53
7 15 52
7 16 55
7 17 108
7 18 58
7 19 66
8 9 20
8 10 66
8 11 66
8 12 28
8 13 70
8 14 55
8 15 22
8 16 22
8 17 75
8 18 11
8 19 65
9 10 81
9 11 46
9 12 33
9 13 74
9 14 47
9 15 19
9 16 22
9 17 83
9 18 18
9 19 60
10 11 109
10 12 50
10 13 42
10 14 72
10 15 64
10 16 61
10 17 28
10 18 63
10 19 67
11 12 61
11 13 84
11 14 43
11 15 50
11 16 52
11 17 100
11 18 58
11 19 56
12 13 42
12 14 33
12 15 15
12 16 12
12 17 50
12 18 19
12 19 39
13 14 41
13 15 54
13 16 52
13 17 19
13 18 61
13 19 30
14 15 33
14 16 33
14 17 58
14 18 44
14 19 14
15 16 3
15 17 64
15 18 11
15 19 43
16 17 61
16 18 11
16 19 43
17 18 68
17 19 49
18 19 53
0 2 79
0 5 58
0 6 72
0 9 34
0 10 101
0 12 51
0 14 40
0 15 38
1 3 67
1 5 62
1 7 99
1 9 60
1 11 96
1 12 35
1 14 65
1 15 47
1 17 44
1 19 65
2 5 80
2 6 14
2 7 93
2 11 86
2 12 33
2 13 18
2 14 45
2 16 44
2 17 17
2 18 50
3 4 79
3 6 67
3 7 51
3 9 17
3 10 90
3 12 47
3 14 65
3 17 97
3 18 29
3 19 77
4 5 75
4 6 21
4 9 70
4 11 101
4 12 40
4 15 54
4 16 51
4 17 33
4 18 52
4 19 64
5 11 71
5 12 49
5 13 92
5 14 72
5 15 40
5 17 97
6 7 86
6 9 54
6 10 29
6 13 30
6 14 45
6 15 36
6 16 34
6 19 44
7 13 93
7 14 53
7 15 52
7 18 58
8 9 20
8 15 22
8 17 75
8 19 65
9 17 83
9 18 18
10 11 109
10 13 42
10 14 72
11 12 61
11 17 100
12 13 42
12 14 33
12 15 15
12 16 12
12 18 19
12 19 39
13 15 54
13 16 52
13 17 19
14 15 33
14 16 33
14 17 58
15 16 3
15 17 64
16 17 61
16 19 43
17 18 68
17 19 49
