20 190 57 4 11
0.752366 0.472086 50
0.45203 0.250484 55
0.768336 0.855358 86
0.0974441 0.505166 99
0.454747 0.286991 57
0.838259 0.91547 91
0.264077 0.646075 93
0.415155 0.770435 93
0.302851 0.505296 81
0.805701 0.612072 62
0.785901 0.48335 50
0.953254 0.0148361 0
0.983125 0.185497 17
0.233618 0.263906 76
0.0212894 0.716577 117
0.147066 0.22145 83
0.380473 0.125711 58
0.79659 0.342028 36
0.412488 0.0792501 54
0.881208 0.862095 85
0 1 37
0 2 38
0 3 66
0 4 35
0 5 45
0 6 52
0 7 45
0 8 45
0 9 15
0 10 4
0 11 50
0 12 37
0 13 56
0 14 77
0 15 66
0 16 51
0 17 14
0 18 52
0 19 41
1 2 68
1 3 44
1 4 4
1 5 77
1 6 44
1 7 52
1 8 30
1 9 51
1 10 41
1 11 55
1 12 54
1 13 22
1 14 63
1 15 31
1 16 14
1 17 36
1 18 18
1 19 75
2 3 76
2 4 65
2 5 9
2 6 55
2 7 36
2 8 58
2 9 25
2 10 37
2 11 86
2 12 70
2 13 80
2 14 76
2 15 89
2 16 83
2 17 51
2 18 85
2 19 11
3 4 42
3 5 85
3 6 22
3 7 41
3 8 21
3 9 72
3 10 69
3 11 99
3 12 94
3 13 28
3 14 22
3 15 29
3 16 47
3 17 72
3 18 53
3 19 86
4 5 74
4 6 41
4 7 49
4 8 27
4 9 48
4 10 38
4 11 57
4 12 54
4 13 22
4 14 61
4 15 31
4 16 18
4 17 35
4 18 21
4 19 72
5 6 63
5 7 45
5 8 67
5 9 31
5 10 44
5 11 91
5 12 74
5 13 89
5 14 84
5 15 98
5 16 91
5 17 57
5 18 94
5 19 7
6 7 20
6 8 15
6 9 54
6 10 55
6 11 93
6 12 85
6 13 38
6 14 25
6 15 44
6 16 53
6 17 61
6 18 59
6 19 65
7 8 29
7 9 42
7 10 47
7 11 93
7 12 82
7 13 54
7 14 40
7 15 61
7 16 65
7 17 57
7 18 69
7 19 47
8 9 51
8 10 48
8 11 81
8 12 75
8 13 25
8 14 35
8 15 32
8 16 39
8 17 52
8 18 44
8 19 68
9 10 13
9 11 62
9 12 46
9 13 67
9 14 79
9 15 77
9 16 65
9 17 27
9 18 66
9 19 26
10 11 50
10 12 36
10 13 59
10 14 80
10 15 69
10 16 54
10 17 14
10 18 55
10 19 39
11 12 17
11 13 76
11 14 117
11 15 83
11 16 58
11 17 36
11 18 54
11 19 85
12 13 75
12 14 110
12 15 84
12 16 61
12 17 24
12 18 58
12 19 68
13 14 50
13 15 10
13 16 20
13 17 57
13 18 26
13 19 88
14 15 51
14 16 69
14 17 86
14 18 75
14 19 87
15 16 25
15 17 66
15 18 30
15 19 97
16 17 47
16 18 6
16 19 89
17 18 47
17 19 53
18 19 91
0 2 38
0 3 66
0 4 35
0 5 45
0 7 45
0 16 51
1 2 68
1 5 77
1 8 30
1 10 41
2 7 36
2 9 25
2 11 86
3 6 22
3 8 21
3 12 94
3 17 72
4 8 27
4 10 38
4 15 31
4 17 35
5 12 74
5 15 98
5 16 91
6 7 20
6 18 59
7 11 93
7 15 61
7 17 57
7 18 69
7 19 47
8 9 51
8 13 25
8 18 44
8 19 68
9 10 13
9 14 79
9 16 65
9 18 66
10 11 50
10 13 59
11 13 76
11 14 117
11 16 58
11 17 36
11 19 85
12 14 110
12 19 68
13 15 10
14 17 86
15 16 25
15 17 66
15 18 30
16 17 47
16 18 6
16 19 89
17 18 47
