100 0.7 0 0 1 0.25 4950 3465 70
0.77047 0.43476 7
0.81213 0.798793 10
0.843485 0.819731 11
0.543465 0.113988 10
0.687936 0.0792972 12
0.381868 0.779392 7
0.531326 0.264228 6
0.328446 0.70334 7
0.440631 0.166553 9
0.747594 0.0992369 12
0.335024 0.733017 7
0.980686 0.31195 13
0.450319 0.483848 2
0.760931 0.257709 9
0.629143 0.00539031 13
0.837343 0.741195 10
0.704819 0.677644 6
0.624608 0.489974 3
0.0659587 0.168634 14
0.805186 0.629103 8
0.238086 0.792424 10
0.540402 0.164626 9
0.0859045 0.265872 12
0.979943 0.178193 14
0.249395 0.472516 7
0.794435 0.0166091 14
0.146516 0.201427 12
0.856843 0.446328 9
0.451777 0.917419 10
0.440253 0.753387 6
0.774488 0.963569 13
0.145182 0.557126 9
0.320915 0.405631 6
0.601332 0.516053 2
0.17967 0.874222 12
0.0461526 0.970952 16
0.789289 0.0769307 13
0.423682 0.215462 8
0.789839 0.0304873 14
0.143134 0.922135 14
0.486269 0.163111 9
0.332598 0.544964 5
0.215666 0.91468 13
0.294813 0.394221 6
0.784959 0.85391 11
0.492294 0.75206 6
0.522475 0.946947 11
0.517449 0.972525 12
0.0419549 0.333104 13
0.260278 0.311272 8
0.0656284 0.537635 11
0.267522 0.57813 6
0.661497 0.342425 6
0.514437 0.512455 0
0.878464 0.142841 13
0.145704 0.319348 10
0.886723 0.00366372 16
0.647784 0.194957 9
0.23536 0.207093 10
0.609581 0.736376 6
0.231636 0.1323 12
0.14265 0.660589 10
0.516399 0.0690815 11
0.331787 0.448617 5
0.130681 0.819817 12
0.969821 0.566225 11
0.646356 0.417924 4
0.770838 0.429901 7
0.864588 0.270561 11
0.696739 0.955358 12
0.230053 0.647925 8
0.319088 0.024444 13
0.789814 0.632894 8
0.513517 0.924478 10
0.284512 0.725554 8
0.315416 0.485464 5
0.316229 0.998714 13
0.0816455 0.647917 11
0.984356 0.191167 14
0.194643 0.881973 12
0.496706 0.0896988 11
0.628289 0.00145088 13
0.716509 0.126483 11
0.327661 0.0658408 12
0.931211 0.52272 10
0.4455 0.0993119 10
0.755814 0.259913 9
0.776014 0.600103 7
0.729586 0.12252 11
0.0680589 0.436784 11
0.725802 0.639084 6
0.904823 0.835233 13
0.271865 0.452083 6
0.451129 0.369321 4
0.736461 0.392622 6
0.431977 0.314621 5
0.297264 0.997022 13
0.339976 0.0665461 12
0.407983 0.653514 4
0.292998 0.446533 6
0 1 37
0 2 39
0 3 39
0 4 36
0 5 52
0 6 29
0 7 52
0 8 43
0 9 34
0 10 53
0 11 24
0 12 32
0 13 18
0 14 45
0 15 31
0 16 25
0 17 16
0 18 75
0 19 20
0 20 64
0 21 35
0 22 71
0 23 33
0 24 52
0 25 42
0 26 67
0 27 9
0 28 58
0 29 46
0 30 53
0 31 64
0 32 45
0 33 19
0 34 74
0 35 90
0 36 36
0 37 41
0 38 40
0 39 79
0 40 39
0 41 45
0 42 73
0 43 48
0 44 42
0 45 42
0 46 57
0 47 59
0 48 74
0 49 52
0 50 71
0 51 52
0 52 14
0 53 27
0 54 31
0 55 64
0 56 45
0 57 27
0 58 58
0 59 34
0 60 62
0 61 67
0 62 45
0 63 44
0 64 75
0 65 24
0 66 13
0 67 0
0 68 19
0 69 53
0 70 58
0 71 61
0 72 20
0 73 55
0 74 57
0 75 46
0 76 72
0 77 72
0 78 32
0 79 73
0 80 44
0 81 46
0 82 31
0 83 58
0 84 18
0 85 47
0 86 18
0 87 17
0 88 31
0 89 70
0 90 21
0 91 42
0 92 50
0 93 33
0 94 5
0 95 36
0 96 73
0 97 57
0 98 42
0 99 48
1 2 4
1 3 74
1 4 73
1 5 43
1 6 60
1 7 49
1 8 73
1 9 70
1 10 48
1 11 52
1 12 48
1 13 54
1 14 81
1 15 6
1 16 16
1 17 36
1 18 98
1 19 17
1 20 57
1 21 69
1 22 90
1 23 64
1 24 65
1 25 78
1 26 89
1 27 36
1 28 38
1 29 37
1 30 17
1 31 71
1 32 63
1 33 35
1 34 64
1 35 79
1 36 72
1 37 70
1 38 77
1 39 68
1 40 71
1 41 54
1 42 61
1 43 66
1 44 6
1 45 32
1 46 33
1 47 34
1 48 90
1 49 74
1 50 79
1 51 59
1 52 48
1 53 41
1 54 66
1 55 82
1 56 80
1 57 63
1 58 83
1 59 21
1 60 88
1 61 68
1 62 79
1 63 59
1 64 68
1 65 28
1 66 42
1 67 37
1 68 53
1 69 19
1 70 60
1 71 92
1 72 17
1 73 32
1 74 53
1 75 59
1 76 53
1 77 75
1 78 63
1 79 62
1 80 78
1 81 82
1 82 68
1 83 88
1 84 30
1 85 79
1 86 54
1 87 20
1 88 68
1 89 83
1 90 18
1 91 10
1 92 64
1 93 56
1 94 41
1 95 62
1 96 55
1 97 87
1 98 43
1 99 63
2 3 77
2 4 76
2 5 46
2 6 64
2 7 53
2 8 77
2 9 73
2 10 52
2 11 53
2 12 52
2 13 57
2 14 84
2 15 8
2 16 20
2 17 40
2 18 101
2 19 19
2 20 61
2 21 72
2 22 94
2 23 66
2 24 69
2 25 80
2 26 93
2 27 37
2 28 40
2 29 41
2 30 16
2 31 75
2 32 67
2 33 39
2 34 67
2 35 81
2 36 74
2 37 74
2 38 79
2 39 71
2 40 75
2 41 58
2 42 63
2 43 69
2 44 7
2 45 36
2 46 35
2 47 36
2 48 94
2 49 77
2 50 83
2 51 62
2 52 51
2 53 45
2 54 68
2 55 86
2 56 82
2 57 65
2 58 86
2 59 25
2 60 92
2 61 72
2 62 82
2 63 63
2 64 71
2 65 28
2 66 45
2 67 40
2 68 55
2 69 20
2 70 64
2 71 95
2 72 19
2 73 35
2 74 57
2 75 62
2 76 56
2 77 78
2 78 64
2 79 65
2 80 81
2 81 85
2 82 70
2 83 91
2 84 31
2 85 82
2 86 57
2 87 23
2 88 71
2 89 86
2 90 22
2 91 6
2 92 68
2 93 60
2 94 44
2 95 65
2 96 57
2 97 91
2 98 47
2 99 67
3 4 15
3 5 68
3 6 15
3 7 63
3 8 12
3 9 20
3 10 65
3 11 48
3 12 38
3 13 26
3 14 14
3 15 69
3 16 59
3 17 38
3 18 48
3 19 58
3 20 74
3 21 5
3 22 48
3 23 44
3 24 46
3 25 27
3 26 41
3 27 46
3 28 81
3 29 65
3 30 88
3 31 60
3 32 37
3 33 41
3 34 84
3 35 99
3 36 25
3 37 16
3 38 26
3 39 90
3 40 8
3 41 48
3 42 87
3 43 37
3 44 78
3 45 64
3 46 83
3 47 86
3 48 55
3 49 35
3 50 64
3 51 54
3 52 26
3 53 40
3 54 34
3 55 45
3 56 36
3 57 13
3 58 32
3 59 63
3 60 31
3 61 68
3 62 5
3 63 40
3 64 82
3 65 62
3 66 32
3 67 39
3 68 36
3 69 86
3 70 62
3 71 24
3 72 57
3 73 81
3 74 66
3 75 44
3 76 91
3 77 71
3 78 45
3 79 84
3 80 5
3 81 14
3 82 17
3 83 22
3 84 56
3 85 10
3 86 26
3 87 54
3 88 19
3 89 57
3 90 56
3 91 81
3 92 43
3 93 27
3 94 34
3 95 23
3 96 92
3 97 21
3 98 56
3 99 42
4 5 76
4 6 24
4 7 72
4 8 26
4 9 6
4 10 74
4 11 37
4 12 47
4 13 19
4 14 9
4 15 68
4 16 60
4 17 42
4 18 63
4 19 56
4 20 84
4 21 17
4 22 63
4 23 31
4 24 59
4 25 12
4 26 56
4 27 40
4 28 87
4 29 72
4 30 89
4 31 72
4 32 49
4 33 45
4 34 94
4 35 110
4 36 10
4 37 30
4 38 11
4 39 100
4 40 22
4 41 59
4 42 96
4 43 50
4 44 78
4 45 70
4 46 88
4 47 91
4 48 69
4 49 49
4 50 77
4 51 65
4 52 26
4 53 47
4 54 20
4 55 59
4 56 21
4 57 12
4 58 47
4 59 66
4 60 46
4 61 80
4 62 17
4 63 51
4 64 93
4 65 56
4 66 34
4 67 36
4 68 26
4 69 88
4 70 73
4 71 37
4 72 56
4 73 86
4 74 76
4 75 55
4 76 99
4 77 83
4 78 32
4 79 94
4 80 19
4 81 10
4 82 6
4 83 36
4 84 51
4 85 24
4 86 19
4 87 53
4 88 6
4 89 72
4 90 56
4 91 79
4 92 56
4 93 37
4 94 32
4 95 35
4 96 100
4 97 35
4 98 64
4 99 54
5 6 54
5 7 9
5 8 62
5 9 77
5 10 7
5 11 76
5 12 30
5 13 64
5 14 81
5 15 46
5 16 34
5 17 38
5 18 69
5 19 45
5 20 14
5 21 63
5 22 59
5 23 85
5 24 33
5 25 87
5 26 62
5 27 58
5 28 15
5 29 6
5 30 43
5 31 32
5 32 38
5 33 34
5 34 22
5 35 39
5 36 81
5 37 57
5 38 85
5 39 28
5 40 63
5 41 24
5 42 21
5 43 39
5 44 41
5 45 11
5 46 22
5 47 24
5 48 56
5 49 48
5 50 40
5 51 23
5 52 52
5 53 30
5 54 81
5 55 52
5 56 93
5 57 64
5 58 59
5 59 23
5 60 66
5 61 27
5 62 72
5 63 33
5 64 25
5 65 63
5 66 45
5 67 52
5 68 70
5 69 36
5 70 20
5 71 76
5 72 43
5 73 20
5 74 11
5 75 30
5 76 23
5 77 33
5 78 84
5 79 21
5 80 70
5 81 82
5 82 73
5 83 72
5 84 61
5 85 68
5 86 64
5 87 43
5 88 74
5 89 46
5 90 37
5 91 53
5 92 35
5 93 42
5 94 52
5 95 47
5 96 23
5 97 71
5 98 13
5 99 34
6 7 48
6 8 13
6 9 27
6 10 51
6 11 45
6 12 23
6 13 23
6 14 28
6 15 57
6 16 45
6 17 24
6 18 48
6 19 46
6 20 60
6 21 10
6 22 45
6 23 46
6 24 35
6 25 36
6 26 39
6 27 37
6 28 66
6 29 50
6 30 74
6 31 48
6 32 25
6 33 26
6 34 70
6 35 86
6 36 32
6 37 12
6 38 35
6 39 76
6 40 11
6 41 34
6 42 72
6 43 27
6 44 64
6 45 49
6 46 68
6 47 71
6 48 49
6 49 28
6 50 54
6 51 41
6 52 15
6 53 25
6 54 37
6 55 39
6 56 44
6 57 14
6 58 30
6 59 48
6 60 33
6 61 56
6 62 20
6 63 27
6 64 68
6 65 53
6 66 19
6 67 29
6 68 33
6 69 71
6 70 49
6 71 32
6 72 45
6 73 66
6 74 52
6 75 31
6 76 77
6 77 59
6 78 46
6 79 70
6 80 18
6 81 28
6 82 23
6 83 28
6 84 48
6 85 19
6 86 22
6 87 42
6 88 24
6 89 49
6 90 42
6 91 68
6 92 32
6 93 13
6 94 24
6 95 11
6 96 77
6 97 28
6 98 41
6 99 30
7 8 55
7 9 74
7 10 3
7 11 76
7 12 25
7 13 62
7 14 76
7 15 51
7 16 38
7 17 37
7 18 60
7 19 48
7 20 13
7 21 58
7 22 50
7 23 84
7 24 24
7 25 83
7 26 53
7 27 59
7 28 25
7 29 12
7 30 52
7 31 23
7 32 30
7 33 33
7 34 23
7 35 39
7 36 78
7 37 50
7 38 82
7 39 29
7 40 56
7 41 16
7 42 24
7 43 31
7 44 48
7 45 17
7 46 31
7 47 33
7 48 47
7 49 40
7 50 31
7 51 14
7 52 49
7 53 27
7 54 79
7 55 43
7 56 90
7 57 60
7 58 50
7 59 28
7 60 58
7 61 19
7 62 66
7 63 25
7 64 23
7 65 66
7 66 43
7 67 52
7 68 69
7 69 45
7 70 11
7 71 68
7 72 47
7 73 29
7 74 5
7 75 22
7 76 30
7 77 25
7 78 83
7 79 22
7 80 64
7 81 76
7 82 70
7 83 64
7 84 63
7 85 62
7 86 62
7 87 46
7 88 71
7 89 37
7 90 40
7 91 59
7 92 26
7 93 36
7 94 51
7 95 40
7 96 30
7 97 64
7 98 9
7 99 26
8 9 31
8 10 58
8 11 56
8 12 32
8 13 33
8 14 25
8 15 70
8 16 58
8 17 37
8 18 37
8 19 59
8 20 66
8 21 10
8 22 37
8 23 54
8 24 36
8 25 38
8 26 30
8 27 50
8 28 75
8 29 59
8 30 86
8 31 49
8 32 27
8 33 38
8 34 75
8 35 90
8 36 36
8 37 5
8 38 37
8 39 81
8 40 5
8 41 39
8 42 78
8 43 27
8 44 77
8 45 59
8 46 78
8 47 81
8 48 43
8 49 23
8 50 53
8 51 45
8 52 28
8 53 35
8 54 44
8 55 33
8 56 47
8 57 21
8 58 21
8 59 59
8 60 21
8 61 58
8 62 12
8 63 30
8 64 72
8 65 66
8 66 32
8 67 42
8 68 44
8 69 83
8 70 53
8 71 19
8 72 58
8 73 76
8 74 58
8 75 34
8 76 84
8 77 60
8 78 54
8 79 76
8 80 10
8 81 25
8 82 28
8 83 15
8 84 61
8 85 7
8 86 33
8 87 55
8 88 29
8 89 46
8 90 55
8 91 81
8 92 33
8 93 20
8 94 37
8 95 15
8 96 84
8 97 14
8 98 49
8 99 32
9 10 76
9 11 32
9 12 49
9 13 16
9 14 15
9 15 65
9 16 58
9 17 41
9 18 69
9 19 53
9 20 86
9 21 22
9 22 68
9 23 25
9 24 62
9 25 9
9 26 61
9 27 36
9 28 87
9 29 72
9 30 86
9 31 76
9 32 53
9 33 44
9 34 96
9 35 112
9 36 5
9 37 34
9 38 8
9 39 102
9 40 27
9 41 61
9 42 97
9 43 54
9 44 76
9 45 70
9 46 88
9 47 90
9 48 74
9 49 53
9 50 81
9 51 68
9 52 26
9 53 47
9 54 14
9 55 64
9 56 17
9 57 14
9 58 52
9 59 65
9 60 52
9 61 83
9 62 23
9 63 54
9 64 95
9 65 52
9 66 33
9 67 33
9 68 21
9 69 86
9 70 75
9 71 43
9 72 54
9 73 86
9 74 78
9 75 58
9 76 100
9 77 86
9 78 25
9 79 96
9 80 25
9 81 15
9 82 4
9 83 42
9 84 46
9 85 30
9 86 16
9 87 50
9 88 3
9 89 76
9 90 54
9 91 75
9 92 59
9 93 40
9 94 29
9 95 38
9 96 100
9 97 41
9 98 65
9 99 57
10 11 77
10 12 27
10 13 64
10 14 78
10 15 50
10 16 37
10 17 38
10 18 63
10 19 48
10 20 11
10 21 60
10 22 53
10 23 85
10 24 27
10 25 85
10 26 56
10 27 60
10 28 22
10 29 11
10 30 50
10 31 26
10 32 33
10 33 34
10 34 21
10 35 37
10 36 80
10 37 53
10 38 84
10 39 27
10 40 59
10 41 19
10 42 22
10 43 34
10 44 47
10 45 16
10 46 28
10 47 30
10 48 50
10 49 43
10 50 33
10 51 17
10 52 51
10 53 28
10 54 80
10 55 45
10 56 91
10 57 62
10 58 54
10 59 27
10 60 61
10 61 21
10 62 69
10 63 28
10 64 22
10 65 66
10 66 44
10 67 53
10 68 70
10 69 42
10 70 14
10 71 71
10 72 47
10 73 26
10 74 5
10 75 25
10 76 27
10 77 27
10 78 85
10 79 20
10 80 66
10 81 79
10 82 72
10 83 67
10 84 63
10 85 64
10 86 63
10 87 46
10 88 73
10 89 40
10 90 40
10 91 58
10 92 29
10 93 38
10 94 53
10 95 43
10 96 27
10 97 67
10 98 11
10 99 29
11 12 56
11 13 23
11 14 47
11 15 45
11 16 46
11 17 40
11 18 93
11 19 36
11 20 88
11 21 46
11 22 90
11 23 13
11 24 75
11 25 35
11 26 84
11 27 18
11 28 80
11 29 70
11 30 68
11 31 87
11 32 67
11 33 43
11 34 98
11 35 114
11 36 30
11 37 57
11 38 34
11 39 104
11 40 52
11 41 69
11 42 97
11 43 69
11 44 58
11 45 66
11 46 78
11 47 81
11 48 94
11 49 72
11 50 94
11 51 76
11 52 32
11 53 51
11 54 20
11 55 84
11 56 32
11 57 35
11 58 75
11 59 56
11 60 77
11 61 91
11 62 52
11 63 66
11 64 99
11 65 25
11 66 35
11 67 24
11 68 12
11 69 70
11 70 82
11 71 72
11 72 37
11 73 77
11 74 81
11 75 69
11 76 96
11 77 96
11 78 12
11 79 97
11 80 53
11 81 47
11 82 32
11 83 70
11 84 22
11 85 58
11 86 23
11 87 35
11 88 31
11 89 92
11 90 41
11 91 53
11 92 72
11 93 53
11 94 26
11 95 55
11 96 97
11 97 69
11 98 67
11 99 70
12 13 38
12 14 51
12 15 46
12 16 32
12 17 17
12 18 50
12 19 38
12 20 37
12 21 33
12 22 42
12 23 61
12 24 20
12 25 58
12 26 41
12 27 41
12 28 43
12 29 27
12 30 58
12 31 31
12 32 15
12 33 15
12 34 48
12 35 63
12 36 53
12 37 27
12 38 57
12 39 54
12 40 32
12 41 13
12 42 49
12 43 18
12 44 50
12 45 27
12 46 47
12 47 49
12 48 44
12 49 26
12 50 39
12 51 21
12 52 25
12 53 7
12 54 55
12 55 35
12 56 65
12 57 35
12 58 35
12 59 30
12 60 41
12 61 35
12 62 42
12 63 12
12 64 46
12 65 53
12 66 21
12 67 33
12 68 47
12 69 53
12 70 27
12 71 48
12 72 37
12 73 45
12 74 29
12 75 13
12 76 53
12 77 40
12 78 61
12 79 47
12 80 40
12 81 51
12 82 45
12 83 44
12 84 48
12 85 38
12 86 38
12 87 35
12 88 46
12 89 39
12 90 32
12 91 57
12 92 18
12 93 11
12 94 30
12 95 17
12 96 54
12 97 43
12 98 17
12 99 16
13 14 28
13 15 49
13 16 42
13 17 27
13 18 70
13 19 37
13 20 75
13 21 24
13 22 68
13 23 23
13 24 55
13 25 24
13 26 62
13 27 21
13 28 73
13 29 59
13 30 71
13 31 68
13 32 46
13 33 30
13 34 85
13 35 101
13 36 18
13 37 34
13 38 23
13 39 91
13 40 29
13 41 52
13 42 85
13 43 49
13 44 60
13 45 56
13 46 73
13 47 76
13 48 72
13 49 50
13 50 75
13 51 59
13 52 13
13 53 35
13 54 16
13 55 62
13 56 28
13 57 13
13 58 53
13 59 50
13 60 54
13 61 74
13 62 31
13 63 47
13 64 84
13 65 37
13 66 20
13 67 17
13 68 10
13 69 70
13 70 66
13 71 50
13 72 38
13 73 71
13 74 67
13 75 50
13 76 86
13 77 78
13 78 23
13 79 84
13 80 31
13 81 29
13 82 14
13 83 47
13 84 32
13 85 35
13 86 1
13 87 34
13 88 14
13 89 72
13 90 38
13 91 60
13 92 53
13 93 33
13 94 14
13 95 33
13 96 87
13 97 46
13 98 53
13 99 50
14 15 76
14 16 68
14 17 48
14 18 59
14 19 65
14 20 88
14 21 18
14 22 60
14 23 39
14 24 60
14 25 17
14 26 52
14 27 50
14 28 93
14 29 77
14 30 97
14 31 73
14 32 51
14 33 51
14 34 98
14 35 113
14 36 18
14 37 29
14 38 16
14 39 104
14 40 21
14 41 62
14 42 100
14 43 51
14 44 86
14 45 76
14 46 95
14 47 97
14 48 67
14 49 48
14 50 78
14 51 68
14 52 34
14 53 52
14 54 28
14 55 58
14 56 26
14 57 19
14 58 44
14 59 73
14 60 42
14 61 82
14 62 13
14 63 53
14 64 95
14 65 66
14 66 41
14 67 45
14 68 35
14 69 95
14 70 76
14 71 31
14 72 65
14 73 93
14 74 80
14 75 57
14 76 104
14 77 84
14 78 40
14 79 98
14 80 16
14 81 0
14 82 15
14 83 31
14 84 60
14 85 21
14 86 28
14 87 61
14 88 15
14 89 71
14 90 64
14 91 87
14 92 57
14 93 41
14 94 40
14 95 37
14 96 105
14 97 30
14 98 68
14 99 55
15 16 15
15 17 33
15 18 96
15 19 12
15 20 60
15 21 65
15 22 89
15 23 58
15 24 65
15 25 73
15 26 88
15 27 30
15 28 42
15 29 40
15 30 23
15 31 72
15 32 62
15 33 33
15 34 67
15 35 82
15 36 67
15 37 67
15 38 71
15 39 72
15 40 68
15 41 54
15 42 65
15 43 64
15 44 12
15 45 35
15 46 38
15 47 39
15 48 89
15 49 72
15 50 80
15 51 59
15 52 44
15 53 40
15 54 60
15 55 81
15 56 74
15 57 58
15 58 80
15 59 23
15 60 86
15 61 70
15 62 74
15 63 58
15 64 71
15 65 22
15 66 38
15 67 32
15 68 47
15 69 26
15 70 61
15 71 88
15 72 12
15 73 37
15 74 55
15 75 58
15 76 58
15 77 76
15 78 57
15 79 66
15 80 74
15 81 77
15 82 63
15 83 85
15 84 24
15 85 75
15 86 49
15 87 15
15 88 63
15 89 83
15 90 15
15 91 12
15 92 64
15 93 54
15 94 36
15 95 59
15 96 60
15 97 84
15 98 44
15 99 62
16 17 20
16 18 82
16 19 11
16 20 48
16 21 54
16 22 74
16 23 57
16 24 50
16 25 67
16 26 73
16 27 28
16 28 35
16 29 28
16 30 29
16 31 57
16 32 47
16 33 19
16 34 56
16 35 72
16 36 61
16 37 54
16 38 65
16 39 61
16 40 56
16 41 40
16 42 54
16 43 50
16 44 19
16 45 23
16 46 33
16 47 35
16 48 75
16 49 58
16 50 65
16 51 45
16 52 34
16 53 25
16 54 56
16 55 66
16 56 70
16 57 49
16 58 66
16 59 11
16 60 72
16 61 56
16 62 64
16 63 44
16 64 59
16 65 29
16 66 27
16 67 26
16 68 44
16 69 28
16 70 48
16 71 76
16 72 10
16 73 31
16 74 42
16 75 43
16 76 50
16 77 62
16 78 56
16 79 55
16 80 62
16 81 68
16 82 55
16 83 72
16 84 27
16 85 63
16 86 42
16 87 11
16 88 56
16 89 68
16 90 4
16 91 25
16 92 49
16 93 40
16 94 29
16 95 45
16 96 52
16 97 71
16 98 30
16 99 47
17 18 64
17 19 23
17 20 49
17 21 34
17 22 58
17 23 47
17 24 38
17 25 50
17 26 56
17 27 24
17 28 46
17 29 32
17 30 50
17 31 48
17 32 32
17 33 3
17 34 59
17 35 75
17 36 44
17 37 34
17 38 49
17 39 65
17 40 35
17 41 30
17 42 59
17 43 34
17 44 40
17 45 29
17 46 47
17 47 49
17 48 60
17 49 41
17 50 56
17 51 37
17 52 15
17 53 11
17 54 43
17 55 51
17 56 55
17 57 30
17 58 48
17 59 25
17 60 53
17 61 51
17 62 43
17 63 30
17 64 59
17 65 35
17 66 8
17 67 16
17 68 33
17 69 47
17 70 42
17 71 56
17 72 22
17 73 45
17 74 41
17 75 31
17 76 59
17 77 57
17 78 47
17 79 58
17 80 42
17 81 49
17 82 37
17 83 52
17 84 31
17 85 43
17 86 26
17 87 19
17 88 38
17 89 56
17 90 18
17 91 44
17 92 35
17 93 21
17 94 15
17 95 26
17 96 60
17 97 51
17 98 27
17 99 33
18 19 87
18 20 65
18 21 47
18 22 10
18 23 91
18 24 35
18 25 74
18 26 9
18 27 84
18 28 84
18 29 69
18 30 106
18 31 40
18 32 35
18 33 64
18 34 71
18 35 80
18 36 73
18 37 36
18 38 74
18 39 76
18 40 42
18 41 46
18 42 76
18 43 32
18 44 99
18 45 72
18 46 90
18 47 92
18 48 17
18 49 24
18 50 37
18 51 46
18 52 62
18 53 57
18 54 81
18 55 17
18 56 84
18 57 58
18 58 17
18 59 79
18 60 17
18 61 50
18 62 46
18 63 39
18 64 65
18 65 99
18 66 63
18 67 75
18 68 81
18 69 101
18 70 51
18 71 29
18 72 86
18 73 88
18 74 60
18 75 40
18 76 87
18 77 48
18 78 92
18 79 72
18 80 44
18 81 59
18 82 65
18 83 28
18 84 93
18 85 39
18 86 70
18 87 83
18 88 67
18 89 27
18 90 81
18 91 107
18 92 35
18 93 43
18 94 71
18 95 39
18 96 86
18 97 29
18 98 59
18 99 36
19 20 59
19 21 53
19 22 81
19 23 48
19 24 58
19 25 61
19 26 79
19 27 19
19 28 46
19 29 39
19 30 34
19 31 66
19 32 53
19 33 23
19 34 67
19 35 83
19 36 55
19 37 56
19 38 60
19 39 72
19 40 56
19 41 48
19 42 66
19 43 56
19 44 23
19 45 34
19 46 43
19 47 45
19 48 82
19 49 63
19 50 75
19 51 54
19 52 32
19 53 31
19 54 49
19 55 73
19 56 63
19 57 46
19 58 71
19 59 22
19 60 76
19 61 66
19 62 63
19 63 51
19 64 70
19 65 18
19 66 26
19 67 20
19 68 36
19 69 34
19 70 58
19 71 78
19 72 2
19 73 42
19 74 53
19 75 51
19 76 61
19 77 72
19 78 47
19 79 66
19 80 62
19 81 65
19 82 51
19 83 74
19 84 16
19 85 64
19 86 37
19 87 4
19 88 51
19 89 76
19 90 8
19 91 23
19 92 56
19 93 44
19 94 25
19 95 49
19 96 63
19 97 73
19 98 40
19 99 54
20 21 70
20 22 55
20 23 96
20 24 32
20 25 95
20 26 60
20 27 71
20 28 25
20 29 21
20 30 56
20 31 25
20 32 40
20 33 46
20 34 10
20 35 26
20 36 90
20 37 61
20 38 94
20 39 16
20 40 68
20 41 26
20 42 12
20 43 40
20 44 55
20 45 26
20 46 32
20 47 33
20 48 50
20 49 48
20 50 31
20 51 22
20 52 62
20 53 39
20 54 91
20 55 48
20 56 102
20 57 72
20 58 59
20 59 38
20 60 66
20 61 16
20 62 78
20 63 36
20 64 11
20 65 77
20 66 55
20 67 64
20 68 82
20 69 49
20 70 14
20 71 77
20 72 57
20 73 31
20 74 8
20 75 32
20 76 22
20 77 21
20 78 96
20 79 10
20 80 75
20 81 88
20 82 82
20 83 73
20 84 74
20 85 72
20 86 74
20 87 57
20 88 83
20 89 39
20 90 51
20 91 67
20 92 34
20 93 47
20 94 64
20 95 52
20 96 21
20 97 73
20 98 22
20 99 35
21 22 47
21 23 44
21 24 42
21 25 29
21 26 40
21 27 42
21 28 76
21 29 60
21 30 83
21 31 56
21 32 33
21 33 36
21 34 80
21 35 95
21 36 26
21 37 13
21 38 28
21 39 86
21 40 5
21 41 43
21 42 82
21 43 34
21 44 73
21 45 59
21 46 78
21 47 81
21 48 53
21 49 32
21 50 60
21 51 50
21 52 22
21 53 35
21 54 34
21 55 42
21 56 38
21 57 11
21 58 31
21 59 58
21 60 31
21 61 64
21 62 10
21 63 35
21 64 77
21 65 59
21 66 27
21 67 35
21 68 34
21 69 81
21 70 57
21 71 26
21 72 53
21 73 76
21 74 62
21 75 39
21 76 86
21 77 67
21 78 44
21 79 80
21 80 9
21 81 19
21 82 18
21 83 23
21 84 53
21 85 12
21 86 24
21 87 50
21 88 19
21 89 55
21 90 51
21 91 76
21 92 39
21 93 22
21 94 30
21 95 19
21 96 87
21 97 22
21 98 51
21 99 38
22 23 90
22 24 26
22 25 75
22 26 9
22 27 79
22 28 75
22 29 60
22 30 98
22 31 30
22 32 27
22 33 57
22 34 62
22 35 71
22 36 73
22 37 34
22 38 74
22 39 66
22 40 41
22 41 37
22 42 66
22 43 25
22 44 91
22 45 63
22 46 81
22 47 83
22 48 8
22 49 18
22 50 27
22 51 36
22 52 58
22 53 49
22 54 80
22 55 8
22 56 84
22 57 57
22 58 16
22 59 70
22 60 20
22 61 40
22 62 47
22 63 31
22 64 56
22 65 93
22 66 58
22 67 70
22 68 78
22 69 92
22 70 41
22 71 34
22 72 79
22 73 79
22 74 50
22 75 32
22 76 77
22 77 38
22 78 90
22 79 63
22 80 45
22 81 60
22 82 65
22 83 31
22 84 88
22 85 40
22 86 67
22 87 77
22 88 66
22 89 17
22 90 74
22 91 100
22 92 26
22 93 38
22 94 66
22 95 35
22 96 76
22 97 32
22 98 50
22 99 27
23 24 79
23 25 25
23 26 83
23 27 30
23 28 91
23 29 79
23 30 81
23 31 92
23 32 70
23 33 51
23 34 106
23 35 122
23 36 22
23 37 56
23 38 24
23 39 112
23 40 49
23 41 74
23 42 106
23 43 72
23 44 70
23 45 75
23 46 89
23 47 92
23 48 95
23 49 73
23 50 98
23 51 82
23 52 36
23 53 57
23 54 11
23 55 85
23 56 20
23 57 33
23 58 75
23 59 67
23 60 75
23 61 97
23 62 48
23 63 70
23 64 106
23 65 39
23 66 41
23 67 33
23 68 15
23 69 83
23 70 88
23 71 68
23 72 49
23 73 88
23 74 89
23 75 73
23 76 106
23 77 101
23 78 1
23 79 105
23 80 49
23 81 39
23 82 27
23 83 66
23 84 35
23 85 54
23 86 24
23 87 47
23 88 26
23 89 95
23 90 53
23 91 66
23 92 76
23 93 56
23 94 32
23 95 56
23 96 107
23 97 65
23 98 74
23 99 74
24 25 71
24 26 29
24 27 61
24 28 49
24 29 34
24 30 72
24 31 13
24 32 10
24 33 35
24 34 41
24 35 54
24 36 67
24 37 31
24 38 70
24 39 46
24 40 39
24 41 11
24 42 44
24 43 9
24 44 66
24 45 37
24 46 55
24 47 57
24 48 25
24 49 16
24 50 19
24 51 11
24 52 43
24 53 27
24 54 71
24 55 18
24 56 79
24 57 49
24 58 27
24 59 45
24 60 34
24 61 22
24 62 48
24 63 9
24 64 37
24 65 73
24 66 40
24 67 52
24 68 65
24 69 66
24 70 18
24 71 45
24 72 56
24 73 52
24 74 26
24 75 7
24 76 53
24 77 24
24 78 79
24 79 41
24 80 46
24 81 60
24 82 58
24 83 41
24 84 68
24 85 42
24 86 55
24 87 54
24 88 59
24 89 18
24 90 50
24 91 75
24 92 3
24 93 23
24 94 49
24 95 24
24 96 53
24 97 42
24 98 24
24 99 5
25 26 67
25 27 43
25 28 96
25 29 82
25 30 95
25 31 84
25 32 61
25 33 54
25 34 106
25 35 121
25 36 6
25 37 42
25 38 1
25 39 112
25 40 34
25 41 70
25 42 107
25 43 63
25 44 84
25 45 80
25 46 97
25 47 100
25 48 82
25 49 61
25 50 90
25 51 77
25 52 35
25 53 57
25 54 15
25 55 72
25 56 9
25 57 23
25 58 59
25 59 74
25 60 57
25 61 92
25 62 28
25 63 63
25 64 104
25 65 58
25 66 43
25 67 41
25 68 26
25 69 94
25 70 85
25 71 48
25 72 62
25 73 95
25 74 87
25 75 67
25 76 109
25 77 95
25 78 26
25 79 105
25 80 31
25 81 17
25 82 13
25 83 47
25 84 52
25 85 36
25 86 25
25 87 58
25 88 12
25 89 84
25 90 63
25 91 83
25 92 68
25 93 49
25 94 38
25 95 47
25 96 110
25 97 46
25 98 74
25 99 66
26 27 75
26 28 78
26 29 63
26 30 99
26 31 36
26 32 27
26 33 55
26 34 67
26 35 78
26 36 65
26 37 28
26 38 67
26 39 72
26 40 34
26 41 39
26 42 72
26 43 24
26 44 91
26 45 65
26 46 83
26 47 86
26 48 17
26 49 16
26 50 35
26 51 40
26 52 53
26 53 48
26 54 73
26 55 12
26 56 77
26 57 50
26 58 9
26 59 71
26 60 11
26 61 46
26 62 39
26 63 31
26 64 62
26 65 90
26 66 54
26 67 66
26 68 72
26 69 93
26 70 45
26 71 25
26 72 77
26 73 81
26 74 54
26 75 33
26 76 82
26 77 45
26 78 84
26 79 68
26 80 37
26 81 52
26 82 57
26 83 23
26 84 85
26 85 32
26 86 61
26 87 75
26 88 59
26 89 25
26 90 73
26 91 99
26 92 28
26 93 35
26 94 62
26 95 31
26 96 81
26 97 24
26 98 52
26 99 29
27 28 62
27 29 52
27 30 52
27 31 72
27 32 54
27 33 26
27 34 80
27 35 97
27 36 38
27 37 49
27 38 42
27 39 86
27 40 47
27 41 53
27 42 79
27 43 56
27 44 41
27 45 48
27 46 60
27 47 63
27 48 82
27 49 61
27 50 80
27 51 60
27 52 22
27 53 35
27 54 30
27 55 72
27 56 44
27 57 33
27 58 67
27 59 38
27 60 70
27 61 75
27 62 51
27 63 53
27 64 82
27 65 16
27 66 21
27 67 9
27 68 18
27 69 53
27 70 66
27 71 68
27 72 20
27 73 59
27 74 64
27 75 54
27 76 77
27 77 80
27 78 29
27 79 79
27 80 51
27 81 50
27 82 35
27 83 65
27 84 11
27 85 54
27 86 21
27 87 17
27 88 35
27 89 79
27 90 23
27 91 39
27 92 59
27 93 41
27 94 13
27 95 44
27 96 79
27 97 64
27 98 49
27 99 56
28 29 16
28 30 33
28 31 47
28 32 53
28 33 43
28 34 28
28 35 41
28 36 91
28 37 70
28 38 95
28 39 31
28 40 76
28 41 39
28 42 24
28 43 55
28 44 34
28 45 17
28 46 8
28 47 9
28 48 71
28 49 64
28 50 54
28 51 39
28 52 61
28 53 41
28 54 88
28 55 67
28 56 101
28 57 75
28 58 74
28 59 24
28 60 82
28 61 40
28 62 85
28 63 48
28 64 34
28 65 63
28 66 54
28 67 58
28 68 77
28 69 25
28 70 35
28 71 90
28 72 44
28 73 6
28 74 25
28 75 45
28 76 16
28 77 46
28 78 90
28 79 26
28 80 83
28 81 93
28 82 83
28 83 86
28 84 62
28 85 82
28 86 72
28 87 45
28 88 84
28 89 62
28 90 39
28 91 46
28 92 50
28 93 55
28 94 60
28 95 60
28 96 17
28 97 86
28 98 27
28 99 50
29 30 39
29 31 35
29 32 37
29 33 29
29 34 29
29 35 45
29 36 76
29 37 54
29 38 80
29 39 34
29 40 59
29 41 23
29 42 28
29 43 39
29 44 36
29 45 5
29 46 21
29 47 23
29 48 58
29 49 48
29 50 43
29 51 25
29 52 47
29 53 25
29 54 75
29 55 52
29 56 87
29 57 60
29 58 58
29 59 17
29 60 66
29 61 31
29 62 69
29 63 32
29 64 32
29 65 56
29 66 39
29 67 46
29 68 64
29 69 33
29 70 24
29 71 74
29 72 37
29 73 19
29 74 16
29 75 30
29 76 27
29 77 37
29 78 78
29 79 28
29 80 67
29 81 78
29 82 69
29 83 70
29 84 54
29 85 65
29 86 59
29 87 37
29 88 69
29 89 49
29 90 31
29 91 47
29 92 35
29 93 38
29 94 47
29 95 44
29 96 28
29 97 69
29 98 10
29 99 34
30 31 75
30 32 72
30 33 48
30 34 60
30 35 73
30 36 89
30 37 83
30 38 93
30 39 63
30 40 85
30 41 61
30 42 56
30 43 74
30 44 11
30 45 35
30 46 25
30 47 26
30 48 97
30 49 83
30 50 83
30 51 64
30 52 63
30 53 52
30 54 83
30 55 90
30 56 97
30 57 78
30 58 93
30 59 28
30 60 99
30 61 70
30 62 93
30 63 68
30 64 66
30 65 44
30 66 56
30 67 53
30 68 70
30 69 8
30 70 63
30 71 104
30 72 33
30 73 26
30 74 54
30 75 66
30 76 46
30 77 76
30 78 80
30 79 59
30 80 92
30 81 97
30 82 84
30 83 100
30 84 47
30 85 92
30 86 70
30 87 36
30 88 84
30 89 88
30 90 33
30 91 18
30 92 72
30 93 68
30 94 57
30 95 73
30 96 48
30 97 100
30 98 48
30 99 71
31 32 23
31 33 46
31 34 32
31 35 43
31 36 80
31 37 44
31 38 83
31 39 37
31 40 52
31 41 19
31 42 36
31 43 22
31 44 71
31 45 40
31 46 54
31 47 56
31 48 25
31 49 27
31 50 8
31 51 12
31 52 56
31 53 37
31 54 84
31 55 24
31 56 93
31 57 62
31 58 36
31 59 50
31 60 43
31 61 10
31 62 61
31 63 22
31 64 26
31 65 82
31 66 52
31 67 64
31 68 77
31 69 68
31 70 12
31 71 56
31 72 65
31 73 52
31 74 22
31 75 18
31 76 47
31 77 11
31 78 92
31 79 33
31 80 58
31 81 74
31 82 72
31 83 52
31 84 79
31 85 55
31 86 68
31 87 63
31 88 73
31 89 14
31 90 59
31 91 81
31 92 16
31 93 36
31 94 61
31 95 38
31 96 47
31 97 53
31 98 28
31 99 18
32 33 30
32 34 49
32 35 63
32 36 57
32 37 22
32 38 60
32 39 55
32 40 29
32 41 14
32 42 52
32 43 3
32 44 65
32 45 39
32 46 58
32 47 60
32 48 29
32 49 11
32 50 29
32 51 18
32 52 35
32 53 22
32 54 62
32 55 20
32 56 69
32 57 39
32 58 22
32 59 44
32 60 29
32 61 31
32 62 39
32 63 4
32 64 46
32 65 67
32 66 33
32 67 45
32 68 56
32 69 67
32 70 26
32 71 38
32 72 52
32 73 55
32 74 32
32 75 8
32 76 59
32 77 34
32 78 70
32 79 49
32 80 36
32 81 51
32 82 48
32 83 34
32 84 62
32 85 33
32 86 46
32 87 49
32 88 50
32 89 25
32 90 47
32 91 72
32 92 7
32 93 14
32 94 42
32 95 14
32 96 59
32 97 34
32 98 26
32 99 5
33 34 55
33 35 72
33 36 48
33 37 35
33 38 52
33 39 61
33 40 37
33 41 27
33 42 55
33 43 33
33 44 38
33 45 26
33 46 44
33 47 46
33 48 59
33 49 40
33 50 54
33 51 34
33 52 18
33 53 9
33 54 46
33 55 50
33 56 59
33 57 32
33 58 48
33 59 22
33 60 53
33 61 48
33 62 45
33 63 28
33 64 56
33 65 37
33 66 11
33 67 19
33 68 36
33 69 45
33 70 39
33 71 57
33 72 22
33 73 42
33 74 38
33 75 29
33 76 56
33 77 54
33 78 50
33 79 55
33 80 44
33 81 52
33 82 41
33 83 53
33 84 33
33 85 44
33 86 30
33 87 19
33 88 41
33 89 54
33 90 18
33 91 44
33 92 34
33 93 21
33 94 18
33 95 26
33 96 57
33 97 52
33 98 24
33 99 32
34 35 16
34 36 100
34 37 70
34 38 104
34 39 6
34 40 77
34 41 36
34 42 5
34 43 49
34 44 61
34 45 34
34 46 35
34 47 35
34 48 56
34 49 57
34 50 36
34 51 31
34 52 72
34 53 49
34 54 101
34 55 56
34 56 112
34 57 82
34 58 67
34 59 45
34 60 74
34 61 22
34 62 87
34 63 45
34 64 7
34 65 85
34 66 65
34 67 74
34 68 91
34 69 52
34 70 23
34 71 86
34 72 66
34 73 34
34 74 18
34 75 41
34 76 18
34 77 25
34 78 106
34 79 2
34 80 85
34 81 98
34 82 92
34 83 82
34 84 83
34 85 82
34 86 84
34 87 66
34 88 93
34 89 45
34 90 59
34 91 73
34 92 43
34 93 57
34 94 74
34 95 61
34 96 17
34 97 82
34 98 32
34 99 44
35 36 116
35 37 84
35 38 120
35 39 11
35 40 92
35 41 51
35 42 18
35 43 63
35 44 75
35 45 50
35 46 48
35 47 47
35 48 64
35 49 69
35 50 43
35 51 45
35 52 88
35 53 66
35 54 117
35 55 66
35 56 128
35 57 98
35 58 79
35 59 61
35 60 86
35 61 33
35 62 102
35 63 60
35 64 17
35 65 101
35 66 82
35 67 90
35 68 108
35 69 65
35 70 37
35 71 99
35 72 82
35 73 47
35 74 34
35 75 56
35 76 27
35 77 32
35 78 122
35 79 17
35 80 99
35 81 113
35 82 108
35 83 95
35 84 99
35 85 96
35 86 100
35 87 82
35 88 109
35 89 53
35 90 76
35 91 87
35 92 57
35 93 73
35 94 90
35 95 76
35 96 25
35 97 95
35 98 48
35 99 58
36 37 39
36 38 5
36 39 106
36 40 32
36 41 65
36 42 102
36 43 59
36 44 78
36 45 74
36 46 91
36 47 94
36 48 79
36 49 58
36 50 86
36 51 72
36 52 29
36 53 51
36 54 11
36 55 69
36 56 12
36 57 18
36 58 57
36 59 68
36 60 56
36 61 87
36 62 27
36 63 59
36 64 99
36 65 52
36 66 37
36 67 35
36 68 21
36 69 88
36 70 80
36 71 47
36 72 56
36 73 89
36 74 82
36 75 63
36 76 104
36 77 91
36 78 23
36 79 100
36 80 29
36 81 18
36 82 9
36 83 46
36 84 47
36 85 34
36 86 19
36 87 52
36 88 8
36 89 81
36 90 57
36 91 77
36 92 64
36 93 45
36 94 32
36 95 43
36 96 104
36 97 45
36 98 69
36 99 62
37 38 41
37 39 76
37 40 8
37 41 34
37 42 73
37 43 22
37 44 73
37 45 54
37 46 74
37 47 76
37 48 40
37 49 19
37 50 48
37 51 39
37 52 27
37 53 31
37 54 46
37 55 30
37 56 51
37 57 23
37 58 19
37 59 55
37 60 21
37 61 53
37 62 17
37 63 25
37 64 67
37 65 65
37 66 30
37 67 41
37 68 44
37 69 79
37 70 47
37 71 22
37 72 56
37 73 71
37 74 53
37 75 29
37 76 79
37 77 55
37 78 56
37 79 70
37 80 15
37 81 30
37 82 31
37 83 18
37 84 59
37 85 12
37 86 34
37 87 52
37 88 32
37 89 42
37 90 52
37 91 78
37 92 28
37 93 16
37 94 36
37 95 10
37 96 79
37 97 17
37 98 44
37 99 27
38 39 110
38 40 33
38 41 69
38 42 105
38 43 61
38 44 82
38 45 78
38 46 95
38 47 98
38 48 81
38 49 60
38 50 88
38 51 76
38 52 34
38 53 56
38 54 14
38 55 71
38 56 10
38 57 22
38 58 58
38 59 73
38 60 57
38 61 90
38 62 28
38 63 62
38 64 103
38 65 57
38 66 41
38 67 40
38 68 25
38 69 93
38 70 83
38 71 47
38 72 60
38 73 94
38 74 86
38 75 66
38 76 108
38 77 94
38 78 25
38 79 104
38 80 30
38 81 16
38 82 12
38 83 46
38 84 51
38 85 35
38 86 23
38 87 57
38 88 11
38 89 83
38 90 61
38 91 81
38 92 67
38 93 48
38 94 37
38 95 46
38 96 108
38 97 45
38 98 73
38 99 65
39 40 83
39 41 42
39 42 7
39 43 55
39 44 65
39 45 39
39 46 38
39 47 38
39 48 60
39 49 62
39 50 39
39 51 37
39 52 78
39 53 55
39 54 107
39 55 60
39 56 118
39 57 89
39 58 72
39 59 50
39 60 79
39 61 26
39 62 93
39 63 51
39 64 10
39 65 90
39 66 71
39 67 80
39 68 97
39 69 55
39 70 29
39 71 91
39 72 71
39 73 37
39 74 24
39 75 47
39 76 19
39 77 28
39 78 111
39 79 7
39 80 90
39 81 104
39 82 98
39 83 88
39 84 88
39 85 88
39 86 90
39 87 71
39 88 99
39 89 49
39 90 65
39 91 77
39 92 49
39 93 63
39 94 80
39 95 67
39 96 17
39 97 88
39 98 38
39 99 50
40 41 41
40 42 80
40 43 30
40 44 75
40 45 59
40 46 78
40 47 81
40 48 48
40 49 27
40 50 56
40 51 47
40 52 25
40 53 35
40 54 39
40 55 37
40 56 43
40 57 16
40 58 25
40 59 59
40 60 26
40 61 60
40 62 10
40 63 32
40 64 75
40 65 63
40 66 30
40 67 39
40 68 39
40 69 82
40 70 55
40 71 22
40 72 56
40 73 76
40 74 60
40 75 36
40 76 85
40 77 63
40 78 50
40 79 78
40 80 7
40 81 22
40 82 23
40 83 19
40 84 57
40 85 8
40 86 29
40 87 52
40 88 25
40 89 50
40 90 53
40 91 79
40 92 36
40 93 21
40 94 34
40 95 16
40 96 86
40 97 18
40 98 50
40 99 34
41 42 39
41 43 16
41 44 55
41 45 26
41 46 44
41 47 47
41 48 36
41 49 24
41 50 27
41 51 7
41 52 39
41 53 18
41 54 68
41 55 29
41 56 77
41 57 47
41 58 35
41 59 34
41 60 42
41 61 22
41 62 51
41 63 10
41 64 34
41 65 64
41 66 34
41 67 45
41 68 60
41 69 55
41 70 15
41 71 52
41 72 47
41 73 42
41 74 19
41 75 6
41 76 45
41 77 27
41 78 74
41 79 36
41 80 48
41 81 62
41 82 57
41 83 48
41 84 60
41 85 46
41 86 51
41 87 45
41 88 58
41 89 29
41 90 40
41 91 64
41 92 11
41 93 21
41 94 43
41 95 25
41 96 45
41 97 48
41 98 13
41 99 11
42 43 53
42 44 57
42 45 32
42 46 31
42 47 31
42 48 61
42 49 61
42 50 41
42 51 34
42 52 73
42 53 50
42 54 102
42 55 60
42 56 113
42 57 84
42 58 71
42 59 43
42 60 78
42 61 26
42 62 90
42 63 48
42 64 13
42 65 83
42 66 66
42 67 74
42 68 91
42 69 48
42 70 27
42 71 90
42 72 64
42 73 30
42 74 20
42 75 44
42 76 13
42 77 30
42 78 106
42 79 4
42 80 87
42 81 100
42 82 93
42 83 86
42 84 82
42 85 85
42 86 85
42 87 64
42 88 94
42 89 50
42 90 58
42 91 69
42 92 47
42 93 59
42 94 74
42 95 64
42 96 12
42 97 86
42 98 32
42 99 47
43 44 67
43 45 41
43 46 60
43 47 62
43 48 26
43 49 9
43 50 27
43 51 19
43 52 37
43 53 25
43 54 64
43 55 17
43 56 71
43 57 41
43 58 20
43 59 46
43 60 27
43 61 31
43 62 39
43 63 7
43 64 46
43 65 70
43 66 35
43 67 48
43 68 58
43 69 69
43 70 26
43 71 37
43 72 55
43 73 57
43 74 33
43 75 9
43 76 60
43 77 33
43 78 72
43 79 50
43 80 37
43 81 52
43 82 50
43 83 33
43 84 65
43 85 33
43 86 48
43 87 52
43 88 51
43 89 23
43 90 50
43 91 75
43 92 6
43 93 16
43 94 44
43 95 16
43 96 60
43 97 33
43 98 28
43 99 5
44 45 31
44 46 28
44 47 29
44 48 91
44 49 75
44 50 79
44 51 59
44 52 53
44 53 44
44 54 72
44 55 83
44 56 86
44 57 67
44 58 85
44 59 21
44 60 91
44 61 67
44 62 83
44 63 61
44 64 66
44 65 34
44 66 46
44 67 42
44 68 59
44 69 13
44 70 59
44 71 95
44 72 22
44 73 28
44 74 52
44 75 60
44 76 49
44 77 73
44 78 69
44 79 59
44 80 82
44 81 87
44 82 73
44 83 91
44 84 36
44 85 83
44 86 59
44 87 25
44 88 73
44 89 83
44 90 22
44 91 12
44 92 65
44 93 59
44 94 46
44 95 64
44 96 51
44 97 90
44 98 43
44 99 64
45 46 20
45 47 22
45 48 62
45 49 50
45 50 48
45 51 28
45 52 44
45 53 24
45 54 72
45 55 55
45 56 85
45 57 58
45 58 60
45 59 12
45 60 67
45 61 36
45 62 68
45 63 34
45 64 37
45 65 51
45 66 37
45 67 43
45 68 61
45 69 29
45 70 28
45 71 75
45 72 32
45 73 17
45 74 21
45 75 32
45 76 30
45 77 42
45 78 75
45 79 32
45 80 66
45 81 76
45 82 66
45 83 71
45 84 50
45 85 65
45 86 56
45 87 32
45 88 67
45 89 53
45 90 26
45 91 42
45 92 37
45 93 38
45 94 43
45 95 44
45 96 31
45 97 70
45 98 13
45 99 36
46 47 3
46 48 78
46 49 69
46 50 61
46 51 45
46 52 62
46 53 43
46 54 88
46 55 73
46 56 101
46 57 76
46 58 79
46 59 23
46 60 87
46 61 48
46 62 88
46 63 53
46 64 41
46 65 59
46 66 54
46 67 57
46 68 76
46 69 17
46 70 42
46 71 94
46 72 41
46 73 2
46 74 33
46 75 51
46 76 21
46 77 53
46 78 89
46 79 33
46 80 86
46 81 95
46 82 84
46 83 90
46 84 59
46 85 85
46 86 73
46 87 43
46 88 85
46 89 68
46 90 37
46 91 40
46 92 55
46 93 58
46 94 59
46 95 64
46 96 23
46 97 90
46 98 31
46 99 55
47 48 80
47 49 71
47 50 63
47 51 47
47 52 65
47 53 46
47 54 90
47 55 75
47 56 104
47 57 79
47 58 82
47 59 25
47 60 89
47 61 49
47 62 90
47 63 56
47 64 42
47 65 61
47 66 57
47 67 60
47 68 78
47 69 18
47 70 43
47 71 97
47 72 44
47 73 5
47 74 34
47 75 53
47 76 20
47 77 54
47 78 91
47 79 34
47 80 88
47 81 98
47 82 87
47 83 93
47 84 61
47 85 88
47 86 75
47 87 45
47 88 88
47 89 70
47 90 39
47 91 41
47 92 58
47 93 61
47 94 62
47 95 66
47 96 22
47 97 92
47 98 34
47 99 57
48 49 22
48 50 21
48 51 33
48 52 62
48 53 51
48 54 86
48 55 10
48 56 91
48 57 62
48 58 23
48 59 70
48 60 28
48 61 34
48 62 54
48 63 31
48 64 49
48 65 96
48 66 61
48 67 74
48 68 83
48 69 90
48 70 37
48 71 41
48 72 81
48 73 76
48 74 46
48 75 31
48 76 72
48 77 32
48 78 95
48 79 57
48 80 52
48 81 67
48 82 71
48 83 39
48 84 91
48 85 47
48 86 72
48 87 78
48 88 72
48 89 11
48 90 75
48 91 100
48 92 26
48 93 41
48 94 70
48 95 39
48 96 71
48 97 40
48 98 49
48 99 28
49 50 30
49 51 27
49 52 40
49 53 32
49 54 64
49 55 11
49 56 70
49 57 40
49 58 11
49 59 55
49 60 18
49 61 37
49 62 35
49 63 15
49 64 52
49 65 75
49 66 40
49 67 52
49 68 61
49 69 78
49 70 34
49 71 29
49 72 62
49 73 66
49 74 41
49 75 18
49 76 69
49 77 38
49 78 73
49 79 57
49 80 32
49 81 48
49 82 49
49 83 25
49 84 70
49 85 28
49 86 50
49 87 59
49 88 51
49 89 23
49 90 57
49 91 83
49 92 14
49 93 20
49 94 48
49 95 17
49 96 69
49 97 26
49 98 37
49 99 14
50 51 21
50 52 63
50 53 45
50 54 90
50 55 23
50 56 98
50 57 68
50 58 37
50 59 58
50 60 44
50 61 15
50 62 65
50 63 28
50 64 29
50 65 90
50 66 59
50 67 71
50 68 84
50 69 76
50 70 20
50 71 57
50 72 73
50 73 59
50 74 29
50 75 26
50 76 52
50 77 11
50 78 98
50 79 37
50 80 62
50 81 78
50 82 77
50 83 54
50 84 87
50 85 58
50 86 74
50 87 71
50 88 78
50 89 10
50 90 67
50 91 89
50 92 22
50 93 42
50 94 69
50 95 43
50 96 51
50 97 55
50 98 36
50 99 24
51 52 46
51 53 26
51 54 75
51 55 29
51 56 84
51 57 54
51 58 37
51 59 38
51 60 45
51 61 15
51 62 57
51 63 14
51 64 28
51 65 70
51 66 41
51 67 52
51 68 67
51 69 57
51 70 8
51 71 56
51 72 53
51 73 42
51 74 15
51 75 10
51 76 42
51 77 20
51 78 81
51 79 31
51 80 54
51 81 68
51 82 64
51 83 52
51 84 67
51 85 51
51 86 58
51 87 51
51 88 65
51 89 24
51 90 46
51 91 69
51 92 13
51 93 28
51 94 50
51 95 31
51 96 42
51 97 52
51 98 16
51 99 13
52 53 22
52 54 29
52 55 52
52 56 41
52 57 15
52 58 45
52 59 40
52 60 48
52 61 61
52 62 31
52 63 35
52 64 71
52 65 38
52 66 8
52 67 14
52 68 22
52 69 61
52 70 53
52 71 47
52 72 32
52 73 60
52 74 54
52 75 37
52 76 74
52 77 66
52 78 36
52 79 71
52 80 30
52 81 34
52 82 22
52 83 43
52 84 32
52 85 33
52 86 13
52 87 28
52 88 23
52 89 60
52 90 30
52 91 55
52 92 40
52 93 21
52 94 9
52 95 23
52 96 75
52 97 42
52 98 40
52 99 38
53 54 52
53 55 42
53 56 63
53 57 34
53 58 41
53 59 24
53 60 47
53 61 40
53 62 44
53 63 19
53 64 49
53 65 46
53 66 16
53 67 27
53 68 43
53 69 48
53 70 32
53 71 53
53 72 30
53 73 41
53 74 31
53 75 20
53 76 53
53 77 45
53 78 57
53 79 49
53 80 42
53 81 52
53 82 44
53 83 48
53 84 42
53 85 42
53 86 35
53 87 28
53 88 45
53 89 45
53 90 25
53 91 51
53 92 25
53 93 16
53 94 25
53 95 21
53 96 53
53 97 48
53 98 18
53 99 23
54 55 75
54 56 14
54 57 24
54 58 65
54 59 65
54 60 65
54 61 90
54 62 37
54 63 63
54 64 101
54 65 43
54 66 36
54 67 31
54 68 13
54 69 83
54 70 82
54 71 57
54 72 50
54 73 86
54 74 83
54 75 66
54 76 102
54 77 94
54 78 12
54 79 101
54 80 39
54 81 29
54 82 16
54 83 56
54 84 38
54 85 44
54 86 17
54 87 47
54 88 15
54 89 86
54 90 52
54 91 69
54 92 68
54 93 48
54 94 29
54 95 48
54 96 103
54 97 54
54 98 69
54 99 66
55 56 81
55 57 52
55 58 14
55 59 62
55 60 21
55 61 34
55 62 45
55 63 23
55 64 50
55 65 86
55 66 51
55 67 63
55 68 72
55 69 84
55 70 34
55 71 34
55 72 72
55 73 71
55 74 43
55 75 24
55 76 70
55 77 33
55 78 85
55 79 56
55 80 42
55 81 58
55 82 60
55 83 31
55 84 81
55 85 37
55 86 61
55 87 69
55 88 62
55 89 14
55 90 66
55 91 92
55 92 18
55 93 31
55 94 60
55 95 29
55 96 69
55 97 32
55 98 42
55 99 19
56 57 31
56 58 68
56 59 78
56 60 67
56 61 99
56 62 38
56 63 71
56 64 111
56 65 57
56 66 48
56 67 44
56 68 27
56 69 97
56 70 92
56 71 57
56 72 64
56 73 99
56 74 94
56 75 75
56 76 115
56 77 103
56 78 21
56 79 112
56 80 40
56 81 26
56 82 21
56 83 56
56 84 52
56 85 45
56 86 29
56 87 61
56 88 20
56 89 93
56 90 66
56 91 83
56 92 76
56 93 57
56 94 42
56 95 55
56 96 116
56 97 55
56 98 81
56 99 74
57 58 41
57 59 54
57 60 42
57 61 69
57 62 18
57 63 41
57 64 81
57 65 49
57 66 22
57 67 27
57 68 23
57 69 76
57 70 62
57 71 37
57 72 46
57 73 74
57 74 64
57 75 44
57 76 87
57 77 73
57 78 34
57 79 82
57 80 18
57 81 19
57 82 10
57 83 35
57 84 43
57 85 22
57 86 13
57 87 42
57 88 11
57 89 63
57 90 45
57 91 69
57 92 46
57 93 26
57 94 22
57 95 25
57 96 88
57 97 33
57 98 52
57 99 43
58 59 65
58 60 7
58 61 46
58 62 31
58 63 26
58 64 62
58 65 82
58 66 46
58 67 58
58 68 63
58 69 88
58 70 44
58 71 20
58 72 70
58 73 77
58 74 52
58 75 29
58 76 80
58 77 47
58 78 75
58 79 68
58 80 29
58 81 44
58 82 49
58 83 17
58 84 76
58 85 24
58 86 52
58 87 67
58 88 50
58 89 28
58 90 65
58 91 92
58 92 25
58 93 27
58 94 53
58 95 22
58 96 79
58 97 18
58 98 48
58 99 25
59 60 71
59 61 47
59 62 67
59 63 40
59 64 49
59 65 40
59 66 32
59 67 35
59 68 53
59 69 24
59 70 39
59 71 77
59 72 21
59 73 21
59 74 33
59 75 39
59 76 39
59 77 54
59 78 66
59 79 44
59 80 66
59 81 74
59 82 62
59 83 73
59 84 39
59 85 66
59 86 50
59 87 22
59 88 63
59 89 62
59 90 15
59 91 31
59 92 44
59 93 40
59 94 37
59 95 46
59 96 41
59 97 72
59 98 22
59 99 43
60 61 54
60 62 29
60 63 33
60 64 69
60 65 86
60 66 50
60 67 62
60 68 65
60 69 95
60 70 52
60 71 14
60 72 75
60 73 84
60 74 60
60 75 36
60 76 87
60 77 54
60 78 76
60 79 75
60 80 27
60 81 42
60 82 48
60 83 12
60 84 80
60 85 22
60 86 54
60 87 72
60 88 50
60 89 35
60 90 71
60 91 97
60 92 32
60 93 32
60 94 57
60 95 27
60 96 87
60 97 13
60 98 55
60 99 32
61 62 70
61 63 28
61 64 16
61 65 83
61 66 56
61 67 67
61 68 82
61 69 63
61 70 9
61 71 66
61 72 65
61 73 46
61 74 16
61 75 25
61 76 38
61 77 6
61 78 96
61 79 23
61 80 67
61 81 82
61 82 78
61 83 62
61 84 80
61 85 64
61 86 73
61 87 64
61 88 80
61 89 24
61 90 58
61 91 78
61 92 25
61 93 42
61 94 65
61 95 45
61 96 37
61 97 63
61 98 27
61 99 26
62 63 42
62 64 84
62 65 67
62 66 37
62 67 44
62 68 40
62 69 90
62 70 65
62 71 20
62 72 63
62 73 86
62 74 70
62 75 46
62 76 95
62 77 72
62 78 48
62 79 87
62 80 3
62 81 13
62 82 21
62 83 19
62 84 61
62 85 8
62 86 31
62 87 59
62 88 22
62 89 58
62 90 61
62 91 86
62 92 45
62 93 31
62 94 39
62 95 26
62 96 95
62 97 18
62 98 59
62 99 44
63 64 42
63 65 65
63 66 32
63 67 44
63 68 56
63 69 62
63 70 22
63 71 42
63 72 49
63 73 51
63 74 28
63 75 4
63 76 55
63 77 32
63 78 70
63 79 45
63 80 39
63 81 54
63 82 50
63 83 38
63 84 60
63 85 37
63 86 46
63 87 47
63 88 51
63 89 26
63 90 44
63 91 69
63 92 6
63 93 14
63 94 41
63 95 17
63 96 55
63 97 38
63 98 22
63 99 4
64 65 88
64 66 65
64 67 75
64 68 92
64 69 58
64 70 20
64 71 82
64 72 69
64 73 40
64 74 18
64 75 38
64 76 26
64 77 18
64 78 106
64 79 9
64 80 82
64 81 96
64 82 91
64 83 78
64 84 85
64 85 79
64 86 84
64 87 68
64 88 92
64 89 39
64 90 62
64 91 77
64 92 39
64 93 55
64 94 74
64 95 59
64 96 24
64 97 78
64 98 32
64 99 41
65 66 36
65 67 24
65 68 31
65 69 48
65 70 74
65 71 85
65 72 19
65 73 58
65 74 70
65 75 66
65 76 78
65 77 89
65 78 38
65 79 84
65 80 67
65 81 66
65 82 51
65 83 81
65 84 6
65 85 70
65 86 37
65 87 20
65 88 50
65 89 91
65 90 25
65 91 28
65 92 71
65 93 55
65 94 29
65 95 59
65 96 80
65 97 80
65 98 57
65 99 69
66 67 13
66 68 26
66 69 54
66 70 48
66 71 51
66 72 26
66 73 52
66 74 47
66 75 34
66 76 67
66 77 61
66 78 41
66 79 65
66 80 36
66 81 42
66 82 30
66 83 47
66 84 30
66 85 38
66 86 19
66 87 22
66 88 31
66 89 58
66 90 23
66 91 49
66 92 38
66 93 20
66 94 9
66 95 24
66 96 68
66 97 47
66 98 34
66 99 35
67 68 18
67 69 53
67 70 58
67 71 61
67 72 20
67 73 56
67 74 57
67 75 46
67 76 73
67 77 72
67 78 32
67 79 73
67 80 44
67 81 45
67 82 31
67 83 57
67 84 19
67 85 46
67 86 17
67 87 17
67 88 31
67 89 70
67 90 21
67 91 43
67 92 50
67 93 33
67 94 5
67 95 36
67 96 74
67 97 56
67 98 43
67 99 48
68 69 71
68 70 74
68 71 60
68 72 37
68 73 74
68 74 74
68 75 59
68 76 91
68 77 87
68 78 14
68 79 91
68 80 41
68 81 36
68 82 21
68 83 57
68 84 26
68 85 45
68 86 11
68 87 34
68 88 20
68 89 81
68 90 39
68 91 57
68 92 62
68 93 43
68 94 18
68 95 43
68 96 92
68 97 56
68 98 60
68 99 60
69 70 56
69 71 100
69 72 34
69 73 19
69 74 47
69 75 61
69 76 38
69 77 69
69 78 82
69 79 51
69 80 89
69 81 96
69 82 83
69 83 96
69 84 49
69 85 89
69 86 70
69 87 36
69 88 83
69 89 81
69 90 32
69 91 24
69 92 66
69 93 64
69 94 56
69 95 69
69 96 40
69 97 96
69 98 42
69 99 65
70 71 63
70 72 56
70 73 40
70 74 9
70 75 18
70 76 36
70 77 15
70 78 88
70 79 24
70 80 62
70 81 76
70 82 71
70 83 59
70 84 71
70 85 59
70 86 65
70 87 55
70 88 72
70 89 27
70 90 50
70 91 70
70 92 20
70 93 36
70 94 57
70 95 39
70 96 36
70 97 59
70 98 18
70 99 21
71 72 77
71 73 92
71 74 70
71 75 46
71 76 97
71 77 67
71 78 69
71 79 87
71 80 19
71 81 31
71 82 41
71 83 4
71 84 79
71 85 15
71 86 50
71 87 73
71 88 42
71 89 48
71 90 74
71 91 100
71 92 43
71 93 37
71 94 56
71 95 31
71 96 97
71 97 5
71 98 64
71 99 42
72 73 40
72 74 51
72 75 50
72 76 60
72 77 71
72 78 48
72 79 65
72 80 62
72 81 65
72 82 51
72 83 73
72 84 18
72 85 64
72 86 37
72 87 4
72 88 51
72 89 75
72 90 6
72 91 23
72 92 55
72 93 43
72 94 25
72 95 48
72 96 61
72 97 72
72 98 38
72 99 53
73 74 30
73 75 48
73 76 21
73 77 51
73 78 87
73 79 32
73 80 83
73 81 93
73 82 82
73 83 88
73 84 58
73 85 83
73 86 71
73 87 42
73 88 83
73 89 66
73 90 36
73 91 40
73 92 53
73 93 56
73 94 58
73 95 62
73 96 23
73 97 88
73 98 29
73 99 53
74 75 24
74 76 27
74 77 22
74 78 88
74 79 18
74 80 67
74 81 80
74 82 74
74 83 66
74 84 68
74 85 65
74 86 66
74 87 51
74 88 75
74 89 36
74 90 45
74 91 63
74 92 27
74 93 39
74 94 56
74 95 44
74 96 27
74 97 66
74 98 14
74 99 28
75 76 51
75 77 28
75 78 73
75 79 41
75 80 44
75 81 58
75 82 54
75 83 42
75 84 62
75 85 41
75 86 49
75 87 47
75 88 55
75 89 25
75 90 44
75 91 69
75 92 5
75 93 18
75 94 43
75 95 21
75 96 51
75 97 42
75 98 19
75 99 4
76 77 42
76 78 105
76 79 17
76 80 93
76 81 104
76 82 96
76 83 93
76 84 78
76 85 91
76 86 86
76 87 61
76 88 97
76 89 61
76 90 55
76 91 61
76 92 55
76 93 64
76 94 74
76 95 69
76 96 2
76 97 93
76 98 36
76 99 55
77 78 101
77 79 26
77 80 70
77 81 85
77 82 82
77 83 63
77 84 86
77 85 66
77 86 78
77 87 70
77 88 83
77 89 21
77 90 64
77 91 84
77 92 27
77 93 46
77 94 70
77 95 48
77 96 41
77 97 64
77 98 33
77 99 29
78 79 105
78 80 50
78 81 40
78 82 28
78 83 67
78 84 34
78 85 55
78 86 24
78 87 46
78 88 26
78 89 95
78 90 52
78 91 65
78 92 76
78 93 56
78 94 32
78 95 57
78 96 106
78 97 66
78 98 74
78 99 74
79 80 85
79 81 98
79 82 92
79 83 83
79 84 82
79 85 82
79 86 84
79 87 65
79 88 93
79 89 46
79 90 58
79 91 71
79 92 44
79 93 57
79 94 73
79 95 61
79 96 15
79 97 83
79 98 31
79 99 45
80 81 16
80 82 22
80 83 17
80 84 61
80 85 5
80 86 31
80 87 58
80 88 24
80 89 55
80 90 60
80 91 85
80 92 43
80 93 28
80 94 39
80 95 23
80 96 93
80 97 16
80 98 57
80 99 41
81 82 15
81 83 31
81 84 60
81 85 21
81 86 29
81 87 62
81 88 16
81 89 71
81 90 65
81 91 88
81 92 57
81 93 41
81 94 41
81 95 37
81 96 105
81 97 30
81 98 69
81 99 56
82 83 39
82 84 45
82 85 27
82 86 14
82 87 48
82 88 1
82 89 72
82 90 51
82 91 73
82 92 55
82 93 36
82 94 27
82 95 34
82 96 97
82 97 38
82 98 61
82 99 53
83 84 76
83 85 12
83 86 47
83 87 70
83 88 41
83 89 45
83 90 70
83 91 96
83 92 39
83 93 33
83 94 52
83 95 27
83 96 93
83 97 1
83 98 59
83 99 38
84 85 64
84 86 32
84 87 17
84 88 45
84 89 87
84 90 24
84 91 31
84 92 66
84 93 50
84 94 23
84 95 54
84 96 79
84 97 75
84 98 54
84 99 64
85 86 35
85 87 60
85 88 29
85 89 51
85 90 61
85 91 87
85 92 39
85 93 27
85 94 41
85 95 22
85 96 91
85 97 11
85 98 56
85 99 38
86 87 34
86 88 14
86 89 71
86 90 38
86 91 59
86 92 52
86 93 32
86 94 13
86 95 33
86 96 87
86 97 46
86 98 53
86 99 50
87 88 48
87 89 73
87 90 6
87 91 27
87 92 53
87 93 40
87 94 21
87 95 45
87 96 62
87 97 69
87 98 37
87 99 51
88 89 73
88 90 52
88 91 73
88 92 56
88 93 37
88 94 27
88 95 35
88 96 98
88 97 39
88 98 62
88 99 54
89 90 69
89 91 93
89 92 20
89 93 39
89 94 67
89 95 38
89 96 61
89 97 46
89 98 40
89 99 23
90 91 27
90 92 49
90 93 38
90 94 25
90 95 44
90 96 56
90 97 69
90 98 32
90 99 47
91 92 74
91 93 65
91 94 47
91 95 70
91 96 63
91 97 95
91 98 53
91 99 72
92 93 20
92 94 47
92 95 21
92 96 55
92 97 39
92 98 24
92 99 2
93 94 29
93 95 6
93 96 65
93 97 32
93 98 29
93 99 18
94 95 31
94 96 75
94 97 51
94 98 42
94 99 45
95 96 70
95 97 26
95 98 34
95 99 19
96 97 93
96 98 36
96 99 55
97 98 59
97 99 38
98 99 24
0 2 39
0 3 39
0 4 36
0 5 52
0 7 52
0 8 43
0 10 53
0 11 24
0 13 18
0 15 31
0 18 75
0 23 33
0 24 52
0 25 42
0 26 67
0 27 9
0 28 58
0 29 46
0 30 53
0 31 64
0 32 45
0 35 90
0 36 36
0 37 41
0 38 40
0 39 79
0 40 39
0 41 45
0 42 73
0 44 42
0 46 57
0 47 59
0 49 52
0 51 52
0 52 14
0 53 27
0 54 31
0 55 64
0 56 45
0 57 27
0 61 67
0 63 44
0 64 75
0 65 24
0 67 0
0 68 19
0 69 53
0 71 61
0 72 20
0 73 55
0 74 57
0 75 46
0 76 72
0 77 72
0 78 32
0 79 73
0 80 44
0 82 31
0 83 58
0 84 18
0 86 18
0 87 17
0 88 31
0 89 70
0 90 21
0 91 42
0 92 50
0 93 33
0 94 5
0 96 73
0 97 57
1 3 74
1 4 73
1 5 43
1 6 60
1 7 49
1 8 73
1 9 70
1 10 48
1 11 52
1 12 48
1 16 16
1 18 98
1 19 17
1 20 57
1 21 69
1 22 90
1 23 64
1 24 65
1 25 78
1 26 89
1 29 37
1 33 35
1 38 77
1 41 54
1 43 66
1 44 6
1 45 32
1 46 33
1 47 34
1 48 90
1 49 74
1 50 79
1 52 48
1 53 41
1 58 83
1 59 21
1 60 88
1 61 68
1 63 59
1 64 68
1 66 42
1 67 37
1 68 53
1 69 19
1 70 60
1 72 17
1 73 32
1 74 53
1 77 75
1 78 63
1 79 62
1 80 78
1 81 82
1 83 88
1 84 30
1 86 54
1 87 20
1 88 68
1 89 83
1 90 18
1 91 10
1 92 64
1 93 56
1 94 41
1 95 62
1 97 87
2 3 77
2 4 76
2 7 53
2 8 77
2 9 73
2 10 52
2 11 53
2 12 52
2 16 20
2 18 101
2 21 72
2 22 94
2 23 66
2 25 80
2 26 93
2 27 37
2 28 40
2 29 41
2 30 16
2 32 67
2 33 39
2 36 74
2 37 74
2 39 71
2 45 36
2 48 94
2 49 77
2 51 62
2 52 51
2 53 45
2 54 68
2 55 86
2 57 65
2 58 86
2 60 92
2 61 72
2 62 82
2 64 71
2 66 45
2 67 40
2 68 55
2 70 64
2 72 19
2 73 35
2 74 57
2 75 62
2 80 81
2 81 85
2 82 70
2 83 91
2 85 82
2 89 86
2 90 22
2 91 6
2 92 68
2 93 60
2 95 65
2 96 57
2 98 47
2 99 67
3 5 68
3 6 15
3 7 63
3 8 12
3 10 65
3 12 38
3 13 26
3 14 14
3 17 38
3 19 58
3 20 74
3 21 5
3 23 44
3 24 46
3 25 27
3 26 41
3 27 46
3 28 81
3 29 65
3 30 88
3 31 60
3 32 37
3 33 41
3 34 84
3 35 99
3 36 25
3 37 16
3 38 26
3 39 90
3 40 8
3 41 48
3 42 87
3 44 78
3 45 64
3 46 83
3 47 86
3 48 55
3 49 35
3 51 54
3 52 26
3 54 34
3 56 36
3 60 31
3 61 68
3 63 40
3 64 82
3 65 62
3 67 39
3 68 36
3 69 86
3 70 62
3 71 24
3 72 57
3 73 81
3 74 66
3 78 45
3 79 84
3 80 5
3 81 14
3 82 17
3 83 22
3 84 56
3 86 26
3 87 54
3 88 19
3 89 57
3 90 56
3 91 81
3 93 27
3 94 34
3 95 23
3 97 21
3 98 56
3 99 42
4 5 76
4 7 72
4 9 6
4 10 74
4 12 47
4 13 19
4 14 9
4 15 68
4 16 60
4 17 42
4 18 63
4 19 56
4 25 12
4 30 89
4 31 72
4 33 45
4 34 94
4 35 110
4 36 10
4 37 30
4 39 100
4 40 22
4 41 59
4 42 96
4 43 50
4 44 78
4 45 70
4 47 91
4 49 49
4 50 77
4 51 65
4 52 26
4 53 47
4 54 20
4 56 21
4 57 12
4 58 47
4 59 66
4 60 46
4 63 51
4 64 93
4 65 56
4 66 34
4 67 36
4 69 88
4 70 73
4 71 37
4 72 56
4 73 86
4 74 76
4 75 55
4 77 83
4 79 94
4 80 19
4 81 10
4 83 36
4 84 51
4 85 24
4 86 19
4 88 6
4 89 72
4 90 56
4 91 79
4 92 56
4 95 35
4 96 100
4 97 35
4 99 54
5 6 54
5 7 9
5 8 62
5 10 7
5 11 76
5 12 30
5 13 64
5 15 46
5 16 34
5 17 38
5 19 45
5 21 63
5 22 59
5 23 85
5 24 33
5 25 87
5 26 62
5 28 15
5 29 6
5 30 43
5 31 32
5 32 38
5 33 34
5 34 22
5 35 39
5 36 81
5 38 85
5 39 28
5 42 21
5 43 39
5 44 41
5 46 22
5 49 48
5 51 23
5 52 52
5 53 30
5 54 81
5 55 52
5 56 93
5 57 64
5 58 59
5 60 66
5 61 27
5 62 72
5 64 25
5 66 45
5 68 70
5 69 36
5 70 20
5 71 76
5 72 43
5 73 20
5 76 23
5 79 21
5 80 70
5 84 61
5 85 68
5 87 43
5 88 74
5 89 46
5 90 37
5 93 42
5 94 52
5 96 23
5 98 13
5 99 34
6 7 48
6 10 51
6 11 45
6 12 23
6 13 23
6 15 57
6 18 48
6 21 10
6 23 46
6 25 36
6 26 39
6 27 37
6 28 66
6 29 50
6 31 48
6 32 25
6 33 26
6 34 70
6 35 86
6 36 32
6 37 12
6 38 35
6 40 11
6 42 72
6 43 27
6 45 49
6 46 68
6 48 49
6 49 28
6 50 54
6 51 41
6 52 15
6 53 25
6 54 37
6 55 39
6 56 44
6 58 30
6 59 48
6 60 33
6 61 56
6 62 20
6 63 27
6 65 53
6 66 19
6 67 29
6 68 33
6 70 49
6 73 66
6 74 52
6 76 77
6 78 46
6 81 28
6 82 23
6 83 28
6 85 19
6 86 22
6 87 42
6 88 24
6 89 49
6 90 42
6 91 68
6 93 13
6 95 11
6 97 28
6 98 41
7 8 55
7 10 3
7 12 25
7 13 62
7 14 76
7 15 51
7 16 38
7 17 37
7 19 48
7 20 13
7 21 58
7 22 50
7 24 24
7 25 83
7 27 59
7 28 25
7 32 30
7 36 78
7 38 82
7 40 56
7 41 16
7 42 24
7 43 31
7 44 48
7 46 31
7 48 47
7 50 31
7 51 14
7 52 49
7 53 27
7 54 79
7 55 43
7 56 90
7 59 28
7 61 19
7 63 25
7 64 23
7 65 66
7 66 43
7 67 52
7 68 69
7 69 45
7 71 68
7 73 29
7 75 22
7 76 30
7 78 83
7 79 22
7 80 64
7 81 76
7 82 70
7 84 63
7 85 62
7 86 62
7 88 71
7 89 37
7 90 40
7 91 59
7 92 26
7 93 36
7 94 51
7 95 40
7 96 30
7 97 64
8 9 31
8 11 56
8 12 32
8 13 33
8 14 25
8 15 70
8 17 37
8 18 37
8 19 59
8 20 66
8 21 10
8 23 54
8 24 36
8 25 38
8 26 30
8 27 50
8 28 75
8 29 59
8 32 27
8 34 75
8 36 36
8 38 37
8 39 81
8 41 39
8 42 78
8 44 77
8 45 59
8 46 78
8 47 81
8 51 45
8 52 28
8 53 35
8 54 44
8 55 33
8 56 47
8 57 21
8 59 59
8 62 12
8 64 72
8 66 32
8 67 42
8 68 44
8 69 83
8 70 53
8 71 19
8 72 58
8 74 58
8 76 84
8 77 60
8 78 54
8 80 10
8 81 25
8 82 28
8 83 15
8 84 61
8 85 7
8 86 33
8 87 55
8 88 29
8 91 81
8 92 33
8 93 20
8 95 15
8 97 14
8 98 49
8 99 32
9 12 49
9 13 16
9 14 15
9 16 58
9 18 69
9 19 53
9 20 86
9 21 22
9 22 68
9 23 25
9 25 9
9 26 61
9 28 87
9 29 72
9 30 86
9 31 76
9 32 53
9 33 44
9 36 5
9 37 34
9 38 8
9 39 102
9 40 27
9 41 61
9 43 54
9 45 70
9 47 90
9 51 68
9 52 26
9 54 14
9 56 17
9 57 14
9 58 52
9 59 65
9 60 52
9 62 23
9 63 54
9 66 33
9 67 33
9 70 75
9 71 43
9 74 78
9 75 58
9 76 100
9 78 25
9 79 96
9 81 15
9 83 42
9 84 46
9 85 30
9 86 16
9 88 3
9 89 76
9 90 54
9 95 38
9 96 100
9 97 41
9 98 65
9 99 57
10 13 64
10 14 78
10 15 50
10 16 37
10 18 63
10 19 48
10 20 11
10 21 60
10 22 53
10 23 85
10 24 27
10 27 60
10 32 33
10 33 34
10 34 21
10 35 37
10 37 53
10 39 27
10 40 59
10 42 22
10 46 28
10 47 30
10 48 50
10 50 33
10 52 51
10 53 28
10 56 91
10 57 62
10 58 54
10 59 27
10 60 61
10 61 21
10 62 69
10 63 28
10 64 22
10 65 66
10 66 44
10 68 70
10 69 42
10 70 14
10 75 25
10 78 85
10 81 79
10 83 67
10 84 63
10 85 64
10 86 63
10 88 73
10 91 58
10 92 29
10 94 53
10 95 43
10 96 27
10 97 67
10 98 11
10 99 29
11 12 56
11 14 47
11 15 45
11 16 46
11 18 93
11 19 36
11 22 90
11 24 75
11 26 84
11 27 18
11 28 80
11 30 68
11 31 87
11 32 67
11 33 43
11 34 98
11 35 114
11 36 30
11 39 104
11 40 52
11 41 69
11 43 69
11 44 58
11 45 66
11 47 81
11 48 94
11 50 94
11 51 76
11 53 51
11 54 20
11 55 84
11 56 32
11 57 35
11 58 75
11 60 77
11 61 91
11 62 52
11 63 66
11 65 25
11 66 35
11 67 24
11 68 12
11 70 82
11 71 72
11 72 37
11 75 69
11 76 96
11 77 96
11 78 12
11 79 97
11 82 32
11 83 70
11 84 22
11 85 58
11 86 23
11 87 35
11 88 31
11 89 92
11 90 41
11 91 53
11 92 72
11 93 53
11 95 55
11 96 97
11 97 69
11 98 67
12 13 38
12 15 46
12 16 32
12 17 17
12 19 38
12 20 37
12 21 33
12 23 61
12 24 20
12 25 58
12 26 41
12 28 43
12 29 27
12 30 58
12 34 48
12 35 63
12 36 53
12 37 27
12 38 57
12 39 54
12 40 32
12 41 13
12 43 18
12 44 50
12 45 27
12 46 47
12 47 49
12 48 44
12 49 26
12 50 39
12 54 55
12 55 35
12 56 65
12 58 35
12 62 42
12 64 46
12 67 33
12 68 47
12 69 53
12 70 27
12 72 37
12 73 45
12 74 29
12 75 13
12 76 53
12 78 61
12 79 47
12 80 40
12 81 51
12 82 45
12 83 44
12 84 48
12 85 38
12 86 38
12 87 35
12 89 39
12 90 32
12 91 57
12 92 18
12 96 54
12 97 43
12 99 16
13 15 49
13 16 42
13 17 27
13 20 75
13 21 24
13 24 55
13 26 62
13 27 21
13 28 73
13 30 71
13 31 68
13 33 30
13 35 101
13 36 18
13 38 23
13 39 91
13 42 85
13 44 60
13 45 56
13 46 73
13 49 50
13 53 35
13 54 16
13 55 62
13 57 13
13 58 53
13 59 50
13 60 54
13 61 74
13 64 84
13 65 37
13 66 20
13 67 17
13 68 10
13 69 70
13 71 50
13 72 38
13 73 71
13 74 67
13 76 86
13 77 78
13 78 23
13 79 84
13 81 29
13 82 14
13 84 32
13 85 35
13 86 1
13 87 34
13 88 14
13 90 38
13 91 60
13 92 53
13 93 33
13 94 14
13 95 33
13 96 87
13 97 46
14 20 88
14 21 18
14 25 17
14 26 52
14 27 50
14 29 77
14 30 97
14 32 51
14 33 51
14 34 98
14 35 113
14 37 29
14 39 104
14 40 21
14 41 62
14 44 86
14 45 76
14 50 78
14 51 68
14 52 34
14 53 52
14 56 26
14 57 19
14 58 44
14 59 73
14 60 42
14 61 82
14 62 13
14 63 53
14 65 66
14 67 45
14 69 95
14 70 76
14 72 65
14 73 93
14 75 57
14 76 104
14 77 84
14 78 40
14 80 16
14 82 15
14 86 28
14 87 61
14 92 57
14 93 41
14 94 40
14 95 37
14 96 105
14 98 68
15 17 33
15 19 12
15 21 65
15 23 58
15 24 65
15 28 42
15 29 40
15 33 33
15 34 67
15 37 67
15 39 72
15 41 54
15 44 12
15 45 35
15 46 38
15 50 80
15 51 59
15 52 44
15 53 40
15 54 60
15 55 81
15 56 74
15 58 80
15 59 23
15 62 74
15 65 22
15 66 38
15 67 32
15 68 47
15 69 26
15 70 61
15 71 88
15 72 12
15 73 37
15 75 58
15 76 58
15 77 76
15 79 66
15 83 85
15 85 75
15 86 49
15 87 15
15 89 83
15 90 15
15 91 12
15 93 54
15 94 36
15 95 59
15 96 60
15 97 84
15 98 44
15 99 62
16 17 20
16 19 11
16 20 48
16 24 50
16 25 67
16 26 73
16 28 35
16 32 47
16 35 72
16 36 61
16 37 54
16 39 61
16 40 56
16 41 40
16 42 54
16 43 50
16 44 19
16 45 23
16 46 33
16 47 35
16 48 75
16 49 58
16 50 65
16 51 45
16 52 34
16 53 25
16 55 66
16 56 70
16 57 49
16 62 64
16 64 59
16 65 29
16 66 27
16 67 26
16 68 44
16 69 28
16 70 48
16 71 76
16 72 10
16 73 31
16 75 43
16 78 56
16 80 62
16 81 68
16 83 72
16 84 27
16 86 42
16 87 11
16 89 68
16 90 4
16 92 49
16 93 40
16 94 29
16 95 45
16 97 71
16 98 30
16 99 47
17 18 64
17 20 49
17 21 34
17 22 58
17 24 38
17 26 56
17 28 46
17 30 50
17 31 48
17 32 32
17 33 3
17 34 59
17 35 75
17 36 44
17 37 34
17 39 65
17 40 35
17 41 30
17 43 34
17 44 40
17 45 29
17 46 47
17 47 49
17 48 60
17 49 41
17 53 11
17 54 43
17 55 51
17 57 30
17 59 25
17 61 51
17 62 43
17 63 30
17 64 59
17 66 8
17 67 16
17 69 47
17 70 42
17 72 22
17 73 45
17 74 41
17 75 31
17 76 59
17 77 57
17 78 47
17 79 58
17 80 42
17 81 49
17 82 37
17 83 52
17 84 31
17 85 43
17 86 26
17 87 19
17 88 38
17 91 44
17 92 35
17 94 15
17 95 26
17 96 60
17 97 51
17 98 27
17 99 33
18 19 87
18 20 65
18 21 47
18 26 9
18 27 84
18 29 69
18 30 106
18 31 40
18 32 35
18 33 64
18 35 80
18 36 73
18 38 74
18 41 46
18 43 32
18 45 72
18 46 90
18 48 17
18 49 24
18 50 37
18 51 46
18 53 57
18 55 17
18 56 84
18 60 17
18 61 50
18 62 46
18 63 39
18 64 65
18 65 99
18 67 75
18 68 81
18 70 51
18 71 29
18 72 86
18 73 88
18 76 87
18 77 48
18 78 92
18 80 44
18 81 59
18 82 65
18 83 28
18 85 39
18 87 83
18 88 67
18 89 27
18 90 81
18 91 107
18 92 35
18 96 86
18 97 29
18 99 36
19 20 59
19 21 53
19 24 58
19 25 61
19 26 79
19 28 46
19 29 39
19 31 66
19 32 53
19 34 67
19 35 83
19 36 55
19 37 56
19 40 56
19 41 48
19 42 66
19 43 56
19 44 23
19 47 45
19 48 82
19 50 75
19 51 54
19 54 49
19 55 73
19 57 46
19 58 71
19 59 22
19 60 76
19 61 66
19 62 63
19 63 51
19 64 70
19 65 18
19 69 34
19 70 58
19 71 78
19 73 42
19 74 53
19 75 51
19 77 72
19 79 66
19 80 62
19 83 74
19 84 16
19 85 64
19 86 37
19 87 4
19 88 51
19 89 76
19 91 23
19 92 56
19 93 44
19 95 49
19 97 73
19 99 54
20 21 70
20 22 55
20 23 96
20 24 32
20 25 95
20 26 60
20 27 71
20 28 25
20 30 56
20 31 25
20 32 40
20 34 10
20 35 26
20 36 90
20 37 61
20 38 94
20 39 16
20 43 40
20 44 55
20 45 26
20 46 32
20 47 33
20 50 31
20 51 22
20 52 62
20 53 39
20 55 48
20 57 72
20 58 59
20 59 38
20 60 66
20 61 16
20 62 78
20 63 36
20 64 11
20 66 55
20 68 82
20 70 14
20 71 77
20 72 57
20 73 31
20 75 32
20 76 22
20 79 10
20 80 75
20 81 88
20 82 82
20 83 73
20 88 83
20 89 39
20 90 51
20 93 47
20 94 64
20 95 52
20 96 21
20 97 73
20 98 22
20 99 35
21 22 47
21 23 44
21 24 42
21 25 29
21 28 76
21 29 60
21 30 83
21 31 56
21 32 33
21 33 36
21 34 80
21 35 95
21 36 26
21 38 28
21 39 86
21 40 5
21 41 43
21 42 82
21 43 34
21 44 73
21 45 59
21 46 78
21 47 81
21 48 53
21 49 32
21 50 60
21 51 50
21 52 22
21 53 35
21 54 34
21 55 42
21 56 38
21 58 31
21 59 58
21 60 31
21 61 64
21 62 10
21 63 35
21 64 77
21 65 59
21 66 27
21 69 81
21 72 53
21 73 76
21 74 62
21 75 39
21 76 86
21 77 67
21 79 80
21 80 9
21 83 23
21 86 24
21 87 50
21 89 55
21 91 76
21 92 39
21 93 22
21 94 30
21 97 22
21 99 38
22 24 26
22 25 75
22 26 9
22 27 79
22 28 75
22 29 60
22 31 30
22 32 27
22 33 57
22 34 62
22 35 71
22 37 34
22 38 74
22 39 66
22 41 37
22 42 66
22 43 25
22 44 91
22 47 83
22 48 8
22 50 27
22 51 36
22 53 49
22 54 80
22 55 8
22 56 84
22 57 57
22 58 16
22 59 70
22 60 20
22 66 58
22 69 92
22 70 41
22 72 79
22 73 79
22 74 50
22 76 77
22 77 38
22 80 45
22 81 60
22 82 65
22 83 31
22 84 88
22 85 40
22 88 66
22 89 17
22 90 74
22 92 26
22 93 38
22 94 66
22 95 35
22 97 32
22 98 50
22 99 27
23 24 79
23 25 25
23 26 83
23 27 30
23 28 91
23 29 79
23 31 92
23 32 70
23 33 51
23 34 106
23 35 122
23 37 56
23 38 24
23 39 112
23 40 49
23 41 74
23 43 72
23 44 70
23 45 75
23 46 89
23 47 92
23 48 95
23 49 73
23 50 98
23 51 82
23 52 36
23 53 57
23 54 11
23 55 85
23 56 20
23 57 33
23 58 75
23 59 67
23 60 75
23 61 97
23 62 48
23 63 70
23 64 106
23 65 39
23 67 33
23 68 15
23 69 83
23 71 68
23 72 49
23 73 88
23 74 89
23 75 73
23 76 106
23 79 105
23 81 39
23 82 27
23 83 66
23 86 24
23 87 47
23 88 26
23 89 95
23 91 66
23 94 32
23 95 56
23 96 107
24 28 49
24 30 72
24 31 13
24 34 41
24 35 54
24 36 67
24 37 31
24 38 70
24 39 46
24 40 39
24 43 9
24 44 66
24 45 37
24 47 57
24 49 16
24 50 19
24 51 11
24 53 27
24 55 18
24 56 79
24 57 49
24 59 45
24 61 22
24 62 48
24 63 9
24 65 73
24 66 40
24 67 52
24 68 65
24 69 66
24 70 18
24 72 56
24 73 52
24 74 26
24 75 7
24 76 53
24 77 24
24 78 79
24 79 41
24 80 46
24 81 60
24 82 58
24 83 41
24 84 68
24 85 42
24 87 54
24 88 59
24 89 18
24 90 50
24 91 75
24 92 3
24 93 23
24 94 49
24 95 24
24 98 24
24 99 5
25 26 67
25 28 96
25 29 82
25 30 95
25 31 84
25 33 54
25 34 106
25 35 121
25 36 6
25 39 112
25 41 70
25 42 107
25 46 97
25 47 100
25 49 61
25 52 35
25 53 57
25 54 15
25 56 9
25 57 23
25 58 59
25 59 74
25 61 92
25 62 28
25 66 43
25 67 41
25 69 94
25 72 62
25 73 95
25 74 87
25 75 67
25 76 109
25 78 26
25 79 105
25 80 31
25 81 17
25 82 13
25 84 52
25 85 36
25 86 25
25 87 58
25 88 12
25 89 84
25 90 63
25 91 83
25 92 68
25 93 49
25 94 38
25 95 47
25 97 46
25 98 74
25 99 66
26 28 78
26 29 63
26 30 99
26 31 36
26 32 27
26 36 65
26 37 28
26 38 67
26 39 72
26 40 34
26 41 39
26 45 65
26 46 83
26 47 86
26 48 17
26 49 16
26 50 35
26 51 40
26 52 53
26 53 48
26 54 73
26 55 12
26 56 77
26 57 50
26 58 9
26 59 71
26 61 46
26 62 39
26 64 62
26 65 90
26 67 66
26 68 72
26 69 93
26 70 45
26 72 77
26 73 81
26 74 54
26 75 33
26 76 82
26 77 45
26 78 84
26 79 68
26 80 37
26 81 52
26 83 23
26 89 25
26 90 73
26 92 28
26 94 62
26 96 81
26 97 24
26 98 52
27 29 52
27 30 52
27 31 72
27 32 54
27 33 26
27 34 80
27 36 38
27 37 49
27 38 42
27 39 86
27 42 79
27 43 56
27 44 41
27 45 48
27 46 60
27 47 63
27 50 80
27 51 60
27 52 22
27 53 35
27 54 30
27 55 72
27 56 44
27 57 33
27 58 67
27 60 70
27 62 51
27 67 9
27 69 53
27 70 66
27 71 68
27 73 59
27 74 64
27 75 54
27 77 80
27 78 29
27 79 79
27 80 51
27 83 65
27 84 11
27 85 54
27 86 21
27 87 17
27 88 35
27 89 79
27 90 23
27 91 39
27 92 59
27 93 41
27 94 13
27 95 44
27 96 79
27 97 64
27 99 56
28 29 16
28 30 33
28 31 47
28 32 53
28 34 28
28 35 41
28 36 91
28 37 70
28 38 95
28 39 31
28 40 76
28 41 39
28 42 24
28 43 55
28 44 34
28 47 9
28 48 71
28 50 54
28 51 39
28 53 41
28 54 88
28 55 67
28 56 101
28 57 75
28 58 74
28 59 24
28 62 85
28 63 48
28 65 63
28 66 54
28 67 58
28 71 90
28 72 44
28 74 25
28 75 45
28 76 16
28 79 26
28 80 83
28 81 93
28 82 83
28 84 62
28 85 82
28 86 72
28 87 45
28 88 84
28 90 39
28 91 46
28 92 50
28 93 55
28 94 60
28 97 86
28 98 27
28 99 50
29 30 39
29 32 37
29 33 29
29 35 45
29 36 76
29 38 80
29 39 34
29 40 59
29 41 23
29 43 39
29 44 36
29 45 5
29 46 21
29 48 58
29 49 48
29 50 43
29 51 25
29 52 47
29 53 25
29 58 58
29 60 66
29 61 31
29 62 69
29 63 32
29 64 32
29 65 56
29 66 39
29 67 46
29 68 64
29 69 33
29 70 24
29 71 74
29 72 37
29 73 19
29 74 16
29 75 30
29 78 78
29 80 67
29 81 78
29 83 70
29 84 54
29 85 65
29 89 49
29 90 31
29 92 35
29 93 38
29 96 28
29 99 34
30 31 75
30 32 72
30 33 48
30 34 60
30 35 73
30 37 83
30 38 93
30 39 63
30 44 11
30 45 35
30 46 25
30 47 26
30 48 97
30 49 83
30 50 83
30 51 64
30 52 63
30 53 52
30 54 83
30 55 90
30 56 97
30 58 93
30 59 28
30 61 70
30 63 68
30 65 44
30 66 56
30 67 53
30 68 70
30 69 8
30 71 104
30 73 26
30 74 54
30 75 66
30 76 46
30 77 76
30 78 80
30 79 59
30 82 84
30 84 47
30 85 92
30 86 70
30 87 36
30 89 88
30 91 18
30 92 72
30 93 68
30 94 57
30 95 73
30 97 100
30 99 71
31 33 46
31 36 80
31 37 44
31 38 83
31 39 37
31 40 52
31 41 19
31 42 36
31 44 71
31 46 54
31 47 56
31 49 27
31 51 12
31 52 56
31 54 84
31 55 24
31 56 93
31 60 43
31 61 10
31 62 61
31 63 22
31 67 64
31 68 77
31 69 68
31 70 12
31 74 22
31 75 18
31 76 47
31 77 11
31 80 58
31 82 72
31 83 52
31 84 79
31 85 55
31 87 63
31 88 73
31 89 14
31 90 59
31 91 81
31 92 16
31 93 36
31 94 61
31 96 47
31 98 28
31 99 18
32 33 30
32 34 49
32 35 63
32 36 57
32 37 22
32 38 60
32 39 55
32 40 29
32 41 14
32 42 52
32 43 3
32 44 65
32 45 39
32 46 58
32 47 60
32 48 29
32 49 11
32 51 18
32 52 35
32 55 20
32 57 39
32 58 22
32 60 29
32 61 31
32 62 39
32 63 4
32 66 33
32 68 56
32 69 67
32 70 26
32 73 55
32 74 32
32 77 34
32 78 70
32 79 49
32 80 36
32 83 34
32 84 62
32 85 33
32 87 49
32 88 50
32 89 25
32 90 47
32 91 72
32 92 7
32 93 14
33 35 72
33 36 48
33 37 35
33 38 52
33 48 59
33 49 40
33 50 54
33 51 34
33 52 18
33 53 9
33 55 50
33 56 59
33 57 32
33 58 48
33 60 53
33 61 48
33 62 45
33 63 28
33 64 56
33 65 37
33 67 19
33 68 36
33 70 39
33 72 22
33 73 42
33 74 38
33 76 56
33 77 54
33 79 55
33 82 41
33 83 53
33 85 44
33 88 41
33 89 54
33 90 18
33 91 44
33 93 21
33 95 26
33 96 57
33 97 52
33 98 24
33 99 32
34 35 16
34 36 100
34 37 70
34 40 77
34 41 36
34 42 5
34 43 49
34 44 61
34 46 35
34 47 35
34 48 56
34 49 57
34 50 36
34 52 72
34 53 49
34 54 101
34 55 56
34 57 82
34 58 67
34 59 45
34 60 74
34 64 7
34 65 85
34 66 65
34 69 52
34 71 86
34 72 66
34 73 34
34 74 18
34 75 41
34 77 25
34 78 106
34 79 2
34 81 98
34 82 92
34 83 82
34 84 83
34 86 84
34 89 45
34 90 59
34 91 73
34 94 74
34 95 61
34 96 17
34 97 82
34 98 32
34 99 44
35 36 116
35 37 84
35 38 120
35 39 11
35 43 63
35 44 75
35 45 50
35 46 48
35 47 47
35 48 64
35 49 69
35 50 43
35 51 45
35 52 88
35 53 66
35 54 117
35 55 66
35 56 128
35 57 98
35 58 79
35 59 61
35 60 86
35 61 33
35 62 102
35 63 60
35 66 82
35 68 108
35 69 65
35 71 99
35 73 47
35 78 122
35 79 17
35 80 99
35 82 108
35 83 95
35 84 99
35 85 96
35 86 100
35 89 53
35 90 76
35 91 87
35 92 57
35 95 76
35 96 25
35 97 95
36 37 39
36 38 5
36 39 106
36 40 32
36 41 65
36 42 102
36 43 59
36 44 78
36 45 74
36 47 94
36 48 79
36 49 58
36 53 51
36 54 11
36 55 69
36 56 12
36 57 18
36 58 57
36 59 68
36 60 56
36 61 87
36 62 27
36 63 59
36 64 99
36 65 52
36 66 37
36 67 35
36 68 21
36 69 88
36 74 82
36 75 63
36 77 91
36 78 23
36 79 100
36 80 29
36 82 9
36 83 46
36 84 47
36 85 34
36 86 19
36 87 52
36 88 8
36 90 57
36 91 77
36 92 64
36 93 45
36 94 32
36 95 43
36 98 69
37 38 41
37 39 76
37 40 8
37 41 34
37 44 73
37 46 74
37 47 76
37 48 40
37 49 19
37 52 27
37 53 31
37 54 46
37 55 30
37 57 23
37 58 19
37 61 53
37 62 17
37 64 67
37 65 65
37 67 41
37 68 44
37 69 79
37 70 47
37 71 22
37 72 56
37 73 71
37 75 29
37 76 79
37 77 55
37 79 70
37 81 30
37 83 18
37 85 12
37 86 34
37 87 52
37 88 32
37 89 42
37 91 78
37 92 28
37 93 16
37 94 36
37 96 79
37 97 17
37 98 44
37 99 27
38 39 110
38 40 33
38 43 61
38 44 82
38 45 78
38 47 98
38 50 88
38 51 76
38 52 34
38 53 56
38 55 71
38 56 10
38 57 22
38 58 58
38 59 73
38 61 90
38 66 41
38 67 40
38 68 25
38 69 93
38 70 83
38 71 47
38 73 94
38 75 66
38 76 108
38 77 94
38 78 25
38 79 104
38 80 30
38 81 16
38 82 12
38 83 46
38 85 35
38 86 23
38 87 57
38 90 61
38 91 81
38 92 67
38 96 108
38 97 45
38 98 73
38 99 65
39 40 83
39 42 7
39 43 55
39 44 65
39 45 39
39 47 38
39 48 60
39 49 62
39 50 39
39 51 37
39 52 78
39 53 55
39 54 107
39 55 60
39 56 118
39 57 89
39 58 72
39 59 50
39 60 79
39 62 93
39 63 51
39 64 10
39 65 90
39 66 71
39 68 97
39 70 29
39 71 91
39 73 37
39 76 19
39 77 28
39 79 7
39 81 104
39 82 98
39 83 88
39 85 88
39 86 90
39 88 99
39 90 65
39 91 77
39 92 49
39 94 80
39 95 67
39 96 17
39 97 88
39 98 38
39 99 50
40 42 80
40 45 59
40 46 78
40 47 81
40 50 56
40 51 47
40 53 35
40 54 39
40 55 37
40 57 16
40 61 60
40 62 10
40 67 39
40 68 39
40 69 82
40 70 55
40 71 22
40 72 56
40 73 76
40 74 60
40 75 36
40 77 63
40 79 78
40 80 7
40 81 22
40 82 23
40 83 19
40 85 8
40 86 29
40 87 52
40 89 50
40 90 53
40 91 79
40 92 36
40 93 21
40 94 34
40 96 86
40 99 34
41 45 26
41 46 44
41 47 47
41 48 36
41 49 24
41 51 7
41 52 39
41 53 18
41 54 68
41 55 29
41 57 47
41 58 35
41 60 42
41 63 10
41 64 34
41 65 64
41 67 45
41 68 60
41 70 15
41 71 52
41 73 42
41 74 19
41 77 27
41 78 74
41 81 62
41 82 57
41 83 48
41 84 60
41 85 46
41 86 51
41 87 45
41 91 64
41 92 11
41 93 21
41 95 25
41 96 45
41 97 48
41 98 13
41 99 11
42 43 53
42 44 57
42 45 32
42 46 31
42 47 31
42 49 61
42 50 41
42 52 73
42 53 50
42 54 102
42 55 60
42 58 71
42 60 78
42 62 90
42 63 48
42 64 13
42 66 66
42 69 48
42 71 90
42 72 64
42 74 20
42 75 44
42 76 13
42 77 30
42 78 106
42 79 4
42 83 86
42 84 82
42 85 85
42 86 85
42 87 64
42 89 50
42 91 69
42 92 47
42 93 59
42 95 64
42 97 86
42 98 32
42 99 47
43 44 67
43 46 60
43 47 62
43 48 26
43 49 9
43 50 27
43 51 19
43 53 25
43 54 64
43 55 17
43 56 71
43 57 41
43 58 20
43 59 46
43 60 27
43 63 7
43 64 46
43 65 70
43 66 35
43 67 48
43 68 58
43 69 69
43 70 26
43 71 37
43 72 55
43 73 57
43 74 33
43 77 33
43 78 72
43 79 50
43 81 52
43 82 50
43 83 33
43 84 65
43 85 33
43 86 48
43 87 52
43 89 23
43 90 50
43 91 75
43 92 6
43 94 44
43 95 16
43 97 33
44 45 31
44 46 28
44 47 29
44 48 91
44 50 79
44 51 59
44 52 53
44 54 72
44 55 83
44 56 86
44 57 67
44 58 85
44 59 21
44 60 91
44 61 67
44 62 83
44 63 61
44 64 66
44 65 34
44 66 46
44 68 59
44 69 13
44 70 59
44 71 95
44 73 28
44 74 52
44 76 49
44 78 69
44 81 87
44 82 73
44 84 36
44 85 83
44 87 25
44 89 83
44 90 22
44 91 12
44 93 59
44 94 46
44 95 64
44 96 51
44 97 90
44 98 43
44 99 64
45 47 22
45 48 62
45 50 48
45 51 28
45 52 44
45 53 24
45 54 72
45 55 55
45 56 85
45 57 58
45 58 60
45 59 12
45 60 67
45 61 36
45 62 68
45 63 34
45 64 37
45 65 51
45 66 37
45 67 43
45 68 61
45 69 29
45 71 75
45 72 32
45 73 17
45 74 21
45 75 32
45 76 30
45 77 42
45 78 75
45 80 66
45 82 66
45 83 71
45 85 65
45 86 56
45 87 32
45 88 67
45 89 53
45 91 42
45 92 37
45 94 43
45 95 44
45 96 31
45 99 36
46 47 3
46 48 78
46 50 61
46 51 45
46 52 62
46 53 43
46 55 73
46 56 101
46 57 76
46 58 79
46 59 23
46 60 87
46 62 88
46 63 53
46 64 41
46 65 59
46 66 54
46 67 57
46 68 76
46 69 17
46 72 41
46 73 2
46 74 33
46 75 51
46 76 21
46 77 53
46 78 89
46 80 86
46 81 95
46 84 59
46 87 43
46 88 85
46 89 68
46 90 37
46 93 58
46 94 59
46 96 23
46 98 31
46 99 55
47 48 80
47 50 63
47 51 47
47 52 65
47 53 46
47 55 75
47 56 104
47 60 89
47 64 42
47 65 61
47 66 57
47 67 60
47 68 78
47 69 18
47 70 43
47 71 97
47 72 44
47 73 5
47 74 34
47 75 53
47 76 20
47 77 54
47 78 91
47 79 34
47 83 93
47 85 88
47 86 75
47 87 45
47 88 88
47 90 39
47 91 41
47 93 61
47 94 62
47 95 66
47 96 22
47 97 92
48 50 21
48 51 33
48 53 51
48 55 10
48 56 91
48 58 23
48 59 70
48 60 28
48 61 34
48 62 54
48 63 31
48 64 49
48 65 96
48 66 61
48 68 83
48 70 37
48 71 41
48 73 76
48 76 72
48 77 32
48 79 57
48 82 71
48 83 39
48 84 91
48 86 72
48 87 78
48 88 72
48 89 11
48 90 75
48 91 100
48 92 26
48 93 41
48 94 70
48 95 39
48 96 71
48 97 40
48 98 49
48 99 28
49 27 61
49 50 30
49 51 27
49 52 40
49 55 11
49 58 11
49 59 55
49 60 18
49 64 52
49 65 75
49 66 40
49 67 52
49 68 61
49 69 78
49 71 29
49 72 62
49 73 66
49 74 41
49 76 69
49 78 73
49 79 57
49 80 32
49 82 49
49 83 25
49 84 70
49 85 28
49 86 50
49 87 59
49 88 51
49 89 23
49 91 83
49 92 14
49 94 48
49 96 69
49 97 26
50 54 90
50 55 23
50 57 68
50 58 37
50 59 58
50 61 15
50 63 28
50 65 90
50 66 59
50 70 20
50 71 57
50 72 73
50 73 59
50 74 29
50 76 52
50 77 11
50 78 98
50 79 37
50 80 62
50 81 78
50 82 77
50 84 87
50 87 71
50 88 78
50 89 10
50 94 69
50 95 43
50 96 51
50 97 55
50 98 36
51 52 46
51 53 26
51 56 84
51 57 54
51 59 38
51 60 45
51 61 15
51 62 57
51 63 14
51 64 28
51 65 70
51 66 41
51 69 57
51 72 53
51 73 42
51 74 15
51 75 10
51 76 42
51 77 20
51 78 81
51 79 31
51 81 68
51 84 67
51 85 51
51 88 65
51 91 69
51 92 13
51 93 28
51 94 50
51 95 31
51 96 42
51 97 52
52 53 22
52 54 29
52 57 15
52 61 61
52 63 35
52 65 38
52 66 8
52 67 14
52 68 22
52 69 61
52 70 53
52 71 47
52 72 32
52 74 54
52 75 37
52 76 74
52 77 66
52 78 36
52 79 71
52 80 30
52 81 34
52 82 22
52 83 43
52 84 32
52 85 33
52 88 23
52 89 60
52 90 30
52 91 55
52 92 40
52 93 21
52 98 40
52 99 38
53 54 52
53 55 42
53 57 34
53 58 41
53 59 24
53 60 47
53 62 44
53 63 19
53 64 49
53 65 46
53 67 27
53 68 43
53 69 48
53 70 32
53 71 53
53 72 30
53 73 41
53 74 31
53 75 20
53 76 53
53 79 49
53 84 42
53 85 42
53 86 35
53 87 28
53 88 45
53 89 45
53 90 25
53 91 51
53 93 16
53 94 25
53 95 21
53 97 48
53 98 18
53 99 23
54 55 75
54 56 14
54 57 24
54 59 65
54 60 65
54 61 90
54 62 37
54 63 63
54 64 101
54 70 82
54 71 57
54 74 83
54 76 102
54 78 12
54 79 101
54 80 39
54 83 56
54 85 44
54 87 47
54 90 52
54 91 69
54 92 68
54 93 48
54 94 29
54 95 48
54 96 103
54 97 54
54 99 66
55 57 52
55 58 14
55 59 62
55 62 45
55 63 23
55 64 50
55 66 51
55 67 63
55 70 34
55 71 34
55 73 71
55 74 43
55 75 24
55 77 33
55 78 85
55 79 56
55 80 42
55 81 58
55 82 60
55 83 31
55 84 81
55 85 37
55 86 61
55 92 18
55 93 31
55 94 60
55 95 29
55 96 69
55 97 32
55 98 42
55 99 19
56 61 99
56 62 38
56 63 71
56 64 111
56 65 57
56 68 27
56 70 92
56 72 64
56 74 94
56 75 75
56 76 115
56 77 103
56 78 21
56 79 112
56 80 40
56 81 26
56 82 21
56 83 56
56 88 20
56 90 66
56 91 83
56 92 76
56 93 57
56 94 42
56 96 116
56 97 55
56 98 81
57 58 41
57 59 54
57 60 42
57 65 49
57 66 22
57 68 23
57 71 37
57 74 64
57 75 44
57 78 34
57 79 82
57 81 19
57 82 10
57 84 43
57 85 22
57 86 13
57 87 42
57 89 63
57 90 45
57 91 69
57 93 26
57 94 22
57 95 25
57 96 88
57 97 33
57 98 52
57 99 43
58 60 7
58 61 46
58 62 31
58 63 26
58 66 46
58 67 58
58 68 63
58 69 88
58 70 44
58 72 70
58 74 52
58 77 47
58 79 68
58 81 44
58 82 49
58 83 17
58 84 76
58 85 24
58 86 52
58 87 67
58 88 50
58 89 28
58 90 65
58 91 92
58 92 25
58 93 27
58 95 22
58 97 18
58 98 48
59 60 71
59 61 47
59 63 40
59 66 32
59 69 24
59 70 39
59 71 77
59 72 21
59 73 21
59 74 33
59 75 39
59 76 39
59 77 54
59 78 66
59 80 66
59 81 74
59 82 62
59 83 73
59 84 39
59 87 22
59 88 63
59 91 31
59 92 44
59 94 37
59 96 41
59 97 72
59 98 22
60 63 33
60 64 69
60 65 86
60 66 50
60 69 95
60 71 14
60 72 75
60 74 60
60 75 36
60 76 87
60 78 76
60 79 75
60 81 42
60 83 12
60 87 72
60 88 50
60 89 35
60 90 71
60 96 87
60 97 13
60 98 55
60 99 32
61 62 70
61 63 28
61 65 83
61 68 82
61 70 9
61 72 65
61 73 46
61 74 16
61 75 25
61 76 38
61 77 6
61 78 96
61 80 67
61 81 82
61 82 78
61 84 80
61 85 64
61 86 73
61 89 24
61 91 78
61 93 42
61 94 65
61 95 45
61 99 26
62 63 42
62 64 84
62 65 67
62 66 37
62 67 44
62 70 65
62 71 20
62 72 63
62 73 86
62 74 70
62 75 46
62 77 72
62 78 48
62 79 87
62 80 3
62 82 21
62 83 19
62 86 31
62 88 22
62 89 58
62 90 61
62 91 86
62 92 45
62 93 31
62 95 26
62 96 95
62 97 18
62 99 44
63 64 42
63 66 32
63 69 62
63 72 49
63 73 51
63 74 28
63 75 4
63 77 32
63 79 45
63 80 39
63 81 54
63 82 50
63 83 38
63 84 60
63 85 37
63 86 46
63 87 47
63 88 51
63 90 44
63 91 69
63 92 6
63 94 41
63 95 17
63 96 55
63 98 22
64 65 88
64 66 65
64 67 75
64 68 92
64 69 58
64 72 69
64 75 38
64 76 26
64 77 18
64 78 106
64 79 9
64 80 82
64 83 78
64 84 85
64 85 79
64 86 84
64 88 92
64 89 39
64 90 62
64 92 39
64 94 74
64 95 59
64 96 24
64 97 78
64 98 32
65 66 36
65 67 24
65 69 48
65 73 58
65 74 70
65 75 66
65 76 78
65 78 38
65 80 67
65 81 66
65 86 37
65 87 20
65 88 50
65 91 28
65 92 71
65 93 55
65 96 80
65 98 57
66 67 13
66 68 26
66 69 54
66 70 48
66 71 51
66 76 67
66 77 61
66 78 41
66 79 65
66 81 42
66 82 30
66 83 47
66 84 30
66 85 38
66 86 19
66 87 22
66 89 58
66 91 49
66 93 20
66 95 24
66 97 47
66 98 34
66 99 35
67 69 53
67 70 58
67 71 61
67 73 56
67 74 57
67 75 46
67 80 44
67 82 31
67 83 57
67 85 46
67 86 17
67 87 17
67 88 31
67 89 70
67 90 21
67 91 43
67 92 50
67 94 5
67 95 36
67 96 74
67 98 43
67 99 48
68 69 71
68 70 74
68 73 74
68 74 74
68 75 59
68 76 91
68 77 87
68 79 91
68 80 41
68 81 36
68 82 21
68 84 26
68 85 45
68 86 11
68 87 34
68 88 20
68 89 81
68 91 57
68 92 62
68 93 43
68 94 18
68 95 43
68 96 92
68 97 56
68 98 60
69 71 100
69 72 34
69 75 61
69 76 38
69 78 82
69 80 89
69 81 96
69 85 89
69 87 36
69 88 83
69 90 32
69 93 64
69 95 69
69 96 40
69 98 42
69 99 65
70 72 56
70 73 40
70 75 18
70 76 36
70 80 62
70 81 76
70 82 71
70 83 59
70 84 71
70 86 65
70 87 55
70 89 27
70 90 50
70 91 70
70 92 20
70 94 57
70 96 36
70 97 59
71 72 77
71 73 92
71 74 70
71 75 46
71 76 97
71 80 19
71 86 50
71 91 100
71 92 43
71 93 37
71 94 56
71 95 31
71 96 97
71 98 64
71 99 42
72 73 40
72 74 51
72 75 50
72 76 60
72 78 48
72 80 62
72 81 65
72 83 73
72 84 18
72 86 37
72 87 4
72 89 75
72 90 6
72 91 23
72 92 55
72 94 25
72 95 48
72 96 61
72 99 53
73 74 30
73 75 48
73 76 21
73 77 51
73 78 87
73 79 32
73 80 83
73 81 93
73 82 82
73 83 88
73 86 71
73 87 42
73 88 83
73 89 66
73 91 40
73 93 56
73 94 58
73 95 62
73 96 23
73 97 88
73 98 29
74 76 27
74 77 22
74 79 18
74 81 80
74 82 74
74 83 66
74 84 68
74 85 65
74 86 66
74 87 51
74 88 75
74 89 36
74 90 45
74 91 63
74 92 27
74 93 39
74 94 56
74 95 44
74 96 27
74 99 28
75 76 51
75 77 28
75 78 73
75 80 44
75 81 58
75 82 54
75 83 42
75 86 49
75 87 47
75 88 55
75 89 25
75 90 44
75 91 69
75 92 5
75 93 18
75 94 43
75 96 51
75 97 42
75 99 4
76 78 105
76 80 93
76 81 104
76 82 96
76 85 91
76 87 61
76 88 97
76 89 61
76 91 61
76 95 69
76 96 2
76 97 93
76 98 36
76 99 55
77 79 26
77 80 70
77 81 85
77 82 82
77 83 63
77 84 86
77 85 66
77 86 78
77 87 70
77 88 83
77 92 27
77 96 41
77 98 33
77 99 29
78 80 50
78 81 40
78 82 28
78 84 34
78 85 55
78 86 24
78 87 46
78 88 26
78 89 95
78 90 52
78 91 65
78 92 76
78 94 32
78 96 106
78 97 66
78 98 74
78 99 74
79 80 85
79 81 98
79 82 92
79 83 83
79 84 82
79 86 84
79 88 93
79 89 46
79 90 58
79 91 71
79 92 44
79 93 57
79 95 61
79 97 83
80 82 22
80 83 17
80 85 5
80 86 31
80 87 58
80 89 55
80 90 60
80 91 85
80 93 28
80 94 39
80 95 23
80 98 57
80 99 41
81 84 60
81 85 21
81 87 62
81 88 16
81 89 71
81 90 65
81 91 88
81 94 41
81 95 37
81 96 105
81 97 30
81 98 69
82 83 39
82 85 27
82 87 48
82 88 1
82 90 51
82 92 55
82 93 36
82 94 27
82 96 97
82 97 38
83 84 76
83 85 12
83 86 47
83 87 70
83 88 41
83 90 70
83 92 39
83 93 33
83 98 59
84 86 32
84 87 17
84 88 45
84 89 87
84 91 31
84 92 66
84 93 50
84 94 23
84 95 54
84 96 79
84 97 75
84 98 54
84 99 64
85 86 35
85 87 60
85 88 29
85 89 51
85 90 61
85 91 87
85 92 39
85 93 27
85 94 41
85 95 22
85 96 91
85 97 11
85 98 56
85 99 38
86 88 14
86 89 71
86 90 38
86 91 59
86 92 52
86 93 32
86 94 13
86 95 33
86 97 46
86 98 53
86 99 50
87 88 48
87 89 73
87 90 6
87 91 27
87 94 21
87 95 45
87 96 62
87 97 69
87 98 37
87 99 51
88 89 73
88 90 52
88 91 73
88 92 56
88 93 37
88 94 27
88 95 35
88 97 39
88 99 54
89 91 93
89 93 39
89 94 67
89 95 38
89 99 23
90 91 27
90 93 38
90 95 44
90 97 69
90 98 32
90 99 47
91 92 74
91 93 65
91 94 47
91 95 70
91 96 63
91 97 95
91 99 72
92 93 20
92 94 47
92 95 21
92 96 55
92 98 24
93 95 6
93 96 65
93 97 32
93 98 29
93 99 18
94 95 31
94 97 51
94 98 42
94 99 45
95 96 70
95 97 26
96 98 36
97 98 59
