50 0.3 20 1 0.5 1225 368 11
0.510997 0.236973 25
0.38516 0.468794 25
0.139381 0.944606 40
0.581597 0.801882 43
0.806782 0.565707 45
0.672456 0.798378 46
0.0172955 0.144333 0
0.189595 0.0304456 10
0.207036 0.239358 11
0.232047 0.878397 38
0.317669 0.625665 28
0.659509 0.294743 33
0.274963 0.384161 18
0.560851 0.195457 27
0.843534 0.95785 58
0.193152 0.413435 16
0.100111 0.630742 25
0.224268 0.878104 38
0.869603 0.561971 47
0.221869 0.671278 28
0.820537 0.213813 40
0.629087 0.515027 36
0.510411 0.699484 37
0.794498 0.35718 40
0.849392 0.0620031 42
0.820465 0.941651 57
0.0861761 0.661582 26
0.632584 0.590485 38
0.307187 0.288446 16
0.141718 0.1307 6
0.736471 0.930515 53
0.85985 0.084546 42
0.143041 0.552886 21
0.897703 0.851188 56
0.288547 0.758303 34
0.950628 0.364155 48
0.652261 0.900066 49
0.363589 0.977287 45
0.726053 0.948225 54
0.190175 0.524176 21
0.291751 0.388211 18
0.11289 0.865089 36
0.790327 0.989789 57
0.823999 0.332767 41
0.20574 0.788805 34
0.863909 0.732873 52
0.323254 0.827512 37
0.115692 0.454824 16
0.755241 0.914049 53
0.00711977 0.671298 26
0 1 26
0 2 80
0 3 57
0 4 44
0 5 58
0 6 50
0 7 38
0 8 30
0 9 70
0 10 43
0 11 16
0 12 28
0 13 6
0 14 79
0 15 36
0 16 57
0 17 70
0 18 48
0 19 52
0 20 31
0 21 30
0 22 46
0 23 31
0 24 38
0 25 77
0 26 60
0 27 37
0 28 21
0 29 38
0 30 73
0 31 38
0 32 48
0 33 73
0 34 57
0 35 46
0 36 68
0 37 75
0 38 74
0 39 43
0 40 27
0 41 74
0 42 80
0 43 33
0 44 63
0 45 61
0 46 62
0 47 45
0 48 72
0 49 67
1 2 54
1 3 39
1 4 43
1 5 44
1 6 49
1 7 48
1 8 29
1 9 44
1 10 17
1 11 32
1 12 14
1 13 32
1 14 67
1 15 20
1 16 33
1 17 44
1 18 49
1 19 26
1 20 50
1 21 25
1 22 26
1 23 42
1 24 62
1 25 64
1 26 36
1 27 28
1 28 20
1 29 42
1 30 58
1 31 61
1 32 26
1 33 64
1 34 31
1 35 58
1 36 51
1 37 51
1 38 59
1 39 20
1 40 12
1 41 48
1 42 66
1 43 46
1 44 37
1 45 55
1 46 36
1 47 27
1 48 58
1 49 43
2 3 46
2 4 77
2 5 55
2 6 81
2 7 92
2 8 71
2 9 11
2 10 37
2 11 83
2 12 58
2 13 86
2 14 70
2 15 53
2 16 32
2 17 11
2 18 82
2 19 29
2 20 100
2 21 65
2 22 44
2 23 88
2 24 113
2 25 68
2 26 29
2 27 61
2 28 68
2 29 81
2 30 60
2 31 112
2 32 39
2 33 76
2 34 24
2 35 100
2 36 51
2 37 23
2 38 59
2 39 42
2 40 58
2 41 8
2 42 65
2 43 92
2 44 17
2 45 75
2 46 22
2 47 49
2 48 62
2 49 30
3 4 33
3 5 9
3 6 87
3 7 87
3 8 68
3 9 36
3 10 32
3 11 51
3 12 52
3 13 61
3 14 30
3 15 55
3 16 51
3 17 37
3 18 37
3 19 38
3 20 63
3 21 29
3 22 12
3 23 49
3 24 79
3 25 28
3 26 51
3 27 22
3 28 58
3 29 80
3 30 20
3 31 77
3 32 50
3 33 32
3 34 30
3 35 57
3 36 12
3 37 28
3 38 21
3 39 48
3 40 51
3 41 47
3 42 28
3 43 53
3 44 38
3 45 29
3 46 26
3 47 58
3 48 21
3 49 59
4 5 27
4 6 89
4 7 82
4 8 68
4 9 65
4 10 49
4 11 31
4 12 56
4 13 44
4 14 39
4 15 63
4 16 71
4 17 66
4 18 6
4 19 59
4 20 35
4 21 18
4 22 33
4 23 21
4 24 51
4 25 38
4 26 73
4 27 18
4 28 57
4 29 79
4 30 37
4 31 48
4 32 66
4 33 30
4 34 55
4 35 25
4 36 37
4 37 60
4 38 39
4 39 62
4 40 54
4 41 76
4 42 42
4 43 23
4 44 64
4 45 18
4 46 55
4 47 70
4 48 35
4 49 81
5 6 93
5 7 91
5 8 73
5 9 45
5 10 39
5 11 50
5 12 57
5 13 61
5 14 23
5 15 61
5 16 60
5 17 46
5 18 31
5 19 47
5 20 60
5 21 29
5 22 19
5 23 46
5 24 76
5 25 21
5 26 60
5 27 21
5 28 63
5 29 85
5 30 15
5 31 74
5 32 58
5 33 23
5 34 39
5 35 52
5 36 10
5 37 36
5 38 16
5 39 55
5 40 56
5 41 56
5 42 22
5 43 49
5 44 47
5 45 20
5 46 35
5 47 65
5 48 14
5 49 68
6 7 21
6 8 21
6 9 76
6 10 57
6 11 66
6 12 35
6 13 55
6 14 116
6 15 32
6 16 49
6 17 76
6 18 95
6 19 57
6 20 81
6 21 72
6 22 74
6 23 81
6 24 84
6 25 113
6 26 52
6 27 76
6 28 32
6 29 13
6 30 107
6 31 84
6 32 43
6 33 113
6 34 67
6 35 96
6 36 99
6 37 90
6 38 107
6 39 42
6 40 37
6 41 73
6 42 115
6 43 83
6 44 67
6 45 103
6 46 75
6 47 33
6 48 107
6 49 53
7 8 21
7 9 85
7 10 61
7 11 54
7 12 36
7 13 41
7 14 113
7 15 38
7 16 61
7 17 85
7 18 86
7 19 64
7 20 66
7 21 65
7 22 74
7 23 69
7 24 66
7 25 111
7 26 64
7 27 71
7 28 28
7 29 11
7 30 105
7 31 67
7 32 52
7 33 108
7 34 73
7 35 83
7 36 99
7 37 96
7 38 106
7 39 49
7 40 37
7 41 84
7 42 113
7 43 70
7 44 76
7 45 97
7 46 81
7 47 43
7 48 105
7 49 67
8 9 64
8 10 40
8 11 46
8 12 16
8 13 36
8 14 96
8 15 17
8 16 41
8 17 64
8 18 74
8 19 43
8 20 61
8 21 50
8 22 55
8 23 60
8 24 67
8 25 93
8 26 44
8 27 55
8 28 11
8 29 13
8 30 87
8 31 67
8 32 32
8 33 92
8 34 53
8 35 75
8 36 80
8 37 75
8 38 88
8 39 29
8 40 17
8 41 63
8 42 95
8 43 62
8 44 55
8 45 82
8 46 60
8 47 23
8 48 87
8 49 48
9 10 27
9 11 72
9 12 50
9 13 76
9 14 62
9 15 47
9 16 28
9 17 1
9 18 71
9 19 21
9 20 89
9 21 54
9 22 33
9 23 77
9 24 102
9 25 59
9 26 26
9 27 49
9 28 59
9 29 75
9 30 51
9 31 101
9 32 34
9 33 67
9 34 13
9 35 88
9 36 42
9 37 16
9 38 50
9 39 36
9 40 49
9 41 12
9 42 57
9 43 81
9 44 9
9 45 65
9 46 10
9 47 44
9 48 52
9 49 31
10 11 48
10 12 25
10 13 49
10 14 62
10 15 25
10 16 22
10 17 27
10 18 56
10 19 11
10 20 65
10 21 33
10 22 21
10 23 55
10 24 77
10 25 59
10 26 23
10 27 32
10 28 34
10 29 53
10 30 52
10 31 77
10 32 19
10 33 62
10 34 14
10 35 68
10 36 43
10 37 35
10 38 52
10 39 16
10 40 24
10 41 32
10 42 60
10 43 58
10 44 20
10 45 56
10 46 20
10 47 26
10 48 52
10 49 31
11 12 39
11 13 14
11 14 69
11 15 48
11 16 65
11 17 73
11 18 34
11 19 58
11 20 18
11 21 22
11 22 43
11 23 15
11 24 30
11 25 67
11 26 68
11 27 30
11 28 35
11 29 54
11 30 64
11 31 29
11 32 58
11 33 61
11 34 59
11 35 30
11 36 61
11 37 74
11 38 66
11 39 52
11 40 38
11 41 79
11 42 71
11 43 17
11 44 67
11 45 48
11 46 63
11 47 57
11 48 63
11 49 75
12 13 34
12 14 81
12 15 9
12 16 30
12 17 50
12 18 62
12 19 29
12 20 57
12 21 38
12 22 39
12 23 52
12 24 66
12 25 78
12 26 34
12 27 41
12 28 10
12 29 29
12 30 72
12 31 66
12 32 21
12 33 78
12 34 37
12 35 68
12 36 64
12 37 60
12 38 72
12 39 16
12 40 2
12 41 51
12 42 80
12 43 55
12 44 41
12 45 68
12 46 45
12 47 17
12 48 72
12 49 39
13 14 81
13 15 43
13 16 63
13 17 76
13 18 48
13 19 58
13 20 26
13 21 33
13 22 51
13 23 28
13 24 32
13 25 79
13 26 67
13 27 40
13 28 27
13 29 42
13 30 76
13 31 32
13 32 55
13 33 74
13 34 63
13 35 42
13 36 71
13 37 81
13 38 77
13 39 50
13 40 33
13 41 81
13 42 83
13 43 30
13 44 69
13 45 62
13 46 68
13 47 52
13 48 74
13 49 73
14 15 85
14 16 81
14 17 62
14 18 40
14 19 68
14 20 74
14 21 49
14 22 42
14 23 60
14 24 90
14 25 3
14 26 81
14 27 42
14 28 86
14 29 108
14 30 11
14 31 87
14 32 81
14 33 12
14 34 59
14 35 60
14 36 20
14 37 48
14 38 12
14 39 78
14 40 79
14 41 74
14 42 6
14 43 63
14 44 66
14 45 23
14 46 54
14 47 88
14 48 10
14 49 88
15 16 24
15 17 47
15 18 69
15 19 26
15 20 66
15 21 45
15 22 43
15 23 60
15 24 74
15 25 82
15 26 27
15 27 47
15 28 17
15 29 29
15 30 75
15 31 74
15 32 15
15 33 83
15 34 36
15 35 76
15 36 67
15 37 59
15 38 75
15 39 11
15 40 10
15 41 46
15 42 83
15 43 64
15 44 38
15 45 74
15 46 43
15 47 9
15 48 75
15 49 32
16 17 28
16 18 77
16 19 13
16 20 83
16 21 54
16 22 42
16 23 75
16 24 94
16 25 78
16 26 3
16 27 53
16 28 40
16 29 50
16 30 70
16 31 94
16 32 9
16 33 83
16 34 23
16 35 89
16 36 61
16 37 44
16 38 70
16 39 14
16 40 31
16 41 23
16 42 78
16 43 78
16 44 19
16 45 77
16 46 30
16 47 18
16 48 71
16 49 10
17 18 72
17 19 21
17 20 89
17 21 54
17 22 34
17 23 77
17 24 103
17 25 60
17 26 26
17 27 50
17 28 60
17 29 75
17 30 51
17 31 102
17 32 34
17 33 67
17 34 14
17 35 89
17 36 43
17 37 17
17 38 51
17 39 36
17 40 49
17 41 11
17 42 58
17 43 81
17 44 9
17 45 66
17 46 11
17 47 44
17 48 53
17 49 30
18 19 66
18 20 35
18 21 25
18 22 38
18 23 22
18 24 50
18 25 38
18 26 79
18 27 24
18 28 63
18 29 85
18 30 39
18 31 48
18 32 73
18 33 29
18 34 61
18 35 21
18 36 40
18 37 65
18 38 41
18 39 68
18 40 60
18 41 82
18 42 44
18 43 23
18 44 70
18 45 17
18 46 61
18 47 76
18 48 37
18 49 87
19 20 75
19 21 44
19 22 29
19 23 65
19 24 87
19 25 66
19 26 14
19 27 42
19 28 39
19 29 55
19 30 58
19 31 87
19 32 14
19 33 70
19 34 11
19 35 79
19 36 49
19 37 34
19 38 58
19 39 15
19 40 29
19 41 22
19 42 65
19 43 69
19 44 12
19 45 64
19 46 19
19 47 24
19 48 59
19 49 21
20 21 36
20 22 58
20 23 15
20 24 15
20 25 73
20 26 86
20 27 42
20 28 52
20 29 68
20 30 72
20 31 14
20 32 76
20 33 64
20 34 76
20 35 20
20 36 71
20 37 89
20 38 74
20 39 70
20 40 56
20 41 96
20 42 78
20 43 12
20 44 84
20 45 52
20 46 79
20 47 74
20 48 70
20 49 93
21 22 22
21 23 23
21 24 50
21 25 47
21 26 56
21 27 8
21 28 39
21 29 62
21 30 43
21 31 49
21 32 49
21 33 43
21 34 42
21 35 36
21 36 39
21 37 53
21 38 44
21 39 44
21 40 36
21 41 62
21 42 50
21 43 27
21 44 50
21 45 32
21 46 44
21 47 52
21 48 42
21 49 64
22 23 44
22 24 72
22 25 39
22 26 43
22 27 16
22 28 46
22 29 68
22 30 32
22 31 71
22 32 40
22 33 42
22 34 23
22 35 55
22 36 25
22 37 31
22 38 33
22 39 37
22 40 38
22 41 43
22 42 40
22 43 48
22 44 32
22 45 36
22 46 23
22 47 46
22 48 33
22 49 50
23 24 30
23 25 59
23 26 77
23 27 28
23 28 49
23 29 69
23 30 58
23 31 28
23 32 68
23 33 50
23 34 65
23 35 16
23 36 56
23 37 76
23 38 59
23 39 63
23 40 50
23 41 85
23 42 63
23 43 4
23 44 73
23 45 38
23 46 67
23 47 69
23 48 56
23 49 85
24 25 88
24 26 97
24 27 57
24 28 59
24 29 71
24 30 88
24 31 2
24 32 86
24 33 79
24 34 89
24 35 32
24 36 86
24 37 104
24 38 89
24 39 81
24 40 65
24 41 109
24 42 93
24 43 27
24 44 97
24 45 67
24 46 93
24 47 83
24 48 86
24 49 104
25 26 79
25 27 40
25 28 83
25 29 106
25 30 8
25 31 86
25 32 78
25 33 12
25 34 56
25 35 59
25 36 17
25 37 46
25 38 9
25 39 76
25 40 77
25 41 71
25 42 6
25 43 61
25 44 63
25 45 21
25 46 51
25 47 86
25 48 7
25 49 86
26 27 55
26 28 43
26 29 53
26 30 70
26 31 97
26 32 12
26 33 83
26 34 22
26 35 91
26 36 61
26 37 42
26 38 70
26 39 17
26 40 34
26 41 21
26 42 78
26 43 81
26 44 17
26 45 78
26 46 29
26 47 21
26 48 72
26 49 8
27 28 44
27 29 67
27 30 36
27 31 55
27 32 49
27 33 37
27 34 38
27 35 39
27 36 31
27 37 47
27 38 37
27 39 45
27 40 40
27 41 59
27 42 43
27 43 32
27 44 47
27 45 27
27 46 39
27 47 53
27 48 35
27 49 63
28 29 23
28 30 77
28 31 59
28 32 31
28 33 82
28 34 47
28 35 65
28 36 70
28 37 69
28 38 78
28 39 26
28 40 10
28 41 61
28 42 85
28 43 52
28 44 51
28 45 71
28 46 54
28 47 25
28 48 77
28 49 49
29 30 100
29 31 72
29 32 42
29 33 104
29 34 64
29 35 84
29 36 92
29 37 88
29 38 100
29 39 40
29 40 30
29 41 73
29 42 108
29 43 71
29 44 66
29 45 94
29 46 72
29 47 33
29 48 100
29 49 56
30 31 85
30 32 70
30 33 18
30 34 48
30 35 61
30 36 9
30 37 38
30 38 2
30 39 68
30 40 70
30 41 63
30 42 8
30 43 60
30 44 55
30 45 24
30 46 43
30 47 78
30 48 2
30 49 77
31 32 86
31 33 77
31 34 88
31 35 29
31 36 84
31 37 102
31 38 87
31 39 80
31 40 64
31 41 108
31 42 91
31 43 25
31 44 96
31 45 65
31 46 92
31 47 83
31 48 84
31 49 104
32 33 81
32 34 25
32 35 83
32 36 62
32 37 48
32 38 70
32 39 6
32 40 22
32 41 31
32 42 78
32 43 72
32 44 24
32 45 74
32 46 33
32 47 10
32 48 71
32 49 18
33 34 62
33 35 49
33 36 25
33 37 55
33 38 20
33 39 78
33 40 76
33 41 78
33 42 18
33 43 52
33 44 69
33 45 12
33 46 57
33 47 88
33 48 16
33 49 91
34 35 77
34 36 39
34 37 23
34 38 48
34 39 25
34 40 37
34 41 21
34 42 55
34 43 68
34 44 9
34 45 58
34 46 8
34 47 35
34 48 49
34 49 29
35 36 61
35 37 85
35 38 63
35 39 78
35 40 66
35 41 98
35 42 65
35 43 13
35 44 86
35 45 38
35 46 78
35 47 84
35 48 58
35 49 99
36 37 30
36 38 9
36 39 60
36 40 63
36 41 54
36 42 16
36 43 59
36 44 46
36 45 27
36 46 34
36 47 70
36 48 10
36 49 68
37 38 36
37 39 49
37 40 59
37 41 27
37 42 43
37 43 79
37 44 25
37 45 56
37 46 16
37 47 58
37 48 40
37 49 47
38 39 68
38 40 71
38 41 62
38 42 8
38 43 62
38 44 54
38 45 26
38 46 42
38 47 78
38 48 4
38 49 77
39 40 17
39 41 35
39 42 76
39 43 66
39 44 27
39 45 71
39 46 33
39 47 10
39 48 69
39 49 23
40 41 51
40 42 78
40 43 54
40 44 41
40 45 67
40 46 44
40 47 19
40 48 70
40 49 40
41 42 69
41 43 89
41 44 12
41 45 76
41 46 21
41 47 41
41 48 64
41 49 22
42 43 66
42 44 62
42 45 27
42 46 49
42 47 86
42 48 8
42 49 85
43 44 77
43 45 40
43 46 70
43 47 72
43 48 59
43 49 88
44 45 66
44 46 12
44 47 35
44 48 56
44 49 23
45 46 55
45 47 80
45 48 21
45 49 86
46 47 43
46 48 44
46 49 35
47 48 79
47 49 24
48 49 79
0 4 44
0 5 58
0 7 38
0 11 16
0 12 28
0 14 79
0 16 57
0 18 48
0 21 30
0 30 73
0 31 38
0 32 48
0 35 46
0 42 80
0 46 62
0 48 72
0 49 67
1 6 49
1 11 32
1 13 32
1 17 44
1 18 49
1 23 42
1 24 62
1 29 42
1 30 58
1 31 61
1 32 26
1 35 58
1 36 51
1 39 20
1 42 66
1 43 46
1 45 55
1 46 36
1 48 58
2 3 46
2 4 77
2 13 86
2 14 70
2 17 11
2 24 113
2 30 60
2 31 112
2 33 76
2 36 51
2 38 59
2 39 42
2 40 58
2 41 8
2 43 92
2 48 62
3 4 33
3 9 36
3 14 30
3 17 37
3 18 37
3 25 28
3 30 20
3 32 50
3 33 32
3 39 48
3 40 51
3 42 28
3 43 53
3 45 29
3 48 21
4 6 89
4 7 82
4 11 31
4 14 39
4 15 63
4 18 6
4 22 33
4 23 21
4 26 73
4 35 25
4 36 37
4 38 39
4 39 62
4 41 76
4 48 35
5 8 73
5 10 39
5 12 57
5 18 31
5 20 60
5 21 29
5 24 76
5 25 21
5 29 85
5 44 47
5 45 20
6 8 21
6 14 116
6 17 76
6 20 81
6 21 72
6 22 74
6 24 84
6 32 43
6 33 113
6 34 67
6 41 73
6 42 115
6 43 83
6 46 75
6 48 107
6 49 53
7 18 86
7 25 111
7 26 64
7 27 71
7 33 108
7 35 83
7 39 49
7 40 37
7 45 97
8 12 16
8 16 41
8 18 74
8 19 43
8 28 11
8 29 13
8 33 92
8 34 53
8 35 75
8 40 17
9 14 62
9 15 47
9 16 28
9 21 54
9 26 26
9 28 59
9 29 75
9 31 101
9 32 34
9 38 50
9 49 31
10 11 48
10 16 22
10 18 56
10 19 11
10 23 55
10 25 59
10 26 23
10 30 52
10 35 68
10 41 32
10 47 26
11 13 14
11 14 69
11 17 73
11 19 58
11 21 22
11 26 68
11 27 30
11 29 54
11 31 29
11 34 59
11 35 30
11 38 66
11 39 52
11 40 38
11 42 71
12 26 34
12 30 72
12 31 66
12 33 78
12 36 64
12 44 41
13 14 81
13 17 76
13 18 48
13 23 28
13 30 76
13 31 32
13 33 74
13 37 81
13 39 50
13 41 81
13 47 52
13 48 74
14 19 68
14 26 81
14 28 86
14 30 11
14 32 81
14 33 12
14 35 60
14 41 74
14 43 63
14 48 10
15 16 24
15 17 47
15 19 26
15 28 17
15 43 64
15 44 38
15 48 75
16 20 83
16 29 50
16 32 9
16 35 89
16 36 61
16 39 14
17 18 72
17 21 54
17 28 60
17 30 51
17 31 102
17 32 34
17 34 14
17 35 89
17 36 43
17 37 17
17 38 51
17 39 36
17 40 49
17 41 11
17 44 9
17 46 11
17 47 44
18 19 66
18 25 38
18 35 21
18 37 65
18 43 23
18 44 70
18 46 61
18 49 87
19 0 52
19 20 75
19 23 65
19 26 14
19 28 39
19 30 58
19 31 87
19 32 14
19 41 22
19 42 65
19 43 69
20 26 86
20 28 52
20 30 72
20 34 76
20 38 74
20 41 96
20 42 78
20 44 84
20 49 93
21 24 50
21 26 56
21 28 39
21 29 62
21 31 49
21 33 43
21 35 36
21 42 50
21 48 42
22 25 39
22 26 43
22 31 71
22 32 40
22 33 42
22 40 38
22 42 40
22 43 48
23 26 77
23 27 28
23 29 69
23 32 68
23 34 65
23 37 76
23 39 63
23 45 38
23 46 67
23 48 56
24 35 32
24 38 89
24 41 109
24 44 97
24 45 67
24 46 93
24 49 104
25 36 17
25 40 77
25 44 63
25 45 21
26 30 70
26 33 83
26 34 22
26 36 61
26 38 70
26 39 17
26 41 21
26 43 81
27 32 49
27 35 39
27 39 45
27 46 39
28 34 47
28 36 70
28 38 78
28 46 54
29 31 72
29 32 42
29 33 104
29 42 108
29 43 71
29 46 72
30 33 18
30 34 48
30 36 9
30 37 38
30 41 63
30 44 55
30 46 43
30 49 77
31 33 77
31 34 88
31 45 65
32 43 72
32 45 74
32 46 33
32 48 71
33 34 62
33 37 55
33 47 88
33 49 91
34 35 77
34 36 39
34 45 58
34 46 8
34 48 49
35 38 63
35 42 65
35 43 13
35 45 38
36 40 63
36 42 16
36 44 46
36 45 27
37 38 36
37 42 43
37 43 79
37 44 25
37 45 56
37 49 47
38 39 68
38 40 71
38 45 26
38 46 42
38 49 77
39 45 71
39 47 10
40 41 51
40 43 54
40 45 67
41 46 21
41 49 22
42 46 49
43 46 70
44 45 66
44 46 12
44 49 23
45 47 80
46 48 44
