20 0.7 10 1 0.1 190 133 19
0.912953 0.480458 4
0.488123 0.99286 10
0.984132 0.854786 8
0.454951 0.179342 5
0.706752 0.551377 5
0.587889 0.98564 10
0.571156 0.182203 4
0.404263 0.660917 8
0.913939 0.0540352 0
0.364939 0.947081 10
0.384648 0.307462 6
0.0770225 0.738368 11
0.681185 0.167385 3
0.227192 0.0166633 7
0.719025 0.65001 6
0.61837 0.509425 5
0.339226 0.534361 7
0.231109 0.480224 8
0.179504 0.461619 8
0.29662 0.86077 10
0 1 67
0 2 38
0 3 55
0 4 22
0 5 60
0 6 45
0 7 54
0 8 43
0 9 72
0 10 56
0 11 87
0 12 39
0 13 83
0 14 26
0 15 30
0 16 58
0 17 68
0 18 73
0 19 72
1 2 51
1 3 81
1 4 49
1 5 10
1 6 81
1 7 34
1 8 103
1 9 13
1 10 69
1 11 48
1 12 85
1 13 101
1 14 41
1 15 50
1 16 48
1 17 57
1 18 61
1 19 23
2 3 86
2 4 41
2 5 42
2 6 79
2 7 61
2 8 80
2 9 63
2 10 81
2 11 91
2 12 75
2 13 113
2 14 33
2 15 50
2 16 72
2 17 84
2 18 90
2 19 69
3 4 45
3 5 82
3 6 12
3 7 48
3 8 48
3 9 77
3 10 15
3 11 67
3 12 23
3 13 28
3 14 54
3 15 37
3 16 37
3 17 38
3 18 39
3 19 70
4 5 45
4 6 39
4 7 32
4 8 54
4 9 52
4 10 40
4 11 66
4 12 38
4 13 72
4 14 10
4 15 10
4 16 37
4 17 48
4 18 53
4 19 51
5 6 80
5 7 37
5 8 99
5 9 23
5 10 71
5 11 57
5 12 82
5 13 103
5 14 36
5 15 48
5 16 52
5 17 62
5 18 66
5 19 32
6 7 51
6 8 37
6 9 79
6 10 22
6 11 74
6 12 11
6 13 38
6 14 49
6 15 33
6 16 42
6 17 45
6 18 48
6 19 73
7 8 79
7 9 29
7 10 35
7 11 34
7 12 57
7 13 67
7 14 31
7 15 26
7 16 14
7 17 25
7 18 30
7 19 23
8 9 105
8 10 59
8 11 108
8 12 26
8 13 69
8 14 63
8 15 54
8 16 75
8 17 80
8 18 84
8 19 102
9 10 64
9 11 36
9 12 84
9 13 94
9 14 46
9 15 51
9 16 41
9 17 49
9 18 52
9 19 11
10 11 53
10 12 33
10 13 33
10 14 48
10 15 31
10 16 23
10 17 23
10 18 26
10 19 56
11 12 83
11 13 74
11 14 65
11 15 59
11 16 33
11 17 30
11 18 30
11 19 25
12 13 48
12 14 48
12 15 35
12 16 50
12 17 55
12 18 58
12 19 79
13 14 80
13 15 63
13 16 53
13 17 46
13 18 45
13 19 85
14 15 17
14 16 40
14 17 52
14 18 57
14 19 47
15 16 28
15 17 39
15 18 44
15 19 48
16 17 12
16 18 18
16 19 33
17 18 5
17 19 39
18 19 42
0 1 67
0 2 38
0 3 55
0 4 22
0 5 60
0 7 54
0 8 43
0 10 56
0 11 87
0 14 26
0 15 30
0 16 58
0 17 68
0 18 73
1 2 51
1 4 49
1 5 10
1 6 81
1 8 103
1 10 69
1 11 48
1 13 101
1 14 41
1 15 50
1 18 61
1 19 23
2 3 86
2 4 41
2 5 42
2 6 79
2 8 80
2 9 63
2 10 81
2 11 91
2 12 75
2 15 50
2 16 72
2 17 84
2 18 90
3 4 45
3 5 82
3 6 12
3 7 48
3 8 48
3 9 77
3 10 15
3 11 67
3 13 28
3 15 37
3 16 37
3 17 38
3 19 70
4 6 39
4 7 32
4 8 54
4 9 52
4 10 40
4 11 66
4 12 38
4 15 10
4 16 37
4 19 51
5 6 80
5 7 37
5 8 99
5 10 71
5 11 57
5 12 82
5 13 103
5 14 36
5 17 62
5 18 66
5 19 32
6 8 37
6 9 79
6 10 22
6 12 11
6 13 38
6 14 49
6 16 42
6 17 45
6 18 48
7 9 29
7 10 35
7 12 57
7 13 67
7 14 31
7 15 26
7 17 25
7 18 30
7 19 23
8 11 108
8 12 26
8 13 69
8 15 54
8 16 75
8 18 84
8 19 102
9 12 84
9 13 94
9 15 51
9 17 49
9 19 11
10 11 53
10 12 33
10 13 33
10 14 48
10 15 31
10 16 23
10 18 26
10 19 56
11 12 83
11 13 74
11 15 59
11 16 33
11 17 30
11 18 30
12 17 55
12 19 79
13 15 63
13 17 46
13 18 45
13 19 85
14 15 17
14 17 52
14 18 57
15 16 28
15 17 39
15 19 48
16 17 12
16 18 18
17 19 39
18 19 42
