10 0.3 20 0 0.5 45 14 1
0.14416 0.210883 31
0.704269 0.923358 16
0.596035 0.626913 0
0.0682078 0.691029 27
0.144334 0.748124 23
0.532605 0.799267 9
0.157938 0.425855 24
0.371159 0.692116 12
0.181781 0.468142 22
0.700448 0.552592 6
0 1 91
0 2 61
0 3 49
0 4 54
0 5 71
0 6 22
0 7 53
0 8 26
0 9 65
1 2 32
1 3 68
1 4 59
1 5 21
1 6 74
1 7 41
1 8 69
1 9 37
2 3 53
2 4 47
2 5 18
2 6 48
2 7 23
2 8 44
2 9 13
3 4 10
3 5 48
3 6 28
3 7 30
3 8 25
3 9 65
4 5 39
4 6 32
4 7 23
4 8 28
4 9 59
5 6 53
5 7 19
5 8 48
5 9 30
6 7 34
6 8 5
6 9 56
7 8 29
7 9 36
8 9 53
0 2 61
0 3 49
1 2 32
1 5 21
1 9 37
2 4 47
2 6 48
2 7 23
3 8 25
4 6 32
4 7 23
5 7 19
5 8 48
7 9 36
