100 4950 1485 5
0.853548 0.42365 37
0.528904 0.829636 30
0.415687 0.455631 11
0.298439 0.31688 29
0.67746 0.377407 24
0.242117 0.157238 46
0.964024 0.706336 50
0.35599 0.206502 36
0.00234892 0.42258 51
0.855521 0.430014 37
0.183657 0.0698527 56
0.816901 0.437944 34
0.567628 0.506711 8
0.464822 0.273968 26
0.384298 0.0238364 52
0.990826 0.759245 54
0.734834 0.976642 50
0.714363 0.837967 37
0.159763 0.58333 34
0.616233 0.883618 37
0.0363877 0.816148 54
0.971057 0.879053 59
0.496117 0.535106 0
0.277458 0.357763 28
0.181248 0.0467764 58
0.727631 0.729486 30
0.403373 0.779663 26
0.209149 0.369008 33
0.165904 0.866763 47
0.967141 0.150851 61
0.731023 0.878357 42
0.0734097 0.570673 42
0.858045 0.510314 36
0.0883608 0.621626 42
0.0547966 0.361574 47
0.777524 0.152725 47
0.942825 0.115429 61
0.88126 0.544204 39
0.69939 0.528527 20
0.693225 0.539523 20
0.65605 0.0603962 50
0.784805 0.259963 40
0.0381911 0.854301 56
0.100123 0.403916 42
0.944717 0.269249 52
0.0804323 0.464898 42
0.212535 0.0253415 58
0.0363553 0.515023 46
0.148647 0.0908414 56
0.552445 0.58916 8
0.0452325 0.11298 62
0.717484 0.0904768 50
0.530576 0.870288 34
0.383023 0.886681 37
0.410304 0.668398 16
0.111461 0.219686 50
0.712253 0.655301 25
0.190248 0.260741 41
0.766719 0.5657 27
0.608566 0.809916 30
0.730455 0.426974 26
0.069348 0.756879 48
0.995492 0.0406834 70
0.313126 0.0428727 53
0.673622 0.985453 48
0.573647 0.414824 14
0.472137 0.783611 25
0.658274 0.676419 22
0.0634047 0.751301 48
0.206985 0.819866 41
0.250682 0.137709 47
0.258067 0.265349 36
0.395397 0.294755 26
0.522914 0.4518 9
0.763749 0.765283 35
0.903003 0.918938 56
0.510841 0.592947 6
0.00753813 0.238649 57
0.240613 0.364843 31
0.170177 0.124878 52
0.184116 0.413152 33
0.752123 0.285087 36
0.338262 0.607835 17
0.308702 0.239563 35
0.463507 0.661212 13
0.84851 0.936486 53
0.269179 0.23869 37
0.408319 0.676468 17
0.414783 0.603065 11
0.6984 0.868837 39
0.15928 0.915541 51
0.77737 0.0388656 57
0.147632 0.272435 44
0.915221 0.645602 43
0.737758 0.951788 48
0.96553 0.169412 60
0.972224 0.830867 56
0.863061 0.831602 47
0.963435 0.595082 47
0.270143 0.349669 29
0 1 52
0 2 44
0 3 57
0 4 18
0 5 67
0 6 30
0 7 54
0 8 85
0 9 1
0 10 76
0 11 4
0 12 30
0 13 42
0 14 62
0 15 36
0 16 57
0 17 44
0 18 71
0 19 52
0 20 91
0 21 47
0 22 37
0 23 58
0 24 77
0 25 33
0 26 57
0 27 65
0 28 82
0 29 30
0 30 47
0 31 79
0 32 9
0 33 79
0 34 80
0 35 28
0 36 32
0 37 12
0 38 19
0 39 20
0 40 41
0 41 18
0 42 92
0 43 75
0 44 18
0 45 77
0 46 75
0 47 82
0 48 78
0 49 34
0 50 87
0 51 36
0 52 55
0 53 66
0 54 51
0 55 77
0 56 27
0 57 68
0 58 17
0 59 46
0 60 12
0 61 85
0 62 41
0 63 66
0 64 59
0 65 28
0 66 52
0 67 32
0 68 86
0 69 76
0 70 67
0 71 62
0 72 48
0 73 33
0 74 35
0 75 50
0 76 38
0 77 87
0 78 62
0 79 75
0 80 67
0 81 17
0 82 55
0 83 58
0 84 46
0 85 51
0 86 61
0 87 51
0 88 47
0 89 47
0 90 85
0 91 39
0 92 72
0 93 23
0 94 54
0 95 28
0 96 42
0 97 41
0 98 20
0 99 59
1 2 39
1 3 56
1 4 48
1 5 73
1 6 45
1 7 65
1 8 67
1 9 52
1 10 83
1 11 49
1 12 33
1 13 56
1 14 82
1 15 47
1 16 25
1 17 19
1 18 44
1 19 10
1 20 49
1 21 44
1 22 30
1 23 53
1 24 86
1 25 22
1 26 14
1 27 56
1 28 36
1 29 81
1 30 21
1 31 52
1 32 46
1 33 49
1 34 67
1 35 72
1 36 83
1 37 45
1 38 35
1 39 33
1 40 78
1 41 62
1 42 49
1 43 60
1 44 70
1 45 58
1 46 86
1 47 58
1 48 83
1 49 24
1 50 86
1 51 76
1 52 4
1 53 16
1 54 20
1 55 74
1 56 25
1 57 66
1 58 36
1 59 8
1 60 45
1 61 47
1 62 92
1 63 82
1 64 21
1 65 42
1 66 7
1 67 20
1 68 47
1 69 32
1 70 75
1 71 63
1 72 55
1 73 38
1 74 24
1 75 38
1 76 24
1 77 79
1 78 55
1 79 79
1 80 54
1 81 59
1 82 29
1 83 63
1 84 18
1 85 34
1 86 65
1 87 19
1 88 25
1 89 17
1 90 38
1 91 83
1 92 68
1 93 43
1 94 24
1 95 79
1 96 44
1 97 33
1 98 49
1 99 55
2 3 18
2 4 27
2 5 35
2 6 60
2 7 26
2 8 41
2 9 44
2 10 45
2 11 40
2 12 16
2 13 19
2 14 43
2 15 65
2 16 61
2 17 49
2 18 29
2 19 47
2 20 52
2 21 70
2 22 11
2 23 17
2 24 47
2 25 42
2 26 32
2 27 22
2 28 48
2 29 63
2 30 53
2 31 36
2 32 45
2 33 37
2 34 37
2 35 47
2 36 63
2 37 47
2 38 29
2 39 29
2 40 46
2 41 42
2 42 55
2 43 32
2 44 56
2 45 34
2 46 48
2 47 38
2 48 45
2 49 19
2 50 50
2 51 47
2 52 43
2 53 43
2 54 21
2 55 38
2 56 36
2 57 30
2 58 37
2 59 40
2 60 32
2 61 46
2 62 71
2 63 43
2 64 59
2 65 16
2 66 33
2 67 33
2 68 46
2 69 42
2 70 36
2 71 25
2 72 16
2 73 11
2 74 47
2 75 67
2 76 17
2 77 46
2 78 20
2 79 41
2 80 24
2 81 38
2 82 17
2 83 24
2 84 21
2 85 65
2 86 26
2 87 22
2 88 15
2 89 50
2 90 53
2 91 55
2 92 32
2 93 53
2 94 59
2 95 62
2 96 67
2 97 58
2 98 57
2 99 18
3 4 38
3 5 17
3 6 77
3 7 12
3 8 31
3 9 57
3 10 27
3 11 53
3 12 33
3 13 17
3 14 31
3 15 82
3 16 79
3 17 67
3 18 30
3 19 65
3 20 56
3 21 88
3 22 29
3 23 5
3 24 29
3 25 60
3 26 47
3 27 10
3 28 57
3 29 69
3 30 71
3 31 34
3 32 59
3 33 37
3 34 25
3 35 51
3 36 68
3 37 63
3 38 45
3 39 45
3 40 44
3 41 49
3 42 60
3 43 22
3 44 65
3 45 26
3 46 30
3 47 33
3 48 27
3 49 37
3 50 33
3 51 48
3 52 60
3 53 58
3 54 37
3 55 21
3 56 53
3 57 12
3 58 53
3 59 58
3 60 45
3 61 50
3 62 75
3 63 27
3 64 77
3 65 29
3 66 50
3 67 51
3 68 49
3 69 51
3 70 19
3 71 7
3 72 10
3 73 26
3 74 65
3 75 85
3 76 35
3 77 30
3 78 8
3 79 23
3 80 15
3 81 45
3 82 29
3 83 8
3 84 38
3 85 83
3 86 8
3 87 38
3 88 31
3 89 68
3 90 61
3 91 55
3 92 16
3 93 70
3 94 77
3 95 68
3 96 85
3 97 76
3 98 72
3 99 4
4 5 49
4 6 44
4 7 36
4 8 68
4 9 19
4 10 58
4 11 15
4 12 17
4 13 24
4 14 46
4 15 49
4 16 60
4 17 46
4 18 56
4 19 51
4 20 78
4 21 58
4 22 24
4 23 40
4 24 60
4 25 36
4 26 49
4 27 47
4 28 71
4 29 37
4 30 50
4 31 63
4 32 22
4 33 64
4 34 62
4 35 25
4 36 37
4 37 26
4 38 15
4 39 16
4 40 32
4 41 16
4 42 80
4 43 58
4 44 29
4 45 60
4 46 58
4 47 66
4 48 60
4 49 25
4 50 69
4 51 29
4 52 51
4 53 59
4 54 40
4 55 59
4 56 28
4 57 50
4 58 21
4 59 44
4 60 7
4 61 72
4 62 46
4 63 49
4 64 61
4 65 11
4 66 46
4 67 30
4 68 72
4 69 65
4 70 49
4 71 43
4 72 29
4 73 17
4 74 40
4 75 59
4 76 27
4 77 68
4 78 44
4 79 57
4 80 49
4 81 12
4 82 41
4 83 39
4 84 36
4 85 58
4 86 43
4 87 40
4 88 35
4 89 49
4 90 75
4 91 35
4 92 54
4 93 36
4 94 58
4 95 36
4 96 54
4 97 49
4 98 36
4 99 41
5 6 91
5 7 12
5 8 36
5 9 67
5 10 11
5 11 64
5 12 48
5 13 25
5 14 19
5 15 96
5 16 96
5 17 83
5 18 43
5 19 82
5 20 69
5 21 103
5 22 46
5 23 20
5 24 13
5 25 75
5 26 64
5 27 21
5 28 71
5 29 73
5 30 87
5 31 45
5 32 71
5 33 49
5 34 28
5 35 54
5 36 70
5 37 75
5 38 59
5 39 59
5 40 43
5 41 55
5 42 73
5 43 28
5 44 71
5 45 35
5 46 14
5 47 41
5 48 11
5 49 53
5 50 20
5 51 48
5 52 77
5 53 74
5 54 54
5 55 14
5 56 68
5 57 12
5 58 66
5 59 75
5 60 56
5 61 62
5 62 76
5 63 13
5 64 93
5 65 42
5 66 67
5 67 67
5 68 62
5 69 66
5 70 2
5 71 11
5 72 21
5 73 41
5 74 80
5 75 101
5 76 51
5 77 25
5 78 21
5 79 8
5 80 26
5 81 53
5 82 46
5 83 11
5 84 55
5 85 99
5 86 9
5 87 55
5 88 48
5 89 85
5 90 76
5 91 55
5 92 15
5 93 83
5 94 94
5 95 72
5 96 99
5 97 92
5 98 84
5 99 19
6 7 79
6 8 100
6 9 30
6 10 101
6 11 31
6 12 44
6 13 66
6 14 90
6 15 6
6 16 35
6 17 28
6 18 81
6 19 39
6 20 93
6 21 17
6 22 50
6 23 77
6 24 102
6 25 24
6 26 57
6 27 83
6 28 81
6 29 56
6 30 29
6 31 90
6 32 22
6 33 88
6 34 97
6 35 58
6 36 59
6 37 18
6 38 32
6 39 32
6 40 72
6 41 48
6 42 94
6 43 92
6 44 44
6 45 92
6 46 101
6 47 95
6 48 102
6 49 43
6 50 109
6 51 66
6 52 46
6 53 61
6 54 56
6 55 98
6 56 26
6 57 89
6 58 24
6 59 37
6 60 36
6 61 90
6 62 67
6 63 93
6 64 40
6 65 49
6 66 50
6 67 31
6 68 90
6 69 77
6 70 91
6 71 83
6 72 70
6 73 51
6 74 21
6 75 22
6 76 47
6 77 106
6 78 80
6 79 98
6 80 83
6 81 47
6 82 63
6 83 80
6 84 50
6 85 26
6 86 84
6 87 56
6 88 56
6 89 31
6 90 83
6 91 69
6 92 92
6 93 8
6 94 33
6 95 54
6 96 12
6 97 16
6 98 11
6 99 78
7 8 41
7 9 55
7 10 22
7 11 52
7 12 37
7 13 13
7 14 18
7 15 84
7 16 86
7 17 73
7 18 42
7 19 73
7 20 69
7 21 91
7 22 36
7 23 17
7 24 24
7 25 64
7 26 58
7 27 22
7 28 69
7 29 61
7 30 77
7 31 46
7 32 59
7 33 49
7 34 34
7 35 42
7 36 59
7 37 62
7 38 47
7 39 47
7 40 33
7 41 43
7 42 72
7 43 32
7 44 59
7 45 38
7 46 23
7 47 44
7 48 24
7 49 43
7 50 32
7 51 38
7 52 69
7 53 68
7 54 47
7 55 24
7 56 57
7 57 17
7 58 55
7 59 65
7 60 43
7 61 62
7 62 66
7 63 17
7 64 84
7 65 30
7 66 59
7 67 56
7 68 62
7 69 63
7 70 13
7 71 11
7 72 10
7 73 30
7 74 69
7 75 90
7 76 42
7 77 35
7 78 20
7 79 20
7 80 27
7 81 40
7 82 40
7 83 6
7 84 47
7 85 88
7 86 9
7 87 47
7 88 40
7 89 75
7 90 74
7 91 45
7 92 22
7 93 71
7 94 84
7 95 61
7 96 88
7 97 80
7 98 72
7 99 17
8 9 85
8 10 40
8 11 81
8 12 57
8 13 49
8 14 55
8 15 104
8 16 92
8 17 82
8 18 22
8 19 77
8 20 40
8 21 107
8 22 51
8 23 28
8 24 42
8 25 79
8 26 54
8 27 21
8 28 47
8 29 100
8 30 86
8 31 16
8 32 86
8 33 22
8 34 8
8 35 82
8 36 99
8 37 89
8 38 71
8 39 70
8 40 75
8 41 80
8 42 43
8 43 10
8 44 95
8 45 9
8 46 45
8 47 10
8 48 36
8 49 57
8 50 31
8 51 79
8 52 69
8 53 60
8 54 48
8 55 23
8 56 75
8 57 25
8 58 78
8 59 72
8 60 73
8 61 34
8 62 106
8 63 49
8 64 88
8 65 57
8 66 59
8 67 70
8 68 33
8 69 45
8 70 38
8 71 30
8 72 41
8 73 52
8 74 83
8 75 103
8 76 54
8 77 18
8 78 25
8 79 34
8 80 18
8 81 76
8 82 38
8 83 36
8 84 52
8 85 99
8 86 32
8 87 48
8 88 45
8 89 83
8 90 52
8 91 86
8 92 21
8 93 94
8 94 91
8 95 100
8 96 105
8 97 95
8 98 98
8 99 28
9 10 76
9 11 4
9 12 30
9 13 42
9 14 62
9 15 36
9 16 56
9 17 43
9 18 71
9 19 51
9 20 91
9 21 46
9 22 37
9 23 58
9 24 78
9 25 33
9 26 57
9 27 65
9 28 82
9 29 30
9 30 47
9 31 79
9 32 8
9 33 79
9 34 80
9 35 29
9 36 33
9 37 12
9 38 18
9 39 20
9 40 42
9 41 18
9 42 92
9 43 76
9 44 18
9 45 78
9 46 76
9 47 82
9 48 78
9 49 34
9 50 87
9 51 37
9 52 55
9 53 66
9 54 51
9 55 77
9 56 27
9 57 69
9 58 16
9 59 45
9 60 13
9 61 85
9 62 41
9 63 67
9 64 58
9 65 28
9 66 52
9 67 32
9 68 85
9 69 76
9 70 67
9 71 62
9 72 48
9 73 33
9 74 35
9 75 49
9 76 38
9 77 87
9 78 62
9 79 75
9 80 67
9 81 18
9 82 55
9 83 58
9 84 46
9 85 51
9 86 62
9 87 51
9 88 47
9 89 47
9 90 85
9 91 40
9 92 73
9 93 22
9 94 53
9 95 28
9 96 42
9 97 40
9 98 20
9 99 59
10 11 73
10 12 58
10 13 35
10 14 21
10 15 106
10 16 106
10 17 93
10 18 51
10 19 92
10 20 76
10 21 113
10 22 56
10 23 30
10 24 2
10 25 85
10 26 74
10 27 30
10 28 80
10 29 79
10 30 98
10 31 51
10 32 81
10 33 56
10 34 32
10 35 60
10 36 76
10 37 84
10 38 69
10 39 69
10 40 47
10 41 63
10 42 80
10 43 34
10 44 79
10 45 41
10 46 5
10 47 47
10 48 4
10 49 64
10 50 14
10 51 53
10 52 87
10 53 84
10 54 64
10 55 17
10 56 79
10 57 19
10 58 77
10 59 85
10 60 65
10 61 70
10 62 81
10 63 13
10 64 104
10 65 52
10 66 77
10 67 77
10 68 69
10 69 75
10 70 10
10 71 21
10 72 31
10 73 51
10 74 91
10 75 111
10 76 62
10 77 24
10 78 30
10 79 6
10 80 34
10 81 61
10 82 56
10 83 21
10 84 65
10 85 109
10 86 19
10 87 65
10 88 58
10 89 95
10 90 85
10 91 59
10 92 21
10 93 93
10 94 104
10 95 79
10 96 110
10 97 102
10 98 94
10 99 29
11 12 26
11 13 39
11 14 60
11 15 37
11 16 54
11 17 41
11 18 67
11 19 49
11 20 87
11 21 47
11 22 34
11 23 55
11 24 75
11 25 30
11 26 54
11 27 61
11 28 78
11 29 32
11 30 45
11 31 76
11 32 8
11 33 75
11 34 77
11 35 29
11 36 35
11 37 12
11 38 15
11 39 16
11 40 41
11 41 18
11 42 88
11 43 72
11 44 21
11 45 74
11 46 73
11 47 78
11 48 75
11 49 30
11 50 84
11 51 36
11 52 52
11 53 62
11 54 47
11 55 74
11 56 24
11 57 65
11 58 14
11 59 43
11 60 9
11 61 81
11 62 44
11 63 64
11 64 57
11 65 24
11 66 49
11 67 29
11 68 82
11 69 72
11 70 64
11 71 58
11 72 45
11 73 29
11 74 33
11 75 49
11 76 34
11 77 83
11 78 58
11 79 72
11 80 63
11 81 17
11 82 51
11 83 55
11 84 42
11 85 50
11 86 58
11 87 47
11 88 43
11 89 45
11 90 81
11 91 40
11 92 69
11 93 23
11 94 52
11 95 31
11 96 42
11 97 40
11 98 21
11 99 55
12 13 25
12 14 52
12 15 49
12 16 50
12 17 36
12 18 41
12 19 38
12 20 61
12 21 55
12 22 8
12 23 33
12 24 60
12 25 27
12 26 32
12 27 38
12 28 54
12 29 54
12 30 41
12 31 50
12 32 29
12 33 49
12 34 53
12 35 41
12 36 54
12 37 32
12 38 13
12 39 13
12 40 45
12 41 33
12 42 63
12 43 48
12 44 45
12 45 49
12 46 60
12 47 53
12 48 59
12 49 8
12 50 65
12 51 44
12 52 37
12 53 42
12 54 23
12 55 54
12 56 21
12 57 45
12 58 21
12 59 31
12 60 18
12 61 56
12 62 63
12 63 53
12 64 49
12 65 9
12 66 29
12 67 19
12 68 56
12 69 48
12 70 49
12 71 39
12 72 27
12 73 7
12 74 32
12 75 53
12 76 10
12 77 62
12 78 36
12 79 55
12 80 39
12 81 29
12 82 25
12 83 37
12 84 19
12 85 51
12 86 40
12 87 23
12 88 18
12 89 39
12 90 58
12 91 51
12 92 48
12 93 37
12 94 48
12 95 52
12 96 52
12 97 44
12 98 41
12 99 34
13 14 26
13 15 72
13 16 75
13 17 62
13 18 43
13 19 63
13 20 69
13 21 79
13 22 26
13 23 21
13 24 36
13 25 53
13 26 51
13 27 27
13 28 66
13 29 52
13 30 66
13 31 49
13 32 46
13 33 51
13 34 42
13 35 34
13 36 50
13 37 50
13 38 35
13 39 35
13 40 29
13 41 32
13 42 72
13 43 39
13 44 48
13 45 43
13 46 35
13 47 49
13 48 37
13 49 33
13 50 45
13 51 31
13 52 60
13 53 62
13 54 40
13 55 36
13 56 45
13 57 27
13 58 42
13 59 55
13 60 31
13 61 62
13 62 58
13 63 28
13 64 74
13 65 18
13 66 51
13 67 45
13 68 62
13 69 60
13 70 25
13 71 21
13 72 7
13 73 19
13 74 58
13 75 78
13 76 32
13 77 46
13 78 24
13 79 33
13 80 31
13 81 29
13 82 36
13 83 16
13 84 39
13 85 77
13 86 20
13 87 41
13 88 33
13 89 64
13 90 71
13 91 39
13 92 32
13 93 58
13 94 73
13 95 51
13 96 75
13 97 69
13 98 59
13 99 21
14 15 95
14 16 102
14 17 88
14 18 60
14 19 89
14 20 87
14 21 104
14 22 52
14 23 35
14 24 20
14 25 78
14 26 76
14 27 39
14 28 87
14 29 60
14 30 92
14 31 63
14 32 68
14 33 67
14 34 47
14 35 41
14 36 57
14 37 72
14 38 59
14 39 60
14 40 27
14 41 46
14 42 90
14 43 47
14 44 61
14 45 54
14 46 17
14 47 60
14 48 24
14 49 59
14 50 35
14 51 34
14 52 86
14 53 86
14 54 65
14 55 34
14 56 71
14 57 31
14 58 66
14 59 82
14 60 53
14 61 80
14 62 61
14 63 7
14 64 100
14 65 43
14 66 76
14 67 71
14 68 80
14 69 82
14 70 18
14 71 27
14 72 27
14 73 45
14 74 83
14 75 103
14 76 58
14 77 43
14 78 37
14 79 24
14 80 44
14 81 45
14 82 59
14 83 23
14 84 64
14 85 102
14 86 24
14 87 65
14 88 58
14 89 90
14 90 92
14 91 39
14 92 34
14 93 82
14 94 99
14 95 60
14 96 100
14 97 94
14 98 81
14 99 35
15 16 34
15 17 29
15 18 85
15 19 39
15 20 96
15 21 12
15 22 54
15 23 82
15 24 108
15 25 26
15 26 59
15 27 87
15 28 83
15 29 61
15 30 29
15 31 94
15 32 28
15 33 91
15 34 102
15 35 64
15 36 65
15 37 24
15 38 37
15 39 37
15 40 77
15 41 54
15 42 96
15 43 96
15 44 49
15 45 96
15 46 107
15 47 99
15 48 108
15 49 47
15 50 115
15 51 72
15 52 47
15 53 62
15 54 59
15 55 103
15 56 30
15 57 94
15 58 30
15 59 39
15 60 42
15 61 92
15 62 72
15 63 99
15 64 39
15 65 54
15 66 52
15 67 34
15 68 93
15 69 79
15 70 97
15 71 88
15 72 76
15 73 56
15 74 23
15 75 18
15 76 51
15 77 111
15 78 85
15 79 104
15 80 88
15 81 53
15 82 67
15 83 86
15 84 54
15 85 23
15 86 89
15 87 59
15 88 60
15 89 31
15 90 85
15 91 75
15 92 97
15 93 14
15 94 32
15 95 59
15 96 7
15 97 15
15 98 17
15 99 83
16 17 14
16 18 70
16 19 15
16 20 72
16 21 26
16 22 50
16 23 77
16 24 108
16 25 25
16 26 39
16 27 80
16 28 58
16 29 86
16 30 10
16 31 78
16 32 48
16 33 74
16 34 92
16 35 83
16 36 89
16 37 46
16 38 45
16 39 44
16 40 92
16 41 72
16 42 71
16 43 85
16 44 74
16 45 83
16 46 109
16 47 84
16 48 106
16 49 43
16 50 111
16 51 89
16 52 23
16 53 36
16 54 45
16 55 98
16 56 32
16 57 90
16 58 41
16 59 21
16 60 55
16 61 70
16 62 97
16 63 102
16 64 6
16 65 58
16 66 33
16 67 31
16 68 71
16 69 55
16 70 97
16 71 86
16 72 76
16 73 57
16 74 21
16 75 18
16 76 44
16 77 104
16 78 79
16 79 102
16 80 79
16 81 69
16 82 54
16 83 85
16 84 42
16 85 12
16 86 87
16 87 44
16 88 49
16 89 11
16 90 58
16 91 94
16 92 92
16 93 38
16 94 3
16 95 84
16 96 28
16 97 19
16 98 44
16 99 78
17 18 61
17 19 11
17 20 68
17 21 26
17 22 37
17 23 65
17 24 95
17 25 11
17 26 32
17 27 69
17 28 55
17 29 73
17 30 4
17 31 69
17 32 36
17 33 66
17 34 81
17 35 69
17 36 76
17 37 34
17 38 31
17 39 30
17 40 78
17 41 58
17 42 68
17 43 75
17 44 61
17 45 74
17 46 96
17 47 75
17 48 94
17 49 30
17 50 99
17 51 75
17 52 19
17 53 33
17 54 35
17 55 86
17 56 18
17 57 78
17 58 28
17 59 11
17 60 41
17 61 65
17 62 85
17 63 89
17 64 15
17 65 45
17 66 25
17 67 17
17 68 66
17 69 51
17 70 84
17 71 73
17 72 63
17 73 43
17 74 9
17 75 21
17 76 32
17 77 93
17 78 67
17 79 90
17 80 68
17 81 55
17 82 44
17 83 72
17 84 31
17 85 17
17 86 75
17 87 35
17 88 38
17 89 3
17 90 56
17 91 80
17 92 80
17 93 28
17 94 12
17 95 71
17 96 26
17 97 15
17 98 35
17 99 66
18 19 55
18 20 26
18 21 86
18 22 34
18 23 25
18 24 54
18 25 59
18 26 31
18 27 22
18 28 28
18 29 92
18 30 64
18 31 9
18 32 70
18 33 8
18 34 25
18 35 75
18 36 91
18 37 72
18 38 54
18 39 54
18 40 72
18 41 70
18 42 30
18 43 19
18 44 85
18 45 14
18 46 56
18 47 14
18 48 49
18 49 39
18 50 48
18 51 74
18 52 47
18 53 38
18 54 26
18 55 37
18 56 56
18 57 32
18 58 61
18 59 50
18 60 59
18 61 20
18 62 100
18 63 56
18 64 65
18 65 45
18 66 37
18 67 51
18 68 19
18 69 24
18 70 45
18 71 33
18 72 37
18 73 39
18 74 63
18 75 82
18 76 35
18 77 38
18 78 23
18 79 46
18 80 17
18 81 66
18 82 18
18 83 37
18 84 31
18 85 77
18 86 36
18 87 27
18 88 26
18 89 61
18 90 33
18 91 82
18 92 31
18 93 76
18 94 69
18 95 91
18 96 85
18 97 75
18 98 80
18 99 26
19 20 58
19 21 35
19 22 37
19 23 63
19 24 94
19 25 19
19 26 24
19 27 66
19 28 45
19 29 81
19 30 11
19 31 63
19 32 44
19 33 59
19 34 77
19 35 75
19 36 83
19 37 43
19 38 36
19 39 35
19 40 82
19 41 65
19 42 58
19 43 70
19 44 70
19 45 68
19 46 95
19 47 69
19 48 92
19 49 30
19 50 96
19 51 80
19 52 9
19 53 23
19 54 30
19 55 83
19 56 25
19 57 75
19 58 35
19 59 7
19 60 47
19 61 56
19 62 92
19 63 89
19 64 12
19 65 47
19 66 18
19 67 21
19 68 57
19 69 41
19 70 83
19 71 71
19 72 63
19 73 44
19 74 19
19 75 29
19 76 31
19 77 89
19 78 64
19 79 88
19 80 64
19 81 61
19 82 39
19 83 71
19 84 27
19 85 24
19 86 73
19 87 29
19 88 35
19 89 8
19 90 46
19 91 86
19 92 77
19 93 38
19 94 14
19 95 80
19 96 36
19 97 25
19 98 45
19 99 64
20 21 94
20 22 54
20 23 52
20 24 78
20 25 70
20 26 37
20 27 48
20 28 14
20 29 114
20 30 70
20 31 25
20 32 88
20 33 20
20 34 45
20 35 99
20 36 115
20 37 89
20 38 72
20 39 71
20 40 98
20 41 93
20 42 4
20 43 42
20 44 106
20 45 35
20 46 81
20 47 30
20 48 73
20 49 56
20 50 70
20 51 100
20 52 50
20 53 35
20 54 40
20 55 60
20 56 69
20 57 58
20 58 77
20 59 57
20 60 80
20 61 7
20 62 123
20 63 82
20 64 66
20 65 67
20 66 44
20 67 64
20 68 7
20 69 17
20 70 71
20 71 59
20 72 63
20 73 61
20 74 73
20 75 87
20 76 52
20 77 58
20 78 50
20 79 70
20 80 43
20 81 89
20 82 37
20 83 64
20 84 45
20 85 82
20 86 62
20 87 40
20 88 43
20 89 66
20 90 16
20 91 107
20 92 55
20 93 90
20 94 71
20 95 113
20 96 94
20 97 83
20 98 95
20 99 52
21 22 59
21 23 87
21 24 115
21 25 29
21 26 58
21 27 92
21 28 81
21 29 73
21 30 24
21 31 95
21 32 39
21 33 92
21 34 105
21 35 75
21 36 76
21 37 35
21 38 44
21 39 44
21 40 88
21 41 65
21 42 93
21 43 99
21 44 61
21 45 98
21 46 114
21 47 100
21 48 114
21 49 51
21 50 120
21 51 83
21 52 44
21 53 59
21 54 60
21 55 108
21 56 34
21 57 100
21 58 37
21 59 37
21 60 51
21 61 91
21 62 84
21 63 106
21 64 32
21 65 61
21 66 51
21 67 37
21 68 92
21 69 77
21 70 103
21 71 94
21 72 82
21 73 62
21 74 24
21 75 8
21 76 54
21 77 116
21 78 89
21 79 110
21 80 91
21 81 63
21 82 69
21 83 92
21 84 55
21 85 14
21 86 95
21 87 60
21 88 62
21 89 27
21 90 81
21 91 86
21 92 102
21 93 24
21 94 24
21 95 71
21 96 5
21 97 12
21 98 28
21 99 88
22 23 28
22 24 58
22 25 30
22 26 26
22 27 33
22 28 47
22 29 61
22 30 42
22 31 42
22 32 36
22 33 42
22 34 47
22 35 47
22 36 61
22 37 39
22 38 20
22 39 20
22 40 50
22 41 40
22 42 56
22 43 42
22 44 52
22 45 42
22 46 58
22 47 46
22 48 56
22 49 8
22 50 62
22 51 50
22 52 34
22 53 37
22 54 16
22 55 50
22 56 25
22 57 41
22 58 27
22 59 30
22 60 26
22 61 48
22 62 70
22 63 53
22 64 48
22 65 14
22 66 25
22 67 22
22 68 48
22 69 41
22 70 47
22 71 36
22 72 26
22 73 9
22 74 35
22 75 56
22 76 6
22 77 57
22 78 31
22 79 52
22 80 33
22 81 36
22 82 17
22 83 35
22 84 13
22 85 53
22 86 37
22 87 17
22 88 11
22 89 39
22 90 51
22 91 57
22 92 44
22 93 43
22 94 48
22 95 60
22 96 56
22 97 47
22 98 47
22 99 29
23 24 33
23 25 58
23 26 44
23 27 7
23 28 52
23 29 72
23 30 69
23 31 29
23 32 60
23 33 32
23 34 22
23 35 54
23 36 71
23 37 63
23 38 46
23 39 45
23 40 48
23 41 52
23 42 55
23 43 18
23 44 67
23 45 22
23 46 34
23 47 29
23 48 30
23 49 36
23 50 34
23 51 51
23 52 57
23 53 54
23 54 34
23 55 22
23 56 53
23 57 13
23 58 53
23 59 56
23 60 46
23 61 45
23 62 78
23 63 32
23 64 74
23 65 30
23 66 47
23 67 50
23 68 45
23 69 47
23 70 22
23 71 9
23 72 13
23 73 26
23 74 63
23 75 84
23 76 33
23 77 30
23 78 4
23 79 26
23 80 11
23 81 48
23 82 26
23 83 12
23 84 36
23 85 81
23 86 12
23 87 34
23 88 28
23 89 66
23 90 57
23 91 59
23 92 16
23 93 70
23 94 75
23 95 71
23 96 84
23 97 75
23 98 73
23 99 1
24 25 87
24 26 77
24 27 32
24 28 82
24 29 79
24 30 100
24 31 53
24 32 82
24 33 58
24 34 34
24 35 61
24 36 76
24 37 86
24 38 71
24 39 71
24 40 47
24 41 64
24 42 82
24 43 37
24 44 80
24 45 43
24 46 4
24 47 49
24 48 5
24 49 66
24 50 15
24 51 54
24 52 89
24 53 86
24 54 66
24 55 19
24 56 81
24 57 21
24 58 78
24 59 87
24 60 67
24 61 72
24 62 81
24 63 13
24 64 106
24 65 54
24 66 79
24 67 79
24 68 71
24 69 77
24 70 11
24 71 23
24 72 33
24 73 53
24 74 92
24 75 113
24 76 64
24 77 26
24 78 32
24 79 8
24 80 37
24 81 62
24 82 58
24 83 23
24 84 68
24 85 111
24 86 21
24 87 67
24 88 60
24 89 97
24 90 87
24 91 60
24 92 23
24 93 95
24 94 106
24 95 79
24 96 111
24 97 104
24 98 96
24 99 32
25 26 33
25 27 63
25 28 58
25 29 63
25 30 15
25 31 67
25 32 26
25 33 65
25 34 77
25 35 58
25 36 65
25 37 24
25 38 20
25 39 19
25 40 67
25 41 47
25 42 70
25 43 71
25 44 51
25 45 70
25 46 87
25 47 72
25 48 86
25 49 22
25 50 92
25 51 64
25 52 24
25 53 38
25 54 32
25 55 80
25 56 8
25 57 71
25 58 17
25 59 14
25 60 30
25 61 66
25 62 74
25 63 80
25 64 26
25 65 35
25 66 26
25 67 9
25 68 66
25 69 53
25 70 76
25 71 66
25 72 55
25 73 34
25 74 5
25 75 26
25 76 26
25 77 87
25 78 61
25 79 82
25 80 63
25 81 45
25 82 41
25 83 64
25 84 27
25 85 24
25 86 67
25 87 32
25 88 34
25 89 14
25 90 60
25 91 69
25 92 74
25 93 21
25 94 22
25 95 61
25 96 26
25 97 17
25 98 27
25 99 59
26 27 45
26 28 25
26 29 84
26 30 34
26 31 39
26 32 53
26 33 35
26 34 54
26 35 73
26 36 86
26 37 53
26 38 39
26 39 38
26 40 76
26 41 64
26 42 37
26 43 48
26 44 74
26 45 45
26 46 78
26 47 45
26 48 73
26 49 24
26 50 76
26 51 76
26 52 16
26 53 11
26 54 11
26 55 63
26 56 33
26 57 56
26 58 42
26 59 21
26 60 48
26 61 33
26 62 95
26 63 74
26 64 34
26 65 40
26 66 7
26 67 28
26 68 34
26 69 20
26 70 66
26 71 53
26 72 48
26 73 35
26 74 36
26 75 52
26 76 22
26 77 67
26 78 45
26 79 70
26 80 43
26 81 61
26 82 18
26 83 55
26 84 13
26 85 47
26 86 56
26 87 10
26 88 18
26 89 31
26 90 28
26 91 83
26 92 57
26 93 53
26 94 38
26 95 83
26 96 57
26 97 46
26 98 59
26 99 45
27 28 50
27 29 79
27 30 73
27 31 24
27 32 66
27 33 28
27 34 15
27 35 61
27 36 78
27 37 69
27 38 52
27 39 51
27 40 54
27 41 59
27 42 51
27 43 11
27 44 74
27 45 16
27 46 34
27 47 23
27 48 28
27 49 41
27 50 30
27 51 58
27 52 60
27 53 55
27 54 36
27 55 18
27 56 58
27 57 11
27 58 59
27 59 59
27 60 52
27 61 41
27 62 85
27 63 34
27 64 77
27 65 37
27 66 49
27 67 54
27 68 41
27 69 45
27 70 23
27 71 11
27 72 20
27 73 32
27 74 68
27 75 89
27 76 38
27 77 24
27 78 3
27 79 25
27 80 5
27 81 55
27 82 27
27 83 16
27 84 39
27 85 85
27 86 14
27 87 37
27 88 31
27 89 70
27 90 55
27 91 66
27 92 11
27 93 76
27 94 79
27 95 78
27 96 89
27 97 80
27 98 79
27 99 6
28 29 107
28 30 57
28 31 31
28 32 78
28 33 26
28 34 52
28 35 94
28 36 108
28 37 78
28 38 63
28 39 62
28 40 94
28 41 87
28 42 13
28 43 47
28 44 98
28 45 41
28 46 84
28 47 37
28 48 78
28 49 48
28 50 76
28 51 95
28 52 36
28 53 22
28 54 31
28 55 65
28 56 59
28 57 61
28 58 67
28 59 45
28 60 72
28 61 15
28 62 117
28 63 84
28 64 52
28 65 61
28 66 32
28 67 53
28 68 15
28 69 6
28 70 73
28 71 61
28 72 62
28 73 55
28 74 61
28 75 74
28 76 44
28 77 65
28 78 51
28 79 74
28 80 45
28 81 83
28 82 31
28 83 64
28 84 36
28 85 69
28 86 64
28 87 31
28 88 36
28 89 53
28 90 5
28 91 103
28 92 59
28 93 78
28 94 58
28 95 106
28 96 81
28 97 70
28 98 84
28 99 53
29 30 76
29 31 99
29 32 38
29 33 100
29 34 94
29 35 19
29 36 4
29 37 40
29 38 46
29 39 48
29 40 32
29 41 21
29 42 117
29 43 90
29 44 12
29 45 94
29 46 76
29 47 100
29 48 82
29 49 60
29 50 92
29 51 26
29 52 84
29 53 94
29 54 76
29 55 86
29 56 57
29 57 78
29 58 46
29 59 75
29 60 36
29 61 108
29 62 11
29 63 66
29 64 88
29 65 47
29 66 80
29 67 61
29 68 109
29 69 101
29 70 72
29 71 72
29 72 59
29 73 54
29 74 65
29 75 77
29 76 64
29 77 96
29 78 76
29 79 80
29 80 83
29 81 25
29 82 78
29 83 66
29 84 72
29 85 79
29 86 70
29 87 77
29 88 71
29 89 77
29 90 111
29 91 22
29 92 83
29 93 50
29 94 83
29 95 2
29 96 68
29 97 69
29 98 44
29 99 72
30 31 73
30 32 39
30 33 69
30 34 85
30 35 73
30 36 79
30 37 37
30 38 35
30 39 34
30 40 82
30 41 62
30 42 69
30 43 79
30 44 65
30 45 77
30 46 100
30 47 78
30 48 98
30 49 34
30 50 103
30 51 79
30 52 20
30 53 35
30 54 38
30 55 90
30 56 22
30 57 82
30 58 31
30 59 14
30 60 45
30 61 67
30 62 88
30 63 93
30 64 12
30 65 49
30 66 28
30 67 21
30 68 68
30 69 53
30 70 88
30 71 77
30 72 67
30 73 47
30 74 12
30 75 18
30 76 36
30 77 97
30 78 71
30 79 94
30 80 72
30 81 59
30 82 48
30 83 77
30 84 34
30 85 13
30 86 79
30 87 38
30 88 42
30 89 3
30 90 57
30 91 84
30 92 84
30 93 30
30 94 7
30 95 75
30 96 25
30 97 14
30 98 37
30 99 70
31 32 79
31 33 5
31 34 21
31 35 82
31 36 98
31 37 81
31 38 63
31 39 62
31 40 77
31 41 78
31 42 29
31 43 17
31 44 92
31 45 11
31 46 56
31 47 7
31 48 49
31 49 48
31 50 46
31 51 80
31 52 55
31 53 44
31 54 35
31 55 35
31 56 64
31 57 33
31 58 69
31 59 59
31 60 67
31 61 19
31 62 106
31 63 58
31 64 73
31 65 52
31 66 45
31 67 59
31 68 18
31 69 28
31 70 47
31 71 36
31 72 42
31 73 46
31 74 72
31 75 90
31 76 44
31 77 34
31 78 27
31 79 46
31 80 19
31 81 74
31 82 27
31 83 41
31 84 40
31 85 86
31 86 39
31 87 35
31 88 34
31 89 69
31 90 36
31 91 88
31 92 31
31 93 85
31 94 77
31 95 98
31 96 94
31 97 83
31 98 89
31 99 30
32 33 78
32 34 82
32 35 37
32 36 40
32 37 4
32 38 16
32 39 17
32 40 49
32 41 26
32 42 89
32 43 77
32 44 26
32 45 78
32 46 81
32 47 82
32 48 82
32 49 32
32 50 90
32 51 44
32 52 49
32 53 61
32 54 47
32 55 80
32 56 21
32 57 71
32 58 11
32 59 39
32 60 15
32 61 83
32 62 49
32 63 72
32 64 51
32 65 30
32 66 47
32 67 26
32 68 83
32 69 72
32 70 71
32 71 65
32 72 51
32 73 34
32 74 27
32 75 41
32 76 36
32 77 89
32 78 63
32 79 79
32 80 68
32 81 25
32 82 53
32 83 61
32 84 42
32 85 43
32 86 65
32 87 48
32 88 45
32 89 39
32 90 81
32 91 48
32 92 75
32 93 15
32 94 46
32 95 36
32 96 34
32 97 32
32 98 14
32 99 61
33 34 26
33 35 83
33 36 99
33 37 80
33 38 62
33 39 61
33 40 80
33 41 78
33 42 24
33 43 22
33 44 93
33 45 16
33 46 61
33 47 12
33 48 53
33 49 47
33 50 51
33 51 82
33 52 51
33 53 40
33 54 33
33 55 40
33 56 62
33 57 37
33 58 68
33 59 55
33 60 67
33 61 14
33 62 108
33 63 62
33 64 69
33 65 53
33 66 42
33 67 57
33 68 13
33 69 23
33 70 51
33 71 39
33 72 45
33 73 47
33 74 69
33 75 87
33 76 42
33 77 39
33 78 30
33 79 50
33 80 23
33 81 74
33 82 25
33 83 44
33 84 38
33 85 82
33 86 42
33 87 32
33 88 33
33 89 66
33 90 30
33 91 90
33 92 35
33 93 83
33 94 73
33 95 99
33 96 91
33 97 80
33 98 88
33 99 33
34 35 75
34 36 92
34 37 85
34 38 67
34 39 66
34 40 67
34 41 74
34 42 49
34 43 6
34 44 89
34 45 11
34 46 37
34 47 15
34 48 29
34 49 55
34 50 25
34 51 72
34 52 70
34 53 62
34 54 47
34 55 15
34 56 72
34 57 17
34 58 74
34 59 71
34 60 68
34 61 40
34 62 99
34 63 41
34 64 88
34 65 52
34 66 59
34 67 68
34 68 39
34 69 48
34 70 30
34 71 22
34 72 35
34 73 48
34 74 82
34 75 101
34 76 51
34 77 13
34 78 19
34 79 26
34 80 14
34 81 70
34 82 38
34 83 28
34 84 51
34 85 98
34 86 25
34 87 47
34 88 43
34 89 82
34 90 56
34 91 79
34 92 13
34 93 91
34 94 90
34 95 93
34 96 103
34 97 93
34 98 94
34 99 22
35 36 17
35 37 40
35 38 38
35 39 40
35 40 15
35 41 11
35 42 102
35 43 72
35 44 20
35 45 76
35 46 58
35 47 82
35 48 63
35 49 49
35 50 73
35 51 9
35 52 76
35 53 83
35 54 63
35 55 67
35 56 51
35 57 60
35 58 41
35 59 68
35 60 28
35 61 93
35 62 25
35 63 48
35 64 84
35 65 33
35 66 70
35 67 54
35 68 93
35 69 88
35 70 53
35 71 53
35 72 41
35 73 39
35 74 61
35 75 78
35 76 51
35 77 77
35 78 58
35 79 61
35 80 65
35 81 13
35 82 63
35 83 48
35 84 60
35 85 79
35 86 52
35 87 64
35 88 58
35 89 72
35 90 98
35 91 11
35 92 64
35 93 51
35 94 80
35 95 19
35 96 71
35 97 68
35 98 48
35 99 54
36 37 43
36 38 48
36 39 49
36 40 29
36 41 21
36 42 117
36 43 89
36 44 15
36 45 93
36 46 74
36 47 99
36 48 79
36 49 61
36 50 90
36 51 23
36 52 86
36 53 95
36 54 77
36 55 84
36 56 59
36 57 77
36 58 48
36 59 77
36 60 38
36 61 108
36 62 9
36 63 63
36 64 91
36 65 48
36 66 82
36 67 63
36 68 109
36 69 102
36 70 69
36 71 70
36 72 58
36 73 54
36 74 67
36 75 80
36 76 64
36 77 94
36 78 75
36 79 77
36 80 82
36 81 26
36 82 78
36 83 65
36 84 73
36 85 83
36 86 68
36 87 77
36 88 72
36 89 79
36 90 112
36 91 18
36 92 81
36 93 53
36 94 86
36 95 6
36 96 72
36 97 72
36 98 48
36 99 71
37 38 18
37 39 19
37 40 53
37 41 30
37 42 90
37 43 79
37 44 28
37 45 80
37 46 85
37 47 85
37 48 86
37 49 33
37 50 94
37 51 48
37 52 48
37 53 60
37 54 49
37 55 84
37 56 20
37 57 75
37 58 12
37 59 38
37 60 19
37 61 84
37 62 52
37 63 76
37 64 49
37 65 33
37 66 47
37 67 26
37 68 84
37 69 73
37 70 75
37 71 68
37 72 55
37 73 37
37 74 25
37 75 38
37 76 37
37 77 93
37 78 67
37 79 83
37 80 71
37 81 29
37 82 55
37 83 65
37 84 43
37 85 39
37 86 68
37 87 49
37 88 47
37 89 37
37 90 81
37 91 52
37 92 78
37 93 11
37 94 43
37 95 38
37 96 30
37 97 29
37 98 10
37 99 64
38 39 1
38 40 47
38 41 28
38 42 74
38 43 61
38 44 36
38 45 62
38 46 70
38 47 66
38 48 70
38 49 16
38 50 77
38 51 44
38 52 38
38 53 48
38 54 32
38 55 66
38 56 13
38 57 58
38 58 8
38 59 30
38 60 11
38 61 67
38 62 57
38 63 62
38 64 46
38 65 17
38 66 34
38 67 15
38 68 67
38 69 57
38 70 60
38 71 51
38 72 38
38 73 19
38 74 25
38 75 44
38 76 20
38 77 75
38 78 49
38 79 67
38 80 53
38 81 25
38 82 37
38 83 49
38 84 27
38 85 43
38 86 52
38 87 33
38 88 29
38 89 34
38 90 66
38 91 50
38 92 61
38 93 25
38 94 42
38 95 45
38 96 41
38 97 34
38 98 27
38 99 47
39 40 48
39 41 29
39 42 73
39 43 61
39 44 37
39 45 62
39 46 70
39 47 66
39 48 71
39 49 15
39 50 78
39 51 45
39 52 37
39 53 47
39 54 31
39 55 66
39 56 12
39 57 58
39 58 8
39 59 28
39 60 12
39 61 66
39 62 58
39 63 63
39 64 45
39 65 17
39 66 33
39 67 14
39 68 66
39 69 56
39 70 60
39 71 51
39 72 39
39 73 19
39 74 24
39 75 43
39 76 19
39 77 75
39 78 49
39 79 67
39 80 52
39 81 26
39 82 36
39 83 49
39 84 26
39 85 43
39 86 52
39 87 32
39 88 29
39 89 33
39 90 65
39 91 51
39 92 61
39 93 25
39 94 41
39 95 46
39 96 40
39 97 34
39 98 28
39 99 46
40 41 24
40 42 101
40 43 65
40 44 36
40 45 70
40 46 44
40 47 77
40 48 51
40 49 54
40 50 61
40 51 7
40 52 82
40 53 87
40 54 66
40 55 57
40 56 60
40 57 51
40 58 52
40 59 75
40 60 37
40 61 91
40 62 34
40 63 34
40 64 93
40 65 36
40 66 75
40 67 62
40 68 91
40 69 88
40 70 41
40 71 45
40 72 35
40 73 41
40 74 71
40 75 89
40 76 55
40 77 67
40 78 52
40 79 49
40 80 59
40 81 24
40 82 63
40 83 39
40 84 63
40 85 90
40 86 43
40 87 66
40 88 59
40 89 81
40 90 99
40 91 12
40 92 55
40 93 64
40 94 90
40 95 33
40 96 83
40 97 80
40 98 62
40 99 48
41 42 95
41 43 70
41 44 16
41 45 73
41 46 62
41 47 79
41 48 66
41 49 40
41 50 75
41 51 18
41 52 66
41 53 74
41 54 55
41 55 67
41 56 40
41 57 59
41 58 31
41 59 58
41 60 18
41 61 87
41 62 30
41 63 52
41 64 73
41 65 26
41 66 61
41 67 44
41 68 87
41 69 80
41 70 55
41 71 53
41 72 39
41 73 32
41 74 51
41 75 67
41 76 43
41 77 78
41 78 55
41 79 63
41 80 62
41 81 4
41 82 57
41 83 48
41 84 51
41 85 68
41 86 52
41 87 56
41 88 50
41 89 61
41 90 91
41 91 22
41 92 64
41 93 41
41 94 69
41 95 20
41 96 60
41 97 58
41 98 38
41 99 52
42 43 45
42 44 108
42 45 39
42 46 85
42 47 34
42 48 77
42 49 58
42 50 74
42 51 102
42 52 49
42 53 35
42 54 42
42 55 64
42 56 70
42 57 61
42 58 78
42 59 57
42 60 81
42 61 10
42 62 126
42 63 86
42 64 65
42 65 69
42 66 44
42 67 65
42 68 11
42 69 17
42 70 75
42 71 63
42 72 66
42 73 63
42 74 73
42 75 87
42 76 54
42 77 62
42 78 53
42 79 74
42 80 46
42 81 91
42 82 39
42 83 67
42 84 47
42 85 81
42 86 66
42 87 41
42 88 45
42 89 66
42 90 14
42 91 110
42 92 59
42 93 90
42 94 71
42 95 115
42 96 93
42 97 83
42 98 96
42 99 56
43 44 86
43 45 6
43 46 39
43 47 13
43 48 32
43 49 49
43 50 30
43 51 69
43 52 63
43 53 56
43 54 41
43 55 18
43 56 66
43 57 17
43 58 69
43 59 65
43 60 63
43 61 35
43 62 97
43 63 42
43 64 82
43 65 47
43 66 53
43 67 62
43 68 35
43 69 43
43 70 31
43 71 21
43 72 31
43 73 43
43 74 76
43 75 95
43 76 45
43 77 19
43 78 15
43 79 29
43 80 8
43 81 66
43 82 31
43 83 27
43 84 45
43 85 92
43 86 24
43 87 41
43 88 37
43 89 76
43 90 52
43 91 77
43 92 14
43 93 85
43 94 84
43 95 90
43 96 97
43 97 87
43 98 88
43 99 18
44 45 89
44 46 77
44 47 94
44 48 82
44 49 51
44 50 91
44 51 29
44 52 73
44 53 83
44 54 67
44 55 83
44 56 45
44 57 75
44 58 35
44 59 64
44 60 27
44 61 100
44 62 23
44 63 67
44 64 77
44 65 40
44 66 70
44 67 50
44 68 100
44 69 92
44 70 71
44 71 69
44 72 55
44 73 46
44 74 53
44 75 65
44 76 54
44 77 94
44 78 71
44 79 79
44 80 77
44 81 19
44 82 69
44 83 64
44 84 62
44 85 67
44 86 68
44 87 67
44 88 63
44 89 65
44 90 102
44 91 28
44 92 80
44 93 38
44 94 71
44 95 10
44 96 56
44 97 57
44 98 33
44 99 68
45 46 46
45 47 7
45 48 38
45 49 49
45 50 35
45 51 74
45 52 61
45 53 52
45 54 39
45 55 25
45 56 66
45 57 23
45 58 69
45 59 63
45 60 65
45 61 29
45 62 101
45 63 48
45 64 79
45 65 50
45 66 50
45 67 62
45 68 29
45 69 38
45 70 37
45 71 27
45 72 36
45 73 44
45 74 75
45 75 94
45 76 45
45 77 24
45 78 19
45 79 35
45 80 12
45 81 70
45 82 29
45 83 32
45 84 43
45 85 90
45 86 29
45 87 39
45 88 36
45 89 74
45 90 46
45 91 82
45 92 20
45 93 85
45 94 82
45 95 93
45 96 96
45 97 86
45 98 89
45 99 22
46 47 52
46 48 9
46 49 66
46 50 19
46 51 51
46 52 90
46 53 88
46 54 67
46 55 22
46 56 80
46 57 24
46 58 77
46 59 88
46 60 66
46 61 75
46 62 78
46 63 10
46 64 107
46 65 53
46 66 80
46 67 79
46 68 74
46 69 79
46 70 12
46 71 24
46 72 33
46 73 53
46 74 92
46 75 113
46 76 64
46 77 30
46 78 34
46 79 11
46 80 39
46 81 60
46 82 60
46 83 23
46 84 68
46 85 111
46 86 22
46 87 68
46 88 61
46 89 97
46 90 89
46 91 56
46 92 26
46 93 94
46 94 106
46 95 77
46 96 111
46 97 104
46 98 94
46 99 33
47 48 44
47 49 52
47 50 40
47 51 80
47 52 61
47 53 51
47 54 40
47 55 30
47 56 69
47 57 30
47 58 73
47 59 64
47 60 70
47 61 24
47 62 107
47 63 55
47 64 79
47 65 55
47 66 51
47 67 64
47 68 24
47 69 35
47 70 43
47 71 33
47 72 42
47 73 49
47 74 77
47 75 96
47 76 48
47 77 28
47 78 25
47 79 41
47 80 18
47 81 75
47 82 32
47 83 39
47 84 45
47 85 92
47 86 36
47 87 41
47 88 39
47 89 75
47 90 42
47 91 88
47 92 27
47 93 89
47 94 83
47 95 99
47 96 99
47 97 89
47 98 93
47 99 29
48 49 64
48 50 11
48 51 57
48 52 87
48 53 83
48 54 63
48 55 13
48 56 80
48 57 17
48 58 78
48 59 85
48 60 67
48 61 67
48 62 85
48 63 17
48 64 104
48 65 53
48 66 76
48 67 78
48 68 67
48 69 73
48 70 11
48 71 21
48 72 32
48 73 52
48 74 91
48 75 112
48 76 62
48 77 20
48 78 29
48 79 4
48 80 32
48 81 63
48 82 55
48 83 22
48 84 65
48 85 110
48 86 19
48 87 64
48 88 58
48 89 95
48 90 82
48 91 63
48 92 18
48 93 95
48 94 104
48 95 82
48 96 111
48 97 103
48 98 96
48 99 29
49 50 70
49 51 53
49 52 28
49 53 34
49 54 16
49 55 58
49 56 17
49 57 49
49 58 22
49 59 23
49 60 24
49 61 51
49 62 71
49 63 60
49 64 41
49 65 18
49 66 21
49 67 14
49 68 52
49 69 42
49 70 54
49 71 44
49 72 33
49 73 14
49 74 28
49 75 48
49 76 4
49 77 65
49 78 38
49 79 60
49 80 41
49 81 36
49 82 21
49 83 43
49 84 11
49 85 46
49 86 45
49 87 17
49 88 14
49 89 32
49 90 51
49 91 59
49 92 51
49 93 37
49 94 41
49 95 59
49 96 48
49 97 39
49 98 41
49 99 37
50 51 67
50 52 90
50 53 84
50 54 66
50 55 13
50 56 86
50 57 21
50 58 85
50 59 90
50 60 75
50 61 64
50 62 95
50 63 28
50 64 108
50 65 61
50 66 79
50 67 83
50 68 64
50 69 73
50 70 21
50 71 26
50 72 39
50 73 59
50 74 97
50 75 118
50 76 67
50 77 13
50 78 32
50 79 13
50 80 33
50 81 73
50 82 58
50 83 29
50 84 69
50 85 115
50 86 26
50 87 67
50 88 61
50 89 100
50 90 81
50 91 74
50 92 19
50 93 102
50 94 109
50 95 92
50 96 117
50 97 109
50 98 104
50 99 33
51 52 80
51 53 86
51 54 65
51 55 62
51 56 56
51 57 55
51 58 48
51 59 73
51 60 34
51 61 93
51 62 28
51 63 41
51 64 90
51 65 35
51 66 74
51 67 59
51 68 93
51 69 89
51 70 47
51 71 49
51 72 38
51 73 41
51 74 68
51 75 85
51 76 54
51 77 73
51 78 55
51 79 55
51 80 62
51 81 20
51 82 64
51 83 44
51 84 62
51 85 86
51 86 47
51 87 66
51 88 60
51 89 78
51 90 100
51 91 8
51 92 60
51 93 59
51 94 86
51 95 26
51 96 78
51 97 76
51 98 56
51 99 52
52 53 15
52 54 23
52 55 77
52 56 28
52 57 70
52 58 39
52 59 10
52 60 49
52 61 47
52 62 95
52 63 86
52 64 18
52 65 46
52 66 10
52 67 23
52 68 48
52 69 33
52 70 78
52 71 66
52 72 59
52 73 42
52 74 26
52 75 38
52 76 28
52 77 82
52 78 58
52 79 83
52 80 57
52 81 63
52 82 33
52 83 67
52 84 22
52 85 32
52 86 68
52 87 23
52 88 29
52 89 17
52 90 37
52 91 87
52 92 71
52 93 45
52 94 22
52 95 82
52 96 44
52 97 33
52 98 51
52 99 58
53 54 22
53 55 72
53 56 40
53 57 65
53 58 50
53 59 24
53 60 58
53 61 34
53 62 104
53 63 85
53 64 31
53 65 51
53 66 14
53 67 35
53 68 35
53 69 19
53 70 76
53 71 63
53 72 59
53 73 46
53 74 40
53 75 52
53 76 32
53 77 75
53 78 54
53 79 79
53 80 51
53 81 71
53 82 28
53 83 65
53 84 24
53 85 47
53 86 66
53 87 21
53 88 29
53 89 32
53 90 23
53 91 94
53 92 66
53 93 58
53 94 36
53 95 92
53 96 59
53 97 48
53 98 65
53 99 55
54 55 54
54 56 30
54 57 46
54 58 37
54 59 24
54 60 40
54 61 35
54 62 86
54 63 63
54 64 41
54 65 30
54 66 13
54 67 25
54 68 36
54 69 25
54 70 55
54 71 43
54 72 37
54 73 24
54 74 37
54 75 55
54 76 13
54 77 59
54 78 35
54 79 59
54 80 34
54 81 51
54 82 9
54 83 44
54 84 5
54 85 51
54 86 45
54 87 1
54 88 7
54 89 35
54 90 35
54 91 73
54 92 48
54 93 51
54 94 43
54 95 75
54 96 58
54 97 48
54 98 56
54 99 35
55 56 74
55 57 9
55 58 74
55 59 77
55 60 65
55 61 54
55 62 90
55 63 27
55 64 95
55 65 50
55 66 67
55 67 71
55 68 53
55 69 61
55 70 16
55 71 15
55 72 29
55 73 47
55 74 85
55 75 106
55 76 55
55 77 11
55 78 19
55 79 11
55 80 21
55 81 64
55 82 45
55 83 20
55 84 56
55 85 103
55 86 16
55 87 54
55 88 49
55 89 88
55 90 70
55 91 69
55 92 6
55 93 91
55 94 96
55 95 86
55 96 106
55 97 97
55 98 93
55 99 21
56 57 65
56 58 10
56 59 19
56 60 23
56 61 65
56 62 68
56 63 73
56 64 33
56 65 28
56 66 27
56 67 6
56 68 66
56 69 53
56 70 69
56 71 60
56 72 48
56 73 28
56 74 12
56 75 33
56 76 21
56 77 82
56 78 55
56 79 76
56 80 58
56 81 37
56 82 38
56 83 58
56 84 25
56 85 31
56 86 61
56 87 30
56 88 30
56 89 21
56 90 61
56 91 62
56 92 68
56 93 20
56 94 30
56 95 55
56 96 31
56 97 23
56 98 26
56 99 54
57 58 65
57 59 69
57 60 57
57 61 51
57 62 83
57 63 25
57 64 87
57 65 41
57 66 59
57 67 63
57 68 51
57 69 56
57 70 14
57 71 7
57 72 21
57 73 38
57 74 76
57 75 97
57 76 46
57 77 18
57 78 12
57 79 14
57 80 15
57 81 56
57 82 38
57 83 12
57 84 48
57 85 94
57 86 8
57 87 47
57 88 41
57 89 79
57 90 66
57 91 63
57 92 4
57 93 82
57 94 88
57 95 78
57 96 97
57 97 88
57 98 84
57 99 12
58 59 29
58 60 14
58 61 72
58 62 57
58 63 69
58 64 43
58 65 25
58 66 37
58 67 15
58 68 73
58 69 61
58 70 67
58 71 59
58 72 46
58 73 27
58 74 20
58 75 38
58 76 26
58 77 83
58 78 56
58 79 74
58 80 60
58 81 28
58 82 43
58 83 56
58 84 32
58 85 38
58 86 60
58 87 38
58 88 35
58 89 31
58 90 70
58 91 53
58 92 69
58 93 17
58 94 39
58 95 44
58 96 34
58 97 28
58 98 20
58 99 54
59 60 40
59 61 54
59 62 86
59 63 82
59 64 19
59 65 40
59 66 14
59 67 14
59 68 55
59 69 40
59 70 76
59 71 65
59 72 56
59 73 37
59 74 16
59 75 31
59 76 24
59 77 83
59 78 58
59 79 81
59 80 58
59 81 54
59 82 34
59 83 64
59 84 21
59 85 27
59 86 66
59 87 24
59 88 28
59 89 11
59 90 46
59 91 79
59 92 71
59 93 35
59 94 19
59 95 73
59 96 36
59 97 26
59 98 41
59 99 57
60 61 74
60 62 47
60 63 57
60 64 56
60 65 16
60 66 44
60 67 26
60 68 74
60 69 65
60 70 56
60 71 50
60 72 36
60 73 21
60 74 34
60 75 52
60 76 28
60 77 75
60 78 49
60 79 64
60 80 55
60 81 14
60 82 43
60 83 46
60 84 36
60 85 52
60 86 50
60 87 41
60 88 36
60 89 44
60 90 75
60 91 39
60 92 60
60 93 29
60 94 52
60 95 35
60 96 47
60 97 43
60 98 29
60 99 47
61 62 117
61 63 75
61 64 65
61 65 61
61 66 40
61 67 59
61 68 1
61 69 15
61 70 65
61 71 53
61 72 57
61 73 55
61 74 69
61 75 85
61 76 47
61 77 52
61 78 43
61 79 64
61 80 36
61 81 83
61 82 31
61 83 57
61 84 41
61 85 80
61 86 56
61 87 35
61 88 38
61 89 64
61 90 18
61 91 101
61 92 49
61 93 85
61 94 70
61 95 107
61 96 91
61 97 80
61 98 91
61 99 45
62 63 68
62 64 100
62 65 56
62 66 91
62 67 72
62 68 117
62 69 111
62 70 75
62 71 77
62 72 65
62 73 63
62 74 76
62 75 88
62 76 73
62 77 101
62 78 82
62 79 83
62 80 89
62 81 34
62 82 87
62 83 72
62 84 82
62 85 91
62 86 75
62 87 87
62 88 81
62 89 88
62 90 121
62 91 22
62 92 88
62 93 61
62 94 95
62 95 13
62 96 79
62 97 80
62 98 56
62 99 79
63 64 101
63 65 45
63 66 76
63 67 72
63 68 75
63 69 78
63 70 11
63 71 23
63 72 26
63 73 46
63 74 85
63 75 106
63 76 58
63 77 36
63 78 33
63 79 16
63 80 39
63 81 50
63 82 57
63 83 20
63 84 64
63 85 104
63 86 20
63 87 64
63 88 57
63 89 91
63 90 89
63 91 46
63 92 28
63 93 85
63 94 100
63 95 66
63 96 103
63 97 96
63 98 85
63 99 31
64 65 58
64 66 29
64 67 31
64 68 65
64 69 50
64 70 95
64 71 83
64 72 74
64 73 55
64 74 24
64 75 24
64 76 42
64 77 100
64 78 76
64 79 100
64 80 75
64 81 70
64 82 51
64 83 83
64 84 39
64 85 18
64 86 85
64 87 41
64 88 46
64 89 12
64 90 52
64 91 95
64 92 89
64 93 42
64 94 7
64 95 87
64 96 34
64 97 24
64 98 49
64 99 75
65 66 38
65 67 27
65 68 61
65 69 55
65 70 43
65 71 35
65 72 21
65 73 6
65 74 40
65 75 60
65 76 19
65 77 59
65 78 34
65 79 50
65 80 39
65 81 22
65 82 30
65 83 32
65 84 27
65 85 59
65 86 35
65 87 31
65 88 25
65 89 47
65 90 65
65 91 43
65 92 45
65 93 41
65 94 56
65 95 46
65 96 58
65 97 51
65 98 43
65 99 31
66 67 21
66 68 41
66 69 27
66 70 68
66 71 56
66 72 49
66 73 34
66 74 29
66 75 45
66 76 19
66 77 72
66 78 48
66 79 72
66 80 47
66 81 57
66 82 22
66 83 57
66 84 12
66 85 41
66 86 58
66 87 12
66 88 19
66 89 24
66 90 34
66 91 80
66 92 61
66 93 46
66 94 31
66 95 79
66 96 50
66 97 39
66 98 53
66 99 48
67 68 60
67 69 47
67 70 68
67 71 57
67 72 46
67 73 26
67 74 14
67 75 34
67 76 17
67 77 78
67 78 52
67 79 74
67 80 54
67 81 40
67 82 33
67 83 56
67 84 20
67 85 32
67 86 59
67 87 25
67 88 25
67 89 20
67 90 55
67 91 65
67 92 65
67 93 26
67 94 29
67 95 59
67 96 35
67 97 26
67 98 32
67 99 51
68 69 16
68 70 64
68 71 52
68 72 56
68 73 55
68 74 70
68 75 86
68 76 47
68 77 52
68 78 43
68 79 64
68 80 36
68 81 83
68 82 31
68 83 57
68 84 41
68 85 81
68 86 55
68 87 35
68 88 38
68 89 65
68 90 19
68 91 101
68 92 49
68 93 86
68 94 70
68 95 107
68 96 91
68 97 80
68 98 91
68 99 45
69 70 68
69 71 56
69 72 56
69 73 49
69 74 56
69 75 70
69 76 38
69 77 61
69 78 46
69 79 70
69 80 41
69 81 76
69 82 25
69 83 59
69 84 30
69 85 65
69 86 58
69 87 25
69 88 30
69 89 49
69 90 11
69 91 97
69 92 55
69 93 73
69 94 55
69 95 100
69 96 77
69 97 66
69 98 79
69 99 47
70 71 13
70 72 21
70 73 42
70 74 81
70 75 102
70 76 52
70 77 26
70 78 23
70 79 8
70 80 28
70 81 52
70 82 48
70 83 12
70 84 57
70 85 100
70 86 10
70 87 56
70 88 49
70 89 86
70 90 78
70 91 54
70 92 17
70 93 84
70 94 95
70 95 72
70 96 100
70 97 93
70 98 85
70 99 21
71 72 14
71 73 32
71 74 71
71 75 92
71 76 41
71 77 25
71 78 10
71 79 17
71 80 17
71 81 49
71 82 35
71 83 6
71 84 45
71 85 89
71 86 3
71 87 44
71 88 37
71 89 75
71 90 66
71 91 57
71 92 11
71 93 76
71 94 84
71 95 71
71 96 91
71 97 83
71 98 78
71 99 9
72 73 20
72 74 60
72 75 80
72 76 32
72 77 39
72 78 17
72 79 28
72 80 24
72 81 36
72 82 32
72 83 10
72 84 37
72 85 79
72 86 14
72 87 38
72 88 31
72 89 65
72 90 66
72 91 46
72 92 25
72 93 63
72 94 74
72 95 58
72 96 79
72 97 71
72 98 64
72 99 14
73 74 40
73 75 60
73 76 14
73 77 56
73 78 30
73 79 48
73 80 34
73 81 28
73 82 24
73 83 30
73 84 22
73 85 58
73 86 33
73 87 25
73 88 19
73 89 45
73 90 59
73 91 49
73 92 42
73 93 44
73 94 54
73 95 53
73 96 59
73 97 51
73 98 46
73 99 27
74 75 21
74 76 31
74 77 92
74 78 66
74 79 87
74 80 68
74 81 48
74 82 45
74 83 70
74 84 32
74 85 19
74 86 72
74 87 37
74 88 38
74 89 12
74 90 62
74 91 73
74 92 79
74 93 19
74 94 19
74 95 63
74 96 22
74 97 12
74 98 26
74 99 65
75 76 51
75 77 112
75 78 86
75 79 108
75 80 88
75 81 65
75 82 64
75 83 90
75 84 51
75 85 6
75 86 93
75 87 55
75 88 58
75 89 21
75 90 74
75 91 89
75 92 99
75 93 27
75 94 17
75 95 75
75 96 11
75 97 10
75 98 33
75 99 85
76 77 62
76 78 35
76 79 58
76 80 37
76 81 39
76 82 17
76 83 41
76 84 8
76 85 48
76 86 43
76 87 13
76 88 10
76 89 33
76 90 48
76 91 61
76 92 48
76 93 41
76 94 42
76 95 62
76 96 52
76 97 43
76 98 45
76 99 34
77 78 27
77 79 20
77 80 25
77 81 75
77 82 50
77 83 30
77 84 62
77 85 109
77 86 26
77 87 59
77 88 55
77 89 94
77 90 69
77 91 80
77 92 14
77 93 99
77 94 102
77 95 96
77 96 113
77 97 104
77 98 102
77 99 29
78 79 25
78 80 7
78 81 52
78 82 26
78 83 14
78 84 37
78 85 83
78 86 13
78 87 35
78 88 30
78 89 68
78 90 56
78 91 63
78 92 13
78 93 73
78 94 77
78 95 75
78 96 87
78 97 78
78 98 76
78 99 3
79 80 29
79 81 60
79 82 51
79 83 18
79 84 61
79 85 106
79 86 15
79 87 60
79 88 54
79 89 91
79 90 79
79 91 61
79 92 15
79 93 91
79 94 100
79 95 80
79 96 107
79 97 99
79 98 92
79 99 25
80 81 58
80 82 25
80 83 21
80 84 37
80 85 85
80 86 19
80 87 35
80 88 30
80 89 69
80 90 50
80 91 70
80 92 15
80 93 77
80 94 77
80 95 82
80 96 89
80 97 80
80 98 80
80 99 11
81 82 52
81 83 45
81 84 47
81 85 66
81 86 49
81 87 52
81 88 46
81 89 59
81 90 87
81 91 25
81 92 60
81 93 40
81 94 67
81 95 24
81 96 59
81 97 56
81 98 38
81 99 49
82 83 37
82 84 14
82 85 61
82 86 38
82 87 10
82 88 8
82 89 44
82 90 36
82 91 72
82 92 39
82 93 58
82 94 53
82 95 77
82 96 67
82 97 57
82 98 63
82 99 27
83 84 45
83 85 88
83 86 4
83 87 45
83 88 38
83 89 74
83 90 69
83 91 51
83 92 16
83 93 73
83 94 83
83 95 66
83 96 89
83 97 81
83 98 75
83 99 12
84 85 47
84 86 47
84 87 6
84 88 8
84 89 31
84 90 40
84 91 70
84 92 50
84 93 45
84 94 40
84 95 70
84 96 54
84 97 43
84 98 50
84 99 37
85 86 91
85 87 51
85 88 55
85 89 16
85 90 69
85 91 90
85 92 97
85 93 30
85 94 11
85 95 78
85 96 16
85 97 11
85 98 36
85 99 82
86 87 46
86 88 39
86 89 76
86 90 69
86 91 55
86 92 13
86 93 76
86 94 85
86 95 70
86 96 92
86 97 84
86 98 78
86 99 11
87 88 7
87 89 35
87 90 35
87 91 74
87 92 48
87 93 51
87 94 43
87 95 75
87 96 58
87 97 48
87 98 56
87 99 35
88 89 39
88 90 40
88 91 67
88 92 43
88 93 50
88 94 48
88 95 70
88 96 60
88 97 50
88 98 55
88 99 29
89 90 54
89 91 83
89 92 81
89 93 31
89 94 9
89 95 75
89 96 28
89 97 17
89 98 38
89 99 67
90 91 107
90 92 64
90 93 80
90 94 58
90 95 110
90 96 82
90 97 71
90 98 87
90 99 58
91 92 67
91 93 62
91 94 91
91 95 23
91 96 82
91 97 80
91 98 59
91 99 59
92 93 85
92 94 90
92 95 82
92 96 100
92 97 91
92 98 88
92 99 14
93 94 35
93 95 48
93 96 19
93 97 19
93 98 7
93 99 71
94 95 81
94 96 26
94 97 17
94 98 42
94 99 76
95 96 66
95 97 67
95 98 43
95 99 72
96 97 11
96 98 24
96 99 85
97 98 26
97 99 76
98 99 74
0 12 30
0 14 62
0 20 91
0 24 77
0 27 65
0 29 30
0 34 80
0 35 28
0 42 92
0 43 75
0 54 51
0 55 77
0 61 85
0 64 59
0 67 32
0 70 67
0 82 55
0 88 47
0 90 85
0 91 39
0 92 72
0 96 42
1 2 39
1 3 56
1 5 73
1 13 56
1 14 82
1 15 47
1 17 19
1 18 44
1 20 49
1 26 14
1 27 56
1 28 36
1 32 46
1 36 83
1 40 78
1 41 62
1 42 49
1 46 86
1 54 20
1 57 66
1 67 20
1 69 32
1 74 24
1 75 38
1 77 79
1 82 29
1 92 68
2 11 40
2 12 16
2 19 47
2 21 70
2 26 32
2 28 48
2 30 53
2 31 36
2 36 63
2 44 56
2 45 34
2 48 45
2 51 47
2 55 38
2 58 37
2 59 40
2 64 59
2 71 25
2 73 11
2 75 67
2 79 41
2 83 24
2 92 32
2 95 62
3 4 38
3 7 12
3 9 57
3 13 17
3 16 79
3 19 65
3 21 88
3 25 60
3 28 57
3 32 59
3 37 63
3 39 45
3 45 26
3 47 33
3 56 53
3 58 53
3 66 50
3 67 51
3 69 51
3 71 7
3 72 10
3 75 85
3 76 35
3 77 30
3 78 8
3 79 23
3 84 38
3 86 8
3 88 31
3 89 68
3 93 70
3 94 77
3 96 85
3 98 72
4 5 49
4 6 44
4 9 19
4 10 58
4 13 24
4 15 49
4 17 46
4 23 40
4 26 49
4 32 22
4 34 62
4 38 15
4 42 80
4 43 58
4 44 29
4 47 66
4 66 46
4 69 65
4 70 49
4 76 27
4 78 44
4 88 35
4 89 49
4 92 54
4 94 58
4 95 36
5 6 91
5 8 36
5 12 48
5 14 19
5 15 96
5 16 96
5 18 43
5 19 82
5 20 69
5 22 46
5 25 75
5 27 21
5 34 28
5 54 54
5 55 14
5 58 66
5 59 75
5 63 13
5 64 93
5 67 67
5 69 66
5 71 11
5 72 21
5 73 41
5 74 80
5 76 51
5 87 55
5 91 55
5 92 15
5 94 94
5 99 19
6 8 100
6 16 35
6 19 39
6 25 24
6 29 56
6 31 90
6 41 48
6 42 94
6 46 101
6 51 66
6 52 46
6 56 26
6 58 24
6 66 50
6 68 90
6 69 77
6 73 51
6 74 21
6 84 50
6 86 84
6 89 31
6 92 92
6 96 12
6 98 11
7 8 41
7 10 22
7 11 52
7 14 18
7 29 61
7 32 59
7 33 49
7 35 42
7 43 32
7 45 38
7 46 23
7 59 65
7 64 84
7 65 30
7 66 59
7 68 62
7 72 10
7 85 88
7 91 45
7 92 22
7 93 71
7 95 61
7 96 88
8 9 85
8 10 40
8 14 55
8 22 51
8 24 42
8 28 47
8 31 16
8 34 8
8 35 82
8 36 99
8 38 71
8 41 80
8 45 9
8 46 45
8 49 57
8 51 79
8 54 48
8 56 75
8 64 88
8 65 57
8 73 52
8 76 54
8 83 36
8 86 32
8 88 45
8 91 86
9 10 76
9 12 30
9 16 56
9 18 71
9 28 82
9 29 30
9 32 8
9 43 76
9 47 82
9 54 51
9 57 69
9 59 45
9 60 13
9 65 28
9 70 67
9 71 62
9 85 51
9 88 47
9 89 47
9 95 28
9 96 42
10 11 73
10 12 58
10 13 35
10 16 106
10 17 93
10 19 92
10 21 113
10 22 56
10 24 2
10 25 85
10 28 80
10 36 76
10 42 80
10 46 5
10 47 47
10 48 4
10 51 53
10 52 87
10 61 70
10 63 13
10 66 77
10 67 77
10 68 69
10 69 75
10 71 21
10 79 6
10 81 61
10 85 109
10 87 65
10 91 59
11 12 26
11 13 39
11 14 60
11 15 37
11 19 49
11 26 54
11 34 77
11 42 88
11 43 72
11 49 30
11 50 84
11 52 52
11 59 43
11 61 81
11 62 44
11 73 29
11 74 33
11 77 83
11 81 17
11 83 55
11 84 42
11 85 50
11 87 47
11 92 69
11 97 40
12 18 41
12 20 61
12 22 8
12 28 54
12 30 41
12 33 49
12 34 53
12 36 54
12 37 32
12 44 45
12 47 53
12 50 65
12 52 37
12 53 42
12 60 18
12 61 56
12 65 9
12 74 32
12 76 10
12 78 36
12 81 29
12 82 25
12 83 37
12 84 19
12 86 40
12 87 23
12 88 18
12 97 44
13 17 62
13 25 53
13 26 51
13 30 66
13 37 50
13 39 35
13 40 29
13 44 48
13 50 45
13 52 60
13 53 62
13 57 27
13 63 28
13 64 74
13 66 51
13 68 62
13 69 60
13 71 21
13 74 58
13 75 78
13 77 46
13 81 29
13 84 39
13 88 33
13 89 64
13 90 71
13 91 39
13 92 32
13 94 73
13 96 75
14 20 87
14 31 63
14 35 41
14 37 72
14 38 59
14 40 27
14 43 47
14 45 54
14 47 60
14 55 34
14 56 71
14 61 80
14 65 43
14 70 18
14 74 83
14 78 37
14 84 64
14 99 35
15 16 34
15 18 85
15 20 96
15 28 83
15 29 61
15 35 64
15 44 49
15 51 72
15 53 62
15 54 59
15 55 103
15 56 30
15 58 30
15 60 42
15 62 72
15 63 99
15 67 34
15 70 97
15 74 23
15 75 18
15 78 85
15 86 89
15 89 31
15 92 97
15 93 14
15 95 59
16 17 14
16 19 15
16 27 80
16 30 10
16 31 78
16 33 74
16 34 92
16 37 46
16 39 44
16 44 74
16 50 111
16 51 89
16 53 36
16 58 41
16 59 21
16 67 31
16 69 55
16 70 97
16 72 76
16 77 104
16 79 102
16 80 79
16 88 49
16 91 94
16 92 92
16 93 38
17 20 68
17 21 26
17 24 95
17 25 11
17 26 32
17 35 69
17 48 94
17 51 75
17 55 86
17 59 11
17 61 65
17 63 89
17 64 15
17 68 66
17 69 51
17 74 9
17 79 90
17 82 44
17 85 17
17 94 12
17 96 26
17 98 35
17 99 66
18 24 54
18 26 31
18 29 92
18 31 9
18 32 70
18 33 8
18 38 54
18 45 14
18 48 49
18 49 39
18 50 48
18 51 74
18 56 56
18 58 61
18 63 56
18 67 51
18 79 46
18 81 66
18 82 18
18 83 37
18 85 77
18 88 26
18 89 61
18 91 82
18 93 76
18 96 85
18 97 75
18 99 26
19 22 37
19 23 63
19 27 66
19 32 44
19 34 77
19 35 75
19 36 83
19 42 58
19 45 68
19 46 95
19 52 9
19 56 25
19 65 47
19 67 21
19 70 83
19 72 63
19 73 44
19 75 29
19 77 89
19 85 24
19 95 80
20 27 48
20 28 14
20 37 89
20 42 4
20 48 73
20 49 56
20 51 100
20 55 60
20 60 80
20 61 7
20 62 123
20 67 64
20 68 7
20 69 17
20 70 71
20 71 59
20 73 61
20 78 50
20 82 37
20 84 45
20 87 40
20 93 90
21 22 59
21 27 92
21 29 73
21 32 39
21 37 35
21 48 114
21 54 60
21 56 34
21 57 100
21 62 84
21 75 8
21 80 91
21 83 92
21 84 55
21 91 86
21 94 24
21 95 71
21 96 5
22 23 28
22 24 58
22 26 26
22 28 47
22 31 42
22 32 36
22 33 42
22 34 47
22 41 40
22 45 42
22 49 8
22 52 34
22 53 37
22 56 25
22 62 70
22 68 48
22 70 47
22 72 26
22 73 9
22 75 56
22 77 57
22 79 52
22 80 33
22 98 47
23 25 58
23 26 44
23 35 54
23 36 71
23 37 63
23 38 46
23 41 52
23 42 55
23 50 34
23 51 51
23 53 54
23 54 34
23 60 46
23 61 45
23 64 74
23 74 63
23 75 84
23 77 30
23 81 48
23 85 81
23 88 28
23 91 59
23 92 16
23 93 70
23 95 71
24 31 53
24 32 82
24 39 71
24 44 80
24 48 5
24 49 66
24 50 15
24 54 66
24 58 78
24 60 67
24 61 72
24 63 13
24 69 77
24 74 92
24 77 26
24 82 58
24 85 111
24 96 111
25 29 63
25 31 67
25 37 24
25 38 20
25 41 47
25 42 70
25 53 38
25 54 32
25 56 8
25 61 66
25 63 80
25 75 26
25 78 61
25 80 63
25 85 24
25 89 14
25 90 60
25 97 17
25 98 27
26 28 25
26 36 86
26 39 38
26 41 64
26 42 37
26 46 78
26 49 24
26 50 76
26 58 42
26 61 33
26 62 95
26 63 74
26 65 40
26 71 53
26 73 35
26 75 52
26 78 45
26 80 43
26 81 61
26 83 55
26 87 10
26 89 31
26 92 57
26 96 57
27 28 50
27 29 79
27 30 73
27 31 24
27 35 61
27 37 69
27 42 51
27 47 23
27 50 30
27 54 36
27 58 59
27 59 59
27 63 34
27 67 54
27 71 11
27 73 32
27 76 38
27 77 24
27 78 3
27 84 39
27 91 66
27 95 78
27 98 79
27 99 6
28 29 107
28 33 26
28 34 52
28 37 78
28 40 94
28 47 37
28 48 78
28 51 95
28 62 117
28 64 52
28 69 6
28 70 73
28 72 62
28 73 55
28 82 31
28 84 36
28 87 31
28 91 103
28 92 59
28 95 106
28 98 84
29 33 100
29 34 94
29 37 40
29 38 46
29 42 117
29 49 60
29 56 57
29 68 109
29 69 101
29 71 72
29 72 59
29 76 64
29 77 96
29 78 76
29 80 83
29 84 72
29 86 70
29 87 77
29 89 77
29 90 111
29 95 2
29 99 72
30 35 73
30 39 34
30 41 62
30 53 35
30 56 22
30 57 82
30 58 31
30 66 28
30 67 21
30 69 53
30 92 84
30 93 30
30 95 75
30 97 14
31 32 79
31 43 17
31 44 92
31 46 56
31 55 35
31 67 59
31 70 47
31 71 36
31 75 90
31 90 36
31 92 31
31 93 85
31 99 30
32 35 37
32 45 78
32 46 81
32 56 21
32 57 71
32 60 15
32 61 83
32 63 72
32 69 72
32 70 71
32 79 79
32 80 68
32 81 25
32 84 42
32 86 65
32 95 36
32 99 61
33 34 26
33 38 62
33 39 61
33 42 24
33 47 12
33 48 53
33 51 82
33 56 62
33 65 53
33 67 57
33 71 39
33 72 45
33 73 47
33 75 87
33 79 50
33 89 66
33 90 30
33 98 88
34 36 92
34 38 67
34 42 49
34 44 89
34 45 11
34 49 55
34 50 25
34 51 72
34 52 70
34 65 52
34 66 59
34 67 68
34 70 30
34 74 82
34 75 101
34 79 26
34 81 70
34 86 25
34 88 43
34 91 79
34 93 91
34 98 94
34 99 22
35 36 17
35 40 15
35 43 72
35 44 20
35 46 58
35 49 49
35 53 83
35 54 63
35 62 25
35 66 70
35 71 53
35 76 51
35 78 58
35 83 48
35 84 60
35 86 52
35 87 64
35 92 64
35 95 19
36 40 29
36 42 117
36 44 15
36 45 93
36 46 74
36 47 99
36 49 61
36 50 90
36 51 23
36 53 95
36 56 59
36 62 9
36 63 63
36 64 91
36 67 63
36 68 109
36 74 67
36 81 26
36 82 78
36 83 65
36 86 68
36 90 112
36 91 18
36 96 72
36 97 72
37 38 18
37 39 19
37 40 53
37 42 90
37 43 79
37 48 86
37 51 48
37 55 84
37 57 75
37 60 19
37 61 84
37 63 76
37 65 33
37 66 47
37 70 75
37 72 55
37 73 37
37 75 38
37 78 67
37 84 43
37 86 68
37 87 49
37 93 11
37 94 43
37 95 38
37 96 30
38 39 1
38 41 28
38 42 74
38 43 61
38 44 36
38 45 62
38 46 70
38 50 77
38 52 38
38 55 66
38 58 8
38 60 11
38 67 15
38 68 67
38 73 19
38 83 49
38 87 33
38 89 34
38 90 66
38 94 42
39 42 73
39 44 37
39 47 66
39 52 37
39 56 12
39 59 28
39 60 12
39 64 45
39 68 66
39 72 39
39 73 19
39 76 19
39 78 49
39 80 52
39 81 26
39 83 49
39 84 26
39 85 43
39 86 52
39 87 32
39 90 65
39 94 41
39 95 46
39 99 46
40 43 65
40 45 70
40 52 82
40 54 66
40 56 60
40 59 75
40 61 91
40 62 34
40 63 34
40 65 36
40 66 75
40 67 62
40 72 35
40 73 41
40 75 89
40 77 67
40 78 52
40 81 24
40 84 63
40 85 90
40 89 81
40 94 90
40 95 33
40 96 83
40 97 80
40 98 62
41 44 16
41 45 73
41 48 66
41 51 18
41 53 74
41 59 58
41 61 87
41 63 52
41 67 44
41 68 87
41 71 53
41 76 43
41 78 55
41 84 51
41 91 22
41 92 64
41 96 60
42 44 108
42 53 35
42 54 42
42 59 57
42 63 86
42 64 65
42 66 44
42 67 65
42 69 17
42 71 63
42 79 74
42 85 81
42 87 41
42 88 45
42 89 66
42 90 14
42 91 110
42 92 59
42 94 71
42 96 93
42 98 96
42 99 56
43 49 49
43 51 69
43 58 69
43 65 47
43 69 43
43 79 29
43 83 27
43 85 92
43 90 52
43 93 85
43 99 18
44 45 89
44 46 77
44 48 82
44 56 45
44 59 64
44 61 100
44 63 67
44 71 69
44 74 53
44 75 65
44 78 71
44 79 79
44 95 10
44 96 56
45 48 38
45 51 74
45 55 25
45 56 66
45 58 69
45 59 63
45 60 65
45 61 29
45 62 101
45 65 50
45 66 50
45 71 27
45 74 75
45 75 94
45 76 45
45 79 35
45 81 70
45 84 43
45 85 90
45 86 29
45 88 36
45 92 20
45 93 85
46 48 9
46 52 90
46 56 80
46 58 77
46 61 75
46 74 92
46 78 34
46 82 60
46 83 23
46 88 61
46 92 26
46 93 94
46 95 77
46 97 104
46 98 94
46 99 33
47 50 40
47 55 30
47 60 70
47 62 107
47 65 55
47 72 42
47 73 49
47 77 28
47 78 25
47 83 39
47 86 36
47 88 39
47 89 75
47 96 99
48 52 87
48 54 63
48 60 67
48 61 67
48 62 85
48 65 53
48 74 91
48 80 32
48 83 22
48 87 64
48 90 82
48 95 82
48 96 111
48 99 29
49 62 71
49 64 41
49 68 52
49 69 42
49 71 44
49 74 28
49 78 38
49 80 41
49 86 45
49 87 17
49 88 14
49 89 32
49 92 51
49 96 48
50 61 64
50 70 21
50 73 59
50 74 97
50 78 32
50 79 13
50 80 33
50 88 61
50 89 100
50 92 19
50 93 102
50 97 109
50 98 104
51 60 34
51 66 74
51 67 59
51 69 89
51 83 44
51 91 8
51 92 60
51 94 86
51 95 26
51 97 76
51 99 52
52 55 77
52 61 47
52 68 48
52 69 33
52 73 42
52 74 26
52 75 38
52 76 28
52 78 58
52 79 83
52 86 68
52 89 17
52 91 87
52 92 71
52 93 45
52 94 22
52 97 33
53 54 22
53 56 40
53 57 65
53 59 24
53 61 34
53 70 76
53 71 63
53 75 52
53 77 75
53 78 54
53 79 79
53 81 71
53 82 28
53 84 24
53 85 47
53 86 66
53 87 21
53 92 66
53 96 59
53 99 55
54 57 46
54 62 86
54 65 30
54 68 36
54 69 25
54 70 55
54 74 37
54 80 34
54 81 51
54 82 9
54 84 5
54 85 51
54 90 35
54 91 73
54 93 51
54 95 75
54 98 56
54 99 35
55 58 74
55 61 54
55 65 50
55 71 15
55 73 47
55 74 85
55 78 19
55 81 64
55 83 20
55 85 103
55 86 16
55 92 6
55 94 96
55 97 97
56 59 19
56 61 65
56 62 68
56 63 73
56 70 69
56 72 48
56 79 76
56 80 58
56 81 37
56 85 31
56 87 30
56 89 21
56 91 62
56 95 55
56 97 23
56 99 54
57 59 69
57 60 57
57 61 51
57 65 41
57 68 51
57 73 38
57 80 15
57 83 12
57 85 94
57 88 41
57 90 66
58 61 72
58 62 57
58 64 43
58 67 15
58 68 73
58 70 67
58 73 27
58 74 20
58 75 38
58 80 60
58 86 60
58 87 38
58 91 53
58 92 69
58 98 20
59 60 40
59 66 14
59 68 55
59 69 40
59 73 37
59 77 83
59 87 24
59 88 28
59 96 36
59 97 26
59 99 57
60 73 21
60 74 34
60 78 49
60 79 64
60 81 14
60 85 52
60 87 41
60 92 60
61 62 117
61 63 75
61 64 65
61 66 40
61 68 1
61 70 65
61 77 52
61 87 35
61 90 18
61 92 49
61 96 91
61 98 91
62 64 100
62 67 72
62 81 34
62 83 72
62 86 75
62 87 87
62 88 81
62 93 61
62 95 13
62 97 80
62 98 56
63 65 45
63 69 78
63 71 23
63 72 26
63 77 36
63 84 64
63 98 85
64 65 58
64 69 50
64 71 83
64 72 74
64 76 42
64 79 100
64 81 70
64 84 39
64 90 52
64 94 7
64 99 75
65 71 35
65 72 21
65 75 60
65 79 50
65 83 32
65 86 35
65 89 47
65 91 43
65 92 45
65 96 58
66 69 27
66 72 49
66 74 29
66 75 45
66 77 72
66 79 72
66 81 57
66 82 22
66 87 12
66 89 24
66 90 34
66 92 61
66 94 31
66 95 79
66 98 53
67 68 60
67 75 34
67 77 78
67 83 56
67 89 20
67 91 65
67 96 35
67 97 26
67 98 32
68 71 52
68 72 56
68 73 55
68 75 86
68 76 47
68 81 83
68 82 31
68 84 41
68 88 38
68 91 101
68 94 70
68 95 107
69 72 56
69 73 49
69 74 56
69 77 61
69 81 76
69 82 25
69 85 65
69 86 58
69 87 25
69 89 49
69 90 11
69 94 55
69 96 77
70 72 21
70 81 52
70 84 57
70 86 10
70 91 54
70 93 84
70 95 72
70 97 93
70 98 85
70 99 21
71 73 32
71 75 92
71 77 25
71 82 35
71 84 45
71 87 44
71 89 75
71 95 71
71 97 83
71 98 78
71 99 9
72 76 32
72 77 39
72 80 24
72 83 10
72 86 14
72 93 63
73 74 40
73 84 22
73 91 49
73 93 44
73 95 53
73 99 27
74 81 48
74 84 32
74 89 12
74 95 63
74 96 22
74 97 12
75 77 112
75 78 86
75 82 64
75 83 90
75 87 55
75 93 27
75 95 75
75 99 85
76 78 35
76 80 37
76 81 39
76 86 43
76 88 10
76 90 48
76 93 41
77 82 50
77 85 109
77 86 26
77 87 59
77 88 55
77 96 113
77 99 29
78 82 26
78 84 37
78 92 13
78 98 76
79 80 29
79 84 61
79 90 79
80 81 58
80 84 37
80 90 50
80 92 15
80 94 77
80 98 80
80 99 11
81 87 52
81 90 87
81 93 40
81 94 67
81 96 59
82 84 14
82 85 61
82 97 57
83 84 45
83 86 4
83 88 38
83 89 74
83 90 69
83 91 51
83 95 66
83 96 89
83 97 81
83 98 75
83 99 12
84 88 8
84 91 70
84 94 40
84 96 54
84 99 37
85 91 90
85 98 36
86 90 69
86 91 55
86 98 78
87 91 74
87 93 51
87 94 43
87 96 58
87 97 48
87 99 35
88 93 50
88 96 60
88 97 50
89 90 54
89 91 83
89 93 31
90 98 87
90 99 58
91 94 91
91 96 82
91 97 80
92 95 82
92 97 91
92 98 88
93 94 35
93 97 19
93 98 7
94 97 17
95 96 66
97 99 76
98 99 74
