100 0.7 10 0 0.1 4950 3465 88
0.6519 0.927832 4
0.31905 0.214944 4
0.262164 0.299737 3
0.258259 0.604751 2
0.0242349 0.538198 5
0.902942 0.790929 5
0.0979443 0.472169 4
0.612974 0.884337 4
0.869861 0.402564 4
0.0190504 0.0101466 7
0.658026 0.606248 2
0.244396 0.358003 3
0.435765 0.795333 3
0.588694 0.728032 2
0.703121 0.394826 3
0.805087 0.568242 3
0.218835 0.83466 4
0.447726 0.436787 1
0.177402 0.0364517 6
0.280627 0.477049 2
0.155889 0.414933 4
0.460936 0.315006 2
0.612784 0.526439 1
0.818071 0.886716 5
0.0413998 0.620752 5
0.408472 0.582223 1
0.0927018 0.537052 4
0.285806 0.0666749 5
0.044476 0.373394 5
0.403062 0.328726 2
0.548595 0.536628 1
0.932404 0.894241 6
0.380532 0.898862 4
0.0164491 0.867572 6
0.189793 0.453239 3
0.230586 0.613353 3
0.520915 0.166854 4
0.665658 0.468335 2
0.754006 0.231637 4
0.227712 0.625008 3
0.109531 0.354739 4
0.678404 0.180198 4
0.0384142 0.158199 6
0.561286 0.221834 3
0.0427833 0.383042 5
0.91397 0.693852 5
0.717346 0.584394 2
0.590468 0.918402 4
0.760562 0.617563 3
0.127516 0.792345 4
0.551177 0.495991 1
0.603637 0.273451 3
0.595531 0.669963 2
0.312286 0.186971 4
0.343776 0.343736 2
0.585464 0.773746 3
0.485879 0.53851 0
0.0100093 0.0410418 7
0.683158 0.678406 2
0.0814254 0.991995 6
0.96104 0.300541 5
0.653701 0.956184 5
0.267778 0.798424 3
0.602227 0.532882 1
0.502832 0.973339 4
0.849211 0.376519 4
0.396372 0.559276 1
0.203337 0.764973 4
0.870146 0.408504 4
0.540883 0.735275 2
0.669542 0.999046 5
0.276364 0.0182283 6
0.154951 0.639193 3
0.344323 0.195989 4
0.839792 0.561078 4
0.0967028 0.297004 5
0.716005 0.436124 3
0.75314 0.782693 4
0.932381 0.194862 6
0.436383 0.647399 1
0.514528 0.260592 3
0.446195 0.315555 2
0.884816 0.535398 4
0.0176697 0.742589 5
0.67083 0.663819 2
0.129387 0.507701 4
0.719302 0.0826257 5
0.438808 0.635348 1
0.466704 0.917686 4
0.810504 0.6066 3
0.217088 0.0238433 6
0.419178 0.940056 4
0.678075 0.494793 2
0.771114 0.806415 4
0.411877 0.634763 1
0.66268 0.122163 5
0.96773 0.945458 6
0.0528253 0.131424 6
0.570532 0.741565 2
0.873101 0.198541 5
0 1 79
0 2 74
0 3 51
0 4 74
0 5 29
0 6 72
0 7 6
0 8 57
0 9 111
0 10 32
0 11 70
0 12 25
0 13 21
0 14 54
0 15 39
0 16 44
0 17 53
0 18 101
0 19 58
0 20 71
0 21 64
0 22 40
0 23 17
0 24 68
0 25 42
0 26 68
0 27 94
0 28 82
0 29 65
0 30 40
0 31 28
0 32 27
0 33 64
0 34 66
0 35 53
0 36 77
0 37 46
0 38 70
0 39 52
0 40 79
0 41 75
0 42 98
0 43 71
0 44 82
0 45 35
0 46 35
0 47 6
0 48 33
0 49 54
0 50 44
0 51 66
0 52 26
0 53 81
0 54 66
0 55 17
0 56 42
0 57 109
0 58 25
0 59 57
0 60 70
0 61 3
0 62 41
0 63 40
0 64 16
0 65 59
0 66 45
0 67 48
0 68 56
0 69 22
0 70 7
0 71 98
0 72 57
0 73 79
0 74 41
0 75 84
0 76 50
0 77 18
0 78 78
0 79 35
0 80 68
0 81 65
0 82 46
0 83 66
0 84 26
0 85 67
0 86 85
0 87 36
0 88 19
0 89 36
0 90 100
0 91 23
0 92 43
0 93 17
0 94 38
0 95 81
0 96 32
0 97 100
0 98 20
0 99 76
1 2 10
1 3 39
1 4 44
1 5 82
1 6 34
1 7 73
1 8 58
1 9 36
1 10 52
1 11 16
1 12 59
1 13 58
1 14 42
1 15 60
1 16 63
1 17 26
1 18 23
1 19 26
1 20 26
1 21 17
1 22 43
1 23 84
1 24 49
1 25 38
1 26 39
1 27 15
1 28 32
1 29 14
1 30 40
1 31 92
1 32 69
1 33 72
1 34 27
1 35 41
1 36 21
1 37 43
1 38 44
1 39 42
1 40 25
1 41 36
1 42 29
1 43 24
1 44 32
1 45 76
1 46 54
1 47 75
1 48 60
1 49 61
1 50 36
1 51 29
1 52 53
1 53 3
1 54 13
1 55 62
1 56 36
1 57 35
1 58 59
1 59 81
1 60 65
1 61 81
1 62 59
1 63 43
1 64 78
1 65 55
1 66 35
1 67 56
1 68 58
1 69 57
1 70 86
1 71 20
1 72 45
1 73 3
1 74 63
1 75 24
1 76 45
1 77 71
1 78 61
1 79 45
1 80 20
1 81 16
1 82 65
1 83 61
1 84 57
1 85 35
1 86 42
1 87 44
1 88 72
1 89 63
1 90 22
1 91 73
1 92 46
1 93 74
1 94 43
1 95 36
1 96 98
1 97 28
1 98 58
1 99 55
2 3 31
2 4 34
2 5 81
2 6 24
2 7 68
2 8 62
2 9 38
2 10 50
2 11 6
2 12 53
2 13 54
2 14 45
2 15 61
2 16 54
2 17 23
2 18 28
2 19 18
2 20 16
2 21 20
2 22 42
2 23 81
2 24 39
2 25 32
2 26 29
2 27 23
2 28 23
2 29 14
2 30 37
2 31 90
2 32 61
2 33 62
2 34 17
2 35 32
2 36 29
2 37 44
2 38 50
2 39 33
2 40 16
2 41 43
2 42 26
2 43 31
2 44 23
2 45 76
2 46 54
2 47 70
2 48 59
2 49 51
2 50 35
2 51 34
2 52 50
2 53 12
2 54 9
2 55 57
2 56 33
2 57 36
2 58 57
2 59 72
2 60 70
2 61 76
2 62 50
2 63 41
2 64 72
2 65 59
2 66 29
2 67 47
2 68 62
2 69 52
2 70 81
2 71 28
2 72 36
2 73 13
2 74 63
2 75 17
2 76 47
2 77 69
2 78 68
2 79 39
2 80 26
2 81 18
2 82 67
2 83 51
2 84 55
2 85 25
2 86 51
2 87 38
2 88 65
2 89 63
2 90 28
2 91 66
2 92 46
2 93 72
2 94 37
2 95 44
2 96 96
2 97 27
2 98 54
2 99 62
3 4 24
3 5 67
3 6 21
3 7 45
3 8 64
3 9 64
3 10 40
3 11 25
3 12 26
3 13 35
3 14 49
3 15 55
3 16 23
3 17 25
3 18 57
3 19 13
3 20 22
3 21 35
3 22 36
3 23 63
3 24 22
3 25 15
3 26 18
3 27 54
3 28 32
3 29 31
3 30 30
3 31 73
3 32 32
3 33 36
3 34 17
3 35 3
3 36 51
3 37 43
3 38 62
3 39 4
3 40 29
3 41 60
3 42 50
3 43 49
3 44 31
3 45 66
3 46 46
3 47 46
3 48 50
3 49 23
3 50 31
3 51 48
3 52 34
3 53 42
3 54 27
3 55 37
3 56 24
3 57 62
3 58 43
3 59 43
3 60 77
3 61 53
3 62 19
3 63 35
3 64 44
3 65 63
3 66 15
3 67 17
3 68 64
3 69 31
3 70 57
3 71 59
3 72 11
3 73 42
3 74 58
3 75 35
3 76 49
3 77 53
3 78 79
3 79 18
3 80 43
3 81 34
3 82 63
3 83 28
3 84 42
3 85 16
3 86 70
3 87 18
3 88 38
3 89 55
3 90 58
3 91 37
3 92 43
3 93 55
3 94 16
3 95 63
3 96 79
3 97 52
3 98 34
3 99 74
4 5 91
4 6 10
4 7 68
4 8 86
4 9 53
4 10 64
4 11 28
4 12 49
4 13 60
4 14 69
4 15 78
4 16 35
4 17 44
4 18 52
4 19 26
4 20 18
4 21 49
4 22 59
4 23 87
4 24 8
4 25 39
4 26 7
4 27 54
4 28 17
4 29 43
4 30 52
4 31 98
4 32 51
4 33 33
4 34 19
4 35 22
4 36 62
4 37 65
4 38 79
4 39 22
4 40 20
4 41 75
4 42 38
4 43 62
4 44 16
4 45 90
4 46 69
4 47 68
4 48 74
4 49 27
4 50 53
4 51 64
4 52 59
4 53 45
4 54 37
4 55 61
4 56 46
4 57 50
4 58 67
4 59 46
4 60 97
4 61 76
4 62 36
4 63 58
4 64 65
4 65 84
4 66 37
4 67 29
4 68 86
4 69 55
4 70 79
4 71 58
4 72 17
4 73 47
4 74 82
4 75 25
4 76 70
4 77 77
4 78 97
4 79 43
4 80 56
4 81 48
4 82 86
4 83 20
4 84 66
4 85 11
4 86 83
4 87 43
4 88 58
4 89 79
4 90 55
4 91 56
4 92 66
4 93 79
4 94 40
4 95 76
4 96 103
4 97 41
4 98 58
4 99 91
5 6 87
5 7 30
5 8 39
5 9 118
5 10 31
5 11 79
5 12 47
5 13 32
5 14 44
5 15 24
5 16 69
5 17 58
5 18 105
5 19 70
5 20 84
5 21 65
5 22 39
5 23 13
5 24 88
5 25 54
5 26 85
5 27 95
5 28 95
5 29 68
5 30 44
5 31 11
5 32 53
5 33 89
5 34 79
5 35 70
5 36 73
5 37 40
5 38 58
5 39 70
5 40 91
5 41 65
5 42 107
5 43 66
5 44 95
5 45 10
5 46 28
5 47 34
5 48 22
5 49 78
5 50 46
5 51 60
5 52 33
5 53 84
5 54 72
5 55 32
5 56 49
5 57 117
5 58 25
5 59 85
5 60 49
5 61 30
5 62 64
5 63 40
5 64 44
5 65 42
5 66 56
5 67 70
5 68 38
5 69 37
5 70 31
5 71 99
5 72 76
5 73 82
5 74 24
5 75 95
5 76 40
5 77 15
5 78 60
5 79 49
5 80 66
5 81 66
5 82 26
5 83 89
5 84 26
5 85 82
5 86 73
5 87 49
5 88 45
5 89 21
5 90 103
5 91 51
5 92 37
5 93 13
5 94 52
5 95 71
5 96 17
5 97 108
5 98 34
5 99 59
6 7 66
6 8 78
6 9 47
6 10 58
6 11 19
6 12 47
6 13 55
6 14 61
6 15 71
6 16 38
6 17 35
6 18 44
6 19 18
6 20 8
6 21 40
6 22 52
6 23 83
6 24 16
6 25 33
6 26 7
6 27 45
6 28 11
6 29 34
6 30 46
6 31 94
6 32 51
6 33 40
6 34 9
6 35 19
6 36 52
6 37 57
6 38 70
6 39 20
6 40 12
6 41 65
6 42 32
6 43 53
6 44 10
6 45 85
6 46 63
6 47 66
6 48 68
6 49 32
6 50 45
6 51 54
6 52 54
6 53 36
6 54 28
6 55 57
6 56 39
6 57 44
6 58 62
6 59 52
6 60 88
6 61 74
6 62 37
6 63 51
6 64 64
6 65 76
6 66 31
6 67 31
6 68 77
6 69 52
6 70 78
6 71 49
6 72 18
6 73 37
6 74 75
6 75 18
6 76 62
6 77 73
6 78 88
6 79 38
6 80 47
6 81 38
6 82 79
6 83 28
6 84 60
6 85 5
6 86 73
6 87 38
6 88 58
6 89 73
6 90 46
6 91 57
6 92 58
6 93 75
6 94 35
6 95 66
6 96 99
6 97 34
6 98 54
6 99 82
7 8 55
7 9 106
7 10 28
7 11 64
7 12 20
7 13 16
7 14 50
7 15 37
7 16 40
7 17 48
7 18 95
7 19 53
7 20 66
7 21 59
7 22 36
7 23 21
7 24 63
7 25 36
7 26 63
7 27 88
7 28 76
7 29 59
7 30 35
7 31 32
7 32 23
7 33 60
7 34 60
7 35 47
7 36 72
7 37 42
7 38 67
7 39 46
7 40 73
7 41 71
7 42 93
7 43 66
7 44 76
7 45 36
7 46 32
7 47 4
7 48 30
7 49 49
7 50 39
7 51 61
7 52 22
7 53 76
7 54 60
7 55 11
7 56 37
7 57 104
7 58 22
7 59 54
7 60 68
7 61 8
7 62 36
7 63 35
7 64 14
7 65 56
7 66 39
7 67 43
7 68 54
7 69 17
7 70 13
7 71 93
7 72 52
7 73 74
7 74 39
7 75 78
7 76 46
7 77 17
7 78 76
7 79 30
7 80 63
7 81 59
7 82 44
7 83 61
7 84 23
7 85 61
7 86 81
7 87 30
7 88 15
7 89 34
7 90 95
7 91 20
7 92 39
7 93 18
7 94 32
7 95 76
7 96 36
7 97 94
7 98 15
7 99 73
8 9 94
8 10 29
8 11 63
8 12 59
8 13 43
8 14 17
8 15 18
8 16 78
8 17 42
8 18 78
8 19 59
8 20 71
8 21 42
8 22 29
8 23 49
8 24 86
8 25 50
8 26 79
8 27 67
8 28 83
8 29 47
8 30 35
8 31 50
8 32 70
8 33 97
8 34 68
8 35 67
8 36 42
8 37 21
8 38 21
8 39 68
8 40 76
8 41 29
8 42 87
8 43 36
8 44 83
8 45 29
8 46 24
8 47 59
8 48 24
8 49 84
8 50 33
8 51 30
8 52 38
8 53 60
8 54 53
8 55 47
8 56 41
8 57 93
8 58 33
8 59 98
8 60 14
8 61 59
8 62 72
8 63 30
8 64 68
8 65 3
8 66 50
8 67 76
8 68 1
8 69 47
8 70 63
8 71 71
8 72 75
8 73 56
8 74 16
8 75 78
8 76 16
8 77 40
8 78 22
8 79 50
8 80 38
8 81 43
8 82 13
8 83 92
8 84 33
8 85 75
8 86 35
8 87 49
8 88 65
8 89 21
8 90 75
8 91 70
8 92 21
8 93 42
8 94 51
8 95 35
8 96 55
8 97 86
8 98 45
8 99 20
9 10 87
9 11 41
9 12 89
9 13 92
9 14 78
9 15 96
9 16 85
9 17 60
9 18 16
9 19 54
9 20 43
9 21 54
9 22 79
9 23 119
9 24 61
9 25 69
9 26 53
9 27 27
9 28 36
9 29 50
9 30 75
9 31 127
9 32 96
9 33 86
9 34 47
9 35 64
9 36 53
9 37 79
9 38 77
9 39 65
9 40 36
9 41 68
9 42 15
9 43 58
9 44 37
9 45 113
9 46 90
9 47 107
9 48 96
9 49 79
9 50 72
9 51 64
9 52 88
9 53 34
9 54 47
9 55 95
9 56 71
9 57 3
9 58 94
9 59 98
9 60 99
9 61 114
9 62 83
9 63 78
9 64 108
9 65 91
9 66 67
9 67 78
9 68 94
9 69 89
9 70 118
9 71 26
9 72 64
9 73 37
9 74 99
9 75 30
9 76 82
9 77 107
9 78 93
9 79 76
9 80 56
9 81 53
9 82 101
9 83 73
9 84 92
9 85 51
9 86 70
9 87 75
9 88 101
9 89 99
9 90 20
9 91 101
9 92 82
9 93 110
9 94 74
9 95 65
9 96 133
9 97 13
9 98 92
9 99 87
10 11 48
10 12 29
10 13 14
10 14 22
10 15 15
10 16 50
10 17 27
10 18 75
10 19 40
10 20 54
10 21 35
10 22 9
10 23 32
10 24 62
10 25 25
10 26 57
10 27 66
10 28 66
10 29 38
10 30 13
10 31 40
10 32 40
10 33 69
10 34 49
10 35 43
10 36 46
10 37 14
10 38 39
10 39 43
10 40 60
10 41 43
10 42 76
10 43 40
10 44 65
10 45 27
10 46 6
10 47 32
10 48 10
10 49 56
10 50 15
10 51 34
10 52 9
10 53 54
10 54 41
10 55 18
10 56 18
10 57 86
10 58 8
10 59 69
10 60 43
10 61 35
10 62 43
10 63 9
10 64 40
10 65 30
10 66 27
10 67 48
10 68 29
10 69 17
10 70 39
10 71 70
10 72 50
10 73 52
10 74 19
10 75 64
10 76 18
10 77 20
10 78 49
10 79 23
10 80 37
10 81 36
10 82 24
10 83 65
10 84 6
10 85 54
10 86 53
10 87 22
10 88 37
10 89 15
10 90 73
10 91 41
10 92 11
10 93 23
10 94 25
10 95 48
10 96 46
10 97 77
10 98 16
10 99 46
11 12 48
11 13 51
11 14 46
11 15 60
11 16 48
11 17 22
11 18 33
11 19 12
11 20 11
11 21 22
11 22 41
11 23 78
11 24 33
11 25 28
11 26 23
11 27 29
11 28 20
11 29 16
11 30 35
11 31 87
11 32 56
11 33 56
11 34 11
11 35 26
11 36 34
11 37 44
11 38 53
11 39 27
11 40 13
11 41 47
11 42 29
11 43 34
11 44 20
11 45 75
11 46 52
11 47 66
11 48 58
11 49 45
11 50 34
11 51 37
11 52 47
11 53 18
11 54 10
11 55 54
11 56 30
11 57 39
11 58 54
11 59 65
11 60 72
11 61 72
11 62 44
11 63 40
11 64 67
11 65 61
11 66 25
11 67 41
11 68 63
11 69 48
11 70 77
11 71 34
11 72 30
11 73 19
11 74 63
11 75 16
11 76 48
11 77 66
11 78 71
11 79 35
11 80 29
11 81 21
11 82 66
11 83 45
11 84 52
11 85 19
11 86 55
11 87 34
11 88 60
11 89 62
11 90 34
11 91 61
11 92 45
11 93 69
11 94 32
11 95 48
11 96 93
11 97 30
11 98 50
11 99 65
12 13 17
12 14 48
12 15 43
12 16 22
12 17 36
12 18 80
12 19 35
12 20 47
12 21 48
12 22 32
12 23 39
12 24 43
12 25 21
12 26 43
12 27 74
12 28 58
12 29 47
12 30 28
12 31 51
12 32 12
12 33 43
12 34 42
12 35 27
12 36 63
12 37 40
12 38 65
12 39 27
12 40 55
12 41 66
12 42 75
12 43 59
12 44 57
12 45 49
12 46 35
12 47 20
12 48 37
12 49 31
12 50 32
12 51 55
12 52 20
12 53 62
12 54 46
12 55 15
12 56 26
12 57 87
12 58 27
12 59 41
12 60 72
12 61 27
12 62 17
12 63 31
12 64 19
12 65 59
12 66 24
12 67 23
12 68 58
12 69 12
12 70 31
12 71 79
12 72 32
12 73 61
12 74 47
12 75 60
12 76 46
12 77 32
12 78 78
12 79 15
12 80 54
12 81 48
12 82 52
12 83 42
12 84 27
12 85 42
12 86 77
12 87 16
12 88 13
12 89 42
12 90 80
12 91 15
12 92 39
12 93 34
12 94 16
12 95 71
12 96 55
12 97 77
12 98 15
12 99 74
13 14 35
13 15 27
13 16 38
13 17 32
13 18 80
13 19 40
13 20 53
13 21 43
13 22 20
13 23 28
13 24 56
13 25 23
13 26 53
13 27 73
13 28 65
13 29 44
13 30 20
13 31 38
13 32 27
13 33 59
13 34 48
13 35 38
13 36 57
13 37 27
13 38 52
13 39 38
13 40 61
13 41 56
13 42 79
13 43 51
13 44 65
13 45 33
13 46 19
13 47 19
13 48 20
13 49 47
13 50 24
13 51 45
13 52 6
13 53 61
13 54 46
13 55 5
13 56 22
13 57 90
13 58 11
13 59 57
13 60 57
13 61 24
13 62 33
13 63 20
13 64 26
13 65 44
13 66 26
13 67 39
13 68 43
13 69 5
13 70 28
13 71 78
13 72 44
13 73 59
13 74 30
13 75 65
13 76 32
13 77 17
13 78 63
13 79 17
13 80 47
13 81 44
13 82 35
13 83 57
13 84 10
13 85 51
13 86 66
13 87 18
13 88 23
13 89 25
13 90 80
13 91 27
13 92 25
13 93 20
13 94 20
13 95 61
13 96 44
13 97 80
13 98 2
13 99 60
14 15 20
14 16 65
14 17 26
14 18 64
14 19 43
14 20 55
14 21 25
14 22 16
14 23 51
14 24 70
14 25 35
14 26 63
14 27 53
14 28 66
14 29 31
14 30 21
14 31 55
14 32 60
14 33 83
14 34 52
14 35 52
14 36 29
14 37 8
14 38 17
14 39 53
14 40 59
14 41 22
14 42 71
14 43 22
14 44 66
14 45 37
14 46 19
14 47 54
14 48 23
14 49 70
14 50 18
14 51 16
14 52 30
14 53 44
14 54 36
14 55 40
14 56 26
14 57 78
14 58 28
14 59 86
14 60 27
14 61 56
14 62 59
14 63 17
14 64 61
14 65 15
14 66 35
14 67 62
14 68 17
14 69 38
14 70 61
14 71 57
14 72 60
14 73 41
14 74 22
14 75 61
14 76 4
14 77 39
14 78 30
14 79 37
14 80 23
14 81 27
14 82 23
14 83 77
14 84 27
14 85 58
14 86 31
14 87 36
14 88 57
14 89 24
14 90 61
14 91 61
14 92 10
14 93 42
14 94 38
14 95 28
14 96 61
14 97 70
14 98 37
14 99 26
15 16 64
15 17 38
15 18 82
15 19 53
15 20 67
15 21 43
15 22 20
15 23 32
15 24 77
15 25 40
15 26 71
15 27 72
15 28 79
15 29 47
15 30 26
15 31 35
15 32 54
15 33 84
15 34 63
15 35 58
15 36 49
15 37 17
15 38 34
15 39 58
15 40 73
15 41 41
15 42 87
15 43 42
15 44 78
15 45 17
15 46 9
15 47 41
15 48 7
15 49 71
15 50 26
15 51 36
15 52 23
15 53 62
15 54 51
15 55 30
15 56 32
15 57 95
15 58 16
15 59 84
15 60 31
15 61 42
15 62 58
15 63 21
15 64 51
15 65 20
15 66 41
15 67 63
15 68 17
15 69 31
15 70 45
15 71 76
15 72 65
15 73 59
15 74 4
15 75 76
15 76 16
15 77 22
15 78 39
15 79 38
15 80 42
15 81 44
15 82 9
15 83 81
15 84 16
15 85 68
15 86 49
15 87 37
15 88 49
15 89 4
15 90 80
15 91 54
15 92 15
15 93 24
15 94 40
15 95 47
15 96 41
15 97 87
15 98 29
15 99 38
16 17 46
16 18 80
16 19 36
16 20 42
16 21 57
16 22 50
16 23 60
16 24 28
16 25 32
16 26 32
16 27 77
16 28 49
16 29 54
16 30 44
16 31 72
16 32 17
16 33 21
16 34 38
16 35 22
16 36 73
16 37 58
16 38 81
16 39 21
16 40 49
16 41 80
16 42 70
16 43 70
16 44 48
16 45 71
16 46 56
16 47 38
16 48 58
16 49 10
16 50 47
16 51 68
16 52 41
16 53 65
16 54 51
16 55 37
16 56 40
16 57 82
16 58 49
16 59 21
16 60 91
16 61 45
16 62 6
16 63 49
16 64 32
16 65 78
16 66 33
16 67 7
16 68 78
16 69 34
16 70 48
16 71 82
16 72 21
16 73 65
16 74 68
16 75 55
16 76 64
16 77 54
16 78 96
16 79 29
16 80 65
16 81 57
16 82 73
16 83 22
16 84 48
16 85 34
16 86 90
16 87 30
16 88 26
16 89 63
16 90 81
16 91 23
16 92 57
16 93 55
16 94 28
16 95 84
16 96 76
16 97 72
16 98 36
16 99 91
17 18 48
17 19 17
17 20 29
17 21 12
17 22 19
17 23 58
17 24 45
17 25 15
17 26 37
17 27 40
17 28 41
17 29 12
17 30 14
17 31 67
17 32 47
17 33 61
17 34 26
17 35 28
17 36 28
17 37 22
17 38 37
17 39 29
17 40 35
17 41 35
17 42 50
17 43 24
17 44 41
17 45 53
17 46 31
17 47 50
17 48 36
17 49 48
17 50 12
17 51 23
17 52 28
17 53 28
17 54 14
17 55 36
17 56 11
17 57 59
17 58 34
17 59 67
17 60 53
17 61 56
17 62 40
17 63 18
17 64 54
17 65 41
17 66 13
17 67 41
17 68 42
17 69 31
17 70 60
17 71 45
17 72 36
17 73 26
17 74 41
17 75 38
17 76 27
17 77 46
17 78 54
17 79 21
17 80 19
17 81 12
17 82 45
17 83 53
17 84 32
17 85 33
17 86 45
17 87 20
17 88 48
17 89 40
17 90 47
17 91 50
17 92 24
17 93 49
17 94 20
17 95 38
17 96 73
17 97 50
17 98 33
17 99 49
18 19 45
18 20 38
18 21 40
18 22 66
18 23 106
18 24 60
18 25 59
18 26 51
18 27 11
18 28 36
18 29 37
18 30 62
18 31 114
18 32 89
18 33 85
18 34 42
18 35 58
18 36 37
18 37 65
18 38 61
18 39 59
18 40 33
18 41 52
18 42 18
18 43 43
18 44 37
18 45 99
18 46 77
18 47 97
18 48 82
18 49 76
18 50 59
18 51 49
18 52 76
18 53 20
18 54 35
18 55 84
18 56 59
18 57 17
18 58 82
18 59 96
18 60 83
18 61 104
18 62 77
18 63 65
18 64 99
18 65 75
18 66 57
18 67 73
18 68 79
18 69 79
18 70 108
18 71 10
18 72 60
18 73 23
18 74 84
18 75 27
18 76 67
18 77 94
18 78 77
18 79 66
18 80 40
18 81 39
18 82 87
18 83 72
18 84 80
18 85 47
18 86 54
18 87 65
18 88 93
18 89 85
18 90 4
18 91 94
18 92 68
18 93 97
18 94 64
18 95 49
18 96 120
18 97 16
18 98 81
18 99 71
19 20 14
19 21 24
19 22 34
19 23 68
19 24 28
19 25 17
19 26 20
19 27 41
19 28 26
19 29 19
19 30 27
19 31 77
19 32 43
19 33 47
19 34 9
19 35 15
19 36 39
19 37 39
19 38 53
19 39 16
19 40 21
19 41 50
19 42 40
19 43 38
19 44 26
19 45 67
19 46 45
19 47 54
19 48 50
19 49 35
19 50 27
19 51 38
19 52 37
19 53 29
19 54 15
19 55 43
19 56 21
19 57 51
19 58 45
19 59 55
19 60 70
19 61 61
19 62 32
19 63 33
19 64 54
19 65 58
19 66 14
19 67 30
19 68 59
19 69 37
19 70 65
19 71 46
19 72 21
19 73 29
19 74 57
19 75 26
19 76 44
19 77 56
19 78 71
19 79 23
19 80 32
19 81 23
19 82 61
19 83 37
19 84 43
19 85 15
19 86 59
19 87 22
19 88 48
19 89 55
19 90 46
19 91 48
19 92 40
19 93 59
19 94 21
19 95 52
19 96 83
19 97 41
19 98 39
19 99 65
20 21 32
20 22 47
20 23 81
20 24 24
20 25 30
20 26 14
20 27 37
20 28 12
20 29 26
20 30 41
20 31 91
20 32 53
20 33 47
20 34 5
20 35 21
20 36 44
20 37 51
20 38 63
20 39 22
20 40 8
20 41 57
20 42 28
20 43 45
20 44 12
20 45 81
20 46 59
20 47 67
20 48 64
20 49 38
20 50 40
20 51 47
20 52 51
20 53 28
20 54 20
20 55 56
20 56 35
20 57 40
20 58 59
20 59 58
20 60 81
20 61 74
20 62 40
20 63 46
20 64 66
20 65 69
20 66 28
20 67 35
20 68 71
20 69 50
20 70 78
20 71 41
20 72 22
20 73 29
20 74 70
20 75 13
20 76 56
20 77 70
20 78 81
20 79 36
20 80 39
20 81 31
20 82 74
20 83 36
20 84 57
20 85 10
20 86 65
20 87 36
20 88 59
20 89 68
20 90 40
20 91 59
20 92 53
20 93 73
20 94 34
20 95 59
20 96 97
20 97 30
20 98 53
20 99 75
21 22 26
21 23 67
21 24 52
21 25 27
21 26 43
21 27 30
21 28 42
21 29 6
21 30 24
21 31 75
21 32 59
21 33 71
21 34 30
21 35 38
21 36 16
21 37 26
21 38 30
21 39 39
21 40 35
21 41 26
21 42 45
21 43 14
21 44 42
21 45 59
21 46 37
21 47 62
21 48 43
21 49 58
21 50 20
21 51 15
21 52 38
21 53 20
21 54 12
21 55 48
21 56 22
21 57 53
21 58 43
21 59 78
21 60 50
21 61 67
21 62 52
21 63 26
21 64 66
21 65 39
21 66 25
21 67 52
21 68 42
21 69 43
21 70 72
21 71 35
21 72 45
21 73 17
21 74 45
21 75 36
21 76 28
21 77 55
21 78 49
21 79 33
21 80 8
21 81 1
21 82 48
21 83 62
21 84 41
21 85 38
21 86 35
21 87 32
21 88 60
21 89 46
21 90 38
21 91 63
21 92 28
21 93 58
21 94 32
21 95 28
21 96 81
21 97 45
21 98 44
21 99 43
22 23 41
22 24 58
22 25 21
22 26 52
22 27 56
22 28 59
22 29 29
22 30 6
22 31 49
22 32 44
22 33 69
22 34 43
22 35 39
22 36 37
22 37 8
22 38 33
22 39 40
22 40 53
22 41 35
22 42 68
22 43 31
22 44 59
22 45 34
22 46 12
22 47 39
22 48 17
22 49 55
22 50 7
22 51 25
22 52 14
22 53 45
22 54 33
22 55 25
22 56 13
22 57 77
22 58 17
22 59 71
22 60 42
22 61 43
22 62 44
22 63 1
22 64 46
22 65 28
22 66 22
22 67 47
22 68 28
22 69 22
22 70 48
22 71 61
22 72 47
22 73 43
22 74 23
22 75 56
22 76 14
22 77 29
22 78 46
22 79 21
22 80 28
22 81 27
22 82 27
22 83 63
22 84 15
22 85 48
22 86 46
22 87 21
22 88 42
22 89 21
22 90 64
22 91 46
22 92 7
22 93 32
22 94 23
22 95 41
22 96 55
22 97 69
22 98 22
22 99 42
23 24 82
23 25 51
23 26 81
23 27 98
23 28 93
23 29 70
23 30 44
23 31 11
23 32 44
23 33 80
23 34 76
23 35 65
23 36 78
23 37 45
23 38 66
23 39 65
23 40 89
23 41 72
23 42 107
23 43 71
23 44 92
23 45 22
23 46 32
23 47 23
23 48 28
23 49 70
23 50 47
23 51 65
23 52 31
23 53 86
23 54 72
23 55 26
23 56 48
23 57 117
23 58 25
23 59 74
23 60 60
23 61 18
23 62 56
23 63 41
23 64 33
23 65 51
23 66 53
23 67 63
23 68 48
23 69 32
23 70 19
23 71 102
23 72 71
23 73 84
23 74 33
23 75 93
23 76 46
23 77 12
23 78 70
23 79 45
23 80 70
23 81 68
23 82 36
23 83 81
23 84 27
23 85 79
23 86 81
23 87 46
23 88 35
23 89 28
23 90 105
23 91 40
23 92 42
23 93 9
23 94 48
23 95 78
23 96 16
23 97 108
23 98 29
23 99 69
24 25 37
24 26 10
24 27 61
24 28 25
24 29 46
24 30 51
24 31 93
24 32 44
24 33 25
24 34 22
24 35 19
24 36 66
24 37 64
24 38 81
24 39 19
24 40 27
24 41 77
24 42 46
24 43 66
24 44 24
24 45 88
24 46 68
24 47 62
24 48 72
24 49 19
24 50 52
24 51 66
24 52 56
24 53 51
24 54 41
24 55 57
24 56 45
24 57 58
24 58 64
24 59 37
24 60 97
24 61 70
24 62 29
24 63 57
24 64 58
24 65 84
24 66 36
24 67 22
24 68 86
24 69 51
24 70 73
24 71 65
24 72 12
24 73 52
24 74 80
24 75 33
24 76 70
24 77 73
24 78 99
24 79 40
24 80 59
24 81 51
24 82 85
24 83 12
24 84 63
24 85 14
24 86 87
24 87 40
24 88 52
24 89 77
24 90 62
24 91 49
24 92 65
24 93 75
24 94 37
24 95 80
24 96 98
24 97 49
24 98 54
24 99 93
25 26 32
25 27 53
25 28 42
25 29 25
25 30 15
25 31 61
25 32 32
25 33 48
25 34 25
25 35 18
25 36 43
25 37 28
25 38 49
25 39 19
25 40 38
25 41 48
25 42 56
25 43 39
25 44 42
25 45 52
25 46 31
25 47 38
25 48 35
25 49 35
25 50 17
25 51 37
25 52 21
25 53 41
25 54 25
25 55 26
25 56 9
25 57 67
25 58 29
25 59 52
25 60 62
25 61 45
25 62 26
25 63 20
25 64 40
25 65 49
25 66 3
25 67 27
25 68 49
25 69 20
25 70 49
25 71 58
25 72 26
25 73 39
25 74 43
25 75 42
25 76 34
25 77 40
25 78 65
25 79 7
25 80 34
25 81 27
25 82 48
25 83 42
25 84 27
25 85 29
25 86 59
25 87 6
25 88 34
25 89 40
25 90 59
25 91 36
25 92 28
25 93 43
25 94 5
25 95 53
25 96 67
25 97 57
25 98 23
25 99 60
26 27 51
26 28 17
26 29 37
26 30 46
26 31 91
26 32 46
26 33 34
26 34 13
26 35 16
26 36 57
26 37 58
26 38 73
26 39 16
26 40 18
26 41 69
26 42 38
26 43 56
26 44 16
26 45 84
26 46 63
26 47 63
26 48 67
26 49 26
26 50 46
26 51 57
26 52 52
26 53 41
26 54 32
26 55 55
26 56 39
26 57 50
26 58 61
26 59 46
26 60 90
26 61 70
26 62 31
26 63 51
26 64 60
26 65 77
26 66 30
26 67 25
26 68 79
26 69 49
26 70 74
26 71 55
26 72 12
26 73 42
26 74 75
26 75 24
26 76 63
26 77 70
26 78 91
26 79 36
26 80 50
26 81 42
26 82 79
26 83 22
26 84 59
26 85 5
26 86 77
26 87 36
26 88 53
26 89 72
26 90 53
26 91 52
26 92 59
26 93 73
26 94 33
26 95 70
26 96 97
26 97 41
26 98 52
26 99 85
27 28 39
27 29 29
27 30 54
27 31 105
27 32 84
27 33 84
27 34 40
27 35 55
27 36 26
27 37 55
27 38 50
27 39 56
27 40 34
27 41 41
27 42 26
27 43 32
27 44 40
27 45 89
27 46 67
27 47 90
27 48 73
27 49 74
27 50 50
27 51 38
27 52 68
27 53 12
27 54 28
27 55 77
27 56 51
27 57 28
27 58 73
27 59 95
27 60 71
27 61 96
27 62 73
27 63 56
27 64 93
27 65 64
27 66 50
27 67 70
27 68 68
27 69 72
27 70 101
27 71 5
27 72 59
27 73 14
27 74 74
27 75 30
27 76 57
27 77 86
27 78 66
27 79 60
27 80 30
27 81 30
27 82 76
27 83 73
27 84 71
27 85 47
27 86 43
27 87 59
27 88 87
27 89 75
27 90 8
27 91 88
27 92 58
27 93 88
27 94 58
27 95 38
27 96 111
27 97 24
27 98 73
27 99 60
28 29 36
28 30 53
28 31 103
28 32 62
28 33 49
28 34 17
28 35 30
28 36 52
28 37 63
28 38 72
28 39 31
28 40 7
28 41 66
28 42 22
28 43 54
28 44 1
28 45 93
28 46 71
28 47 77
28 48 76
28 49 43
28 50 52
28 51 57
28 52 63
28 53 33
28 54 30
28 55 67
28 56 47
28 57 33
28 58 71
28 59 62
28 60 92
28 61 84
28 62 48
28 63 58
28 64 75
28 65 80
28 66 40
28 67 42
28 68 83
28 69 61
28 70 88
28 71 42
28 72 29
28 73 35
28 74 82
28 75 9
28 76 67
28 77 82
28 78 91
28 79 48
28 80 48
28 81 41
28 82 86
28 83 37
28 84 69
28 85 16
28 86 73
28 87 47
28 88 69
28 89 80
28 90 39
28 91 68
28 92 65
28 93 85
28 94 45
28 95 67
28 96 109
28 97 24
28 98 64
28 99 85
29 30 25
29 31 77
29 32 57
29 33 66
29 34 25
29 35 33
29 36 20
29 37 30
29 38 36
29 39 34
29 40 29
29 41 31
29 42 40
29 43 19
29 44 36
29 45 63
29 46 41
29 47 62
29 48 46
29 49 54
29 50 22
29 51 21
29 52 39
29 53 17
29 54 6
29 55 48
29 56 23
29 57 49
29 58 45
29 59 74
29 60 56
29 61 68
29 62 49
29 63 29
29 64 65
29 65 45
29 66 23
29 67 48
29 68 47
29 69 43
29 70 72
29 71 34
29 72 40
29 73 15
29 74 49
29 75 31
29 76 33
29 77 57
29 78 55
29 79 32
29 80 13
29 81 5
29 82 52
29 83 57
29 84 43
29 85 33
29 86 40
29 87 31
29 88 59
29 89 49
29 90 36
29 91 61
29 92 32
29 93 60
29 94 31
29 95 33
29 96 84
29 97 40
29 98 45
29 99 49
30 31 52
30 32 40
30 33 63
30 34 37
30 35 33
30 36 37
30 37 14
30 38 37
30 39 33
30 40 48
30 41 38
30 42 64
30 43 32
30 44 53
30 45 40
30 46 18
30 47 38
30 48 23
30 49 49
30 50 4
30 51 27
30 52 14
30 53 42
30 54 28
30 55 24
30 56 6
30 57 73
30 58 20
30 59 65
30 60 48
30 61 43
30 62 38
30 63 5
30 64 44
30 65 34
30 66 15
30 67 41
30 68 35
30 69 20
30 70 48
30 71 59
30 72 41
30 73 40
30 74 29
30 75 51
30 76 20
30 77 32
30 78 51
30 79 16
30 80 28
30 81 24
30 82 34
30 83 57
30 84 18
30 85 42
30 86 49
30 87 15
30 88 39
30 89 27
30 90 61
30 91 42
30 92 14
30 93 35
30 94 17
30 95 43
30 96 59
30 97 64
30 98 21
30 99 47
31 32 55
31 33 92
31 34 86
31 35 76
31 36 84
31 37 50
31 38 69
31 39 75
31 40 98
31 41 76
31 42 116
31 43 77
31 44 103
31 45 20
31 46 38
31 47 34
31 48 33
31 49 81
31 50 55
31 51 70
31 52 40
31 53 94
31 54 81
31 55 37
31 56 57
31 57 126
31 58 33
31 59 86
31 60 59
31 61 29
31 62 67
31 63 49
31 64 44
31 65 52
31 66 63
31 67 74
31 68 49
31 69 42
31 70 28
31 71 109
31 72 82
31 73 91
31 74 35
31 75 103
31 76 51
31 77 21
31 78 70
31 79 55
31 80 76
31 81 76
31 82 36
31 83 93
31 84 35
31 85 89
31 86 84
31 87 56
31 88 47
31 89 31
31 90 113
31 91 52
31 92 47
31 93 18
31 94 58
31 95 82
31 96 6
31 97 116
31 98 39
31 99 70
32 33 37
32 34 48
32 35 32
32 36 75
32 37 52
32 38 76
32 39 31
32 40 61
32 41 78
32 42 82
32 43 70
32 44 62
32 45 57
32 46 46
32 47 21
32 48 47
32 49 27
32 50 44
32 51 66
32 52 31
32 53 72
32 54 56
32 55 24
32 56 38
32 57 93
32 58 37
32 59 31
32 60 83
32 61 28
32 62 15
32 63 43
32 64 14
32 65 70
32 66 34
32 67 22
32 68 69
32 69 23
32 70 31
32 71 89
32 72 34
32 73 70
32 74 57
32 75 67
32 76 57
32 77 39
32 78 89
32 79 26
32 80 65
32 81 59
32 82 62
32 83 40
32 84 37
32 85 46
32 86 88
32 87 27
32 88 9
32 89 52
32 90 89
32 91 6
32 92 50
32 93 40
32 94 27
32 95 83
32 96 59
32 97 83
32 98 25
32 99 86
33 34 45
33 35 33
33 36 86
33 37 76
33 38 97
33 39 32
33 40 52
33 41 95
33 42 71
33 43 84
33 44 49
33 45 91
33 46 76
33 47 58
33 48 78
33 49 13
33 50 65
33 51 84
33 52 61
33 53 74
33 54 62
33 55 58
33 56 57
33 57 83
33 58 69
33 59 14
33 60 110
33 61 64
33 62 26
33 63 67
33 64 50
33 65 97
33 66 49
33 67 21
33 68 97
33 69 54
33 70 67
33 71 89
33 72 27
33 73 75
33 74 88
33 75 58
33 76 82
33 77 74
33 78 114
33 79 47
33 80 79
33 81 70
33 82 93
33 83 12
33 84 69
33 85 38
33 86 105
33 87 48
33 88 45
33 89 84
33 90 87
33 91 41
33 92 76
33 93 76
33 94 46
33 95 99
33 96 95
33 97 74
33 98 57
33 99 109
34 35 17
34 36 44
34 37 48
34 38 61
34 39 18
34 40 13
34 41 56
34 42 33
34 43 44
34 44 16
34 45 76
34 46 54
34 47 61
34 48 59
34 49 34
34 50 36
34 51 45
34 52 46
34 53 29
34 54 19
34 55 51
34 56 31
34 57 45
34 58 54
34 59 55
34 60 79
34 61 68
34 62 35
34 63 42
34 64 61
34 65 66
34 66 23
34 67 31
34 68 68
34 69 45
34 70 73
34 71 44
34 72 19
34 73 30
34 74 66
34 75 18
34 76 53
34 77 65
34 78 79
34 79 31
34 80 38
34 81 29
34 82 70
34 83 34
34 84 53
34 85 8
34 86 65
34 87 31
34 88 54
34 89 64
34 90 43
34 91 54
34 92 49
34 93 68
34 94 29
34 95 58
34 96 92
34 97 35
34 98 48
34 99 73
35 36 53
35 37 46
35 38 65
35 39 1
35 40 29
35 41 62
35 42 49
35 43 51
35 44 30
35 45 69
35 46 49
35 47 47
35 48 53
35 49 21
35 50 34
35 51 50
35 52 37
35 53 43
35 54 29
35 55 39
35 56 27
35 57 61
35 58 46
35 59 41
35 60 79
35 61 54
35 62 19
35 63 38
35 64 45
35 65 66
35 66 17
35 67 15
35 68 67
35 69 33
35 70 58
35 71 60
35 72 8
35 73 43
35 74 61
35 75 34
35 76 52
35 77 55
35 78 82
35 79 21
35 80 45
35 81 37
35 82 66
35 83 25
35 84 44
35 85 15
35 86 72
35 87 21
35 88 39
35 89 58
35 90 59
35 91 38
35 92 46
35 93 57
35 94 18
35 95 65
35 96 81
35 97 51
35 98 36
35 99 76
36 37 33
36 38 24
36 39 54
36 40 45
36 41 16
36 42 48
36 43 7
36 44 52
36 45 66
36 46 46
36 47 75
36 48 51
36 49 74
36 50 33
36 51 13
36 52 51
36 53 21
36 54 25
36 55 61
36 56 37
36 57 53
36 58 54
36 59 93
36 60 46
36 61 80
36 62 68
36 63 37
36 64 81
36 65 39
36 66 41
36 67 68
36 68 42
36 69 57
36 70 85
36 71 29
36 72 60
36 73 18
36 74 51
36 75 44
36 76 33
36 77 66
36 78 41
36 79 49
36 80 9
36 81 17
36 82 52
36 83 76
36 84 52
36 85 52
36 86 22
36 87 48
36 88 75
36 89 53
36 90 34
36 91 78
36 92 36
36 93 69
36 94 48
36 95 15
36 96 90
36 97 47
36 98 58
36 99 35
37 38 25
37 39 47
37 40 57
37 41 29
37 42 70
37 43 27
37 44 63
37 45 34
37 46 13
37 47 46
37 48 18
37 49 63
37 50 12
37 51 20
37 52 21
37 53 45
37 54 35
37 55 32
37 56 19
37 57 78
37 58 21
37 59 78
37 60 34
37 61 49
37 62 52
37 63 9
37 64 53
37 65 21
37 66 28
37 67 55
37 68 21
37 69 29
37 70 53
37 71 60
37 72 54
37 73 42
37 74 20
37 75 59
37 76 6
37 77 33
37 78 38
37 79 29
37 80 26
37 81 27
37 82 23
37 83 70
37 84 20
37 85 54
37 86 39
37 87 28
37 88 49
37 89 20
37 90 63
37 91 53
37 92 3
37 93 35
37 94 30
37 95 35
37 96 56
37 97 70
37 98 29
37 99 34
38 39 66
38 40 66
38 41 9
38 42 72
38 43 19
38 44 73
38 45 49
38 46 35
38 47 71
38 48 39
38 49 84
38 50 33
38 51 16
38 52 47
38 53 44
38 54 43
38 55 57
38 56 41
38 57 77
38 58 45
38 59 102
38 60 22
38 61 73
38 62 75
38 63 34
38 64 78
38 65 17
38 66 49
38 67 77
38 68 21
38 69 55
38 70 77
38 71 52
38 72 72
38 73 41
38 74 34
38 75 66
38 76 21
38 77 55
38 78 18
38 79 52
38 80 24
38 81 32
38 82 33
38 83 90
38 84 44
38 85 68
38 86 15
38 87 51
38 88 74
38 89 38
38 90 58
38 91 78
38 92 27
38 93 58
38 94 53
38 95 14
38 96 75
38 97 71
38 98 54
38 99 12
39 40 29
39 41 63
39 42 50
39 43 52
39 44 30
39 45 69
39 46 49
39 47 47
39 48 53
39 49 20
39 50 35
39 51 51
39 52 37
39 53 45
39 54 30
39 55 39
39 56 27
39 57 62
39 58 46
39 59 40
39 60 80
39 61 54
39 62 18
39 63 39
39 64 44
39 65 67
39 66 18
39 67 14
39 68 68
39 69 33
39 70 58
39 71 61
39 72 7
39 73 44
39 74 62
39 75 35
39 76 52
39 77 55
39 78 83
39 79 21
39 80 46
39 81 38
39 82 66
39 83 24
39 84 44
39 85 15
39 86 73
39 87 21
39 88 38
39 89 58
39 90 60
39 91 37
39 92 47
39 93 57
39 94 18
39 95 66
39 96 81
39 97 52
39 98 36
39 99 77
40 41 60
40 42 21
40 43 47
40 44 7
40 45 87
40 46 65
40 47 74
40 48 70
40 49 44
40 50 46
40 51 50
40 52 58
40 53 26
40 54 23
40 55 63
40 56 42
40 57 33
40 58 66
40 59 64
40 60 85
40 61 81
40 62 47
40 63 52
40 64 73
40 65 74
40 66 35
40 67 42
40 68 76
40 69 58
40 70 85
40 71 38
40 72 29
40 73 28
40 74 76
40 75 6
40 76 61
40 77 77
40 78 84
40 79 44
40 80 42
40 81 34
40 82 80
40 83 40
40 84 64
40 85 15
40 86 67
40 87 43
40 88 67
40 89 74
40 90 35
40 91 66
40 92 59
40 93 80
40 94 41
40 95 60
40 96 104
40 97 23
40 98 60
40 99 78
41 42 64
41 43 12
41 44 67
41 45 57
41 46 41
41 47 74
41 48 45
41 49 82
41 50 34
41 51 12
41 52 50
41 53 37
41 54 37
41 55 60
41 56 41
41 57 68
41 58 50
41 59 101
41 60 31
41 61 78
41 62 74
41 63 36
41 64 81
41 65 26
41 66 47
41 67 75
41 68 30
41 69 57
41 70 82
41 71 43
41 72 70
41 73 33
41 74 41
41 75 59
41 76 26
41 77 61
41 78 25
41 79 53
41 80 18
41 81 27
41 82 41
41 83 87
41 84 48
41 85 64
41 86 11
41 87 51
41 88 77
41 89 45
41 90 49
41 91 80
41 92 31
41 93 63
41 94 53
41 95 6
41 96 82
41 97 63
41 98 57
41 99 20
42 43 53
42 44 22
42 45 103
42 46 80
42 47 94
42 48 86
42 49 64
42 50 61
42 51 58
42 52 76
42 53 28
42 54 36
42 55 82
42 56 59
42 57 12
42 58 83
42 59 83
42 60 93
42 61 101
42 62 68
42 63 68
42 64 94
42 65 84
42 66 54
42 67 63
42 68 87
42 69 77
42 70 105
42 71 28
42 72 49
42 73 31
42 74 90
42 75 15
42 76 73
42 77 95
42 78 89
42 79 63
42 80 49
42 81 44
42 82 93
42 83 58
42 84 81
42 85 36
42 86 69
42 87 62
42 88 87
42 89 89
42 90 22
42 91 87
42 92 72
42 93 98
42 94 61
42 95 63
42 96 122
42 97 3
42 98 79
42 99 84
43 44 54
43 45 59
43 46 39
43 47 70
43 48 44
43 49 72
43 50 27
43 51 7
43 52 45
43 53 25
43 54 25
43 55 55
43 56 33
43 57 58
43 58 47
43 59 91
43 60 41
43 61 74
43 62 65
43 63 31
43 64 75
43 65 33
43 66 38
43 67 65
43 68 36
43 69 51
43 70 78
43 71 35
43 72 58
43 73 22
43 74 44
43 75 47
43 76 26
43 77 59
43 78 37
43 79 44
43 80 6
43 81 15
43 82 45
43 83 75
43 84 46
43 85 52
43 86 21
43 87 43
43 88 70
43 89 46
43 90 40
43 91 73
43 92 30
43 93 62
43 94 44
43 95 14
43 96 83
43 97 52
43 98 52
43 99 31
44 45 92
44 46 70
44 47 77
44 48 76
44 49 42
44 50 52
44 51 57
44 52 62
44 53 33
44 54 30
44 55 67
44 56 47
44 57 34
44 58 71
44 59 61
44 60 92
44 61 84
44 62 47
44 63 58
44 64 75
44 65 81
44 66 40
44 67 41
44 68 83
44 69 61
44 70 88
44 71 43
44 72 28
44 73 35
44 74 82
44 75 10
44 76 68
44 77 82
44 78 91
44 79 47
44 80 49
44 81 41
44 82 86
44 83 36
44 84 69
44 85 15
44 86 74
44 87 47
44 88 68
44 89 80
44 90 40
44 91 67
44 92 65
44 93 84
44 94 45
44 95 67
44 96 108
44 97 25
44 98 64
44 99 85
45 46 23
45 47 39
45 48 17
45 49 79
45 50 41
45 51 52
45 52 32
45 53 79
45 54 67
45 55 34
45 56 46
45 57 112
45 58 23
45 59 88
45 60 40
45 61 37
45 62 65
45 63 35
45 64 50
45 65 32
45 66 53
45 67 71
45 68 29
45 69 38
45 70 39
45 71 93
45 72 76
45 73 76
45 74 15
45 75 91
45 76 32
45 77 18
45 78 50
45 79 48
45 80 59
45 81 60
45 82 16
45 83 90
45 84 24
45 85 81
45 86 64
45 87 48
45 88 50
45 89 14
45 90 97
45 91 55
45 92 31
45 93 18
45 94 51
45 95 62
45 96 26
45 97 103
45 98 35
45 99 50
46 47 36
46 48 5
46 49 63
46 50 19
46 51 33
46 52 15
46 53 57
46 54 44
46 55 23
46 56 24
46 57 89
46 58 10
46 59 76
46 60 37
46 61 38
46 62 50
46 63 13
46 64 44
46 65 25
46 66 32
46 67 54
46 68 23
46 69 23
46 70 42
46 71 72
46 72 57
46 73 54
46 74 12
46 75 68
46 76 15
46 77 20
46 78 44
46 79 29
46 80 38
46 81 38
46 82 17
46 83 72
46 84 9
46 85 59
46 86 50
46 87 28
46 88 42
46 89 10
46 90 75
46 91 46
46 92 10
46 93 23
46 94 31
46 95 47
46 96 44
46 97 80
46 98 22
46 99 42
47 48 35
47 49 48
47 50 42
47 51 65
47 52 25
47 53 78
47 54 63
47 55 14
47 56 39
47 57 105
47 58 26
47 59 51
47 60 72
47 61 7
47 62 34
47 63 39
47 64 10
47 65 60
47 66 41
47 67 42
47 68 58
47 69 19
47 70 11
47 71 95
47 72 52
47 73 76
47 74 44
47 75 79
47 76 50
47 77 21
47 78 80
47 79 31
47 80 66
47 81 62
47 82 48
47 83 60
47 84 27
47 85 62
47 86 85
47 87 32
47 88 12
47 89 38
47 90 97
47 91 17
47 92 43
47 93 21
47 94 34
47 95 80
47 96 38
47 97 95
47 98 18
47 99 77
48 49 66
48 50 24
48 51 38
48 52 17
48 53 62
48 54 50
48 55 23
48 56 29
48 57 95
48 58 10
48 59 78
48 60 38
48 61 36
48 62 52
48 63 18
48 64 44
48 65 26
48 66 37
48 67 58
48 68 24
48 69 25
48 70 39
48 71 77
48 72 61
48 73 59
48 74 10
48 75 74
48 76 19
48 77 17
48 78 46
48 79 33
48 80 43
48 81 44
48 82 15
48 83 75
48 84 10
48 85 64
48 86 54
48 87 32
48 88 42
48 89 5
48 90 80
48 91 47
48 92 15
48 93 19
48 94 35
48 95 50
48 96 39
48 97 86
48 98 23
48 99 43
49 50 52
49 51 70
49 52 48
49 53 63
49 54 50
49 55 46
49 56 44
49 57 76
49 58 57
49 59 20
49 60 97
49 61 55
49 62 14
49 63 54
49 64 42
49 65 83
49 66 36
49 67 8
49 68 84
49 69 42
49 70 58
49 71 79
49 72 16
49 73 63
49 74 75
49 75 50
49 76 69
49 77 63
49 78 100
49 79 34
49 80 66
49 81 57
49 82 80
49 83 12
49 84 56
49 85 28
49 86 92
49 87 35
49 88 36
49 89 71
49 90 77
49 91 33
49 92 63
49 93 64
49 94 33
49 95 86
49 96 85
49 97 67
49 98 45
49 99 95
50 51 23
50 52 18
50 53 39
50 54 26
50 55 28
50 56 8
50 57 71
50 58 23
50 59 68
50 60 45
50 61 47
50 62 41
50 63 6
50 64 48
50 65 32
50 66 17
50 67 44
50 68 33
50 69 24
50 70 52
50 71 55
50 72 42
50 73 36
50 74 30
50 75 50
50 76 18
50 77 35
50 78 49
50 79 19
50 80 24
50 81 21
50 82 34
50 83 59
50 84 21
50 85 42
50 86 45
50 87 18
50 88 43
50 89 28
50 90 58
50 91 46
50 92 13
50 93 38
50 94 20
50 95 39
50 96 61
50 97 62
50 98 25
50 99 44
51 52 40
51 53 30
51 54 27
51 55 50
51 56 29
51 57 64
51 58 41
51 59 89
51 60 36
51 61 68
51 62 62
51 63 26
51 64 71
51 65 27
51 66 35
51 67 63
51 68 30
51 69 47
51 70 73
51 71 42
51 72 58
51 73 27
51 74 37
51 75 51
51 76 20
51 77 53
51 78 34
51 79 41
51 80 9
51 81 16
51 82 38
51 83 75
51 84 40
51 85 53
51 86 22
51 87 40
51 88 66
51 89 39
51 90 46
51 91 69
51 92 23
51 93 56
51 94 41
51 95 16
51 96 76
51 97 57
51 98 47
51 99 28
52 53 56
52 54 41
52 55 10
52 56 17
52 57 86
52 58 9
52 59 61
52 60 52
52 61 29
52 62 35
52 63 14
52 64 32
52 65 39
52 66 23
52 67 40
52 68 38
52 69 9
52 70 34
52 71 73
52 72 44
52 73 54
52 74 27
52 75 62
52 76 26
52 77 19
52 78 58
52 79 16
52 80 42
52 81 38
52 82 32
52 83 58
52 84 8
52 85 49
52 86 60
52 87 16
52 88 28
52 89 22
52 90 75
52 91 32
52 92 19
52 93 22
52 94 19
52 95 55
52 96 46
52 97 76
52 98 8
52 99 55
53 54 16
53 55 65
53 56 39
53 57 34
53 58 62
53 59 84
53 60 66
53 61 84
53 62 61
53 63 45
53 64 81
53 65 57
53 66 38
53 67 59
53 68 60
53 69 59
53 70 89
53 71 17
53 72 48
53 73 3
53 74 65
53 75 24
53 76 47
53 77 74
53 78 62
53 79 48
53 80 22
53 81 19
53 82 67
53 83 63
53 84 60
53 85 37
53 86 42
53 87 47
53 88 75
53 89 65
53 90 19
53 91 76
53 92 48
53 93 77
53 94 46
53 95 36
53 96 100
53 97 27
53 98 61
53 99 56
54 55 49
54 56 24
54 57 45
54 58 48
54 59 70
54 60 62
54 61 69
54 62 46
54 63 32
54 64 65
54 65 51
54 66 22
54 67 44
54 68 53
54 69 44
54 70 73
54 71 33
54 72 35
54 73 15
54 74 54
54 75 25
54 76 38
54 77 60
54 78 61
54 79 32
54 80 19
54 81 11
54 82 57
54 83 52
54 84 46
54 85 27
54 86 46
54 87 31
54 88 59
54 89 54
54 90 34
54 91 60
54 92 37
54 93 63
54 94 30
54 95 39
54 96 87
54 97 36
54 98 46
54 99 55
55 56 26
55 57 93
55 58 14
55 59 55
55 60 60
55 61 19
55 62 32
55 63 24
55 64 22
55 65 48
55 66 29
55 67 38
55 68 46
55 69 6
55 70 24
55 71 82
55 72 45
55 73 63
55 74 33
55 75 68
55 76 36
55 77 17
55 78 67
55 79 20
55 80 52
55 81 48
55 82 38
55 83 57
55 84 14
55 85 53
55 86 70
55 87 20
55 88 19
55 89 28
55 90 84
55 91 24
55 92 29
55 93 19
55 94 22
55 95 66
55 96 42
55 97 83
55 98 4
55 99 64
56 57 69
56 58 24
56 59 61
56 60 53
56 61 45
56 62 34
56 63 12
56 64 44
56 65 40
56 66 9
56 67 36
56 68 41
56 69 20
56 70 50
56 71 56
56 72 35
56 73 37
56 74 35
56 75 46
56 76 25
56 77 36
56 78 56
56 79 12
56 80 28
56 81 23
56 82 40
56 83 51
56 84 22
56 85 36
56 86 51
56 87 11
56 88 38
56 89 33
56 90 58
56 91 41
56 92 20
56 93 39
56 94 12
56 95 45
56 96 63
56 97 59
56 98 22
56 99 52
57 58 93
57 59 95
57 60 99
57 61 112
57 62 80
57 63 77
57 64 105
57 65 90
57 66 65
57 67 75
57 68 94
57 69 87
57 70 116
57 71 27
57 72 62
57 73 37
57 74 98
57 75 27
57 76 81
57 77 105
57 78 94
57 79 74
57 80 55
57 81 52
57 82 100
57 83 70
57 84 91
57 85 48
57 86 71
57 87 73
57 88 99
57 89 98
57 90 21
57 91 99
57 92 81
57 93 108
57 94 72
57 95 66
57 96 132
57 97 10
57 98 90
57 99 88
58 59 68
58 60 47
58 61 28
58 62 43
58 63 17
58 64 35
58 65 34
58 66 31
58 67 49
58 68 33
58 69 15
58 70 32
58 71 78
58 72 53
58 73 59
58 74 20
58 75 70
58 76 24
58 77 13
58 78 54
58 79 25
58 80 45
58 81 43
58 82 25
58 83 67
58 84 2
58 85 58
58 86 60
58 87 25
58 88 32
58 89 15
58 90 80
58 91 37
58 92 18
58 93 16
58 94 27
58 95 56
58 96 39
58 97 83
58 98 13
58 99 52
59 60 112
59 61 57
59 62 27
59 63 69
59 64 42
59 65 98
59 66 54
59 67 26
59 68 98
59 69 53
59 70 59
59 71 99
59 72 36
59 73 84
59 74 87
59 75 70
59 76 84
59 77 70
59 78 117
59 79 49
59 80 85
59 81 77
59 82 92
59 83 26
59 84 67
59 85 49
59 86 111
59 87 50
59 88 39
59 89 82
59 90 98
59 91 34
59 92 78
59 93 71
59 94 49
59 95 105
59 96 89
59 97 86
59 98 55
59 99 112
60 61 72
60 62 85
60 63 43
60 64 81
60 65 14
60 66 62
60 67 89
60 68 14
60 69 60
60 70 76
60 71 74
60 72 87
60 73 63
60 74 29
60 75 86
60 76 28
60 77 53
60 78 11
60 79 63
60 80 45
60 81 52
60 82 25
60 83 104
60 84 46
60 85 86
60 86 33
60 87 62
60 88 79
60 89 34
60 90 79
60 91 84
60 92 34
60 93 54
60 94 64
60 95 35
60 96 64
60 97 92
60 98 59
60 99 13
61 62 42
61 63 43
61 64 15
61 65 61
61 66 47
61 67 49
61 68 59
61 69 25
61 70 5
61 71 101
61 72 59
61 73 82
61 74 44
61 75 86
61 76 52
61 77 20
61 78 81
61 79 38
61 80 71
61 81 67
61 82 48
61 83 67
61 84 29
61 85 69
61 86 88
61 87 39
61 88 19
61 89 38
61 90 103
61 91 24
61 92 46
61 93 19
61 94 40
61 95 83
61 96 31
61 97 102
61 98 23
61 99 79
62 63 43
62 64 29
62 65 72
62 66 27
62 67 7
62 68 72
62 69 28
62 70 45
62 71 78
62 72 20
62 73 61
62 74 62
62 75 53
62 76 58
62 77 49
62 78 90
62 79 23
62 80 59
62 81 51
62 82 67
62 83 26
62 84 42
62 85 32
62 86 85
62 87 24
62 88 23
62 89 58
62 90 78
62 91 21
62 92 51
62 93 50
62 94 22
62 95 78
62 96 72
62 97 70
62 98 31
62 99 85
63 64 45
63 65 29
63 66 21
63 67 46
63 68 30
63 69 21
63 70 47
63 71 61
63 72 46
63 73 42
63 74 24
63 75 56
63 76 15
63 77 29
63 78 47
63 79 20
63 80 29
63 81 27
63 82 28
63 83 62
63 84 15
63 85 47
63 86 47
63 87 19
63 88 41
63 89 22
63 90 64
63 91 45
63 92 8
63 93 32
63 94 22
63 95 42
63 96 55
63 97 68
63 98 21
63 99 43
64 65 69
64 66 43
64 67 36
64 68 67
64 69 24
64 70 17
64 71 98
64 72 48
64 73 79
64 74 53
64 75 79
64 76 58
64 77 31
64 78 89
64 79 33
64 80 71
64 81 66
64 82 58
64 83 54
64 84 35
64 85 60
64 86 92
64 87 34
64 88 7
64 89 48
64 90 99
64 91 9
64 92 51
64 93 32
64 94 35
64 95 87
64 96 47
64 97 95
64 98 24
64 99 86
65 66 49
65 67 75
65 68 4
65 69 47
65 70 65
65 71 68
65 72 74
65 73 54
65 74 18
65 75 76
65 76 15
65 77 42
65 78 20
65 79 49
65 80 35
65 81 41
65 82 16
65 83 91
65 84 34
65 85 73
65 86 32
65 87 49
65 88 66
65 89 23
65 90 72
65 91 71
65 92 21
65 93 44
65 94 51
65 95 32
65 96 58
65 97 83
65 98 46
65 99 18
66 67 28
66 68 50
66 69 23
66 70 52
66 71 55
66 72 25
66 73 37
66 74 44
66 75 40
66 76 34
66 77 42
66 78 65
66 79 10
66 80 32
66 81 25
66 82 49
66 83 42
66 84 29
66 85 27
66 86 58
66 87 9
66 88 37
66 89 42
66 90 56
66 91 38
66 92 29
66 93 45
66 94 8
66 95 51
66 96 69
66 97 55
66 98 25
66 99 60
67 68 76
67 69 34
67 70 52
67 71 75
67 72 13
67 73 59
67 74 67
67 75 48
67 76 61
67 77 55
67 78 93
67 79 26
67 80 59
67 81 51
67 82 72
67 83 19
67 84 48
67 85 27
67 86 86
67 87 27
67 88 30
67 89 63
67 90 74
67 91 28
67 92 55
67 93 57
67 94 25
67 95 79
67 96 79
67 97 65
67 98 37
67 99 88
68 69 46
68 70 62
68 71 71
68 72 75
68 73 57
68 74 16
68 75 78
68 76 16
68 77 39
68 78 22
68 79 50
68 80 39
68 81 43
68 82 13
68 83 92
68 84 32
68 85 75
68 86 36
68 87 49
68 88 65
68 89 21
68 90 76
68 91 70
68 92 21
68 93 41
68 94 51
68 95 35
68 96 55
68 97 86
68 98 45
68 99 21
69 70 29
69 71 76
69 72 40
69 73 57
69 74 35
69 75 62
69 76 35
69 77 22
69 78 67
69 79 14
69 80 48
69 81 43
69 82 40
69 83 52
69 84 15
69 85 47
69 86 68
69 87 14
69 88 20
69 89 30
69 90 78
69 91 24
69 92 28
69 93 24
69 94 16
69 95 63
69 96 48
69 97 78
69 98 3
69 99 63
70 71 106
70 72 63
70 73 87
70 74 47
70 75 91
70 76 56
70 77 23
70 78 85
70 79 42
70 80 75
70 81 72
70 82 51
70 83 70
70 84 34
70 85 73
70 86 92
70 87 43
70 88 22
70 89 42
70 90 108
70 91 26
70 92 50
70 93 22
70 94 45
70 95 88
70 96 30
70 97 106
70 98 28
70 99 83
71 72 63
71 73 19
71 74 78
71 75 33
71 76 61
71 77 90
71 78 68
71 79 65
71 80 34
71 81 34
71 82 80
71 83 77
71 84 76
71 85 51
71 86 45
71 87 64
71 88 92
71 89 79
71 90 6
71 91 93
71 92 62
71 93 93
71 94 63
71 95 40
71 96 116
71 97 25
71 98 78
71 99 62
72 73 48
72 74 69
72 75 35
72 76 60
72 77 62
72 78 90
72 79 28
72 80 52
72 81 44
72 82 74
72 83 17
72 84 52
72 85 13
72 86 79
72 87 28
72 88 42
72 89 66
72 90 62
72 91 40
72 92 54
72 93 64
72 94 26
72 95 72
72 96 87
72 97 52
72 98 43
72 99 84
73 74 62
73 75 27
73 76 44
73 77 72
73 78 59
73 79 46
73 80 18
73 81 16
73 82 64
73 83 64
73 84 57
73 85 38
73 86 39
73 87 45
73 88 73
73 89 62
73 90 21
73 91 75
73 92 45
73 93 74
73 94 44
73 95 33
73 96 97
73 97 30
73 98 59
73 99 53
74 75 79
74 76 18
74 77 24
74 78 38
74 79 41
74 80 44
74 81 46
74 82 5
74 83 84
74 84 20
74 85 71
74 86 49
74 87 41
74 88 52
74 89 5
74 90 82
74 91 57
74 92 17
74 93 25
74 94 43
74 95 47
74 96 41
74 97 90
74 98 32
74 99 36
75 76 63
75 77 82
75 78 84
75 79 49
75 80 42
75 81 35
75 82 82
75 83 45
75 84 68
75 85 21
75 86 66
75 87 48
75 88 72
75 89 78
75 90 30
75 91 72
75 92 61
75 93 85
75 94 46
75 95 59
75 96 109
75 97 17
75 98 65
75 99 78
76 77 35
76 78 32
76 79 35
76 80 27
76 81 30
76 82 20
76 83 76
76 84 23
76 85 59
76 86 35
76 87 34
76 88 54
76 89 19
76 90 65
76 91 58
76 92 7
76 93 37
76 94 36
76 95 32
76 96 57
76 97 73
76 98 34
76 99 28
77 78 61
77 79 34
77 80 57
77 81 56
77 82 28
77 83 74
77 84 14
77 85 68
77 86 70
77 87 35
77 88 32
77 89 19
77 90 93
77 91 37
77 92 30
77 93 3
77 94 37
77 95 67
77 96 27
77 97 96
77 98 19
77 99 60
78 79 67
78 80 42
78 81 50
78 82 34
78 83 107
78 84 54
78 85 86
78 86 24
78 87 66
78 88 86
78 89 43
78 90 74
78 91 90
78 92 39
78 93 63
78 94 68
78 95 28
78 96 75
78 97 88
78 98 66
78 99 6
79 80 39
79 81 33
79 82 46
79 83 43
79 84 24
79 85 34
79 86 63
79 87 1
79 88 27
79 89 38
79 90 66
79 91 29
79 92 29
79 93 37
79 94 3
79 95 57
79 96 61
79 97 64
79 98 16
79 99 63
80 81 9
80 82 46
80 83 69
80 84 43
80 85 46
80 86 27
80 87 38
80 88 66
80 89 46
80 90 38
80 91 69
80 92 29
80 93 60
80 94 39
80 95 20
80 96 82
80 97 48
80 98 48
80 99 36
81 82 49
81 83 60
81 84 41
81 85 37
81 86 36
81 87 32
81 88 60
81 89 47
81 90 37
81 91 63
81 92 29
81 93 59
81 94 32
81 95 29
81 96 82
81 97 43
81 98 44
81 99 44
82 83 89
82 84 25
82 85 76
82 86 48
82 87 46
82 88 57
82 89 10
82 90 84
82 91 62
82 92 21
82 93 29
82 94 48
82 95 47
82 96 42
82 97 92
82 98 38
82 99 34
83 84 66
83 85 26
83 86 96
83 87 43
83 88 48
83 89 80
83 90 75
83 91 45
83 92 71
83 93 76
83 94 41
83 95 89
83 96 97
83 97 61
83 98 55
83 99 101
84 85 56
84 86 58
84 87 23
84 88 33
84 89 15
84 90 78
84 91 37
84 92 17
84 93 17
84 94 26
84 95 54
84 96 41
84 97 82
84 98 13
84 99 51
85 86 73
85 87 33
85 88 53
85 89 69
85 90 49
85 91 52
85 92 55
85 93 71
85 94 31
85 95 66
85 96 95
85 97 38
85 98 50
85 99 81
86 87 62
86 88 87
86 89 53
86 90 51
86 91 91
86 92 41
86 93 73
86 94 63
86 95 7
86 96 90
86 97 67
86 98 68
86 99 19
87 88 28
87 89 37
87 90 65
87 91 31
87 92 28
87 93 37
87 94 3
87 95 56
87 96 61
87 97 63
87 98 17
87 99 62
88 89 46
88 90 93
88 91 5
88 92 47
88 93 32
88 94 29
88 95 82
88 96 50
88 97 89
88 98 20
88 99 83
89 90 83
89 91 51
89 92 17
89 93 20
89 94 40
89 95 51
89 96 37
89 97 89
89 98 28
89 99 41
90 91 94
90 92 66
90 93 96
90 94 64
90 95 46
90 96 119
90 97 20
90 98 80
90 99 68
91 92 52
91 93 38
91 94 31
91 95 85
91 96 55
91 97 89
91 98 25
91 99 87
92 93 33
92 94 30
92 95 37
92 96 54
92 97 72
92 98 27
92 99 35
93 94 40
93 95 69
93 96 24
93 97 99
93 98 21
93 99 62
94 95 57
94 96 64
94 97 62
94 98 19
94 99 63
95 96 88
95 97 61
95 98 63
95 99 22
96 97 122
96 98 45
96 99 75
97 98 80
97 99 82
98 99 62
0 2 74
0 3 51
0 4 74
0 5 29
0 8 57
0 9 111
0 10 32
0 11 70
0 12 25
0 13 21
0 15 39
0 17 53
0 18 101
0 19 58
0 20 71
0 23 17
0 24 68
0 25 42
0 26 68
0 27 94
0 28 82
0 30 40
0 31 28
0 32 27
0 34 66
0 36 77
0 37 46
0 38 70
0 39 52
0 40 79
0 41 75
0 42 98
0 43 71
0 45 35
0 46 35
0 47 6
0 48 33
0 49 54
0 51 66
0 52 26
0 53 81
0 54 66
0 55 17
0 56 42
0 58 25
0 60 70
0 61 3
0 62 41
0 63 40
0 64 16
0 65 59
0 66 45
0 67 48
0 68 56
0 69 22
0 71 98
0 72 57
0 73 79
0 74 41
0 76 50
0 77 18
0 78 78
0 82 46
0 83 66
0 84 26
0 85 67
0 86 85
0 88 19
0 89 36
0 91 23
0 93 17
0 94 38
0 95 81
0 96 32
0 97 100
0 98 20
1 2 10
1 3 39
1 5 82
1 7 73
1 8 58
1 10 52
1 12 59
1 13 58
1 14 42
1 15 60
1 16 63
1 17 26
1 19 26
1 21 17
1 22 43
1 23 84
1 25 38
1 29 14
1 30 40
1 31 92
1 32 69
1 34 27
1 36 21
1 37 43
1 38 44
1 39 42
1 40 25
1 41 36
1 42 29
1 43 24
1 44 32
1 47 75
1 49 61
1 50 36
1 51 29
1 52 53
1 54 13
1 55 62
1 58 59
1 60 65
1 61 81
1 62 59
1 63 43
1 66 35
1 67 56
1 70 86
1 71 20
1 73 3
1 74 63
1 75 24
1 76 45
1 77 71
1 78 61
1 80 20
1 81 16
1 82 65
1 85 35
1 87 44
1 88 72
1 89 63
1 90 22
1 91 73
1 92 46
1 93 74
1 94 43
1 98 58
2 4 34
2 5 81
2 7 68
2 9 38
2 10 50
2 11 6
2 12 53
2 13 54
2 14 45
2 15 61
2 16 54
2 17 23
2 18 28
2 19 18
2 21 20
2 22 42
2 24 39
2 25 32
2 26 29
2 27 23
2 28 23
2 29 14
2 30 37
2 32 61
2 33 62
2 35 32
2 36 29
2 37 44
2 38 50
2 41 43
2 42 26
2 44 23
2 45 76
2 46 54
2 48 59
2 49 51
2 50 35
2 51 34
2 52 50
2 54 9
2 55 57
2 56 33
2 57 36
2 58 57
2 61 76
2 62 50
2 64 72
2 66 29
2 67 47
2 68 62
2 69 52
2 70 81
2 72 36
2 73 13
2 76 47
2 77 69
2 79 39
2 80 26
2 82 67
2 83 51
2 84 55
2 86 51
2 87 38
2 88 65
2 89 63
2 90 28
2 91 66
2 93 72
2 96 96
2 97 27
2 98 54
2 99 62
3 4 24
3 5 67
3 6 21
3 7 45
3 8 64
3 9 64
3 10 40
3 12 26
3 13 35
3 14 49
3 16 23
3 17 25
3 19 13
3 20 22
3 22 36
3 24 22
3 26 18
3 27 54
3 28 32
3 32 32
3 33 36
3 35 3
3 36 51
3 37 43
3 38 62
3 39 4
3 40 29
3 41 60
3 44 31
3 45 66
3 46 46
3 47 46
3 48 50
3 49 23
3 50 31
3 51 48
3 52 34
3 53 42
3 54 27
3 55 37
3 58 43
3 59 43
3 60 77
3 61 53
3 63 35
3 64 44
3 66 15
3 67 17
3 68 64
3 69 31
3 70 57
3 72 11
3 73 42
3 74 58
3 76 49
3 79 18
3 80 43
3 81 34
3 82 63
3 83 28
3 84 42
3 85 16
3 86 70
3 88 38
3 89 55
3 90 58
3 91 37
3 93 55
3 94 16
3 95 63
3 97 52
3 98 34
3 99 74
4 5 91
4 6 10
4 8 86
4 9 53
4 10 64
4 11 28
4 12 49
4 13 60
4 14 69
4 15 78
4 16 35
4 17 44
4 19 26
4 20 18
4 22 59
4 23 87
4 24 8
4 25 39
4 26 7
4 27 54
4 28 17
4 30 52
4 31 98
4 32 51
4 33 33
4 34 19
4 35 22
4 38 79
4 39 22
4 40 20
4 41 75
4 42 38
4 43 62
4 44 16
4 46 69
4 47 68
4 51 64
4 52 59
4 53 45
4 54 37
4 56 46
4 59 46
4 61 76
4 63 58
4 65 84
4 66 37
4 67 29
4 68 86
4 71 58
4 73 47
4 76 70
4 77 77
4 78 97
4 79 43
4 80 56
4 81 48
4 82 86
4 83 20
4 84 66
4 85 11
4 86 83
4 87 43
4 90 55
4 91 56
4 92 66
4 93 79
4 95 76
4 96 103
4 97 41
4 98 58
4 99 91
5 6 87
5 7 30
5 8 39
5 9 118
5 11 79
5 12 47
5 13 32
5 14 44
5 15 24
5 16 69
5 18 105
5 19 70
5 20 84
5 21 65
5 22 39
5 23 13
5 24 88
5 25 54
5 26 85
5 28 95
5 29 68
5 30 44
5 31 11
5 33 89
5 34 79
5 35 70
5 36 73
5 37 40
5 38 58
5 39 70
5 41 65
5 42 107
5 43 66
5 44 95
5 45 10
5 46 28
5 47 34
5 48 22
5 50 46
5 51 60
5 52 33
5 53 84
5 54 72
5 55 32
5 56 49
5 58 25
5 60 49
5 64 44
5 68 38
5 69 37
5 70 31
5 71 99
5 72 76
5 73 82
5 74 24
5 75 95
5 76 40
5 77 15
5 78 60
5 79 49
5 81 66
5 82 26
5 83 89
5 85 82
5 86 73
5 87 49
5 89 21
5 92 37
5 99 59
6 7 66
6 8 78
6 9 47
6 10 58
6 12 47
6 13 55
6 14 61
6 16 38
6 17 35
6 20 8
6 23 83
6 24 16
6 25 33
6 26 7
6 27 45
6 28 11
6 31 94
6 32 51
6 33 40
6 34 9
6 35 19
6 38 70
6 39 20
6 40 12
6 41 65
6 44 10
6 45 85
6 46 63
6 47 66
6 48 68
6 49 32
6 52 54
6 55 57
6 57 44
6 58 62
6 61 74
6 62 37
6 65 76
6 66 31
6 67 31
6 69 52
6 71 49
6 72 18
6 73 37
6 74 75
6 75 18
6 76 62
6 77 73
6 78 88
6 79 38
6 83 28
6 91 57
6 92 58
6 93 75
6 94 35
6 96 99
6 97 34
6 98 54
7 9 106
7 10 28
7 12 20
7 13 16
7 14 50
7 18 95
7 20 66
7 21 59
7 22 36
7 25 36
7 27 88
7 29 59
7 32 23
7 33 60
7 34 60
7 35 47
7 36 72
7 40 73
7 41 71
7 43 66
7 44 76
7 45 36
7 47 4
7 48 30
7 49 49
7 52 22
7 53 76
7 54 60
7 57 104
7 58 22
7 60 68
7 62 36
7 63 35
7 65 56
7 66 39
7 67 43
7 68 54
7 69 17
7 70 13
7 71 93
7 72 52
7 75 78
7 76 46
7 77 17
7 78 76
7 79 30
7 81 59
7 82 44
7 83 61
7 85 61
7 86 81
7 87 30
7 88 15
7 90 95
7 92 39
7 93 18
7 94 32
7 95 76
7 96 36
7 97 94
7 98 15
7 99 73
8 9 94
8 10 29
8 11 63
8 12 59
8 15 18
8 17 42
8 18 78
8 19 59
8 20 71
8 21 42
8 22 29
8 23 49
8 24 86
8 25 50
8 26 79
8 27 67
8 28 83
8 31 50
8 37 21
8 38 21
8 39 68
8 40 76
8 41 29
8 42 87
8 43 36
8 46 24
8 49 84
8 50 33
8 51 30
8 53 60
8 54 53
8 56 41
8 58 33
8 59 98
8 61 59
8 62 72
8 64 68
8 65 3
8 66 50
8 67 76
8 68 1
8 73 56
8 77 40
8 79 50
8 81 43
8 82 13
8 83 92
8 84 33
8 85 75
8 88 65
8 89 21
8 90 75
8 91 70
8 93 42
8 95 35
8 96 55
8 97 86
9 10 87
9 11 41
9 12 89
9 14 78
9 15 96
9 17 60
9 18 16
9 21 54
9 22 79
9 23 119
9 24 61
9 25 69
9 26 53
9 27 27
9 28 36
9 29 50
9 30 75
9 31 127
9 32 96
9 33 86
9 34 47
9 36 53
9 37 79
9 38 77
9 39 65
9 45 113
9 48 96
9 50 72
9 51 64
9 52 88
9 53 34
9 54 47
9 55 95
9 57 3
9 58 94
9 59 98
9 61 114
9 62 83
9 64 108
9 65 91
9 68 94
9 69 89
9 72 64
9 73 37
9 77 107
9 78 93
9 79 76
9 81 53
9 83 73
9 84 92
9 85 51
9 86 70
9 89 99
9 90 20
9 91 101
9 92 82
9 94 74
9 95 65
10 11 48
10 12 29
10 13 14
10 14 22
10 15 15
10 16 50
10 17 27
10 18 75
10 19 40
10 20 54
10 21 35
10 23 32
10 26 57
10 28 66
10 31 40
10 32 40
10 33 69
10 35 43
10 36 46
10 39 43
10 40 60
10 41 43
10 43 40
10 45 27
10 46 6
10 47 32
10 48 10
10 49 56
10 50 15
10 51 34
10 52 9
10 53 54
10 54 41
10 58 8
10 59 69
10 61 35
10 62 43
10 64 40
10 65 30
10 66 27
10 68 29
10 69 17
10 72 50
10 73 52
10 74 19
10 75 64
10 80 37
10 81 36
10 82 24
10 83 65
10 84 6
10 85 54
10 86 53
10 88 37
10 89 15
10 90 73
10 92 11
10 93 23
10 94 25
10 95 48
10 96 46
10 97 77
10 98 16
11 12 48
11 13 51
11 14 46
11 15 60
11 16 48
11 17 22
11 19 12
11 20 11
11 21 22
11 22 41
11 23 78
11 24 33
11 25 28
11 26 23
11 27 29
11 28 20
11 29 16
11 30 35
11 31 87
11 32 56
11 33 56
11 35 26
11 36 34
11 37 44
11 38 53
11 41 47
11 42 29
11 43 34
11 45 75
11 46 52
11 48 58
11 50 34
11 51 37
11 53 18
11 54 10
11 55 54
11 57 39
11 58 54
11 60 72
11 61 72
11 64 67
11 65 61
11 66 25
11 68 63
11 72 30
11 73 19
11 74 63
11 75 16
11 76 48
11 79 35
11 80 29
11 81 21
11 82 66
11 83 45
11 84 52
11 85 19
11 86 55
11 88 60
11 89 62
11 91 61
11 92 45
11 93 69
11 94 32
11 96 93
11 97 30
11 98 50
11 99 65
12 14 48
12 15 43
12 16 22
12 17 36
12 18 80
12 19 35
12 23 39
12 25 21
12 26 43
12 28 58
12 31 51
12 32 12
12 33 43
12 34 42
12 40 55
12 43 59
12 44 57
12 45 49
12 47 20
12 48 37
12 50 32
12 51 55
12 52 20
12 54 46
12 55 15
12 56 26
12 57 87
12 59 41
12 60 72
12 62 17
12 65 59
12 66 24
12 67 23
12 68 58
12 69 12
12 70 31
12 71 79
12 72 32
12 73 61
12 74 47
12 76 46
12 77 32
12 78 78
12 80 54
12 82 52
12 83 42
12 84 27
12 86 77
12 88 13
12 89 42
12 90 80
12 91 15
12 93 34
12 94 16
12 95 71
12 96 55
12 97 77
12 99 74
13 14 35
13 17 32
13 18 80
13 21 43
13 22 20
13 24 56
13 25 23
13 26 53
13 27 73
13 29 44
13 30 20
13 31 38
13 32 27
13 33 59
13 34 48
13 35 38
13 36 57
13 37 27
13 39 38
13 40 61
13 41 56
13 42 79
13 43 51
13 44 65
13 45 33
13 47 19
13 48 20
13 49 47
13 50 24
13 51 45
13 52 6
13 53 61
13 56 22
13 57 90
13 58 11
13 59 57
13 60 57
13 64 26
13 66 26
13 67 39
13 69 5
13 70 28
13 71 78
13 72 44
13 73 59
13 74 30
13 76 32
13 77 17
13 80 47
13 81 44
13 82 35
13 83 57
13 90 80
13 91 27
13 92 25
13 93 20
13 94 20
13 95 61
13 96 44
13 97 80
14 15 20
14 17 26
14 19 43
14 21 25
14 23 51
14 24 70
14 25 35
14 28 66
14 30 21
14 33 83
14 36 29
14 37 8
14 38 17
14 39 53
14 40 59
14 41 22
14 42 71
14 43 22
14 44 66
14 45 37
14 46 19
14 47 54
14 49 70
14 52 30
14 53 44
14 54 36
14 55 40
14 56 26
14 57 78
14 58 28
14 59 86
14 60 27
14 61 56
14 62 59
14 63 17
14 65 15
14 67 62
14 69 38
14 70 61
14 71 57
14 72 60
14 73 41
14 75 61
14 76 4
14 77 39
14 78 30
14 79 37
14 80 23
14 82 23
14 83 77
14 84 27
14 85 58
14 87 36
14 88 57
14 90 61
14 91 61
14 92 10
14 94 38
14 96 61
14 99 26
15 17 38
15 18 82
15 19 53
15 22 20
15 23 32
15 24 77
15 27 72
15 28 79
15 29 47
15 30 26
15 31 35
15 33 84
15 36 49
15 37 17
15 39 58
15 40 73
15 42 87
15 43 42
15 45 17
15 46 9
15 47 41
15 48 7
15 49 71
15 50 26
15 52 23
15 54 51
15 55 30
15 56 32
15 57 95
15 59 84
15 60 31
15 61 42
15 62 58
15 63 21
15 64 51
15 65 20
15 66 41
15 68 17
15 69 31
15 70 45
15 73 59
15 74 4
15 76 16
15 78 39
15 80 42
15 81 44
15 82 9
15 85 68
15 87 37
15 89 4
15 90 80
15 93 24
15 94 40
15 96 41
15 97 87
15 98 29
15 99 38
16 18 80
16 19 36
16 23 60
16 25 32
16 26 32
16 27 77
16 28 49
16 29 54
16 30 44
16 31 72
16 34 38
16 35 22
16 37 58
16 38 81
16 40 49
16 41 80
16 42 70
16 45 71
16 50 47
16 51 68
16 52 41
16 54 51
16 55 37
16 56 40
16 57 82
16 59 21
16 60 91
16 61 45
16 62 6
16 63 49
16 66 33
16 67 7
16 68 78
16 69 34
16 71 82
16 73 65
16 74 68
16 77 54
16 78 96
16 79 29
16 80 65
16 83 22
16 85 34
16 86 90
16 87 30
16 89 63
16 91 23
16 92 57
16 94 28
16 95 84
17 18 48
17 19 17
17 20 29
17 21 12
17 22 19
17 23 58
17 25 15
17 26 37
17 27 40
17 29 12
17 30 14
17 31 67
17 32 47
17 33 61
17 34 26
17 38 37
17 39 29
17 41 35
17 42 50
17 43 24
17 44 41
17 45 53
17 47 50
17 48 36
17 49 48
17 50 12
17 51 23
17 53 28
17 54 14
17 55 36
17 57 59
17 58 34
17 60 53
17 61 56
17 63 18
17 64 54
17 65 41
17 66 13
17 67 41
17 68 42
17 69 31
17 70 60
17 72 36
17 73 26
17 77 46
17 78 54
17 81 12
17 83 53
17 84 32
17 86 45
17 87 20
17 89 40
17 90 47
17 91 50
17 92 24
17 94 20
17 95 38
17 97 50
17 98 33
17 99 49
18 19 45
18 20 38
18 22 66
18 24 60
18 25 59
18 26 51
18 28 36
18 32 89
18 34 42
18 35 58
18 36 37
18 37 65
18 38 61
18 40 33
18 42 18
18 44 37
18 46 77
18 47 97
18 49 76
18 50 59
18 51 49
18 52 76
18 53 20
18 55 84
18 57 17
18 58 82
18 59 96
18 60 83
18 62 77
18 63 65
18 64 99
18 65 75
18 66 57
18 67 73
18 68 79
18 69 79
18 70 108
18 73 23
18 75 27
18 76 67
18 78 77
18 79 66
18 80 40
18 81 39
18 82 87
18 84 80
18 88 93
18 89 85
18 90 4
18 91 94
18 93 97
18 95 49
18 96 120
18 97 16
18 98 81
19 20 14
19 22 34
19 23 68
19 25 17
19 27 41
19 28 26
19 29 19
19 30 27
19 32 43
19 33 47
19 34 9
19 35 15
19 36 39
19 38 53
19 39 16
19 40 21
19 41 50
19 43 38
19 44 26
19 45 67
19 47 54
19 48 50
19 49 35
19 51 38
19 52 37
19 53 29
19 54 15
19 55 43
19 56 21
19 57 51
19 58 45
19 61 61
19 62 32
19 63 33
19 67 30
19 68 59
19 70 65
19 72 21
19 73 29
19 74 57
19 75 26
19 76 44
19 77 56
19 78 71
19 82 61
19 83 37
19 84 43
19 86 59
19 87 22
19 88 48
19 90 46
19 91 48
19 92 40
19 93 59
19 94 21
19 95 52
19 96 83
19 97 41
19 99 65
20 21 32
20 22 47
20 23 81
20 24 24
20 26 14
20 28 12
20 29 26
20 30 41
20 32 53
20 33 47
20 34 5
20 35 21
20 38 63
20 39 22
20 40 8
20 41 57
20 42 28
20 44 12
20 47 67
20 49 38
20 51 47
20 53 28
20 54 20
20 55 56
20 56 35
20 57 40
20 58 59
20 59 58
20 60 81
20 61 74
20 62 40
20 64 66
20 65 69
20 66 28
20 67 35
20 68 71
20 69 50
20 72 22
20 73 29
20 74 70
20 75 13
20 77 70
20 78 81
20 79 36
20 80 39
20 81 31
20 82 74
20 84 57
20 85 10
20 87 36
20 88 59
20 89 68
20 90 40
20 91 59
20 94 34
20 96 97
20 97 30
20 98 53
21 22 26
21 23 67
21 24 52
21 25 27
21 26 43
21 27 30
21 29 6
21 30 24
21 31 75
21 32 59
21 33 71
21 34 30
21 35 38
21 38 30
21 39 39
21 40 35
21 41 26
21 45 59
21 46 37
21 47 62
21 48 43
21 50 20
21 52 38
21 53 20
21 54 12
21 56 22
21 57 53
21 58 43
21 60 50
21 61 67
21 62 52
21 63 26
21 66 25
21 67 52
21 68 42
21 69 43
21 70 72
21 72 45
21 73 17
21 75 36
21 76 28
21 79 33
21 80 8
21 83 62
21 84 41
21 87 32
21 88 60
21 89 46
21 90 38
21 91 63
21 92 28
21 93 58
21 98 44
22 24 58
22 26 52
22 27 56
22 28 59
22 29 29
22 30 6
22 36 37
22 37 8
22 39 40
22 40 53
22 41 35
22 42 68
22 46 12
22 47 39
22 48 17
22 49 55
22 50 7
22 51 25
22 53 45
22 56 13
22 57 77
22 58 17
22 60 42
22 61 43
22 62 44
22 64 46
22 65 28
22 67 47
22 69 22
22 70 48
22 71 61
22 73 43
22 74 23
22 75 56
22 77 29
22 78 46
22 81 27
22 82 27
22 83 63
22 84 15
22 86 46
22 88 42
22 89 21
22 94 23
22 95 41
22 96 55
22 97 69
22 98 22
22 99 42
23 24 82
23 25 51
23 27 98
23 28 93
23 29 70
23 30 44
23 31 11
23 32 44
23 33 80
23 34 76
23 35 65
23 36 78
23 38 66
23 41 72
23 42 107
23 43 71
23 44 92
23 45 22
23 46 32
23 47 23
23 48 28
23 52 31
23 55 26
23 56 48
23 58 25
23 60 60
23 61 18
23 62 56
23 63 41
23 64 33
23 65 51
23 66 53
23 68 48
23 69 32
23 73 84
23 74 33
23 75 93
23 76 46
23 77 12
23 78 70
23 79 45
23 80 70
23 81 68
23 82 36
23 84 27
23 85 79
23 86 81
23 87 46
23 88 35
23 89 28
23 92 42
23 93 9
23 95 78
23 96 16
23 97 108
23 98 29
23 99 69
24 27 61
24 28 25
24 30 51
24 33 25
24 34 22
24 36 66
24 37 64
24 39 19
24 41 77
24 43 66
24 44 24
24 46 68
24 47 62
24 48 72
24 49 19
24 51 66
24 52 56
24 53 51
24 55 57
24 57 58
24 59 37
24 60 97
24 61 70
24 62 29
24 63 57
24 64 58
24 65 84
24 66 36
24 67 22
24 68 86
24 69 51
24 70 73
24 71 65
24 72 12
24 73 52
24 74 80
24 75 33
24 76 70
24 77 73
24 78 99
24 80 59
24 83 12
24 84 63
24 86 87
24 91 49
24 92 65
24 93 75
24 94 37
24 95 80
24 96 98
24 99 93
25 26 32
25 27 53
25 28 42
25 29 25
25 33 48
25 34 25
25 35 18
25 36 43
25 37 28
25 40 38
25 41 48
25 42 56
25 44 42
25 48 35
25 49 35
25 50 17
25 51 37
25 52 21
25 53 41
25 56 9
25 57 67
25 60 62
25 63 20
25 65 49
25 66 3
25 68 49
25 69 20
25 73 39
25 74 43
25 76 34
25 78 65
25 81 27
25 82 48
25 83 42
25 85 29
25 86 59
25 87 6
25 89 40
25 90 59
25 92 28
25 93 43
25 94 5
25 95 53
25 96 67
25 98 23
25 99 60
26 27 51
26 29 37
26 30 46
26 32 46
26 33 34
26 35 16
26 36 57
26 37 58
26 38 73
26 40 18
26 41 69
26 42 38
26 44 16
26 46 63
26 48 67
26 49 26
26 50 46
26 51 57
26 53 41
26 56 39
26 57 50
26 58 61
26 59 46
26 62 31
26 63 51
26 64 60
26 65 77
26 66 30
26 67 25
26 68 79
26 70 74
26 72 12
26 73 42
26 74 75
26 75 24
26 76 63
26 77 70
26 78 91
26 79 36
26 80 50
26 81 42
26 82 79
26 83 22
26 84 59
26 85 5
26 86 77
26 87 36
26 88 53
26 90 53
26 91 52
26 92 59
26 94 33
26 96 97
26 97 41
26 98 52
27 29 29
27 30 54
27 32 84
27 36 26
27 37 55
27 40 34
27 41 41
27 42 26
27 43 32
27 44 40
27 45 89
27 48 73
27 49 74
27 51 38
27 52 68
27 53 12
27 54 28
27 55 77
27 59 95
27 61 96
27 62 73
27 63 56
27 65 64
27 66 50
27 67 70
27 69 72
27 70 101
27 71 5
27 72 59
27 75 30
27 77 86
27 78 66
27 79 60
27 80 30
27 82 76
27 83 73
27 84 71
27 85 47
27 86 43
27 87 59
27 89 75
27 90 8
27 94 58
27 95 38
27 96 111
27 98 73
27 99 60
28 30 53
28 31 103
28 32 62
28 34 17
28 36 52
28 37 63
28 39 31
28 40 7
28 41 66
28 42 22
28 43 54
28 45 93
28 46 71
28 48 76
28 49 43
28 50 52
28 51 57
28 52 63
28 55 67
28 58 71
28 61 84
28 64 75
28 65 80
28 68 83
28 69 61
28 71 42
28 72 29
28 73 35
28 74 82
28 76 67
28 77 82
28 78 91
28 80 48
28 81 41
28 82 86
28 83 37
28 84 69
28 86 73
28 88 69
28 89 80
28 90 39
28 91 68
28 93 85
28 95 67
28 96 109
28 99 85
29 30 25
29 32 57
29 34 25
29 35 33
29 36 20
29 37 30
29 39 34
29 40 29
29 41 31
29 42 40
29 43 19
29 44 36
29 47 62
29 48 46
29 49 54
29 50 22
29 53 17
29 54 6
29 57 49
29 58 45
29 59 74
29 61 68
29 62 49
29 63 29
29 65 45
29 66 23
29 67 48
29 71 34
29 72 40
29 76 33
29 78 55
29 79 32
29 80 13
29 81 5
29 83 57
29 84 43
29 86 40
29 87 31
29 89 49
29 90 36
29 91 61
29 92 32
29 96 84
29 97 40
29 98 45
30 31 52
30 32 40
30 34 37
30 35 33
30 36 37
30 37 14
30 38 37
30 39 33
30 40 48
30 42 64
30 45 40
30 47 38
30 48 23
30 49 49
30 51 27
30 52 14
30 53 42
30 55 24
30 56 6
30 57 73
30 59 65
30 61 43
30 62 38
30 63 5
30 65 34
30 66 15
30 67 41
30 68 35
30 69 20
30 70 48
30 71 59
30 72 41
30 73 40
30 74 29
30 75 51
30 76 20
30 78 51
30 79 16
30 80 28
30 81 24
30 85 42
30 86 49
30 87 15
30 92 14
30 93 35
30 95 43
30 97 64
30 99 47
31 32 55
31 33 92
31 34 86
31 35 76
31 37 50
31 40 98
31 41 76
31 42 116
31 43 77
31 44 103
31 45 20
31 48 33
31 49 81
31 50 55
31 51 70
31 52 40
31 53 94
31 54 81
31 55 37
31 56 57
31 58 33
31 59 86
31 60 59
31 62 67
31 63 49
31 65 52
31 67 74
31 68 49
31 69 42
31 70 28
31 71 109
31 72 82
31 73 91
31 74 35
31 75 103
31 79 55
31 80 76
31 82 36
31 83 93
31 84 35
31 85 89
31 86 84
31 87 56
31 88 47
31 89 31
31 90 113
31 92 47
31 98 39
31 99 70
32 33 37
32 34 48
32 35 32
32 37 52
32 38 76
32 39 31
32 40 61
32 42 82
32 44 62
32 45 57
32 46 46
32 49 27
32 51 66
32 53 72
32 54 56
32 55 24
32 58 37
32 59 31
32 60 83
32 61 28
32 63 43
32 67 22
32 69 23
32 71 89
32 73 70
32 75 67
32 76 57
32 77 39
32 79 26
32 80 65
32 82 62
32 83 40
32 84 37
32 88 9
32 90 89
32 91 6
32 92 50
32 93 40
32 95 83
32 96 59
32 98 25
32 99 86
33 35 33
33 38 97
33 40 52
33 42 71
33 43 84
33 44 49
33 45 91
33 46 76
33 47 58
33 49 13
33 50 65
33 51 84
33 52 61
33 55 58
33 56 57
33 57 83
33 58 69
33 59 14
33 60 110
33 62 26
33 65 97
33 66 49
33 68 97
33 70 67
33 72 27
33 75 58
33 76 82
33 77 74
33 79 47
33 80 79
33 81 70
33 82 93
33 83 12
33 85 38
33 86 105
33 88 45
33 89 84
33 90 87
33 92 76
33 93 76
33 98 57
33 99 109
34 35 17
34 37 48
34 38 61
34 39 18
34 40 13
34 41 56
34 42 33
34 44 16
34 45 76
34 46 54
34 47 61
34 49 34
34 50 36
34 51 45
34 54 19
34 55 51
34 56 31
34 57 45
34 58 54
34 59 55
34 61 68
34 64 61
34 65 66
34 66 23
34 67 31
34 68 68
34 69 45
34 70 73
34 71 44
34 73 30
34 74 66
34 75 18
34 76 53
34 77 65
34 79 31
34 80 38
34 81 29
34 82 70
34 83 34
34 84 53
34 85 8
34 86 65
34 87 31
34 88 54
34 89 64
34 90 43
34 91 54
34 92 49
34 95 58
34 96 92
34 98 48
34 99 73
35 37 46
35 38 65
35 39 1
35 41 62
35 42 49
35 43 51
35 44 30
35 45 69
35 51 50
35 52 37
35 54 29
35 55 39
35 60 79
35 62 19
35 64 45
35 67 15
35 68 67
35 70 58
35 71 60
35 72 8
35 74 61
35 75 34
35 76 52
35 77 55
35 78 82
35 79 21
35 81 37
35 82 66
35 83 25
35 84 44
35 86 72
35 87 21
35 88 39
35 89 58
35 91 38
35 92 46
35 94 18
35 95 65
35 97 51
35 99 76
36 37 33
36 38 24
36 39 54
36 40 45
36 41 16
36 43 7
36 44 52
36 45 66
36 46 46
36 47 75
36 48 51
36 51 13
36 53 21
36 55 61
36 57 53
36 58 54
36 59 93
36 61 80
36 66 41
36 67 68
36 68 42
36 69 57
36 70 85
36 71 29
36 72 60
36 73 18
36 74 51
36 75 44
36 76 33
36 77 66
36 79 49
36 80 9
36 83 76
36 84 52
36 85 52
36 86 22
36 87 48
36 88 75
36 90 34
36 91 78
36 92 36
36 93 69
36 94 48
36 95 15
36 97 47
36 98 58
36 99 35
37 38 25
37 39 47
37 41 29
37 42 70
37 43 27
37 44 63
37 48 18
37 50 12
37 51 20
37 52 21
37 54 35
37 58 21
37 59 78
37 60 34
37 61 49
37 62 52
37 63 9
37 64 53
37 65 21
37 67 55
37 68 21
37 69 29
37 70 53
37 71 60
37 73 42
37 74 20
37 75 59
37 76 6
37 77 33
37 78 38
37 79 29
37 80 26
37 81 27
37 83 70
37 84 20
37 86 39
37 87 28
37 88 49
37 89 20
37 90 63
37 91 53
37 93 35
37 97 70
37 99 34
38 39 66
38 40 66
38 41 9
38 43 19
38 44 73
38 49 84
38 50 33
38 51 16
38 52 47
38 55 57
38 56 41
38 57 77
38 59 102
38 60 22
38 61 73
38 63 34
38 64 78
38 65 17
38 66 49
38 67 77
38 69 55
38 70 77
38 72 72
38 74 34
38 75 66
38 79 52
38 80 24
38 81 32
38 82 33
38 83 90
38 84 44
38 85 68
38 86 15
38 87 51
38 88 74
38 89 38
38 91 78
38 92 27
38 93 58
38 94 53
38 95 14
38 96 75
38 97 71
38 98 54
38 99 12
39 40 29
39 42 50
39 43 52
39 45 69
39 46 49
39 47 47
39 48 53
39 49 20
39 52 37
39 55 39
39 58 46
39 59 40
39 60 80
39 61 54
39 62 18
39 64 44
39 65 67
39 66 18
39 67 14
39 68 68
39 69 33
39 72 7
39 76 52
39 77 55
39 78 83
39 79 21
39 80 46
39 81 38
39 82 66
39 83 24
39 84 44
39 85 15
39 86 73
39 87 21
39 88 38
39 89 58
39 91 37
39 92 47
39 93 57
39 94 18
39 95 66
39 96 81
39 97 52
39 98 36
39 99 77
40 41 60
40 44 7
40 45 87
40 46 65
40 47 74
40 49 44
40 51 50
40 52 58
40 53 26
40 54 23
40 55 63
40 56 42
40 57 33
40 58 66
40 59 64
40 60 85
40 61 81
40 62 47
40 63 52
40 64 73
40 65 74
40 67 42
40 68 76
40 69 58
40 70 85
40 71 38
40 72 29
40 74 76
40 75 6
40 76 61
40 77 77
40 78 84
40 82 80
40 84 64
40 85 15
40 86 67
40 88 67
40 89 74
40 90 35
40 91 66
40 92 59
40 94 41
40 98 60
40 99 78
41 43 12
41 44 67
41 45 57
41 48 45
41 51 12
41 52 50
41 53 37
41 54 37
41 55 60
41 56 41
41 57 68
41 58 50
41 59 101
41 62 74
41 63 36
41 64 81
41 66 47
41 67 75
41 68 30
41 71 43
41 72 70
41 75 59
41 78 25
41 81 27
41 82 41
41 84 48
41 85 64
41 86 11
41 87 51
41 89 45
41 90 49
41 91 80
41 92 31
41 93 63
41 94 53
41 96 82
41 97 63
41 98 57
41 99 20
42 43 53
42 45 103
42 46 80
42 47 94
42 48 86
42 50 61
42 51 58
42 53 28
42 55 82
42 57 12
42 58 83
42 59 83
42 60 93
42 63 68
42 64 94
42 65 84
42 67 63
42 68 87
42 69 77
42 70 105
42 71 28
42 72 49
42 73 31
42 74 90
42 75 15
42 76 73
42 77 95
42 78 89
42 80 49
42 81 44
42 82 93
42 85 36
42 86 69
42 87 62
42 89 89
42 90 22
42 91 87
42 93 98
42 94 61
42 95 63
42 96 122
42 98 79
42 99 84
43 44 54
43 46 39
43 47 70
43 48 44
43 49 72
43 51 7
43 53 25
43 54 25
43 56 33
43 57 58
43 58 47
43 59 91
43 60 41
43 62 65
43 63 31
43 64 75
43 65 33
43 66 38
43 67 65
43 69 51
43 70 78
43 71 35
43 72 58
43 74 44
43 75 47
43 76 26
43 78 37
43 80 6
43 81 15
43 82 45
43 84 46
43 85 52
43 87 43
43 88 70
43 89 46
43 90 40
43 91 73
43 92 30
43 93 62
43 94 44
43 95 14
43 97 52
43 98 52
43 99 31
44 46 70
44 47 77
44 52 62
44 55 67
44 57 34
44 58 71
44 61 84
44 62 47
44 63 58
44 64 75
44 65 81
44 66 40
44 67 41
44 68 83
44 69 61
44 70 88
44 72 28
44 74 82
44 76 68
44 77 82
44 78 91
44 79 47
44 80 49
44 81 41
44 82 86
44 83 36
44 84 69
44 85 15
44 86 74
44 87 47
44 88 68
44 89 80
44 90 40
44 91 67
44 93 84
44 94 45
44 95 67
44 96 108
44 97 25
44 98 64
44 99 85
45 47 39
45 48 17
45 49 79
45 50 41
45 53 79
45 54 67
45 56 46
45 57 112
45 59 88
45 60 40
45 62 65
45 63 35
45 64 50
45 65 32
45 66 53
45 69 38
45 70 39
45 71 93
45 72 76
45 74 15
45 75 91
45 78 50
45 79 48
45 80 59
45 81 60
45 85 81
45 86 64
45 87 48
45 88 50
45 89 14
45 91 55
45 93 18
45 95 62
45 96 26
45 97 103
45 98 35
45 99 50
46 47 36
46 48 5
46 51 33
46 52 15
46 54 44
46 55 23
46 56 24
46 57 89
46 58 10
46 59 76
46 60 37
46 61 38
46 62 50
46 64 44
46 67 54
46 68 23
46 69 23
46 70 42
46 71 72
46 72 57
46 74 12
46 75 68
46 77 20
46 80 38
46 81 38
46 83 72
46 84 9
46 85 59
46 86 50
46 88 42
46 89 10
46 90 75
46 92 10
46 94 31
46 95 47
46 96 44
46 97 80
46 98 22
46 99 42
47 49 48
47 50 42
47 51 65
47 53 78
47 54 63
47 55 14
47 56 39
47 57 105
47 58 26
47 59 51
47 60 72
47 61 7
47 62 34
47 63 39
47 65 60
47 66 41
47 67 42
47 68 58
47 69 19
47 72 52
47 74 44
47 75 79
47 79 31
47 80 66
47 83 60
47 84 27
47 87 32
47 89 38
47 91 17
47 93 21
47 96 38
47 97 95
47 98 18
47 99 77
48 51 38
48 52 17
48 53 62
48 54 50
48 56 29
48 58 10
48 59 78
48 60 38
48 61 36
48 62 52
48 64 44
48 65 26
48 66 37
48 67 58
48 68 24
48 69 25
48 73 59
48 74 10
48 75 74
48 77 17
48 78 46
48 79 33
48 80 43
48 82 15
48 83 75
48 84 10
48 85 64
48 86 54
48 87 32
48 88 42
48 89 5
48 90 80
48 91 47
48 94 35
48 95 50
48 98 23
49 50 52
49 51 70
49 52 48
49 53 63
49 54 50
49 55 46
49 57 76
49 59 20
49 60 97
49 61 55
49 63 54
49 64 42
49 65 83
49 66 36
49 67 8
49 68 84
49 69 42
49 70 58
49 71 79
49 72 16
49 73 63
49 74 75
49 78 100
49 79 34
49 81 57
49 82 80
49 83 12
49 84 56
49 85 28
49 86 92
49 87 35
49 88 36
49 89 71
49 90 77
49 91 33
49 92 63
49 94 33
49 95 86
49 97 67
49 98 45
49 99 95
50 52 18
50 53 39
50 54 26
50 57 71
50 59 68
50 60 45
50 61 47
50 62 41
50 63 6
50 64 48
50 65 32
50 66 17
50 68 33
50 69 24
50 70 52
50 72 42
50 73 36
50 74 30
50 75 50
50 76 18
50 78 49
50 79 19
50 82 34
50 83 59
50 84 21
50 85 42
50 90 58
50 92 13
50 93 38
50 94 20
50 95 39
51 52 40
51 53 30
51 54 27
51 57 64
51 58 41
51 59 89
51 60 36
51 65 27
51 66 35
51 67 63
51 69 47
51 70 73
51 71 42
51 74 37
51 75 51
51 76 20
51 77 53
51 79 41
51 80 9
51 83 75
51 84 40
51 85 53
51 86 22
51 87 40
51 89 39
51 93 56
51 94 41
51 95 16
51 96 76
51 97 57
51 99 28
52 53 56
52 54 41
52 56 17
52 58 9
52 61 29
52 64 32
52 65 39
52 66 23
52 67 40
52 68 38
52 69 9
52 70 34
52 71 73
52 72 44
52 73 54
52 75 62
52 77 19
52 79 16
52 80 42
52 81 38
52 82 32
52 83 58
52 84 8
52 85 49
52 87 16
52 88 28
52 89 22
52 90 75
52 91 32
52 92 19
52 93 22
52 95 55
52 97 76
52 98 8
52 99 55
53 54 16
53 55 65
53 56 39
53 57 34
53 58 62
53 61 84
53 62 61
53 64 81
53 65 57
53 67 59
53 69 59
53 70 89
53 71 17
53 72 48
53 73 3
53 74 65
53 75 24
53 76 47
53 78 62
53 79 48
53 80 22
53 82 67
53 83 63
53 84 60
53 85 37
53 87 47
53 88 75
53 89 65
53 90 19
53 91 76
53 92 48
53 95 36
53 96 100
53 98 61
53 99 56
54 55 49
54 56 24
54 58 48
54 61 69
54 63 32
54 65 51
54 66 22
54 67 44
54 68 53
54 69 44
54 72 35
54 73 15
54 74 54
54 75 25
54 76 38
54 77 60
54 79 32
54 81 11
54 83 52
54 84 46
54 86 46
54 87 31
54 88 59
54 89 54
54 90 34
54 91 60
54 92 37
54 93 63
54 95 39
54 96 87
54 98 46
54 99 55
55 56 26
55 57 93
55 58 14
55 60 60
55 61 19
55 62 32
55 64 22
55 65 48
55 66 29
55 67 38
55 69 6
55 71 82
55 73 63
55 74 33
55 75 68
55 76 36
55 77 17
55 78 67
55 79 20
55 80 52
55 81 48
55 84 14
55 85 53
55 87 20
55 89 28
55 90 84
55 91 24
55 92 29
55 93 19
55 94 22
55 96 42
55 97 83
55 98 4
56 58 24
56 59 61
56 61 45
56 62 34
56 65 40
56 67 36
56 68 41
56 70 50
56 71 56
56 72 35
56 73 37
56 74 35
56 75 46
56 77 36
56 78 56
56 80 28
56 81 23
56 84 22
56 85 36
56 89 33
56 90 58
56 91 41
56 97 59
56 98 22
56 99 52
57 60 99
57 61 112
57 62 80
57 63 77
57 64 105
57 65 90
57 66 65
57 67 75
57 69 87
57 70 116
57 71 27
57 72 62
57 73 37
57 75 27
57 76 81
57 77 105
57 78 94
57 79 74
57 80 55
57 81 52
57 82 100
57 84 91
57 85 48
57 86 71
57 87 73
57 90 21
57 91 99
57 92 81
57 93 108
57 94 72
57 95 66
57 97 10
57 98 90
58 61 28
58 62 43
58 63 17
58 64 35
58 65 34
58 66 31
58 69 15
58 71 78
58 73 59
58 74 20
58 75 70
58 76 24
58 77 13
58 78 54
58 80 45
58 81 43
58 82 25
58 83 67
58 84 2
58 85 58
58 86 60
58 87 25
58 88 32
58 89 15
58 90 80
58 91 37
58 93 16
58 96 39
59 60 112
59 61 57
59 62 27
59 63 69
59 64 42
59 65 98
59 68 98
59 69 53
59 70 59
59 71 99
59 72 36
59 73 84
59 74 87
59 75 70
59 76 84
59 77 70
59 80 85
59 82 92
59 85 49
59 87 50
59 88 39
59 89 82
59 90 98
59 91 34
59 92 78
59 93 71
59 94 49
59 95 105
59 96 89
59 97 86
59 98 55
59 99 112
60 61 72
60 62 85
60 64 81
60 66 62
60 67 89
60 69 60
60 71 74
60 72 87
60 73 63
60 75 86
60 76 28
60 79 63
60 80 45
60 81 52
60 82 25
60 84 46
60 85 86
60 86 33
60 87 62
60 89 34
60 91 84
60 92 34
60 93 54
60 94 64
60 95 35
60 96 64
60 98 59
60 99 13
61 62 42
61 64 15
61 65 61
61 66 47
61 67 49
61 68 59
61 69 25
61 76 52
61 77 20
61 78 81
61 79 38
61 80 71
61 82 48
61 84 29
61 85 69
61 86 88
61 87 39
61 88 19
61 89 38
61 90 103
61 91 24
61 92 46
61 93 19
61 94 40
61 95 83
61 96 31
61 98 23
61 99 79
62 64 29
62 65 72
62 66 27
62 67 7
62 68 72
62 69 28
62 71 78
62 72 20
62 75 53
62 76 58
62 79 23
62 80 59
62 81 51
62 83 26
62 87 24
62 88 23
62 90 78
62 91 21
62 93 50
62 94 22
62 96 72
62 97 70
62 98 31
62 99 85
63 64 45
63 66 21
63 68 30
63 71 61
63 73 42
63 74 24
63 75 56
63 76 15
63 77 29
63 82 28
63 83 62
63 86 47
63 87 19
63 89 22
63 90 64
63 91 45
63 93 32
63 94 22
63 96 55
63 97 68
63 99 43
64 65 69
64 66 43
64 67 36
64 69 24
64 70 17
64 73 79
64 74 53
64 77 31
64 78 89
64 79 33
64 80 71
64 82 58
64 83 54
64 84 35
64 85 60
64 86 92
64 90 99
64 93 32
64 94 35
64 96 47
64 97 95
64 98 24
64 99 86
65 66 49
65 67 75
65 68 4
65 69 47
65 70 65
65 71 68
65 72 74
65 74 18
65 75 76
65 76 15
65 78 20
65 80 35
65 81 41
65 85 73
65 86 32
65 87 49
65 88 66
65 90 72
65 91 71
65 92 21
65 94 51
65 98 46
65 99 18
66 67 28
66 68 50
66 71 55
66 72 25
66 73 37
66 74 44
66 75 40
66 76 34
66 77 42
66 78 65
66 79 10
66 80 32
66 81 25
66 82 49
66 84 29
66 85 27
66 86 58
66 87 9
66 88 37
66 89 42
66 91 38
66 92 29
66 93 45
66 95 51
66 98 25
66 99 60
67 69 34
67 70 52
67 71 75
67 72 13
67 73 59
67 76 61
67 79 26
67 80 59
67 82 72
67 85 27
67 86 86
67 87 27
67 88 30
67 89 63
67 90 74
67 91 28
67 92 55
67 93 57
67 94 25
67 95 79
67 96 79
67 97 65
67 98 37
67 99 88
68 70 62
68 72 75
68 76 16
68 77 39
68 78 22
68 79 50
68 80 39
68 81 43
68 82 13
68 84 32
68 86 36
68 87 49
68 88 65
68 90 76
68 92 21
68 95 35
68 96 55
68 98 45
68 99 21
69 72 40
69 74 35
69 75 62
69 76 35
69 77 22
69 78 67
69 79 14
69 80 48
69 84 15
69 86 68
69 87 14
69 88 20
69 89 30
69 91 24
69 92 28
69 93 24
69 94 16
69 95 63
69 97 78
69 98 3
69 99 63
70 72 63
70 73 87
70 74 47
70 76 56
70 77 23
70 78 85
70 79 42
70 80 75
70 81 72
70 83 70
70 84 34
70 85 73
70 86 92
70 87 43
70 88 22
70 89 42
70 91 26
70 93 22
70 95 88
70 96 30
70 97 106
70 98 28
70 99 83
71 74 78
71 76 61
71 77 90
71 78 68
71 79 65
71 82 80
71 83 77
71 84 76
71 85 51
71 86 45
71 87 64
71 88 92
71 91 93
71 92 62
71 94 63
71 95 40
71 97 25
71 98 78
71 99 62
72 73 48
72 74 69
72 75 35
72 76 60
72 77 62
72 78 90
72 79 28
72 82 74
72 83 17
72 86 79
72 87 28
72 88 42
72 89 66
72 91 40
72 92 54
72 93 64
72 94 26
72 95 72
73 74 62
73 75 27
73 76 44
73 77 72
73 80 18
73 81 16
73 82 64
73 86 39
73 89 62
73 91 75
73 92 45
73 94 44
73 95 33
73 97 30
74 75 79
74 77 24
74 78 38
74 79 41
74 80 44
74 83 84
74 84 20
74 85 71
74 87 41
74 88 52
74 89 5
74 90 82
74 91 57
74 92 17
74 94 43
74 95 47
74 98 32
74 99 36
75 77 82
75 78 84
75 80 42
75 82 82
75 83 45
75 85 21
75 86 66
75 87 48
75 88 72
75 89 78
75 90 30
75 92 61
75 93 85
75 96 109
75 98 65
76 77 35
76 78 32
76 79 35
76 80 27
76 81 30
76 82 20
76 83 76
76 86 35
76 87 34
76 88 54
76 89 19
76 91 58
76 92 7
76 93 37
76 94 36
76 96 57
76 98 34
77 78 61
77 79 34
77 80 57
77 82 28
77 83 74
77 84 14
77 85 68
77 87 35
77 89 19
77 91 37
77 92 30
77 94 37
77 95 67
77 96 27
77 97 96
77 98 19
77 99 60
78 79 67
78 81 50
78 83 107
78 84 54
78 86 24
78 88 86
78 89 43
78 90 74
78 92 39
78 96 75
78 97 88
78 98 66
78 99 6
79 80 39
79 81 33
79 82 46
79 83 43
79 85 34
79 86 63
79 89 38
79 91 29
79 92 29
79 93 37
79 94 3
79 98 16
79 99 63
80 82 46
80 83 69
80 84 43
80 85 46
80 86 27
80 88 66
80 90 38
80 91 69
80 92 29
80 93 60
80 94 39
80 95 20
80 97 48
80 98 48
80 99 36
81 82 49
81 83 60
81 85 37
81 89 47
81 90 37
81 91 63
81 92 29
81 93 59
81 95 29
81 97 43
81 98 44
81 99 44
82 83 89
82 85 76
82 86 48
82 88 57
82 89 10
82 93 29
82 94 48
82 95 47
82 96 42
83 84 66
83 90 75
83 91 45
83 92 71
83 94 41
83 95 89
83 96 97
83 97 61
83 98 55
83 99 101
84 87 23
84 88 33
84 89 15
84 90 78
84 91 37
84 92 17
84 93 17
84 94 26
84 95 54
84 97 82
84 98 13
84 99 51
85 86 73
85 87 33
85 88 53
85 89 69
85 90 49
85 91 52
85 92 55
85 93 71
85 96 95
85 97 38
85 99 81
86 87 62
86 88 87
86 89 53
86 90 51
86 92 41
86 95 7
86 96 90
86 97 67
86 98 68
86 99 19
87 88 28
87 89 37
87 90 65
87 91 31
87 92 28
87 93 37
87 95 56
87 96 61
87 97 63
87 98 17
88 89 46
88 90 93
88 91 5
88 92 47
88 94 29
88 95 82
88 96 50
88 97 89
88 98 20
88 99 83
89 91 51
89 93 20
89 95 51
89 97 89
89 99 41
90 91 94
90 93 96
90 94 64
90 96 119
90 97 20
90 99 68
91 92 52
91 93 38
91 94 31
91 96 55
91 98 25
91 99 87
92 93 33
92 98 27
93 94 40
93 95 69
93 96 24
93 98 21
93 99 62
94 95 57
94 96 64
94 97 62
94 98 19
94 99 63
95 96 88
95 97 61
95 99 22
96 97 122
96 99 75
97 98 80
97 99 82
98 99 62
