50 0.3 10 0 0.1 1225 368 10
0.544683 0.582909 0
0.00862212 0.536168 5
0.190733 0.826448 4
0.842227 0.444878 3
0.172479 0.314993 5
0.808526 0.604257 3
0.347085 0.447324 2
0.462833 0.8579 3
0.600436 0.294801 3
0.329668 0.724451 3
0.592027 0.962476 4
0.979876 0.632649 4
0.201296 0.626368 3
0.388327 0.259963 4
0.164258 0.580966 4
0.534704 0.304017 3
0.788387 0.400967 3
0.530477 0.412456 2
0.623031 0.366701 2
0.275872 0.144407 5
0.955282 0.847882 5
0.237112 0.911655 5
0.420353 0.860412 3
0.444236 0.0917312 5
0.141455 0.885447 5
0.526654 0.732772 2
0.544319 0.761713 2
0.822502 0.100022 6
0.492448 0.672148 1
0.177435 0.37495 4
0.413535 0.996548 4
0.0338156 0.695345 5
0.817536 0.709376 3
0.507177 0.26369 3
0.600244 0.41242 2
0.214125 0.663877 3
0.0680058 0.90411 6
0.921864 0.477902 4
0.218021 0.747416 4
0.123501 0.695092 4
0.381258 0.259139 4
0.950499 0.909854 5
0.621006 0.961202 4
0.792314 0.686513 3
0.196418 0.196692 5
0.0834271 0.296068 5
0.927908 0.573704 4
0.283789 0.377335 3
0.605312 0.134036 5
0.0514512 0.439567 5
0 1 54
0 2 43
0 3 33
0 4 46
0 5 26
0 6 24
0 7 29
0 8 29
0 9 26
0 10 38
0 11 44
0 12 35
0 13 36
0 14 38
0 15 28
0 16 30
0 17 17
0 18 23
0 19 51
0 20 49
0 21 45
0 22 30
0 23 50
0 24 50
0 25 15
0 26 18
0 27 56
0 28 10
0 29 42
0 30 43
0 31 52
0 32 30
0 33 32
0 34 18
0 35 34
0 36 57
0 37 39
0 38 37
0 39 44
0 40 36
0 41 52
0 42 39
0 43 27
0 44 52
0 45 54
0 46 38
0 47 33
0 48 45
0 49 51
1 2 34
1 3 84
1 4 28
1 5 80
1 6 35
1 7 56
1 8 64
1 9 37
1 10 72
1 11 98
1 12 21
1 13 47
1 14 16
1 15 58
1 16 79
1 17 54
1 18 64
1 19 47
1 20 100
1 21 44
1 22 52
1 23 62
1 24 37
1 25 55
1 26 58
1 27 92
1 28 50
1 29 23
1 30 61
1 31 16
1 32 83
1 33 57
1 34 60
1 35 24
1 36 37
1 37 92
1 38 30
1 39 20
1 40 46
1 41 101
1 42 75
1 43 80
1 44 39
1 45 25
1 46 92
1 47 32
1 48 72
1 49 11
2 3 76
2 4 51
2 5 66
2 6 41
2 7 27
2 8 67
2 9 17
2 10 42
2 11 81
2 12 20
2 13 60
2 14 25
2 15 63
2 16 73
2 17 54
2 18 63
2 19 69
2 20 76
2 21 10
2 22 23
2 23 78
2 24 8
2 25 35
2 26 36
2 27 96
2 28 34
2 29 45
2 30 28
2 31 20
2 32 64
2 33 65
2 34 58
2 35 16
2 36 15
2 37 81
2 38 8
2 39 15
2 40 60
2 41 76
2 42 45
2 43 62
2 44 63
2 45 54
2 46 78
2 47 46
2 48 81
2 49 41
3 4 68
3 5 16
3 6 50
3 7 56
3 8 28
3 9 58
3 10 57
3 11 23
3 12 67
3 13 49
3 14 69
3 15 34
3 16 7
3 17 31
3 18 23
3 19 64
3 20 42
3 21 76
3 22 59
3 23 53
3 24 83
3 25 43
3 26 43
3 27 35
3 28 42
3 29 67
3 30 70
3 31 85
3 32 27
3 33 38
3 34 24
3 35 67
3 36 90
3 37 9
3 38 69
3 39 76
3 40 50
3 41 48
3 42 56
3 43 25
3 44 69
3 45 77
3 46 15
3 47 56
3 48 39
3 49 79
4 5 70
4 6 22
4 7 62
4 8 43
4 9 44
4 10 77
4 11 87
4 12 31
4 13 22
4 14 27
4 15 36
4 16 62
4 17 37
4 18 45
4 19 20
4 20 95
4 21 60
4 22 60
4 23 35
4 24 57
4 25 55
4 26 58
4 27 68
4 28 48
4 29 6
4 30 72
4 31 40
4 32 76
4 33 34
4 34 44
4 35 35
4 36 60
4 37 77
4 38 43
4 39 38
4 40 22
4 41 98
4 42 79
4 43 72
4 44 12
4 45 9
4 46 80
4 47 13
4 48 47
4 49 17
5 6 49
5 7 43
5 8 37
5 9 49
5 10 42
5 11 17
5 12 61
5 13 54
5 14 64
5 15 41
5 16 20
5 17 34
5 18 30
5 19 70
5 20 28
5 21 65
5 22 47
5 23 63
5 24 72
5 25 31
5 26 31
5 27 50
5 28 32
5 29 67
5 30 56
5 31 78
5 32 11
5 33 45
5 34 28
5 35 60
5 36 80
5 37 17
5 38 61
5 39 69
5 40 55
5 41 34
5 42 40
5 43 8
5 44 74
5 45 79
5 46 12
5 47 57
5 48 51
5 49 77
6 7 43
6 8 30
6 9 28
6 10 57
6 11 66
6 12 23
6 13 19
6 14 23
6 15 24
6 16 44
6 17 19
6 18 29
6 19 31
6 20 73
6 21 48
6 22 42
6 23 37
6 24 48
6 25 34
6 26 37
6 27 59
6 28 27
6 29 18
6 30 55
6 31 40
6 32 54
6 33 24
6 34 26
6 35 25
6 36 54
6 37 58
6 38 33
6 39 33
6 40 19
6 41 76
6 42 58
6 43 51
6 44 29
6 45 30
6 46 59
6 47 9
6 48 41
6 49 30
7 8 58
7 9 19
7 10 17
7 11 56
7 12 35
7 13 60
7 14 41
7 15 56
7 16 56
7 17 45
7 18 52
7 19 74
7 20 49
7 21 23
7 22 4
7 23 77
7 24 32
7 25 14
7 26 13
7 27 84
7 28 19
7 29 56
7 30 15
7 31 46
7 32 38
7 33 60
7 34 47
7 35 32
7 36 40
7 37 60
7 38 27
7 39 38
7 40 60
7 41 49
7 42 19
7 43 37
7 44 71
7 45 68
7 46 55
7 47 51
7 48 74
7 49 59
8 9 51
8 10 67
8 11 51
8 12 52
8 13 21
8 14 52
8 15 7
8 16 22
8 17 14
8 18 8
8 19 36
8 20 66
8 21 72
8 22 59
8 23 26
8 24 75
8 25 44
8 26 47
8 27 30
8 28 39
8 29 43
8 30 73
8 31 69
8 32 47
8 33 10
8 34 12
8 35 53
8 36 81
8 37 37
8 38 59
8 39 62
8 40 22
8 41 71
8 42 67
8 43 44
8 44 42
8 45 52
8 46 43
8 47 33
8 48 16
8 49 57
9 10 35
9 11 66
9 12 16
9 13 47
9 14 22
9 15 47
9 16 56
9 17 37
9 18 46
9 19 58
9 20 64
9 21 21
9 22 16
9 23 64
9 24 25
9 25 20
9 26 22
9 27 80
9 28 17
9 29 38
9 30 28
9 31 30
9 32 49
9 33 49
9 34 41
9 35 13
9 36 32
9 37 64
9 38 11
9 39 21
9 40 47
9 41 65
9 42 38
9 43 46
9 44 54
9 45 49
9 46 62
9 47 35
9 48 65
9 49 40
10 11 51
10 12 52
10 13 73
10 14 57
10 15 66
10 16 59
10 17 55
10 18 60
10 19 88
10 20 38
10 21 36
10 22 20
10 23 88
10 24 46
10 25 24
10 26 21
10 27 89
10 28 31
10 29 72
10 30 18
10 31 62
10 32 34
10 33 70
10 34 55
10 35 48
10 36 53
10 37 59
10 38 43
10 39 54
10 40 73
10 41 36
10 42 3
10 43 34
10 44 86
10 45 84
10 46 51
10 47 66
10 48 83
10 49 75
11 12 78
11 13 70
11 14 82
11 15 55
11 16 30
11 17 50
11 18 45
11 19 86
11 20 22
11 21 79
11 22 60
11 23 76
11 24 88
11 25 46
11 26 45
11 27 56
11 28 49
11 29 84
11 30 67
11 31 95
11 32 18
11 33 60
11 34 44
11 35 77
11 36 95
11 37 17
11 38 77
11 39 86
11 40 71
11 41 28
11 42 49
11 43 20
11 44 90
11 45 96
11 46 8
11 47 74
11 48 62
11 49 95
12 13 41
12 14 6
12 15 46
12 16 63
12 17 39
12 18 50
12 19 49
12 20 79
12 21 29
12 22 32
12 23 59
12 24 27
12 25 34
12 26 37
12 27 81
12 28 29
12 29 25
12 30 43
12 31 18
12 32 62
12 33 47
12 34 45
12 35 4
12 36 31
12 37 74
12 38 12
12 39 10
12 40 41
12 41 80
12 42 54
12 43 59
12 44 43
12 45 35
12 46 73
12 47 26
12 48 64
12 49 24
13 14 39
13 15 15
13 16 42
13 17 21
13 18 26
13 19 16
13 20 82
13 21 67
13 22 60
13 23 18
13 24 67
13 25 49
13 26 53
13 27 46
13 28 43
13 29 24
13 30 74
13 31 56
13 32 62
13 33 12
13 34 26
13 35 44
13 36 72
13 37 58
13 38 52
13 39 51
13 40 1
13 41 86
13 42 74
13 43 59
13 44 20
13 45 31
13 46 62
13 47 16
13 48 25
13 49 38
14 15 46
14 16 65
14 17 40
14 18 51
14 19 45
14 20 83
14 21 34
14 22 38
14 23 56
14 24 31
14 25 39
14 26 42
14 27 82
14 28 34
14 29 21
14 30 48
14 31 17
14 32 67
14 33 47
14 34 47
14 35 10
14 36 34
14 37 76
14 38 17
14 39 12
14 40 39
14 41 85
14 42 59
14 43 64
14 44 39
14 45 30
14 46 76
14 47 24
14 48 63
14 49 18
15 16 27
15 17 11
15 18 11
15 19 30
15 20 69
15 21 68
15 22 57
15 23 23
15 24 70
15 25 43
15 26 46
15 27 35
15 28 37
15 29 36
15 30 70
15 31 64
15 32 49
15 33 5
15 34 13
15 35 48
15 36 76
15 37 42
15 38 54
15 39 57
15 40 16
15 41 73
15 42 66
15 43 46
15 44 35
15 45 45
15 46 48
15 47 26
15 48 18
15 49 50
16 17 26
16 18 17
16 19 57
16 20 48
16 21 75
16 22 59
16 23 46
16 24 81
16 25 42
16 26 44
16 27 30
16 28 40
16 29 61
16 30 70
16 31 81
16 32 31
16 33 31
16 34 19
16 35 63
16 36 88
16 37 15
16 38 67
16 39 73
16 40 43
16 41 53
16 42 58
16 43 29
16 44 63
16 45 71
16 46 22
16 47 51
16 48 32
16 49 74
17 18 10
17 19 37
17 20 61
17 21 58
17 22 46
17 23 33
17 24 61
17 25 32
17 26 35
17 27 43
17 28 26
17 29 36
17 30 60
17 31 57
17 32 41
17 33 15
17 34 7
17 35 40
17 36 67
17 37 40
17 38 46
17 39 50
17 40 21
17 41 65
17 42 56
17 43 38
17 44 40
17 45 46
17 46 43
17 47 25
17 48 29
17 49 48
18 19 41
18 20 58
18 21 67
18 22 53
18 23 33
18 24 71
18 25 38
18 26 40
18 27 33
18 28 33
18 29 45
18 30 66
18 31 67
18 32 39
18 33 16
18 34 5
18 35 51
18 36 77
18 37 32
18 38 56
18 39 60
18 40 26
18 41 63
18 42 59
18 43 36
18 44 46
18 45 54
18 46 37
18 47 34
18 48 23
18 49 58
19 20 98
19 21 77
19 22 73
19 23 18
19 24 75
19 25 64
19 26 67
19 27 55
19 28 57
19 29 25
19 30 86
19 31 60
19 32 78
19 33 26
19 34 42
19 35 52
19 36 79
19 37 73
19 38 61
19 39 57
19 40 16
19 41 102
19 42 89
19 43 75
19 44 10
19 45 25
19 46 78
19 47 23
19 48 33
19 49 37
20 21 72
20 22 54
20 23 91
20 24 81
20 25 44
20 26 42
20 27 76
20 28 50
20 29 91
20 30 56
20 31 93
20 32 20
20 33 74
20 34 56
20 35 76
20 36 89
20 37 37
20 38 74
20 39 85
20 40 82
20 41 6
20 42 35
20 43 23
20 44 100
20 45 103
20 46 28
20 47 82
20 48 80
20 49 99
21 22 19
21 23 85
21 24 10
21 25 34
21 26 34
21 27 100
21 28 35
21 29 54
21 30 20
21 31 30
21 32 61
21 33 70
21 34 62
21 35 25
21 36 17
21 37 81
21 38 17
21 39 24
21 40 67
21 41 71
21 42 39
21 43 60
21 44 72
21 45 63
21 46 77
21 47 54
21 48 86
21 49 51
22 23 77
22 24 28
22 25 17
22 26 16
22 27 86
22 28 20
22 29 54
22 30 14
22 31 42
22 32 42
22 33 60
22 34 48
22 35 28
22 36 36
22 37 63
22 38 23
22 39 34
22 40 60
22 41 53
22 42 22
22 43 41
22 44 70
22 45 66
22 46 58
22 47 50
22 48 75
22 49 56
23 24 85
23 25 65
23 26 68
23 27 38
23 28 58
23 29 39
23 30 91
23 31 73
23 32 72
23 33 18
23 34 36
23 35 62
23 36 90
23 37 61
23 38 69
23 39 68
23 40 18
23 41 96
23 42 89
23 43 69
23 44 27
23 45 41
23 46 68
23 47 33
23 48 17
23 49 52
24 25 41
24 26 42
24 27 104
24 28 41
24 29 51
24 30 29
24 31 22
24 32 70
24 33 72
24 34 66
24 35 23
24 36 8
24 37 88
24 38 16
24 39 19
24 40 67
24 41 81
24 42 49
24 43 68
24 44 69
24 45 59
24 46 85
24 47 53
24 48 88
24 49 45
25 26 3
25 27 70
25 28 7
25 29 50
25 30 29
25 31 49
25 32 29
25 33 47
25 34 33
25 35 32
25 36 49
25 37 47
25 38 31
25 39 40
25 40 50
25 41 46
25 42 25
25 43 27
25 44 63
25 45 62
25 46 43
25 47 43
25 48 60
25 49 56
26 27 72
26 28 10
26 29 53
26 30 27
26 31 51
26 32 28
26 33 50
26 34 35
26 35 34
26 36 50
26 37 47
26 38 33
26 39 43
26 40 53
26 41 43
26 42 21
26 43 26
26 44 66
26 45 66
26 46 43
26 47 46
26 48 63
26 49 59
27 28 66
27 29 70
27 30 99
27 31 99
27 32 61
27 33 36
27 34 38
27 35 83
27 36 110
27 37 39
27 38 89
27 39 92
27 40 47
27 41 82
27 42 88
27 43 59
27 44 63
27 45 76
27 46 49
27 47 61
27 48 22
27 49 84
28 29 43
28 30 33
28 31 46
28 32 33
28 33 41
28 34 28
28 35 28
28 36 48
28 37 47
28 38 28
28 39 37
28 40 43
28 41 52
28 42 32
28 43 30
28 44 56
28 45 56
28 46 45
28 47 36
28 48 55
28 49 50
29 30 66
29 31 35
29 32 72
29 33 35
29 34 42
29 35 29
29 36 54
29 37 75
29 38 37
29 39 32
29 40 23
29 41 94
29 42 74
29 43 69
29 44 18
29 45 12
29 46 78
29 47 11
29 48 49
29 49 14
30 31 48
30 32 50
30 33 74
30 34 61
30 35 39
30 36 36
30 37 73
30 38 32
30 39 42
30 40 74
30 41 54
30 42 21
30 43 49
30 44 83
30 45 77
30 46 67
30 47 63
30 48 88
30 49 66
31 32 78
31 33 64
31 34 63
31 35 18
31 36 21
31 37 91
31 38 19
31 39 9
31 40 56
31 41 94
31 42 64
31 43 76
31 44 52
31 45 40
31 46 90
31 47 40
31 48 80
31 49 26
32 33 54
32 34 37
32 35 61
32 36 77
32 37 25
32 38 60
32 39 69
32 40 63
32 41 24
32 42 32
32 43 3
32 44 81
32 45 84
32 46 17
32 47 63
32 48 61
32 49 81
33 34 18
33 35 50
33 36 78
33 37 47
33 38 56
33 39 58
33 40 13
33 41 78
33 42 71
33 43 51
33 44 32
33 45 42
33 46 52
33 47 25
33 48 16
33 49 49
34 35 46
34 36 72
34 37 33
34 38 51
34 39 55
34 40 27
34 41 61
34 42 55
34 43 33
34 44 46
34 45 53
34 46 37
34 47 32
34 48 28
34 49 55
35 36 28
35 37 73
35 38 8
35 39 10
35 40 44
35 41 78
35 42 50
35 43 58
35 44 47
35 45 39
35 46 72
35 47 29
35 48 66
35 49 28
36 37 95
36 38 22
36 39 22
36 40 72
36 41 88
36 42 56
36 43 76
36 44 72
36 45 61
36 46 92
36 47 57
36 48 94
36 49 46
37 38 75
37 39 83
37 40 58
37 41 43
37 42 57
37 43 25
37 44 78
37 45 86
37 46 10
37 47 65
37 48 47
37 49 87
38 39 11
38 40 51
38 41 75
38 42 46
38 43 58
38 44 55
38 45 47
38 46 73
38 47 38
38 48 73
38 49 35
39 40 51
39 41 85
39 42 56
39 43 67
39 44 50
39 45 40
39 46 81
39 47 36
39 48 74
39 49 27
40 41 86
40 42 74
40 43 59
40 44 20
40 45 30
40 46 63
40 47 15
40 48 26
40 49 38
41 42 33
41 43 27
41 44 104
41 45 106
41 46 34
41 47 85
41 48 85
41 49 101
42 43 32
42 44 87
42 45 86
42 46 49
42 47 67
42 48 83
42 49 77
43 44 77
43 45 81
43 46 18
43 47 60
43 48 58
43 49 78
44 45 15
44 46 82
44 47 20
44 48 41
44 49 28
45 46 89
45 47 22
45 48 55
45 49 15
46 47 67
46 48 55
46 49 89
47 48 40
47 49 24
48 49 63
0 5 26
0 6 24
0 15 28
0 18 23
0 26 18
0 28 10
0 31 52
0 33 32
0 38 37
0 39 44
0 41 52
0 44 52
1 2 34
1 6 35
1 15 58
1 18 64
1 23 62
1 25 55
1 33 57
1 34 60
1 39 20
1 43 80
1 44 39
1 45 25
1 47 32
1 48 72
2 3 76
2 4 51
2 14 25
2 17 54
2 19 69
2 20 76
2 23 78
2 31 20
2 34 58
2 37 81
2 39 15
2 41 76
2 46 78
2 47 46
2 48 81
2 49 41
3 9 58
3 13 49
3 18 23
3 19 64
3 23 53
3 28 42
3 38 69
3 42 56
3 44 69
4 5 70
4 10 77
4 22 60
4 28 48
4 29 6
4 35 35
4 36 60
4 42 79
4 43 72
4 44 12
5 6 49
5 8 37
5 9 49
5 20 28
5 26 31
5 27 50
5 29 67
5 31 78
5 32 11
5 36 80
5 42 40
6 15 24
6 16 44
6 20 73
6 21 48
6 23 37
6 25 34
6 34 26
6 37 58
6 42 58
6 43 51
6 45 30
6 46 59
6 48 41
6 49 30
7 9 19
7 10 17
7 11 56
7 12 35
7 14 41
7 16 56
7 17 45
7 18 52
7 25 14
7 27 84
7 28 19
7 29 56
7 31 46
7 35 32
7 36 40
7 37 60
7 39 38
7 40 60
7 47 51
7 48 74
7 49 59
8 10 67
8 12 52
8 14 52
8 16 22
8 18 8
8 23 26
8 26 47
8 27 30
8 29 43
8 30 73
8 31 69
8 34 12
8 37 37
8 41 71
8 42 67
8 44 42
8 45 52
9 10 35
9 14 22
9 18 46
9 23 64
9 24 25
9 26 22
9 29 38
9 31 30
9 32 49
9 39 21
9 43 46
9 45 49
10 14 57
10 19 88
10 20 38
10 24 46
10 26 21
10 32 34
10 36 53
10 42 3
10 43 34
10 46 51
10 48 83
11 21 79
11 23 76
11 24 88
11 29 84
11 37 17
11 39 86
11 43 20
11 45 96
12 16 63
12 19 49
12 23 59
12 27 81
12 33 47
12 37 74
12 40 41
12 42 54
12 44 43
12 45 35
12 48 64
12 49 24
13 14 39
13 17 21
13 18 26
13 19 16
13 22 60
13 24 67
13 25 49
13 26 53
13 27 46
13 28 43
13 32 62
13 33 12
13 34 26
13 38 52
13 44 20
13 48 25
14 24 31
14 26 42
14 27 82
14 28 34
14 29 21
14 32 67
14 33 47
14 35 10
14 37 76
14 39 12
14 41 85
14 44 39
14 45 30
15 24 70
15 32 49
15 34 13
15 35 48
15 38 54
15 46 48
16 20 48
16 22 59
16 25 42
16 26 44
16 29 61
16 30 70
16 33 31
16 34 19
16 36 88
16 38 67
16 44 63
17 21 58
17 23 33
17 29 36
17 32 41
17 37 40
17 40 21
17 48 29
18 22 53
18 23 33
18 28 33
18 36 77
18 44 46
18 45 54
19 20 98
19 26 67
19 27 55
19 30 86
19 31 60
19 38 61
19 40 16
19 41 102
19 48 33
20 25 44
20 26 42
20 28 50
20 29 91
20 30 56
20 41 6
21 26 34
21 29 54
21 33 70
21 37 81
21 40 67
21 42 39
21 45 63
21 49 51
22 23 77
22 24 28
22 26 16
22 28 20
22 34 48
22 35 28
22 36 36
22 38 23
22 39 34
22 43 41
22 44 70
22 46 58
22 48 75
22 49 56
23 25 65
23 29 39
23 32 72
23 36 90
23 39 68
23 42 89
23 48 17
24 27 104
24 28 41
24 31 22
24 35 23
24 39 19
24 41 81
24 44 69
24 48 88
25 29 50
25 31 49
25 32 29
25 34 33
25 35 32
25 38 31
25 39 40
25 41 46
25 44 63
25 46 43
25 49 56
26 29 53
26 30 27
26 32 28
26 39 43
26 40 53
26 48 63
26 49 59
27 28 66
27 30 99
27 31 99
27 35 83
27 36 110
27 41 82
27 43 59
27 46 49
27 48 22
28 29 43
28 30 33
28 32 33
28 38 28
28 44 56
28 48 55
29 34 42
29 37 75
29 41 94
29 42 74
29 48 49
30 32 50
30 33 74
30 39 42
30 45 77
31 33 64
31 36 21
31 40 56
31 41 94
31 43 76
31 44 52
31 46 90
31 47 40
32 33 54
32 39 69
32 41 24
32 43 3
32 46 17
32 47 63
32 49 81
33 38 56
33 41 78
33 45 42
33 46 52
33 47 25
33 48 16
34 45 53
35 42 50
35 43 58
36 38 22
36 40 72
36 42 56
36 44 72
37 39 83
37 41 43
37 46 10
37 47 65
38 40 51
38 41 75
38 46 73
38 48 73
39 42 56
39 43 67
40 46 63
40 48 26
41 44 104
41 46 34
41 49 101
43 49 78
45 49 15
47 48 40
47 49 24
48 49 63
