100 0.5 5 1 0.1 4950 2475 9
0.165322 0.436562 5
0.938387 0.120396 9
0.00856585 0.00748539 0
0.901338 0.638408 11
0.642985 0.711938 9
0.706485 0.807938 11
0.438411 0.753856 9
0.188154 0.84534 9
0.149599 0.559896 6
0.837455 0.448567 9
0.298905 0.539217 6
0.327809 0.511176 6
0.63021 0.0596583 6
0.213189 0.899289 9
0.581431 0.208864 6
0.036917 0.690649 7
0.659461 0.686241 9
0.514573 0.922336 10
0.994965 0.0848105 10
0.916265 0.761296 12
0.795518 0.0652949 8
0.799339 0.535973 10
0.981465 0.181311 10
0.078666 0.00392392 1
0.418425 0.748678 8
0.633988 0.26916 7
0.747823 0.531553 9
0.717237 0.479927 9
0.760555 0.42229 9
0.200052 0.0300492 2
0.114323 0.617965 6
0.832555 0.164148 8
0.319346 0.151018 3
0.26189 0.456562 5
0.928501 0.599341 11
0.469677 0.644649 8
0.869642 0.690769 11
0.082259 0.831759 8
0.416412 0.603617 7
0.690697 0.891312 11
0.561122 0.0979833 6
0.132498 0.118196 2
0.89266 0.780394 12
0.218288 0.575803 6
0.476807 0.114298 5
0.910713 0.611284 11
0.846711 0.226961 9
0.0844659 0.854297 9
0.741076 0.530289 9
0.584585 0.6044 8
0.947764 0.235159 10
0.250488 0.249661 3
0.338375 0.581456 7
0.691483 0.334296 8
0.572013 0.398706 7
0.536705 0.0303498 5
0.638138 0.234842 7
0.251804 0.275352 4
0.02081 0.269731 3
0.238135 0.017412 2
0.723185 0.365735 8
0.434326 0.966242 10
0.742876 0.192956 8
0.842966 0.123453 8
0.935744 0.605758 11
0.15626 0.0182584 1
0.251667 0.0880396 3
0.713179 0.475504 8
0.829843 0.186964 8
0.635814 0.225831 7
0.269518 0.515628 6
0.284204 0.915346 9
0.39523 0.478875 6
0.247761 0.497877 5
0.689584 0.10153 7
0.548417 0.313564 6
0.353814 0.846253 9
0.347723 0.113959 4
0.141716 0.647124 7
0.67619 0.437528 8
0.864302 0.923591 13
0.856931 0.89683 12
0.836041 0.277401 9
0.928237 0.843555 12
0.987932 0.756607 12
0.555636 0.897864 10
0.436307 0.290265 5
0.546815 0.392005 7
0.928198 0.781648 12
0.419114 0.120241 4
0.568604 0.937579 11
0.207778 0.939537 10
0.874004 0.229038 9
0.92086 0.573256 11
0.885612 0.246519 9
0.407603 0.546056 7
0.802437 0.982174 13
0.203267 0.977793 10
0.972382 0.275626 10
0.917455 0.258398 9
0 1 84
0 2 46
0 3 76
0 4 55
0 5 66
0 6 42
0 7 41
0 8 12
0 9 67
0 10 17
0 11 18
0 12 60
0 13 47
0 14 47
0 15 28
0 16 55
0 17 60
0 18 90
0 19 82
0 20 73
0 21 64
0 22 86
0 23 44
0 24 40
0 25 50
0 26 59
0 27 55
0 28 60
0 29 41
0 30 19
0 31 72
0 32 32
0 33 10
0 34 78
0 35 37
0 36 75
0 37 40
0 38 30
0 39 69
0 40 52
0 41 32
0 42 80
0 43 15
0 44 45
0 45 77
0 46 71
0 47 43
0 48 58
0 49 45
0 50 81
0 51 21
0 52 23
0 53 54
0 54 41
0 55 55
0 56 51
0 57 18
0 58 22
0 59 43
0 60 56
0 61 59
0 62 63
0 63 75
0 64 79
0 65 42
0 66 36
0 67 55
0 68 71
0 69 52
0 70 13
0 71 49
0 72 23
0 73 10
0 74 62
0 75 40
0 76 45
0 77 37
0 78 21
0 79 51
0 80 85
0 81 83
0 82 69
0 83 86
0 84 88
0 85 60
0 86 31
0 87 38
0 88 84
0 89 41
0 90 64
0 91 50
0 92 74
0 93 77
0 94 74
0 95 27
0 96 84
0 97 54
0 98 82
0 99 77
1 2 94
1 3 52
1 4 66
1 5 73
1 6 81
1 7 104
1 8 90
1 9 34
1 10 76
1 11 72
1 12 31
1 13 106
1 14 37
1 15 107
1 16 63
1 17 91
1 18 7
1 19 64
1 20 15
1 21 44
1 22 7
1 23 87
1 24 82
1 25 34
1 26 45
1 27 42
1 28 35
1 29 74
1 30 96
1 31 11
1 32 62
1 33 76
1 34 48
1 35 70
1 36 57
1 37 111
1 38 71
1 39 81
1 40 38
1 41 81
1 42 66
1 43 85
1 44 46
1 45 49
1 46 14
1 47 113
1 48 45
1 49 60
1 50 12
1 51 70
1 52 76
1 53 33
1 54 46
1 55 41
1 56 32
1 57 70
1 58 93
1 59 71
1 60 33
1 61 98
1 62 21
1 63 10
1 64 49
1 65 79
1 66 69
1 67 42
1 68 13
1 69 32
1 70 78
1 71 103
1 72 65
1 73 79
1 74 25
1 75 44
1 76 93
1 77 59
1 78 96
1 79 41
1 80 81
1 81 78
1 82 19
1 83 72
1 84 64
1 85 87
1 86 53
1 87 48
1 88 66
1 89 52
1 90 90
1 91 110
1 92 13
1 93 45
1 94 14
1 95 68
1 96 87
1 97 113
1 98 16
1 99 14
2 3 109
2 4 95
2 5 106
2 6 86
2 7 86
2 8 57
2 9 94
2 10 61
2 11 60
2 12 62
2 13 91
2 14 61
2 15 68
2 16 94
2 17 105
2 18 99
2 19 118
2 20 79
2 21 95
2 22 99
2 23 7
2 24 85
2 25 68
2 26 91
2 27 85
2 28 86
2 29 19
2 30 62
2 31 84
2 32 34
2 33 52
2 34 109
2 35 79
2 36 110
2 37 83
2 38 72
2 39 112
2 40 56
2 41 17
2 42 117
2 43 61
2 44 48
2 45 109
2 46 87
2 47 85
2 48 90
2 49 83
2 50 97
2 51 34
2 52 66
2 53 76
2 54 69
2 55 53
2 56 67
2 57 36
2 58 26
2 59 23
2 60 80
2 61 105
2 62 76
2 63 84
2 64 110
2 65 15
2 66 26
2 67 85
2 68 84
2 69 66
2 70 57
2 71 95
2 72 61
2 73 55
2 74 69
2 75 62
2 76 91
2 77 36
2 78 65
2 79 79
2 80 125
2 81 123
2 82 87
2 83 124
2 84 123
2 85 105
2 86 51
2 87 66
2 88 120
2 89 43
2 90 109
2 91 95
2 92 89
2 93 107
2 94 91
2 95 67
2 96 126
2 97 99
2 98 100
2 99 94
3 4 27
3 5 26
3 6 48
3 7 74
3 8 76
3 9 20
3 10 61
3 11 59
3 12 64
3 13 74
3 14 54
3 15 87
3 16 25
3 17 48
3 18 56
3 19 12
3 20 58
3 21 14
3 22 46
3 23 104
3 24 50
3 25 46
3 26 19
3 27 24
3 28 26
3 29 93
3 30 79
3 31 48
3 32 76
3 33 66
3 34 5
3 35 43
3 36 6
3 37 84
3 38 49
3 39 33
3 40 64
3 41 93
3 42 14
3 43 69
3 44 67
3 45 3
3 46 42
3 47 84
3 48 19
3 49 32
3 50 41
3 51 76
3 52 57
3 53 37
3 54 41
3 55 71
3 56 48
3 57 74
3 58 95
3 59 91
3 60 33
3 61 57
3 62 47
3 63 52
3 64 5
3 65 97
3 66 85
3 67 25
3 68 46
3 69 49
3 70 64
3 71 68
3 72 53
3 73 67
3 74 58
3 75 48
3 76 59
3 77 76
3 78 76
3 79 30
3 80 29
3 81 26
3 82 37
3 83 21
3 84 15
3 85 43
3 86 58
3 87 43
3 88 15
3 89 71
3 90 45
3 91 76
3 92 41
3 93 7
3 94 39
3 95 50
3 96 36
3 97 78
3 98 37
3 99 38
4 5 12
4 6 21
4 7 47
4 8 52
4 9 33
4 10 38
4 11 37
4 12 65
4 13 47
4 14 51
4 15 61
4 16 3
4 17 25
4 18 72
4 19 28
4 20 66
4 21 24
4 22 63
4 23 91
4 24 23
4 25 44
4 26 21
4 27 24
4 28 31
4 29 81
4 30 54
4 31 58
4 32 65
4 33 46
4 34 31
4 35 19
4 36 23
4 37 57
4 38 25
4 39 19
4 40 62
4 41 78
4 42 26
4 43 45
4 44 62
4 45 29
4 46 53
4 47 58
4 48 21
4 49 12
4 50 57
4 51 61
4 52 33
4 53 38
4 54 32
4 55 69
4 56 48
4 57 59
4 58 76
4 59 80
4 60 36
4 61 33
4 62 53
4 63 62
4 64 31
4 65 85
4 66 74
4 67 25
4 68 56
4 69 49
4 70 42
4 71 41
4 72 34
4 73 45
4 74 61
4 75 41
4 76 32
4 77 67
4 78 51
4 79 28
4 80 31
4 81 28
4 82 48
4 83 31
4 84 35
4 85 21
4 86 47
4 87 33
4 88 29
4 89 63
4 90 24
4 91 49
4 92 54
4 93 31
4 94 52
4 95 29
4 96 31
4 97 51
4 98 55
4 99 53
5 6 27
5 7 52
5 8 61
5 9 38
5 10 49
5 11 48
5 12 75
5 13 50
5 14 61
5 15 68
5 16 13
5 17 22
5 18 78
5 19 21
5 20 75
5 21 29
5 22 68
5 23 102
5 24 29
5 25 54
5 26 28
5 27 33
5 28 39
5 29 93
5 30 62
5 31 66
5 32 76
5 33 57
5 34 30
5 35 29
5 36 20
5 37 62
5 38 35
5 39 8
5 40 72
5 41 90
5 42 19
5 43 54
5 44 73
5 45 28
5 46 60
5 47 62
5 48 28
5 49 24
5 50 62
5 51 72
5 52 43
5 53 47
5 54 43
5 55 80
5 56 58
5 57 70
5 58 87
5 59 92
5 60 44
5 61 31
5 62 62
5 63 70
5 64 31
5 65 96
5 66 85
5 67 33
5 68 63
5 69 59
5 70 53
5 71 44
5 72 45
5 73 55
5 74 71
5 75 52
5 76 35
5 77 78
5 78 59
5 79 37
5 80 20
5 81 17
5 82 55
5 83 22
5 84 29
5 85 18
5 86 58
5 87 45
5 88 22
5 89 75
5 90 19
5 91 52
5 92 60
5 93 32
5 94 59
5 95 40
5 96 20
5 97 53
5 98 60
5 99 59
6 7 27
6 8 35
6 9 50
6 10 26
6 11 27
6 12 72
6 13 27
6 14 56
6 15 41
6 16 23
6 17 18
6 18 87
6 19 48
6 20 78
6 21 42
6 22 79
6 23 83
6 24 2
6 25 52
6 26 38
6 27 39
6 28 46
6 29 76
6 30 35
6 31 71
6 32 61
6 33 35
6 34 51
6 35 11
6 36 44
6 37 36
6 38 15
6 39 29
6 40 67
6 41 71
6 42 46
6 43 28
6 44 64
6 45 49
6 46 67
6 47 37
6 48 38
6 49 21
6 50 73
6 51 54
6 52 20
6 53 49
6 54 38
6 55 73
6 56 56
6 57 51
6 58 64
6 59 76
6 60 48
6 61 21
6 62 64
6 63 75
6 64 52
6 65 79
6 66 69
6 67 39
6 68 69
6 69 56
6 70 29
6 71 22
6 72 28
6 73 32
6 74 70
6 75 45
6 76 13
6 77 65
6 78 32
6 79 40
6 80 46
6 81 44
6 82 62
6 83 50
6 84 55
6 85 19
6 86 46
6 87 38
6 88 49
6 89 63
6 90 23
6 91 30
6 92 68
6 93 52
6 94 68
6 95 21
6 96 43
6 97 32
6 98 72
6 99 69
7 8 29
7 9 76
7 10 33
7 11 36
7 12 90
7 13 6
7 14 75
7 15 22
7 16 50
7 17 34
7 18 111
7 19 73
7 20 99
7 21 69
7 22 103
7 23 85
7 24 25
7 25 73
7 26 64
7 27 64
7 28 71
7 29 82
7 30 24
7 31 94
7 32 71
7 33 40
7 34 78
7 35 35
7 36 70
7 37 11
7 38 33
7 39 50
7 40 84
7 41 73
7 42 71
7 43 27
7 44 79
7 45 76
7 46 90
7 47 10
7 48 64
7 49 46
7 50 97
7 51 60
7 52 30
7 53 72
7 54 59
7 55 89
7 56 76
7 57 57
7 58 60
7 59 83
7 60 72
7 61 27
7 62 86
7 63 97
7 64 79
7 65 83
7 66 76
7 67 64
7 68 92
7 69 76
7 70 34
7 71 12
7 72 42
7 73 35
7 74 90
7 75 64
7 76 17
7 77 75
7 78 20
7 79 64
7 80 68
7 81 67
7 82 86
7 83 74
7 84 80
7 85 37
7 86 61
7 87 58
7 88 74
7 89 76
7 90 39
7 91 10
7 92 92
7 93 78
7 94 92
7 95 37
7 96 63
7 97 13
7 98 97
7 99 94
8 9 70
8 10 15
8 11 18
8 12 69
8 13 35
8 14 56
8 15 17
8 16 53
8 17 51
8 18 97
8 19 79
8 20 81
8 21 65
8 22 91
8 23 56
8 24 33
8 25 56
8 26 60
8 27 57
8 28 63
8 29 53
8 30 7
8 31 79
8 32 44
8 33 15
8 34 78
8 35 33
8 36 73
8 37 28
8 38 27
8 39 63
8 40 62
8 41 44
8 42 78
8 43 7
8 44 55
8 45 76
8 46 77
8 47 30
8 48 59
8 49 44
8 50 86
8 51 33
8 52 19
8 53 59
8 54 45
8 55 66
8 56 59
8 57 30
8 58 32
8 59 55
8 60 61
8 61 50
8 62 70
8 63 82
8 64 79
8 65 54
8 66 48
8 67 57
8 68 78
8 69 59
8 70 13
8 71 38
8 72 26
8 73 12
8 74 71
8 75 47
8 76 35
8 77 49
8 78 9
8 79 54
8 80 80
8 81 78
8 82 74
8 83 83
8 84 86
8 85 53
8 86 39
8 87 43
8 88 81
8 89 52
8 90 56
8 91 38
8 92 80
8 93 77
8 94 80
8 95 26
8 96 78
8 97 42
8 98 87
8 99 82
9 10 55
9 11 51
9 12 44
9 13 77
9 14 35
9 15 84
9 16 30
9 17 57
9 18 40
9 19 32
9 20 39
9 21 10
9 22 30
9 23 88
9 24 52
9 25 27
9 26 12
9 27 12
9 28 8
9 29 76
9 30 74
9 31 28
9 32 60
9 33 58
9 34 18
9 35 42
9 36 24
9 37 85
9 38 45
9 39 47
9 40 45
9 41 78
9 42 34
9 43 63
9 44 49
9 45 18
9 46 22
9 47 86
9 48 13
9 49 30
9 50 24
9 51 62
9 52 52
9 53 19
9 54 27
9 55 52
9 56 29
9 57 61
9 58 84
9 59 74
9 60 14
9 61 66
9 62 27
9 63 33
9 64 19
9 65 81
9 66 69
9 67 13
9 68 26
9 69 30
9 70 57
9 71 72
9 72 44
9 73 59
9 74 38
9 75 32
9 76 63
9 77 59
9 78 72
9 79 16
9 80 48
9 81 45
9 82 17
9 83 41
9 84 34
9 85 53
9 86 43
9 87 30
9 88 35
9 89 53
9 90 56
9 91 80
9 92 22
9 93 15
9 94 21
9 95 44
9 96 53
9 97 83
9 98 22
9 99 21
10 11 4
10 12 58
10 13 37
10 14 43
10 15 30
10 16 39
10 17 44
10 18 83
10 19 66
10 20 69
10 21 50
10 22 77
10 23 58
10 24 24
10 25 43
10 26 45
10 27 42
10 28 48
10 29 52
10 30 20
10 31 65
10 32 39
10 33 9
10 34 63
10 35 20
10 36 59
10 37 36
10 38 13
10 39 53
10 40 51
10 41 45
10 42 64
10 43 9
10 44 46
10 45 62
10 46 63
10 47 38
10 48 44
10 49 29
10 50 72
10 51 29
10 52 6
10 53 44
10 54 31
10 55 56
10 56 46
10 57 27
10 58 39
10 59 53
10 60 46
10 61 45
10 62 56
10 63 68
10 64 64
10 65 54
10 66 45
10 67 42
10 68 64
10 69 46
10 70 4
10 71 38
10 72 11
10 73 7
10 74 59
10 75 34
10 76 31
10 77 43
10 78 19
10 79 39
10 80 68
10 81 66
10 82 60
10 83 70
10 84 72
10 85 44
10 86 28
10 87 29
10 88 67
10 89 44
10 90 48
10 91 41
10 92 65
10 93 62
10 94 66
10 95 11
10 96 67
10 97 45
10 98 72
10 99 68
11 12 54
11 13 40
11 14 39
11 15 34
11 16 38
11 17 45
11 18 79
11 19 64
11 20 65
11 21 47
11 22 73
11 23 57
11 24 25
11 25 39
11 26 42
11 27 39
11 28 44
11 29 50
11 30 24
11 31 61
11 32 36
11 33 9
11 34 61
11 35 19
11 36 57
11 37 40
11 38 13
11 39 53
11 40 47
11 41 44
11 42 63
11 43 13
11 44 42
11 45 59
11 46 59
11 47 42
11 48 41
11 49 27
11 50 68
11 51 27
11 52 7
11 53 40
11 54 27
11 55 52
11 56 42
11 57 25
11 58 39
11 59 50
11 60 42
11 61 47
11 62 52
11 63 64
11 64 62
11 65 52
11 66 43
11 67 39
11 68 60
11 69 42
11 70 6
11 71 41
11 72 7
11 73 8
11 74 55
11 75 30
11 76 34
11 77 40
11 78 23
11 79 36
11 80 68
11 81 65
11 82 56
11 83 69
11 84 70
11 85 45
11 86 25
11 87 25
11 88 66
11 89 40
11 90 49
11 91 44
11 92 61
11 93 60
11 94 62
11 95 9
11 96 67
11 97 48
11 98 69
11 99 64
12 13 94
12 14 16
12 15 87
12 16 63
12 17 87
12 18 37
12 19 76
12 20 17
12 21 51
12 22 37
12 23 55
12 24 72
12 25 21
12 26 49
12 27 43
12 28 39
12 29 43
12 30 76
12 31 23
12 32 32
12 33 54
12 34 62
12 35 61
12 36 68
12 37 95
12 38 58
12 39 83
12 40 8
12 41 50
12 42 77
12 43 66
12 44 16
12 45 62
12 46 27
12 47 96
12 48 48
12 49 55
12 50 36
12 51 42
12 52 60
12 53 28
12 54 34
12 55 10
12 56 18
12 57 44
12 58 64
12 59 39
12 60 32
12 61 93
12 62 17
12 63 22
12 64 63
12 65 48
12 66 38
12 67 42
12 68 24
12 69 17
12 70 58
12 71 92
12 72 48
12 73 58
12 74 7
12 75 27
12 76 83
12 77 29
12 78 76
12 79 38
12 80 90
12 81 87
12 82 30
12 83 84
12 84 78
12 85 84
12 86 30
12 87 34
12 88 78
12 89 22
12 90 88
12 91 98
12 92 30
12 93 59
12 94 32
12 95 53
12 96 94
12 97 101
12 98 40
12 99 35
13 14 78
13 15 27
13 16 49
13 17 30
13 18 113
13 19 72
13 20 102
13 21 69
13 22 105
13 23 91
13 24 25
13 25 76
13 26 65
13 27 66
13 28 73
13 29 87
13 30 30
13 31 96
13 32 76
13 33 45
13 34 78
13 35 36
13 36 69
13 37 15
13 38 36
13 39 48
13 40 87
13 41 79
13 42 69
13 43 32
13 44 83
13 45 75
13 46 92
13 47 14
13 48 64
13 49 47
13 50 99
13 51 65
13 52 34
13 53 74
13 54 62
13 55 93
13 56 79
13 57 63
13 58 66
13 59 88
13 60 74
13 61 23
13 62 88
13 63 100
13 64 78
13 65 88
13 66 81
13 67 66
13 68 94
13 69 80
13 70 39
13 71 7
13 72 46
13 73 40
13 74 93
13 75 67
13 76 15
13 77 80
13 78 26
13 79 65
13 80 65
13 81 64
13 82 88
13 83 72
13 84 79
13 85 34
13 86 65
13 87 61
13 88 72
13 89 81
13 90 36
13 91 4
13 92 94
13 93 78
13 94 94
13 95 40
13 96 60
13 97 8
13 98 98
13 99 95
14 15 73
14 16 48
14 17 72
14 18 43
14 19 65
14 20 26
14 21 39
14 22 40
14 23 54
14 24 56
14 25 8
14 26 36
14 27 30
14 28 28
14 29 42
14 30 62
14 31 26
14 32 27
14 33 40
14 34 52
14 35 45
14 36 56
14 37 80
14 38 43
14 39 69
14 40 11
14 41 46
14 42 65
14 43 52
14 44 14
14 45 52
14 46 27
14 47 81
14 48 36
14 49 40
14 50 37
14 51 33
14 52 44
14 53 17
14 54 19
14 55 18
14 56 6
14 57 34
14 58 56
14 59 39
14 60 21
14 61 77
14 62 16
14 63 28
14 64 53
14 65 47
14 66 35
14 67 30
14 68 25
14 69 6
14 70 44
14 71 77
14 72 33
14 73 44
14 74 15
14 75 11
14 76 68
14 77 25
14 78 62
14 79 25
14 80 77
14 81 74
14 82 26
14 83 72
14 84 68
14 85 69
14 86 17
14 87 19
14 88 67
14 89 18
14 90 73
14 91 82
14 92 29
14 93 50
14 94 31
14 95 38
14 96 80
14 97 86
14 98 40
14 99 34
15 16 62
15 17 53
15 18 113
15 19 88
15 20 98
15 21 78
15 22 107
15 23 69
15 24 39
15 25 73
15 26 73
15 27 71
15 28 77
15 29 68
15 30 11
15 31 95
15 32 61
15 33 32
15 34 90
15 35 44
15 36 83
15 37 15
15 38 39
15 39 68
15 40 79
15 41 58
15 42 86
15 43 21
15 44 73
15 45 88
15 46 93
15 47 17
15 48 72
15 49 55
15 50 102
15 51 49
15 52 32
15 53 75
15 54 61
15 55 83
15 56 75
15 57 47
15 58 42
15 59 70
15 60 76
15 61 48
15 62 86
15 63 99
15 64 90
15 65 68
15 66 64
15 67 71
15 68 94
15 69 76
15 70 29
15 71 33
15 72 42
15 73 29
15 74 88
15 75 64
15 76 35
15 77 66
15 78 11
15 79 69
15 80 86
15 81 85
15 82 90
15 83 90
15 84 95
15 85 56
15 86 57
15 87 59
15 88 90
15 89 69
15 90 59
15 91 30
15 92 96
15 93 89
15 94 96
15 95 40
15 96 82
15 97 33
15 98 102
15 99 98
16 17 28
16 18 69
16 19 27
16 20 64
16 21 21
16 22 60
16 23 90
16 24 25
16 25 42
16 26 18
16 27 21
16 28 28
16 29 80
16 30 55
16 31 55
16 32 63
16 33 46
16 34 28
16 35 19
16 36 21
16 37 60
16 38 26
16 39 21
16 40 60
16 41 77
16 42 25
16 43 45
16 44 60
16 45 26
16 46 50
16 47 60
16 48 18
16 49 11
16 50 54
16 51 60
16 52 34
16 53 35
16 54 30
16 55 67
16 56 45
16 57 58
16 58 76
16 59 79
16 60 33
16 61 36
16 62 50
16 63 59
16 64 29
16 65 84
16 66 72
16 67 22
16 68 53
16 69 46
16 70 43
16 71 44
16 72 34
16 73 45
16 74 59
16 75 39
16 76 34
16 77 65
16 78 52
16 79 25
16 80 31
16 81 29
16 82 45
16 83 31
16 84 34
16 85 24
16 86 45
16 87 32
16 88 29
16 89 61
16 90 27
16 91 52
16 92 51
16 93 28
16 94 49
16 95 29
16 96 33
16 97 54
16 98 52
16 99 50
17 18 97
17 19 43
17 20 90
17 21 48
17 22 88
17 23 102
17 24 20
17 25 66
17 26 46
17 27 49
17 28 56
17 29 95
17 30 50
17 31 82
17 32 80
17 33 53
17 34 53
17 35 28
17 36 42
17 37 44
17 38 33
17 39 18
17 40 83
17 41 89
17 42 40
17 43 46
17 44 81
17 45 50
17 46 77
17 47 44
17 48 45
17 49 33
17 50 81
17 51 72
17 52 38
17 53 61
17 54 53
17 55 89
17 56 70
17 57 70
17 58 82
17 59 95
17 60 59
17 61 9
17 62 76
17 63 86
17 64 53
17 65 97
17 66 87
17 67 49
17 68 80
17 69 71
17 70 47
17 71 23
17 72 46
17 73 50
17 74 84
17 75 61
17 76 18
17 77 83
17 78 46
17 79 51
17 80 35
17 81 34
17 82 72
17 83 42
17 84 50
17 85 5
17 86 64
17 87 53
17 88 44
17 89 81
17 90 6
17 91 31
17 92 78
17 93 54
17 94 77
17 95 39
17 96 29
17 97 32
17 98 79
17 99 78
18 19 68
18 20 20
18 21 49
18 22 10
18 23 92
18 24 88
18 25 41
18 26 51
18 27 48
18 28 41
18 29 80
18 30 103
18 31 18
18 32 68
18 33 82
18 34 52
18 35 77
18 36 62
18 37 118
18 38 78
18 39 86
18 40 43
18 41 86
18 42 70
18 43 92
18 44 52
18 45 53
18 46 21
18 47 119
18 48 51
18 49 66
18 50 16
18 51 76
18 52 82
18 53 39
18 54 53
18 55 46
18 56 39
18 57 77
18 58 99
18 59 76
18 60 39
18 61 104
18 62 27
18 63 16
18 64 52
18 65 84
18 66 74
18 67 48
18 68 19
18 69 39
18 70 84
18 71 109
18 72 72
18 73 85
18 74 31
18 75 50
18 76 100
18 77 65
18 78 102
18 79 48
18 80 85
18 81 82
18 82 25
18 83 76
18 84 67
18 85 92
18 86 60
18 87 54
18 88 70
18 89 58
18 90 95
18 91 116
18 92 19
18 93 49
18 94 20
18 95 75
18 96 92
18 97 119
18 98 19
18 99 19
19 20 71
19 21 25
19 22 58
19 23 113
19 24 50
19 25 57
19 26 28
19 27 34
19 28 37
19 29 102
19 30 81
19 31 60
19 32 85
19 33 72
19 34 16
19 35 46
19 36 8
19 37 84
19 38 52
19 39 26
19 40 75
19 41 101
19 42 3
19 43 72
19 44 78
19 45 15
19 46 54
19 47 84
19 48 29
19 49 37
19 50 53
19 51 84
19 52 61
19 53 48
19 54 50
19 55 82
19 56 60
19 57 82
19 58 102
19 59 101
19 60 44
19 61 52
19 62 59
19 63 64
19 64 16
19 65 106
19 66 95
19 67 35
19 68 58
19 69 60
19 70 69
19 71 65
19 72 59
19 73 72
19 74 70
19 75 58
19 76 57
19 77 86
19 78 78
19 79 40
19 80 17
19 81 15
19 82 49
19 83 8
19 84 7
19 85 39
19 86 67
19 87 52
19 88 2
19 89 81
19 90 39
19 91 73
19 92 53
19 93 19
19 94 52
19 95 55
19 96 25
19 97 75
19 98 49
19 99 50
20 21 47
20 22 22
20 23 72
20 24 78
20 25 26
20 26 47
20 27 42
20 28 36
20 29 60
20 30 88
20 31 11
20 32 48
20 33 66
20 34 55
20 35 66
20 36 63
20 37 105
20 38 66
20 39 83
20 40 24
20 41 67
20 42 72
20 43 77
20 44 32
20 45 56
20 46 17
20 47 106
20 48 47
20 49 58
20 50 23
20 51 58
20 52 69
20 53 29
20 54 40
20 55 26
20 56 23
20 57 58
20 58 80
20 59 56
20 60 31
20 61 97
20 62 14
20 63 8
20 64 56
20 65 64
20 66 54
20 67 42
20 68 13
20 69 23
20 70 69
20 71 99
20 72 58
20 73 70
20 74 11
20 75 35
20 76 90
20 77 45
20 78 88
20 79 39
20 80 86
20 81 83
20 82 22
20 83 79
20 84 72
20 85 87
20 86 42
20 87 41
20 88 73
20 89 38
20 90 90
20 91 105
20 92 18
20 93 52
20 94 20
20 95 62
20 96 92
20 97 109
20 98 27
20 99 23
21 22 40
21 23 90
21 24 44
21 25 31
21 26 5
21 27 10
21 28 12
21 29 78
21 30 69
21 31 37
21 32 62
21 33 54
21 34 14
21 35 35
21 36 17
21 37 78
21 38 39
21 39 37
21 40 50
21 41 79
21 42 26
21 43 58
21 44 53
21 45 13
21 46 31
21 47 78
21 48 6
21 49 23
21 50 34
21 51 62
21 52 46
21 53 23
21 54 27
21 55 57
21 56 34
21 57 61
21 58 82
21 59 76
21 60 19
21 61 56
21 62 35
21 63 41
21 64 15
21 65 83
21 66 71
21 67 11
21 68 35
21 69 35
21 70 53
21 71 64
21 72 41
21 73 55
21 74 45
21 75 34
21 76 54
21 77 62
21 78 67
21 79 16
21 80 39
21 81 37
21 82 26
21 83 33
21 84 29
21 85 44
21 86 44
21 87 29
21 88 28
21 89 56
21 90 46
21 91 72
21 92 32
21 93 13
21 94 30
21 95 39
21 96 45
21 97 74
21 98 31
21 99 30
22 23 92
22 24 80
22 25 36
22 26 42
22 27 40
22 28 33
22 29 80
22 30 97
22 31 15
22 32 66
22 33 77
22 34 42
22 35 69
22 36 52
22 37 111
22 38 71
22 39 77
22 40 43
22 41 85
22 42 61
22 43 86
22 44 51
22 45 44
22 46 14
22 47 112
22 48 42
22 49 58
22 50 6
22 51 73
22 52 76
22 53 33
22 54 46
22 55 47
22 56 35
22 57 74
22 58 96
22 59 76
22 60 32
22 61 96
22 62 24
22 63 15
22 64 43
22 65 84
22 66 74
22 67 40
22 68 15
22 69 35
22 70 79
22 71 101
22 72 66
22 73 80
22 74 30
22 75 45
22 76 91
22 77 64
22 78 96
22 79 40
22 80 75
22 81 73
22 82 17
22 83 66
22 84 58
22 85 83
22 86 56
22 87 48
22 88 60
22 89 57
22 90 86
22 91 108
22 92 12
22 93 40
22 94 12
22 95 68
22 96 82
22 97 111
22 98 9
22 99 10
23 24 82
23 25 62
23 26 85
23 27 80
23 28 80
23 29 12
23 30 62
23 31 77
23 32 28
23 33 49
23 34 104
23 35 75
23 36 105
23 37 83
23 38 69
23 39 108
23 40 49
23 41 13
23 42 112
23 43 59
23 44 41
23 45 103
23 46 80
23 47 85
23 48 85
23 49 79
23 50 90
23 51 30
23 52 63
23 53 70
23 54 63
23 55 46
23 56 61
23 57 32
23 58 27
23 59 16
23 60 74
23 61 103
23 62 69
23 63 77
23 64 105
23 65 8
23 66 19
23 67 79
23 68 77
23 69 60
23 70 55
23 71 93
23 72 57
23 73 52
23 74 62
23 75 56
23 76 89
23 77 29
23 78 65
23 79 74
23 80 121
23 81 118
23 82 81
23 83 119
23 84 118
23 85 101
23 86 46
23 87 61
23 88 115
23 89 36
23 90 105
23 91 94
23 92 83
23 93 102
23 94 84
23 95 63
23 96 122
23 97 98
23 98 93
23 99 88
24 25 53
24 26 39
24 27 40
24 28 47
24 29 75
24 30 33
24 31 72
24 32 61
24 33 33
24 34 53
24 35 12
24 36 45
24 37 35
24 38 15
24 39 31
24 40 67
24 41 69
24 42 48
24 43 26
24 44 64
24 45 51
24 46 67
24 47 35
24 48 39
24 49 22
24 50 74
24 51 53
24 52 19
24 53 50
24 54 38
24 55 73
24 56 56
24 57 50
24 58 62
24 59 75
24 60 49
24 61 22
24 62 64
24 63 76
24 64 54
24 65 78
24 66 68
24 67 40
24 68 70
24 69 57
24 70 28
24 71 21
24 72 27
24 73 30
24 74 70
24 75 45
24 76 12
24 77 64
24 78 29
24 79 40
24 80 48
24 81 46
24 82 63
24 83 52
24 84 57
24 85 20
24 86 46
24 87 38
24 88 51
24 89 63
24 90 24
24 91 28
24 92 69
24 93 53
24 94 69
24 95 20
24 96 45
24 97 31
24 98 73
24 99 70
25 26 29
25 27 23
25 28 20
25 29 50
25 30 63
25 31 22
25 32 34
25 33 42
25 34 44
25 35 41
25 36 48
25 37 79
25 38 40
25 39 62
25 40 19
25 41 52
25 42 57
25 43 52
25 44 22
25 45 44
25 46 22
25 47 80
25 48 28
25 49 34
25 50 32
25 51 38
25 52 43
25 53 9
25 54 14
25 55 26
25 56 3
25 57 38
25 58 61
25 59 47
25 60 13
25 61 73
25 62 13
25 63 25
25 64 45
25 65 54
25 66 42
25 67 22
25 68 21
25 69 4
25 70 44
25 71 73
25 72 32
25 73 45
25 74 18
25 75 10
25 76 64
25 77 33
25 78 62
25 79 17
25 80 69
25 81 67
25 82 20
25 83 65
25 84 60
25 85 63
25 86 20
25 87 15
25 88 59
25 89 26
25 90 67
25 91 79
25 92 24
25 93 42
25 94 25
25 95 36
25 96 73
25 97 83
25 98 34
25 99 28
26 27 6
26 28 11
26 29 74
26 30 64
26 31 38
26 32 57
26 33 49
26 34 19
26 35 30
26 36 20
26 37 73
26 38 34
26 39 36
26 40 47
26 41 74
26 42 29
26 43 53
26 44 50
26 45 18
26 46 32
26 47 74
26 48 1
26 49 18
26 50 36
26 51 57
26 52 41
26 53 21
26 54 22
26 55 54
26 56 32
26 57 56
26 58 77
26 59 72
26 60 17
26 61 54
26 62 34
26 63 42
26 64 20
26 65 78
26 66 67
26 67 7
26 68 35
26 69 33
26 70 48
26 71 60
26 72 36
26 73 50
26 74 43
26 75 30
26 76 50
26 77 58
26 78 62
26 79 12
26 80 41
26 81 38
26 82 27
26 83 36
26 84 33
26 85 41
26 86 39
26 87 24
26 88 31
26 89 53
26 90 44
26 91 68
26 92 33
26 93 18
26 94 32
26 95 34
26 96 45
26 97 70
26 98 34
26 99 32
27 28 7
27 29 69
27 30 62
27 31 34
27 32 52
27 33 46
27 34 24
27 35 30
27 36 26
27 37 73
27 38 33
27 39 41
27 40 41
27 41 69
27 42 35
27 43 51
27 44 44
27 45 23
27 46 28
27 47 74
27 48 6
27 49 18
27 50 34
27 51 52
27 52 39
27 53 15
27 54 17
27 55 48
27 56 26
27 57 51
27 58 73
27 59 67
27 60 11
27 61 56
27 62 29
27 63 38
27 64 25
27 65 73
27 66 61
27 67 1
27 68 31
27 69 27
27 70 45
27 71 61
27 72 32
27 73 47
27 74 38
27 75 24
27 76 52
27 77 52
27 78 60
27 79 6
27 80 47
27 81 44
27 82 23
27 83 42
27 84 39
27 85 45
27 86 34
27 87 19
27 88 37
27 89 47
27 90 48
27 91 69
27 92 30
27 93 22
27 94 29
27 95 32
27 96 51
27 97 72
27 98 33
27 99 30
28 29 68
28 30 68
28 31 27
28 32 52
28 33 50
28 34 24
28 35 37
28 36 29
28 37 79
28 38 39
28 39 47
28 40 38
28 41 70
28 42 38
28 43 56
28 44 42
28 45 24
28 46 21
28 47 80
28 48 11
28 49 25
28 50 26
28 51 54
28 52 45
28 53 11
28 54 19
28 55 45
28 56 22
28 57 53
28 58 76
28 59 66
28 60 7
28 61 63
28 62 23
28 63 31
28 64 25
28 65 73
28 66 61
28 67 7
28 68 25
28 69 23
28 70 50
28 71 69
28 72 37
28 73 52
28 74 33
28 75 24
28 76 59
28 77 52
28 78 66
28 79 9
28 80 51
28 81 48
28 82 16
28 83 45
28 84 40
28 85 52
28 86 35
28 87 22
28 88 40
28 89 46
28 90 55
28 91 76
28 92 22
28 93 22
28 94 22
28 95 37
28 96 56
28 97 79
28 98 26
28 99 23
29 30 59
29 31 65
29 32 17
29 33 43
29 34 92
29 35 67
29 36 94
29 37 81
29 38 61
29 39 99
29 40 37
29 41 11
29 42 102
29 43 55
29 44 29
29 45 92
29 46 68
29 47 83
29 48 74
29 49 69
29 50 78
29 51 23
29 52 57
29 53 58
29 54 52
29 55 34
29 56 48
29 57 25
29 58 30
29 59 4
29 60 62
29 61 97
29 62 57
29 63 65
29 64 93
29 65 5
29 66 8
29 67 68
29 68 65
29 69 48
29 70 49
29 71 89
29 72 49
29 73 47
29 74 49
29 75 45
29 76 83
29 77 17
29 78 62
29 79 63
29 80 111
29 81 109
29 82 68
29 83 109
29 84 107
29 85 94
29 86 35
29 87 50
29 88 105
29 89 24
29 90 98
29 91 91
29 92 70
29 93 90
29 94 72
29 95 56
29 96 113
29 97 95
29 98 81
29 99 75
30 31 85
30 32 51
30 33 22
30 34 81
30 35 36
30 36 76
30 37 22
30 38 30
30 39 64
30 40 69
30 41 50
30 42 80
30 43 11
30 44 62
30 45 80
30 46 83
30 47 24
30 48 63
30 49 47
30 50 92
30 51 39
30 52 23
30 53 64
30 54 51
30 55 72
30 56 65
30 57 37
30 58 36
30 59 61
30 60 66
30 61 47
30 62 76
30 63 88
30 64 82
30 65 60
30 66 55
30 67 62
30 68 84
30 69 65
30 70 19
30 71 34
30 72 31
30 73 18
30 74 77
30 75 53
30 76 33
30 77 56
30 78 4
30 79 59
30 80 81
30 81 79
30 82 80
30 83 84
30 84 88
30 85 52
30 86 46
30 87 49
30 88 83
30 89 58
30 90 56
30 91 33
30 92 85
30 93 81
30 94 86
30 95 30
30 96 78
30 97 37
30 98 92
30 99 88
31 32 51
31 33 64
31 34 45
31 35 60
31 36 53
31 37 100
31 38 61
31 39 74
31 40 28
31 41 70
31 42 62
31 43 74
31 44 36
31 45 45
31 46 6
31 47 102
31 48 38
31 49 51
31 50 14
31 51 59
31 52 65
31 53 22
31 54 35
31 55 32
31 56 21
31 57 59
31 58 82
31 59 61
31 60 23
31 61 90
31 62 9
31 63 4
31 64 45
31 65 69
31 66 59
31 67 33
31 68 2
31 69 21
31 70 66
31 71 93
31 72 54
31 73 67
31 74 16
31 75 32
31 76 83
31 77 49
31 78 84
31 79 31
31 80 76
31 81 73
31 82 11
31 83 69
31 84 61
31 85 78
31 86 42
31 87 37
31 88 62
31 89 42
31 90 82
31 91 100
31 92 8
31 93 42
31 94 10
31 95 57
31 96 82
31 97 103
31 98 18
31 99 13
32 33 31
32 34 76
32 35 52
32 36 77
32 37 72
32 38 46
32 39 83
32 40 25
32 41 19
32 42 85
32 43 44
32 44 16
32 45 75
32 46 53
32 47 74
32 48 57
32 49 53
32 50 63
32 51 12
32 52 43
32 53 41
32 54 35
32 55 25
32 56 33
32 57 14
32 58 32
32 59 16
32 60 46
32 61 82
32 62 43
32 63 52
32 64 77
32 65 21
32 66 9
32 67 51
32 68 51
32 69 33
32 70 37
32 71 77
32 72 34
32 73 35
32 74 37
32 75 28
32 76 70
32 77 5
32 78 53
32 79 46
32 80 95
32 81 92
32 82 53
32 83 92
32 84 90
32 85 78
32 86 18
32 87 33
32 88 88
32 89 10
32 90 83
32 91 80
32 92 56
32 93 73
32 94 57
32 95 40
32 96 96
32 97 83
32 98 66
32 99 61
33 34 68
33 35 28
33 36 65
33 37 42
33 38 21
33 39 61
33 40 47
33 41 36
33 42 71
33 43 13
33 44 40
33 45 67
33 46 63
33 47 44
33 48 48
33 49 35
33 50 72
33 51 21
33 52 15
33 53 45
33 54 32
33 55 51
33 56 44
33 57 18
33 58 31
33 59 44
33 60 47
33 61 54
33 62 55
33 63 67
33 64 69
33 65 45
33 66 37
33 67 45
33 68 63
33 69 44
33 70 6
33 71 46
33 72 14
33 73 4
33 74 56
33 75 32
33 76 40
33 77 35
33 78 23
33 79 41
33 80 76
33 81 74
33 82 60
33 83 77
33 84 79
33 85 53
33 86 24
33 87 29
33 88 74
33 89 37
33 90 57
33 91 49
33 92 65
33 93 67
33 94 66
33 95 17
33 96 75
33 97 52
33 98 73
33 99 68
34 35 46
34 36 11
34 37 88
34 38 51
34 39 38
34 40 62
34 41 93
34 42 18
34 43 71
34 44 66
34 45 2
34 46 38
34 47 88
34 48 20
34 49 34
34 50 36
34 51 76
34 52 59
34 53 36
34 54 41
34 55 69
34 56 47
34 57 75
34 58 97
34 59 90
34 60 31
34 61 62
34 62 45
34 63 48
34 64 1
34 65 97
34 66 85
34 67 25
34 68 42
34 69 47
34 70 66
34 71 72
34 72 55
34 73 69
34 74 55
34 75 48
34 76 63
34 77 76
34 78 79
34 79 30
34 80 33
34 81 31
34 82 33
34 83 24
34 84 17
34 85 48
34 86 58
34 87 43
34 88 18
34 89 70
34 90 49
34 91 80
34 92 37
34 93 3
34 94 36
34 95 52
34 96 40
34 97 82
34 98 33
34 99 34
35 36 40
35 37 43
35 38 7
35 39 33
35 40 55
35 41 63
35 42 44
35 43 26
35 44 53
35 45 44
35 46 56
35 47 44
35 48 29
35 49 12
35 50 63
35 51 45
35 52 15
35 53 38
35 54 27
35 55 62
35 56 44
35 57 43
35 58 58
35 59 67
35 60 38
35 61 32
35 62 53
35 63 64
35 64 47
35 65 70
35 66 60
35 67 30
35 68 58
35 69 45
35 70 24
35 71 33
35 72 18
35 73 27
35 74 59
35 75 34
35 76 23
35 77 54
35 78 33
35 79 29
35 80 48
35 81 46
35 82 52
35 83 50
35 84 53
35 85 27
35 86 36
35 87 26
35 88 48
35 89 53
35 90 31
35 91 39
35 92 58
35 93 46
35 94 58
35 95 12
35 96 47
35 97 43
35 98 62
35 99 59
36 37 80
36 38 46
36 39 27
36 40 67
36 41 93
36 42 9
36 43 66
36 44 70
36 45 9
36 46 46
36 47 80
36 48 21
36 49 30
36 50 46
36 51 76
36 52 54
36 53 40
36 54 42
36 55 74
36 56 51
36 57 74
36 58 95
36 59 92
36 60 36
36 61 52
36 62 51
36 63 57
36 64 11
36 65 98
36 66 86
36 67 27
36 68 51
36 69 52
36 70 63
36 71 63
36 72 52
36 73 65
36 74 62
36 75 50
36 76 54
36 77 78
36 78 73
36 79 32
36 80 23
36 81 21
36 82 41
36 83 16
36 84 14
36 85 38
36 86 59
36 87 44
36 88 11
36 89 73
36 90 39
36 91 71
36 92 46
36 93 13
36 94 44
36 95 48
36 96 30
36 97 73
36 98 43
36 99 44
37 38 40
37 39 61
37 40 88
37 41 72
37 42 81
37 43 29
37 44 82
37 45 86
37 46 97
37 47 2
37 48 72
37 49 55
37 50 105
37 51 61
37 52 36
37 53 79
37 54 65
37 55 92
37 56 82
37 57 58
37 58 57
37 59 83
37 60 79
37 61 38
37 62 92
37 63 104
37 64 88
37 65 82
37 66 76
37 67 72
37 68 99
37 69 82
37 70 37
37 71 22
37 72 47
37 73 37
37 74 95
37 75 70
37 76 27
37 77 77
37 78 19
37 79 71
37 80 79
37 81 78
37 82 94
37 83 85
37 84 91
37 85 48
37 86 65
37 87 64
37 88 85
37 89 79
37 90 50
37 91 17
37 92 100
37 93 88
37 94 99
37 95 43
37 96 74
37 97 19
37 98 105
37 99 101
38 39 40
38 40 53
38 41 56
38 42 51
38 43 20
38 44 49
38 45 49
38 46 57
38 47 42
38 48 33
38 49 17
38 50 65
38 51 39
38 52 8
38 53 38
38 54 26
38 55 59
38 56 43
38 57 37
38 58 52
38 59 61
38 60 39
38 61 36
38 62 52
38 63 64
38 64 52
38 65 64
38 66 54
38 67 32
38 68 59
38 69 44
38 70 17
38 71 34
38 72 13
38 73 20
38 74 57
38 75 32
38 76 25
38 77 49
38 78 28
38 79 31
38 80 55
38 81 53
38 82 53
38 83 57
38 84 59
38 85 33
38 86 31
38 87 25
38 88 54
38 89 48
38 90 37
38 91 40
38 92 59
38 93 51
38 94 59
38 95 6
38 96 54
38 97 43
38 98 65
38 99 61
39 40 80
39 41 95
39 42 23
39 43 57
39 44 81
39 45 36
39 46 68
39 47 61
39 48 36
39 49 31
39 50 70
39 51 78
39 52 47
39 53 56
39 54 51
39 55 87
39 56 66
39 57 76
39 58 91
39 59 98
39 60 53
39 61 27
39 62 70
39 63 78
39 64 38
39 65 102
39 66 92
39 67 42
39 68 72
39 69 67
39 70 56
39 71 41
39 72 51
39 73 59
39 74 79
39 75 60
39 76 34
39 77 85
39 78 60
39 79 45
39 80 18
39 81 17
39 82 63
39 83 24
39 84 33
39 85 14
39 86 65
39 87 52
39 88 26
39 89 82
39 90 13
39 91 49
39 92 69
39 93 39
39 94 67
39 95 45
39 96 14
39 97 50
39 98 68
39 99 67
40 41 43
40 42 76
40 43 59
40 44 9
40 45 62
40 46 31
40 47 89
40 48 47
40 49 51
40 50 41
40 51 35
40 52 53
40 53 27
40 54 30
40 55 7
40 56 16
40 57 36
40 58 57
40 59 33
40 60 31
40 61 88
40 62 21
40 63 28
40 64 63
40 65 41
40 66 31
40 67 41
40 68 28
40 69 15
40 70 51
40 71 86
40 72 42
40 73 51
40 74 13
40 75 22
40 76 78
40 77 21
40 78 69
40 79 36
40 80 88
40 81 85
40 82 33
40 83 83
40 84 78
40 85 80
40 86 23
40 87 29
40 88 78
40 89 14
40 90 84
40 91 91
40 92 34
40 93 60
40 94 36
40 95 47
40 96 92
40 97 95
40 98 45
40 99 39
41 42 101
41 43 47
41 44 34
41 45 92
41 46 72
41 47 74
41 48 73
41 49 66
41 50 82
41 51 18
41 52 51
41 53 60
41 54 52
41 55 41
41 56 52
41 57 20
41 58 19
41 59 15
41 60 64
41 61 90
41 62 61
41 63 71
41 64 94
41 65 10
41 66 12
41 67 68
41 68 70
41 69 51
41 70 42
41 71 81
41 72 45
41 73 40
41 74 56
41 75 46
41 76 76
41 77 22
41 78 53
41 79 63
41 80 109
41 81 106
41 82 72
41 83 108
41 84 107
41 85 89
41 86 35
41 87 50
41 88 104
41 89 29
41 90 93
41 91 82
41 92 75
41 93 91
41 94 76
41 95 51
41 96 109
41 97 86
41 98 85
41 99 80
42 43 70
42 44 79
42 45 17
42 46 56
42 47 81
42 48 29
42 49 35
42 50 55
42 51 83
42 52 59
42 53 49
42 54 50
42 55 83
42 56 60
42 57 82
42 58 101
42 59 101
42 60 45
42 61 49
42 62 61
42 63 66
42 64 18
42 65 106
42 66 94
42 67 35
42 68 60
42 69 61
42 70 68
42 71 62
42 72 58
42 73 70
42 74 71
42 75 58
42 76 54
42 77 86
42 78 76
42 79 41
42 80 15
42 81 12
42 82 51
42 83 7
42 84 10
42 85 36
42 86 67
42 87 52
42 88 4
42 89 81
42 90 36
42 91 70
42 92 55
42 93 21
42 94 53
42 95 54
42 96 22
42 97 72
42 98 51
42 99 52
43 44 53
43 45 69
43 46 72
43 47 31
43 48 52
43 49 37
43 50 81
43 51 33
43 52 12
43 53 53
43 54 40
43 55 63
43 56 54
43 57 30
43 58 36
43 59 56
43 60 55
43 61 45
43 62 65
43 63 77
43 64 72
43 65 56
43 66 49
43 67 50
43 68 72
43 69 54
43 70 8
43 71 35
43 72 20
43 73 8
43 74 67
43 75 42
43 76 30
43 77 48
43 78 10
43 79 48
43 80 73
43 81 71
43 82 69
43 83 76
43 84 79
43 85 47
43 86 36
43 87 38
43 88 74
43 89 50
43 90 50
43 91 36
43 92 74
43 93 70
43 94 74
43 95 19
43 96 71
43 97 40
43 98 81
43 99 77
44 45 66
44 46 39
44 47 84
44 48 49
44 49 50
44 50 49
44 51 26
44 52 49
44 53 31
44 54 30
44 55 10
44 56 20
44 57 28
44 58 48
44 59 26
44 60 35
44 61 85
44 62 28
44 63 37
44 64 67
44 65 33
44 66 23
44 67 43
44 68 36
44 69 19
44 70 45
44 71 82
44 72 37
44 73 45
44 74 21
44 75 21
44 76 74
44 77 13
44 78 63
44 79 38
44 80 90
44 81 87
44 82 39
44 83 86
44 84 82
44 85 79
44 86 18
44 87 29
44 88 81
44 89 6
44 90 83
44 91 87
44 92 41
44 93 64
44 94 43
44 95 44
44 96 93
44 97 91
44 98 52
44 99 46
45 46 39
45 47 86
45 48 19
45 49 33
45 50 38
45 51 75
45 52 57
45 53 35
45 54 40
45 55 69
45 56 46
45 57 74
45 58 95
45 59 90
45 60 31
45 61 59
45 62 45
45 63 49
45 64 3
45 65 96
45 66 84
45 67 24
45 68 43
45 69 47
45 70 65
45 71 70
45 72 53
45 73 67
45 74 56
45 75 47
45 76 60
45 77 75
45 78 77
45 79 29
45 80 32
45 81 29
45 82 34
45 83 23
45 84 16
45 85 46
45 86 57
45 87 42
45 88 17
45 89 69
45 90 47
45 91 78
45 92 38
45 93 4
45 94 37
45 95 51
45 96 39
45 97 80
45 98 34
45 99 35
46 47 99
46 48 32
46 49 46
46 50 10
46 51 60
46 52 62
46 53 19
46 54 32
46 55 37
46 56 21
46 57 60
46 58 83
46 59 64
46 60 19
46 61 85
46 62 11
46 63 10
46 64 39
46 65 72
46 66 61
46 67 28
46 68 4
46 69 21
46 70 65
46 71 89
46 72 52
46 73 66
46 74 20
46 75 31
46 76 79
46 77 51
46 78 82
46 79 27
46 80 70
46 81 67
46 82 5
46 83 62
46 84 55
46 85 73
46 86 42
46 87 34
46 88 56
46 89 44
46 90 76
46 91 96
46 92 3
46 93 35
46 94 4
46 95 54
46 96 76
46 97 99
46 98 13
46 99 8
47 48 73
47 49 56
47 50 106
47 51 63
47 52 37
47 53 80
47 54 67
47 55 94
47 56 83
47 57 60
47 58 59
47 59 85
47 60 80
47 61 37
47 62 93
47 63 105
47 64 89
47 65 84
47 66 78
47 67 73
47 68 100
47 69 84
47 70 39
47 71 21
47 72 49
47 73 39
47 74 97
47 75 71
47 76 27
47 77 79
47 78 21
47 79 72
47 80 78
47 81 77
47 82 95
47 83 84
47 84 91
47 85 47
47 86 66
47 87 65
47 88 85
47 89 81
47 90 49
47 91 15
47 92 101
47 93 88
47 94 101
47 95 45
47 96 73
47 97 17
47 98 106
47 99 102
48 49 17
48 50 36
48 51 57
48 52 41
48 53 20
48 54 21
48 55 54
48 56 31
48 57 55
48 58 77
48 59 72
48 60 17
48 61 53
48 62 34
48 63 42
48 64 21
48 65 78
48 66 66
48 67 6
48 68 35
48 69 32
48 70 47
48 71 60
48 72 35
48 73 49
48 74 43
48 75 29
48 76 50
48 77 57
48 78 61
48 79 11
48 80 41
48 81 38
48 82 27
48 83 36
48 84 33
48 85 41
48 86 39
48 87 24
48 88 31
48 89 52
48 90 44
48 91 67
48 92 33
48 93 18
48 94 32
48 95 33
48 96 46
48 97 70
48 98 34
48 99 32
49 50 52
49 51 49
49 52 25
49 53 29
49 54 21
49 55 58
49 56 37
49 57 47
49 58 66
49 59 68
49 60 28
49 61 39
49 62 44
49 63 55
49 64 35
49 65 73
49 66 61
49 67 18
49 68 48
49 69 38
49 70 33
49 71 43
49 72 23
49 73 35
49 74 51
49 75 29
49 76 33
49 77 54
49 78 44
49 79 19
49 80 42
49 81 40
49 82 41
49 83 42
49 84 43
49 85 29
49 86 35
49 87 22
49 88 39
49 89 51
49 90 33
49 91 50
49 92 47
49 93 34
49 94 47
49 95 19
49 96 44
49 97 53
49 98 51
49 99 48
50 51 70
50 52 70
50 53 27
50 54 41
50 55 46
50 56 31
50 57 70
50 58 93
50 59 74
50 60 26
50 61 89
50 62 21
50 63 15
50 64 37
50 65 82
50 66 71
50 67 34
50 68 13
50 69 31
50 70 73
50 71 95
50 72 60
50 73 75
50 74 29
50 75 41
50 76 85
50 77 61
50 78 91
50 79 34
50 80 69
50 81 67
50 82 12
50 83 61
50 84 52
50 85 77
50 86 51
50 87 43
50 88 55
50 89 54
50 90 80
50 91 102
50 92 7
50 93 34
50 94 6
50 95 62
50 96 76
50 97 105
50 98 5
50 99 4
51 52 34
51 53 45
51 54 35
51 55 36
51 56 39
51 57 3
51 58 23
51 59 23
51 60 49
51 61 74
51 62 50
51 63 61
51 64 77
51 65 25
51 66 16
51 67 51
51 68 58
51 69 39
51 70 27
51 71 67
51 72 27
51 73 25
51 74 46
51 75 30
51 76 61
51 77 17
51 78 41
51 79 47
51 80 91
51 81 89
51 82 59
51 83 90
51 84 89
51 85 72
51 86 19
51 87 33
51 88 86
51 89 21
51 90 76
51 91 69
51 92 62
51 93 74
51 94 64
51 95 34
51 96 92
51 97 73
51 98 72
51 99 67
52 53 43
52 54 30
52 55 59
52 56 46
52 57 32
52 58 44
52 59 57
52 60 44
52 61 40
52 62 56
52 63 68
52 64 60
52 65 59
52 66 50
52 67 39
52 68 63
52 69 46
52 70 10
52 71 34
52 72 12
52 73 12
52 74 59
52 75 34
52 76 27
52 77 47
52 78 21
52 79 37
52 80 63
52 81 61
52 82 58
52 83 65
52 84 67
52 85 38
52 86 31
52 87 28
52 88 62
52 89 47
52 90 42
52 91 38
52 92 64
52 93 58
52 94 64
52 95 8
52 96 61
52 97 42
52 98 70
52 99 66
53 54 14
53 55 34
53 56 11
53 57 44
53 58 67
53 59 55
53 60 4
53 61 68
53 62 15
53 63 26
53 64 37
53 65 62
53 66 50
53 67 14
53 68 20
53 69 12
53 70 46
53 71 71
53 72 33
53 73 47
53 74 23
53 75 14
53 76 61
53 77 41
53 78 63
53 79 10
53 80 61
53 81 59
53 82 16
53 83 56
53 84 52
53 85 58
53 86 26
53 87 16
53 88 51
53 89 35
53 90 62
53 91 77
53 92 21
53 93 33
53 94 21
53 95 35
53 96 66
53 97 81
53 98 29
53 99 24
54 55 37
54 56 18
54 57 34
54 58 57
54 59 51
54 60 15
54 61 58
54 62 27
54 63 39
54 64 42
54 65 56
54 66 45
54 67 16
54 68 33
54 69 18
54 70 32
54 71 59
54 72 19
54 73 34
54 74 32
54 75 9
54 76 50
54 77 36
54 78 50
54 79 11
54 80 60
54 81 57
54 82 29
54 83 57
54 84 55
54 85 50
54 86 17
54 87 3
54 88 52
54 89 32
54 90 54
54 91 65
54 92 35
54 93 39
54 94 35
54 95 22
54 96 63
54 97 69
54 98 42
54 99 37
55 56 23
55 57 38
55 58 57
55 59 30
55 60 38
55 61 94
55 62 26
55 63 32
55 64 70
55 65 38
55 66 29
55 67 48
55 68 33
55 69 22
55 70 55
55 71 92
55 72 47
55 73 55
55 74 17
55 75 28
55 76 84
55 77 21
55 78 73
55 79 43
55 80 95
55 81 92
55 82 39
55 83 90
55 84 86
55 85 87
55 86 28
55 87 36
55 88 85
55 89 15
55 90 91
55 91 97
55 92 39
55 93 67
55 94 41
55 95 53
55 96 99
55 97 100
55 98 50
55 99 44
56 57 39
56 58 62
56 59 46
56 60 16
56 61 76
56 62 11
56 63 23
56 64 48
56 65 53
56 66 41
56 67 25
56 68 20
56 69 1
56 70 46
56 71 77
56 72 34
56 73 47
56 74 14
56 75 12
56 76 67
56 77 31
56 78 65
56 79 21
56 80 72
56 81 70
56 82 20
56 83 67
56 84 63
56 85 67
56 86 21
56 87 18
56 88 62
56 89 25
56 90 71
56 91 83
56 92 24
56 93 44
56 94 25
56 95 39
56 96 77
56 97 86
56 98 34
56 99 28
57 58 23
57 59 26
57 60 48
57 61 71
57 62 50
57 63 61
57 64 76
57 65 27
57 66 19
57 67 50
57 68 58
57 69 39
57 70 24
57 71 64
57 72 25
57 73 22
57 74 47
57 75 30
57 76 58
57 77 19
57 78 39
57 79 45
57 80 89
57 81 87
57 82 58
57 83 88
57 84 88
57 85 69
57 86 19
57 87 32
57 88 84
57 89 23
57 90 73
57 91 67
57 92 62
57 93 73
57 94 63
57 95 31
57 96 90
57 97 70
57 98 72
57 99 67
58 59 33
58 60 71
58 61 81
58 62 73
58 63 84
58 64 97
58 65 29
58 66 29
58 67 72
58 68 81
58 69 62
58 70 35
58 71 70
58 72 43
58 73 32
58 74 69
58 75 53
58 76 67
58 77 36
58 78 40
58 79 68
58 80 107
58 81 105
58 82 82
58 83 107
58 84 108
58 85 82
58 86 42
58 87 54
58 88 104
58 89 43
58 90 86
58 91 70
58 92 85
58 93 95
58 94 87
58 95 48
58 96 106
58 97 73
58 98 95
58 99 90
59 60 60
59 61 97
59 62 53
59 63 61
59 64 91
59 65 8
59 66 7
59 67 66
59 68 62
59 69 45
59 70 50
59 71 90
59 72 49
59 73 48
59 74 46
59 75 43
59 76 84
59 77 15
59 78 64
59 79 61
59 80 110
59 81 108
59 82 65
59 83 108
59 84 105
59 85 94
59 86 34
59 87 49
59 88 103
59 89 21
59 90 98
59 91 92
59 92 67
59 93 88
59 94 69
59 95 56
59 96 112
59 97 96
59 98 78
59 99 72
60 61 67
60 62 17
60 63 27
60 64 32
60 65 66
60 66 55
60 67 11
60 68 21
60 69 16
60 70 48
60 71 70
60 72 35
60 73 49
60 74 27
60 75 18
60 76 61
60 77 45
60 78 65
60 79 9
60 80 58
60 81 55
60 82 14
60 83 52
60 84 47
60 85 56
60 86 30
60 87 18
60 88 46
60 89 39
60 90 59
60 91 77
60 92 20
60 93 29
60 94 20
60 95 36
60 96 62
60 97 80
60 98 26
60 99 22
61 62 83
61 63 94
61 64 62
61 65 99
61 66 90
61 67 56
61 68 87
61 69 77
61 70 48
61 71 16
61 72 49
61 73 50
61 74 90
61 75 66
61 76 14
61 77 86
61 78 43
61 79 58
61 80 43
61 81 43
61 82 80
61 83 51
61 84 59
61 85 14
61 86 68
61 87 59
61 88 53
61 89 85
61 90 14
61 91 23
61 92 86
61 93 63
61 94 85
61 95 42
61 96 37
61 97 23
61 98 88
61 99 86
62 63 12
62 64 46
62 65 61
62 66 50
62 67 28
62 68 9
62 69 11
62 70 57
62 71 86
62 72 45
62 73 58
62 74 11
62 75 23
62 76 76
62 77 40
62 78 75
62 79 25
62 80 74
62 81 71
62 82 13
62 83 68
62 84 61
62 85 73
62 86 32
62 87 28
62 88 62
62 89 33
62 90 76
62 91 92
62 92 14
62 93 42
62 94 15
62 95 49
62 96 79
62 97 95
62 98 24
62 99 19
63 64 49
63 65 69
63 66 59
63 67 38
63 68 6
63 69 23
63 70 69
63 71 97
63 72 57
63 73 70
63 74 15
63 75 35
63 76 87
63 77 50
63 78 88
63 79 36
63 80 80
63 81 77
63 82 15
63 83 73
63 84 65
63 85 83
63 86 44
63 87 40
63 88 66
63 89 42
63 90 86
63 91 103
63 92 11
63 93 46
63 94 13
63 95 61
63 96 86
63 97 107
63 98 20
63 99 15
64 65 98
64 66 86
64 67 26
64 68 43
64 69 48
64 70 67
64 71 72
64 72 56
64 73 70
64 74 56
64 75 49
64 76 63
64 77 77
64 78 80
64 79 31
64 80 33
64 81 30
64 82 34
64 83 24
64 84 16
64 85 48
64 86 59
64 87 44
64 88 18
64 89 71
64 90 49
64 91 80
64 92 38
64 93 4
64 94 36
64 95 53
64 96 40
64 97 82
64 98 33
64 99 35
65 66 12
65 67 72
65 68 69
65 69 52
65 70 51
65 71 91
65 72 52
65 73 49
65 74 54
65 75 49
65 76 85
65 77 21
65 78 63
65 79 67
65 80 115
65 81 112
65 82 73
65 83 113
65 84 111
65 85 97
65 86 39
65 87 54
65 88 109
65 89 28
65 90 101
65 91 92
65 92 75
65 93 94
65 94 76
65 95 58
65 96 116
65 97 96
65 98 86
65 99 80
66 67 60
66 68 59
66 69 41
66 70 43
66 71 83
66 72 42
66 73 41
66 74 44
66 75 37
66 76 77
66 77 10
66 78 57
66 79 55
66 80 104
66 81 101
66 82 61
66 83 101
66 84 99
66 85 86
66 86 27
66 87 42
66 88 97
66 89 17
66 90 91
66 91 85
66 92 64
66 93 83
66 94 65
66 95 48
66 96 105
66 97 89
66 98 74
66 99 69
67 68 31
67 69 26
67 70 45
67 71 61
67 72 32
67 73 47
67 74 37
67 75 23
67 76 52
67 77 51
67 78 60
67 79 5
67 80 47
67 81 45
67 82 23
67 83 43
67 84 39
67 85 45
67 86 33
67 87 19
67 88 37
67 89 46
67 90 48
67 91 69
67 92 29
67 93 23
67 94 29
67 95 31
67 96 51
67 97 72
67 98 33
67 99 30
68 69 20
68 70 65
68 71 91
68 72 52
68 73 66
68 74 16
68 75 31
68 76 81
68 77 49
68 78 83
68 79 29
68 80 74
68 81 71
68 82 9
68 83 66
68 84 59
68 85 76
68 86 41
68 87 35
68 88 60
68 89 42
68 90 79
68 91 98
68 92 6
68 93 40
68 94 8
68 95 55
68 96 80
68 97 101
68 98 17
68 99 11
69 70 47
69 71 77
69 72 35
69 73 47
69 74 14
69 75 12
69 76 68
69 77 31
69 78 65
69 79 22
69 80 73
69 81 71
69 82 21
69 83 68
69 84 64
69 85 68
69 86 21
69 87 19
69 88 63
69 89 24
69 90 71
69 91 83
69 92 24
69 93 45
69 94 25
69 95 39
69 96 77
69 97 87
69 98 34
69 99 28
70 71 40
70 72 13
70 73 3
70 74 59
70 75 34
70 76 34
70 77 41
70 78 18
70 79 41
70 80 72
70 81 70
70 82 61
70 83 74
70 84 76
70 85 48
70 86 28
70 87 30
70 88 71
70 89 42
70 90 52
70 91 43
70 92 67
70 93 65
70 94 67
70 95 14
70 96 71
70 97 47
70 98 74
70 99 70
71 72 45
71 73 42
71 74 91
71 75 66
71 76 10
71 77 80
71 78 30
71 79 62
71 80 58
71 81 57
71 82 84
71 83 65
71 84 72
71 85 27
71 86 64
71 87 59
71 88 66
71 89 81
71 90 29
71 91 8
71 92 90
71 93 72
71 94 90
71 95 39
71 96 52
71 97 10
71 98 94
71 99 91
72 73 15
72 74 48
72 75 23
72 76 37
72 77 37
72 78 30
72 79 28
72 80 65
72 81 62
72 82 48
72 83 65
72 84 65
72 85 45
72 86 19
72 87 17
72 88 61
72 89 36
72 90 49
72 91 50
72 92 54
72 93 53
72 94 54
72 95 7
72 96 65
72 97 53
72 98 61
72 99 57
73 74 59
73 75 35
73 76 36
73 77 40
73 78 18
73 79 43
73 80 75
73 81 73
73 82 63
73 83 76
73 84 78
73 85 50
73 86 28
73 87 32
73 88 74
73 89 41
73 90 54
73 91 44
73 92 68
73 93 68
73 94 69
73 95 17
73 96 74
73 97 48
73 98 76
73 99 71
74 75 25
74 76 82
74 77 34
74 78 77
74 79 34
74 80 84
74 81 81
74 82 23
74 83 78
74 84 72
74 85 81
74 86 32
74 87 32
74 88 72
74 89 27
74 90 84
74 91 97
74 92 22
74 93 53
74 94 24
74 95 53
74 96 89
74 97 100
74 98 33
74 99 28
75 76 57
75 77 28
75 78 53
75 79 18
75 80 69
75 81 66
75 82 29
75 83 65
75 84 62
75 85 58
75 86 11
75 87 8
75 88 60
75 89 23
75 90 62
75 91 71
75 92 34
75 93 45
75 94 34
75 95 27
75 96 72
75 97 75
75 98 43
75 99 37
76 77 73
76 78 29
76 79 52
76 80 52
76 81 51
76 82 75
76 83 57
76 84 64
76 85 21
76 86 56
76 87 49
76 88 58
76 89 73
76 90 23
76 91 17
76 92 81
76 93 63
76 94 80
76 95 30
76 96 47
76 97 20
76 98 84
76 99 81
77 78 57
77 79 46
77 80 96
77 81 93
77 82 51
77 83 93
77 84 91
77 85 81
77 86 20
77 87 34
77 88 88
77 89 7
77 90 85
77 91 84
77 92 54
77 93 73
77 94 55
77 95 44
77 96 98
77 97 88
77 98 65
77 99 59
78 79 57
78 80 77
78 81 76
78 82 79
78 83 81
78 84 85
78 85 48
78 86 46
78 87 48
78 88 80
78 89 60
78 90 52
78 91 30
78 92 84
78 93 78
78 94 84
78 95 28
78 96 74
78 97 34
78 98 91
78 99 87
79 80 52
79 81 49
79 82 23
79 83 48
79 84 45
79 85 48
79 86 28
79 87 14
79 88 43
79 89 41
79 90 51
79 91 69
79 92 29
79 93 28
79 94 28
79 95 29
79 96 56
79 97 72
79 98 34
79 99 30
80 81 3
80 82 65
80 83 10
80 84 21
80 85 31
80 86 76
80 87 62
80 88 16
80 89 92
80 90 30
80 91 66
80 92 69
80 93 35
80 94 68
80 95 59
80 96 9
80 97 66
80 98 66
80 99 67
81 82 62
81 83 9
81 84 19
81 85 30
81 86 74
81 87 59
81 88 14
81 89 89
81 90 29
81 91 65
81 92 67
81 93 33
81 94 65
81 95 57
81 96 10
81 97 66
81 98 63
81 99 64
82 83 57
82 84 50
82 85 68
82 86 40
82 87 31
82 88 51
82 89 45
82 90 71
82 91 91
82 92 6
82 93 31
82 94 6
82 95 51
82 96 71
82 97 94
82 98 14
82 99 8
83 84 11
83 85 38
83 86 74
83 87 59
83 88 6
83 89 88
83 90 37
83 91 73
83 92 62
83 93 27
83 94 60
83 95 60
83 96 19
83 97 74
83 98 57
83 99 59
84 85 45
84 86 72
84 87 57
84 88 6
84 89 85
84 90 46
84 91 80
84 92 54
84 93 20
84 94 52
84 95 62
84 96 29
84 97 82
84 98 48
84 99 50
85 86 62
85 87 51
85 88 39
85 89 79
85 90 4
85 91 35
85 92 74
85 93 49
85 94 73
85 95 38
85 96 26
85 97 36
85 98 75
85 99 73
86 87 15
86 88 70
86 89 17
86 90 66
86 91 69
86 92 44
86 93 56
86 94 45
86 95 26
86 96 78
86 97 73
86 98 54
86 99 48
87 88 55
87 89 30
87 90 55
87 91 64
87 92 37
87 93 42
87 94 37
87 95 21
87 96 64
87 97 68
87 98 44
87 99 39
88 89 83
88 90 39
88 91 74
88 92 56
88 93 21
88 94 54
88 95 57
88 96 24
88 97 75
88 98 51
88 99 52
89 90 83
89 91 85
89 92 47
89 93 68
89 94 48
89 95 43
89 96 94
89 97 88
89 98 57
89 99 52
90 91 36
90 92 77
90 93 51
90 94 76
90 95 42
90 96 24
90 97 37
90 98 78
90 99 76
91 92 97
91 93 80
91 94 97
91 95 44
91 96 60
91 97 4
91 98 101
91 99 98
92 93 35
92 94 2
92 95 56
92 96 76
92 97 101
92 98 11
92 99 5
93 94 33
93 95 51
93 96 43
93 97 82
93 98 30
93 99 31
94 95 56
94 96 74
94 97 100
94 98 9
94 99 3
95 96 59
95 97 48
95 98 63
95 99 59
96 97 60
96 98 73
96 99 73
97 98 104
97 99 101
98 99 6
0 3 76
0 4 55
0 5 66
0 8 12
0 10 17
0 12 60
0 13 47
0 14 47
0 17 60
0 22 86
0 23 44
0 24 40
0 27 55
0 28 60
0 29 41
0 32 32
0 33 10
0 36 75
0 37 40
0 39 69
0 40 52
0 41 32
0 42 80
0 43 15
0 45 77
0 48 58
0 49 45
0 50 81
0 52 23
0 54 41
0 56 51
0 57 18
0 61 59
0 62 63
0 63 75
0 65 42
0 68 71
0 70 13
0 72 23
0 74 62
0 75 40
0 76 45
0 78 21
0 79 51
0 80 85
0 81 83
0 82 69
0 84 88
0 86 31
0 88 84
0 89 41
0 90 64
0 93 77
0 94 74
0 95 27
1 3 52
1 4 66
1 10 76
1 11 72
1 12 31
1 18 7
1 19 64
1 22 7
1 24 82
1 28 35
1 30 96
1 32 62
1 34 48
1 35 70
1 36 57
1 38 71
1 40 38
1 42 66
1 43 85
1 44 46
1 47 113
1 52 76
1 54 46
1 55 41
1 57 70
1 60 33
1 62 21
1 63 10
1 64 49
1 66 69
1 67 42
1 69 32
1 72 65
1 75 44
1 76 93
1 79 41
1 80 81
1 81 78
1 83 72
1 87 48
1 90 90
1 95 68
2 3 109
2 6 86
2 8 57
2 9 94
2 11 60
2 13 91
2 15 68
2 16 94
2 17 105
2 19 118
2 23 7
2 24 85
2 28 86
2 29 19
2 30 62
2 32 34
2 34 109
2 35 79
2 36 110
2 41 17
2 42 117
2 46 87
2 49 83
2 50 97
2 56 67
2 58 26
2 59 23
2 60 80
2 63 84
2 64 110
2 65 15
2 67 85
2 68 84
2 69 66
2 71 95
2 72 61
2 73 55
2 75 62
2 78 65
2 79 79
2 80 125
2 81 123
2 82 87
2 83 124
2 84 123
2 86 51
2 87 66
2 88 120
2 92 89
2 95 67
2 98 100
3 4 27
3 6 48
3 8 76
3 10 61
3 11 59
3 12 64
3 18 56
3 20 58
3 22 46
3 25 46
3 26 19
3 27 24
3 28 26
3 30 79
3 31 48
3 37 84
3 39 33
3 40 64
3 45 3
3 49 32
3 51 76
3 52 57
3 55 71
3 58 95
3 60 33
3 65 97
3 66 85
3 67 25
3 68 46
3 70 64
3 73 67
3 75 48
3 76 59
3 77 76
3 78 76
3 81 26
3 82 37
3 83 21
3 84 15
3 85 43
3 86 58
3 89 71
3 90 45
3 91 76
3 93 7
3 94 39
3 95 50
3 98 37
4 8 52
4 10 38
4 11 37
4 13 47
4 14 51
4 16 3
4 17 25
4 19 28
4 20 66
4 24 23
4 27 24
4 28 31
4 30 54
4 31 58
4 32 65
4 40 62
4 41 78
4 45 29
4 46 53
4 47 58
4 49 12
4 51 61
4 53 38
4 55 69
4 56 48
4 58 76
4 60 36
4 64 31
4 68 56
4 73 45
4 74 61
4 76 32
4 78 51
4 79 28
4 81 28
4 82 48
4 87 33
4 88 29
4 89 63
4 93 31
4 94 52
4 95 29
4 96 31
4 97 51
4 98 55
4 99 53
5 8 61
5 10 49
5 17 22
5 18 78
5 19 21
5 20 75
5 22 68
5 25 54
5 26 28
5 28 39
5 30 62
5 31 66
5 34 30
5 35 29
5 36 20
5 37 62
5 38 35
5 42 19
5 43 54
5 44 73
5 46 60
5 48 28
5 49 24
5 55 80
5 58 87
5 59 92
5 61 31
5 65 96
5 71 44
5 77 78
5 81 17
5 84 29
5 87 45
5 88 22
5 89 75
5 90 19
5 91 52
5 93 32
5 94 59
5 95 40
5 96 20
5 97 53
5 98 60
5 99 59
6 7 27
6 8 35
6 11 27
6 12 72
6 13 27
6 14 56
6 18 87
6 19 48
6 20 78
6 21 42
6 23 83
6 24 2
6 25 52
6 26 38
6 33 35
6 34 51
6 35 11
6 38 15
6 39 29
6 41 71
6 42 46
6 46 67
6 49 21
6 52 20
6 53 49
6 54 38
6 55 73
6 56 56
6 58 64
6 61 21
6 63 75
6 67 39
6 69 56
6 70 29
6 72 28
6 76 13
6 77 65
6 78 32
6 80 46
6 81 44
6 82 62
6 87 38
6 92 68
6 95 21
6 96 43
6 97 32
7 9 76
7 10 33
7 13 6
7 15 22
7 16 50
7 17 34
7 22 103
7 23 85
7 25 73
7 26 64
7 27 64
7 28 71
7 29 82
7 30 24
7 31 94
7 32 71
7 40 84
7 41 73
7 43 27
7 45 76
7 46 90
7 47 10
7 48 64
7 49 46
7 54 59
7 55 89
7 56 76
7 60 72
7 62 86
7 64 79
7 68 92
7 70 34
7 71 12
7 72 42
7 74 90
7 75 64
7 77 75
7 80 68
7 82 86
7 83 74
7 85 37
7 87 58
7 88 74
7 89 76
7 90 39
7 94 92
7 96 63
7 97 13
8 9 70
8 14 56
8 15 17
8 16 53
8 17 51
8 19 79
8 21 65
8 24 33
8 25 56
8 29 53
8 32 44
8 34 78
8 35 33
8 36 73
8 37 28
8 38 27
8 41 44
8 44 55
8 47 30
8 51 33
8 53 59
8 54 45
8 55 66
8 58 32
8 60 61
8 61 50
8 62 70
8 63 82
8 65 54
8 66 48
8 68 78
8 70 13
8 73 12
8 76 35
8 79 54
8 81 78
8 82 74
8 83 83
8 84 86
8 85 53
8 88 81
8 89 52
8 92 80
8 93 77
8 94 80
8 97 42
8 99 82
9 11 51
9 12 44
9 14 35
9 15 84
9 16 30
9 17 57
9 18 40
9 19 32
9 21 10
9 22 30
9 23 88
9 30 74
9 32 60
9 33 58
9 35 42
9 38 45
9 39 47
9 40 45
9 41 78
9 43 63
9 44 49
9 45 18
9 46 22
9 48 13
9 49 30
9 50 24
9 52 52
9 53 19
9 55 52
9 57 61
9 62 27
9 63 33
9 70 57
9 75 32
9 78 72
9 80 48
9 81 45
9 84 34
9 85 53
9 86 43
9 87 30
9 88 35
9 91 80
9 93 15
9 94 21
9 97 83
9 98 22
10 11 4
10 14 43
10 16 39
10 18 83
10 19 66
10 21 50
10 22 77
10 23 58
10 24 24
10 25 43
10 27 42
10 28 48
10 33 9
10 36 59
10 37 36
10 39 53
10 40 51
10 41 45
10 43 9
10 45 62
10 47 38
10 48 44
10 50 72
10 54 31
10 56 46
10 57 27
10 58 39
10 59 53
10 60 46
10 62 56
10 64 64
10 65 54
10 67 42
10 70 4
10 73 7
10 74 59
10 75 34
10 76 31
10 77 43
10 79 39
10 80 68
10 81 66
10 82 60
10 84 72
10 90 48
10 92 65
10 94 66
10 96 67
10 99 68
11 12 54
11 15 34
11 17 45
11 23 57
11 24 25
11 25 39
11 27 39
11 28 44
11 29 50
11 34 61
11 35 19
11 36 57
11 38 13
11 40 47
11 42 63
11 43 13
11 45 59
11 46 59
11 48 41
11 50 68
11 52 7
11 54 27
11 55 52
11 57 25
11 59 50
11 60 42
11 61 47
11 62 52
11 63 64
11 66 43
11 67 39
11 68 60
11 75 30
11 76 34
11 77 40
11 80 68
11 83 69
11 86 25
11 87 25
11 89 40
11 90 49
11 92 61
11 95 9
12 14 16
12 15 87
12 17 87
12 19 76
12 21 51
12 28 39
12 31 23
12 33 54
12 34 62
12 35 61
12 39 83
12 41 50
12 42 77
12 44 16
12 46 27
12 47 96
12 49 55
12 50 36
12 53 28
12 54 34
12 55 10
12 59 39
12 61 93
12 62 17
12 65 48
12 66 38
12 67 42
12 68 24
12 74 7
12 76 83
12 77 29
12 79 38
12 80 90
12 81 87
12 82 30
12 84 78
12 85 84
12 86 30
12 87 34
12 89 22
12 92 30
12 96 94
12 98 40
13 15 27
13 16 49
13 17 30
13 18 113
13 21 69
13 22 105
13 23 91
13 25 76
13 29 87
13 31 96
13 32 76
13 34 78
13 36 69
13 39 48
13 40 87
13 41 79
13 42 69
13 43 32
13 44 83
13 47 14
13 49 47
13 56 79
13 58 66
13 61 23
13 64 78
13 65 88
13 66 81
13 69 80
13 70 39
13 71 7
13 74 93
13 76 15
13 78 26
13 79 65
13 80 65
13 81 64
13 82 88
13 86 65
13 87 61
13 88 72
13 90 36
13 93 78
13 95 40
13 96 60
13 97 8
14 19 65
14 23 54
14 24 56
14 25 8
14 26 36
14 29 42
14 33 40
14 36 56
14 37 80
14 38 43
14 40 11
14 41 46
14 42 65
14 44 14
14 45 52
14 46 27
14 48 36
14 50 37
14 54 19
14 55 18
14 57 34
14 60 21
14 61 77
14 64 53
14 65 47
14 67 30
14 70 44
14 73 44
14 75 11
14 76 68
14 78 62
14 79 25
14 82 26
14 85 69
14 91 82
14 92 29
14 93 50
14 94 31
14 98 40
15 19 88
15 20 98
15 23 69
15 24 39
15 25 73
15 26 73
15 27 71
15 29 68
15 30 11
15 34 90
15 35 44
15 37 15
15 41 58
15 43 21
15 47 17
15 50 102
15 52 32
15 54 61
15 55 83
15 56 75
15 57 47
15 58 42
15 61 48
15 62 86
15 63 99
15 64 90
15 65 68
15 66 64
15 69 76
15 71 33
15 75 64
15 77 66
15 79 69
15 81 85
15 83 90
15 87 59
15 88 90
15 90 59
15 91 30
15 92 96
15 94 96
15 95 40
15 96 82
15 98 102
16 19 27
16 25 42
16 26 18
16 29 80
16 32 63
16 33 46
16 36 21
16 37 60
16 38 26
16 39 21
16 42 25
16 43 45
16 45 26
16 46 50
16 49 11
16 53 35
16 54 30
16 55 67
16 56 45
16 57 58
16 59 79
16 60 33
16 61 36
16 64 29
16 65 84
16 69 46
16 70 43
16 71 44
16 73 45
16 74 59
16 76 34
16 78 52
16 79 25
16 81 29
16 83 31
16 85 24
16 86 45
16 88 29
16 89 61
16 90 27
16 91 52
16 95 29
16 96 33
16 99 50
17 19 43
17 20 90
17 21 48
17 23 102
17 29 95
17 30 50
17 31 82
17 32 80
17 33 53
17 36 42
17 37 44
17 39 18
17 40 83
17 41 89
17 47 44
17 49 33
17 50 81
17 53 61
17 57 70
17 58 82
17 59 95
17 60 59
17 63 86
17 64 53
17 65 97
17 67 49
17 69 71
17 72 46
17 74 84
17 75 61
17 80 35
17 82 72
17 83 42
17 84 50
17 85 5
17 86 64
17 88 44
17 93 54
17 94 77
17 97 32
17 98 79
17 99 78
18 19 68
18 21 49
18 22 10
18 24 88
18 25 41
18 26 51
18 27 48
18 29 80
18 31 18
18 32 68
18 33 82
18 34 52
18 35 77
18 36 62
18 38 78
18 39 86
18 40 43
18 42 70
18 45 53
18 46 21
18 47 119
18 48 51
18 49 66
18 50 16
18 51 76
18 55 46
18 57 77
18 58 99
18 59 76
18 61 104
18 64 52
18 67 48
18 68 19
18 72 72
18 73 85
18 74 31
18 78 102
18 80 85
18 81 82
18 82 25
18 85 92
18 87 54
18 89 58
18 90 95
18 91 116
18 93 49
18 94 20
18 95 75
18 96 92
18 98 19
18 99 19
19 24 50
19 25 57
19 26 28
19 28 37
19 29 102
19 30 81
19 31 60
19 32 85
19 34 16
19 38 52
19 44 78
19 46 54
19 47 84
19 49 37
19 51 84
19 52 61
19 53 48
19 55 82
19 56 60
19 58 102
19 59 101
19 61 52
19 62 59
19 65 106
19 67 35
19 68 58
19 69 60
19 72 59
19 74 70
19 79 40
19 81 15
19 82 49
19 84 7
19 86 67
19 88 2
19 89 81
19 92 53
19 93 19
19 94 52
19 96 25
19 97 75
19 98 49
19 99 50
20 21 47
20 22 22
20 25 26
20 28 36
20 30 88
20 31 11
20 33 66
20 35 66
20 41 67
20 42 72
20 43 77
20 44 32
20 47 106
20 48 47
20 49 58
20 50 23
20 51 58
20 52 69
20 54 40
20 55 26
20 57 58
20 58 80
20 60 31
20 62 14
20 63 8
20 64 56
20 65 64
20 66 54
20 68 13
20 69 23
20 71 99
20 73 70
20 76 90
20 77 45
20 78 88
20 80 86
20 81 83
20 82 22
20 83 79
20 85 87
20 86 42
20 89 38
20 92 18
20 93 52
20 94 20
20 96 92
20 99 23
21 22 40
21 24 44
21 27 10
21 28 12
21 29 78
21 33 54
21 34 14
21 36 17
21 38 39
21 39 37
21 42 26
21 43 58
21 47 78
21 48 6
21 52 46
21 53 23
21 55 57
21 57 61
21 58 82
21 61 56
21 62 35
21 65 83
21 67 11
21 68 35
21 72 41
21 73 55
21 77 62
21 78 67
21 79 16
21 80 39
21 81 37
21 82 26
21 83 33
21 85 44
21 87 29
21 90 46
21 92 32
21 95 39
21 96 45
21 97 74
21 99 30
22 24 80
22 25 36
22 26 42
22 28 33
22 31 15
22 35 69
22 41 85
22 43 86
22 44 51
22 45 44
22 46 14
22 47 112
22 48 42
22 54 46
22 56 35
22 57 74
22 58 96
22 59 76
22 61 96
22 65 84
22 66 74
22 69 35
22 70 79
22 72 66
22 73 80
22 74 30
22 75 45
22 77 64
22 78 96
22 79 40
22 84 58
22 86 56
22 89 57
22 95 68
22 97 111
22 98 9
22 99 10
23 24 82
23 25 62
23 26 85
23 27 80
23 29 12
23 30 62
23 32 28
23 34 104
23 35 75
23 39 108
23 41 13
23 42 112
23 43 59
23 44 41
23 45 103
23 48 85
23 49 79
23 50 90
23 57 32
23 58 27
23 60 74
23 61 103
23 62 69
23 66 19
23 67 79
23 68 77
23 72 57
23 73 52
23 77 29
23 79 74
23 81 118
23 82 81
23 84 118
23 88 115
23 91 94
23 92 83
23 94 84
23 95 63
23 97 98
23 98 93
24 26 39
24 27 40
24 29 75
24 30 33
24 35 12
24 37 35
24 42 48
24 43 26
24 44 64
24 46 67
24 47 35
24 52 19
24 53 50
24 55 73
24 56 56
24 57 50
24 59 75
24 61 22
24 62 64
24 64 54
24 65 78
24 66 68
24 67 40
24 68 70
24 69 57
24 70 28
24 71 21
24 73 30
24 75 45
24 80 48
24 82 63
24 83 52
24 85 20
24 89 63
24 93 53
24 95 20
24 96 45
24 98 73
25 26 29
25 28 20
25 31 22
25 32 34
25 34 44
25 35 41
25 41 52
25 45 44
25 47 80
25 49 34
25 51 38
25 52 43
25 54 14
25 55 26
25 58 61
25 59 47
25 61 73
25 64 45
25 66 42
25 67 22
25 68 21
25 70 44
25 72 32
25 80 69
25 82 20
25 87 15
25 90 67
25 91 79
25 93 42
25 95 36
25 98 34
25 99 28
26 27 6
26 29 74
26 30 64
26 32 57
26 33 49
26 34 19
26 36 20
26 40 47
26 41 74
26 45 18
26 47 74
26 49 18
26 50 36
26 52 41
26 53 21
26 55 54
26 58 77
26 61 54
26 62 34
26 64 20
26 65 78
26 66 67
26 68 35
26 69 33
26 72 36
26 76 50
26 80 41
26 85 41
26 87 24
26 92 33
26 93 18
26 94 32
26 95 34
26 96 45
26 97 70
27 28 7
27 29 69
27 30 62
27 35 30
27 36 26
27 37 73
27 39 41
27 40 41
27 41 69
27 42 35
27 44 44
27 47 74
27 49 18
27 51 52
27 52 39
27 53 15
27 54 17
27 56 26
27 59 67
27 60 11
27 62 29
27 64 25
27 66 61
27 68 31
27 70 45
27 72 32
27 73 47
27 75 24
27 77 52
27 82 23
27 85 45
27 86 34
27 87 19
27 88 37
27 89 47
27 90 48
27 91 69
27 94 29
27 99 30
28 30 68
28 32 52
28 34 24
28 38 39
28 39 47
28 40 38
28 43 56
28 45 24
28 46 21
28 48 11
28 49 25
28 50 26
28 51 54
28 53 11
28 54 19
28 56 22
28 60 7
28 61 63
28 62 23
28 64 25
28 68 25
28 69 23
28 71 69
28 74 33
28 75 24
28 76 59
28 78 66
28 84 40
28 85 52
28 86 35
28 88 40
28 91 76
28 92 22
28 93 22
28 94 22
28 95 37
28 96 56
28 99 23
29 32 17
29 36 94
29 41 11
29 42 102
29 43 55
29 44 29
29 47 83
29 48 74
29 49 69
29 53 58
29 60 62
29 61 97
29 64 93
29 70 49
29 71 89
29 75 45
29 77 17
29 78 62
29 82 68
29 91 91
29 94 72
29 97 95
29 99 75
30 32 51
30 34 81
30 35 36
30 38 30
30 42 80
30 43 11
30 47 24
30 48 63
30 52 23
30 57 37
30 58 36
30 59 61
30 60 66
30 62 76
30 64 82
30 65 60
30 66 55
30 67 62
30 68 84
30 69 65
30 74 77
30 75 53
30 76 33
30 77 56
30 79 59
30 80 81
30 81 79
30 82 80
30 84 88
30 85 52
30 86 46
30 87 49
30 88 83
30 89 58
30 91 33
30 92 85
30 93 81
30 99 88
31 32 51
31 33 64
31 34 45
31 35 60
31 36 53
31 38 61
31 42 62
31 47 102
31 48 38
31 50 14
31 51 59
31 52 65
31 53 22
31 54 35
31 58 82
31 59 61
31 62 9
31 63 4
31 64 45
31 65 69
31 68 2
31 70 66
31 71 93
31 72 54
31 75 32
31 76 83
31 80 76
31 81 73
31 85 78
31 87 37
31 88 62
31 89 42
31 90 82
31 93 42
31 97 103
31 98 18
32 33 31
32 36 77
32 38 46
32 39 83
32 44 16
32 46 53
32 47 74
32 48 57
32 49 53
32 51 12
32 52 43
32 54 35
32 55 25
32 56 33
32 57 14
32 58 32
32 59 16
32 62 43
32 63 52
32 66 9
32 69 33
32 70 37
32 75 28
32 76 70
32 77 5
32 78 53
32 81 92
32 83 92
32 86 18
32 87 33
32 91 80
32 93 73
32 94 57
32 95 40
32 98 66
32 99 61
33 37 42
33 40 47
33 41 36
33 43 13
33 45 67
33 46 63
33 49 35
33 50 72
33 52 15
33 56 44
33 60 47
33 62 55
33 63 67
33 64 69
33 68 63
33 70 6
33 71 46
33 72 14
33 74 56
33 76 40
33 79 41
33 80 76
33 83 77
33 87 29
33 89 37
33 95 17
33 97 52
33 98 73
34 36 11
34 38 51
34 41 93
34 42 18
34 45 2
34 46 38
34 48 20
34 50 36
34 52 59
34 53 36
34 57 75
34 58 97
34 59 90
34 64 1
34 65 97
34 68 42
34 71 72
34 74 55
34 76 63
34 77 76
34 78 79
34 82 33
34 84 17
34 85 48
34 86 58
34 89 70
34 93 3
34 96 40
34 97 82
34 98 33
34 99 34
35 36 40
35 39 33
35 41 63
35 42 44
35 44 53
35 45 44
35 55 62
35 57 43
35 58 58
35 59 67
35 61 32
35 62 53
35 63 64
35 65 70
35 66 60
35 67 30
35 69 45
35 71 33
35 73 27
35 75 34
35 77 54
35 79 29
35 81 46
35 85 27
35 86 36
35 87 26
35 93 46
35 94 58
35 96 47
35 98 62
36 37 80
36 41 93
36 42 9
36 43 66
36 47 80
36 49 30
36 50 46
36 52 54
36 53 40
36 54 42
36 56 51
36 57 74
36 59 92
36 60 36
36 64 11
36 65 98
36 67 27
36 70 63
36 73 65
36 74 62
36 76 54
36 77 78
36 79 32
36 81 21
36 82 41
36 85 38
36 86 59
36 87 44
36 88 11
36 89 73
36 90 39
36 99 44
37 39 61
37 42 81
37 43 29
37 45 86
37 47 2
37 51 61
37 52 36
37 53 79
37 55 92
37 57 58
37 61 38
37 62 92
37 65 82
37 67 72
37 70 37
37 72 47
37 73 37
37 75 70
37 80 79
37 85 48
37 87 64
37 91 17
37 92 100
37 95 43
38 39 40
38 42 51
38 44 49
38 46 57
38 48 33
38 49 17
38 50 65
38 52 8
38 61 36
38 62 52
38 63 64
38 64 52
38 65 64
38 67 32
38 74 57
38 75 32
38 76 25
38 77 49
38 78 28
38 79 31
38 80 55
38 82 53
38 84 59
38 87 25
38 88 54
38 89 48
38 90 37
38 95 6
38 96 54
38 97 43
38 99 61
39 40 80
39 42 23
39 44 81
39 45 36
39 46 68
39 49 31
39 55 87
39 57 76
39 59 98
39 61 27
39 67 42
39 68 72
39 70 56
39 71 41
39 72 51
39 74 79
39 77 85
39 78 60
39 83 24
39 84 33
39 85 14
39 86 65
39 87 52
39 89 82
39 90 13
39 91 49
39 93 39
39 99 67
40 41 43
40 43 59
40 46 31
40 47 89
40 50 41
40 54 30
40 58 57
40 65 41
40 66 31
40 69 15
40 70 51
40 75 22
40 76 78
40 78 69
40 79 36
40 80 88
40 81 85
40 82 33
40 83 83
40 84 78
40 88 78
40 89 14
40 93 60
40 96 92
41 44 34
41 46 72
41 49 66
41 51 18
41 52 51
41 55 41
41 56 52
41 59 15
41 60 64
41 61 90
41 63 71
41 64 94
41 65 10
41 67 68
41 68 70
41 69 51
41 70 42
41 71 81
41 72 45
41 74 56
41 75 46
41 76 76
41 77 22
41 78 53
41 79 63
41 82 72
41 83 108
41 85 89
41 87 50
41 89 29
41 91 82
41 92 75
41 95 51
41 97 86
41 99 80
42 48 29
42 49 35
42 50 55
42 54 50
42 55 83
42 58 101
42 59 101
42 61 49
42 65 106
42 66 94
42 68 60
42 69 61
42 71 62
42 74 71
42 76 54
42 80 15
42 81 12
42 83 7
42 84 10
42 91 70
42 92 55
42 93 21
42 94 53
42 95 54
42 96 22
42 97 72
42 98 51
42 99 52
43 47 31
43 48 52
43 50 81
43 54 40
43 58 36
43 62 65
43 63 77
43 67 50
43 68 72
43 69 54
43 70 8
43 73 8
43 76 30
43 79 48
43 81 71
43 82 69
43 83 76
43 84 79
43 85 47
43 88 74
43 89 50
43 91 36
43 94 74
43 96 71
43 98 81
43 99 77
44 49 50
44 50 49
44 51 26
44 58 48
44 59 26
44 61 85
44 62 28
44 66 23
44 67 43
44 69 19
44 72 37
44 73 45
44 74 21
44 76 74
44 79 38
44 80 90
44 84 82
44 85 79
44 92 41
44 93 64
44 94 43
44 96 93
44 98 52
44 99 46
45 47 86
45 48 19
45 51 75
45 52 57
45 56 46
45 57 74
45 61 59
45 62 45
45 69 47
45 74 56
45 75 47
45 76 60
45 80 32
45 81 29
45 84 16
45 91 78
45 92 38
45 93 4
45 95 51
45 96 39
45 97 80
45 99 35
46 48 32
46 50 10
46 52 62
46 53 19
46 54 32
46 56 21
46 59 64
46 60 19
46 62 11
46 63 10
46 66 61
46 68 4
46 70 65
46 71 89
46 73 66
46 74 20
46 75 31
46 77 51
46 78 82
46 79 27
46 85 73
46 87 34
46 88 56
46 89 44
46 90 76
46 91 96
46 92 3
46 94 4
46 95 54
46 99 8
47 50 106
47 51 63
47 54 67
47 55 94
47 66 78
47 67 73
47 69 84
47 70 39
47 71 21
47 72 49
47 73 39
47 75 71
47 76 27
47 77 79
47 78 21
47 79 72
47 80 78
47 81 77
47 83 84
47 86 66
47 89 81
47 93 88
47 96 73
47 98 106
47 99 102
48 49 17
48 51 57
48 54 21
48 55 54
48 62 34
48 63 42
48 64 21
48 65 78
48 66 66
48 67 6
48 73 49
48 74 43
48 75 29
48 76 50
48 79 11
48 80 41
48 81 38
48 82 27
48 83 36
48 84 33
48 87 24
48 89 52
48 90 44
48 92 33
48 93 18
48 96 46
48 97 70
48 98 34
48 99 32
49 50 52
49 51 49
49 52 25
49 53 29
49 55 58
49 56 37
49 60 28
49 61 39
49 62 44
49 63 55
49 65 73
49 66 61
49 67 18
49 68 48
49 70 33
49 73 35
49 74 51
49 76 33
49 77 54
49 80 42
49 82 41
49 83 42
49 86 35
49 88 39
49 89 51
49 91 50
49 92 47
49 93 34
49 95 19
49 98 51
50 51 70
50 52 70
50 59 74
50 60 26
50 61 89
50 63 15
50 70 73
50 71 95
50 73 75
50 74 29
50 76 85
50 78 91
50 83 61
50 84 52
50 85 77
50 86 51
50 87 43
50 88 55
50 91 102
50 94 6
50 97 105
51 52 34
51 59 23
51 61 74
51 62 50
51 63 61
51 64 77
51 66 16
51 68 58
51 70 27
51 74 46
51 75 30
51 78 41
51 79 47
51 80 91
51 81 89
51 83 90
51 84 89
51 86 19
51 87 33
51 89 21
51 91 69
51 97 73
52 53 43
52 54 30
52 59 57
52 61 40
52 65 59
52 66 50
52 68 63
52 71 34
52 72 12
52 74 59
52 76 27
52 79 37
52 80 63
52 83 65
52 84 67
52 85 38
52 88 62
52 90 42
52 93 58
52 95 8
52 96 61
52 99 66
53 55 34
53 56 11
53 59 55
53 62 15
53 63 26
53 68 20
53 74 23
53 76 61
53 77 41
53 83 56
53 86 26
53 89 35
53 90 62
53 91 77
53 94 21
53 96 66
54 61 58
54 62 27
54 65 56
54 69 18
54 71 59
54 72 19
54 73 34
54 74 32
54 78 50
54 79 11
54 80 60
54 83 57
54 84 55
54 86 17
54 87 3
54 88 52
54 89 32
54 92 35
54 95 22
54 97 69
55 57 38
55 58 57
55 59 30
55 60 38
55 62 26
55 63 32
55 64 70
55 65 38
55 67 48
55 70 55
55 71 92
55 74 17
55 75 28
55 78 73
55 80 95
55 87 36
55 88 85
55 90 91
55 92 39
55 95 53
55 97 100
55 98 50
55 99 44
56 58 62
56 59 46
56 61 76
56 63 23
56 66 41
56 69 1
56 72 34
56 74 14
56 75 12
56 80 72
56 82 20
56 89 25
56 90 71
56 91 83
56 92 24
56 93 44
56 98 34
56 99 28
57 59 26
57 63 61
57 66 19
57 70 24
57 73 22
57 78 39
57 79 45
57 81 87
57 83 88
57 84 88
57 87 32
57 92 62
57 94 63
57 95 31
57 96 90
57 98 72
57 99 67
58 60 71
58 61 81
58 62 73
58 63 84
58 64 97
58 65 29
58 69 62
58 72 43
58 75 53
58 76 67
58 78 40
58 79 68
58 80 107
58 82 82
58 83 107
58 87 54
58 88 104
58 90 86
58 91 70
58 94 87
58 97 73
59 62 53
59 65 8
59 68 62
59 69 45
59 70 50
59 71 90
59 73 48
59 74 46
59 76 84
59 77 15
59 78 64
59 80 110
59 82 65
59 83 108
59 85 94
59 91 92
59 93 88
59 94 69
59 95 56
59 99 72
60 63 27
60 66 55
60 67 11
60 68 21
60 70 48
60 71 70
60 73 49
60 77 45
60 79 9
60 80 58
60 81 55
60 82 14
60 83 52
60 86 30
60 87 18
60 89 39
60 92 20
60 93 29
60 95 36
60 99 22
61 63 94
61 66 90
61 68 87
61 69 77
61 71 16
61 73 50
61 78 43
61 81 43
61 82 80
61 83 51
61 84 59
61 90 14
61 91 23
61 92 86
61 93 63
61 98 88
61 99 86
62 63 12
62 64 46
62 65 61
62 67 28
62 69 11
62 75 23
62 77 40
62 78 75
62 79 25
62 80 74
62 81 71
62 83 68
62 86 32
62 89 33
62 90 76
62 91 92
62 95 49
63 70 69
63 72 57
63 75 35
63 77 50
63 78 88
63 81 77
63 83 73
63 84 65
63 85 83
63 87 40
63 92 11
63 93 46
63 97 107
63 98 20
64 65 98
64 66 86
64 67 26
64 68 43
64 70 67
64 71 72
64 73 70
64 74 56
64 77 77
64 78 80
64 82 34
64 83 24
64 86 59
64 87 44
64 91 80
64 92 38
64 94 36
64 95 53
64 98 33
64 99 35
65 68 69
65 72 52
65 74 54
65 75 49
65 76 85
65 78 63
65 79 67
65 80 115
65 81 112
65 83 113
65 84 111
65 90 101
65 91 92
65 93 94
65 94 76
65 97 96
65 98 86
66 67 60
66 69 41
66 70 43
66 71 83
66 72 42
66 73 41
66 74 44
66 75 37
66 77 10
66 80 104
66 81 101
66 82 61
66 83 101
66 84 99
66 85 86
66 88 97
66 91 85
66 92 64
66 94 65
66 95 48
66 96 105
66 97 89
66 98 74
67 68 31
67 70 45
67 71 61
67 74 37
67 81 45
67 86 33
67 87 19
67 88 37
67 90 48
67 93 23
67 94 29
67 95 31
67 96 51
67 97 72
68 69 20
68 70 65
68 71 91
68 72 52
68 73 66
68 74 16
68 77 49
68 80 74
68 84 59
68 85 76
68 86 41
68 87 35
68 88 60
68 89 42
68 90 79
68 93 40
68 94 8
68 97 101
68 99 11
69 70 47
69 71 77
69 72 35
69 73 47
69 74 14
69 75 12
69 76 68
69 77 31
69 78 65
69 80 73
69 81 71
69 82 21
69 85 68
69 86 21
69 91 83
69 92 24
69 96 77
69 97 87
69 99 28
70 71 40
70 79 41
70 80 72
70 86 28
70 87 30
70 88 71
70 89 42
70 92 67
70 93 65
70 96 71
70 97 47
70 99 70
71 72 45
71 74 91
71 75 66
71 78 30
71 82 84
71 84 72
71 85 27
71 86 64
71 89 81
71 93 72
71 96 52
71 97 10
72 74 48
72 76 37
72 78 30
72 79 28
72 83 65
72 84 65
72 87 17
72 89 36
72 90 49
72 92 54
72 94 54
72 95 7
72 96 65
73 76 36
73 77 40
73 79 43
73 80 75
73 81 73
73 82 63
73 83 76
73 84 78
73 85 50
73 88 74
73 90 54
73 91 44
73 92 68
73 94 69
73 95 17
73 96 74
74 75 25
74 78 77
74 79 34
74 80 84
74 81 81
74 83 78
74 85 81
74 86 32
74 88 72
74 89 27
74 92 22
74 93 53
74 94 24
74 95 53
74 96 89
74 97 100
74 99 28
75 76 57
75 80 69
75 81 66
75 82 29
75 83 65
75 84 62
75 85 58
75 86 11
75 87 8
75 88 60
75 89 23
75 90 62
75 91 71
75 92 34
75 93 45
75 94 34
75 95 27
75 97 75
75 99 37
76 77 73
76 79 52
76 85 21
76 86 56
76 89 73
76 90 23
76 92 81
76 93 63
76 94 80
76 96 47
76 97 20
76 98 84
77 78 57
77 82 51
77 83 93
77 89 7
77 90 85
77 91 84
77 92 54
77 95 44
77 96 98
77 98 65
77 99 59
78 81 76
78 85 48
78 87 48
78 89 60
78 91 30
78 92 84
78 99 87
79 80 52
79 81 49
79 85 48
79 86 28
79 87 14
79 90 51
79 94 28
79 95 29
80 81 3
80 82 65
80 83 10
80 86 76
80 88 16
80 91 66
80 93 35
80 94 68
80 95 59
80 96 9
80 99 67
81 82 62
81 83 9
81 84 19
81 86 74
81 87 59
81 88 14
81 91 65
81 92 67
81 93 33
81 95 57
82 83 57
82 84 50
82 85 68
82 87 31
82 88 51
82 89 45
82 91 91
82 95 51
82 96 71
82 98 14
83 84 11
83 85 38
83 86 74
83 87 59
83 88 6
83 90 37
83 93 27
83 94 60
83 96 19
83 99 59
84 87 57
84 90 46
84 97 82
85 86 62
85 87 51
85 88 39
85 89 79
85 91 35
85 92 74
85 93 49
85 95 38
85 96 26
86 90 66
86 93 56
86 95 26
87 93 42
87 95 21
87 96 64
87 97 68
87 98 44
88 95 57
88 97 75
88 98 51
88 99 52
89 92 47
89 93 68
89 94 48
89 96 94
89 97 88
90 92 77
90 93 51
90 94 76
90 96 24
90 99 76
91 92 97
91 93 80
91 95 44
91 99 98
92 95 56
92 96 76
92 97 101
92 99 5
93 94 33
93 96 43
93 97 82
93 98 30
93 99 31
94 98 9
94 99 3
95 97 48
95 99 59
96 99 73
98 99 6
