20 0.3 0 1 0.1 190 57 7
0.930459 0.997182 0
0.24432 0.463409 9
0.786557 0.817436 2
0.799789 0.422609 6
0.786112 0.389902 6
0.55095 0.817613 4
0.0660516 0.333968 11
0.910863 0.23182 8
0.0972009 0.383562 10
0.767218 0.619362 4
0.588708 0.560203 6
0.0412819 0.380921 11
0.271964 0.769811 7
0.962466 0.176398 8
0.503481 0.757088 5
0.429443 0.802261 5
0.606579 0.70354 4
0.366733 0.852298 6
0.802965 0.456879 6
0.682305 0.18789 8
0 1 87
0 2 23
0 3 59
0 4 62
0 5 42
0 6 109
0 7 77
0 8 103
0 9 41
0 10 55
0 11 108
0 12 70
0 13 82
0 14 49
0 15 54
0 16 44
0 17 58
0 18 56
0 19 85
1 2 65
1 3 56
1 4 55
1 5 47
1 6 22
1 7 71
1 8 17
1 9 55
1 10 36
1 11 22
1 12 31
1 13 77
1 14 39
1 15 39
1 16 43
1 17 41
1 18 56
1 19 52
2 3 40
2 4 43
2 5 24
2 6 87
2 7 60
2 8 81
2 9 20
2 10 32
2 11 86
2 12 52
2 13 66
2 14 29
2 15 36
2 16 21
2 17 42
2 18 36
2 19 64
3 4 4
3 5 47
3 6 74
3 7 22
3 8 70
3 9 20
3 10 25
3 11 76
3 12 63
3 13 30
3 14 45
3 15 53
3 16 34
3 17 61
3 18 3
3 19 26
4 5 49
4 6 72
4 7 20
4 8 69
4 9 23
4 10 26
4 11 74
4 12 64
4 13 28
4 14 46
4 15 55
4 16 36
4 17 62
4 18 7
4 19 23
5 6 68
5 7 69
5 8 63
5 9 29
5 10 26
5 11 67
5 12 28
5 13 76
5 14 8
5 15 12
5 16 13
5 17 19
5 18 44
5 19 64
6 7 85
6 8 6
6 9 76
6 10 57
6 11 5
6 12 48
6 13 91
6 14 61
6 15 59
6 16 65
6 17 60
6 18 75
6 19 63
7 8 83
7 9 41
7 10 46
7 11 88
7 12 84
7 13 8
7 14 66
7 15 75
7 16 56
7 17 83
7 18 25
7 19 23
8 9 71
8 10 52
8 11 6
8 12 42
8 13 89
8 14 55
8 15 53
8 16 60
8 17 54
8 18 71
8 19 62
9 10 19
9 11 76
9 12 52
9 13 48
9 14 30
9 15 38
9 16 18
9 17 46
9 18 17
9 19 44
10 11 58
10 12 38
10 13 54
10 14 21
10 15 29
10 16 14
10 17 37
10 18 24
10 19 38
11 12 45
11 13 94
11 14 60
11 15 57
11 16 65
11 17 57
11 18 77
11 19 67
12 13 91
12 14 23
12 15 16
12 16 34
12 17 13
12 18 62
12 19 71
13 14 74
13 15 82
13 16 64
13 17 90
13 18 32
13 19 28
14 15 9
14 16 12
14 17 17
14 18 42
14 19 60
15 16 20
15 17 8
15 18 51
15 19 66
16 17 28
16 18 32
16 19 52
17 18 59
17 19 74
18 19 29
0 1 87
0 6 109
0 9 41
0 10 55
0 11 108
0 12 70
0 15 54
0 18 56
1 6 22
1 12 31
1 16 43
2 3 40
2 5 24
2 15 36
2 17 42
2 19 64
3 8 70
3 19 26
4 5 49
4 7 20
4 9 23
4 10 26
4 12 64
4 13 28
4 18 7
5 7 69
5 10 26
5 17 19
6 8 6
6 10 57
6 15 59
6 16 65
6 19 63
7 10 46
7 12 84
7 14 66
7 17 83
7 19 23
8 9 71
8 12 42
8 14 55
9 11 76
9 13 48
9 17 46
10 11 58
11 16 65
11 17 57
11 18 77
12 18 62
13 14 74
13 15 82
13 16 64
14 16 12
15 17 8
15 18 51
15 19 66
18 19 29
