100 0.3 20 0 0.1 4950 1485 67
0.171136 0.526304 3
0.730737 0.41608 3
0.884691 0.389549 5
0.0638702 0.658309 4
0.910856 0.881968 6
0.471038 0.72311 1
0.77521 0.90743 5
0.89126 0.454722 5
0.725478 0.204294 5
0.233467 0.756668 3
0.381754 0.522567 1
0.557077 0.157628 4
0.267674 0.938741 4
0.38859 0.950496 4
0.628455 0.411826 3
0.156231 0.584 3
0.796033 0.0796062 6
0.80189 0.493311 4
0.295943 0.860119 3
0.782192 0.421244 4
0.155316 0.536508 3
0.0958535 0.676432 4
0.124923 0.529777 3
0.762786 0.638482 3
0.883968 0.408441 5
0.782788 0.612416 3
0.590518 0.110521 5
0.0755715 0.69089 4
0.751055 0.796379 4
0.859562 0.361276 5
0.603345 0.0597172 5
0.253967 0.982574 4
0.344908 0.405401 2
0.403176 0.619168 1
0.858211 0.605413 4
0.598279 0.29205 3
0.293081 0.542297 2
0.201429 0.752985 3
0.186007 0.31305 4
0.265985 0.271849 4
0.621441 0.989092 4
0.514931 0.197538 4
0.0174789 0.730459 5
0.380644 0.963308 4
0.966922 0.0871752 7
0.741398 0.377027 4
0.816 0.090132 6
0.362861 0.768924 2
0.670568 0.636994 2
0.0130397 0.770106 5
0.804746 0.474139 4
0.838194 0.259715 5
0.752704 0.825553 4
0.965988 0.609297 5
0.900157 0.410755 5
0.123815 0.0740488 6
0.599372 0.416841 2
0.445879 0.582635 0
0.921269 0.427257 5
0.766648 0.764226 4
0.0842375 0.501621 4
0.769806 0.172236 5
0.710083 0.271992 4
0.976911 0.228191 6
0.692371 0.940102 4
0.338175 0.301072 3
0.892969 0.28645 5
0.611261 0.458819 2
0.0174838 0.523111 4
0.0473146 0.322677 5
0.342728 0.98437 4
0.970487 0.67529 5
0.798423 0.421298 4
0.45036 0.347736 2
0.571429 0.873114 3
0.413449 0.886085 3
0.290006 0.611825 2
0.870067 0.494735 4
0.0235865 0.727291 4
0.216011 0.805516 3
0.631445 0.0424852 6
0.0768692 0.523477 4
0.759834 0.0987008 6
0.332854 0.0636262 5
0.90358 0.0243772 7
0.548506 0.727281 2
0.748151 0.976085 5
0.0799438 0.719111 4
0.758959 0.264175 4
0.0327613 0.641707 4
0.452148 0.0928028 5
0.878943 0.8781 5
0.332132 0.642111 1
0.0111991 0.684046 4
0.727172 0.924039 4
0.454605 0.372397 2
0.643456 0.898253 4
0.395877 0.23876 3
0.171897 0.913759 4
0.646327 0.198885 4
0 1 57
0 2 73
0 3 17
0 4 82
0 5 36
0 6 71
0 7 72
0 8 64
0 9 24
0 10 21
0 11 53
0 12 42
0 13 48
0 14 47
0 15 6
0 16 77
0 17 63
0 18 36
0 19 62
0 20 2
0 21 17
0 22 5
0 23 60
0 24 72
0 25 62
0 26 59
0 27 19
0 28 64
0 29 71
0 30 64
0 31 46
0 32 21
0 33 25
0 34 69
0 35 49
0 36 12
0 37 23
0 38 21
0 39 27
0 40 65
0 41 48
0 42 26
0 43 48
0 44 91
0 45 59
0 46 78
0 47 31
0 48 51
0 49 29
0 50 64
0 51 72
0 52 65
0 53 80
0 54 74
0 55 45
0 56 44
0 57 28
0 58 76
0 59 64
0 60 9
0 61 70
0 62 60
0 63 86
0 64 67
0 65 28
0 66 76
0 67 45
0 68 15
0 69 24
0 70 49
0 71 81
0 72 64
0 73 33
0 74 53
0 75 43
0 76 15
0 77 70
0 78 25
0 79 28
0 80 67
0 81 9
0 82 73
0 83 49
0 84 89
0 85 43
0 86 73
0 87 21
0 88 64
0 89 18
0 90 52
0 91 79
0 92 20
0 93 22
0 94 68
0 95 32
0 96 60
0 97 36
0 98 39
0 99 58
1 2 16
1 3 71
1 4 50
1 5 40
1 6 49
1 7 17
1 8 21
1 9 60
1 10 36
1 11 31
1 12 70
1 13 63
1 14 10
1 15 60
1 16 34
1 17 11
1 18 62
1 19 5
1 20 59
1 21 69
1 22 62
1 23 22
1 24 15
1 25 20
1 26 34
1 27 71
1 28 38
1 29 14
1 30 38
1 31 74
1 32 39
1 33 39
1 34 23
1 35 18
1 36 46
1 37 63
1 38 55
1 39 49
1 40 58
1 41 31
1 42 78
1 43 65
1 44 40
1 45 4
1 46 34
1 47 51
1 48 23
1 49 80
1 50 9
1 51 19
1 52 41
1 53 30
1 54 17
1 55 70
1 56 13
1 57 33
1 58 19
1 59 35
1 60 65
1 61 25
1 62 15
1 63 31
1 64 53
1 65 41
1 66 21
1 67 13
1 68 72
1 69 69
1 70 69
1 71 35
1 72 7
1 73 29
1 74 48
1 75 57
1 76 48
1 77 16
1 78 77
1 79 65
1 80 39
1 81 66
1 82 32
1 83 53
1 84 43
1 85 36
1 86 56
1 87 72
1 88 15
1 89 73
1 90 43
1 91 49
1 92 46
1 93 77
1 94 51
1 95 28
1 96 49
1 97 38
1 98 75
1 99 23
2 3 86
2 4 49
2 5 53
2 6 53
2 7 7
2 8 24
2 9 75
2 10 52
2 11 40
2 12 83
2 13 75
2 14 26
2 15 75
2 16 32
2 17 13
2 18 75
2 19 11
2 20 74
2 21 84
2 22 77
2 23 28
2 24 2
2 25 25
2 26 41
2 27 86
2 28 43
2 29 4
2 30 43
2 31 87
2 32 54
2 33 53
2 34 22
2 35 30
2 36 61
2 37 77
2 38 70
2 39 63
2 40 65
2 41 42
2 42 93
2 43 76
2 44 31
2 45 14
2 46 31
2 47 65
2 48 33
2 49 95
2 50 12
2 51 14
2 52 46
2 53 23
2 54 3
2 55 82
2 56 29
2 57 48
2 58 5
2 59 39
2 60 81
2 61 25
2 62 21
2 63 19
2 64 58
2 65 55
2 66 10
2 67 28
2 68 88
2 69 84
2 70 80
2 71 30
2 72 9
2 73 44
2 74 58
2 75 68
2 76 63
2 77 11
2 78 92
2 79 79
2 80 43
2 81 82
2 82 32
2 83 64
2 84 37
2 85 48
2 86 60
2 87 87
2 88 18
2 89 89
2 90 52
2 91 49
2 92 61
2 93 92
2 94 56
2 95 43
2 96 56
2 97 51
2 98 88
2 99 31
3 4 88
3 5 41
3 6 75
3 7 85
3 8 80
3 9 20
3 10 35
3 11 70
3 12 35
3 13 44
3 14 62
3 15 12
3 16 93
3 17 76
3 18 31
3 19 76
3 20 15
3 21 4
3 22 14
3 23 70
3 24 86
3 25 72
3 26 76
3 27 3
3 28 70
3 29 85
3 30 81
3 31 38
3 32 38
3 33 34
3 34 80
3 35 65
3 36 26
3 37 17
3 38 37
3 39 44
3 40 65
3 41 64
3 42 9
3 43 44
3 44 107
3 45 73
3 46 94
3 47 32
3 48 61
3 49 12
3 50 76
3 51 87
3 52 71
3 53 90
3 54 87
3 55 59
3 56 59
3 57 39
3 58 89
3 59 71
3 60 16
3 61 86
3 62 75
3 63 101
3 64 69
3 65 45
3 66 91
3 67 58
3 68 14
3 69 34
3 70 43
3 71 91
3 72 77
3 73 50
3 74 55
3 75 42
3 76 23
3 77 82
3 78 8
3 79 21
3 80 84
3 81 14
3 82 89
3 83 65
3 84 105
3 85 49
3 86 75
3 87 6
3 88 80
3 89 4
3 90 69
3 91 84
3 92 27
3 93 6
3 94 71
3 95 48
3 96 63
3 97 54
3 98 28
3 99 74
4 5 47
4 6 14
4 7 43
4 8 70
4 9 69
4 10 64
4 11 81
4 12 65
4 13 53
4 14 55
4 15 81
4 16 81
4 17 40
4 18 62
4 19 48
4 20 83
4 21 84
4 22 86
4 23 28
4 24 47
4 25 30
4 26 84
4 27 86
4 28 18
4 29 52
4 30 88
4 31 66
4 32 74
4 33 57
4 34 28
4 35 67
4 36 70
4 37 72
4 38 92
4 39 89
4 40 31
4 41 79
4 42 91
4 43 54
4 44 80
4 45 53
4 46 80
4 47 56
4 48 34
4 49 90
4 50 42
4 51 63
4 52 17
4 53 28
4 54 47
4 55 113
4 56 56
4 57 55
4 58 45
4 59 19
4 60 91
4 61 72
4 62 64
4 63 66
4 64 23
4 65 82
4 66 60
4 67 52
4 68 96
4 69 103
4 70 58
4 71 22
4 72 47
4 73 71
4 74 34
4 75 50
4 76 68
4 77 39
4 78 90
4 79 70
4 80 88
4 81 91
4 82 80
4 83 100
4 84 86
4 85 39
4 86 19
4 87 85
4 88 64
4 89 91
4 90 91
4 91 3
4 92 63
4 93 92
4 94 19
4 95 68
4 96 27
4 97 82
4 98 74
4 99 73
5 6 36
5 7 50
5 8 58
5 9 24
5 10 22
5 11 57
5 12 30
5 13 24
5 14 35
5 15 34
5 16 72
5 17 40
5 18 22
5 19 43
5 20 37
5 21 38
5 22 40
5 23 30
5 24 52
5 25 33
5 26 62
5 27 40
5 28 29
5 29 53
5 30 68
5 31 34
5 32 34
5 33 12
5 34 40
5 35 45
5 36 25
5 37 27
5 38 50
5 39 50
5 40 31
5 41 53
5 42 45
5 43 26
5 44 81
5 45 44
5 46 72
5 47 12
5 48 22
5 49 46
5 50 42
5 51 59
5 52 30
5 53 51
5 54 53
5 55 74
5 56 33
5 57 14
5 58 54
5 59 30
5 60 45
5 61 63
5 62 51
5 63 71
5 64 31
5 65 44
5 66 61
5 67 30
5 68 50
5 69 58
5 70 29
5 71 50
5 72 45
5 73 38
5 74 18
5 75 17
5 76 21
5 77 46
5 78 45
5 79 27
5 80 70
5 81 44
5 82 69
5 83 67
5 84 82
5 85 8
5 86 38
5 87 39
5 88 54
5 89 45
5 90 63
5 91 44
5 92 16
5 93 46
5 94 33
5 95 35
5 96 25
5 97 49
5 98 35
5 99 55
6 7 47
6 8 70
6 9 56
6 10 55
6 11 78
6 12 51
6 13 39
6 14 52
6 15 70
6 16 83
6 17 41
6 18 48
6 19 49
6 20 72
6 21 72
6 22 75
6 23 27
6 24 51
6 25 30
6 26 82
6 27 73
6 28 11
6 29 55
6 30 86
6 31 53
6 32 66
6 33 47
6 34 31
6 35 64
6 36 60
6 37 59
6 38 84
6 39 81
6 40 17
6 41 76
6 42 78
6 43 40
6 44 84
6 45 53
6 46 82
6 47 43
6 48 29
6 49 77
6 50 43
6 51 65
6 52 8
6 53 35
6 54 51
6 55 106
6 56 52
6 57 46
6 58 50
6 59 14
6 60 80
6 61 74
6 62 64
6 63 71
6 64 9
6 65 75
6 66 63
6 67 48
6 68 85
6 69 93
6 70 44
6 71 30
6 72 49
6 73 65
6 74 21
6 75 36
6 76 57
6 77 42
6 78 77
6 79 57
6 80 88
6 81 80
6 82 81
6 83 95
6 84 89
6 85 29
6 86 7
6 87 72
6 88 64
6 89 79
6 90 88
6 91 11
6 92 52
6 93 80
6 94 5
6 95 62
6 96 13
6 97 77
6 98 60
6 99 72
7 8 30
7 9 72
7 10 51
7 11 45
7 12 79
7 13 71
7 14 27
7 15 75
7 16 39
7 17 10
7 18 72
7 19 11
7 20 74
7 21 83
7 22 77
7 23 22
7 24 5
7 25 19
7 26 46
7 27 85
7 28 37
7 29 10
7 30 49
7 31 83
7 32 55
7 33 52
7 34 15
7 35 34
7 36 60
7 37 75
7 38 72
7 39 65
7 40 60
7 41 46
7 42 92
7 43 72
7 44 38
7 45 17
7 46 37
7 47 61
7 48 29
7 49 93
7 50 9
7 51 20
7 52 40
7 53 17
7 54 4
7 55 86
7 56 29
7 57 46
7 58 4
7 59 33
7 60 81
7 61 31
7 62 26
7 63 24
7 64 52
7 65 57
7 66 17
7 67 28
7 68 88
7 69 85
7 70 76
7 71 23
7 72 10
7 73 45
7 74 53
7 75 64
7 76 62
7 77 5
7 78 91
7 79 76
7 80 49
7 81 82
7 82 38
7 83 68
7 84 43
7 85 44
7 86 54
7 87 85
7 88 23
7 89 88
7 90 57
7 91 42
7 92 59
7 93 91
7 94 50
7 95 44
7 96 51
7 97 54
7 98 85
7 99 35
8 9 74
8 10 47
8 11 17
8 12 87
8 13 82
8 14 23
8 15 68
8 16 14
8 17 30
8 18 78
8 19 22
8 20 66
8 21 79
8 22 68
8 23 44
8 24 26
8 25 41
8 26 16
8 27 81
8 28 59
8 29 21
8 30 19
8 31 91
8 32 43
8 33 53
8 34 42
8 35 15
8 36 55
8 37 76
8 38 55
8 39 46
8 40 79
8 41 21
8 42 88
8 43 83
8 44 27
8 45 17
8 46 15
8 47 67
8 48 44
8 49 91
8 50 28
8 51 13
8 52 62
8 53 47
8 54 27
8 55 62
8 56 25
8 57 47
8 58 30
8 59 56
8 60 71
8 61 5
8 62 7
8 63 25
8 64 74
8 65 40
8 66 19
8 67 28
8 68 78
8 69 69
8 70 87
8 71 53
8 72 23
8 73 31
8 74 69
8 75 75
8 76 60
8 77 32
8 78 88
8 79 79
8 80 19
8 81 72
8 82 11
8 83 42
8 84 25
8 85 55
8 86 77
8 87 83
8 88 7
8 89 82
8 90 30
8 91 69
8 92 59
8 93 86
8 94 72
8 95 32
8 96 70
8 97 33
8 98 90
8 99 8
9 10 28
9 11 68
9 12 19
9 13 25
9 14 52
9 15 19
9 16 88
9 17 63
9 18 12
9 19 64
9 20 23
9 21 16
9 22 25
9 23 54
9 24 74
9 25 57
9 26 74
9 27 17
9 28 52
9 29 74
9 30 79
9 31 23
9 32 37
9 33 22
9 34 64
9 35 59
9 36 22
9 37 3
9 38 45
9 39 49
9 40 45
9 41 63
9 42 22
9 43 25
9 44 99
9 45 63
9 46 89
9 47 13
9 48 45
9 49 22
9 50 64
9 51 78
9 52 52
9 53 75
9 54 75
9 55 69
9 56 50
9 57 27
9 58 76
9 59 53
9 60 30
9 61 79
9 62 68
9 63 91
9 64 49
9 65 47
9 66 81
9 67 48
9 68 32
9 69 47
9 70 25
9 71 74
9 72 66
9 73 46
9 74 36
9 75 22
9 76 16
9 77 69
9 78 21
9 79 5
9 80 82
9 81 28
9 82 84
9 83 70
9 84 99
9 85 32
9 86 56
9 87 16
9 88 72
9 89 23
9 90 70
9 91 66
9 92 15
9 93 23
9 94 52
9 95 44
9 96 43
9 97 54
9 98 17
9 99 69
10 11 40
10 12 43
10 13 43
10 14 27
10 15 23
10 16 61
10 17 42
10 18 35
10 19 41
10 20 23
10 21 32
10 22 26
10 23 40
10 24 52
10 25 41
10 26 46
10 27 35
10 28 46
10 29 50
10 30 51
10 31 48
10 32 12
10 33 10
10 34 48
10 35 32
10 36 9
10 37 29
10 38 29
10 39 28
10 40 52
10 41 35
10 42 42
10 43 44
10 44 73
10 45 39
10 46 61
10 47 25
10 48 31
10 49 44
10 50 43
10 51 53
10 52 48
10 53 59
10 54 53
10 55 52
10 56 24
10 57 9
10 58 55
10 59 45
10 60 30
10 61 52
10 62 41
10 63 66
10 64 52
10 65 23
10 66 56
10 67 24
10 68 36
10 69 39
10 70 46
10 71 61
10 72 43
10 73 19
10 74 40
10 75 36
10 76 13
10 77 49
10 78 41
10 79 33
10 80 54
10 81 30
10 82 57
10 83 46
10 84 72
10 85 26
10 86 58
10 87 36
10 88 46
10 89 37
10 90 44
10 91 61
10 92 13
10 93 40
10 94 53
10 95 17
10 96 46
10 97 28
10 98 44
10 99 42
11 12 83
11 13 81
11 14 26
11 15 59
11 16 25
11 17 42
11 18 75
11 19 35
11 20 55
11 21 69
11 22 57
11 23 52
11 24 41
11 25 51
11 26 6
11 27 72
11 28 67
11 29 36
11 30 11
11 31 88
11 32 33
11 33 49
11 34 54
11 35 14
11 36 47
11 37 69
11 38 40
11 39 31
11 40 83
11 41 6
11 42 79
11 43 82
11 44 42
11 45 29
11 46 27
11 47 64
11 48 49
11 49 82
11 50 40
11 51 30
11 52 70
11 53 61
11 54 43
11 55 44
11 56 26
11 57 44
11 58 45
11 59 64
11 60 58
11 61 21
11 62 19
11 63 43
11 64 79
11 65 26
11 66 36
11 67 31
11 68 65
11 69 54
11 70 85
11 71 66
11 72 36
11 73 22
11 74 72
11 75 74
11 76 53
11 77 46
11 78 78
11 79 73
11 80 14
11 81 60
11 82 21
11 83 24
11 84 37
11 85 57
11 86 84
11 87 74
11 88 23
11 89 71
11 90 12
11 91 79
11 92 53
11 93 76
11 94 79
11 95 24
11 96 75
11 97 18
11 98 85
11 99 10
12 13 12
12 14 64
12 15 37
12 16 101
12 17 70
12 18 8
12 19 73
12 20 42
12 21 31
12 22 43
12 23 58
12 24 81
12 25 61
12 26 89
12 27 31
12 28 50
12 29 83
12 30 94
12 31 5
12 32 54
12 33 35
12 34 68
12 35 73
12 36 40
12 37 20
12 38 63
12 39 67
12 40 36
12 41 78
12 42 33
12 43 12
12 44 110
12 45 73
12 46 101
12 47 19
12 48 50
12 49 31
12 50 71
12 51 89
12 52 50
12 53 77
12 54 82
12 55 88
12 56 62
12 57 40
12 58 83
12 59 53
12 60 47
12 61 92
12 62 80
12 63 100
12 64 42
12 65 64
12 66 90
12 67 59
12 68 49
12 69 65
12 70 9
12 71 75
12 72 74
12 73 62
12 74 31
12 75 15
12 76 33
12 77 75
12 78 32
12 79 14
12 80 97
12 81 46
12 82 97
12 83 88
12 84 111
12 85 35
12 86 48
12 87 29
12 88 83
12 89 38
12 90 87
12 91 61
12 92 30
12 93 36
12 94 46
12 95 60
12 96 38
12 97 71
12 98 10
12 99 83
13 14 59
13 15 43
13 16 96
13 17 62
13 18 13
13 19 66
13 20 48
13 21 40
13 22 50
13 23 49
13 24 73
13 25 52
13 26 86
13 27 41
13 28 39
13 29 75
13 30 92
13 31 14
13 32 55
13 33 33
13 34 58
13 35 69
13 36 42
13 37 27
13 38 67
13 39 69
13 40 24
13 41 76
13 42 43
13 43 2
13 44 104
13 45 67
13 46 96
13 47 18
13 48 42
13 49 42
13 50 63
13 51 82
13 52 38
13 53 67
13 54 74
13 55 92
13 56 57
13 57 37
13 58 75
13 59 42
13 60 54
13 61 87
13 62 75
13 63 93
13 64 30
13 65 65
13 66 83
13 67 54
13 68 57
13 69 71
13 70 6
13 71 64
13 72 67
13 73 61
13 74 20
13 75 7
13 76 35
13 77 66
13 78 43
13 79 23
13 80 94
13 81 53
13 82 93
13 83 89
13 84 106
13 85 27
13 86 36
13 87 39
13 88 78
13 89 47
13 90 86
13 91 50
13 92 31
13 93 46
13 94 34
13 95 58
13 96 26
13 97 71
13 98 22
13 99 79
14 15 50
14 16 37
14 17 19
14 18 56
14 19 15
14 20 49
14 21 59
14 22 52
14 23 26
14 24 26
14 25 25
14 26 30
14 27 62
14 28 40
14 29 24
14 30 35
14 31 68
14 32 28
14 33 31
14 34 30
14 35 12
14 36 36
14 37 55
14 38 45
14 39 39
14 40 58
14 41 24
14 42 69
14 43 60
14 44 47
14 45 12
14 46 37
14 47 45
14 48 23
14 49 71
14 50 19
14 51 26
14 52 43
14 53 39
14 54 27
14 55 61
14 56 3
14 57 25
14 58 29
14 59 38
14 60 55
14 61 28
14 62 16
14 63 39
14 64 53
14 65 31
14 66 29
14 67 5
14 68 62
14 69 59
14 70 64
14 71 43
14 72 17
14 73 19
14 74 46
14 75 52
14 76 39
14 77 26
14 78 68
14 79 57
14 80 37
14 81 56
14 82 34
14 83 46
14 84 48
14 85 33
14 86 58
14 87 63
14 88 20
14 89 64
14 90 36
14 91 53
14 92 38
14 93 67
14 94 52
14 95 18
14 96 49
14 97 29
14 98 68
14 99 21
15 16 81
15 17 65
15 18 31
15 19 65
15 20 5
15 21 11
15 22 6
15 23 61
15 24 75
15 25 63
15 26 64
15 27 13
15 28 63
15 29 74
15 30 69
15 31 41
15 32 26
15 33 25
15 34 70
15 35 53
15 36 14
15 37 17
15 38 27
15 39 33
15 40 62
15 41 53
15 42 20
15 43 44
15 44 95
15 45 62
15 46 82
15 47 28
15 48 52
15 49 23
15 50 66
15 51 76
15 52 64
15 53 81
15 54 76
15 55 51
15 56 47
15 57 29
15 58 78
15 59 64
15 60 11
15 61 74
15 62 64
15 63 89
15 64 64
15 65 34
15 66 79
15 67 47
15 68 15
15 69 28
15 70 44
15 71 82
15 72 66
15 73 38
15 74 51
15 75 40
15 76 14
15 77 72
15 78 20
15 79 23
15 80 72
15 81 10
15 82 77
15 83 55
15 84 93
15 85 42
15 86 71
15 87 16
15 88 68
15 89 14
15 90 57
15 91 78
15 92 19
15 93 18
15 94 66
15 95 37
15 96 58
15 97 42
15 98 33
15 99 62
16 17 41
16 18 93
16 19 34
16 20 79
16 21 92
16 22 81
16 23 56
16 24 34
16 25 53
16 26 21
16 27 94
16 28 72
16 29 29
16 30 19
16 31 105
16 32 56
16 33 67
16 34 53
16 35 29
16 36 68
16 37 90
16 38 65
16 39 56
16 40 93
16 41 30
16 42 101
16 43 98
16 44 17
16 45 30
16 46 2
16 47 81
16 48 57
16 49 104
16 50 39
16 51 18
16 52 75
16 53 56
16 54 35
16 55 67
16 56 39
16 57 61
16 58 37
16 59 69
16 60 83
16 61 10
16 62 21
16 63 23
16 64 87
16 65 51
16 66 23
16 67 42
16 68 90
16 69 79
16 70 101
16 71 62
16 72 34
16 73 44
16 74 82
16 75 89
16 76 73
16 77 42
16 78 101
16 79 93
16 80 17
16 81 85
16 82 4
16 83 46
16 84 12
16 85 69
16 86 90
16 87 96
16 88 19
16 89 95
16 90 34
16 91 80
16 92 73
16 93 99
16 94 85
16 95 45
16 96 83
16 97 43
16 98 104
16 99 19
17 18 62
17 19 7
17 20 65
17 21 73
17 22 68
17 23 15
17 24 12
17 25 12
17 26 44
17 27 75
17 28 31
17 29 14
17 30 48
17 31 73
17 32 47
17 33 42
17 34 13
17 35 29
17 36 51
17 37 65
17 38 64
17 39 58
17 40 53
17 41 41
17 42 82
17 43 63
17 44 44
17 45 13
17 46 40
17 47 52
17 48 19
17 49 84
17 50 2
17 51 24
17 52 34
17 53 20
17 54 13
17 55 80
17 56 22
17 57 37
17 58 14
17 59 27
17 60 72
17 61 32
17 62 24
17 63 32
17 64 46
17 65 50
17 66 23
17 67 19
17 68 78
17 69 77
17 70 67
17 71 25
17 72 7
17 73 38
17 74 44
17 75 55
17 76 53
17 77 7
17 78 81
17 79 66
17 80 48
17 81 73
17 82 40
17 83 64
17 84 48
17 85 34
17 86 49
17 87 76
17 88 23
17 89 78
17 90 53
17 91 39
17 92 49
17 93 81
17 94 44
17 95 37
17 96 43
17 97 48
17 98 76
17 99 33
18 19 66
18 20 35
18 21 27
18 22 37
18 23 52
18 24 74
18 25 55
18 26 81
18 27 28
18 28 46
18 29 75
18 30 86
18 31 13
18 32 46
18 33 26
18 34 62
18 35 64
18 36 32
18 37 14
18 38 56
18 39 59
18 40 35
18 41 70
18 42 31
18 43 13
18 44 102
18 45 66
18 46 93
18 47 11
18 48 44
18 49 30
18 50 64
18 51 81
18 52 46
18 53 72
18 54 75
18 55 80
18 56 54
18 57 32
18 58 76
18 59 48
18 60 42
18 61 84
18 62 72
18 63 93
18 64 40
18 65 56
18 66 83
18 67 51
18 68 44
18 69 59
18 70 13
18 71 70
18 72 67
18 73 54
18 74 28
18 75 12
18 76 25
18 77 68
18 78 30
18 79 10
18 80 88
18 81 40
18 82 89
18 83 80
18 84 103
18 85 29
18 86 47
18 87 26
18 88 75
18 89 34
18 90 78
18 91 58
18 92 22
18 93 33
18 94 44
18 95 51
18 96 35
18 97 63
18 98 14
18 99 75
19 20 64
19 21 73
19 22 67
19 23 22
19 24 10
19 25 19
19 26 37
19 27 76
19 28 38
19 29 10
19 30 40
19 31 77
19 32 44
19 33 43
19 34 20
19 35 22
19 36 50
19 37 67
19 38 61
19 39 54
19 40 59
19 41 35
19 42 82
19 43 67
19 44 38
19 45 6
19 46 33
19 47 54
19 48 24
19 49 84
19 50 6
19 51 17
19 52 41
19 53 26
19 54 12
19 55 74
19 56 18
19 57 37
19 58 14
19 59 34
19 60 70
19 61 25
19 62 17
19 63 27
19 64 53
19 65 46
19 66 17
19 67 18
19 68 77
19 69 74
19 70 71
19 71 32
19 72 2
19 73 34
19 74 50
19 75 59
19 76 53
19 77 11
19 78 82
19 79 68
19 80 41
19 81 71
19 82 32
19 83 57
19 84 42
19 85 39
19 86 56
19 87 76
19 88 16
19 89 78
19 90 47
19 91 47
19 92 50
19 93 81
19 94 51
19 95 33
19 96 50
19 97 43
19 98 78
19 99 26
20 21 15
20 22 3
20 23 62
20 24 74
20 25 63
20 26 61
20 27 17
20 28 65
20 29 73
20 30 65
20 31 46
20 32 23
20 33 26
20 34 71
20 35 51
20 36 14
20 37 22
20 38 23
20 39 29
20 40 65
20 41 49
20 42 24
20 43 48
20 44 93
20 45 61
20 46 80
20 47 31
20 48 52
20 49 27
20 50 65
20 51 74
20 52 66
20 53 81
20 54 76
20 55 46
20 56 46
20 57 29
20 58 77
20 59 65
20 60 8
20 61 71
20 62 61
20 63 88
20 64 67
20 65 30
20 66 78
20 67 46
20 68 14
20 69 24
20 70 49
20 71 83
20 72 65
20 73 35
20 74 54
20 75 43
20 76 15
20 77 72
20 78 23
20 79 28
20 80 69
20 81 8
20 82 75
20 83 51
20 84 91
20 85 44
20 86 74
20 87 20
20 88 66
20 89 16
20 90 53
20 91 80
20 92 21
20 93 21
20 94 69
20 95 34
20 96 61
20 97 38
20 98 38
20 99 60
21 22 15
21 23 67
21 24 83
21 25 69
21 26 75
21 27 2
21 28 67
21 29 83
21 30 80
21 31 34
21 32 37
21 33 31
21 34 77
21 35 63
21 36 24
21 37 13
21 38 37
21 39 44
21 40 61
21 41 64
21 42 10
21 43 40
21 44 105
21 45 71
21 46 93
21 47 28
21 48 58
21 49 13
21 50 74
21 51 85
21 52 67
21 53 87
21 54 85
21 55 60
21 56 57
21 57 36
21 58 86
21 59 68
21 60 18
21 61 84
21 62 74
21 63 99
21 64 65
21 65 45
21 66 89
21 67 56
21 68 17
21 69 36
21 70 39
21 71 87
21 72 75
21 73 48
21 74 51
21 75 38
21 76 20
21 77 80
21 78 9
21 79 18
21 80 83
21 81 15
21 82 88
21 83 66
21 84 104
21 85 46
21 86 72
21 87 5
21 88 78
21 89 7
21 90 68
21 91 81
21 92 24
21 93 8
21 94 68
21 95 47
21 96 59
21 97 53
21 98 25
21 99 73
22 23 65
22 24 77
22 25 66
22 26 63
22 27 17
22 28 68
22 29 75
22 30 67
22 31 47
22 32 25
22 33 29
22 34 74
22 35 53
22 36 17
22 37 24
22 38 23
22 39 29
22 40 68
22 41 51
22 42 23
22 43 50
22 44 95
22 45 64
22 46 82
22 47 34
22 48 56
22 49 27
22 50 68
22 51 76
22 52 69
22 53 84
22 54 78
22 55 46
22 56 49
22 57 33
22 58 80
22 59 68
22 60 5
22 61 74
22 62 64
22 63 90
22 64 70
22 65 31
22 66 81
22 67 49
22 68 11
22 69 22
22 70 50
22 71 86
22 72 68
22 73 37
22 74 56
22 75 46
22 76 18
22 77 75
22 78 22
22 79 29
22 80 70
22 81 5
22 82 77
22 83 51
22 84 93
22 85 47
22 86 77
22 87 19
22 88 69
22 89 14
22 90 55
22 91 83
22 92 24
22 93 19
22 94 72
22 95 37
22 96 64
22 97 40
22 98 39
22 99 62
23 24 26
23 25 3
23 26 56
23 27 69
23 28 16
23 29 29
23 30 60
23 31 61
23 32 48
23 33 36
23 34 10
23 35 38
23 36 48
23 37 57
23 38 66
23 39 62
23 40 38
23 41 51
23 42 75
23 43 50
23 44 59
23 45 26
23 46 55
23 47 42
23 48 9
23 49 76
23 50 17
23 51 39
23 52 19
23 53 21
23 54 27
23 55 85
23 56 28
23 57 32
23 58 26
23 59 13
23 60 69
23 61 47
23 62 37
23 63 46
23 64 31
23 65 54
23 66 38
23 67 24
23 68 75
23 69 78
23 70 54
23 71 21
23 72 22
23 73 43
23 74 30
23 75 43
23 76 47
23 77 18
23 78 74
23 79 57
23 80 61
23 81 70
23 82 54
23 83 72
23 84 63
23 85 23
23 86 34
23 87 69
23 88 37
23 89 73
23 90 63
23 91 27
23 92 43
23 93 75
23 94 29
23 95 41
23 96 29
23 97 54
23 98 65
23 99 45
24 25 23
24 26 42
24 27 86
24 28 41
24 29 5
24 30 45
24 31 85
24 32 54
24 33 52
24 34 20
24 35 31
24 36 61
24 37 76
24 38 70
24 39 63
24 40 64
24 41 43
24 42 92
24 43 75
24 44 33
24 45 15
24 46 33
24 47 63
24 48 31
24 49 94
24 50 10
24 51 16
24 52 44
24 53 22
24 54 2
24 55 83
24 56 28
24 57 47
24 58 4
24 59 37
24 60 81
24 61 26
24 62 22
24 63 20
24 64 57
24 65 56
24 66 12
24 67 28
24 68 87
24 69 84
24 70 79
24 71 28
24 72 9
24 73 44
24 74 56
24 75 67
24 76 63
24 77 9
24 78 92
24 79 78
24 80 44
24 81 82
24 82 33
24 83 65
24 84 38
24 85 46
24 86 58
24 87 86
24 88 19
24 89 88
24 90 53
24 91 47
24 92 60
24 93 92
24 94 54
24 95 43
24 96 55
24 97 52
24 98 87
24 99 32
25 26 54
25 27 71
25 28 19
25 29 26
25 30 58
25 31 65
25 32 48
25 33 38
25 34 8
25 35 37
25 36 49
25 37 60
25 38 67
25 39 62
25 40 41
25 41 49
25 42 77
25 43 53
25 44 56
25 45 24
25 46 52
25 47 45
25 48 11
25 49 79
25 50 14
25 51 36
25 52 22
25 53 18
25 54 23
25 55 85
25 56 27
25 57 34
25 58 23
25 59 15
25 60 71
25 61 44
25 62 35
25 63 43
25 64 34
25 65 54
25 66 34
25 67 23
25 68 77
25 69 79
25 70 58
25 71 20
25 72 19
25 73 42
25 74 34
25 75 46
25 76 49
25 77 15
25 78 77
25 79 60
25 80 59
25 81 71
25 82 51
25 83 71
25 84 60
25 85 26
25 86 37
25 87 71
25 88 35
25 89 75
25 90 62
25 91 28
25 92 45
25 93 77
25 94 32
25 95 41
25 96 32
25 97 54
25 98 68
25 99 44
26 27 78
26 28 70
26 29 37
26 30 5
26 31 93
26 32 38
26 33 54
26 34 56
26 35 18
26 36 52
26 37 75
26 38 45
26 39 36
26 40 88
26 41 12
26 42 84
26 43 88
26 44 38
26 45 31
26 46 23
26 47 70
26 48 53
26 49 88
26 50 42
26 51 29
26 52 73
26 53 62
26 54 43
26 55 47
26 56 31
26 57 49
26 58 46
26 59 68
26 60 64
26 61 19
26 62 20
26 63 40
26 64 84
26 65 32
26 66 35
26 67 35
26 68 71
26 69 58
26 70 91
26 71 68
26 72 37
26 73 28
26 74 76
26 75 80
26 76 58
26 77 48
26 78 84
26 79 79
26 80 8
26 81 66
26 82 17
26 83 26
26 84 32
26 85 62
26 86 88
26 87 79
26 88 23
26 89 77
26 90 14
26 91 82
26 92 59
26 93 82
26 94 82
26 95 30
26 96 79
26 97 23
26 98 91
26 99 10
27 28 68
27 29 85
27 30 82
27 31 34
27 32 39
27 33 34
27 34 79
27 35 66
27 36 26
27 37 14
27 38 39
27 39 46
27 40 62
27 41 66
27 42 7
27 43 41
27 44 108
27 45 74
27 46 95
27 47 30
27 48 60
27 49 10
27 50 76
27 51 88
27 52 69
27 53 89
27 54 87
27 55 62
27 56 59
27 57 39
27 58 89
27 59 69
27 60 19
27 61 87
27 62 76
27 63 101
27 64 67
27 65 47
27 66 91
27 67 58
27 68 18
27 69 37
27 70 40
27 71 90
27 72 77
27 73 51
27 74 53
27 75 39
27 76 23
27 77 82
27 78 6
27 79 18
27 80 85
27 81 17
27 82 90
27 83 68
27 84 106
27 85 47
27 86 73
27 87 3
27 88 81
27 89 7
27 90 71
27 91 82
27 92 26
27 93 6
27 94 69
27 95 50
27 96 60
27 97 55
27 98 24
27 99 75
28 29 45
28 30 75
28 31 53
28 32 56
28 33 39
28 34 22
28 35 53
28 36 52
28 37 55
28 38 74
28 39 71
28 40 23
28 41 64
28 42 74
28 43 41
28 44 74
28 45 42
28 46 71
28 47 39
28 48 18
28 49 74
28 50 33
28 51 54
28 52 3
28 53 28
28 54 41
28 55 96
28 56 41
28 57 37
28 58 41
28 59 4
28 60 73
28 61 62
28 62 53
28 63 61
28 64 16
28 65 64
28 66 53
28 67 37
28 68 78
28 69 85
28 70 45
28 71 25
28 72 38
28 73 54
28 74 20
28 75 35
28 76 50
28 77 32
28 78 73
28 79 54
28 80 76
28 81 73
28 82 70
28 83 84
28 84 79
28 85 21
28 86 18
28 87 68
28 88 53
28 89 73
28 90 76
28 91 15
28 92 45
28 93 75
28 94 13
28 95 52
28 96 15
28 97 66
28 98 59
28 99 61
29 30 40
29 31 87
29 32 52
29 33 52
29 34 24
29 35 27
29 36 59
29 37 77
29 38 68
29 39 60
29 40 67
29 41 38
29 42 92
29 43 77
29 44 29
29 45 12
29 46 27
29 47 64
29 48 33
29 49 94
29 50 13
29 51 10
29 52 48
29 53 27
29 54 6
29 55 79
29 56 27
29 57 47
29 58 9
29 59 41
29 60 79
29 61 21
29 62 17
29 63 18
29 64 60
29 65 52
29 66 8
29 67 27
29 68 86
29 69 81
29 70 81
29 71 33
29 72 9
29 73 41
29 74 59
29 75 69
29 76 62
29 77 13
29 78 91
29 79 78
29 80 39
29 81 80
29 82 28
29 83 60
29 84 34
29 85 48
29 86 62
29 87 86
29 88 14
29 89 87
29 90 49
29 91 52
29 92 60
29 93 91
29 94 58
29 95 41
29 96 58
29 97 48
29 98 88
29 99 27
30 31 99
30 32 43
30 33 59
30 34 60
30 35 23
30 36 57
30 37 80
30 38 49
30 39 40
30 40 93
30 41 16
30 42 89
30 43 93
30 44 36
30 45 35
30 46 21
30 47 75
30 48 58
30 49 92
30 50 46
30 51 31
30 52 78
30 53 66
30 54 46
30 55 48
30 56 36
30 57 55
30 58 49
30 59 72
30 60 68
30 61 20
30 62 24
30 63 41
30 64 88
30 65 36
30 66 37
30 67 40
30 68 75
30 69 62
30 70 96
30 71 72
30 72 41
30 73 33
30 74 81
30 75 85
30 76 63
30 77 51
30 78 88
30 79 84
30 80 3
30 81 70
30 82 16
30 83 27
30 84 30
30 85 67
30 86 93
30 87 84
30 88 26
30 89 82
30 90 15
30 91 86
30 92 64
30 93 86
30 94 87
30 95 35
30 96 84
30 97 27
30 98 96
30 99 15
31 32 58
31 33 39
31 34 71
31 35 77
31 36 44
31 37 24
31 38 67
31 39 71
31 40 37
31 41 83
31 42 35
31 43 13
31 44 114
31 45 78
31 46 105
31 47 24
31 48 54
31 49 32
31 50 75
31 51 93
31 52 52
31 53 80
31 54 86
31 55 92
31 56 66
31 57 44
31 58 87
31 59 56
31 60 51
31 61 96
31 62 84
31 63 104
31 64 44
31 65 69
31 66 94
31 67 63
31 68 52
31 69 69
31 70 9
31 71 78
31 72 78
31 73 66
31 74 34
31 75 19
31 76 37
31 77 79
31 78 34
31 79 18
31 80 101
31 81 49
31 82 102
31 83 92
31 84 116
31 85 39
31 86 49
31 87 32
31 88 88
31 89 41
31 90 91
31 91 63
31 92 35
31 93 38
31 94 48
31 95 64
31 96 40
31 97 76
31 98 11
31 99 88
32 33 22
32 34 55
32 35 28
32 36 15
32 37 38
32 38 18
32 39 16
32 40 65
32 41 27
32 42 46
32 43 56
32 44 70
32 45 40
32 46 57
32 47 36
32 48 40
32 49 49
32 50 46
32 51 51
32 52 59
32 53 65
32 54 56
32 55 40
32 56 25
32 57 20
32 58 58
32 59 55
32 60 28
32 61 48
32 62 39
32 63 66
32 64 64
32 65 10
32 66 56
32 67 27
32 68 35
32 69 31
32 70 58
32 71 68
32 72 45
32 73 12
32 74 52
32 75 49
32 76 21
32 77 53
32 78 45
32 79 42
32 80 46
32 81 29
32 82 52
32 83 34
32 84 68
32 85 38
32 86 70
32 87 41
32 88 44
32 89 39
32 90 33
32 91 71
32 92 24
32 93 43
32 94 64
32 95 11
32 96 58
32 97 17
32 98 54
32 99 37
33 34 46
33 35 38
33 36 13
33 37 24
33 38 38
33 39 37
33 40 43
33 41 44
33 42 40
33 43 34
33 44 78
33 45 42
33 46 67
33 47 16
33 48 27
33 49 42
33 50 43
33 51 56
33 52 41
33 53 56
33 54 54
33 55 61
33 56 28
33 57 6
33 58 55
33 59 39
33 60 34
33 61 58
33 62 46
33 63 69
33 64 43
33 65 32
33 66 59
33 67 26
33 68 40
33 69 46
33 70 37
33 71 57
33 72 44
33 73 28
33 74 30
33 75 27
33 76 11
33 77 48
33 78 39
33 79 26
33 80 62
33 81 34
33 82 63
33 83 56
33 84 78
33 85 18
33 86 50
33 87 34
33 88 50
33 89 37
33 90 53
33 91 54
33 92 7
33 93 40
33 94 44
33 95 25
33 96 37
33 97 38
33 98 37
33 99 49
34 35 41
34 36 57
34 37 67
34 38 73
34 39 68
34 40 45
34 41 53
34 42 85
34 43 60
34 44 53
34 45 26
34 46 52
34 47 52
34 48 19
34 49 86
34 50 14
34 51 35
34 52 24
34 53 11
34 54 20
34 55 91
34 56 32
34 57 41
34 58 19
34 59 18
34 60 78
34 61 44
34 62 36
34 63 40
34 64 37
34 65 60
34 66 32
34 67 29
34 68 84
34 69 86
34 70 64
34 71 13
34 72 19
34 73 48
34 74 39
34 75 53
34 76 57
34 77 11
34 78 84
34 79 67
34 80 61
34 81 79
34 82 52
34 83 75
34 84 58
34 85 33
34 86 39
34 87 79
34 88 36
34 89 83
34 90 65
34 91 27
34 92 53
34 93 85
34 94 34
34 95 47
34 96 36
34 97 59
34 98 75
34 99 46
35 36 39
35 37 61
35 38 41
35 39 33
35 40 70
35 41 13
35 42 73
35 43 71
35 44 42
35 45 17
35 46 30
35 47 53
35 48 35
35 49 76
35 50 28
35 51 24
35 52 56
35 53 49
35 54 32
35 55 52
35 56 12
35 57 33
35 58 35
35 59 50
35 60 56
35 61 21
35 62 11
35 63 38
35 64 65
35 65 26
35 66 29
35 67 17
35 68 63
35 69 55
35 70 74
35 71 53
35 72 24
35 73 16
35 74 58
35 75 62
35 76 44
35 77 34
35 78 72
35 79 64
35 80 25
35 81 57
35 82 25
35 83 35
35 84 41
35 85 44
35 86 70
35 87 67
35 88 16
35 89 66
35 90 25
35 91 65
35 92 44
35 93 71
35 94 64
35 95 16
35 96 61
35 97 21
35 98 75
35 99 10
36 37 23
36 38 25
36 39 27
36 40 55
36 41 41
36 42 33
36 43 43
36 44 81
36 45 48
36 46 69
36 47 24
36 48 39
36 49 36
36 50 52
36 51 61
36 52 54
36 53 68
36 54 62
36 55 50
36 56 33
36 57 16
36 58 64
36 59 52
36 60 21
36 61 60
36 62 50
36 63 75
36 64 56
36 65 25
36 66 65
36 67 33
36 68 28
36 69 33
36 70 44
36 71 69
36 72 52
36 73 25
36 74 43
36 75 36
36 76 7
36 77 58
36 78 33
36 79 27
36 80 60
36 81 22
36 82 64
36 83 48
36 84 80
36 85 32
36 86 63
36 87 28
36 88 54
36 89 28
36 90 48
36 91 68
36 92 11
36 93 32
36 94 58
36 95 23
36 96 50
36 97 32
36 98 39
36 99 49
37 38 44
37 39 49
37 40 48
37 41 64
37 42 19
37 43 28
37 44 101
37 45 66
37 46 90
37 47 16
37 48 48
37 49 19
37 50 66
37 51 81
37 52 56
37 53 78
37 54 78
37 55 68
37 56 52
37 57 30
37 58 79
37 59 57
37 60 28
37 61 81
37 62 70
37 63 94
37 64 53
37 65 47
37 66 83
37 67 50
37 68 29
37 69 46
37 70 27
37 71 77
37 72 68
37 73 48
37 74 39
37 75 25
37 76 17
37 77 72
37 78 18
37 79 5
37 80 83
37 81 26
37 82 86
37 83 70
37 84 101
37 85 35
37 86 59
37 87 13
37 88 74
37 89 20
37 90 71
37 91 69
37 92 17
37 93 20
37 94 55
37 95 46
37 96 47
37 97 55
37 98 16
37 99 71
38 39 9
38 40 80
38 41 35
38 42 45
38 43 68
38 44 81
38 45 56
38 46 67
38 47 49
38 48 58
38 49 49
38 50 64
38 51 65
38 52 76
38 53 83
38 54 72
38 55 25
38 56 43
38 57 37
38 58 74
38 59 74
38 60 21
38 61 60
38 62 53
38 63 80
38 64 81
38 65 15
38 66 71
38 67 45
38 68 27
38 69 14
38 70 69
38 71 86
38 72 62
38 73 27
38 74 68
38 75 62
38 76 32
38 77 71
38 78 44
38 79 49
38 80 52
38 81 24
38 82 61
38 83 29
38 84 77
38 85 55
38 86 87
38 87 42
38 88 58
38 89 36
38 90 35
38 91 89
38 92 36
38 93 41
38 94 82
38 95 28
38 96 74
38 97 22
38 98 60
38 99 47
39 40 80
39 41 26
39 42 52
39 43 70
39 44 72
39 45 49
39 46 58
39 47 51
39 48 54
39 49 56
39 50 58
39 51 57
39 52 74
39 53 78
39 54 65
39 55 24
39 56 36
39 57 36
39 58 67
39 59 70
39 60 29
39 61 51
39 62 44
39 63 71
39 64 79
39 65 8
39 66 63
39 67 39
39 68 35
39 69 22
39 70 72
39 71 81
39 72 55
39 73 20
39 74 67
39 75 63
39 76 34
39 77 64
39 78 52
39 79 54
39 80 43
39 81 31
39 82 52
39 83 22
39 84 68
39 85 54
39 86 85
39 87 48
39 88 49
39 89 44
39 90 26
39 91 86
39 92 38
39 93 48
39 94 80
39 95 21
39 96 73
39 97 13
39 98 65
39 99 39
40 41 80
40 42 66
40 43 24
40 44 97
40 45 62
40 46 92
40 47 34
40 48 36
40 49 65
40 50 55
40 51 76
40 52 21
40 53 51
40 54 64
40 55 104
40 56 57
40 57 44
40 58 64
40 59 27
40 60 73
40 61 83
40 62 72
40 63 84
40 64 9
40 65 74
40 66 75
40 67 53
40 68 76
40 69 88
40 70 28
40 71 47
40 72 59
40 73 66
40 74 13
40 75 23
40 76 50
40 77 55
40 78 65
40 79 45
40 80 95
40 81 72
40 82 90
40 83 97
40 84 101
40 85 27
40 86 13
40 87 61
40 88 74
40 89 68
40 90 91
40 91 28
40 92 45
40 93 68
40 94 12
40 95 64
40 96 9
40 97 78
40 98 46
40 99 79
41 42 73
41 43 78
41 44 47
41 45 29
41 46 32
41 47 59
41 48 47
41 49 76
41 50 40
41 51 33
41 52 67
41 53 61
41 54 44
41 55 41
41 56 23
41 57 39
41 58 47
41 59 62
41 60 53
41 61 26
41 62 21
41 63 46
41 64 76
41 65 20
41 66 39
41 67 28
41 68 59
41 69 48
41 70 81
41 71 66
41 72 36
41 73 16
41 74 68
41 75 70
41 76 47
41 77 46
41 78 72
41 79 68
41 80 19
41 81 55
41 82 26
41 83 23
41 84 43
41 85 53
41 86 81
41 87 68
41 88 25
41 89 66
41 90 12
41 91 77
41 92 48
41 93 70
41 94 76
41 95 18
41 96 71
41 97 13
41 98 79
41 99 13
42 43 43
42 44 115
42 45 81
42 46 102
42 47 35
42 48 66
42 49 4
42 50 83
42 51 95
42 52 74
42 53 96
42 54 94
42 55 66
42 56 66
42 57 45
42 58 95
42 59 75
42 60 24
42 61 94
42 62 83
42 63 108
42 64 71
42 65 54
42 66 98
42 67 65
42 68 21
42 69 41
42 70 41
42 71 95
42 72 84
42 73 58
42 74 57
42 75 43
42 76 30
42 77 88
42 78 1
42 79 21
42 80 92
42 81 22
42 82 97
42 83 74
42 84 113
42 85 53
42 86 77
42 87 6
42 88 88
42 89 9
42 90 77
42 91 87
42 92 33
42 93 5
42 94 74
42 95 57
42 96 65
42 97 62
42 98 24
42 99 82
43 44 105
43 45 69
43 46 98
43 47 20
43 48 44
43 49 42
43 50 65
43 51 84
43 52 40
43 53 68
43 54 76
43 55 93
43 56 59
43 57 39
43 58 76
43 59 43
43 60 55
43 61 88
43 62 77
43 63 95
43 64 31
43 65 66
43 66 85
43 67 55
43 68 57
43 69 72
43 70 4
43 71 66
43 72 68
43 73 62
43 74 21
43 75 8
43 76 36
43 77 68
43 78 43
43 79 23
43 80 95
43 81 53
43 82 94
43 83 90
43 84 107
43 85 29
43 86 37
43 87 39
43 88 79
43 89 47
43 90 87
43 91 51
43 92 32
43 93 46
43 94 35
43 95 60
43 96 27
43 97 72
43 98 21
43 99 81
44 45 37
44 46 15
44 47 91
44 48 62
44 49 117
44 50 42
44 51 22
44 52 77
44 53 52
44 54 33
44 55 84
44 56 49
44 57 72
44 58 34
44 59 71
44 60 98
44 61 21
44 62 32
44 63 14
44 64 90
44 65 66
44 66 21
44 67 51
44 68 104
44 69 95
44 70 109
44 71 59
44 72 37
44 73 58
44 74 88
44 75 97
44 76 86
44 77 42
44 78 114
44 79 104
44 80 34
44 81 99
44 82 21
44 83 63
44 84 9
44 85 76
44 86 92
44 87 109
44 88 27
44 89 109
44 90 51
44 91 80
44 92 84
44 93 113
44 94 87
44 95 59
44 96 87
44 97 59
44 98 115
44 99 34
45 46 30
45 47 54
45 48 27
45 49 83
45 50 12
45 51 15
45 52 45
45 53 32
45 54 16
45 55 69
45 56 15
45 57 36
45 58 19
45 59 39
45 60 67
45 61 21
45 62 11
45 63 28
45 64 57
45 65 41
45 66 18
45 67 15
45 68 74
45 69 70
45 70 73
45 71 38
45 72 7
45 73 29
45 74 52
45 75 61
45 76 51
45 77 17
45 78 80
45 79 68
45 80 35
45 81 68
45 82 28
45 83 51
45 84 39
45 85 40
45 86 60
45 87 74
45 88 11
45 89 76
45 90 41
45 91 52
45 92 49
45 93 79
45 94 55
45 95 29
45 96 53
45 97 37
45 98 78
45 99 20
46 47 82
46 48 57
46 49 105
46 50 38
46 51 17
46 52 74
46 53 54
46 54 33
46 55 69
46 56 39
46 57 62
46 58 35
46 59 68
46 60 84
46 61 9
46 62 21
46 63 21
46 64 86
46 65 52
46 66 21
46 67 42
46 68 91
46 69 80
46 70 101
46 71 61
46 72 33
46 73 45
46 74 82
46 75 89
46 76 74
46 77 41
46 78 102
46 79 93
46 80 19
46 81 86
46 82 6
46 83 48
46 84 11
46 85 69
46 86 89
46 87 97
46 88 18
46 89 96
46 90 36
46 91 79
46 92 73
46 93 100
46 94 84
46 95 46
46 96 83
46 97 45
46 98 105
46 99 20
47 48 33
47 49 35
47 50 53
47 51 70
47 52 39
47 53 62
47 54 65
47 55 73
47 56 42
47 57 20
47 58 65
47 59 40
47 60 39
47 61 72
47 62 61
47 63 82
47 64 37
47 65 47
47 66 72
47 67 40
47 68 42
47 69 55
47 70 22
47 71 61
47 72 56
47 73 43
47 74 23
47 75 13
47 76 17
47 77 58
47 78 34
47 79 15
47 80 77
47 81 38
47 82 78
47 83 71
47 84 92
47 85 19
47 86 44
47 87 29
47 88 64
47 89 35
47 90 68
47 91 53
47 92 13
47 93 36
47 94 40
47 95 41
47 96 31
47 97 53
47 98 24
47 99 64
48 49 67
48 50 21
48 51 41
48 52 21
48 53 30
48 54 32
48 55 78
48 56 23
48 57 23
48 58 33
48 59 16
48 60 60
48 61 48
48 62 37
48 63 51
48 64 30
48 65 47
48 66 42
48 67 19
48 68 66
48 69 70
48 70 48
48 71 30
48 72 25
48 73 36
48 74 26
48 75 36
48 76 38
48 77 25
48 78 65
48 79 48
48 80 60
48 81 60
48 82 55
48 83 67
48 84 66
48 85 15
48 86 35
48 87 60
48 88 38
48 89 64
48 90 59
48 91 32
48 92 34
48 93 66
48 94 29
48 95 34
48 96 26
48 97 48
48 98 57
48 99 44
49 50 85
49 51 97
49 52 74
49 53 97
49 54 96
49 55 70
49 56 68
49 57 47
49 58 97
49 59 75
49 60 28
49 61 96
49 62 86
49 63 111
49 64 70
49 65 57
49 66 100
49 67 67
49 68 25
49 69 45
49 70 39
49 71 96
49 72 86
49 73 61
49 74 57
49 75 42
49 76 32
49 77 90
49 78 4
49 79 21
49 80 95
49 81 25
49 82 100
49 83 78
49 84 116
49 85 54
49 86 76
49 87 8
49 88 90
49 89 13
49 90 81
49 91 87
49 92 34
49 93 9
49 94 73
49 95 59
49 96 64
49 97 65
49 98 21
49 99 85
50 51 22
50 52 36
50 53 21
50 54 11
50 55 79
50 56 21
50 57 37
50 58 13
50 59 29
50 60 72
50 61 30
50 62 22
50 63 30
50 64 48
50 65 50
50 66 21
50 67 19
50 68 79
50 69 77
50 70 69
50 71 26
50 72 5
50 73 38
50 74 46
50 75 57
50 76 53
50 77 7
50 78 82
50 79 68
50 80 47
50 81 73
50 82 38
50 83 63
50 84 46
50 85 36
50 86 51
50 87 77
50 88 21
50 89 79
50 90 52
50 91 41
50 92 50
50 93 82
50 94 46
50 95 36
50 96 45
50 97 47
50 98 77
50 99 32
51 52 57
51 53 37
51 54 16
51 55 74
51 56 29
51 57 51
51 58 19
51 59 51
51 60 79
51 61 11
51 62 13
51 63 14
51 64 70
51 65 50
51 66 6
51 67 30
51 68 86
51 69 79
51 70 88
51 71 44
51 72 17
51 73 40
51 74 67
51 75 76
51 76 65
51 77 24
51 78 94
51 79 83
51 80 30
51 81 81
51 82 18
51 83 54
51 84 24
51 85 55
51 86 72
51 87 89
51 88 8
51 89 89
51 90 42
51 91 62
51 92 63
51 93 93
51 94 67
51 95 40
51 96 67
51 97 44
51 98 93
51 99 20
52 53 30
52 54 44
52 55 98
52 56 44
52 57 39
52 58 43
52 59 6
52 60 74
52 61 65
52 62 56
52 63 64
52 64 13
52 65 67
52 66 56
52 67 39
52 68 79
52 69 87
52 70 44
52 71 26
52 72 41
52 73 57
52 74 19
52 75 34
52 76 51
52 77 35
52 78 74
52 79 54
52 80 79
52 81 74
52 82 73
52 83 87
52 84 82
52 85 23
52 86 15
52 87 68
52 88 56
52 89 74
52 90 79
52 91 14
52 92 46
52 93 75
52 94 10
52 95 54
52 96 13
52 97 69
52 98 59
52 99 64
53 54 21
53 55 100
53 56 41
53 57 52
53 58 19
53 59 25
53 60 89
53 61 48
53 62 42
53 63 38
53 64 43
53 65 70
53 66 33
53 67 39
53 68 95
53 69 96
53 70 73
53 71 7
53 72 25
53 73 58
53 74 47
53 75 62
53 76 68
53 77 15
53 78 95
53 79 78
53 80 66
53 81 89
53 82 55
53 83 84
53 84 59
53 85 43
53 86 43
53 87 89
53 88 40
53 89 93
53 90 73
53 91 28
53 92 63
53 93 96
53 94 40
53 95 56
53 96 43
53 97 68
53 98 85
53 99 52
54 55 85
54 56 30
54 57 49
54 58 3
54 59 38
54 60 82
54 61 27
54 62 24
54 63 20
54 64 57
54 65 57
54 66 12
54 67 29
54 68 89
54 69 86
54 70 80
54 71 27
54 72 10
54 73 45
54 74 57
54 75 68
54 76 64
54 77 9
54 78 93
54 79 79
54 80 46
54 81 83
54 82 34
54 83 67
54 84 39
54 85 47
54 86 59
54 87 88
54 88 20
54 89 90
54 90 55
54 91 47
54 92 61
54 93 93
54 94 54
54 95 45
54 96 55
54 97 53
54 98 89
54 99 33
55 56 59
55 57 60
55 58 87
55 59 94
55 60 43
55 61 65
55 62 62
55 63 87
55 64 104
55 65 31
55 66 80
55 67 62
55 68 46
55 69 26
55 70 94
55 71 104
55 72 76
55 73 43
55 74 92
55 75 86
55 76 56
55 77 86
55 78 66
55 79 74
55 80 51
55 81 45
55 82 64
55 83 21
55 84 78
55 85 78
55 86 110
55 87 65
55 88 66
55 89 57
55 90 33
55 91 110
55 92 61
55 93 62
55 94 104
55 95 45
55 96 97
55 97 32
55 98 84
55 99 54
56 57 23
56 58 32
56 59 39
56 60 52
56 61 30
56 62 18
56 63 42
56 64 53
56 65 29
56 66 32
56 67 4
56 68 59
56 69 56
56 70 62
56 71 45
56 72 20
56 73 16
56 74 46
56 75 50
56 76 37
56 77 28
56 78 65
56 79 55
56 80 38
56 81 53
56 82 36
56 83 44
56 84 50
56 85 31
56 86 58
56 87 60
56 88 22
56 89 61
56 90 36
56 91 54
56 92 35
56 93 65
56 94 52
56 95 15
56 96 48
56 97 27
56 98 66
56 99 22
57 58 50
57 59 37
57 60 37
57 61 52
57 62 41
57 63 64
57 64 43
57 65 30
57 66 54
57 67 21
57 68 43
57 69 48
57 70 41
57 71 53
57 72 39
57 73 23
57 74 32
57 75 31
57 76 16
57 77 43
57 78 45
57 79 32
57 80 57
57 81 37
57 82 58
57 83 53
57 84 72
57 85 18
57 86 50
57 87 39
57 88 45
57 89 42
57 90 49
57 91 52
57 92 13
57 93 45
57 94 44
57 95 21
57 96 37
57 97 35
57 98 43
57 99 43
58 59 37
58 60 84
58 61 30
58 62 26
58 63 21
58 64 56
58 65 60
58 66 14
58 67 31
58 68 91
58 69 88
58 70 80
58 71 25
58 72 12
58 73 48
58 74 57
58 75 68
58 76 66
58 77 8
58 78 95
58 79 80
58 80 48
58 81 85
58 82 37
58 83 69
58 84 40
58 85 48
58 86 58
58 87 89
58 88 23
58 89 91
58 90 58
58 91 45
58 92 63
58 93 95
58 94 53
58 95 47
58 96 55
58 97 56
58 98 89
58 99 36
59 60 73
59 61 59
59 62 50
59 63 58
59 64 19
59 65 63
59 66 49
59 67 34
59 68 79
59 69 84
59 70 48
59 71 22
59 72 34
59 73 52
59 74 22
59 75 37
59 76 50
59 77 29
59 78 74
59 79 55
59 80 73
59 81 73
59 82 67
59 83 82
59 84 75
59 85 22
59 86 21
59 87 69
59 88 50
59 89 74
59 90 74
59 91 16
59 92 45
59 93 76
59 94 16
59 95 50
59 96 18
59 97 64
59 98 61
59 99 58
60 61 76
60 62 67
60 63 93
60 64 75
60 65 32
60 66 84
60 67 53
60 68 7
60 69 18
60 70 55
60 71 90
60 72 72
60 73 40
60 74 61
60 75 51
60 76 23
60 77 79
60 78 23
60 79 33
60 80 71
60 81 2
60 82 79
60 83 50
60 84 95
60 85 52
60 86 82
60 87 22
60 88 72
60 89 15
60 90 55
60 91 88
60 92 28
60 93 20
60 94 77
60 95 39
60 96 69
60 97 41
60 98 42
60 99 64
61 62 12
61 63 21
61 64 77
61 65 45
61 66 17
61 67 33
61 68 83
61 69 74
61 70 92
61 71 54
61 72 25
61 73 36
61 74 73
61 75 80
61 76 65
61 77 34
61 78 93
61 79 84
61 80 19
61 81 78
61 82 7
61 83 45
61 84 20
61 85 60
61 86 80
61 87 88
61 88 9
61 89 87
61 90 33
61 91 71
61 92 64
61 93 92
61 94 75
61 95 37
61 96 74
61 97 38
61 98 95
61 99 13
62 63 27
62 64 67
62 65 37
62 66 18
62 67 21
62 68 74
62 69 66
62 70 80
62 71 48
62 72 17
62 73 27
62 74 62
62 75 68
62 76 54
62 77 27
62 78 82
62 79 73
62 80 24
62 81 68
62 82 18
62 83 43
62 84 31
62 85 48
62 86 71
62 87 77
62 88 5
62 89 77
62 90 31
62 91 63
62 92 53
62 93 81
62 94 65
62 95 27
62 96 63
62 97 32
62 98 84
62 99 10
63 64 77
63 65 64
63 66 10
63 67 43
63 68 100
63 69 93
63 70 99
63 71 45
63 72 26
63 73 54
63 74 76
63 75 87
63 76 79
63 77 29
63 78 108
63 79 96
63 80 39
63 81 95
63 82 25
63 83 66
63 84 22
63 85 66
63 86 78
63 87 102
63 88 22
63 89 103
63 90 54
63 91 66
63 92 77
63 93 107
63 94 74
63 95 54
63 96 75
63 97 58
63 98 106
63 99 33
64 65 73
64 66 68
64 67 49
64 68 79
64 69 89
64 70 35
64 71 38
64 72 53
64 73 64
64 74 14
64 75 28
64 76 52
64 77 48
64 78 70
64 79 50
64 80 90
64 81 74
64 82 84
64 83 95
64 84 94
64 85 26
64 86 7
64 87 65
64 88 68
64 89 72
64 90 88
64 91 20
64 92 47
64 93 73
64 94 4
64 95 62
64 96 6
64 97 76
64 98 52
64 99 74
65 66 55
65 67 32
65 68 39
65 69 29
65 70 68
65 71 73
65 72 48
65 73 12
65 74 62
65 75 59
65 76 31
65 77 57
65 78 53
65 79 52
65 80 39
65 81 34
65 82 47
65 83 24
65 84 63
65 85 48
65 86 79
65 87 49
65 88 42
65 89 46
65 90 24
65 91 79
65 92 34
65 93 50
65 94 73
65 95 14
65 96 67
65 97 8
65 98 63
65 99 32
66 67 33
66 68 91
66 69 85
66 70 89
66 71 40
66 72 16
66 73 45
66 74 67
66 75 77
66 76 69
66 77 21
66 78 97
66 79 85
66 80 36
66 81 85
66 82 23
66 83 60
66 84 26
66 85 56
66 86 70
66 87 92
66 88 14
66 89 93
66 90 48
66 91 59
66 92 66
66 93 97
66 94 66
66 95 45
66 96 66
66 97 50
66 98 96
66 99 26
67 68 60
67 69 58
67 70 59
67 71 42
67 72 19
67 73 20
67 74 42
67 75 47
67 76 36
67 77 26
67 78 65
67 79 53
67 80 42
67 81 54
67 82 39
67 83 48
67 84 52
67 85 28
67 86 54
67 87 59
67 88 24
67 89 61
67 90 40
67 91 50
67 92 33
67 93 64
67 94 48
67 95 18
67 96 44
67 97 31
67 98 63
67 99 26
68 69 20
68 70 56
68 71 97
68 72 79
68 73 47
68 74 66
68 75 54
68 76 29
68 77 85
68 78 20
68 79 35
68 80 78
68 81 6
68 82 86
68 83 56
68 84 102
68 85 57
68 86 86
68 87 21
68 88 79
68 89 12
68 90 61
68 91 93
68 92 34
68 93 16
68 94 82
68 95 46
68 96 73
68 97 47
68 98 42
68 99 71
69 70 72
69 71 99
69 72 76
69 73 40
69 74 76
69 75 67
69 76 38
69 77 84
69 78 41
69 79 51
69 80 65
69 81 20
69 82 75
69 83 39
69 84 91
69 85 64
69 86 96
69 87 40
69 88 71
69 89 32
69 90 47
69 91 100
69 92 43
69 93 36
69 94 91
69 95 41
69 96 83
69 97 36
69 98 60
69 99 61
70 71 70
70 72 72
70 73 65
70 74 25
70 75 12
70 76 38
70 77 72
70 78 41
70 79 22
70 80 99
70 81 53
70 82 98
70 83 92
70 84 111
70 85 33
70 86 41
70 87 37
70 88 83
70 89 46
70 90 90
70 91 55
70 92 34
70 93 45
70 94 39
70 95 62
70 96 31
70 97 75
70 98 18
70 99 84
71 72 31
71 73 61
71 74 45
71 75 60
71 76 68
71 77 21
71 78 95
71 79 77
71 80 72
71 81 91
71 82 61
71 83 88
71 84 65
71 85 43
71 86 37
71 87 89
71 88 46
71 89 94
71 90 78
71 91 22
71 92 64
71 93 96
71 94 35
71 95 60
71 96 40
71 97 72
71 98 83
71 99 58
72 73 36
72 74 51
72 75 60
72 76 54
72 77 10
72 78 83
72 79 70
72 80 41
72 81 73
72 82 32
72 83 59
72 84 41
72 85 40
72 86 56
72 87 78
72 88 16
72 89 80
72 90 48
72 91 46
72 92 52
72 93 83
72 94 51
72 95 35
72 96 50
72 97 44
72 98 80
72 99 27
73 74 54
73 75 54
73 76 31
73 77 44
73 78 57
73 79 51
73 80 35
73 81 41
73 82 40
73 83 31
73 84 56
73 85 39
73 86 70
73 87 52
73 88 32
73 89 51
73 90 25
73 91 68
73 92 32
73 93 55
73 94 64
73 95 3
73 96 58
73 97 12
73 98 63
73 99 25
74 75 16
74 76 38
74 77 48
74 78 57
74 79 36
74 80 83
74 81 61
74 82 80
74 83 84
74 84 91
74 85 15
74 86 20
74 87 52
74 88 64
74 89 59
74 90 79
74 91 31
74 92 33
74 93 59
74 94 16
74 95 51
74 96 8
74 97 66
74 98 40
74 99 68
75 76 30
75 77 60
75 78 42
75 79 21
75 80 87
75 81 49
75 82 86
75 83 83
75 84 99
75 85 21
75 86 35
75 87 37
75 88 71
75 89 45
75 90 79
75 91 47
75 92 26
75 93 45
75 94 32
75 95 52
75 96 23
75 97 65
75 98 24
75 99 73
76 77 59
76 78 29
76 79 21
76 80 66
76 81 23
76 82 70
76 83 55
76 84 85
76 85 28
76 86 59
76 87 24
76 88 58
76 89 26
76 90 54
76 91 65
76 92 5
76 93 29
76 94 54
76 95 29
76 96 45
76 97 39
76 98 32
76 99 55
77 78 88
77 79 72
77 80 51
77 81 79
77 82 41
77 83 69
77 84 47
77 85 40
77 86 50
77 87 82
77 88 26
77 89 85
77 90 58
77 91 38
77 92 56
77 93 88
77 94 45
77 95 43
77 96 46
77 97 54
77 98 81
77 99 37
78 79 21
78 80 92
78 81 21
78 82 97
78 83 73
78 84 113
78 85 52
78 86 77
78 87 6
78 88 87
78 89 9
78 90 77
78 91 87
78 92 32
78 93 4
78 94 73
78 95 56
78 96 64
78 97 61
78 98 24
78 99 82
79 80 87
79 81 31
79 82 89
79 83 75
79 84 104
79 85 34
79 86 56
79 87 16
79 88 77
79 89 25
79 90 75
79 91 67
79 92 20
79 93 24
79 94 52
79 95 49
79 96 44
79 97 59
79 98 12
79 99 74
80 81 73
80 82 14
80 83 30
80 84 27
80 85 69
80 86 94
80 87 87
80 88 26
80 89 85
80 90 19
80 91 87
80 92 67
80 93 89
80 94 89
80 95 37
80 96 86
80 97 31
80 98 99
80 99 16
81 82 80
81 83 53
81 84 97
81 85 51
81 86 81
81 87 20
81 88 73
81 89 13
81 90 57
81 91 88
81 92 28
81 93 17
81 94 76
81 95 41
81 96 68
81 97 43
81 98 40
81 99 66
82 83 43
82 84 16
82 85 66
82 86 88
82 87 92
82 88 17
82 89 91
82 90 31
82 91 79
82 92 69
82 93 95
82 94 83
82 95 41
82 96 81
82 97 39
82 98 100
82 99 15
83 84 57
83 85 70
83 86 100
83 87 70
83 88 47
83 89 65
83 90 12
83 91 98
83 92 58
83 93 70
83 94 95
83 95 33
83 96 89
83 97 19
83 98 87
83 99 34
84 85 79
84 86 96
84 87 108
84 88 28
84 89 107
84 90 46
84 91 85
84 92 84
84 93 111
84 94 92
84 95 57
84 96 91
84 97 55
84 98 115
84 99 31
85 86 32
85 87 47
85 88 51
85 89 52
85 90 64
85 91 36
85 92 23
85 93 54
85 94 27
85 95 37
85 96 20
85 97 51
85 98 42
85 99 54
86 87 72
86 88 71
86 89 79
86 90 93
86 91 16
86 92 53
86 93 79
86 94 6
86 95 67
86 96 13
86 97 82
86 98 58
86 99 78
87 88 82
87 89 9
87 90 73
87 91 81
87 92 26
87 93 8
87 94 68
87 95 51
87 96 59
87 97 57
87 98 22
87 99 77
88 89 82
88 90 35
88 91 63
88 92 57
88 93 86
88 94 66
88 95 32
88 96 64
88 97 36
88 98 88
88 99 13
89 90 69
89 91 88
89 92 30
89 93 5
89 94 75
89 95 50
89 96 66
89 97 54
89 98 31
89 99 76
90 91 89
90 92 56
90 93 74
90 94 88
90 95 28
90 96 83
90 97 16
90 98 87
90 99 22
91 92 60
91 93 89
91 94 16
91 95 66
91 96 24
91 97 80
91 98 71
91 99 72
92 93 32
92 94 49
92 95 30
92 96 40
92 97 41
92 98 32
92 99 54
93 94 76
93 95 54
93 96 67
93 97 59
93 98 28
93 99 80
94 95 62
94 96 9
94 97 76
94 98 56
94 99 73
95 96 56
95 97 15
95 98 61
95 99 26
96 97 70
96 98 47
96 99 70
97 98 71
97 99 25
98 99 86
0 10 21
0 21 17
0 22 5
0 36 12
0 37 23
0 39 27
0 40 65
0 41 48
0 46 78
0 49 29
0 53 80
0 54 74
0 57 28
0 62 60
0 64 67
0 68 15
0 78 25
0 82 73
0 84 89
0 88 64
0 91 79
0 96 60
0 97 36
0 99 58
1 7 17
1 9 60
1 14 10
1 25 20
1 30 38
1 37 63
1 42 78
1 44 40
1 51 19
1 53 30
1 54 17
1 55 70
1 56 13
1 58 19
1 63 31
1 66 21
1 72 7
1 73 29
1 74 48
1 77 16
1 80 39
1 83 53
1 90 43
1 91 49
1 92 46
1 93 77
1 94 51
1 95 28
1 96 49
1 98 75
1 99 23
2 3 86
2 6 53
2 9 75
2 10 52
2 13 75
2 23 28
2 25 25
2 30 43
2 31 87
2 41 42
2 43 76
2 45 14
2 47 65
2 50 12
2 54 3
2 61 25
2 63 19
2 64 58
2 66 10
2 67 28
2 70 80
2 76 63
2 79 79
2 84 37
2 85 48
2 88 18
3 4 88
3 11 70
3 14 62
3 16 93
3 18 31
3 19 76
3 20 15
3 21 4
3 25 72
3 28 70
3 29 85
3 39 44
3 46 94
3 51 87
3 55 59
3 58 89
3 67 58
3 72 77
3 74 55
3 80 84
3 81 14
3 85 49
3 87 6
3 94 71
3 95 48
4 5 47
4 6 14
4 9 69
4 10 64
4 12 65
4 13 53
4 14 55
4 16 81
4 18 62
4 20 83
4 27 86
4 28 18
4 30 88
4 33 57
4 34 28
4 37 72
4 50 42
4 52 17
4 60 91
4 61 72
4 66 60
4 67 52
4 70 58
4 72 47
4 73 71
4 74 34
4 76 68
4 84 86
4 91 3
4 94 19
4 95 68
4 97 82
4 98 74
5 6 36
5 9 24
5 10 22
5 14 35
5 16 72
5 19 43
5 22 40
5 24 52
5 25 33
5 29 53
5 32 34
5 35 45
5 42 45
5 43 26
5 45 44
5 48 22
5 50 42
5 52 30
5 53 51
5 57 14
5 58 54
5 59 30
5 63 71
5 66 61
5 67 30
5 74 18
5 82 69
5 83 67
5 87 39
5 88 54
5 89 45
6 7 47
6 13 39
6 14 52
6 16 83
6 18 48
6 20 72
6 25 30
6 32 66
6 37 59
6 40 17
6 43 40
6 48 29
6 50 43
6 62 64
6 63 71
6 68 85
6 69 93
6 70 44
6 73 65
6 82 81
6 84 89
6 86 7
6 89 79
6 94 5
6 97 77
7 11 45
7 13 71
7 14 27
7 16 39
7 17 10
7 18 72
7 20 74
7 23 22
7 25 19
7 29 10
7 30 49
7 33 52
7 38 72
7 42 92
7 51 20
7 57 46
7 60 81
7 64 52
7 66 17
7 69 85
7 72 10
7 73 45
7 76 62
7 77 5
7 88 23
7 91 42
7 95 44
7 97 54
7 98 85
8 10 47
8 12 87
8 13 82
8 16 14
8 18 78
8 19 22
8 21 79
8 23 44
8 24 26
8 36 55
8 40 79
8 41 21
8 46 15
8 47 67
8 51 13
8 62 7
8 70 87
8 72 23
8 77 32
8 78 88
8 80 19
8 84 25
8 85 55
8 86 77
8 88 7
8 91 69
8 92 59
8 93 86
8 94 72
8 96 70
8 98 90
9 10 28
9 11 68
9 12 19
9 15 19
9 16 88
9 19 64
9 22 25
9 24 74
9 27 17
9 33 22
9 34 64
9 35 59
9 36 22
9 37 3
9 42 22
9 43 25
9 44 99
9 45 63
9 47 13
9 48 45
9 50 64
9 51 78
9 52 52
9 54 75
9 58 76
9 62 68
9 63 91
9 76 16
9 78 21
9 95 44
9 97 54
9 98 17
9 99 69
10 11 40
10 12 43
10 15 23
10 20 23
10 22 26
10 27 35
10 28 46
10 35 32
10 37 29
10 40 52
10 41 35
10 43 44
10 49 44
10 57 9
10 61 52
10 64 52
10 65 23
10 70 46
10 73 19
10 75 36
10 76 13
10 77 49
10 81 30
10 82 57
10 83 46
10 85 26
10 88 46
10 93 40
10 94 53
10 96 46
11 12 83
11 16 25
11 23 52
11 29 36
11 31 88
11 32 33
11 35 14
11 38 40
11 41 6
11 43 82
11 44 42
11 48 49
11 53 61
11 54 43
11 55 44
11 63 43
11 64 79
11 69 54
11 70 85
11 77 46
11 79 73
11 80 14
11 84 37
11 86 84
11 88 23
11 93 76
11 98 85
11 99 10
12 20 42
12 26 89
12 27 31
12 33 35
12 34 68
12 36 40
12 41 78
12 42 33
12 44 110
12 60 47
12 64 42
12 67 59
12 69 65
12 70 9
12 72 74
12 73 62
12 74 31
12 75 15
12 77 75
12 79 14
12 80 97
12 81 46
12 82 97
12 83 88
12 84 111
12 85 35
12 86 48
12 87 29
12 99 83
13 14 59
13 20 48
13 22 50
13 36 42
13 37 27
13 39 69
13 40 24
13 42 43
13 44 104
13 48 42
13 49 42
13 50 63
13 57 37
13 58 75
13 59 42
13 64 30
13 66 83
13 72 67
13 74 20
13 77 66
13 80 94
13 90 86
13 92 31
13 93 46
13 96 26
14 24 26
14 27 62
14 29 24
14 33 31
14 34 30
14 35 12
14 36 36
14 37 55
14 42 69
14 46 37
14 48 23
14 65 31
14 68 62
14 69 59
14 70 64
14 74 46
14 76 39
14 79 57
14 81 56
14 84 48
14 91 53
14 94 52
14 98 68
15 17 65
15 19 65
15 25 63
15 32 26
15 37 17
15 38 27
15 51 76
15 53 81
15 61 74
15 63 89
15 65 34
15 69 28
15 73 38
15 75 40
15 79 23
15 80 72
15 81 10
15 85 42
15 90 57
15 92 19
15 93 18
15 98 33
16 22 81
16 29 29
16 30 19
16 33 67
16 42 101
16 44 17
16 45 30
16 51 18
16 54 35
16 55 67
16 58 37
16 62 21
16 63 23
16 64 87
16 65 51
16 69 79
16 73 44
16 74 82
16 78 101
16 81 85
16 82 4
16 85 69
16 86 90
16 92 73
16 97 43
16 99 19
17 20 65
17 22 68
17 24 12
17 26 44
17 30 48
17 33 42
17 34 13
17 35 29
17 39 58
17 44 44
17 47 52
17 51 24
17 57 37
17 58 14
17 61 32
17 62 24
17 64 46
17 69 77
17 72 7
17 75 55
17 77 7
17 78 81
17 80 48
17 83 64
17 90 53
17 91 39
17 96 43
18 21 27
18 23 52
18 27 28
18 35 64
18 41 70
18 46 93
18 47 11
18 49 30
18 52 46
18 68 44
18 70 13
18 71 70
18 72 67
18 73 54
18 74 28
18 75 12
18 78 30
18 79 10
18 80 88
18 83 80
18 85 29
18 86 47
18 93 33
18 94 44
18 97 63
19 24 10
19 30 40
19 34 20
19 35 22
19 36 50
19 37 67
19 38 61
19 39 54
19 46 33
19 50 6
19 53 26
19 55 74
19 56 18
19 61 25
19 66 17
19 67 18
19 69 74
19 77 11
19 82 32
19 84 42
19 86 56
19 89 78
19 92 50
19 97 43
19 98 78
20 21 15
20 24 74
20 26 61
20 28 65
20 33 26
20 36 14
20 48 52
20 52 66
20 54 76
20 57 29
20 59 65
20 60 8
20 61 71
20 63 88
20 66 78
20 73 35
20 85 44
20 87 20
20 89 16
20 93 21
20 97 38
20 98 38
20 99 60
21 31 34
21 35 63
21 45 71
21 50 74
21 54 85
21 59 68
21 62 74
21 68 17
21 69 36
21 80 83
21 82 88
21 83 66
21 84 104
21 87 5
21 89 7
21 90 68
21 92 24
21 99 73
22 26 63
22 29 75
22 37 24
22 41 51
22 43 50
22 46 82
22 47 34
22 49 27
22 52 69
22 61 74
22 63 90
22 69 22
22 72 68
22 74 56
22 78 22
22 81 5
22 82 77
22 85 47
22 88 69
22 91 83
22 94 72
23 25 3
23 33 36
23 40 38
23 42 75
23 57 32
23 58 26
23 59 13
23 60 69
23 62 37
23 63 46
23 68 75
23 70 54
23 71 21
23 79 57
23 83 72
23 84 63
23 87 69
23 90 63
23 92 43
23 93 75
23 96 29
24 25 23
24 27 86
24 28 41
24 40 64
24 42 92
24 46 33
24 47 63
24 58 4
24 66 12
24 67 28
24 72 9
24 73 44
24 76 63
24 77 9
24 81 82
24 82 33
24 88 19
24 89 88
24 91 47
24 93 92
24 97 52
25 27 71
25 31 65
25 32 48
25 34 8
25 36 49
25 42 77
25 45 24
25 46 52
25 49 79
25 50 14
25 51 36
25 52 22
25 53 18
25 60 71
25 61 44
25 62 35
25 63 43
25 66 34
25 67 23
25 70 58
25 72 19
25 73 42
25 77 15
25 80 59
25 82 51
25 83 71
25 87 71
25 89 75
26 27 78
26 33 54
26 40 88
26 41 12
26 42 84
26 43 88
26 50 42
26 53 62
26 54 43
26 60 64
26 61 19
26 69 58
26 71 68
26 74 76
26 75 80
26 78 84
26 81 66
26 82 17
26 84 32
26 88 23
26 98 91
27 33 34
27 35 66
27 36 26
27 41 66
27 45 74
27 48 60
27 52 69
27 57 39
27 58 89
27 61 87
27 62 76
27 63 101
27 64 67
27 68 18
27 71 90
27 74 53
27 76 23
27 78 6
27 80 85
27 81 17
27 92 26
27 93 6
27 96 60
27 97 55
27 98 24
28 30 75
28 32 56
28 33 39
28 35 53
28 37 55
28 40 23
28 43 41
28 46 71
28 58 41
28 59 4
28 63 61
28 65 64
28 68 78
28 71 25
28 73 54
28 74 20
28 75 35
28 77 32
28 83 84
28 84 79
28 85 21
28 89 73
28 95 52
28 96 15
28 98 59
28 99 61
29 32 52
29 33 52
29 43 77
29 46 27
29 47 64
29 48 33
29 52 48
29 53 27
29 56 27
29 68 86
29 70 81
29 71 33
29 72 9
29 80 39
29 81 80
29 83 60
29 86 62
29 87 86
29 91 52
29 93 91
29 95 41
29 98 88
30 33 59
30 36 57
30 43 93
30 50 46
30 53 66
30 54 46
30 55 48
30 59 72
30 61 20
30 62 24
30 63 41
30 65 36
30 70 96
30 73 33
30 80 3
30 81 70
30 85 67
30 89 82
30 91 86
30 97 27
30 99 15
31 39 71
31 40 37
31 41 83
31 42 35
31 43 13
31 45 78
31 46 105
31 48 54
31 59 56
31 60 51
31 62 84
31 64 44
31 69 69
31 70 9
31 72 78
31 73 66
31 80 101
31 81 49
31 82 102
31 87 32
31 88 88
31 89 41
31 90 91
31 95 64
32 35 28
32 37 38
32 38 18
32 40 65
32 42 46
32 43 56
32 52 59
32 61 48
32 63 66
32 64 64
32 66 56
32 67 27
32 68 35
32 71 68
32 72 45
32 73 12
32 78 45
32 88 44
32 90 33
32 91 71
32 94 64
32 99 37
33 34 46
33 36 13
33 37 24
33 38 38
33 43 34
33 50 43
33 59 39
33 61 58
33 62 46
33 63 69
33 66 59
33 71 57
33 72 44
33 79 26
33 80 62
33 81 34
33 90 53
33 97 38
34 36 57
34 39 68
34 44 53
34 46 52
34 47 52
34 49 86
34 50 14
34 56 32
34 63 40
34 65 60
34 67 29
34 71 13
34 73 48
34 74 39
34 80 61
34 83 75
34 93 85
35 38 41
35 41 13
35 43 71
35 44 42
35 46 30
35 48 35
35 50 28
35 55 52
35 56 12
35 59 50
35 60 56
35 66 29
35 67 17
35 68 63
35 75 62
35 76 44
35 77 34
35 81 57
35 91 65
35 97 21
36 38 25
36 39 27
36 44 81
36 45 48
36 50 52
36 51 61
36 56 33
36 60 21
36 61 60
36 63 75
36 66 65
36 71 69
36 75 36
36 80 60
36 85 32
36 88 54
36 92 11
36 96 50
36 99 49
37 39 49
37 47 16
37 49 19
37 52 56
37 54 78
37 57 30
37 63 94
37 65 47
37 67 50
37 71 77
37 75 25
37 77 72
37 78 18
37 79 5
37 87 13
37 91 69
37 98 16
37 99 71
38 42 45
38 43 68
38 46 67
38 53 83
38 55 25
38 56 43
38 64 81
38 67 45
38 68 27
38 70 69
38 74 68
38 75 62
38 78 44
38 82 61
38 88 58
38 93 41
38 95 28
39 47 51
39 49 56
39 52 74
39 56 36
39 59 70
39 60 29
39 61 51
39 66 63
39 69 22
39 70 72
39 77 64
39 79 54
39 80 43
39 83 22
39 90 26
39 91 86
39 92 38
39 94 80
39 97 13
39 99 39
40 43 24
40 44 97
40 45 62
40 46 92
40 47 34
40 48 36
40 51 76
40 52 21
40 53 51
40 54 64
40 59 27
40 64 9
40 69 88
40 72 59
40 74 13
40 88 74
40 93 68
40 95 64
40 97 78
40 99 79
41 43 78
41 52 67
41 53 61
41 60 53
41 61 26
41 66 39
41 67 28
41 69 48
41 75 70
41 76 47
41 77 46
41 81 55
41 82 26
41 86 81
41 88 25
41 93 70
41 94 76
41 95 18
42 50 83
42 51 95
42 59 75
42 62 83
42 64 71
42 65 54
42 68 21
42 77 88
42 79 21
42 80 92
42 82 97
42 83 74
42 92 33
42 93 5
42 94 74
43 48 44
43 49 42
43 51 84
43 56 59
43 65 66
43 66 85
43 68 57
43 70 4
43 73 62
43 81 53
43 84 107
43 85 29
43 86 37
43 87 39
43 89 47
43 92 32
43 93 46
44 46 15
44 49 117
44 56 49
44 60 98
44 64 90
44 67 51
44 68 104
44 71 59
44 72 37
44 78 114
44 79 104
44 80 34
44 81 99
44 88 27
44 97 59
45 49 83
45 51 15
45 52 45
45 53 32
45 54 16
45 60 67
45 62 11
45 72 7
45 76 51
45 78 80
45 84 39
45 86 60
45 87 74
45 90 41
45 91 52
45 93 79
45 95 29
45 96 53
46 48 57
46 52 74
46 53 54
46 57 62
46 61 9
46 67 42
46 70 101
46 71 61
46 76 74
46 85 69
46 88 18
46 91 79
46 92 73
46 96 83
46 98 105
47 48 33
47 51 70
47 55 73
47 57 20
47 58 65
47 59 40
47 61 72
47 64 37
47 68 42
47 71 61
47 74 23
47 76 17
47 80 77
47 86 44
47 89 35
47 97 53
48 52 21
48 55 78
48 61 48
48 62 37
48 65 47
48 67 19
48 68 66
48 72 25
48 73 36
48 74 26
48 80 60
48 91 32
48 97 48
49 57 47
49 60 28
49 63 111
49 64 70
49 68 25
49 72 86
49 73 61
49 76 32
49 80 95
49 81 25
49 84 116
49 93 9
49 96 64
49 97 65
50 51 22
50 53 21
50 54 11
50 56 21
50 58 13
50 60 72
50 63 30
50 66 21
50 74 46
50 79 68
50 80 47
50 82 38
50 84 46
50 89 79
50 90 52
50 94 46
50 98 77
51 52 57
51 58 19
51 61 11
51 65 50
51 69 79
51 70 88
51 71 44
51 73 40
51 77 24
51 79 83
51 84 24
51 86 72
51 91 62
51 93 93
51 94 67
51 95 40
51 96 67
51 98 93
52 53 30
52 54 44
52 63 64
52 65 67
52 71 26
52 78 74
52 79 54
52 87 68
52 88 56
52 96 13
52 99 64
53 55 100
53 57 52
53 60 89
53 64 43
53 65 70
53 68 95
53 72 25
53 75 62
53 77 15
53 79 78
53 91 28
53 92 63
54 59 38
54 60 82
54 67 29
54 69 86
54 76 64
54 77 9
54 81 83
55 61 65
55 62 62
55 64 104
55 67 62
55 69 26
55 72 76
55 78 66
55 82 64
55 85 78
55 90 33
55 93 62
55 97 32
56 57 23
56 66 32
56 69 56
56 70 62
56 80 38
56 82 36
56 84 50
56 87 60
56 88 22
56 90 36
56 95 15
56 99 22
57 59 37
57 61 52
57 66 54
57 67 21
57 75 31
57 79 32
57 84 72
57 85 18
57 86 50
57 88 45
57 93 45
57 97 35
58 63 21
58 64 56
58 65 60
58 76 66
58 82 37
58 84 40
58 85 48
58 87 89
58 89 91
58 90 58
58 91 45
58 96 55
58 98 89
59 63 58
59 64 19
59 67 34
59 69 84
59 71 22
59 76 50
59 77 29
59 79 55
59 81 73
59 86 21
59 91 16
59 94 16
59 96 18
59 97 64
60 62 67
60 64 75
60 73 40
60 74 61
60 78 23
60 79 33
60 88 72
60 91 88
60 92 28
60 94 77
60 95 39
60 99 64
61 62 12
61 63 21
61 66 17
61 67 33
61 68 83
61 78 93
61 80 19
61 83 45
61 85 60
61 90 33
61 91 71
61 93 92
61 98 95
62 66 18
62 69 66
62 73 27
62 74 62
62 75 68
62 86 71
62 88 5
62 97 32
63 74 76
63 75 87
63 82 25
63 86 78
63 90 54
63 92 77
63 95 54
63 96 75
63 97 58
63 99 33
64 70 35
64 72 53
64 78 70
64 80 90
64 81 74
64 84 94
64 91 20
65 71 73
65 72 48
65 76 31
65 81 34
65 89 46
65 91 79
65 94 73
65 98 63
65 99 32
66 67 33
66 68 91
66 69 85
66 71 40
66 74 67
66 76 69
66 78 97
66 85 56
66 95 45
66 96 66
66 97 50
67 68 60
67 69 58
67 76 36
67 86 54
67 87 59
67 90 40
67 91 50
67 93 64
67 94 48
67 97 31
68 70 56
68 73 47
68 74 66
68 78 20
68 79 35
68 85 57
68 90 61
68 92 34
68 98 42
69 70 72
69 72 76
69 74 76
69 78 41
69 79 51
69 81 20
69 85 64
69 90 47
69 93 36
69 96 83
69 98 60
70 74 25
70 76 38
70 77 72
70 86 41
70 87 37
70 88 83
70 93 45
70 94 39
71 72 31
71 81 91
71 86 37
71 88 46
71 90 78
71 92 64
71 95 60
71 96 40
71 97 72
71 99 58
72 73 36
72 74 51
72 75 60
72 76 54
72 78 83
72 79 70
72 91 46
72 97 44
73 75 54
73 78 57
73 82 40
73 86 70
73 88 32
73 90 25
73 93 55
73 96 58
73 97 12
74 75 16
74 80 83
74 89 59
75 81 49
75 82 86
75 86 35
75 91 47
75 94 32
75 96 23
75 97 65
75 99 73
76 77 59
76 84 85
76 86 59
76 88 58
76 91 65
76 95 29
76 98 32
76 99 55
77 79 72
77 81 79
77 87 82
77 92 56
77 95 43
77 96 46
78 81 21
78 82 97
78 85 52
78 95 56
78 98 24
79 83 75
79 91 67
79 93 24
79 94 52
79 95 49
79 96 44
79 99 74
80 83 30
80 84 27
80 90 19
80 92 67
80 99 16
81 84 97
81 85 51
81 90 57
81 91 88
81 96 68
82 83 43
82 84 16
82 88 17
82 90 31
82 91 79
82 98 100
83 86 100
83 87 70
83 92 58
83 93 70
83 95 33
83 96 89
83 98 87
84 89 107
84 95 57
85 86 32
85 87 47
85 88 51
85 93 54
85 97 51
85 98 42
86 91 16
86 93 79
86 95 67
87 96 59
87 98 22
88 94 66
88 97 36
88 98 88
89 92 30
89 95 50
89 99 76
90 93 74
90 96 83
90 97 16
90 99 22
91 93 89
92 93 32
93 97 59
93 99 80
94 95 62
94 98 56
95 97 15
97 98 71
