20 0.5 20 0 1 190 95 16
0.460473 0.761774 16
0.00585426 0.450701 57
0.549513 0.623146 0
0.766531 0.726911 24
0.373782 0.385681 30
0.911291 0.745854 38
0.312336 0.481719 28
0.0763286 0.530797 48
0.807782 0.517544 28
0.454594 0.983062 37
0.981192 0.725186 44
0.262704 0.77635 33
0.597979 0.0769089 55
0.176799 0.356273 46
0.437511 0.2566 38
0.880504 0.174214 56
0.05811 0.765619 51
0.779083 0.31753 38
0.0691716 0.325663 56
0.432169 0.0313811 60
0 1 55
0 2 16
0 3 31
0 4 39
0 5 45
0 6 32
0 7 45
0 8 42
0 9 22
0 10 52
0 11 20
0 12 70
0 13 49
0 14 51
0 15 72
0 16 40
0 17 55
0 18 59
0 19 73
1 2 57
1 3 81
1 4 37
1 5 95
1 6 31
1 7 11
1 8 80
1 9 70
1 10 101
1 11 41
1 12 70
1 13 20
1 14 47
1 15 92
1 16 32
1 17 78
1 18 14
1 19 60
2 3 24
2 4 30
2 5 38
2 6 28
2 7 48
2 8 28
2 9 37
2 10 44
2 11 33
2 12 55
2 13 46
2 14 38
2 15 56
2 16 51
2 17 38
2 18 56
2 19 60
3 4 52
3 5 15
3 6 52
3 7 72
3 8 21
3 9 40
3 10 21
3 11 51
3 12 67
3 13 70
3 14 57
3 15 56
3 16 71
3 17 41
3 18 80
3 19 77
4 5 65
4 6 11
4 7 33
4 8 45
4 9 60
4 10 70
4 11 41
4 12 38
4 13 20
4 14 14
4 15 55
4 16 49
4 17 41
4 18 31
4 19 36
5 6 65
5 7 86
5 8 25
5 9 51
5 10 7
5 11 65
5 12 74
5 13 83
5 14 68
5 15 57
5 16 85
5 17 45
5 18 94
5 19 86
6 7 24
6 8 50
6 9 52
6 10 71
6 11 30
6 12 50
6 13 18
6 14 26
6 15 65
6 16 38
6 17 49
6 18 29
6 19 47
7 8 73
7 9 59
7 10 93
7 11 31
7 12 69
7 13 20
7 14 45
7 15 88
7 16 24
7 17 73
7 18 21
7 19 61
8 9 58
8 10 27
8 11 60
8 12 49
8 13 65
8 14 45
8 15 35
8 16 79
8 17 20
8 18 76
8 19 61
9 10 59
9 11 28
9 12 92
9 13 69
9 14 73
9 15 91
9 16 45
9 17 74
9 18 76
9 19 95
10 11 72
10 12 75
10 13 88
10 14 72
10 15 56
10 16 92
10 17 46
10 18 100
10 19 88
11 12 78
11 13 43
11 14 55
11 15 86
11 16 20
11 17 69
11 18 49
11 19 76
12 13 51
12 14 24
12 15 30
12 16 88
12 17 30
12 18 58
12 19 17
13 14 28
13 15 73
13 16 43
13 17 60
13 18 11
13 19 41
14 15 45
14 16 63
14 17 35
14 18 37
14 19 23
15 16 101
15 17 18
15 18 83
15 19 47
16 17 85
16 18 44
16 19 82
17 18 71
17 19 45
18 19 47
0 1 55
0 2 16
0 7 45
0 11 20
0 13 49
0 15 72
1 4 37
1 5 95
1 8 80
1 11 41
1 13 20
1 15 92
1 17 78
1 19 60
2 3 24
2 6 28
2 7 48
2 8 28
2 12 55
2 13 46
2 15 56
2 16 51
3 5 15
3 9 40
3 10 21
3 11 51
3 12 67
3 13 70
3 15 56
3 17 41
3 18 80
3 19 77
4 5 65
4 8 45
4 11 41
4 18 31
4 19 36
5 6 65
5 7 86
5 9 51
5 10 7
5 14 68
5 18 94
6 9 52
6 11 30
6 12 50
6 13 18
6 14 26
6 17 49
6 18 29
6 19 47
7 11 31
7 12 69
7 14 45
7 15 88
7 16 24
7 17 73
7 19 61
8 11 60
8 13 65
8 14 45
8 15 35
8 16 79
8 17 20
8 19 61
9 10 59
9 12 92
9 13 69
9 14 73
9 16 45
9 17 74
9 18 76
9 19 95
10 12 75
10 13 88
10 14 72
10 15 56
10 16 92
10 17 46
11 12 78
11 13 43
11 17 69
11 18 49
12 17 30
13 15 73
13 16 43
13 18 11
14 17 35
14 18 37
14 19 23
15 17 18
16 17 85
16 18 44
17 19 45
18 19 47
