20 190 95 8
0.334016 0.301859 39
0.261886 0.0811581 61
0.560161 0.616085 0
0.865999 0.327316 42
0.491766 0.959132 35
0.268976 0.266702 45
0.851889 0.0704372 62
0.59652 0.778918 17
0.346324 0.204588 46
0.691638 0.386647 26
0.73592 0.487707 22
0.983147 0.682326 43
0.0307755 0.504057 54
0.289972 0.363035 37
0.902761 0.355385 43
0.764566 0.892528 34
0.865244 0.642142 31
0.521376 0.683882 8
0.0349105 0.240512 65
0.122707 0.720369 45
0 1 23
0 2 39
0 3 53
0 4 68
0 5 7
0 6 57
0 7 54
0 8 10
0 9 37
0 10 44
0 11 75
0 12 36
0 13 8
0 14 57
0 15 73
0 16 63
0 17 43
0 18 31
0 19 47
1 2 61
1 3 65
1 4 91
1 5 19
1 6 59
1 7 77
1 8 15
1 9 53
1 10 62
1 11 94
1 12 48
1 13 28
1 14 70
1 15 95
1 16 82
1 17 66
1 18 28
1 19 65
2 3 42
2 4 35
2 5 45
2 6 62
2 7 17
2 8 46
2 9 26
2 10 22
2 11 43
2 12 54
2 13 37
2 14 43
2 15 34
2 16 31
2 17 8
2 18 65
2 19 45
3 4 73
3 5 60
3 6 26
3 7 53
3 8 53
3 9 18
3 10 21
3 11 37
3 12 85
3 13 58
3 14 5
3 15 57
3 16 31
3 17 50
3 18 84
3 19 84
4 5 73
4 6 96
4 7 21
4 8 77
4 9 61
4 10 53
4 11 56
4 12 65
4 13 63
4 14 73
4 15 28
4 16 49
4 17 28
4 18 85
4 19 44
5 6 62
5 7 61
5 8 10
5 9 44
5 10 52
5 11 83
5 12 34
5 13 10
5 14 64
5 15 80
5 16 70
5 17 49
5 18 24
5 19 48
6 7 75
6 8 52
6 9 35
6 10 43
6 11 63
6 12 93
6 13 63
6 14 29
6 15 83
6 16 57
6 17 70
6 18 83
6 19 98
7 8 63
7 9 40
7 10 32
7 11 40
7 12 63
7 13 52
7 14 52
7 15 20
7 16 30
7 17 12
7 18 78
7 19 48
8 9 39
8 10 48
8 11 80
8 12 44
8 13 17
8 14 58
8 15 81
8 16 68
8 17 51
8 18 31
8 19 56
9 10 11
9 11 42
9 12 67
9 13 40
9 14 21
9 15 51
9 16 31
9 17 34
9 18 67
9 19 66
10 11 31
10 12 71
10 13 46
10 14 21
10 15 41
10 16 20
10 17 29
10 18 74
10 19 66
11 12 97
11 13 76
11 14 34
11 15 30
11 16 12
11 17 46
11 18 105
11 19 86
12 13 30
12 14 88
12 15 83
12 16 85
12 17 52
12 18 26
12 19 24
13 14 61
13 15 71
13 16 64
13 17 40
13 18 28
13 19 39
14 15 55
14 16 29
14 17 50
14 18 88
14 19 86
15 16 27
15 17 32
15 18 98
15 19 66
16 17 35
16 18 92
16 19 75
17 18 66
17 19 40
18 19 49
0 1 23
0 3 53
0 11 75
0 12 36
0 14 57
0 16 63
0 17 43
1 4 91
1 5 19
1 7 77
1 9 53
1 14 70
1 17 66
1 18 28
2 4 35
2 6 62
2 7 17
2 8 46
2 10 22
2 11 43
2 13 37
2 16 31
2 18 65
2 19 45
3 5 60
3 6 26
3 8 53
3 9 18
3 12 85
3 13 58
3 14 5
3 18 84
4 5 73
4 7 21
4 10 53
4 11 56
4 12 65
4 14 73
4 17 28
4 19 44
5 6 62
5 8 10
5 10 52
5 12 34
5 16 70
5 17 49
5 18 24
5 19 48
6 7 75
6 8 52
6 9 35
6 10 43
6 11 63
6 14 29
6 16 57
6 18 83
6 19 98
7 0 54
7 8 63
7 9 40
7 11 40
7 15 20
7 17 12
7 18 78
8 11 80
8 13 17
8 14 58
8 15 81
8 17 51
8 18 31
8 19 56
9 11 42
9 14 21
9 15 51
9 17 34
9 19 66
10 15 41
10 16 20
10 17 29
11 12 97
11 13 76
11 14 34
11 17 46
11 18 105
12 16 85
12 18 26
13 14 61
14 15 55
14 17 50
16 17 35
16 18 92
16 19 75
17 18 66
17 19 40
18 19 49
