100 0.5 20 1 0.1 4950 2475 73
0.475117 0.795532 5
0.245916 0.954535 2
0.683828 0.0753189 11
0.443016 0.204722 9
0.257109 0.840265 3
0.6406 0.373028 9
0.938242 0.157744 12
0.521186 0.673188 6
0.668086 0.72503 7
0.966789 0.192648 12
0.714707 0.643926 8
0.957229 0.297262 12
0.625079 0.316545 9
0.691756 0.307049 9
0.462174 0.989617 4
0.0244822 0.702849 3
0.360714 0.374512 7
0.837004 0.816441 8
0.0784652 0.706791 3
0.766401 0.299881 10
0.0283687 0.83237 1
0.916576 0.935101 9
0.109413 0.414873 6
0.0204375 0.261094 7
0.787463 0.776274 8
0.941777 0.706417 10
0.321714 0.197618 8
0.823725 0.57302 9
0.244351 0.309214 7
0.38152 0.298921 8
0.557712 0.441278 8
0.046844 0.177204 8
0.965586 0.291299 12
0.680912 0.497148 8
0.17074 0.0365026 9
0.795875 0.238787 11
0.563469 0.145261 10
0.242428 0.00537806 10
0.850805 0.245064 11
0.612177 0.509973 7
0.0441469 0.1117 9
0.779719 0.595663 8
0.959015 0.728397 10
0.694385 0.986508 7
0.363986 0.641543 5
0.481581 0.913186 5
0.159069 0.65431 3
0.154649 0.986931 1
0.923985 0.400092 11
0.365161 0.278124 8
0.411594 0.00404717 10
0.638659 0.617359 7
0.569143 0.831228 6
0.638213 0.0575413 11
0.161677 0.860699 2
0.869383 0.21961 11
0.450336 0.868988 4
0.789597 0.544473 9
0.917974 0.0380225 13
0.056457 0.791624 2
0.287299 0.995253 3
0.822799 0.155349 11
0.735949 0.810875 7
0.562843 0.995837 5
0.952474 0.295809 11
0.808324 0.443251 9
0.783179 0.852634 8
0.196328 0.527581 5
0.0138521 0.763745 2
0.209958 0.828331 2
0.933445 0.433896 11
0.256233 0.332106 7
0.700554 0.120601 11
0.8244 0.526005 9
0.421699 0.868867 4
0.204523 0.701662 3
0.630967 0.903011 6
0.97678 0.601625 10
0.996324 0.207046 12
0.902131 0.1216 12
0.0871588 0.166719 8
0.955312 0.0682384 13
0.996645 0.178579 13
0.572483 0.417567 8
0.221061 0.456031 6
0.249506 0.986198 2
0.508077 0.986714 5
0.084602 0.61827 4
0.393457 0.596094 5
0.0257499 0.972689 0
0.972949 0.335138 11
0.699982 0.692391 7
0.504488 0.940386 5
0.563031 0.564865 7
0.829651 0.502784 9
0.616022 0.254768 9
0.00272421 0.857626 1
0.842044 0.445148 10
0.167178 0.620473 4
0.15602 0.771543 2
0 1 28
0 2 75
0 3 59
0 4 22
0 5 45
0 6 79
0 7 13
0 8 21
0 9 78
0 10 28
0 11 69
0 12 50
0 13 53
0 14 19
0 15 46
0 16 44
0 17 36
0 18 41
0 19 57
0 20 45
0 21 46
0 22 53
0 23 70
0 24 31
0 25 48
0 26 62
0 27 41
0 28 54
0 29 51
0 30 36
0 31 75
0 32 70
0 33 36
0 34 82
0 35 64
0 36 66
0 37 82
0 38 67
0 39 32
0 40 81
0 41 36
0 42 49
0 43 29
0 44 19
0 45 12
0 46 35
0 47 37
0 48 60
0 49 53
0 50 79
0 51 24
0 52 10
0 53 76
0 54 32
0 55 70
0 56 8
0 57 40
0 58 88
0 59 42
0 60 27
0 61 73
0 62 26
0 63 22
0 64 69
0 65 48
0 66 31
0 67 39
0 68 46
0 69 27
0 70 58
0 71 51
0 72 71
0 73 44
0 74 9
0 75 29
0 76 19
0 77 54
0 78 79
0 79 80
0 80 74
0 81 87
0 82 81
0 83 39
0 84 42
0 85 30
0 86 19
0 87 43
0 88 22
0 89 48
0 90 68
0 91 25
0 92 15
0 93 25
0 94 46
0 95 56
0 96 48
0 97 51
0 98 35
0 99 32
1 2 98
1 3 78
1 4 11
1 5 70
1 6 106
1 7 39
1 8 48
1 9 105
1 10 56
1 11 97
1 12 74
1 13 79
1 14 22
1 15 34
1 16 59
1 17 61
1 18 30
1 19 84
1 20 25
1 21 67
1 22 56
1 23 73
1 24 57
1 25 74
1 26 76
1 27 69
1 28 65
1 29 67
1 30 60
1 31 80
1 32 98
1 33 63
1 34 92
1 35 90
1 36 87
1 37 95
1 38 93
1 39 58
1 40 87
1 41 64
1 42 75
1 43 45
1 44 33
1 45 24
1 46 31
1 47 10
1 48 88
1 49 69
1 50 96
1 51 52
1 52 35
1 53 98
1 54 13
1 55 96
1 56 22
1 57 68
1 58 114
1 59 25
1 60 6
1 61 99
1 62 51
1 63 32
1 64 97
1 65 76
1 66 55
1 67 43
1 68 30
1 69 13
1 70 86
1 71 62
1 72 95
1 73 72
1 74 20
1 75 26
1 76 39
1 77 81
1 78 106
1 79 106
1 80 80
1 81 114
1 82 108
1 83 63
1 84 50
1 85 3
1 86 26
1 87 37
1 88 39
1 89 22
1 90 96
1 91 52
1 92 26
1 93 50
1 94 74
1 95 79
1 96 26
1 97 78
1 98 34
1 99 20
2 3 27
2 4 88
2 5 30
2 6 27
2 7 62
2 8 65
2 9 31
2 10 57
2 11 35
2 12 25
2 13 23
2 14 94
2 15 91
2 16 44
2 17 76
2 18 87
2 19 24
2 20 100
2 21 89
2 22 67
2 23 69
2 24 71
2 25 68
2 26 38
2 27 52
2 28 50
2 29 38
2 30 39
2 31 65
2 32 36
2 33 42
2 34 51
2 35 20
2 36 14
2 37 45
2 38 24
2 39 44
2 40 64
2 41 53
2 42 71
2 43 91
2 44 65
2 45 86
2 46 78
2 47 105
2 48 40
2 49 38
2 50 28
2 51 54
2 52 76
2 53 5
2 54 94
2 55 24
2 56 83
2 57 48
2 58 24
2 59 95
2 60 100
2 61 16
2 62 74
2 63 93
2 64 35
2 65 39
2 66 78
2 67 66
2 68 96
2 69 89
2 70 44
2 71 50
2 72 5
2 73 47
2 74 84
2 75 79
2 76 83
2 77 60
2 78 34
2 79 22
2 80 60
2 81 27
2 82 33
2 83 36
2 84 60
2 85 101
2 86 93
2 87 81
2 88 60
2 89 111
2 90 39
2 91 62
2 92 88
2 93 50
2 94 45
2 95 19
2 96 104
2 97 40
2 98 75
2 99 87
3 4 66
3 5 26
3 6 50
3 7 47
3 8 57
3 9 52
3 10 52
3 11 52
3 12 21
3 13 27
3 14 79
3 15 65
3 16 19
3 17 73
3 18 62
3 19 34
3 20 75
3 21 87
3 22 39
3 23 43
3 24 67
3 25 71
3 26 12
3 27 53
3 28 22
3 29 11
3 30 26
3 31 40
3 32 53
3 33 38
3 34 32
3 35 35
3 36 13
3 37 28
3 38 41
3 39 35
3 40 41
3 41 52
3 42 74
3 43 82
3 44 44
3 45 71
3 46 53
3 47 83
3 48 52
3 49 11
3 50 20
3 51 46
3 52 64
3 53 24
3 54 71
3 55 43
3 56 66
3 57 49
3 58 50
3 59 70
3 60 81
3 61 38
3 62 67
3 63 80
3 64 52
3 65 44
3 66 73
3 67 41
3 68 70
3 69 67
3 70 54
3 71 23
3 72 27
3 73 50
3 74 66
3 75 55
3 76 72
3 77 67
3 78 55
3 79 47
3 80 36
3 81 53
3 82 55
3 83 25
3 84 34
3 85 81
3 86 78
3 87 55
3 88 39
3 89 87
3 90 55
3 91 55
3 92 74
3 93 38
3 94 49
3 95 18
3 96 79
3 97 47
3 98 50
3 99 64
4 5 60
4 6 96
4 7 31
4 8 43
4 9 96
4 10 50
4 11 89
4 12 64
4 13 69
4 14 25
4 15 27
4 16 48
4 17 58
4 18 22
4 19 74
4 20 23
4 21 67
4 22 45
4 23 63
4 24 53
4 25 70
4 26 65
4 27 63
4 28 53
4 29 56
4 30 50
4 31 70
4 32 90
4 33 55
4 34 81
4 35 81
4 36 76
4 37 84
4 38 84
4 39 48
4 40 76
4 41 58
4 42 71
4 43 46
4 44 23
4 45 24
4 46 21
4 47 18
4 48 80
4 49 57
4 50 85
4 51 44
4 52 31
4 53 87
4 54 10
4 55 87
4 56 20
4 57 61
4 58 104
4 59 21
4 60 16
4 61 89
4 62 48
4 63 34
4 64 88
4 65 68
4 66 53
4 67 32
4 68 26
4 69 5
4 70 79
4 71 51
4 72 85
4 73 65
4 74 17
4 75 15
4 76 38
4 77 76
4 78 97
4 79 97
4 80 69
4 81 104
4 82 99
4 83 53
4 84 39
4 85 15
4 86 29
4 87 28
4 88 28
4 89 27
4 90 88
4 91 47
4 92 27
4 93 41
4 94 66
4 95 69
4 96 25
4 97 71
4 98 24
4 99 12
5 6 37
5 7 32
5 8 35
5 9 37
5 10 28
5 11 33
5 12 6
5 13 8
5 14 64
5 15 70
5 16 28
5 17 48
5 18 65
5 19 15
5 20 77
5 21 63
5 22 53
5 23 63
5 24 43
5 25 45
5 26 36
5 27 27
5 28 40
5 29 27
5 30 11
5 31 63
5 32 34
5 33 13
5 34 58
5 35 21
5 36 24
5 37 54
5 38 25
5 39 14
5 40 65
5 41 26
5 42 48
5 43 62
5 44 39
5 45 56
5 46 56
5 47 78
5 48 28
5 49 29
5 50 43
5 51 24
5 52 46
5 53 32
5 54 68
5 55 28
5 56 53
5 57 23
5 58 43
5 59 72
5 60 72
5 61 28
5 62 45
5 63 63
5 64 32
5 65 18
5 66 50
5 67 47
5 68 74
5 69 63
5 70 30
5 71 39
5 72 26
5 73 24
5 74 54
5 75 55
5 76 53
5 77 41
5 78 39
5 79 36
5 80 59
5 81 44
5 82 41
5 83 8
5 84 43
5 85 73
5 86 63
5 87 61
5 88 33
5 89 86
5 90 33
5 91 32
5 92 58
5 93 21
5 94 23
5 95 12
5 96 80
5 97 21
5 98 53
5 99 63
6 7 66
6 8 63
6 9 5
6 10 54
6 11 14
6 12 35
6 13 29
6 14 96
6 15 106
6 16 62
6 17 67
6 18 102
6 19 22
6 20 113
6 21 78
6 22 87
6 23 92
6 24 64
6 25 55
6 26 62
6 27 43
6 28 71
6 29 57
6 30 47
6 31 89
6 32 14
6 33 43
6 34 78
6 35 16
6 36 37
6 37 71
6 38 12
6 39 48
6 40 90
6 41 47
6 42 57
6 43 86
6 44 75
6 45 88
6 46 92
6 47 114
6 48 24
6 49 59
6 50 55
6 51 55
6 52 77
6 53 32
6 54 105
6 55 9
6 56 86
6 57 41
6 58 12
6 59 109
6 60 106
6 61 12
6 62 68
6 63 92
6 64 14
6 65 31
6 66 71
6 67 83
6 68 111
6 69 99
6 70 28
6 71 70
6 72 24
6 73 39
6 74 88
6 75 91
6 76 81
6 77 45
6 78 8
6 79 5
6 80 85
6 81 9
6 82 6
6 83 45
6 84 78
6 85 108
6 86 93
6 87 97
6 88 70
6 89 122
6 90 18
6 91 59
6 92 89
6 93 55
6 94 36
6 95 34
6 96 117
6 97 30
6 98 90
6 99 99
7 8 16
7 9 66
7 10 20
7 11 58
7 12 37
7 13 40
7 14 32
7 15 50
7 16 34
7 17 35
7 18 44
7 19 45
7 20 52
7 21 47
7 22 49
7 23 65
7 24 29
7 25 42
7 26 52
7 27 32
7 28 46
7 29 40
7 30 23
7 31 69
7 32 59
7 33 24
7 34 73
7 35 51
7 36 53
7 37 72
7 38 54
7 39 19
7 40 74
7 41 27
7 42 44
7 43 36
7 44 16
7 45 24
7 46 36
7 47 48
7 48 49
7 49 42
7 50 68
7 51 13
7 52 17
7 53 63
7 54 41
7 55 57
7 56 21
7 57 30
7 58 75
7 59 48
7 60 40
7 61 60
7 62 26
7 63 33
7 64 57
7 65 37
7 66 32
7 67 36
7 68 52
7 69 35
7 70 48
7 71 43
7 72 58
7 73 34
7 74 22
7 75 32
7 76 25
7 77 46
7 78 67
7 79 67
7 80 67
7 81 74
7 82 69
7 83 26
7 84 37
7 85 41
7 86 31
7 87 44
7 88 15
7 89 58
7 90 56
7 91 18
7 92 27
7 93 12
7 94 35
7 95 43
7 96 55
7 97 39
7 98 36
7 99 38
8 9 61
8 10 9
8 11 52
8 12 41
8 13 42
8 14 34
8 15 64
8 16 47
8 17 19
8 18 59
8 19 44
8 20 65
8 21 33
8 22 64
8 23 80
8 24 13
8 25 27
8 26 63
8 27 22
8 28 59
8 29 51
8 30 30
8 31 83
8 32 53
8 33 23
8 34 85
8 35 50
8 36 59
8 37 84
8 38 51
8 39 22
8 40 87
8 41 17
8 42 29
8 43 26
8 44 32
8 45 26
8 46 51
8 47 58
8 48 41
8 49 54
8 50 77
8 51 11
8 52 15
8 53 67
8 54 52
8 55 54
8 56 26
8 57 22
8 58 73
8 59 62
8 60 47
8 61 59
8 62 11
8 63 29
8 64 51
8 65 31
8 66 17
8 67 51
8 68 66
8 69 47
8 70 39
8 71 57
8 72 61
8 73 25
8 74 29
8 75 46
8 76 18
8 77 33
8 78 61
8 79 65
8 80 81
8 81 72
8 82 64
8 83 32
8 84 52
8 85 49
8 86 31
8 87 59
8 88 30
8 89 69
8 90 49
8 91 5
8 92 27
8 93 19
8 94 27
8 95 47
8 96 68
8 97 33
8 98 51
8 99 51
9 10 52
9 11 11
9 12 36
9 13 30
9 14 94
9 15 107
9 16 63
9 17 64
9 18 103
9 19 23
9 20 114
9 21 74
9 22 89
9 23 95
9 24 61
9 25 51
9 26 65
9 27 41
9 28 73
9 29 59
9 30 48
9 31 92
9 32 10
9 33 42
9 34 81
9 35 18
9 36 41
9 37 75
9 38 13
9 39 48
9 40 93
9 41 44
9 42 54
9 43 84
9 44 75
9 45 87
9 46 93
9 47 114
9 48 21
9 49 61
9 50 59
9 51 54
9 52 75
9 53 36
9 54 105
9 55 10
9 56 85
9 57 39
9 58 16
9 59 109
9 60 105
9 61 15
9 62 66
9 63 90
9 64 10
9 65 30
9 66 69
9 67 84
9 68 111
9 69 99
9 70 24
9 71 72
9 72 28
9 73 36
9 74 87
9 75 92
9 76 79
9 77 41
9 78 3
9 79 10
9 80 88
9 81 12
9 82 3
9 83 45
9 84 79
9 85 107
9 86 92
9 87 98
9 88 70
9 89 122
9 90 14
9 91 57
9 92 88
9 93 55
9 94 34
9 95 36
9 96 117
9 97 28
9 98 91
9 99 100
10 11 42
10 12 34
10 13 34
10 14 43
10 15 69
10 16 44
10 17 21
10 18 64
10 19 35
10 20 71
10 21 35
10 22 65
10 23 79
10 24 15
10 25 24
10 26 59
10 27 13
10 28 58
10 29 48
10 30 26
10 31 81
10 32 43
10 33 15
10 34 82
10 35 41
10 36 52
10 37 79
10 38 42
10 39 17
10 40 86
10 41 8
10 42 26
10 43 34
10 44 35
10 45 36
10 46 56
10 47 66
10 48 32
10 49 51
10 50 71
10 51 8
10 52 24
10 53 59
10 54 59
10 55 45
10 56 35
10 57 12
10 58 64
10 59 67
10 60 55
10 61 50
10 62 17
10 63 38
10 64 42
10 65 22
10 66 22
10 67 53
10 68 71
10 69 54
10 70 30
10 71 55
10 72 52
10 73 16
10 74 37
10 75 51
10 76 27
10 77 27
10 78 52
10 79 55
10 80 79
10 81 62
10 82 54
10 83 27
10 84 53
10 85 58
10 86 40
10 87 63
10 88 32
10 89 76
10 90 40
10 91 5
10 92 36
10 93 17
10 94 18
10 95 40
10 96 74
10 97 24
10 98 55
10 99 57
11 12 33
11 13 27
11 14 85
11 15 102
11 16 60
11 17 53
11 18 97
11 19 19
11 20 107
11 21 64
11 22 86
11 23 94
11 24 51
11 25 41
11 26 64
11 27 31
11 28 71
11 29 58
11 30 42
11 31 92
11 32 1
11 33 34
11 34 83
11 35 17
11 36 42
11 37 77
11 38 12
11 39 41
11 40 93
11 41 35
11 42 43
11 43 74
11 44 69
11 45 78
11 46 87
11 47 106
11 48 11
11 49 59
11 50 62
11 51 45
11 52 66
11 53 40
11 54 97
11 55 12
11 56 76
11 57 30
11 58 26
11 59 103
11 60 97
11 61 20
11 62 56
11 63 80
11 64 0
11 65 21
11 66 58
11 67 79
11 68 105
11 69 92
11 70 14
11 71 70
11 72 31
11 73 26
11 74 78
11 75 85
11 76 69
11 77 30
11 78 10
11 79 18
11 80 88
11 81 23
11 82 13
11 83 40
11 84 75
11 85 99
11 86 82
11 87 93
11 88 64
11 89 115
11 90 4
11 91 47
11 92 79
11 93 48
11 94 24
11 95 34
11 96 111
11 97 19
11 98 85
11 99 93
12 13 7
12 14 69
12 15 71
12 16 27
12 17 54
12 18 67
12 19 14
12 20 79
12 21 68
12 22 52
12 23 61
12 24 49
12 25 50
12 26 33
12 27 32
12 28 38
12 29 24
12 30 14
12 31 59
12 32 34
12 33 19
12 34 53
12 35 19
12 36 18
12 37 49
12 38 24
12 39 19
12 40 62
12 41 32
12 42 53
12 43 67
12 44 42
12 45 61
12 46 58
12 47 82
12 48 31
12 49 26
12 50 38
12 51 30
12 52 52
12 53 26
12 54 71
12 55 26
12 56 58
12 57 28
12 58 40
12 59 74
12 60 76
12 61 26
12 62 51
12 63 68
12 64 33
12 65 22
12 66 56
12 67 48
12 68 76
12 69 66
12 70 33
12 71 37
12 72 21
12 73 29
12 74 59
12 75 57
12 76 59
12 77 45
12 78 39
12 79 34
12 80 56
12 81 41
12 82 40
12 83 11
12 84 43
12 85 77
12 86 68
12 87 62
12 88 36
12 89 89
12 90 35
12 91 38
12 92 64
12 93 26
12 94 28
12 95 6
12 96 82
12 97 25
12 98 55
12 99 65
13 14 72
13 15 78
13 16 34
13 17 53
13 18 73
13 19 7
13 20 85
13 21 67
13 22 59
13 23 67
13 24 48
13 25 47
13 26 39
13 27 30
13 28 45
13 29 31
13 30 19
13 31 66
13 32 27
13 33 19
13 34 59
13 35 12
13 36 21
13 37 54
13 38 17
13 39 22
13 40 68
13 41 30
13 42 50
13 43 68
13 44 47
13 45 64
13 46 64
13 47 87
13 48 25
13 49 33
13 50 41
13 51 31
13 52 54
13 53 26
13 54 77
13 55 20
13 56 61
13 57 26
13 58 35
13 59 80
13 60 80
13 61 20
13 62 51
13 63 70
13 64 26
13 65 18
13 66 55
13 67 54
13 68 82
13 69 71
13 70 27
13 71 44
13 72 19
13 73 26
13 74 62
13 75 63
13 76 60
13 77 41
13 78 32
13 79 28
13 80 62
13 81 36
13 82 33
13 83 16
13 84 49
13 85 81
13 86 70
13 87 68
13 88 42
13 89 94
13 90 28
13 91 39
13 92 66
13 93 29
13 94 24
13 95 9
13 96 88
13 97 20
13 98 61
13 99 71
14 15 52
14 16 62
14 17 41
14 18 48
14 19 75
14 20 46
14 21 46
14 22 67
14 23 85
14 24 39
14 25 56
14 26 80
14 27 55
14 28 71
14 29 70
14 30 56
14 31 91
14 32 86
14 33 54
14 34 100
14 35 82
14 36 85
14 37 101
14 38 84
14 39 50
14 40 97
14 41 51
14 42 56
14 43 23
14 44 36
14 45 8
14 46 45
14 47 31
14 48 75
14 49 72
14 50 99
14 51 41
14 52 19
14 53 95
14 54 33
14 55 87
14 56 12
14 57 55
14 58 106
14 59 45
14 60 17
14 61 91
14 62 33
14 63 10
14 64 85
14 65 65
14 66 35
14 67 53
14 68 50
14 69 30
14 70 73
14 71 69
14 72 90
14 73 59
14 74 13
14 75 39
14 76 19
14 77 64
14 78 95
14 79 97
14 80 90
14 81 105
14 82 97
14 83 58
14 84 59
14 85 21
14 86 5
14 87 53
14 88 40
14 89 44
14 90 83
14 91 38
14 92 6
14 93 44
14 94 61
14 95 75
14 96 48
14 97 66
14 98 47
14 99 38
15 16 47
15 17 82
15 18 5
15 19 84
15 20 13
15 21 92
15 22 30
15 23 44
15 24 77
15 25 92
15 26 59
15 27 81
15 28 45
15 29 54
15 30 59
15 31 53
15 32 103
15 33 69
15 34 68
15 35 90
15 36 78
15 37 73
15 38 94
15 39 62
15 40 59
15 41 76
15 42 93
15 43 73
15 44 34
15 45 50
15 46 14
15 47 31
15 48 95
15 49 54
15 50 80
15 51 62
15 52 56
15 53 89
15 54 21
15 55 97
15 56 46
15 57 78
15 58 111
15 59 9
15 60 39
15 61 97
15 62 72
15 63 61
15 64 101
15 65 83
15 66 77
15 67 25
15 68 6
15 69 22
15 70 95
15 71 44
15 72 89
15 73 82
15 74 43
15 75 18
15 76 64
15 77 96
15 78 109
15 79 105
15 80 54
15 81 113
15 82 110
15 83 62
15 84 32
15 85 36
15 86 56
15 87 10
15 88 38
15 89 27
15 90 102
15 91 68
15 92 54
15 93 56
15 94 83
15 95 74
15 96 16
15 97 86
15 98 16
15 99 15
16 17 65
16 18 44
16 19 41
16 20 57
16 21 79
16 22 25
16 23 36
16 24 59
16 25 67
16 26 18
16 27 50
16 28 13
16 29 8
16 30 21
16 31 37
16 32 61
16 33 34
16 34 39
16 35 46
16 36 31
16 37 39
16 38 51
16 39 29
16 40 41
16 41 47
16 42 70
16 43 70
16 44 27
16 45 55
16 46 34
16 47 65
16 48 56
16 49 10
16 50 37
16 51 37
16 52 50
16 53 42
16 54 53
16 55 53
16 56 50
16 57 46
16 58 65
16 59 52
16 60 63
16 61 51
16 62 58
16 63 65
16 64 60
16 65 45
16 66 64
16 67 22
16 68 52
16 69 48
16 70 58
16 71 11
16 72 42
16 73 49
16 74 50
16 75 36
16 76 59
16 77 66
16 78 66
16 79 60
16 80 34
16 81 67
16 82 67
16 83 22
16 84 16
16 85 62
16 86 63
16 87 37
16 88 22
16 89 69
16 90 61
16 91 46
16 92 58
16 93 28
16 94 49
16 95 28
16 96 60
16 97 49
16 98 31
16 99 45
17 18 77
17 19 52
17 20 81
17 21 14
17 22 83
17 23 99
17 24 6
17 25 15
17 26 81
17 27 24
17 28 78
17 29 69
17 30 47
17 31 102
17 32 54
17 33 36
17 34 103
17 35 58
17 36 72
17 37 101
17 38 57
17 39 38
17 40 106
17 41 23
17 42 15
17 43 22
17 44 50
17 45 37
17 46 70
17 47 70
17 48 43
17 49 72
17 50 92
17 51 28
17 52 27
17 53 78
17 54 68
17 55 60
17 56 39
17 57 28
17 58 78
17 59 78
17 60 58
17 61 66
17 62 10
17 63 33
17 64 53
17 65 37
17 66 6
17 67 70
17 68 82
17 69 63
17 70 39
17 71 76
17 72 71
17 73 29
17 74 42
17 75 64
17 76 22
17 77 26
17 78 63
17 79 70
17 80 99
17 81 76
17 82 66
17 83 48
17 84 71
17 85 61
17 86 37
17 87 78
17 88 50
17 89 83
17 90 50
17 91 18
17 92 35
17 93 37
17 94 31
17 95 60
17 96 84
17 97 37
17 98 70
17 99 68
18 19 80
18 20 14
18 21 87
18 22 29
18 23 45
18 24 71
18 25 86
18 26 56
18 27 76
18 28 43
18 29 51
18 30 55
18 31 53
18 32 98
18 33 64
18 34 68
18 35 86
18 36 74
18 37 72
18 38 90
18 39 57
18 40 60
18 41 71
18 42 88
18 43 68
18 44 29
18 45 45
18 46 10
18 47 29
18 48 90
18 49 52
18 50 78
18 51 57
18 52 51
18 53 86
18 54 17
18 55 93
18 56 41
18 57 73
18 58 107
18 59 9
18 60 36
18 61 93
18 62 67
18 63 56
18 64 97
18 65 78
18 66 72
18 67 21
18 68 9
18 69 18
18 70 90
18 71 41
18 72 85
18 73 77
18 74 38
18 75 13
18 76 59
18 77 90
18 78 105
18 79 101
18 80 54
18 81 108
18 82 106
18 83 57
18 84 29
18 85 33
18 86 51
18 87 9
18 88 33
18 89 27
18 90 97
18 91 62
18 92 49
18 93 50
18 94 78
18 95 70
18 96 17
18 97 81
18 98 12
18 99 10
19 20 91
19 21 65
19 22 67
19 23 75
19 24 48
19 25 44
19 26 46
19 27 28
19 28 52
19 29 38
19 30 25
19 31 73
19 32 20
19 33 21
19 34 65
19 35 7
19 36 26
19 37 60
19 38 10
19 39 26
19 40 75
19 41 30
19 42 47
19 43 69
19 44 53
19 45 68
19 46 70
19 47 92
19 48 19
19 49 40
19 50 46
19 51 34
19 52 57
19 53 27
19 54 82
19 55 13
19 56 65
19 57 25
19 58 30
19 59 86
19 60 84
19 61 16
19 62 51
19 63 73
19 64 19
19 65 15
19 66 55
19 67 61
19 68 88
19 69 77
19 70 21
19 71 51
19 72 19
19 73 23
19 74 67
19 75 69
19 76 62
19 77 37
19 78 25
19 79 22
19 80 69
19 81 30
19 82 26
19 83 23
19 84 57
19 85 86
19 86 73
19 87 75
19 88 48
19 89 100
19 90 21
19 91 40
19 92 69
19 93 33
19 94 21
19 95 16
19 96 95
19 97 16
19 98 68
19 99 77
20 21 89
20 22 43
20 23 57
20 24 76
20 25 92
20 26 70
20 27 84
20 28 57
20 29 64
20 30 66
20 31 66
20 32 108
20 33 73
20 34 81
20 35 97
20 36 87
20 37 85
20 38 101
20 39 67
20 40 72
20 41 79
20 42 94
20 43 68
20 44 39
20 45 46
20 46 22
20 47 20
20 48 99
20 49 65
20 50 91
20 51 65
20 52 54
20 53 99
20 54 14
20 55 104
20 56 42
20 57 81
20 58 119
20 59 5
20 60 31
20 61 104
20 62 71
20 63 56
20 64 107
20 65 87
20 66 76
20 67 35
20 68 7
20 69 18
20 70 99
20 71 55
20 72 98
20 73 85
20 74 40
20 75 22
20 76 61
20 77 98
20 78 115
20 79 113
20 80 67
20 81 120
20 82 117
20 83 68
20 84 42
20 85 27
20 86 50
20 87 22
20 88 43
20 89 14
20 90 107
20 91 69
20 92 49
20 93 60
20 94 87
20 95 82
20 96 4
20 97 90
20 98 25
20 99 14
21 22 96
21 23 112
21 24 20
21 25 23
21 26 95
21 27 37
21 28 92
21 29 83
21 30 61
21 31 115
21 32 65
21 33 50
21 34 117
21 35 71
21 36 87
21 37 115
21 38 69
21 39 52
21 40 120
21 41 37
21 42 21
21 43 23
21 44 63
21 45 44
21 46 81
21 47 76
21 48 54
21 49 86
21 50 106
21 51 42
21 52 36
21 53 92
21 54 76
21 55 72
21 56 47
21 57 41
21 58 90
21 59 87
21 60 63
21 61 79
21 62 22
21 63 36
21 64 64
21 65 50
21 66 16
21 67 83
21 68 92
21 69 71
21 70 50
21 71 89
21 72 84
21 73 42
21 74 50
21 75 75
21 76 29
21 77 34
21 78 73
21 79 81
21 80 113
21 81 87
21 82 76
21 83 62
21 84 84
21 85 67
21 86 41
21 87 89
21 88 62
21 89 89
21 90 60
21 91 33
21 92 41
21 93 51
21 94 44
21 95 74
21 96 92
21 97 50
21 98 81
21 99 78
22 23 18
22 24 77
22 25 88
22 26 30
22 27 73
22 28 17
22 29 30
22 30 45
22 31 25
22 32 87
22 33 58
22 34 38
22 35 71
22 36 53
22 37 43
22 38 76
22 39 51
22 40 31
22 41 69
22 42 91
22 43 82
22 44 34
22 45 62
22 46 24
22 47 57
22 48 81
22 49 29
22 50 51
22 51 57
22 52 62
22 53 64
22 54 45
22 55 78
22 56 57
22 57 69
22 58 89
22 59 38
22 60 61
22 61 76
22 62 74
22 63 74
22 64 85
22 65 70
22 66 80
22 67 14
22 68 36
22 69 43
22 70 82
22 71 17
22 72 66
22 73 72
22 74 55
22 75 30
22 76 71
22 77 89
22 78 91
22 79 85
22 80 25
22 81 91
22 82 92
22 83 46
22 84 12
22 85 59
22 86 70
22 87 20
22 88 34
22 89 56
22 90 87
22 91 65
22 92 66
22 93 48
22 94 73
22 95 53
22 96 46
22 97 73
22 98 21
22 99 36
23 24 92
23 25 102
23 26 31
23 27 86
23 28 23
23 29 36
23 30 57
23 31 9
23 32 95
23 33 70
23 34 27
23 35 78
23 36 56
23 37 34
23 38 83
23 39 64
23 40 15
23 41 83
23 42 105
23 43 99
23 44 51
23 45 80
23 46 42
23 47 74
23 48 91
23 49 35
23 50 47
23 51 71
23 52 79
23 53 65
23 54 62
23 55 85
23 56 74
23 57 82
23 58 92
23 59 53
23 60 78
23 61 81
23 62 90
23 63 91
23 64 93
23 65 81
23 66 97
23 67 32
23 68 50
23 69 60
23 70 93
23 71 25
23 72 69
23 73 85
23 74 73
23 75 48
23 76 89
23 77 102
23 78 98
23 79 89
23 80 12
23 81 95
23 82 98
23 83 57
23 84 28
23 85 76
23 86 87
23 87 36
23 88 50
23 89 71
23 90 96
23 91 80
23 92 83
23 93 62
23 94 84
23 95 60
23 96 60
23 97 84
23 98 39
23 99 53
24 25 17
24 26 74
24 27 21
24 28 72
24 29 63
24 30 41
24 31 95
24 32 52
24 33 30
24 34 96
24 35 54
24 36 67
24 37 94
24 38 53
24 39 32
24 40 100
24 41 18
24 42 18
24 43 23
24 44 44
24 45 34
24 46 64
24 47 67
24 48 40
24 49 65
24 50 86
24 51 22
24 52 23
24 53 73
24 54 63
24 55 56
24 56 35
24 57 23
24 58 75
24 59 73
24 60 55
24 61 62
24 62 6
24 63 31
24 64 51
24 65 33
24 66 8
24 67 64
24 68 77
24 69 58
24 70 37
24 71 69
24 72 66
24 73 25
24 74 38
24 75 59
24 76 20
24 77 26
24 78 61
24 79 66
24 80 93
24 81 73
24 82 63
24 83 42
24 84 65
24 85 58
24 86 35
24 87 72
24 88 43
24 89 79
24 90 48
24 91 12
24 92 33
24 93 31
24 94 28
24 95 55
24 96 79
24 97 34
24 98 64
24 99 63
25 26 80
25 27 18
25 28 80
25 29 69
25 30 47
25 31 104
25 32 42
25 33 33
25 34 102
25 35 49
25 36 68
25 37 99
25 38 47
25 39 38
25 40 108
25 41 20
25 42 3
25 43 37
25 44 58
25 45 50
25 46 78
25 47 84
25 48 31
25 49 72
25 50 88
25 51 32
25 52 39
25 53 72
25 54 80
25 55 49
25 56 52
25 57 22
25 58 67
25 59 89
25 60 72
25 61 56
25 62 23
25 63 48
25 64 41
25 65 30
25 66 22
25 67 77
25 68 93
25 69 74
25 70 27
25 71 78
25 72 63
25 73 22
25 74 54
25 75 74
25 76 37
25 77 11
25 78 50
25 79 59
25 80 101
25 81 64
25 82 53
25 83 47
25 84 76
25 85 75
25 86 52
25 87 86
25 88 56
25 89 95
25 90 37
25 91 24
25 92 50
25 93 40
25 94 23
25 95 56
25 96 95
25 97 28
25 98 78
25 99 79
26 27 63
26 28 14
26 29 12
26 30 34
26 31 28
26 32 65
26 33 47
26 34 22
26 35 48
26 36 25
26 37 21
26 38 53
26 39 43
26 40 29
26 41 61
26 42 83
26 43 87
26 44 45
26 45 73
26 46 48
26 47 81
26 48 64
26 49 9
26 50 21
26 51 53
26 52 68
26 53 35
26 54 68
26 55 55
26 56 68
26 57 58
26 58 62
26 59 65
26 60 80
26 61 50
26 62 74
26 63 83
26 64 64
26 65 55
26 66 80
26 67 35
26 68 64
26 69 64
26 70 66
26 71 15
26 72 39
26 73 60
26 74 68
26 75 52
26 76 77
26 77 77
26 78 67
26 79 59
26 80 24
26 81 65
26 82 68
26 83 33
26 84 28
26 85 79
26 86 81
26 87 48
26 88 40
26 89 83
26 90 67
26 91 62
26 92 76
26 93 44
26 94 59
26 95 30
26 96 73
26 97 58
26 98 45
26 99 60
27 28 64
27 29 52
27 30 30
27 31 87
27 32 32
27 33 16
27 34 85
27 35 34
27 36 50
27 37 81
27 38 33
27 39 22
27 40 91
27 41 5
27 42 21
27 43 43
27 44 46
27 45 48
27 46 67
27 47 79
27 48 20
27 49 55
27 50 70
27 51 19
27 52 36
27 53 55
27 54 72
27 55 36
27 56 48
27 57 4
27 58 54
27 59 80
27 60 68
27 61 42
27 62 25
27 63 50
27 64 31
27 65 13
27 66 28
27 67 63
27 68 83
27 69 66
27 70 18
27 71 62
27 72 47
27 73 5
27 74 50
27 75 63
27 76 38
27 77 16
27 78 40
27 79 46
27 80 84
27 81 52
27 82 43
27 83 30
27 84 61
27 85 71
27 86 52
27 87 74
27 88 43
27 89 89
27 90 28
27 91 17
27 92 49
27 93 26
27 94 7
27 95 38
27 96 87
27 97 13
27 98 66
27 99 70
28 29 14
28 30 34
28 31 24
28 32 72
28 33 48
28 34 28
28 35 56
28 36 36
28 37 30
28 38 61
28 39 42
28 40 28
28 41 61
28 42 83
28 43 81
28 44 35
28 45 65
28 46 36
28 47 68
28 48 69
28 49 12
28 50 35
28 51 50
28 52 61
28 53 47
28 54 56
28 55 63
28 56 60
28 57 59
28 58 73
28 59 52
28 60 69
28 61 60
28 62 70
28 63 76
28 64 71
28 65 58
28 66 77
28 67 22
28 68 51
28 69 52
28 70 70
28 71 3
28 72 49
28 73 62
28 74 59
28 75 39
28 76 71
28 77 79
28 78 76
28 79 68
28 80 21
28 81 75
28 82 76
28 83 35
28 84 15
28 85 68
28 86 73
28 87 35
28 88 32
28 89 70
28 90 73
28 91 60
28 92 68
28 93 41
28 94 62
28 95 38
28 96 60
28 97 61
28 98 32
28 99 47
29 30 23
29 31 36
29 32 58
29 33 36
29 34 34
29 35 42
29 36 24
29 37 32
29 38 47
29 39 31
29 40 39
29 41 50
29 42 72
29 43 76
29 44 34
29 45 62
29 46 42
29 47 72
29 48 55
29 49 3
29 50 30
29 51 41
29 52 56
29 53 35
29 54 60
29 55 49
29 56 57
29 57 48
29 58 60
29 59 59
29 60 70
29 61 46
29 62 62
29 63 72
29 64 57
29 65 45
29 66 68
29 67 29
29 68 59
29 69 56
29 70 57
29 71 13
29 72 37
29 73 50
29 74 57
29 75 44
29 76 65
29 77 67
29 78 62
29 79 55
29 80 32
29 81 62
29 82 63
29 83 22
29 84 22
29 85 70
29 86 70
29 87 44
29 88 30
29 89 76
29 90 59
29 91 51
29 92 65
29 93 32
29 94 49
29 95 24
29 96 68
29 97 48
29 98 39
29 99 52
30 31 58
30 32 43
30 33 14
30 34 56
30 35 31
30 36 30
30 37 54
30 38 35
30 39 9
30 40 61
30 41 27
30 42 49
30 43 56
30 44 28
30 45 48
30 46 45
30 47 68
30 48 37
30 49 25
30 50 46
30 51 19
30 52 39
30 53 39
30 54 58
30 55 38
30 56 44
30 57 25
30 58 54
30 59 61
30 60 62
30 61 39
30 62 41
30 63 55
30 64 42
30 65 25
30 66 47
30 67 37
30 68 63
30 69 52
30 70 38
30 71 32
30 72 35
30 73 28
30 74 45
30 75 44
30 76 47
30 77 45
30 78 50
30 79 47
30 80 54
30 81 55
30 82 51
30 83 3
30 84 34
30 85 63
30 86 55
30 87 51
30 88 23
30 89 75
30 90 43
30 91 29
30 92 50
30 93 12
30 94 28
30 95 20
30 96 69
30 97 28
30 98 43
30 99 52
31 32 93
31 33 71
31 34 19
31 35 75
31 36 52
31 37 26
31 38 81
31 39 66
31 40 7
31 41 84
31 42 107
31 43 104
31 44 56
31 45 85
31 46 49
31 47 82
31 48 91
31 49 33
31 50 40
31 51 74
31 52 84
31 53 60
31 54 69
31 55 82
31 56 80
31 57 83
31 58 88
31 59 61
31 60 85
31 61 78
31 62 94
31 63 97
31 64 91
31 65 81
31 66 100
31 67 38
31 68 59
31 69 67
31 70 92
31 71 26
31 72 66
31 73 85
31 74 79
31 75 55
31 76 93
31 77 102
31 78 95
31 79 86
31 80 4
31 81 91
31 82 95
31 83 58
31 84 33
31 85 83
31 86 93
31 87 44
31 88 54
31 89 80
31 90 94
31 91 83
31 92 89
31 93 65
31 94 85
31 95 57
31 96 68
31 97 84
31 98 46
31 99 60
32 33 35
32 34 83
32 35 18
32 36 43
32 37 78
32 38 12
32 39 42
32 40 94
32 41 36
32 42 44
32 43 75
32 44 70
32 45 79
32 46 88
32 47 107
32 48 12
32 49 60
32 50 62
32 51 46
32 52 67
32 53 40
32 54 99
32 55 12
32 56 77
32 57 31
32 58 26
32 59 104
32 60 98
32 61 20
32 62 57
32 63 81
32 64 1
32 65 22
32 66 59
32 67 80
32 68 106
32 69 93
32 70 15
32 71 71
32 72 32
32 73 27
32 74 79
32 75 86
32 76 70
32 77 31
32 78 9
32 79 18
32 80 89
32 81 22
32 82 12
32 83 41
32 84 76
32 85 100
32 86 83
32 87 94
32 88 65
32 89 116
32 90 4
32 91 48
32 92 80
32 93 49
32 94 25
32 95 35
32 96 112
32 97 20
32 98 86
32 99 94
33 34 69
33 35 28
33 36 37
33 37 66
33 38 30
33 39 7
33 40 74
33 41 14
33 42 36
33 43 49
33 44 35
33 45 46
33 46 54
33 47 72
33 48 26
33 49 38
33 50 56
33 51 13
33 52 35
33 53 44
33 54 63
33 55 34
33 56 44
33 57 12
33 58 52
33 59 69
33 60 63
33 61 37
33 62 32
33 63 51
33 64 34
33 65 14
33 66 37
33 67 49
33 68 72
33 69 58
33 70 26
33 71 46
33 72 38
33 73 15
33 74 45
33 75 52
33 76 41
33 77 31
33 78 43
33 79 44
33 80 68
33 81 51
33 82 45
33 83 13
33 84 46
33 85 65
33 86 52
33 87 61
33 88 30
33 89 81
33 90 33
33 91 20
33 92 48
33 93 14
33 94 15
33 95 25
33 96 77
33 97 17
33 98 53
33 99 59
34 35 66
34 36 41
34 37 8
34 38 71
34 39 65
34 40 15
34 41 83
34 42 105
34 43 108
34 44 64
34 45 93
34 46 62
34 47 95
34 48 84
34 49 31
34 50 24
34 51 75
34 52 89
34 53 47
34 54 82
34 55 72
34 56 88
34 57 80
34 58 75
34 59 76
34 60 97
34 61 66
34 62 96
34 63 104
34 64 82
34 65 76
34 66 102
34 67 49
34 68 74
34 69 79
34 70 86
34 71 31
34 72 54
34 73 82
34 74 87
34 75 67
34 76 98
34 77 98
34 78 84
34 79 74
34 80 15
34 81 79
34 82 84
34 83 55
34 84 42
34 85 95
34 86 101
34 87 59
34 88 60
34 89 95
34 90 86
34 91 84
34 92 96
34 93 66
34 94 81
34 95 50
34 96 84
34 97 79
34 98 58
34 99 74
35 36 25
35 37 60
35 38 6
35 39 33
35 40 76
35 41 36
35 42 52
35 43 75
35 44 59
35 45 74
35 46 76
35 47 99
35 48 21
35 49 43
35 50 45
35 51 41
35 52 63
35 53 24
35 54 89
35 55 8
35 56 72
35 57 31
35 58 23
35 59 92
35 60 91
35 61 9
35 62 58
35 63 79
35 64 17
35 65 20
35 66 61
35 67 67
35 68 94
35 69 83
35 70 24
35 71 55
35 72 15
35 73 29
35 74 73
35 75 75
35 76 68
35 77 41
35 78 20
35 79 16
35 80 71
35 81 23
35 82 21
35 83 29
35 84 61
35 85 93
35 86 80
35 87 81
35 88 54
35 89 106
35 90 20
35 91 46
35 92 76
35 93 40
35 94 27
35 95 18
35 96 101
35 97 21
35 98 74
35 99 83
36 37 35
36 38 30
36 39 37
36 40 52
36 41 50
36 42 70
36 43 85
36 44 53
36 45 77
36 46 65
36 47 94
36 48 44
36 49 24
36 50 21
36 51 48
36 52 69
36 53 12
36 54 82
36 55 31
36 56 73
36 57 46
36 58 37
36 59 82
36 60 89
36 61 26
36 62 69
36 63 85
36 64 42
36 65 39
36 66 74
36 67 53
36 68 83
36 69 77
36 70 47
36 71 36
36 72 14
36 73 46
36 74 74
36 75 66
36 76 76
36 77 62
36 78 44
36 79 34
36 80 48
36 81 40
36 82 43
36 83 27
36 84 46
36 85 90
36 86 84
36 87 67
36 88 48
36 89 99
36 90 45
36 91 56
36 92 80
36 93 42
36 94 45
36 95 12
36 96 91
36 97 41
36 98 62
36 99 75
37 38 65
37 39 63
37 40 22
37 41 80
37 42 102
37 43 108
37 44 65
37 45 94
37 46 65
37 47 99
37 48 79
37 49 30
37 50 17
37 51 73
37 52 89
37 53 40
37 54 86
37 55 66
37 56 89
37 57 77
37 58 68
37 59 81
37 60 99
37 61 60
37 62 94
37 63 104
37 64 77
37 65 72
37 66 101
37 67 52
37 68 79
37 69 82
37 70 81
37 71 33
37 72 47
37 73 78
37 74 88
37 75 70
37 76 98
37 77 95
37 78 78
37 79 67
37 80 22
37 81 72
37 82 77
37 83 53
37 84 45
37 85 98
37 86 102
37 87 63
37 88 61
37 89 99
37 90 80
37 91 83
37 92 97
37 93 64
37 94 77
37 95 45
37 96 89
37 97 74
37 98 62
37 99 77
38 39 36
38 40 82
38 41 36
38 42 50
38 43 76
38 44 63
38 45 76
38 46 80
38 47 102
38 48 17
38 49 49
38 50 50
38 51 43
38 52 65
38 53 28
38 54 92
38 55 3
38 56 74
38 57 31
38 58 22
38 59 96
38 60 94
38 61 9
38 62 58
38 63 80
38 64 11
38 65 20
38 66 61
38 67 71
38 68 98
38 69 87
38 70 21
38 71 60
38 72 20
38 73 28
38 74 76
38 75 79
38 76 69
38 77 38
38 78 15
38 79 13
38 80 77
38 81 21
38 82 16
38 83 33
38 84 66
38 85 95
38 86 82
38 87 85
38 88 58
38 89 110
38 90 15
38 91 47
38 92 78
38 93 43
38 94 26
38 95 23
38 96 105
38 97 20
38 98 78
38 99 87
39 40 69
39 41 19
39 42 41
39 43 48
39 44 28
39 45 42
39 46 48
39 47 66
39 48 33
39 49 34
39 50 54
39 51 11
39 52 32
39 53 45
39 54 57
39 55 39
39 56 39
39 57 18
39 58 56
39 59 62
39 60 58
39 61 41
39 62 33
39 63 49
39 64 40
39 65 21
39 66 38
39 67 42
39 68 65
39 69 51
39 70 33
39 71 40
39 72 40
39 73 21
39 74 41
39 75 45
39 76 39
39 77 38
39 78 49
39 79 48
39 80 63
39 81 56
39 82 51
39 83 10
39 84 39
39 85 60
39 86 49
39 87 54
39 88 24
39 89 75
39 90 40
39 91 20
39 92 44
39 93 7
39 94 22
39 95 26
39 96 70
39 97 24
39 98 46
39 99 53
40 41 88
40 42 110
40 43 109
40 44 62
40 45 91
40 46 55
40 47 88
40 48 93
40 49 36
40 50 38
40 51 78
40 52 89
40 53 60
40 54 76
40 55 83
40 56 86
40 57 86
40 58 88
40 59 68
40 60 92
40 61 78
40 62 98
40 63 103
40 64 93
40 65 83
40 66 105
40 67 44
40 68 65
40 69 74
40 70 95
40 71 31
40 72 66
40 73 88
40 74 85
40 75 61
40 76 99
40 77 105
40 78 96
40 79 86
40 80 7
40 81 91
40 82 95
40 83 61
40 84 39
40 85 90
40 86 99
40 87 51
40 88 60
40 89 86
40 90 96
40 91 88
40 92 95
40 93 69
40 94 88
40 95 59
40 96 75
40 97 86
40 98 52
40 99 67
41 42 22
41 43 40
41 44 42
41 45 44
41 46 62
41 47 74
41 48 24
41 49 52
41 50 70
41 51 14
41 52 32
41 53 56
41 54 67
41 55 39
41 56 43
41 57 5
41 58 57
41 59 75
41 60 63
41 61 44
41 62 22
41 63 46
41 64 35
41 65 16
41 66 26
41 67 59
41 68 78
41 69 62
41 70 22
41 71 59
41 72 48
41 73 8
41 74 45
41 75 58
41 76 34
41 77 20
41 78 44
41 79 49
41 80 81
41 81 56
41 82 47
41 83 27
41 84 58
41 85 66
41 86 48
41 87 70
41 88 39
41 89 84
41 90 32
41 91 13
41 92 44
41 93 22
41 94 11
41 95 38
41 96 82
41 97 16
41 98 61
41 99 65
42 43 37
42 44 60
42 45 51
42 46 80
42 47 84
42 48 33
42 49 75
42 50 91
42 51 34
42 52 40
42 53 74
42 54 81
42 55 52
42 56 53
42 57 25
42 58 69
42 59 90
42 60 72
42 61 59
42 62 24
42 63 48
42 64 43
42 65 32
42 66 22
42 67 79
42 68 95
42 69 76
42 70 30
42 71 81
42 72 66
42 73 24
42 74 56
42 75 75
42 76 37
42 77 13
42 78 52
42 79 61
42 80 104
42 81 66
42 82 55
42 83 50
42 84 79
42 85 75
42 86 52
42 87 88
42 88 58
42 89 96
42 90 39
42 91 26
42 92 50
42 93 43
42 94 26
42 95 58
42 96 96
42 97 31
42 98 80
42 99 80
43 44 48
43 45 23
43 46 63
43 47 54
43 48 63
43 49 78
43 50 102
43 51 37
43 52 20
43 53 93
43 54 55
43 55 79
43 56 27
43 57 45
43 58 97
43 59 67
43 60 41
43 61 84
43 62 18
43 63 13
43 64 74
43 65 56
43 66 16
43 67 68
43 68 72
43 69 51
43 70 60
43 71 79
43 72 87
43 73 48
43 74 30
43 75 57
43 76 10
43 77 48
43 78 84
43 79 89
43 80 102
43 81 95
43 82 86
43 83 58
43 84 71
43 85 44
43 86 19
43 87 71
43 88 49
43 89 67
43 90 71
43 91 29
43 92 20
43 93 44
43 94 50
43 95 74
43 96 70
43 97 56
43 98 64
43 99 58
44 45 30
44 46 21
44 47 40
44 48 61
44 49 36
44 50 64
44 51 28
44 52 28
44 53 65
44 54 30
44 55 66
44 56 24
44 57 44
44 58 82
44 59 34
44 60 36
44 61 67
44 62 41
44 63 41
44 64 68
44 65 49
44 66 47
44 67 20
44 68 37
44 69 24
44 70 61
44 71 33
44 72 62
44 73 47
44 74 23
44 75 17
44 76 37
44 77 61
44 78 77
44 79 75
44 80 55
44 81 82
44 82 78
44 83 31
44 84 23
44 85 36
44 86 37
44 87 28
44 88 5
44 89 47
44 90 68
44 91 34
44 92 33
44 93 21
44 94 49
44 95 46
44 96 42
44 97 52
44 98 20
44 99 25
45 46 41
45 47 34
45 48 68
45 49 65
45 50 91
45 51 33
45 52 12
45 53 87
45 54 32
45 55 79
45 56 5
45 57 48
45 58 98
45 59 44
45 60 21
45 61 83
45 62 27
45 63 12
45 64 78
45 65 57
45 66 31
45 67 48
45 68 49
45 69 28
45 70 66
45 71 62
45 72 82
45 73 52
45 74 7
45 75 35
45 76 15
45 77 59
45 78 87
45 79 90
45 80 84
45 81 97
45 82 90
45 83 50
45 84 53
45 85 24
45 86 8
45 87 49
45 88 33
45 89 46
45 90 76
45 91 31
45 92 4
45 93 36
45 94 54
45 95 67
45 96 48
45 97 59
45 98 43
45 99 36
46 47 33
46 48 81
46 49 43
46 50 70
46 51 48
46 52 45
46 53 77
46 54 21
46 55 83
46 56 36
46 57 64
46 58 98
46 59 17
46 60 36
46 61 83
46 62 60
46 63 53
46 64 87
46 65 68
46 66 65
46 67 13
46 68 18
46 69 18
46 70 81
46 71 34
46 72 76
46 73 68
46 74 34
46 75 7
46 76 53
46 77 82
46 78 95
46 79 91
46 80 49
46 81 99
46 82 96
46 83 48
46 84 21
46 85 34
46 86 48
46 87 8
46 88 24
46 89 35
46 90 87
46 91 54
46 92 45
46 93 41
46 94 69
46 95 61
46 96 26
46 97 71
46 98 3
46 99 12
47 48 97
47 49 74
47 50 102
47 51 61
47 52 44
47 53 105
47 54 13
47 55 105
47 56 32
47 57 77
47 58 122
47 59 22
47 60 13
47 61 107
47 62 61
47 63 41
47 64 106
47 65 85
47 66 64
47 67 46
47 68 26
47 69 17
47 70 96
47 71 66
47 72 102
47 73 81
47 74 29
47 75 29
47 76 48
47 77 91
47 78 115
47 79 114
47 80 82
47 81 122
47 82 117
47 83 71
47 84 54
47 85 9
47 86 35
47 87 38
47 88 46
47 89 13
47 90 105
47 91 62
47 92 35
47 93 59
47 94 83
47 95 87
47 96 20
47 97 88
47 98 37
47 99 22
48 49 57
48 50 65
48 51 36
48 52 56
48 53 45
48 54 89
48 55 19
48 56 67
48 57 20
48 58 36
48 59 95
48 60 87
48 61 26
48 62 45
48 63 70
48 64 11
48 65 12
48 66 47
48 67 74
48 68 98
48 69 83
48 70 4
48 71 67
48 72 36
48 73 16
48 74 69
48 75 78
48 76 58
48 77 21
48 78 21
48 79 28
48 80 87
48 81 33
48 82 23
48 83 35
48 84 71
48 85 89
48 86 72
48 87 87
48 88 57
48 89 107
48 90 8
48 91 37
48 92 68
48 93 40
48 94 14
48 95 34
48 96 103
48 97 9
48 98 79
48 99 85
49 50 28
49 51 44
49 52 59
49 53 35
49 54 62
49 55 51
49 56 60
49 57 50
49 58 60
49 59 60
49 60 72
49 61 47
49 62 65
49 63 74
49 64 59
49 65 47
49 66 71
49 67 30
49 68 60
49 69 57
49 70 59
49 71 12
49 72 37
49 73 52
49 74 59
49 75 45
49 76 68
49 77 69
49 78 64
49 79 56
49 80 30
49 81 63
49 82 64
49 83 25
49 84 23
49 85 72
49 86 72
49 87 44
49 88 32
49 89 77
49 90 61
49 91 53
49 92 68
49 93 35
49 94 52
49 95 25
49 96 68
49 97 51
49 98 40
49 99 54
50 51 65
50 52 84
50 53 23
50 54 89
50 55 51
50 56 87
50 57 66
50 58 51
50 59 86
50 60 100
50 61 44
50 62 87
50 63 100
50 64 61
50 65 59
50 66 93
50 67 57
50 68 86
50 69 85
50 70 68
50 71 36
50 72 31
50 73 67
50 74 86
50 75 73
50 76 93
50 77 82
50 78 62
50 79 50
50 80 36
50 81 55
50 82 61
50 83 44
50 84 49
50 85 100
50 86 99
50 87 70
50 88 59
50 89 104
50 90 65
50 91 75
50 92 94
50 93 58
50 94 65
50 95 32
50 96 95
50 97 62
50 98 66
50 99 81
51 52 22
51 53 56
51 54 54
51 55 46
51 56 31
51 57 17
51 58 64
51 59 61
51 60 52
51 61 50
51 62 22
51 63 39
51 64 45
51 65 24
51 66 28
51 67 45
51 68 64
51 69 48
51 70 35
51 71 48
51 72 50
51 73 21
51 74 33
51 75 44
51 76 29
51 77 34
51 78 54
51 79 56
51 80 71
51 81 63
51 82 57
51 83 21
51 84 45
51 85 54
51 86 39
51 87 55
51 88 25
51 89 71
51 90 44
51 91 10
51 92 35
51 93 9
51 94 22
51 95 36
51 96 68
51 97 27
51 98 47
51 99 51
52 53 78
52 54 41
52 55 68
52 56 12
52 57 36
52 58 87
52 59 51
52 60 33
52 61 72
52 62 17
52 63 16
52 64 66
52 65 46
52 66 22
52 67 48
52 68 56
52 69 36
52 70 54
52 71 59
52 72 72
52 73 40
52 74 15
52 75 39
52 76 9
52 77 47
52 78 76
52 79 78
52 80 82
52 81 86
52 82 78
52 83 41
52 84 51
52 85 36
52 86 17
52 87 53
52 88 29
52 89 56
52 90 64
52 91 19
52 92 13
52 93 27
52 94 42
52 95 58
52 96 57
52 97 47
52 98 45
52 99 42
53 54 93
53 55 28
53 56 83
53 57 51
53 58 28
53 59 94
53 60 100
53 61 21
53 62 76
53 63 94
53 64 39
53 65 42
53 66 81
53 67 65
53 68 94
53 69 88
53 70 48
53 71 47
53 72 9
53 73 50
53 74 84
53 75 78
53 76 85
53 77 64
53 78 39
53 79 27
53 80 56
53 81 32
53 82 38
53 83 37
53 84 58
53 85 101
53 86 94
53 87 79
53 88 59
53 89 110
53 90 43
53 91 64
53 92 89
53 93 51
53 94 48
53 95 20
53 96 102
53 97 44
53 98 73
53 99 86
54 55 95
54 56 29
54 57 70
54 58 112
54 59 13
54 60 18
54 61 97
54 62 58
54 63 42
54 64 97
54 65 77
54 66 62
54 67 33
54 68 18
54 69 6
54 70 88
54 71 54
54 72 92
54 73 74
54 74 26
54 75 16
54 76 47
54 77 86
54 78 106
54 79 105
54 80 70
54 81 112
54 82 108
54 83 60
54 84 41
54 85 15
54 86 37
54 87 25
54 88 35
54 89 18
54 90 97
54 91 56
54 92 35
54 93 50
54 94 76
54 95 76
54 96 16
54 97 80
54 98 24
54 99 9
55 56 77
55 57 33
55 58 19
55 59 99
55 60 97
55 61 8
55 62 61
55 63 83
55 64 11
55 65 23
55 66 64
55 67 74
55 68 101
55 69 90
55 70 22
55 71 62
55 72 20
55 73 31
55 74 79
55 75 82
55 76 72
55 77 40
55 78 13
55 79 10
55 80 78
55 81 17
55 82 13
55 83 36
55 84 69
55 85 99
55 86 85
55 87 88
55 88 61
55 89 113
55 90 16
55 91 50
55 92 81
55 93 46
55 94 29
55 95 26
55 96 108
55 97 23
55 98 81
55 99 90
56 57 47
56 58 95
56 59 40
56 60 21
56 61 80
56 62 29
56 63 17
56 64 76
56 65 56
56 66 33
56 67 43
56 68 45
56 69 24
56 70 65
56 71 57
56 72 79
56 73 51
56 74 3
56 75 30
56 76 18
56 77 59
56 78 86
56 79 87
56 80 79
56 81 95
56 82 88
56 83 47
56 84 47
56 85 23
56 86 13
56 87 44
56 88 28
56 89 44
56 90 75
56 91 31
56 92 9
56 93 32
56 94 53
56 95 64
56 96 45
56 97 58
56 98 38
56 99 31
57 58 52
57 59 77
57 60 67
57 61 39
57 62 27
57 63 51
57 64 30
57 65 10
57 66 31
57 67 59
57 68 81
57 69 65
57 70 18
57 71 57
57 72 43
57 73 4
57 74 49
57 75 61
57 76 39
57 77 20
57 78 40
57 79 44
57 80 80
57 81 50
57 82 42
57 83 25
57 84 58
57 85 70
57 86 52
57 87 71
57 88 40
57 89 88
57 90 28
57 91 17
57 92 49
57 93 23
57 94 6
57 95 34
57 96 85
57 97 11
57 98 63
57 99 67
58 59 114
58 60 115
58 61 15
58 62 79
58 63 102
58 64 26
58 65 42
58 66 83
58 67 87
58 68 116
58 69 106
58 70 40
58 71 72
58 72 23
58 73 50
58 74 97
58 75 97
58 76 91
58 77 57
58 78 19
58 79 9
58 80 84
58 81 5
58 82 16
58 83 51
58 84 81
58 85 116
58 86 103
58 87 102
58 88 77
58 89 129
58 90 30
58 91 69
58 92 99
58 93 64
58 94 47
58 95 37
58 96 123
58 97 41
58 98 95
58 99 106
59 60 31
59 61 100
59 62 68
59 63 55
59 64 102
59 65 83
59 66 73
59 67 30
59 68 5
59 69 16
59 70 95
59 71 50
59 72 93
59 73 81
59 74 37
59 75 17
59 76 59
59 77 94
59 78 111
59 79 108
59 80 63
59 81 115
59 82 112
59 83 64
59 84 37
59 85 27
59 86 49
59 87 18
59 88 39
59 89 18
59 90 102
59 91 65
59 92 47
59 93 56
59 94 83
59 95 78
59 96 9
59 97 86
59 98 20
59 99 10
60 61 100
60 62 49
60 63 28
60 64 97
60 65 76
60 66 52
60 67 48
60 68 36
60 69 18
60 70 86
60 71 66
60 72 97
60 73 71
60 74 18
60 75 31
60 76 36
60 77 79
60 78 106
60 79 107
60 80 85
60 81 114
60 82 108
60 83 64
60 84 54
60 85 4
60 86 22
60 87 43
60 88 41
60 89 26
60 90 95
60 91 51
60 92 22
60 93 51
60 94 73
60 95 81
60 96 32
60 97 78
60 98 39
60 99 26
61 62 66
61 63 88
61 64 19
61 65 29
61 66 70
61 67 73
61 68 101
61 69 91
61 70 30
61 71 59
61 72 13
61 73 37
61 74 82
61 75 83
61 76 77
61 77 47
61 78 18
61 79 9
61 80 74
61 81 16
61 82 18
61 83 36
61 84 67
61 85 101
61 86 89
61 87 87
61 88 62
61 89 114
61 90 23
61 91 55
61 92 85
61 93 48
61 94 35
61 95 23
61 96 108
61 97 29
61 98 80
61 99 91
62 63 25
62 64 56
62 65 37
62 66 6
62 67 61
62 68 72
62 69 53
62 70 43
62 71 68
62 72 69
62 73 30
62 74 32
62 75 54
62 76 14
62 77 32
62 78 66
62 79 71
62 80 91
62 81 77
62 82 68
62 83 43
62 84 63
62 85 52
62 86 29
62 87 68
62 88 40
62 89 73
62 90 53
62 91 12
62 92 27
62 93 30
62 94 32
62 95 57
62 96 73
62 97 38
62 98 60
62 99 58
63 64 80
63 65 60
63 66 26
63 67 59
63 68 60
63 69 39
63 70 67
63 71 73
63 72 89
63 73 54
63 74 19
63 75 46
63 76 12
63 77 57
63 78 90
63 79 94
63 80 96
63 81 101
63 82 93
63 83 58
63 84 64
63 85 31
63 86 6
63 87 61
63 88 43
63 89 54
63 90 78
63 91 33
63 92 8
63 93 43
63 94 56
63 95 74
63 96 58
63 97 62
63 98 55
63 99 46
64 65 21
64 66 58
64 67 79
64 68 105
64 69 91
64 70 14
64 71 70
64 72 31
64 73 26
64 74 78
64 75 85
64 76 69
64 77 31
64 78 10
64 79 18
64 80 87
64 81 23
64 82 13
64 83 40
64 84 75
64 85 99
64 86 82
64 87 93
64 88 63
64 89 115
64 90 4
64 91 47
64 92 78
64 93 47
64 94 24
64 95 34
64 96 110
64 97 19
64 98 85
64 99 93
65 66 41
65 67 62
65 68 86
65 69 71
65 70 13
65 71 56
65 72 34
65 73 8
65 74 58
65 75 66
65 76 49
65 77 23
65 78 30
65 79 34
65 80 77
65 81 40
65 82 32
65 83 24
65 84 59
65 85 78
65 86 62
65 87 74
65 88 44
65 89 94
65 90 20
65 91 27
65 92 58
65 93 27
65 94 6
65 95 27
65 96 91
65 97 3
65 98 67
65 99 73
66 67 67
66 68 77
66 69 57
66 70 44
66 71 74
66 72 74
66 73 33
66 74 36
66 75 60
66 76 16
66 77 32
66 78 68
66 79 74
66 80 98
66 81 80
66 82 71
66 83 48
66 84 69
66 85 55
66 86 31
66 87 74
66 88 47
66 89 77
66 90 55
66 91 18
66 92 29
66 93 36
66 94 35
66 95 62
66 96 78
66 97 41
66 98 66
66 99 63
67 68 30
67 69 30
67 70 74
67 71 20
67 72 65
67 73 63
67 74 41
67 75 17
67 76 57
67 77 78
67 78 86
67 79 81
67 80 38
67 81 89
67 82 87
67 83 39
67 84 8
67 85 46
67 86 55
67 87 14
67 88 21
67 89 48
67 90 80
67 91 53
67 92 52
67 93 37
67 94 63
67 95 50
67 96 38
67 97 65
67 98 10
67 99 25
68 69 21
68 70 98
68 71 50
68 72 94
68 73 84
68 74 42
68 75 20
68 76 63
68 77 98
68 78 113
68 79 110
68 80 60
68 81 117
68 82 114
68 83 66
68 84 37
68 85 32
68 86 54
68 87 16
68 88 41
68 89 21
68 90 105
68 91 69
68 92 52
68 93 58
68 94 86
68 95 79
68 96 9
68 97 89
68 98 21
68 99 14
69 70 82
69 71 50
69 72 86
69 73 68
69 74 22
69 75 13
69 76 43
69 77 80
69 78 100
69 79 99
69 80 67
69 81 106
69 82 102
69 83 55
69 84 37
69 85 16
69 86 34
69 87 24
69 88 30
69 89 23
69 90 91
69 91 51
69 92 32
69 93 44
69 94 70
69 95 70
69 96 21
69 97 74
69 98 21
69 99 8
70 71 68
70 72 39
70 73 14
70 74 67
70 75 78
70 76 56
70 77 17
70 78 24
70 79 31
70 80 89
70 81 37
70 82 26
70 83 36
70 84 71
70 85 88
70 86 70
70 87 87
70 88 56
70 89 106
70 90 11
70 91 35
70 92 66
70 93 39
70 94 12
70 95 36
70 96 102
70 97 9
70 98 79
70 99 85
71 72 49
71 73 60
71 74 56
71 75 37
71 76 68
71 77 77
71 78 75
71 79 68
71 80 24
71 81 75
71 82 76
71 83 33
71 84 13
71 85 65
71 86 70
71 87 33
71 88 30
71 89 68
71 90 72
71 91 57
71 92 66
71 93 39
71 94 60
71 95 37
71 96 58
71 97 60
71 98 30
71 99 45
72 73 42
72 74 80
72 75 76
72 76 79
72 77 55
72 78 31
72 79 20
72 80 62
72 81 26
72 82 30
72 83 32
72 84 59
72 85 98
72 86 89
72 87 79
72 88 57
72 89 109
72 90 35
72 91 57
72 92 84
72 93 47
72 94 40
72 95 16
72 96 101
72 97 35
72 98 73
72 99 85
73 74 53
73 75 64
73 76 42
73 77 17
73 78 36
73 79 41
73 80 82
73 81 48
73 82 39
73 83 27
73 84 61
73 85 74
73 86 56
73 87 75
73 88 44
73 89 92
73 90 24
73 91 21
73 92 52
73 93 26
73 94 2
73 95 34
73 96 89
73 97 8
73 98 66
73 99 71
74 75 27
74 76 21
74 77 62
74 78 88
74 79 89
74 80 78
74 81 96
74 82 90
74 83 48
74 84 46
74 85 21
74 86 15
74 87 42
74 88 27
74 89 41
74 90 77
74 91 33
74 92 11
74 93 34
74 94 55
74 95 64
74 96 42
74 97 60
74 98 36
74 99 28
75 76 47
75 77 78
75 78 93
75 79 91
75 80 55
75 81 98
75 82 95
75 83 46
75 84 25
75 85 29
75 86 42
75 87 15
75 88 22
75 89 32
75 90 85
75 91 50
75 92 38
75 93 38
75 94 66
75 95 61
75 96 26
75 97 69
75 98 9
75 99 9
76 77 46
76 78 79
76 79 83
76 80 92
76 81 90
76 82 81
76 83 49
76 84 61
76 85 39
76 86 15
76 87 62
76 88 39
76 89 61
76 90 66
76 91 22
76 92 13
76 93 34
76 94 45
76 95 65
76 96 63
76 97 50
76 98 54
76 99 49
77 78 40
77 79 49
77 80 99
77 81 53
77 82 42
77 83 44
77 84 77
77 85 82
77 86 61
77 87 89
77 88 58
77 89 102
77 90 27
77 91 29
77 92 58
77 93 42
77 94 18
77 95 50
77 96 101
77 97 21
77 98 81
77 99 84
78 79 13
78 80 91
78 81 14
78 82 3
78 83 47
78 84 81
78 85 108
78 86 92
78 87 100
78 88 72
78 89 124
78 90 13
78 91 57
78 92 88
78 93 56
78 94 34
78 95 38
78 96 119
78 97 28
78 98 93
78 99 101
79 80 82
79 81 8
79 82 11
79 83 44
79 84 76
79 85 108
79 86 95
79 87 96
79 88 70
79 89 122
79 90 22
79 91 61
79 92 91
79 93 56
79 94 39
79 95 32
79 96 116
79 97 33
79 98 89
79 99 99
80 81 87
80 82 91
80 83 55
80 84 32
80 85 84
80 86 92
80 87 45
80 88 53
80 89 81
80 90 90
80 91 81
80 92 88
80 93 62
80 94 82
80 95 54
80 96 70
80 97 80
80 98 46
80 99 61
81 82 12
81 83 52
81 84 83
81 85 116
81 86 102
81 87 103
81 88 77
81 89 130
81 90 27
81 91 67
81 92 98
81 93 63
81 94 45
81 95 39
81 96 124
81 97 39
81 98 96
81 99 106
82 83 49
82 84 82
82 85 110
82 86 94
82 87 101
82 88 73
82 89 125
82 90 16
82 91 59
82 92 91
82 93 58
82 94 36
82 95 39
82 96 120
82 97 31
82 98 94
82 99 103
83 84 35
83 85 65
83 86 57
83 87 53
83 88 25
83 89 78
83 90 41
83 91 30
83 92 53
83 93 15
83 94 27
83 95 17
83 96 72
83 97 27
83 98 45
83 99 55
84 85 53
84 86 60
84 87 21
84 88 22
84 89 55
84 90 76
84 91 53
84 92 56
84 93 36
84 94 61
84 95 44
84 96 46
84 97 62
84 98 17
84 99 32
85 86 26
85 87 40
85 88 42
85 89 22
85 90 97
85 91 54
85 92 26
85 93 53
85 94 76
85 95 82
85 96 28
85 97 80
85 98 37
85 99 23
86 87 56
86 88 41
86 89 48
86 90 80
86 91 35
86 92 5
86 93 43
86 94 58
86 95 74
86 96 52
86 97 64
86 98 50
86 99 41
87 88 31
87 89 36
87 90 93
87 91 62
87 92 53
87 93 48
87 94 75
87 95 64
87 96 25
87 97 78
87 98 8
87 99 17
88 89 53
88 90 64
88 91 32
88 92 36
88 93 17
88 94 45
88 95 41
88 96 47
88 97 47
88 98 23
88 99 30
89 90 114
89 91 73
89 92 48
89 93 67
89 94 93
89 95 93
89 96 12
89 97 97
89 98 38
89 99 24
90 91 45
90 92 77
90 93 47
90 94 22
90 95 37
90 96 110
90 97 17
90 98 85
90 99 93
91 92 32
91 93 19
91 94 23
91 95 45
91 96 72
91 97 29
91 98 54
91 99 55
92 93 38
92 94 55
92 95 69
92 96 51
92 97 60
92 98 46
92 99 39
93 94 27
93 95 31
93 96 63
93 97 30
93 98 40
93 99 46
94 95 33
94 96 90
94 97 6
94 98 67
94 99 73
95 96 86
95 97 30
95 98 58
95 99 69
96 97 94
96 98 29
96 99 18
97 98 70
97 99 76
98 99 15
0 2 75
0 4 22
0 9 78
0 10 28
0 12 50
0 15 46
0 16 44
0 17 36
0 21 46
0 23 70
0 25 48
0 26 62
0 29 51
0 31 75
0 34 82
0 35 64
0 36 66
0 39 32
0 41 36
0 43 29
0 44 19
0 47 37
0 48 60
0 49 53
0 54 32
0 55 70
0 57 40
0 58 88
0 61 73
0 62 26
0 63 22
0 71 51
0 72 71
0 73 44
0 77 54
0 80 74
0 82 81
0 83 39
0 85 30
0 86 19
0 89 48
0 95 56
0 96 48
0 97 51
1 2 98
1 3 78
1 4 11
1 6 106
1 7 39
1 10 56
1 11 97
1 12 74
1 14 22
1 16 59
1 19 84
1 21 67
1 24 57
1 28 65
1 34 92
1 37 95
1 38 93
1 39 58
1 40 87
1 42 75
1 43 45
1 45 24
1 46 31
1 48 88
1 49 69
1 50 96
1 51 52
1 52 35
1 53 98
1 54 13
1 55 96
1 56 22
1 57 68
1 61 99
1 63 32
1 65 76
1 66 55
1 67 43
1 69 13
1 70 86
1 71 62
1 74 20
1 78 106
1 80 80
1 81 114
1 85 3
1 87 37
1 89 22
1 91 52
1 93 50
1 94 74
1 95 79
1 97 78
1 98 34
1 99 20
2 3 27
2 6 27
2 11 35
2 13 23
2 15 91
2 17 76
2 18 87
2 20 100
2 22 67
2 25 68
2 27 52
2 30 39
2 33 42
2 34 51
2 36 14
2 38 24
2 39 44
2 42 71
2 43 91
2 44 65
2 47 105
2 48 40
2 49 38
2 50 28
2 53 5
2 54 94
2 57 48
2 61 16
2 62 74
2 66 78
2 67 66
2 69 89
2 72 5
2 74 84
2 77 60
2 78 34
2 85 101
2 88 60
2 90 39
2 94 45
2 96 104
2 97 40
2 99 87
3 4 66
3 5 26
3 7 47
3 13 27
3 15 65
3 19 34
3 20 75
3 23 43
3 24 67
3 25 71
3 29 11
3 32 53
3 33 38
3 35 35
3 36 13
3 38 41
3 39 35
3 40 41
3 45 71
3 46 53
3 47 83
3 48 52
3 50 20
3 51 46
3 52 64
3 55 43
3 56 66
3 57 49
3 60 81
3 62 67
3 63 80
3 64 52
3 65 44
3 67 41
3 69 67
3 70 54
3 72 27
3 77 67
3 78 55
3 82 55
3 83 25
3 84 34
3 85 81
3 88 39
3 89 87
3 90 55
3 94 49
3 95 18
3 96 79
3 97 47
3 98 50
4 7 31
4 8 43
4 11 89
4 12 64
4 13 69
4 15 27
4 16 48
4 18 22
4 19 74
4 21 67
4 25 70
4 26 65
4 27 63
4 28 53
4 33 55
4 38 84
4 40 76
4 41 58
4 45 24
4 46 21
4 47 18
4 50 85
4 51 44
4 52 31
4 55 87
4 58 104
4 59 21
4 61 89
4 63 34
4 65 68
4 68 26
4 69 5
4 70 79
4 73 65
4 74 17
4 76 38
4 77 76
4 83 53
4 84 39
4 86 29
4 87 28
4 89 27
4 90 88
4 91 47
4 92 27
4 93 41
4 95 69
4 96 25
4 98 24
5 6 37
5 11 33
5 12 6
5 14 64
5 19 15
5 23 63
5 25 45
5 27 27
5 28 40
5 29 27
5 30 11
5 31 63
5 32 34
5 33 13
5 35 21
5 38 25
5 42 48
5 43 62
5 44 39
5 47 78
5 51 24
5 52 46
5 53 32
5 54 68
5 56 53
5 57 23
5 59 72
5 61 28
5 62 45
5 65 18
5 67 47
5 69 63
5 74 54
5 75 55
5 77 41
5 78 39
5 79 36
5 81 44
5 82 41
5 83 8
5 86 63
5 87 61
5 90 33
5 91 32
5 93 21
5 94 23
5 95 12
5 96 80
5 97 21
5 99 63
6 8 63
6 10 54
6 11 14
6 14 96
6 22 87
6 23 92
6 26 62
6 28 71
6 29 57
6 30 47
6 31 89
6 32 14
6 37 71
6 39 48
6 40 90
6 41 47
6 45 88
6 46 92
6 47 114
6 48 24
6 49 59
6 50 55
6 52 77
6 53 32
6 56 86
6 57 41
6 61 12
6 62 68
6 63 92
6 64 14
6 65 31
6 66 71
6 68 111
6 71 70
6 73 39
6 74 88
6 76 81
6 77 45
6 81 9
6 82 6
6 83 45
6 84 78
6 85 108
6 86 93
6 88 70
6 89 122
6 90 18
6 95 34
6 98 90
7 10 20
7 11 58
7 12 37
7 13 40
7 15 50
7 19 45
7 20 52
7 23 65
7 28 46
7 29 40
7 30 23
7 31 69
7 33 24
7 34 73
7 38 54
7 40 74
7 41 27
7 45 24
7 46 36
7 47 48
7 48 49
7 51 13
7 52 17
7 55 57
7 56 21
7 57 30
7 60 40
7 64 57
7 65 37
7 70 48
7 74 22
7 76 25
7 77 46
7 78 67
7 80 67
7 81 74
7 82 69
7 83 26
7 88 15
7 93 12
7 94 35
7 95 43
7 97 39
7 98 36
7 99 38
8 9 61
8 11 52
8 18 59
8 20 65
8 21 33
8 22 64
8 23 80
8 24 13
8 26 63
8 30 30
8 31 83
8 33 23
8 35 50
8 36 59
8 40 87
8 41 17
8 42 29
8 45 26
8 47 58
8 50 77
8 51 11
8 52 15
8 54 52
8 57 22
8 58 73
8 60 47
8 61 59
8 66 17
8 68 66
8 69 47
8 71 57
8 73 25
8 74 29
8 75 46
8 76 18
8 79 65
8 82 64
8 83 32
8 86 31
8 87 59
8 89 69
8 90 49
8 95 47
8 97 33
9 10 52
9 11 11
9 12 36
9 13 30
9 17 64
9 19 23
9 20 114
9 21 74
9 22 89
9 23 95
9 25 51
9 27 41
9 29 59
9 30 48
9 31 92
9 35 18
9 36 41
9 37 75
9 38 13
9 39 48
9 41 44
9 42 54
9 43 84
9 50 59
9 53 36
9 54 105
9 55 10
9 57 39
9 59 109
9 62 66
9 64 10
9 65 30
9 66 69
9 67 84
9 68 111
9 69 99
9 72 28
9 73 36
9 75 92
9 79 10
9 86 92
9 90 14
9 91 57
9 99 100
10 16 44
10 17 21
10 18 64
10 19 35
10 22 65
10 26 59
10 27 13
10 29 48
10 30 26
10 40 86
10 42 26
10 46 56
10 48 32
10 50 71
10 51 8
10 53 59
10 54 59
10 57 12
10 58 64
10 60 55
10 62 17
10 63 38
10 65 22
10 66 22
10 67 53
10 68 71
10 69 54
10 72 52
10 73 16
10 75 51
10 76 27
10 82 54
10 83 27
10 84 53
10 85 58
10 89 76
10 91 5
10 92 36
10 93 17
10 94 18
10 96 74
10 98 55
10 99 57
11 15 102
11 21 64
11 28 71
11 29 58
11 30 42
11 33 34
11 34 83
11 35 17
11 38 12
11 39 41
11 40 93
11 41 35
11 43 74
11 44 69
11 45 78
11 46 87
11 47 106
11 49 59
11 50 62
11 51 45
11 52 66
11 54 97
11 55 12
11 57 30
11 58 26
11 60 97
11 61 20
11 65 21
11 66 58
11 69 92
11 72 31
11 74 78
11 75 85
11 76 69
11 77 30
11 79 18
11 82 13
11 84 75
11 85 99
11 87 93
11 88 64
11 91 47
11 92 79
11 94 24
11 95 34
11 96 111
11 97 19
11 98 85
11 99 93
12 13 7
12 17 54
12 18 67
12 20 79
12 21 68
12 24 49
12 25 50
12 28 38
12 29 24
12 32 34
12 33 19
12 35 19
12 36 18
12 37 49
12 38 24
12 41 32
12 42 53
12 46 58
12 51 30
12 54 71
12 55 26
12 57 28
12 59 74
12 63 68
12 64 33
12 67 48
12 69 66
12 71 37
12 72 21
12 73 29
12 74 59
12 78 39
12 79 34
12 80 56
12 83 11
12 84 43
12 85 77
12 88 36
12 93 26
12 94 28
12 97 25
12 98 55
13 14 72
13 15 78
13 16 34
13 17 53
13 19 7
13 20 85
13 22 59
13 26 39
13 28 45
13 30 19
13 31 66
13 33 19
13 35 12
13 36 21
13 38 17
13 43 68
13 44 47
13 45 64
13 47 87
13 50 41
13 52 54
13 54 77
13 55 20
13 56 61
13 59 80
13 60 80
13 62 51
13 67 54
13 68 82
13 71 44
13 72 19
13 75 63
13 76 60
13 78 32
13 79 28
13 80 62
13 83 16
13 84 49
13 87 68
13 88 42
13 91 39
13 92 66
13 96 88
13 99 71
14 15 52
14 18 48
14 19 75
14 22 67
14 26 80
14 28 71
14 29 70
14 30 56
14 31 91
14 33 54
14 37 101
14 38 84
14 41 51
14 42 56
14 43 23
14 45 8
14 48 75
14 50 99
14 51 41
14 55 87
14 56 12
14 57 55
14 59 45
14 67 53
14 71 69
14 72 90
14 74 13
14 75 39
14 76 19
14 77 64
14 78 95
14 80 90
14 87 53
14 88 40
14 92 6
14 95 75
14 98 47
14 99 38
15 18 5
15 19 84
15 22 30
15 23 44
15 24 77
15 25 92
15 27 81
15 30 59
15 32 103
15 33 69
15 35 90
15 36 78
15 38 94
15 39 62
15 41 76
15 42 93
15 44 34
15 45 50
15 47 31
15 48 95
15 50 80
15 53 89
15 54 21
15 58 111
15 59 9
15 61 97
15 63 61
15 64 101
15 65 83
15 66 77
15 67 25
15 68 6
15 74 43
15 75 18
15 76 64
15 77 96
15 80 54
15 81 113
15 83 62
15 85 36
15 87 10
15 89 27
15 94 83
15 96 16
16 18 44
16 20 57
16 21 79
16 22 25
16 23 36
16 24 59
16 26 18
16 27 50
16 28 13
16 30 21
16 32 61
16 34 39
16 35 46
16 36 31
16 37 39
16 40 41
16 41 47
16 42 70
16 46 34
16 48 56
16 49 10
16 52 50
16 53 42
16 54 53
16 55 53
16 57 46
16 59 52
16 60 63
16 64 60
16 65 45
16 66 64
16 74 50
16 75 36
16 76 59
16 81 67
16 83 22
16 85 62
16 88 22
16 89 69
16 90 61
16 95 28
16 98 31
16 99 45
17 19 52
17 24 6
17 27 24
17 28 78
17 29 69
17 30 47
17 31 102
17 33 36
17 34 103
17 35 58
17 36 72
17 37 101
17 38 57
17 40 106
17 41 23
17 47 70
17 48 43
17 50 92
17 51 28
17 54 68
17 55 60
17 56 39
17 57 28
17 58 78
17 59 78
17 62 10
17 64 53
17 65 37
17 67 70
17 73 29
17 76 22
17 77 26
17 79 70
17 82 66
17 83 48
17 84 71
17 88 50
17 91 18
17 92 35
17 93 37
17 94 31
17 96 84
17 99 68
18 19 80
18 22 29
18 24 71
18 27 76
18 30 55
18 37 72
18 38 90
18 43 68
18 46 10
18 48 90
18 51 57
18 52 51
18 53 86
18 54 17
18 55 93
18 56 41
18 60 36
18 64 97
18 65 78
18 66 72
18 67 21
18 69 18
18 71 41
18 73 77
18 77 90
18 78 105
18 79 101
18 83 57
18 84 29
18 85 33
18 86 51
18 87 9
18 89 27
18 91 62
18 92 49
18 93 50
18 95 70
18 96 17
19 20 91
19 21 65
19 23 75
19 27 28
19 28 52
19 30 25
19 31 73
19 32 20
19 33 21
19 36 26
19 42 47
19 44 53
19 45 68
19 46 70
19 47 92
19 48 19
19 50 46
19 51 34
19 52 57
19 53 27
19 56 65
19 57 25
19 58 30
19 59 86
19 61 16
19 62 51
19 64 19
19 66 55
19 68 88
19 69 77
19 72 19
19 73 23
19 74 67
19 76 62
19 81 30
19 82 26
19 83 23
19 84 57
19 85 86
19 87 75
19 89 100
19 90 21
19 91 40
19 95 16
19 96 95
19 97 16
19 98 68
19 99 77
20 23 57
20 24 76
20 25 92
20 26 70
20 29 64
20 31 66
20 32 108
20 34 81
20 38 101
20 40 72
20 42 94
20 43 68
20 46 22
20 48 99
20 49 65
20 50 91
20 55 104
20 57 81
20 61 104
20 64 107
20 65 87
20 68 7
20 70 99
20 71 55
20 74 40
20 77 98
20 78 115
20 80 67
20 81 120
20 84 42
20 87 22
20 90 107
20 93 60
20 95 82
20 96 4
21 24 20
21 25 23
21 28 92
21 29 83
21 30 61
21 31 115
21 32 65
21 36 87
21 37 115
21 38 69
21 40 120
21 41 37
21 42 21
21 44 63
21 45 44
21 47 76
21 48 54
21 49 86
21 51 42
21 52 36
21 53 92
21 56 47
21 60 63
21 63 36
21 65 50
21 66 16
21 67 83
21 68 92
21 69 71
21 70 50
21 74 50
21 75 75
21 80 113
21 81 87
21 82 76
21 83 62
21 84 84
21 85 67
21 88 62
21 90 60
21 91 33
21 92 41
21 93 51
21 94 44
21 96 92
21 97 50
21 99 78
22 23 18
22 25 88
22 28 17
22 29 30
22 33 58
22 34 38
22 37 43
22 38 76
22 39 51
22 40 31
22 42 91
22 43 82
22 44 34
22 46 24
22 47 57
22 49 29
22 52 62
22 53 64
22 54 45
22 55 78
22 59 38
22 60 61
22 63 74
22 68 36
22 70 82
22 71 17
22 74 55
22 76 71
22 78 91
22 79 85
22 80 25
22 81 91
22 84 12
22 88 34
22 92 66
22 93 48
22 94 73
22 96 46
22 97 73
22 98 21
22 99 36
23 27 86
23 28 23
23 29 36
23 30 57
23 31 9
23 35 78
23 36 56
23 37 34
23 40 15
23 41 83
23 44 51
23 45 80
23 46 42
23 47 74
23 48 91
23 51 71
23 53 65
23 56 74
23 57 82
23 58 92
23 59 53
23 60 78
23 61 81
23 63 91
23 65 81
23 67 32
23 68 50
23 69 60
23 70 93
23 72 69
23 73 85
23 80 12
23 81 95
23 83 57
23 86 87
23 89 71
23 90 96
23 91 80
23 93 62
23 95 60
24 26 74
24 27 21
24 29 63
24 31 95
24 32 52
24 33 30
24 37 94
24 39 32
24 40 100
24 45 34
24 48 40
24 50 86
24 51 22
24 52 23
24 53 73
24 54 63
24 57 23
24 60 55
24 61 62
24 62 6
24 63 31
24 64 51
24 65 33
24 66 8
24 69 58
24 70 37
24 71 69
24 72 66
24 74 38
24 77 26
24 78 61
24 79 66
24 85 58
24 86 35
24 89 79
24 91 12
24 95 55
24 97 34
24 98 64
25 27 18
25 33 33
25 38 47
25 39 38
25 41 20
25 43 37
25 47 84
25 48 31
25 49 72
25 52 39
25 54 80
25 55 49
25 62 23
25 65 30
25 66 22
25 69 74
25 70 27
25 71 78
25 74 54
25 75 74
25 78 50
25 83 47
25 87 86
25 91 24
25 92 50
25 96 95
25 98 78
25 99 79
26 27 63
26 30 34
26 32 65
26 35 48
26 38 53
26 41 61
26 42 83
26 44 45
26 48 64
26 49 9
26 50 21
26 54 68
26 56 68
26 58 62
26 59 65
26 60 80
26 62 74
26 68 64
26 69 64
26 71 15
26 72 39
26 73 60
26 76 77
26 78 67
26 82 68
26 83 33
26 85 79
26 88 40
26 90 67
26 92 76
26 94 59
26 95 30
26 96 73
26 97 58
26 98 45
27 28 64
27 29 52
27 31 87
27 32 32
27 35 34
27 36 50
27 41 5
27 42 21
27 45 48
27 46 67
27 47 79
27 48 20
27 49 55
27 50 70
27 52 36
27 58 54
27 60 68
27 61 42
27 62 25
27 64 31
27 65 13
27 66 28
27 67 63
27 68 83
27 70 18
27 71 62
27 72 47
27 73 5
27 75 63
27 76 38
27 78 40
27 79 46
27 80 84
27 83 30
27 85 71
27 91 17
27 92 49
27 94 7
27 95 38
27 96 87
27 99 70
28 29 14
28 32 72
28 34 28
28 35 56
28 39 42
28 43 81
28 44 35
28 45 65
28 47 68
28 48 69
28 49 12
28 51 50
28 52 61
28 53 47
28 54 56
28 59 52
28 61 60
28 63 76
28 64 71
28 66 77
28 67 22
28 69 52
28 70 70
28 72 49
28 74 59
28 75 39
28 77 79
28 78 76
28 79 68
28 80 21
28 81 75
28 82 76
28 88 32
28 89 70
28 90 73
28 91 60
28 93 41
28 99 47
29 30 23
29 31 36
29 37 32
29 38 47
29 39 31
29 40 39
29 42 72
29 44 34
29 45 62
29 46 42
29 48 55
29 50 30
29 52 56
29 53 35
29 55 49
29 56 57
29 57 48
29 58 60
29 60 70
29 62 62
29 65 45
29 67 29
29 68 59
29 72 37
29 80 32
29 81 62
29 83 22
29 86 70
29 87 44
29 89 76
29 90 59
29 92 65
29 94 49
29 95 24
29 96 68
29 97 48
29 98 39
29 99 52
30 34 56
30 35 31
30 38 35
30 39 9
30 45 48
30 46 45
30 49 25
30 52 39
30 53 39
30 54 58
30 58 54
30 59 61
30 60 62
30 61 39
30 68 63
30 71 32
30 72 35
30 73 28
30 77 45
30 79 47
30 80 54
30 82 51
30 84 34
30 85 63
30 87 51
30 88 23
30 89 75
30 90 43
30 93 12
30 97 28
31 34 19
31 37 26
31 38 81
31 42 107
31 43 104
31 44 56
31 45 85
31 48 91
31 50 40
31 52 84
31 53 60
31 55 82
31 56 80
31 57 83
31 58 88
31 59 61
31 61 78
31 62 94
31 63 97
31 65 81
31 70 92
31 72 66
31 74 79
31 77 102
31 81 91
31 87 44
31 89 80
31 94 85
31 96 68
32 33 35
32 35 18
32 36 43
32 37 78
32 40 94
32 41 36
32 42 44
32 45 79
32 46 88
32 47 107
32 49 60
32 51 46
32 52 67
32 54 99
32 56 77
32 58 26
32 61 20
32 62 57
32 63 81
32 64 1
32 67 80
32 68 106
32 70 15
32 71 71
32 72 32
32 75 86
32 80 89
32 82 12
32 84 76
32 86 83
32 88 65
32 90 4
32 92 80
32 93 49
32 95 35
32 97 20
32 98 86
33 34 69
33 35 28
33 40 74
33 42 36
33 43 49
33 45 46
33 46 54
33 47 72
33 51 13
33 52 35
33 53 44
33 54 63
33 55 34
33 56 44
33 61 37
33 62 32
33 63 51
33 74 45
33 77 31
33 79 44
33 81 51
33 85 65
33 88 30
33 90 33
33 92 48
33 96 77
33 98 53
34 35 66
34 37 8
34 38 71
34 39 65
34 40 15
34 41 83
34 43 108
34 44 64
34 46 62
34 49 31
34 50 24
34 52 89
34 53 47
34 54 82
34 56 88
34 57 80
34 58 75
34 60 97
34 62 96
34 65 76
34 66 102
34 70 86
34 71 31
34 72 54
34 74 87
34 77 98
34 81 79
34 83 55
34 85 95
34 87 59
34 88 60
34 90 86
34 91 84
34 92 96
34 94 81
34 95 50
34 96 84
35 36 25
35 37 60
35 42 52
35 43 75
35 44 59
35 49 43
35 50 45
35 52 63
35 53 24
35 55 8
35 59 92
35 60 91
35 62 58
35 65 20
35 66 61
35 70 24
35 71 55
35 73 29
35 74 73
35 75 75
35 76 68
35 79 16
35 80 71
35 81 23
35 82 21
35 84 61
35 87 81
35 88 54
35 91 46
35 94 27
36 39 37
36 40 52
36 41 50
36 42 70
36 43 85
36 44 53
36 46 65
36 49 24
36 51 48
36 52 69
36 55 31
36 56 73
36 57 46
36 60 89
36 61 26
36 62 69
36 64 42
36 66 74
36 71 36
36 72 14
36 73 46
36 74 74
36 77 62
36 79 34
36 82 43
36 83 27
36 84 46
36 85 90
36 89 99
36 90 45
36 91 56
36 95 12
36 99 75
37 38 65
37 39 63
37 40 22
37 47 99
37 48 79
37 51 73
37 52 89
37 53 40
37 54 86
37 55 66
37 57 77
37 59 81
37 62 94
37 65 72
37 67 52
37 68 79
37 73 78
37 76 98
37 77 95
37 80 22
37 82 77
37 83 53
37 86 102
37 89 99
37 90 80
37 92 97
37 94 77
38 40 82
38 43 76
38 44 63
38 47 102
38 50 50
38 51 43
38 52 65
38 54 92
38 56 74
38 57 31
38 59 96
38 60 94
38 61 9
38 64 11
38 66 61
38 68 98
38 69 87
38 70 21
38 74 76
38 75 79
38 76 69
38 78 15
38 79 13
38 80 77
38 81 21
38 84 66
38 85 95
38 87 85
38 92 78
38 95 23
38 98 78
38 99 87
39 41 19
39 46 48
39 47 66
39 50 54
39 51 11
39 54 57
39 59 62
39 60 58
39 61 41
39 64 40
39 67 42
39 68 65
39 69 51
39 71 40
39 74 41
39 75 45
39 76 39
39 79 48
39 81 56
39 85 60
39 86 49
39 88 24
39 89 75
39 93 7
39 97 24
39 99 53
40 43 109
40 45 91
40 46 55
40 47 88
40 50 38
40 51 78
40 52 89
40 55 83
40 56 86
40 57 86
40 58 88
40 59 68
40 60 92
40 62 98
40 66 105
40 67 44
40 68 65
40 70 95
40 73 88
40 74 85
40 76 99
40 78 96
40 80 7
40 81 91
40 82 95
40 83 61
40 86 99
40 91 88
40 92 95
40 94 88
40 95 59
40 97 86
40 98 52
41 42 22
41 43 40
41 44 42
41 47 74
41 50 70
41 52 32
41 53 56
41 54 67
41 55 39
41 56 43
41 57 5
41 58 57
41 60 63
41 63 46
41 68 78
41 69 62
41 70 22
41 74 45
41 75 58
41 76 34
41 78 44
41 82 47
41 83 27
41 94 11
41 97 16
41 98 61
41 99 65
42 43 37
42 44 60
42 51 34
42 53 74
42 54 81
42 57 25
42 61 59
42 62 24
42 63 48
42 65 32
42 66 22
42 68 95
42 69 76
42 76 37
42 79 61
42 80 104
42 82 55
42 83 50
42 86 52
42 87 88
42 93 43
42 94 26
42 95 58
42 96 96
42 97 31
42 99 80
43 44 48
43 45 23
43 46 63
43 48 63
43 49 78
43 51 37
43 52 20
43 53 93
43 54 55
43 55 79
43 56 27
43 58 97
43 60 41
43 63 13
43 64 74
43 65 56
43 66 16
43 67 68
43 69 51
43 70 60
43 72 87
43 75 57
43 79 89
43 80 102
43 81 95
43 82 86
43 83 58
43 84 71
43 89 67
43 92 20
43 93 44
43 97 56
43 98 64
43 99 58
44 45 30
44 48 61
44 50 64
44 51 28
44 53 65
44 56 24
44 59 34
44 60 36
44 62 41
44 63 41
44 67 20
44 69 24
44 70 61
44 72 62
44 73 47
44 74 23
44 76 37
44 77 61
44 79 75
44 81 82
44 82 78
44 83 31
44 84 23
44 85 36
44 87 28
44 90 68
44 95 46
44 98 20
44 99 25
45 46 41
45 47 34
45 49 65
45 54 32
45 55 79
45 58 98
45 59 44
45 61 83
45 62 27
45 64 78
45 65 57
45 68 49
45 69 28
45 71 62
45 74 7
45 76 15
45 77 59
45 78 87
45 79 90
45 80 84
45 81 97
45 84 53
45 85 24
45 86 8
45 88 33
45 89 46
45 93 36
45 94 54
45 96 48
45 97 59
45 98 43
46 49 43
46 50 70
46 51 48
46 55 83
46 56 36
46 57 64
46 60 36
46 61 83
46 63 53
46 64 87
46 65 68
46 66 65
46 68 18
46 70 81
46 77 82
46 79 91
46 82 96
46 83 48
46 88 24
46 89 35
46 90 87
46 91 54
46 92 45
46 95 61
46 96 26
46 97 71
47 50 102
47 54 13
47 56 32
47 57 77
47 63 41
47 64 106
47 66 64
47 70 96
47 73 81
47 74 29
47 75 29
47 77 91
47 78 115
47 80 82
47 82 117
47 84 54
47 86 35
47 87 38
47 89 13
47 91 62
47 93 59
47 94 83
47 95 87
47 96 20
47 97 88
48 52 56
48 53 45
48 54 89
48 59 95
48 60 87
48 62 45
48 63 70
48 64 11
48 65 12
48 67 74
48 68 98
48 69 83
48 71 67
48 72 36
48 78 21
48 79 28
48 82 23
48 83 35
48 86 72
48 88 57
48 89 107
48 91 37
48 93 40
48 95 34
48 99 85
49 50 28
49 54 62
49 55 51
49 56 60
49 57 50
49 60 72
49 61 47
49 66 71
49 67 30
49 68 60
49 69 57
49 70 59
49 75 45
49 81 63
49 84 23
49 85 72
49 89 77
49 90 61
49 92 68
49 95 25
49 98 40
49 99 54
50 55 51
50 56 87
50 58 51
50 59 86
50 62 87
50 63 100
50 64 61
50 66 93
50 67 57
50 68 86
50 69 85
50 71 36
50 72 31
50 74 86
50 76 93
50 79 50
50 80 36
50 82 61
50 85 100
50 86 99
50 88 59
50 90 65
50 91 75
50 97 62
50 99 81
51 54 54
51 58 64
51 59 61
51 62 22
51 66 28
51 67 45
51 68 64
51 69 48
51 71 48
51 72 50
51 73 21
51 82 57
51 83 21
51 84 45
51 88 25
51 90 44
51 91 10
51 92 35
51 93 9
51 94 22
51 95 36
51 97 27
51 98 47
51 99 51
52 55 68
52 56 12
52 58 87
52 61 72
52 62 17
52 65 46
52 66 22
52 68 56
52 69 36
52 70 54
52 71 59
52 74 15
52 75 39
52 80 82
52 83 41
52 85 36
52 91 19
52 93 27
52 94 42
52 97 47
52 98 45
52 99 42
53 54 93
53 55 28
53 56 83
53 58 28
53 60 100
53 61 21
53 62 76
53 63 94
53 68 94
53 72 9
53 75 78
53 76 85
53 80 56
53 81 32
53 85 101
53 87 79
53 89 110
53 90 43
53 91 64
53 93 51
53 94 48
53 95 20
53 96 102
53 97 44
53 98 73
54 55 95
54 57 70
54 62 58
54 64 97
54 66 62
54 67 33
54 72 92
54 73 74
54 74 26
54 75 16
54 78 106
54 79 105
54 81 112
54 82 108
54 83 60
54 87 25
54 88 35
54 90 97
54 91 56
54 92 35
54 99 9
55 57 33
55 60 97
55 64 11
55 65 23
55 66 64
55 68 101
55 70 22
55 75 82
55 81 17
55 82 13
55 84 69
55 85 99
55 91 50
55 92 81
55 93 46
55 94 29
55 95 26
56 57 47
56 62 29
56 63 17
56 64 76
56 65 56
56 66 33
56 67 43
56 69 24
56 70 65
56 71 57
56 75 30
56 76 18
56 77 59
56 78 86
56 79 87
56 81 95
56 82 88
56 83 47
56 84 47
56 86 13
56 89 44
56 95 64
56 97 58
57 58 52
57 61 39
57 62 27
57 63 51
57 64 30
57 66 31
57 67 59
57 68 81
57 69 65
57 71 57
57 72 43
57 73 4
57 74 49
57 76 39
57 77 20
57 78 40
57 79 44
57 80 80
57 81 50
57 83 25
57 85 70
57 88 40
57 91 17
57 92 49
57 95 34
57 96 85
57 97 11
57 98 63
57 99 67
58 59 114
58 61 15
58 62 79
58 64 26
58 66 83
58 67 87
58 69 106
58 71 72
58 72 23
58 73 50
58 74 97
58 75 97
58 76 91
58 77 57
58 79 9
58 81 5
58 85 116
58 90 30
58 92 99
58 95 37
59 60 31
59 62 68
59 65 83
59 66 73
59 67 30
59 69 16
59 70 95
59 71 50
59 72 93
59 73 81
59 77 94
59 78 111
59 79 108
59 80 63
59 81 115
59 88 39
59 89 18
59 91 65
59 92 47
59 93 56
59 98 20
60 62 49
60 63 28
60 70 86
60 72 97
60 75 31
60 76 36
60 79 107
60 80 85
60 81 114
60 82 108
60 83 64
60 84 54
60 85 4
60 86 22
60 87 43
60 88 41
60 89 26
60 91 51
60 92 22
60 93 51
60 95 81
60 96 32
60 97 78
60 98 39
60 99 26
61 62 66
61 63 88
61 64 19
61 65 29
61 66 70
61 67 73
61 68 101
61 70 30
61 72 13
61 74 82
61 75 83
61 78 18
61 79 9
61 80 74
61 82 18
61 83 36
61 84 67
61 86 89
61 87 87
61 89 114
61 90 23
61 92 85
61 95 23
61 99 91
62 64 56
62 65 37
62 69 53
62 71 68
62 75 54
62 77 32
62 78 66
62 80 91
62 81 77
62 82 68
62 83 43
62 86 29
62 88 40
62 91 12
62 93 30
62 96 73
62 97 38
62 99 58
63 64 80
63 65 60
63 66 26
63 68 60
63 69 39
63 70 67
63 71 73
63 72 89
63 73 54
63 74 19
63 76 12
63 78 90
63 80 96
63 83 58
63 84 64
63 86 6
63 89 54
63 91 33
63 92 8
63 93 43
63 95 74
63 99 46
64 66 58
64 69 91
64 70 14
64 72 31
64 73 26
64 74 78
64 78 10
64 79 18
64 89 115
64 91 47
64 92 78
64 95 34
64 97 19
65 66 41
65 67 62
65 70 13
65 73 8
65 74 58
65 75 66
65 76 49
65 79 34
65 82 32
65 83 24
65 86 62
65 87 74
65 88 44
65 89 94
65 90 20
65 96 91
65 97 3
66 68 77
66 70 44
66 76 16
66 77 32
66 79 74
66 82 71
66 83 48
66 84 69
66 87 74
66 88 47
66 89 77
66 92 29
66 93 36
66 94 35
66 96 78
66 97 41
66 98 66
66 99 63
67 70 74
67 72 65
67 73 63
67 78 86
67 79 81
67 81 89
67 82 87
67 85 46
67 88 21
67 90 80
67 93 37
67 95 50
67 99 25
68 69 21
68 70 98
68 72 94
68 76 63
68 77 98
68 78 113
68 79 110
68 80 60
68 81 117
68 84 37
68 92 52
68 94 86
68 95 79
68 96 9
68 99 14
69 71 50
69 81 106
69 82 102
69 83 55
69 84 37
69 85 16
69 87 24
69 93 44
69 94 70
69 97 74
69 98 21
69 99 8
70 71 68
70 73 14
70 75 78
70 76 56
70 77 17
70 87 87
70 88 56
70 92 66
70 95 36
70 98 79
71 72 49
71 73 60
71 75 37
71 76 68
71 77 77
71 79 68
71 82 76
71 86 70
71 88 30
71 89 68
71 91 57
71 92 66
71 95 37
72 74 80
72 78 31
72 81 26
72 82 30
72 83 32
72 87 79
72 89 109
72 90 35
72 91 57
72 96 101
72 98 73
73 76 42
73 78 36
73 79 41
73 80 82
73 83 27
73 84 61
73 86 56
73 87 75
73 89 92
73 90 24
73 93 26
73 94 2
73 96 89
73 99 71
74 78 88
74 81 96
74 85 21
74 87 42
74 89 41
74 92 11
74 94 55
74 97 60
75 76 47
75 79 91
75 85 29
75 87 15
75 91 50
75 96 26
75 98 9
76 80 92
76 82 81
76 86 15
76 88 39
76 90 66
76 91 22
76 92 13
76 93 34
76 95 65
76 99 49
77 78 40
77 83 44
77 86 61
77 87 89
77 88 58
77 89 102
77 91 29
77 94 18
77 95 50
77 99 84
78 81 14
78 83 47
78 92 88
78 93 56
78 94 34
78 95 38
78 97 28
78 98 93
78 99 101
79 82 11
79 84 76
79 85 108
79 87 96
79 89 122
79 90 22
79 91 61
79 92 91
79 94 39
79 95 32
79 98 89
80 83 55
80 84 32
80 86 92
80 87 45
80 92 88
80 94 82
80 96 70
80 98 46
81 82 12
81 87 103
81 89 130
81 90 27
81 93 63
81 94 45
81 95 39
81 97 39
81 99 106
82 85 110
82 88 73
82 89 125
82 90 16
82 95 39
82 98 94
83 84 35
83 87 53
83 88 25
83 89 78
83 90 41
83 92 53
83 93 15
83 94 27
83 97 27
83 98 45
83 99 55
84 85 53
84 91 53
84 94 61
84 96 46
84 97 62
84 98 17
85 86 26
85 89 22
85 92 26
85 93 53
85 95 82
85 98 37
85 99 23
86 87 56
86 88 41
86 89 48
86 90 80
86 91 35
86 92 5
86 93 43
86 95 74
86 97 64
86 98 50
86 99 41
87 90 93
87 92 53
87 93 48
87 94 75
87 99 17
88 89 53
88 90 64
88 92 36
88 93 17
88 94 45
88 96 47
88 97 47
88 98 23
89 92 48
89 94 93
89 97 97
90 92 77
90 95 37
90 96 110
90 99 93
91 93 19
91 97 29
92 93 38
92 95 69
92 97 60
93 94 27
93 97 30
93 98 40
94 96 90
94 98 67
94 99 73
95 96 86
95 97 30
95 98 58
95 99 69
98 99 15
