100 0.7 10 0 0.1 4950 3465 82
0.843947 0.46219 4
0.615577 0.21822 3
0.97908 0.921857 6
0.919971 0.872139 6
0.49254 0.333038 2
0.305884 0.596789 2
0.0256085 0.226972 5
0.127401 0.750264 4
0.640178 0.13439 4
0.211131 0.868016 5
0.0520194 0.566378 4
0.0460497 0.507474 4
0.0142165 0.73914 5
0.391386 0.26113 3
0.917845 0.103597 6
0.882372 0.834536 5
0.850076 0.228578 4
0.154101 0.50199 3
0.164715 0.241712 4
0.1014 0.471129 4
0.0169809 0.363274 5
0.969916 0.0572068 7
0.140361 0.690587 4
0.252233 0.897342 5
0.140194 0.537489 4
0.290019 0.0751104 5
0.326407 0.396223 2
0.092416 0.0407489 6
0.279019 0.119656 4
0.398624 0.0214664 5
0.353392 0.81881 4
0.507842 0.874515 4
0.0694392 0.117885 6
0.989806 0.387264 5
0.670555 0.565255 2
0.378958 0.841014 4
0.423374 0.500226 1
0.386076 0.866523 4
0.0732634 0.300474 5
0.729492 0.275765 3
0.0296366 0.648018 5
0.432371 0.491889 1
0.898697 0.870765 6
0.504114 0.537602 0
0.101598 0.998995 6
0.98754 0.235813 6
0.773117 0.0737968 5
0.410183 0.508209 1
0.18854 0.837987 5
0.0329645 0.62082 5
0.179906 0.785133 4
0.254697 0.0328735 5
0.218433 0.434591 3
0.963498 0.672914 5
0.327498 0.835057 4
0.196414 0.643233 3
0.348971 0.947915 5
0.639823 0.460657 2
0.644199 0.57569 2
0.775605 0.0340374 5
0.144126 0.110686 5
0.897687 0.128704 5
0.303674 0.285222 3
0.658056 0.389157 2
0.460573 0.343383 2
0.46905 0.736065 2
0.0146215 0.770795 5
0.861165 0.484174 4
0.749369 0.550062 3
0.797496 0.76401 4
0.331535 0.883995 4
0.00658365 0.00768979 7
0.263189 0.703598 3
0.115022 0.142194 5
0.255511 0.534225 2
0.558987 0.953813 5
0.289058 0.0103909 5
0.779628 0.662835 3
0.489977 0.496189 0
0.416728 0.612379 1
0.181429 0.545333 3
0.871444 0.724553 4
0.0846666 0.22688 5
0.0586089 0.0734233 6
0.33993 0.281354 3
0.271561 0.221634 4
0.26834 0.82067 4
0.160307 0.530152 3
0.0120433 0.787479 6
0.348718 0.868278 4
0.0530116 0.598266 4
0.709595 0.5721 2
0.903528 0.644004 4
0.514839 0.0055298 5
0.0193483 0.937935 6
0.0641592 0.993863 7
0.575991 0.465912 1
0.758116 0.52549 3
0.356286 0.363625 2
0.920055 0.122008 6
0 1 33
0 2 48
0 3 42
0 4 37
0 5 55
0 6 85
0 7 77
0 8 39
0 9 75
0 10 80
0 11 80
0 12 87
0 13 50
0 14 37
0 15 37
0 16 23
0 17 69
0 18 71
0 19 74
0 20 83
0 21 42
0 22 74
0 23 73
0 24 71
0 25 68
0 26 52
0 27 86
0 28 66
0 29 63
0 30 61
0 31 53
0 32 85
0 33 16
0 34 20
0 35 60
0 36 42
0 37 61
0 38 79
0 39 22
0 40 84
0 41 41
0 42 41
0 43 35
0 44 92
0 45 27
0 46 39
0 47 44
0 48 76
0 49 83
0 50 74
0 51 73
0 52 63
0 53 24
0 54 64
0 55 67
0 56 69
0 57 20
0 58 23
0 59 43
0 60 78
0 61 34
0 62 57
0 63 20
0 64 40
0 65 46
0 66 88
0 67 3
0 68 13
0 69 31
0 70 66
0 71 95
0 72 63
0 73 80
0 74 59
0 75 57
0 76 72
0 77 21
0 78 36
0 79 45
0 80 67
0 81 26
0 82 79
0 83 88
0 84 54
0 85 62
0 86 68
0 87 69
0 88 89
0 89 64
0 90 80
0 91 17
0 92 19
0 93 56
0 94 95
0 95 94
0 96 27
0 97 11
0 98 50
0 99 35
1 2 79
1 3 72
1 4 17
1 5 49
1 6 59
1 7 72
1 8 9
1 9 77
1 10 66
1 11 64
1 12 80
1 13 23
1 14 32
1 15 67
1 16 23
1 17 54
1 18 45
1 19 57
1 20 62
1 21 39
1 22 67
1 23 77
1 24 57
1 25 36
1 26 34
1 27 55
1 28 35
1 29 29
1 30 66
1 31 67
1 32 56
1 33 41
1 34 35
1 35 67
1 36 34
1 37 69
1 38 55
1 39 13
1 40 73
1 41 33
1 42 71
1 43 34
1 44 93
1 45 37
1 46 21
1 47 36
1 48 75
1 49 71
1 50 71
1 51 41
1 52 45
1 53 57
1 54 68
1 55 60
1 56 78
1 57 24
1 58 36
1 59 24
1 60 48
1 61 30
1 62 32
1 63 18
1 64 20
1 65 54
1 66 82
1 67 36
1 68 36
1 69 58
1 70 72
1 71 64
1 72 60
1 73 51
1 74 48
1 75 74
1 76 39
1 77 47
1 78 31
1 79 44
1 80 54
1 81 57
1 82 53
1 83 58
1 84 28
1 85 34
1 86 70
1 87 55
1 88 83
1 89 70
1 90 68
1 91 37
1 92 51
1 93 24
1 94 93
1 95 95
1 96 25
1 97 34
1 98 30
1 99 32
2 3 8
2 4 76
2 5 75
2 6 118
2 7 87
2 8 86
2 9 77
2 10 99
2 11 102
2 12 98
2 13 88
2 14 82
2 15 13
2 16 71
2 17 93
2 18 106
2 19 99
2 20 111
2 21 86
2 22 87
2 23 73
2 24 92
2 25 109
2 26 84
2 27 125
2 28 106
2 29 107
2 30 63
2 31 47
2 32 121
2 33 53
2 34 47
2 35 61
2 36 70
2 37 60
2 38 110
2 39 69
2 40 99
2 41 70
2 42 10
2 43 61
2 44 88
2 45 69
2 46 87
2 47 70
2 48 79
2 49 99
2 50 81
2 51 115
2 52 90
2 53 25
2 54 66
2 55 83
2 56 63
2 57 57
2 58 48
2 59 91
2 60 116
2 61 80
2 62 93
2 63 62
2 64 78
2 65 54
2 66 98
2 67 45
2 68 44
2 69 24
2 70 65
2 71 133
2 72 75
2 73 116
2 74 82
2 75 42
2 76 114
2 77 33
2 78 65
2 79 64
2 80 88
2 81 22
2 82 113
2 83 125
2 84 90
2 85 100
2 86 72
2 87 91
2 88 98
2 89 63
2 90 98
2 91 44
2 92 29
2 93 103
2 94 96
2 95 92
2 96 61
2 97 45
2 98 84
2 99 80
3 4 69
3 5 67
3 6 110
3 7 80
3 8 79
3 9 71
3 10 92
3 11 95
3 12 92
3 13 81
3 14 77
3 15 5
3 16 65
3 17 85
3 18 98
3 19 91
3 20 104
3 21 82
3 22 80
3 23 67
3 24 85
3 25 102
3 26 76
3 27 117
3 28 99
3 29 100
3 30 57
3 31 41
3 32 114
3 33 49
3 34 40
3 35 54
3 36 62
3 37 53
3 38 102
3 39 63
3 40 92
3 41 62
3 42 2
3 43 53
3 44 83
3 45 64
3 46 81
3 47 63
3 48 73
3 49 92
3 50 75
3 51 107
3 52 83
3 53 20
3 54 59
3 55 76
3 56 58
3 57 50
3 58 40
3 59 85
3 60 109
3 61 74
3 62 85
3 63 55
3 64 70
3 65 47
3 66 91
3 67 39
3 68 36
3 69 16
3 70 59
3 71 126
3 72 68
3 73 109
3 74 75
3 75 37
3 76 107
3 77 25
3 78 57
3 79 57
3 80 81
3 81 16
3 82 106
3 83 117
3 84 83
3 85 92
3 86 65
3 87 83
3 88 91
3 89 57
3 90 91
3 91 37
3 92 23
3 93 96
3 94 90
3 95 86
3 96 53
3 97 38
3 98 76
3 99 75
4 5 32
4 6 48
4 7 55
4 8 25
4 9 60
4 10 50
4 11 48
4 12 63
4 13 12
4 14 48
4 15 64
4 16 37
4 17 38
4 18 34
4 19 41
4 20 48
4 21 55
4 22 50
4 23 61
4 24 41
4 25 33
4 26 18
4 27 50
4 28 30
4 29 33
4 30 51
4 31 54
4 32 47
4 33 50
4 34 29
4 35 52
4 36 18
4 37 54
4 38 42
4 39 24
4 40 56
4 41 17
4 42 67
4 43 20
4 44 77
4 45 50
4 46 38
4 47 19
4 48 59
4 49 54
4 50 55
4 51 38
4 52 29
4 53 58
4 54 53
4 55 43
4 56 63
4 57 19
4 58 29
4 59 41
4 60 41
4 61 45
4 62 19
4 63 17
4 64 3
4 65 40
4 66 65
4 67 40
4 68 34
4 69 53
4 70 57
4 71 58
4 72 44
4 73 42
4 74 31
4 75 62
4 76 38
4 77 44
4 78 16
4 79 29
4 80 38
4 81 54
4 82 42
4 83 51
4 84 16
4 85 25
4 86 54
4 87 39
4 88 66
4 89 55
4 90 51
4 91 32
4 92 52
4 93 33
4 94 77
4 95 79
4 96 16
4 97 33
4 98 14
4 99 48
5 6 46
5 7 24
5 8 57
5 9 29
5 10 26
5 11 27
5 12 32
5 13 35
5 14 79
5 15 62
5 16 66
5 17 18
5 18 38
5 19 24
5 20 37
5 21 86
5 22 19
5 23 31
5 24 18
5 25 52
5 26 20
5 27 60
5 28 48
5 29 58
5 30 23
5 31 34
5 32 53
5 33 72
5 34 37
5 35 25
5 36 15
5 37 28
5 38 38
5 39 53
5 40 28
5 41 16
5 42 65
5 43 21
5 44 45
5 45 77
5 46 70
5 47 14
5 48 27
5 49 27
5 50 23
5 51 57
5 52 18
5 53 66
5 54 24
5 55 12
5 56 35
5 57 36
5 58 34
5 59 73
5 60 51
5 61 75
5 62 31
5 63 41
5 64 30
5 65 21
5 66 34
5 67 57
5 68 45
5 69 52
5 70 29
5 71 66
5 72 12
5 73 49
5 74 8
5 75 44
5 76 59
5 77 48
5 78 21
5 79 11
5 80 13
5 81 58
5 82 43
5 83 58
5 84 32
5 85 38
5 86 23
5 87 16
5 88 35
5 89 27
5 90 25
5 91 40
5 92 60
5 93 63
5 94 45
5 95 46
5 96 30
5 97 46
5 98 24
5 99 78
6 7 53
6 8 62
6 9 67
6 10 34
6 11 28
6 12 51
6 13 37
6 14 90
6 15 105
6 16 82
6 17 30
6 18 14
6 19 26
6 20 14
6 21 96
6 22 48
6 23 71
6 24 33
6 25 30
6 26 35
6 27 20
6 28 28
6 29 43
6 30 68
6 31 81
6 32 12
6 33 98
6 34 73
6 35 71
6 36 48
6 37 73
6 38 9
6 39 71
6 40 42
6 41 49
6 42 108
6 43 57
6 44 78
6 45 96
6 46 76
6 47 48
6 48 63
6 49 39
6 50 58
6 51 30
6 52 28
6 53 104
6 54 68
6 55 45
6 56 79
6 57 66
6 58 71
6 59 77
6 60 17
6 61 88
6 62 28
6 63 65
6 64 45
6 65 68
6 66 54
6 67 87
6 68 79
6 69 94
6 70 72
6 71 22
6 72 53
6 73 12
6 74 38
6 75 90
6 76 34
6 77 87
6 78 54
6 79 55
6 80 35
6 81 98
6 82 6
6 83 16
6 84 32
6 85 25
6 86 64
6 87 33
6 88 56
6 89 72
6 90 37
6 91 77
6 92 97
6 93 54
6 94 71
6 95 77
6 96 60
6 97 79
6 98 36
6 99 90
7 8 80
7 9 14
7 10 20
7 11 26
7 12 11
7 13 56
7 14 102
7 15 76
7 16 89
7 17 25
7 18 51
7 19 28
7 20 40
7 21 109
7 22 6
7 23 19
7 24 21
7 25 69
7 26 41
7 27 71
7 28 65
7 29 78
7 30 24
7 31 40
7 32 64
7 33 94
7 34 57
7 35 27
7 36 39
7 37 28
7 38 45
7 39 77
7 40 14
7 41 40
7 42 78
7 43 43
7 44 25
7 45 100
7 46 94
7 47 37
7 48 11
7 49 16
7 50 6
7 51 73
7 52 33
7 53 84
7 54 22
7 55 13
7 56 30
7 57 59
7 58 55
7 59 97
7 60 64
7 61 99
7 62 50
7 63 64
7 64 53
7 65 34
7 66 11
7 67 78
7 68 65
7 69 67
7 70 24
7 71 75
7 72 14
7 73 61
7 74 25
7 75 48
7 76 76
7 77 66
7 78 44
7 79 32
7 80 21
7 81 74
7 82 53
7 83 68
7 84 51
7 85 55
7 86 16
7 87 22
7 88 12
7 89 25
7 90 17
7 91 61
7 92 78
7 93 84
7 94 22
7 95 25
7 96 53
7 97 67
7 98 45
7 99 101
8 9 85
8 10 73
8 11 70
8 12 87
8 13 28
8 14 28
8 15 74
8 16 23
8 17 61
8 18 49
8 19 64
8 20 66
8 21 34
8 22 75
8 23 86
8 24 64
8 25 36
8 26 41
8 27 56
8 28 36
8 29 27
8 30 74
8 31 75
8 32 57
8 33 43
8 34 43
8 35 75
8 36 43
8 37 77
8 38 59
8 39 17
8 40 80
8 41 41
8 42 78
8 43 43
8 44 102
8 45 36
8 46 15
8 47 44
8 48 84
8 49 78
8 50 80
8 51 40
8 52 52
8 53 63
8 54 77
8 55 68
8 56 86
8 57 33
8 58 44
8 59 17
8 60 50
8 61 26
8 62 37
8 63 26
8 64 28
8 65 63
8 66 89
8 67 41
8 68 43
8 69 65
8 70 81
8 71 65
8 72 68
8 73 53
8 74 55
8 75 82
8 76 37
8 77 55
8 78 39
8 79 53
8 80 62
8 81 63
8 82 56
8 83 58
8 84 33
8 85 38
8 86 78
8 87 62
8 88 91
8 89 79
8 90 75
8 91 44
8 92 57
8 93 18
8 94 102
8 95 103
8 96 34
8 97 41
8 98 36
8 99 28
9 10 34
9 11 40
9 12 24
9 13 63
9 14 104
9 15 67
9 16 90
9 17 37
9 18 63
9 19 41
9 20 54
9 21 111
9 22 19
9 23 5
9 24 34
9 25 80
9 26 49
9 27 84
9 28 75
9 29 87
9 30 15
9 31 30
9 32 76
9 33 92
9 34 55
9 35 17
9 36 42
9 37 17
9 38 58
9 39 79
9 40 29
9 41 44
9 42 69
9 43 44
9 44 17
9 45 100
9 46 97
9 47 41
9 48 4
9 49 30
9 50 9
9 51 84
9 52 43
9 53 78
9 54 12
9 55 23
9 56 16
9 57 59
9 58 52
9 59 101
9 60 76
9 61 101
9 62 59
9 63 66
9 64 58
9 65 29
9 66 22
9 67 75
9 68 63
9 69 60
9 70 12
9 71 88
9 72 17
9 73 73
9 74 34
9 75 36
9 76 86
9 77 60
9 78 46
9 79 33
9 80 32
9 81 68
9 82 65
9 83 81
9 84 60
9 85 65
9 86 7
9 87 34
9 88 21
9 89 14
9 90 31
9 91 58
9 92 73
9 93 91
9 94 20
9 95 19
9 96 54
9 97 65
9 98 52
9 99 103
10 11 6
10 12 18
10 13 46
10 14 98
10 15 87
10 16 87
10 17 12
10 18 34
10 19 11
10 20 21
10 21 105
10 22 15
10 23 39
10 24 9
10 25 55
10 26 32
10 27 53
10 28 50
10 29 65
10 30 39
10 31 55
10 32 45
10 33 95
10 34 62
10 35 43
10 36 38
10 37 45
10 38 27
10 39 74
10 40 8
10 41 39
10 42 90
10 43 45
10 44 44
10 45 99
10 46 87
10 47 36
10 48 30
10 49 6
10 50 25
10 51 57
10 52 21
10 53 92
10 54 38
10 55 16
10 56 48
10 57 60
10 58 59
10 59 90
10 60 46
10 61 95
10 62 38
10 63 63
10 64 47
10 65 45
10 66 21
10 67 81
10 68 70
10 69 77
10 70 42
10 71 56
10 72 25
10 73 43
10 74 21
10 75 64
10 76 60
10 77 73
10 78 44
10 79 37
10 80 13
10 81 83
10 82 34
10 83 49
10 84 41
10 85 41
10 86 33
10 87 11
10 88 22
10 89 42
10 90 3
10 91 66
10 92 86
10 93 73
10 94 37
10 95 43
10 96 53
10 97 71
10 98 37
10 99 98
11 12 23
11 13 42
11 14 96
11 15 90
11 16 85
11 17 11
11 18 29
11 19 7
11 20 15
11 21 103
11 22 21
11 23 44
11 24 10
11 25 50
11 26 30
11 27 47
11 28 45
11 29 60
11 30 44
11 31 59
11 32 39
11 33 95
11 34 63
11 35 47
11 36 38
11 37 49
11 38 21
11 39 72
11 40 14
11 41 39
11 42 93
11 43 46
11 44 49
11 45 98
11 46 85
11 47 36
11 48 36
11 49 11
11 50 31
11 51 52
11 52 19
11 53 93
11 54 43
11 55 20
11 56 53
11 57 60
11 58 60
11 59 87
11 60 41
11 61 93
11 62 34
11 63 62
11 64 45
11 65 48
11 66 27
11 67 82
11 68 70
11 69 79
11 70 47
11 71 50
11 72 29
11 73 37
11 74 21
11 75 68
11 76 55
11 77 75
11 78 44
11 79 39
11 80 14
11 81 85
11 82 28
11 83 43
11 84 37
11 85 36
11 86 38
11 87 12
11 88 28
11 89 47
11 90 9
11 91 67
11 92 87
11 93 69
11 94 43
11 95 49
11 96 53
11 97 71
11 98 34
11 99 96
12 13 61
12 14 110
12 15 87
12 16 98
12 17 28
12 18 52
12 19 28
12 20 38
12 21 117
12 22 14
12 23 29
12 24 24
12 25 72
12 26 46
12 27 70
12 28 67
12 29 81
12 30 35
12 31 51
12 32 62
12 33 104
12 34 68
12 35 38
12 36 47
12 37 39
12 38 44
12 39 85
12 40 9
12 41 49
12 42 89
12 43 53
12 44 27
12 45 110
12 46 101
12 47 46
12 48 20
12 49 12
12 50 17
12 51 75
12 52 37
12 53 95
12 54 33
12 55 21
12 56 39
12 57 68
12 58 65
12 59 104
12 60 64
12 61 107
12 62 54
12 63 73
12 64 60
12 65 45
12 66 3
12 67 88
12 68 76
12 69 78
12 70 35
12 71 73
12 72 25
12 73 61
12 74 32
12 75 59
12 76 78
12 77 77
12 78 53
12 79 42
12 80 26
12 81 86
12 82 52
12 83 67
12 84 56
12 85 58
12 86 27
12 87 25
12 88 5
12 89 36
12 90 15
12 91 72
12 92 89
12 93 89
12 94 20
12 95 26
12 96 62
12 97 77
12 98 51
12 99 110
13 14 55
13 15 75
13 16 46
13 17 34
13 18 23
13 19 36
13 20 39
13 21 61
13 22 50
13 23 65
13 24 37
13 25 21
13 26 15
13 27 37
13 28 18
13 29 24
13 30 56
13 31 62
13 32 35
13 33 61
13 34 41
13 35 58
13 36 24
13 37 61
13 38 32
13 39 34
13 40 53
13 41 23
13 42 79
13 43 30
13 44 79
13 45 60
13 46 43
13 47 25
13 48 61
13 49 51
13 50 57
13 51 27
13 52 24
13 53 70
13 54 58
13 55 43
13 56 69
13 57 32
13 58 40
13 59 45
13 60 29
13 61 52
13 62 9
13 63 30
13 64 11
13 65 48
13 66 63
13 67 52
13 68 46
13 69 65
13 70 63
13 71 46
13 72 46
13 73 30
13 74 31
13 75 71
13 76 27
13 77 56
13 78 25
13 79 35
13 80 35
13 81 67
13 82 31
13 83 38
13 84 6
13 85 13
13 86 57
13 87 35
13 88 65
13 89 61
13 90 48
13 91 44
13 92 64
13 93 28
13 94 77
13 95 80
13 96 28
13 97 45
13 98 11
13 99 55
14 15 73
14 16 14
14 17 86
14 18 77
14 19 90
14 20 94
14 21 7
14 22 97
14 23 104
14 24 89
14 25 63
14 26 66
14 27 83
14 28 64
14 29 53
14 30 91
14 31 87
14 32 85
14 33 29
14 34 52
14 35 91
14 36 63
14 37 93
14 38 87
14 39 26
14 40 104
14 41 62
14 42 77
14 43 60
14 44 121
14 45 15
14 46 15
14 47 65
14 48 103
14 49 102
14 50 100
14 51 67
14 52 77
14 53 57
14 54 94
14 55 90
14 56 102
14 57 45
14 58 55
14 59 16
14 60 77
14 61 3
14 62 64
14 63 39
14 64 52
14 65 78
14 66 112
14 67 38
14 68 48
14 69 67
14 70 98
14 71 92
14 72 89
14 73 80
14 74 79
14 75 92
14 76 64
14 77 58
14 78 58
14 79 71
14 80 86
14 81 62
14 82 84
14 83 86
14 84 60
14 85 66
14 86 97
14 87 87
14 88 113
14 89 95
14 90 100
14 91 51
14 92 54
14 93 41
14 94 123
14 95 123
14 96 50
14 97 45
14 98 62
14 99 2
15 16 61
15 17 80
15 18 93
15 19 86
15 20 99
15 21 78
15 22 76
15 23 63
15 24 80
15 25 96
15 26 71
15 27 112
15 28 94
15 29 95
15 30 53
15 31 38
15 32 108
15 33 46
15 34 34
15 35 50
15 36 57
15 37 50
15 38 97
15 39 58
15 40 87
15 41 57
15 42 4
15 43 48
15 44 80
15 45 61
15 46 77
15 47 57
15 48 69
15 49 88
15 50 70
15 51 102
15 52 78
15 53 18
15 54 55
15 55 71
15 56 55
15 57 45
15 58 35
15 59 81
15 60 103
15 61 71
15 62 80
15 63 50
15 64 65
15 65 42
15 66 87
15 67 35
15 68 31
15 69 11
15 70 55
15 71 120
15 72 63
15 73 103
15 74 70
15 75 34
15 76 102
15 77 20
15 78 52
15 79 52
15 80 76
15 81 11
15 82 100
15 83 112
15 84 77
15 85 87
15 86 61
15 87 78
15 88 87
15 89 53
15 90 86
15 91 31
15 92 19
15 93 91
15 94 87
15 95 83
15 96 48
15 97 33
15 98 71
15 99 71
16 17 75
16 18 69
16 19 79
16 20 84
16 21 21
16 22 85
16 23 90
16 24 77
16 25 58
16 26 55
16 27 78
16 28 58
16 29 50
16 30 77
16 31 73
16 32 79
16 33 21
16 34 38
16 35 77
16 36 51
16 37 79
16 38 78
16 39 13
16 40 92
16 41 49
16 42 64
16 43 46
16 44 107
16 45 14
16 46 17
16 47 52
16 48 90
16 49 91
16 50 87
16 51 63
16 52 66
16 53 46
16 54 80
16 55 77
16 56 88
16 57 31
16 58 40
16 59 21
16 60 72
16 61 11
16 62 55
16 63 25
16 64 41
16 65 63
16 66 100
16 67 26
16 68 34
16 69 54
16 70 84
16 71 87
16 72 76
16 73 74
16 74 67
16 75 78
16 76 60
16 77 44
16 78 45
16 79 58
16 80 74
16 81 50
16 82 77
16 83 81
16 84 51
16 85 58
16 86 83
16 87 75
16 88 101
16 89 81
16 90 88
16 91 37
16 92 42
16 93 40
16 94 109
16 95 110
16 96 36
16 97 31
16 98 51
16 99 13
17 18 26
17 19 6
17 20 20
17 21 93
17 22 19
17 23 41
17 24 4
17 25 45
17 26 20
17 27 47
17 28 40
17 29 54
17 30 37
17 31 51
17 32 39
17 33 84
17 34 52
17 35 41
17 36 27
17 37 43
17 38 22
17 39 62
17 40 19
17 41 28
17 42 83
17 43 35
17 44 50
17 45 87
17 46 75
17 47 26
17 48 34
17 49 17
17 50 28
17 51 48
17 52 9
17 53 83
17 54 38
17 55 15
17 56 49
17 57 49
17 58 50
17 59 78
17 60 39
17 61 83
17 62 26
17 63 52
17 64 35
17 65 39
17 66 30
17 67 71
17 68 60
17 69 69
17 70 42
17 71 52
17 72 23
17 73 36
17 74 11
17 75 61
17 76 51
17 77 65
17 78 34
17 79 28
17 80 5
17 81 75
17 82 28
17 83 44
17 84 29
17 85 30
17 86 34
17 87 3
17 88 32
17 89 41
17 90 14
17 91 56
17 92 76
17 93 61
17 94 46
17 95 50
17 96 42
17 97 60
17 98 24
17 99 86
18 19 24
18 20 19
18 21 83
18 22 45
18 23 66
18 24 30
18 25 21
18 26 22
18 27 21
18 28 17
18 29 32
18 30 61
18 31 72
18 32 16
18 33 84
18 34 60
18 35 64
18 36 37
18 37 66
18 38 11
18 39 57
18 40 43
18 41 37
18 42 97
18 43 45
18 44 76
18 45 82
18 46 63
18 47 36
18 48 60
18 49 40
18 50 54
18 51 23
18 52 20
18 53 91
18 54 62
18 55 40
18 56 73
18 57 52
18 58 58
18 59 65
18 60 13
18 61 74
18 62 15
18 63 51
18 64 31
18 65 58
18 66 55
18 67 74
18 68 66
18 69 82
18 70 66
18 71 28
18 72 47
18 73 11
18 74 31
18 75 81
18 76 26
18 77 75
18 78 41
18 79 45
18 80 30
18 81 86
18 82 8
18 83 20
18 84 18
18 85 11
18 86 59
18 87 29
18 88 57
18 89 65
18 90 37
18 91 64
18 92 84
18 93 42
18 94 71
18 95 76
18 96 47
18 97 66
18 98 23
18 99 76
19 20 14
19 21 96
19 22 22
19 23 45
19 24 8
19 25 44
19 26 24
19 27 43
19 28 39
19 29 54
19 30 43
19 31 57
19 32 35
19 33 89
19 34 58
19 35 46
19 36 32
19 37 49
19 38 17
19 39 66
19 40 19
19 41 33
19 42 89
19 43 41
19 44 53
19 45 92
19 46 78
19 47 31
19 48 38
19 49 16
19 50 32
19 51 46
19 52 12
19 53 89
19 54 43
19 55 20
19 56 54
19 57 54
19 58 55
19 59 80
19 60 36
19 61 87
19 62 27
19 63 56
19 64 38
19 65 45
19 66 31
19 67 76
19 68 65
19 69 76
19 70 47
19 71 47
19 72 28
19 73 33
19 74 17
19 75 67
19 76 50
19 77 70
19 78 39
19 79 35
19 80 11
19 81 81
19 82 24
19 83 40
19 84 30
19 85 30
19 86 39
19 87 8
19 88 33
19 89 47
19 90 14
19 91 62
19 92 82
19 93 62
19 94 47
19 95 52
19 96 47
19 97 66
19 98 28
19 99 89
20 21 100
20 22 35
20 23 58
20 24 21
20 25 40
20 26 31
20 27 33
20 28 36
20 29 51
20 30 57
20 31 71
20 32 25
20 33 97
20 34 68
20 35 60
20 36 43
20 37 62
20 38 8
20 39 72
20 40 29
20 41 43
20 42 102
20 43 52
20 44 64
20 45 98
20 46 81
20 47 42
20 48 50
20 49 26
20 50 45
20 51 41
20 52 21
20 53 100
20 54 56
20 55 33
20 56 67
20 57 63
20 58 66
20 59 83
20 60 28
20 61 91
20 62 30
20 63 64
20 64 44
20 65 59
20 66 41
20 67 85
20 68 76
20 69 88
20 70 61
20 71 36
20 72 42
20 73 24
20 74 29
20 75 80
20 76 45
20 77 82
20 78 49
20 79 47
20 80 25
20 81 93
20 82 15
20 83 29
20 84 33
20 85 29
20 86 52
20 87 22
20 88 42
20 89 60
20 90 24
20 91 72
20 92 93
20 93 61
20 94 57
20 95 63
20 96 57
20 97 76
20 98 34
20 99 93
21 22 104
21 23 110
21 24 96
21 25 68
21 26 73
21 27 88
21 28 69
21 29 57
21 30 98
21 31 94
21 32 90
21 33 33
21 34 59
21 35 98
21 36 70
21 37 100
21 38 93
21 39 32
21 40 111
21 41 69
21 42 82
21 43 67
21 44 128
21 45 18
21 46 20
21 47 72
21 48 110
21 49 109
21 50 107
21 51 72
21 52 84
21 53 62
21 54 101
21 55 97
21 56 109
21 57 52
21 58 61
21 59 20
21 60 83
21 61 10
21 62 70
21 63 46
21 64 58
21 65 84
21 66 119
21 67 44
21 68 54
21 69 73
21 70 104
21 71 96
21 72 96
21 73 86
21 74 86
21 75 99
21 76 68
21 77 63
21 78 65
21 79 78
21 80 93
21 81 67
21 82 90
21 83 91
21 84 67
21 85 72
21 86 104
21 87 94
21 88 120
21 89 102
21 90 106
21 91 58
21 92 59
21 93 46
21 94 130
21 95 130
21 96 57
21 97 51
21 98 69
21 99 8
22 23 24
22 24 15
22 25 63
22 26 35
22 27 65
22 28 59
22 29 72
22 30 25
22 31 41
22 32 58
22 33 90
22 34 54
22 35 28
22 36 34
22 37 30
22 38 40
22 39 72
22 40 12
22 41 35
22 42 78
22 43 39
22 44 31
22 45 96
22 46 88
22 47 33
22 48 16
22 49 13
22 50 10
22 51 67
22 52 27
22 53 82
22 54 24
22 55 7
22 56 33
22 57 55
22 58 52
22 59 91
22 60 58
22 61 94
22 62 44
22 63 60
22 64 47
22 65 33
22 66 15
22 67 75
22 68 63
22 69 66
22 70 27
22 71 70
22 72 12
22 73 55
22 74 19
22 75 49
22 76 70
22 77 64
22 78 40
22 79 29
22 80 15
22 81 73
22 82 47
22 83 62
22 84 46
22 85 49
22 86 18
22 87 16
22 88 16
22 89 27
22 90 13
22 91 58
22 92 76
22 93 78
22 94 28
22 95 31
22 96 49
22 97 64
22 98 39
22 99 96
23 24 38
23 25 82
23 26 51
23 27 87
23 28 78
23 29 89
23 30 13
23 31 26
23 32 80
23 33 90
23 34 53
23 35 14
23 36 43
23 37 14
23 38 62
23 39 78
23 40 33
23 41 44
23 42 65
23 43 44
23 44 18
23 45 99
23 46 97
23 47 42
23 48 9
23 49 35
23 50 13
23 51 86
23 52 46
23 53 75
23 54 10
23 55 26
23 56 11
23 57 58
23 58 51
23 59 101
23 60 79
23 61 100
23 62 61
23 63 65
23 64 59
23 65 27
23 66 27
23 67 74
23 68 61
23 69 56
23 70 8
23 71 92
23 72 19
23 73 77
23 74 36
23 75 31
23 76 89
23 77 58
23 78 47
23 79 33
23 80 36
23 81 64
23 82 69
23 83 85
23 84 62
23 85 68
23 86 8
23 87 38
23 88 26
23 89 10
23 90 36
23 91 56
23 92 70
23 93 93
23 94 24
23 95 21
23 96 54
23 97 63
23 98 54
23 99 102
24 25 49
24 26 23
24 27 50
24 28 44
24 29 58
24 30 35
24 31 50
24 32 43
24 33 86
24 34 53
24 35 39
24 36 29
24 37 41
24 38 25
24 39 64
24 40 16
24 41 30
24 42 83
24 43 36
24 44 46
24 45 90
24 46 78
24 47 27
24 48 30
24 49 14
24 50 25
24 51 52
24 52 13
24 53 83
24 54 35
24 55 12
24 56 46
24 57 51
24 58 51
24 59 81
24 60 43
24 61 86
24 62 30
24 63 54
24 64 37
24 65 38
24 66 26
24 67 72
24 68 61
24 69 70
24 70 40
24 71 55
24 72 21
24 73 40
24 74 12
24 75 59
24 76 55
24 77 65
24 78 35
24 79 29
24 80 4
24 81 75
24 82 32
24 83 47
24 84 32
24 85 34
24 86 31
24 87 2
24 88 28
24 89 39
24 90 11
24 91 57
24 92 77
24 93 65
24 94 42
24 95 46
24 96 44
24 97 62
24 98 28
24 99 88
25 26 32
25 27 20
25 28 5
25 29 12
25 30 75
25 31 83
25 32 22
25 33 77
25 34 62
25 35 77
25 36 45
25 37 80
25 38 31
25 39 48
25 40 63
25 41 44
25 42 100
25 43 51
25 44 94
25 45 72
25 46 48
25 47 45
25 48 77
25 49 60
25 50 72
25 51 6
25 52 37
25 53 90
25 54 76
25 55 58
25 56 87
25 57 52
25 58 61
25 59 49
25 60 15
25 61 61
25 62 21
25 63 48
25 64 32
25 65 68
25 66 75
25 67 70
25 68 66
25 69 86
25 70 81
25 71 29
25 72 63
25 73 19
25 74 46
25 75 92
25 76 6
25 77 76
25 78 47
25 79 55
25 80 48
25 81 87
25 82 26
25 83 23
25 84 21
25 85 15
25 86 75
25 87 47
25 88 76
25 89 80
25 90 57
25 91 65
25 92 84
25 93 24
25 94 90
25 95 95
25 96 48
25 97 65
25 98 30
25 99 63
26 27 43
26 28 28
26 29 38
26 30 42
26 31 51
26 32 38
26 33 66
26 34 38
26 35 45
26 36 14
26 37 47
26 38 27
26 39 42
26 40 39
26 41 14
26 42 74
26 43 23
26 44 64
26 45 68
26 46 55
26 47 14
26 48 46
26 49 37
26 50 42
26 51 37
26 52 11
26 53 69
26 54 44
26 55 28
26 56 55
26 57 32
26 58 36
26 59 58
26 60 34
26 61 63
26 62 11
26 63 33
26 64 14
26 65 37
26 66 49
26 67 54
26 68 45
26 69 60
26 70 49
26 71 50
26 72 31
26 73 33
26 74 16
26 75 60
26 76 39
26 77 53
26 78 19
26 79 23
26 80 21
26 81 64
26 82 30
26 83 42
26 84 12
26 85 18
26 86 43
26 87 21
26 88 50
26 89 47
26 90 34
26 91 42
26 92 63
26 93 43
26 94 62
26 95 65
26 96 26
26 97 45
26 98 4
26 99 65
27 28 20
27 29 31
27 30 82
27 31 93
27 32 8
27 33 96
27 34 78
27 35 85
27 36 57
27 37 88
27 38 26
27 39 68
27 40 61
27 41 56
27 42 116
27 43 65
27 44 96
27 45 92
27 46 68
27 47 57
27 48 80
27 49 58
27 50 75
27 51 16
27 52 41
27 53 108
27 54 83
27 55 61
27 56 94
27 57 69
27 58 77
27 59 68
27 60 9
27 61 81
27 62 32
27 63 66
27 64 48
27 65 79
27 66 73
27 67 89
27 68 83
27 69 101
27 70 88
27 71 9
27 72 68
27 73 10
27 74 52
27 75 103
27 76 20
27 77 93
27 78 60
27 79 66
27 80 51
27 81 104
27 82 19
27 83 5
27 84 35
27 85 25
27 86 80
27 87 49
27 88 75
27 89 87
27 90 56
27 91 81
27 92 101
27 93 42
27 94 90
27 95 95
27 96 64
27 97 82
27 98 42
27 99 83
28 29 15
28 30 70
28 31 79
28 32 21
28 33 76
28 34 59
28 35 73
28 36 41
28 37 75
28 38 27
28 39 48
28 40 58
28 41 40
28 42 97
28 43 47
28 44 90
28 45 72
28 46 50
28 47 41
28 48 72
28 49 56
28 50 67
28 51 9
28 52 32
28 53 88
28 54 72
28 55 53
28 56 83
28 57 50
28 58 58
28 59 50
28 60 14
28 61 62
28 62 17
28 63 47
28 64 29
28 65 65
28 66 70
28 67 69
28 68 64
28 69 83
28 70 77
28 71 29
28 72 58
28 73 17
28 74 42
28 75 88
28 76 11
28 77 74
28 78 43
28 79 51
28 80 44
28 81 85
28 82 22
28 83 23
28 84 17
28 85 10
28 86 70
28 87 43
28 88 72
28 89 75
28 90 53
28 91 62
28 92 82
28 93 26
28 94 86
28 95 90
28 96 46
28 97 63
28 98 26
28 99 64
29 30 80
29 31 86
29 32 34
29 33 70
29 34 61
29 35 82
29 36 48
29 37 85
29 38 43
29 39 42
29 40 73
29 41 47
29 42 99
29 43 53
29 44 102
29 45 63
29 46 38
29 47 49
29 48 84
29 49 70
29 50 79
29 51 14
29 52 45
29 53 86
29 54 82
29 55 65
29 56 93
29 57 50
29 58 61
29 59 38
29 60 27
29 61 51
29 62 28
29 63 45
29 64 33
29 65 72
29 66 84
29 67 65
29 68 63
29 69 84
29 70 87
29 71 39
29 72 70
29 73 31
29 74 53
29 75 95
29 76 11
29 77 75
29 78 48
29 79 59
29 80 57
29 81 85
29 82 38
29 83 34
29 84 27
29 85 24
29 86 81
29 87 56
29 88 86
29 89 85
29 90 67
29 91 63
29 92 80
29 93 12
29 94 99
29 95 103
29 96 48
29 97 62
29 98 34
29 99 53
30 31 16
30 32 76
30 33 77
30 34 41
30 35 3
30 36 33
30 37 6
30 38 59
30 39 66
30 40 37
30 41 34
30 42 55
30 43 32
30 44 31
30 45 86
30 46 86
30 47 32
30 48 17
30 49 38
30 50 18
30 51 79
30 52 41
30 53 63
30 54 3
30 55 24
30 56 13
30 57 46
30 58 38
30 59 89
30 60 74
30 61 88
30 62 54
30 63 53
30 64 49
30 65 14
30 66 34
30 67 61
30 68 48
30 69 45
30 70 7
30 71 88
30 72 15
30 73 72
30 74 30
30 75 25
30 76 81
30 77 45
30 78 35
30 79 22
30 80 32
30 81 53
30 82 65
30 83 80
30 84 54
30 85 60
30 86 9
30 87 35
30 88 34
30 89 5
30 90 37
30 91 43
30 92 58
30 93 83
30 94 35
30 95 34
30 96 42
30 97 50
30 98 46
30 99 90
31 32 87
31 33 69
31 34 35
31 35 13
31 36 38
31 37 12
31 38 72
31 39 64
31 40 53
31 41 39
31 42 39
31 43 34
31 44 42
31 45 80
31 46 84
31 47 38
31 48 32
31 49 54
31 50 34
31 51 88
31 52 53
31 53 50
31 54 18
31 55 39
31 56 18
31 57 43
31 58 33
31 59 88
31 60 85
31 61 84
31 62 62
31 63 51
31 64 53
31 65 14
31 66 50
31 67 53
31 68 40
31 69 31
31 70 18
31 71 100
31 72 30
31 73 83
31 74 42
31 75 9
31 76 89
31 77 34
31 78 38
31 79 28
31 80 46
31 81 39
31 82 77
31 83 92
31 84 62
31 85 69
31 86 25
31 87 49
31 88 50
31 89 16
31 90 53
31 91 36
31 92 46
31 93 87
31 94 49
31 95 46
31 96 41
31 97 43
31 98 53
31 99 86
32 33 96
32 34 75
32 35 79
32 36 52
32 37 81
32 38 18
32 39 68
32 40 53
32 41 52
32 42 112
32 43 60
32 44 88
32 45 93
32 46 71
32 47 52
32 48 73
32 49 50
32 50 68
32 51 20
32 52 35
32 53 105
32 54 76
32 55 54
32 56 88
32 57 67
32 58 73
32 59 71
32 60 8
32 61 83
32 62 29
32 63 65
32 64 45
32 65 74
32 66 66
32 67 87
32 68 81
32 69 97
32 70 81
32 71 13
32 72 62
32 73 5
32 74 46
32 75 97
32 76 24
32 77 90
32 78 57
32 79 60
32 80 44
32 81 101
32 82 11
32 83 5
32 84 32
32 85 23
32 86 73
32 87 42
32 88 67
32 89 80
32 90 48
32 91 78
32 92 99
32 93 46
32 94 82
32 95 88
32 96 61
32 97 80
32 98 38
32 99 85
33 34 37
33 35 76
33 36 58
33 37 77
33 38 92
33 39 28
33 40 99
33 41 57
33 42 49
33 43 51
33 44 108
33 45 15
33 46 38
33 47 59
33 48 92
33 49 98
33 50 90
33 51 82
33 52 77
33 53 29
33 54 80
33 55 83
33 56 85
33 57 36
33 58 39
33 59 41
33 60 89
33 61 27
33 62 69
33 63 33
33 64 53
33 65 63
33 66 105
33 67 16
33 68 29
33 69 42
33 70 82
33 71 105
33 72 79
33 73 91
33 74 75
33 75 71
33 76 80
33 77 35
33 78 51
33 79 62
33 80 82
33 81 36
33 82 92
33 83 98
33 84 66
33 85 74
33 86 84
33 87 84
33 88 106
33 89 80
33 90 96
33 91 34
33 92 27
33 93 61
33 94 112
33 95 111
33 96 42
33 97 27
33 98 63
33 99 27
34 35 40
34 36 26
34 37 41
34 38 65
34 39 30
34 40 65
34 41 25
34 42 38
34 43 17
34 44 72
34 45 46
34 46 50
34 47 27
34 48 55
34 49 64
34 50 54
34 51 68
34 52 47
34 53 31
34 54 44
34 55 48
34 56 50
34 57 11
34 58 3
34 59 54
34 60 70
34 61 49
34 62 46
34 63 18
34 64 31
34 65 26
34 66 69
34 67 21
34 68 8
34 69 24
34 70 47
34 71 87
34 72 43
34 73 70
34 74 42
34 75 40
34 76 67
34 77 15
34 78 19
34 79 26
34 80 49
34 81 26
34 82 68
34 83 79
34 84 44
34 85 53
34 86 48
34 87 51
34 88 69
34 89 44
34 90 62
34 91 4
34 92 25
34 93 58
34 94 75
34 95 74
34 96 14
34 97 10
34 98 37
34 99 51
35 36 34
35 37 3
35 38 62
35 39 67
35 40 40
35 41 35
35 42 52
35 43 33
35 44 32
35 45 86
35 46 86
35 47 33
35 48 19
35 49 41
35 50 21
35 51 82
35 52 44
35 53 61
35 54 5
35 55 27
35 56 11
35 57 46
35 58 38
35 59 90
35 60 77
35 61 88
35 62 56
35 63 53
35 64 50
35 65 14
35 66 37
35 67 60
35 68 47
35 69 43
35 70 6
35 71 91
35 72 18
35 73 75
35 74 33
35 75 21
35 76 84
35 77 44
35 78 36
35 79 23
35 80 36
35 81 51
35 82 68
35 83 83
35 84 56
35 85 63
35 86 11
35 87 38
35 88 37
35 89 4
35 90 41
35 91 43
35 92 56
35 93 85
35 94 37
35 95 35
35 96 42
35 97 49
35 98 48
35 99 90
36 37 37
36 38 40
36 39 38
36 40 42
36 41 1
36 42 60
36 43 9
36 44 59
36 45 62
36 46 55
36 47 2
36 48 41
36 49 41
36 50 37
36 51 50
36 52 22
36 53 57
36 54 35
36 55 27
36 56 45
36 57 22
36 58 23
36 59 58
36 60 48
36 61 60
36 62 25
36 63 26
36 64 16
36 65 24
36 66 49
36 67 44
36 68 33
36 69 46
36 70 39
36 71 65
36 72 26
36 73 47
36 74 17
36 75 47
36 76 51
36 77 39
36 78 7
36 79 11
36 80 25
36 81 50
36 82 44
36 83 56
36 84 23
36 85 32
36 86 36
36 87 26
36 88 50
36 89 38
36 90 38
36 91 30
36 92 50
36 93 50
36 94 60
36 95 61
36 96 16
36 97 34
36 98 15
36 99 62
37 38 65
37 39 68
37 40 42
37 41 38
37 42 51
37 43 35
37 44 31
37 45 87
37 46 88
37 47 36
37 48 20
37 49 43
37 50 22
37 51 84
37 52 46
37 53 61
37 54 7
37 55 29
37 56 9
37 57 48
37 58 39
37 59 92
37 60 79
37 61 90
37 62 59
37 63 55
37 64 53
37 65 15
37 66 38
37 67 61
37 68 48
37 69 42
37 70 6
37 71 94
37 72 20
37 73 77
37 74 36
37 75 19
37 76 86
37 77 44
37 78 38
37 79 26
37 80 38
37 81 51
37 82 71
37 83 86
37 84 59
37 85 65
37 86 13
37 87 41
37 88 38
37 89 4
37 90 43
37 91 44
37 92 56
37 93 87
37 94 37
37 95 35
37 96 44
37 97 50
37 98 50
37 99 92
38 39 66
38 40 35
38 41 41
38 42 100
38 43 49
38 44 70
38 45 92
38 46 74
38 47 40
38 48 55
38 49 32
38 50 50
38 51 32
38 52 20
38 53 97
38 54 59
38 55 36
38 56 70
38 57 59
38 58 63
38 59 75
38 60 20
38 61 84
38 62 23
38 63 59
38 64 39
38 65 59
38 66 47
38 67 81
38 68 72
38 69 86
38 70 64
38 71 30
38 72 45
38 73 16
38 74 30
38 75 81
38 76 36
38 77 79
38 78 46
38 79 46
38 80 27
38 81 90
38 82 7
38 83 23
38 84 27
38 85 21
38 86 56
38 87 25
38 88 49
38 89 63
38 90 30
38 91 69
38 92 90
38 93 53
38 94 64
38 95 69
38 96 53
38 97 72
38 98 29
38 99 87
39 40 79
39 41 37
39 42 62
39 43 35
39 44 96
39 45 26
39 46 21
39 47 39
39 48 78
39 49 78
39 50 75
39 51 53
39 52 54
39 53 46
39 54 69
39 55 65
39 56 77
39 57 21
39 58 31
39 59 25
39 60 61
39 61 22
39 62 43
39 63 13
39 64 28
39 65 53
39 66 87
39 67 25
39 68 28
39 69 49
39 70 73
39 71 77
39 72 63
39 73 63
39 74 54
39 75 70
39 76 51
39 77 39
39 78 33
39 79 46
39 80 61
39 81 47
39 82 65
39 83 70
39 84 39
39 85 46
39 86 71
39 87 62
39 88 88
39 89 70
39 90 75
39 91 30
39 92 41
39 93 35
39 94 97
39 95 98
39 96 24
39 97 25
39 98 38
39 99 24
40 41 43
40 42 90
40 43 49
40 44 36
40 45 104
40 46 94
40 47 41
40 48 25
40 49 3
40 50 20
40 51 66
40 52 28
40 53 93
40 54 35
40 55 17
40 56 44
40 57 64
40 58 62
40 59 97
40 60 55
40 61 101
40 62 45
40 63 68
40 64 53
40 65 45
40 66 12
40 67 85
40 68 73
40 69 78
40 70 38
40 71 64
40 72 24
40 73 51
40 74 25
40 75 61
40 76 69
40 77 75
40 78 48
40 79 39
40 80 18
40 81 85
40 82 42
40 83 58
40 84 48
40 85 49
40 86 29
40 87 18
40 88 14
40 89 39
40 90 5
40 91 68
40 92 87
40 93 81
40 94 29
40 95 35
40 96 58
40 97 74
40 98 43
40 99 103
41 42 60
41 43 9
41 44 61
41 45 61
41 46 54
41 47 3
41 48 42
41 49 42
41 50 39
41 51 49
41 52 22
41 53 56
41 54 36
41 55 28
41 56 46
41 57 21
41 58 23
41 59 57
41 60 48
41 61 59
41 62 24
41 63 25
41 64 15
41 65 25
41 66 50
41 67 43
41 68 32
41 69 46
41 70 40
41 71 64
41 72 27
41 73 47
41 74 18
41 75 48
41 76 50
41 77 39
41 78 6
41 79 12
41 80 26
41 81 50
41 82 44
41 83 56
41 84 23
41 85 31
41 86 37
41 87 27
41 88 51
41 89 39
41 90 39
41 91 29
41 92 50
41 93 49
41 94 61
41 95 62
41 96 15
41 97 33
41 98 15
41 99 61
42 43 52
42 44 81
42 45 64
42 46 81
42 47 61
42 48 71
42 49 90
42 50 72
42 51 106
42 52 81
42 53 21
42 54 57
42 55 74
42 56 56
42 57 48
42 58 39
42 59 85
42 60 107
42 61 74
42 62 83
42 63 54
42 64 69
42 65 45
42 66 89
42 67 39
42 68 35
42 69 15
42 70 57
42 71 124
42 72 66
42 73 107
42 74 73
42 75 35
42 76 105
42 77 24
42 78 55
42 79 55
42 80 79
42 81 15
42 82 104
42 83 116
42 84 81
42 85 90
42 86 63
42 87 81
42 88 89
42 89 55
42 90 89
42 91 35
42 92 23
42 93 95
42 94 88
42 95 84
42 96 52
42 97 37
42 98 74
42 99 75
43 44 61
43 45 57
43 46 54
43 47 10
43 48 44
43 49 48
43 50 41
43 51 56
43 52 30
43 53 48
43 54 35
43 55 33
43 56 44
43 57 16
43 58 15
43 59 57
43 60 56
43 61 57
43 62 32
43 63 21
43 64 20
43 65 20
43 66 54
43 67 36
43 68 25
43 69 37
43 70 39
43 71 73
43 72 29
43 73 55
43 74 25
43 75 42
43 76 57
43 77 30
43 78 4
43 79 12
43 80 32
43 81 41
43 82 52
43 83 64
43 84 30
43 85 39
43 86 37
43 87 34
43 88 55
43 89 37
43 90 46
43 91 21
43 92 41
43 93 53
43 94 63
43 95 63
43 96 10
43 97 25
43 98 23
43 99 59
44 45 117
44 46 114
44 47 58
44 48 18
44 49 38
44 50 23
44 51 98
44 52 58
44 53 92
44 54 28
44 55 37
44 56 25
44 57 76
44 58 69
44 59 118
44 60 89
44 61 118
44 62 74
44 63 83
44 64 75
44 65 45
44 66 24
44 67 92
44 68 79
44 69 73
44 70 26
44 71 100
44 72 34
44 73 86
44 74 49
44 75 46
44 76 101
44 77 76
44 78 64
44 79 50
44 80 46
44 81 82
44 82 77
44 83 93
44 84 76
44 85 80
44 86 24
44 87 47
44 88 23
44 89 28
44 90 40
44 91 74
44 92 88
44 93 108
44 94 10
44 95 4
44 96 71
44 97 81
44 98 68
44 99 120
45 46 27
45 47 64
45 48 100
45 49 103
45 50 98
45 51 76
45 52 79
45 53 44
45 54 89
45 55 89
45 56 96
45 57 41
45 58 48
45 59 29
45 60 85
45 61 14
45 62 69
45 63 36
45 64 54
45 65 72
45 66 111
45 67 28
45 68 39
45 69 56
45 70 92
45 71 101
45 72 86
45 73 88
45 74 79
45 75 84
45 76 73
45 77 47
45 78 56
45 79 68
45 80 86
45 81 50
45 82 90
45 83 94
45 84 65
45 85 72
45 86 93
45 87 88
45 88 112
45 89 90
45 90 100
45 91 44
45 92 42
45 93 53
45 94 120
45 95 119
45 96 47
45 97 37
45 98 64
45 99 13
46 47 57
46 48 96
46 49 92
46 50 93
46 51 52
46 52 66
46 53 63
46 54 88
46 55 81
46 56 97
46 57 41
46 58 52
46 59 4
46 60 63
46 61 14
46 62 51
46 63 34
46 64 41
46 65 73
46 66 103
46 67 42
46 68 48
46 69 69
46 70 92
46 71 77
46 72 81
46 73 66
46 74 69
46 75 91
46 76 49
46 77 59
46 78 51
46 79 65
46 80 76
46 81 66
46 82 71
46 83 71
46 84 48
46 85 52
46 86 90
46 87 76
46 88 104
46 89 90
46 90 89
46 91 50
46 92 58
46 93 27
46 94 115
46 95 116
46 96 44
46 97 45
46 98 51
46 99 15
47 48 40
47 49 39
47 50 36
47 51 50
47 52 21
47 53 58
47 54 34
47 55 25
47 56 44
47 57 23
47 58 24
47 59 60
47 60 48
47 61 62
47 62 25
47 63 27
47 64 17
47 65 24
47 66 47
47 67 45
47 68 34
47 69 46
47 70 38
47 71 64
47 72 24
47 73 47
47 74 16
47 75 47
47 76 51
47 77 40
47 78 8
47 79 10
47 80 23
47 81 51
47 82 43
47 83 56
47 84 24
47 85 32
47 86 34
47 87 25
47 88 49
47 89 37
47 90 37
47 91 31
47 92 51
47 93 51
47 94 58
47 95 60
47 96 17
47 97 35
47 98 15
47 99 64
48 49 27
48 50 5
48 51 81
48 52 40
48 53 79
48 54 14
48 55 19
48 56 19
48 57 59
48 58 53
48 59 100
48 60 73
48 61 100
48 62 56
48 63 65
48 64 56
48 65 30
48 66 19
48 67 76
48 68 63
48 69 61
48 70 15
48 71 85
48 72 15
48 73 70
48 74 31
48 75 39
48 76 83
48 77 62
48 78 46
48 79 32
48 80 29
48 81 69
48 82 62
48 83 78
48 84 58
48 85 62
48 86 8
48 87 31
48 88 18
48 89 16
48 90 28
48 91 58
48 92 74
48 93 89
48 94 20
48 95 20
48 96 54
48 97 65
48 98 50
48 99 102
49 50 22
49 51 63
49 52 26
49 53 93
49 54 36
49 55 16
49 56 45
49 57 63
49 58 61
49 59 95
49 60 52
49 61 99
49 62 43
49 63 67
49 64 51
49 65 45
49 66 15
49 67 84
49 68 72
49 69 78
49 70 40
49 71 61
49 72 24
49 73 49
49 74 24
49 75 62
49 76 66
49 77 75
49 78 47
49 79 38
49 80 17
49 81 84
49 82 40
49 83 55
49 84 46
49 85 47
49 86 31
49 87 16
49 88 17
49 89 40
49 90 3
49 91 68
49 92 87
49 93 78
49 94 32
49 95 37
49 96 56
49 97 73
49 98 41
49 99 102
50 51 76
50 52 35
50 53 79
50 54 16
50 55 14
50 56 23
50 57 56
50 58 51
50 59 96
50 60 68
50 61 97
50 62 52
50 63 62
50 64 52
50 65 29
50 66 17
50 67 74
50 68 62
50 69 62
50 70 18
50 71 80
50 72 12
50 73 65
50 74 26
50 75 41
50 76 78
50 77 61
50 78 42
50 79 29
50 80 24
50 81 69
50 82 57
50 83 72
50 84 53
50 85 57
50 86 10
50 87 26
50 88 17
50 89 19
50 90 23
50 91 57
50 92 74
50 93 85
50 94 22
50 95 24
50 96 51
50 97 63
50 98 46
50 99 99
51 52 40
51 53 96
51 54 81
51 55 61
51 56 92
51 57 58
51 58 67
51 59 52
51 60 14
51 61 65
51 62 26
51 63 54
51 64 37
51 65 74
51 66 78
51 67 76
51 68 72
51 69 91
51 70 85
51 71 25
51 72 67
51 73 18
51 74 50
51 75 97
51 76 4
51 77 82
51 78 52
51 79 60
51 80 52
51 81 93
51 82 26
51 83 20
51 84 26
51 85 19
51 86 79
51 87 51
51 88 79
51 89 84
51 90 60
51 91 71
51 92 89
51 93 26
51 94 94
51 95 98
51 96 54
51 97 70
51 98 35
51 99 67
52 53 78
52 54 42
52 55 21
52 56 53
52 57 42
52 58 45
52 59 69
52 60 33
52 61 74
52 62 17
52 63 44
52 64 26
52 65 39
52 66 39
52 67 64
52 68 54
52 69 67
52 70 46
52 71 48
52 72 27
52 73 31
52 74 11
52 75 62
52 76 43
52 77 61
52 78 28
52 79 27
52 80 12
52 81 71
52 82 25
52 83 39
52 84 20
52 85 22
52 86 39
52 87 11
52 88 41
52 89 45
52 90 23
52 91 51
52 92 72
52 93 52
52 94 54
52 95 58
52 96 36
52 97 55
52 98 16
52 99 77
53 54 66
53 55 77
53 56 67
53 57 39
53 58 33
53 59 67
53 60 99
53 61 55
53 62 77
53 63 42
53 64 60
53 65 50
53 66 95
53 67 21
53 68 25
53 69 19
53 70 67
53 71 117
53 72 70
53 73 100
53 74 72
53 75 49
53 76 95
53 77 18
53 78 51
53 79 55
53 80 79
53 81 11
53 82 99
53 83 109
53 84 74
53 85 83
53 86 71
53 87 82
53 88 96
53 89 65
53 90 91
53 91 27
53 92 7
53 93 80
53 94 98
53 95 95
53 96 44
53 97 25
53 98 68
53 99 55
54 55 23
54 56 11
54 57 49
54 58 41
54 59 92
54 60 75
54 61 91
54 62 55
54 63 56
54 64 51
54 65 17
54 66 32
54 67 64
54 68 51
54 69 48
54 70 5
54 71 89
54 72 15
54 73 72
54 74 31
54 75 26
54 76 83
54 77 48
54 78 38
54 79 24
54 80 32
54 81 56
54 82 65
54 83 81
54 84 55
54 85 62
54 86 6
54 87 35
54 88 32
54 89 4
54 90 36
54 91 46
54 92 61
54 93 85
54 94 32
54 95 31
54 96 44
54 97 53
54 98 47
54 99 93
55 56 34
55 57 48
55 58 45
55 59 84
55 60 54
55 61 87
55 62 37
55 63 53
55 64 40
55 65 29
55 66 22
55 67 68
55 68 56
55 69 61
55 70 28
55 71 66
55 72 9
55 73 51
55 74 12
55 75 48
55 76 64
55 77 58
55 78 33
55 79 22
55 80 10
55 81 68
55 82 43
55 83 59
55 84 39
55 85 43
55 86 19
55 87 12
55 88 23
55 89 27
55 90 15
55 91 52
55 92 71
55 93 71
55 94 34
55 95 37
55 96 42
55 97 57
55 98 32
55 99 89
56 57 57
56 58 48
56 59 101
56 60 86
56 61 99
56 62 66
56 63 64
56 64 61
56 65 24
56 66 38
56 67 69
56 68 56
56 69 48
56 70 7
56 71 100
56 72 26
56 73 84
56 74 42
56 75 21
56 76 94
56 77 52
56 78 47
56 79 34
56 80 44
56 81 57
56 82 77
56 83 92
56 84 67
56 85 73
56 86 15
56 87 46
56 88 37
56 89 8
56 90 46
56 91 52
56 92 63
56 93 96
56 94 33
56 95 29
56 96 53
56 97 59
56 98 58
56 99 100
57 58 12
57 59 45
57 60 61
57 61 42
57 62 38
57 63 7
57 64 21
57 65 32
57 66 70
57 67 22
57 68 14
57 69 34
57 70 52
57 71 78
57 72 45
57 73 61
57 74 39
57 75 50
57 76 57
57 77 25
57 78 15
57 79 27
57 80 47
57 81 35
57 82 60
57 83 70
57 84 35
57 85 44
57 86 52
57 87 48
57 88 71
57 89 50
57 90 60
57 91 13
57 92 32
57 93 47
57 94 78
57 95 78
57 96 6
57 97 13
57 98 30
57 99 44
58 59 56
58 60 68
58 61 51
58 62 45
58 63 19
58 64 30
58 65 24
58 66 66
58 67 24
58 68 11
58 69 24
58 70 44
58 71 85
58 72 40
58 73 68
58 74 39
58 75 39
58 76 67
58 77 16
58 78 17
58 79 23
58 80 46
58 81 27
58 82 66
58 83 77
58 84 42
58 85 51
58 86 45
58 87 49
58 88 67
58 89 42
58 90 59
58 91 7
58 92 27
58 93 58
58 94 72
58 95 72
58 96 13
58 97 12
58 98 36
58 99 53
59 60 64
59 61 15
59 62 53
59 63 37
59 64 44
59 65 77
59 66 106
59 67 46
59 68 52
59 69 73
59 70 96
59 71 77
59 72 84
59 73 67
59 74 72
59 75 94
59 76 49
59 77 63
59 78 54
59 79 68
59 80 78
59 81 70
59 82 72
59 83 72
59 84 50
59 85 54
59 86 94
59 87 79
59 88 107
59 89 94
59 90 92
59 91 54
59 92 62
59 93 26
59 94 118
59 95 119
59 96 48
59 97 49
59 98 53
59 99 17
60 61 75
60 62 24
60 63 58
60 64 39
60 65 70
60 66 67
60 67 81
60 68 75
60 69 92
60 70 80
60 71 17
60 72 60
60 73 4
60 74 44
60 75 94
60 76 18
60 77 84
60 78 52
60 79 57
60 80 44
60 81 95
60 82 13
60 83 9
60 84 26
60 85 17
60 86 72
60 87 42
60 88 69
60 89 78
60 90 50
60 91 73
60 92 93
60 93 39
60 94 84
60 95 89
60 96 56
60 97 74
60 98 33
60 99 78
61 62 61
61 63 35
61 64 49
61 65 74
61 66 109
61 67 36
61 68 45
61 69 64
61 70 94
61 71 90
61 72 86
61 73 78
61 74 76
61 75 89
61 76 62
61 77 55
61 78 55
61 79 68
61 80 83
61 81 60
61 82 82
61 83 84
61 84 58
61 85 63
61 86 94
61 87 84
61 88 110
61 89 92
61 90 97
61 91 48
61 92 52
61 93 40
61 94 119
61 95 120
61 96 47
61 97 42
61 98 59
61 99 2
62 63 37
62 64 17
62 65 48
62 66 57
62 67 59
62 68 52
62 69 69
62 70 60
62 71 41
62 72 42
62 73 24
62 74 25
62 75 72
62 76 28
62 77 61
62 78 28
62 79 35
62 80 29
62 81 72
62 82 23
62 83 32
62 84 4
62 85 7
62 86 54
62 87 28
62 88 58
62 89 58
62 90 40
62 91 50
62 92 70
62 93 35
62 94 71
62 95 75
62 96 33
62 97 51
62 98 9
62 99 64
63 64 20
63 65 40
63 66 75
63 67 22
63 68 19
63 69 40
63 70 59
63 71 75
63 72 50
63 73 60
63 74 43
63 75 57
63 76 53
63 77 30
63 78 20
63 79 33
63 80 50
63 81 40
63 82 60
63 83 68
63 84 34
63 85 42
63 86 58
63 87 52
63 88 76
63 89 57
63 90 64
63 91 19
63 92 35
63 93 41
63 94 84
63 95 85
63 96 11
63 97 17
63 98 30
63 99 37
64 65 39
64 66 62
64 67 42
64 68 36
64 69 54
64 70 56
64 71 56
64 72 41
64 73 40
64 74 28
64 75 62
64 76 37
64 77 45
64 78 16
64 79 27
64 80 34
64 81 56
64 82 39
64 83 48
64 84 14
64 85 22
64 86 51
64 87 35
64 88 63
64 89 54
64 90 48
64 91 34
64 92 54
64 93 34
64 94 74
64 95 76
64 96 17
64 97 35
64 98 11
64 99 51
65 66 46
65 67 47
65 68 34
65 69 33
65 70 20
65 71 86
65 72 21
65 73 69
65 74 29
65 75 24
65 76 75
65 77 32
65 78 24
65 79 13
65 80 35
65 81 40
65 82 64
65 83 78
65 84 47
65 85 55
65 86 22
65 87 37
65 88 46
65 89 18
65 90 44
65 91 29
65 92 44
65 93 73
65 94 49
65 95 48
65 96 29
65 97 36
65 98 39
65 99 76
66 67 89
66 68 77
66 69 78
66 70 34
66 71 76
66 72 26
66 73 64
66 74 34
66 75 57
66 76 81
66 77 77
66 78 55
66 79 43
66 80 28
66 81 86
66 82 55
66 83 70
66 84 59
66 85 61
66 86 26
66 87 28
66 88 2
66 89 35
66 90 18
66 91 72
66 92 90
66 93 91
66 94 17
66 95 23
66 96 64
66 97 78
66 98 53
66 99 111
67 68 13
67 69 29
67 70 66
67 71 98
67 72 64
67 73 82
67 74 61
67 75 56
67 76 74
67 77 20
67 78 37
67 79 46
67 80 68
67 81 24
67 82 82
67 83 90
67 84 56
67 85 65
67 86 68
67 87 70
67 88 90
67 89 64
67 90 82
67 91 18
67 92 17
67 93 59
67 94 96
67 95 95
67 96 29
67 97 11
67 98 52
67 99 37
68 69 22
68 70 53
68 71 92
68 72 51
68 73 75
68 74 49
68 75 45
68 76 71
68 77 12
68 78 26
68 79 34
68 80 57
68 81 21
68 82 74
68 83 84
68 84 49
68 85 58
68 86 55
68 87 59
68 88 77
68 89 51
68 90 70
68 91 5
68 92 18
68 93 59
68 94 83
68 95 82
68 96 19
68 97 3
68 98 44
68 99 46
69 70 48
69 71 109
69 72 54
69 73 92
69 74 59
69 75 30
69 76 91
69 77 10
69 78 41
69 79 41
69 80 65
69 81 8
69 82 89
69 83 101
69 84 67
69 85 76
69 86 53
69 87 68
69 88 79
69 89 46
69 90 76
69 91 21
69 92 16
69 93 81
69 94 80
69 95 77
69 96 37
69 97 24
69 98 60
69 99 65
70 71 93
70 72 19
70 73 77
70 74 36
70 75 24
70 76 87
70 77 50
70 78 42
70 79 28
70 80 37
70 81 56
70 82 70
70 83 86
70 84 60
70 85 67
70 86 9
70 87 39
70 88 33
70 89 2
70 90 40
70 91 49
70 92 62
70 93 90
70 94 32
70 95 29
70 96 48
70 97 56
70 98 52
70 99 96
71 72 74
71 73 17
71 74 58
71 75 110
71 76 28
71 77 101
71 78 69
71 79 73
71 80 57
71 81 112
71 82 23
71 83 8
71 84 43
71 85 34
71 86 85
71 87 54
71 88 78
71 89 93
71 90 59
71 91 90
71 92 110
71 93 51
71 94 93
71 95 99
71 96 73
71 97 91
71 98 50
71 99 92
72 73 58
72 74 17
72 75 39
72 76 69
72 77 52
72 78 31
72 79 18
72 80 18
72 81 61
72 82 51
72 83 66
72 84 43
72 85 48
72 86 12
72 87 20
72 88 26
72 89 19
72 90 24
72 91 47
72 92 64
72 93 74
72 94 34
72 95 35
72 96 39
72 97 53
72 98 35
72 99 88
73 74 42
73 75 93
73 76 22
73 77 84
73 78 52
73 79 56
73 80 41
73 81 95
73 82 9
73 83 9
73 84 26
73 85 18
73 86 70
73 87 39
73 88 65
73 89 76
73 90 46
73 91 73
73 92 93
73 93 42
73 94 80
73 95 85
73 96 56
73 97 75
73 98 33
73 99 81
74 75 52
74 76 52
74 77 54
74 78 24
74 79 18
74 80 7
74 81 64
74 82 35
74 83 50
74 84 27
74 85 31
74 86 29
74 87 10
74 88 35
74 89 35
74 90 21
74 91 46
74 92 66
74 93 59
74 94 47
74 95 50
74 96 33
74 97 50
74 98 20
74 99 78
75 76 98
75 77 37
75 78 46
75 79 37
75 80 56
75 81 39
75 82 87
75 83 101
75 84 71
75 85 79
75 86 32
75 87 58
75 88 57
75 89 23
75 90 62
75 91 41
75 92 46
75 93 95
75 94 54
75 95 50
75 96 49
75 97 47
75 98 62
75 99 91
76 77 82
76 78 53
76 79 62
76 80 55
76 81 92
76 82 30
76 83 24
76 84 28
76 85 21
76 86 81
76 87 54
76 88 82
76 89 86
76 90 63
76 91 70
76 92 88
76 93 23
76 94 97
76 95 101
76 96 54
76 97 70
76 98 36
76 99 64
77 78 33
77 79 37
77 80 61
77 81 11
77 82 82
77 83 93
77 84 58
77 85 67
77 86 54
77 87 63
77 88 78
77 89 48
77 90 73
77 91 11
77 92 13
77 93 71
77 94 81
77 95 79
77 96 28
77 97 14
77 98 52
77 99 56
78 79 14
78 80 31
78 81 44
78 82 49
78 83 60
78 84 26
78 85 35
78 86 39
78 87 33
78 88 56
78 89 40
78 90 45
78 91 23
78 92 44
78 93 49
78 94 65
78 95 65
78 96 9
78 97 27
78 98 19
78 99 57
79 80 24
79 81 47
79 82 51
79 83 65
79 84 34
79 85 42
79 86 26
79 87 27
79 88 44
79 89 26
79 90 36
79 91 30
79 92 49
79 93 61
79 94 51
79 95 52
79 96 22
79 97 35
79 98 26
79 99 70
80 81 71
80 82 33
80 83 49
80 84 31
80 85 34
80 86 29
80 87 3
80 88 30
80 89 36
80 90 14
80 91 53
80 92 73
80 93 63
80 94 42
80 95 46
80 96 40
80 97 58
80 98 25
80 99 85
81 82 93
81 83 104
81 84 69
81 85 78
81 86 61
81 87 74
81 88 86
81 89 54
81 90 83
81 91 22
81 92 9
81 93 80
81 94 88
81 95 85
81 96 39
81 97 23
81 98 63
81 99 60
82 83 16
82 84 26
82 85 19
82 86 62
82 87 31
82 88 57
82 89 69
82 90 37
82 91 71
82 92 92
82 93 48
82 94 71
82 95 77
82 96 55
82 97 74
82 98 30
82 99 84
83 84 35
83 85 26
83 86 78
83 87 47
83 88 72
83 89 85
83 90 52
83 91 82
83 92 102
83 93 46
83 94 87
83 95 92
83 96 65
83 97 83
83 98 42
83 99 86
84 85 9
84 86 54
84 87 31
84 88 60
84 89 59
84 90 43
84 91 47
84 92 67
84 93 33
84 94 73
84 95 76
84 96 30
84 97 48
84 98 8
84 99 60
85 86 60
85 87 33
85 88 62
85 89 65
85 90 44
85 91 56
85 92 76
85 93 33
85 94 76
85 95 80
85 96 39
85 97 57
85 98 17
85 99 66
86 87 31
86 88 26
86 89 9
86 90 31
86 91 51
86 92 66
86 93 85
86 94 28
86 95 27
86 96 47
86 97 57
86 98 47
86 99 96
87 88 30
87 89 39
87 90 13
87 91 55
87 92 75
87 93 63
87 94 43
87 95 47
87 96 42
87 97 60
87 98 26
87 99 86
88 89 35
88 90 19
88 91 73
88 92 90
88 93 93
88 94 15
88 95 21
88 96 65
88 97 79
88 98 55
88 99 113
89 90 40
89 91 47
89 92 60
89 93 88
89 94 34
89 95 31
89 96 46
89 97 53
89 98 50
89 99 94
90 91 66
90 92 85
90 93 75
90 94 34
90 95 40
90 96 54
90 97 71
90 98 38
90 99 99
91 92 21
91 93 60
91 94 78
91 95 77
91 96 17
91 97 7
91 98 41
91 99 50
92 93 75
92 94 93
92 95 91
92 96 37
92 97 19
92 98 61
92 99 52
93 94 106
93 95 109
93 96 46
93 97 57
93 98 39
93 99 42
94 95 7
94 96 73
94 97 85
94 98 67
94 99 122
95 96 74
95 97 84
95 98 69
95 99 122
96 97 19
96 98 24
96 99 49
97 98 43
97 99 43
98 99 61
0 2 48
0 3 42
0 4 37
0 6 85
0 8 39
0 9 75
0 10 80
0 11 80
0 13 50
0 14 37
0 15 37
0 16 23
0 17 69
0 18 71
0 20 83
0 21 42
0 22 74
0 23 73
0 24 71
0 25 68
0 26 52
0 27 86
0 28 66
0 30 61
0 31 53
0 32 85
0 34 20
0 35 60
0 36 42
0 37 61
0 38 79
0 39 22
0 40 84
0 41 41
0 42 41
0 43 35
0 44 92
0 45 27
0 48 76
0 53 24
0 54 64
0 55 67
0 56 69
0 58 23
0 60 78
0 61 34
0 63 20
0 66 88
0 68 13
0 69 31
0 70 66
0 71 95
0 74 59
0 78 36
0 79 45
0 80 67
0 85 62
0 86 68
0 89 64
0 90 80
0 91 17
0 94 95
0 96 27
0 98 50
0 99 35
1 2 79
1 3 72
1 4 17
1 6 59
1 7 72
1 8 9
1 12 80
1 14 32
1 15 67
1 16 23
1 18 45
1 19 57
1 20 62
1 21 39
1 22 67
1 24 57
1 25 36
1 26 34
1 27 55
1 28 35
1 31 67
1 32 56
1 33 41
1 34 35
1 35 67
1 36 34
1 37 69
1 40 73
1 41 33
1 42 71
1 43 34
1 44 93
1 45 37
1 47 36
1 49 71
1 52 45
1 53 57
1 55 60
1 57 24
1 61 30
1 62 32
1 64 20
1 66 82
1 67 36
1 71 64
1 72 60
1 74 48
1 75 74
1 76 39
1 77 47
1 78 31
1 82 53
1 84 28
1 85 34
1 86 70
1 87 55
1 88 83
1 89 70
1 90 68
1 91 37
1 94 93
1 95 95
1 97 34
1 98 30
1 99 32
2 3 8
2 4 76
2 5 75
2 6 118
2 9 77
2 11 102
2 12 98
2 15 13
2 18 106
2 19 99
2 20 111
2 21 86
2 22 87
2 23 73
2 24 92
2 25 109
2 26 84
2 28 106
2 29 107
2 30 63
2 31 47
2 32 121
2 33 53
2 34 47
2 35 61
2 36 70
2 37 60
2 38 110
2 39 69
2 40 99
2 41 70
2 42 10
2 43 61
2 45 69
2 47 70
2 48 79
2 50 81
2 52 90
2 53 25
2 54 66
2 55 83
2 56 63
2 57 57
2 58 48
2 59 91
2 60 116
2 66 98
2 67 45
2 68 44
2 70 65
2 72 75
2 73 116
2 74 82
2 76 114
2 77 33
2 78 65
2 80 88
2 82 113
2 83 125
2 84 90
2 86 72
2 87 91
2 90 98
2 91 44
2 94 96
2 96 61
2 97 45
2 98 84
2 99 80
3 5 67
3 7 80
3 8 79
3 9 71
3 10 92
3 11 95
3 12 92
3 13 81
3 14 77
3 15 5
3 17 85
3 18 98
3 20 104
3 21 82
3 22 80
3 23 67
3 25 102
3 27 117
3 28 99
3 29 100
3 30 57
3 31 41
3 32 114
3 33 49
3 34 40
3 36 62
3 38 102
3 39 63
3 40 92
3 41 62
3 42 2
3 45 64
3 46 81
3 47 63
3 48 73
3 51 107
3 52 83
3 53 20
3 54 59
3 55 76
3 56 58
3 57 50
3 59 85
3 60 109
3 61 74
3 62 85
3 63 55
3 64 70
3 65 47
3 67 39
3 68 36
3 69 16
3 70 59
3 71 126
3 72 68
3 75 37
3 77 25
3 78 57
3 80 81
3 83 117
3 84 83
3 85 92
3 86 65
3 87 83
3 88 91
3 89 57
3 90 91
3 91 37
3 93 96
3 96 53
3 97 38
3 98 76
3 99 75
4 5 32
4 6 48
4 8 25
4 10 50
4 11 48
4 12 63
4 13 12
4 14 48
4 15 64
4 16 37
4 18 34
4 19 41
4 21 55
4 22 50
4 23 61
4 24 41
4 26 18
4 27 50
4 28 30
4 31 54
4 32 47
4 34 29
4 39 24
4 40 56
4 41 17
4 42 67
4 44 77
4 46 38
4 47 19
4 48 59
4 51 38
4 55 43
4 57 19
4 58 29
4 60 41
4 61 45
4 62 19
4 63 17
4 65 40
4 66 65
4 67 40
4 68 34
4 69 53
4 71 58
4 73 42
4 75 62
4 76 38
4 78 16
4 79 29
4 80 38
4 81 54
4 82 42
4 86 54
4 87 39
4 88 66
4 90 51
4 91 32
4 92 52
4 93 33
4 97 33
4 98 14
5 6 46
5 7 24
5 8 57
5 10 26
5 11 27
5 12 32
5 14 79
5 16 66
5 17 18
5 18 38
5 19 24
5 20 37
5 21 86
5 22 19
5 23 31
5 24 18
5 26 20
5 27 60
5 30 23
5 33 72
5 34 37
5 35 25
5 36 15
5 37 28
5 38 38
5 39 53
5 41 16
5 42 65
5 43 21
5 46 70
5 47 14
5 48 27
5 50 23
5 51 57
5 52 18
5 53 66
5 54 24
5 55 12
5 56 35
5 57 36
5 59 73
5 60 51
5 61 75
5 63 41
5 64 30
5 65 21
5 66 34
5 69 52
5 70 29
5 72 12
5 73 49
5 74 8
5 77 48
5 78 21
5 79 11
5 81 58
5 82 43
5 83 58
5 84 32
5 85 38
5 86 23
5 87 16
5 88 35
5 89 27
5 91 40
5 92 60
5 94 45
5 95 46
5 96 30
5 97 46
5 98 24
6 7 53
6 8 62
6 9 67
6 10 34
6 11 28
6 12 51
6 13 37
6 14 90
6 16 82
6 17 30
6 18 14
6 19 26
6 20 14
6 21 96
6 22 48
6 24 33
6 30 68
6 31 81
6 32 12
6 33 98
6 35 71
6 36 48
6 37 73
6 38 9
6 39 71
6 41 49
6 42 108
6 43 57
6 44 78
6 45 96
6 46 76
6 47 48
6 48 63
6 49 39
6 50 58
6 53 104
6 55 45
6 56 79
6 57 66
6 59 77
6 61 88
6 62 28
6 63 65
6 64 45
6 66 54
6 68 79
6 71 22
6 72 53
6 74 38
6 75 90
6 79 55
6 80 35
6 81 98
6 83 16
6 85 25
6 86 64
6 89 72
6 91 77
6 92 97
6 93 54
6 94 71
6 95 77
7 8 80
7 9 14
7 10 20
7 11 26
7 12 11
7 13 56
7 14 102
7 15 76
7 17 25
7 18 51
7 19 28
7 20 40
7 22 6
7 24 21
7 26 41
7 27 71
7 28 65
7 29 78
7 30 24
7 31 40
7 32 64
7 33 94
7 34 57
7 35 27
7 36 39
7 37 28
7 38 45
7 39 77
7 40 14
7 41 40
7 43 43
7 44 25
7 46 94
7 47 37
7 48 11
7 49 16
7 50 6
7 54 22
7 56 30
7 62 50
7 63 64
7 65 34
7 66 11
7 69 67
7 70 24
7 71 75
7 73 61
7 74 25
7 75 48
7 77 66
7 78 44
7 79 32
7 80 21
7 81 74
7 83 68
7 84 51
7 85 55
7 86 16
7 87 22
7 88 12
7 89 25
7 90 17
7 91 61
7 94 22
7 96 53
7 97 67
7 98 45
8 9 85
8 11 70
8 12 87
8 14 28
8 16 23
8 17 61
8 19 64
8 21 34
8 22 75
8 23 86
8 26 41
8 27 56
8 28 36
8 29 27
8 31 75
8 34 43
8 35 75
8 36 43
8 37 77
8 38 59
8 39 17
8 40 80
8 41 41
8 42 78
8 43 43
8 44 102
8 45 36
8 46 15
8 47 44
8 48 84
8 49 78
8 52 52
8 53 63
8 54 77
8 56 86
8 57 33
8 58 44
8 59 17
8 64 28
8 65 63
8 66 89
8 67 41
8 68 43
8 69 65
8 70 81
8 71 65
8 72 68
8 73 53
8 75 82
8 76 37
8 77 55
8 79 53
8 80 62
8 83 58
8 84 33
8 86 78
8 89 79
8 91 44
8 92 57
8 93 18
8 95 103
8 96 34
8 97 41
8 99 28
9 11 40
9 14 104
9 15 67
9 16 90
9 18 63
9 19 41
9 20 54
9 21 111
9 23 5
9 24 34
9 25 80
9 26 49
9 27 84
9 29 87
9 31 30
9 32 76
9 33 92
9 35 17
9 36 42
9 37 17
9 38 58
9 39 79
9 41 44
9 43 44
9 44 17
9 45 100
9 46 97
9 47 41
9 48 4
9 49 30
9 50 9
9 52 43
9 53 78
9 54 12
9 55 23
9 56 16
9 59 101
9 60 76
9 62 59
9 63 66
9 64 58
9 68 63
9 69 60
9 70 12
9 71 88
9 72 17
9 73 73
9 74 34
9 76 86
9 77 60
9 79 33
9 80 32
9 85 65
9 86 7
9 88 21
9 89 14
9 91 58
9 92 73
9 93 91
9 95 19
9 96 54
9 97 65
9 98 52
9 99 103
10 11 6
10 13 46
10 14 98
10 15 87
10 16 87
10 17 12
10 18 34
10 19 11
10 20 21
10 21 105
10 22 15
10 23 39
10 24 9
10 26 32
10 27 53
10 28 50
10 29 65
10 30 39
10 31 55
10 34 62
10 36 38
10 41 39
10 42 90
10 43 45
10 44 44
10 49 6
10 50 25
10 52 21
10 54 38
10 55 16
10 56 48
10 59 90
10 60 46
10 61 95
10 62 38
10 63 63
10 64 47
10 65 45
10 66 21
10 68 70
10 69 77
10 70 42
10 71 56
10 72 25
10 73 43
10 75 64
10 76 60
10 78 44
10 79 37
10 80 13
10 81 83
10 82 34
10 83 49
10 84 41
10 85 41
10 86 33
10 89 42
10 90 3
10 91 66
10 92 86
10 94 37
10 95 43
10 96 53
10 97 71
10 98 37
10 99 98
11 12 23
11 13 42
11 14 96
11 16 85
11 18 29
11 19 7
11 20 15
11 21 103
11 23 44
11 25 50
11 26 30
11 30 44
11 32 39
11 34 63
11 35 47
11 37 49
11 38 21
11 39 72
11 40 14
11 41 39
11 44 49
11 47 36
11 48 36
11 49 11
11 50 31
11 51 52
11 54 43
11 55 20
11 56 53
11 59 87
11 60 41
11 62 34
11 63 62
11 65 48
11 69 79
11 70 47
11 71 50
11 72 29
11 74 21
11 75 68
11 76 55
11 77 75
11 78 44
11 79 39
11 80 14
11 82 28
11 83 43
11 84 37
11 85 36
11 87 12
11 88 28
11 89 47
11 90 9
11 92 87
11 94 43
11 95 49
11 96 53
11 99 96
12 13 61
12 15 87
12 18 52
12 19 28
12 20 38
12 22 14
12 23 29
12 24 24
12 26 46
12 27 70
12 28 67
12 29 81
12 30 35
12 31 51
12 32 62
12 35 38
12 37 39
12 38 44
12 39 85
12 40 9
12 41 49
12 42 89
12 43 53
12 44 27
12 45 110
12 46 101
12 48 20
12 49 12
12 51 75
12 53 95
12 54 33
12 55 21
12 56 39
12 57 68
12 58 65
12 59 104
12 60 64
12 61 107
12 62 54
12 63 73
12 64 60
12 66 3
12 68 76
12 69 78
12 70 35
12 71 73
12 72 25
12 73 61
12 75 59
12 76 78
12 77 77
12 78 53
12 80 26
12 81 86
12 82 52
12 85 58
12 86 27
12 87 25
12 88 5
12 89 36
12 90 15
12 91 72
12 92 89
12 93 89
12 94 20
12 95 26
12 97 77
12 98 51
12 99 110
13 14 55
13 15 75
13 16 46
13 18 23
13 21 61
13 22 50
13 24 37
13 25 21
13 30 56
13 32 35
13 34 41
13 35 58
13 37 61
13 39 34
13 42 79
13 43 30
13 45 60
13 46 43
13 49 51
13 50 57
13 51 27
13 52 24
13 53 70
13 54 58
13 56 69
13 57 32
13 59 45
13 60 29
13 62 9
13 63 30
13 66 63
13 71 46
13 72 46
13 75 71
13 76 27
13 78 25
13 80 35
13 82 31
13 83 38
13 84 6
13 85 13
13 86 57
13 87 35
13 88 65
13 89 61
13 90 48
13 91 44
13 92 64
13 94 77
13 98 11
13 99 55
14 15 73
14 18 77
14 20 94
14 21 7
14 22 97
14 24 89
14 25 63
14 26 66
14 27 83
14 29 53
14 30 91
14 31 87
14 32 85
14 33 29
14 34 52
14 36 63
14 37 93
14 38 87
14 39 26
14 40 104
14 41 62
14 42 77
14 44 121
14 45 15
14 46 15
14 47 65
14 48 103
14 49 102
14 50 100
14 51 67
14 53 57
14 55 90
14 56 102
14 57 45
14 58 55
14 59 16
14 60 77
14 61 3
14 62 64
14 63 39
14 67 38
14 68 48
14 69 67
14 70 98
14 72 89
14 73 80
14 74 79
14 75 92
14 77 58
14 78 58
14 80 86
14 81 62
14 82 84
14 83 86
14 84 60
14 85 66
14 86 97
14 88 113
14 90 100
14 94 123
14 95 123
14 97 45
14 98 62
15 17 80
15 18 93
15 19 86
15 21 78
15 22 76
15 24 80
15 25 96
15 26 71
15 28 94
15 29 95
15 30 53
15 32 108
15 37 50
15 39 58
15 40 87
15 41 57
15 42 4
15 43 48
15 45 61
15 47 57
15 51 102
15 52 78
15 53 18
15 55 71
15 56 55
15 57 45
15 58 35
15 59 81
15 60 103
15 62 80
15 63 50
15 64 65
15 65 42
15 66 87
15 68 31
15 69 11
15 70 55
15 71 120
15 72 63
15 73 103
15 74 70
15 75 34
15 76 102
15 77 20
15 78 52
15 79 52
15 81 11
15 82 100
15 85 87
15 86 61
15 91 31
15 92 19
15 93 91
15 95 83
15 96 48
15 97 33
15 98 71
16 18 69
16 19 79
16 20 84
16 21 21
16 22 85
16 23 90
16 25 58
16 26 55
16 27 78
16 30 77
16 32 79
16 33 21
16 34 38
16 35 77
16 36 51
16 37 79
16 39 13
16 40 92
16 42 64
16 43 46
16 44 107
16 45 14
16 46 17
16 47 52
16 49 91
16 51 63
16 52 66
16 54 80
16 55 77
16 56 88
16 58 40
16 59 21
16 60 72
16 61 11
16 62 55
16 63 25
16 65 63
16 68 34
16 72 76
16 73 74
16 74 67
16 76 60
16 77 44
16 78 45
16 79 58
16 80 74
16 83 81
16 85 58
16 87 75
16 89 81
16 90 88
16 91 37
16 92 42
16 93 40
16 94 109
16 98 51
16 99 13
17 18 26
17 19 6
17 20 20
17 21 93
17 22 19
17 23 41
17 25 45
17 27 47
17 28 40
17 29 54
17 30 37
17 33 84
17 34 52
17 35 41
17 36 27
17 37 43
17 40 19
17 41 28
17 42 83
17 43 35
17 44 50
17 45 87
17 46 75
17 47 26
17 48 34
17 50 28
17 52 9
17 53 83
17 54 38
17 56 49
17 57 49
17 58 50
17 60 39
17 61 83
17 62 26
17 63 52
17 64 35
17 65 39
17 66 30
17 70 42
17 71 52
17 74 11
17 75 61
17 76 51
17 77 65
17 78 34
17 80 5
17 82 28
17 83 44
17 85 30
17 86 34
17 87 3
17 88 32
17 90 14
17 92 76
17 94 46
17 95 50
17 96 42
17 97 60
17 99 86
18 25 21
18 26 22
18 27 21
18 28 17
18 29 32
18 30 61
18 31 72
18 32 16
18 33 84
18 34 60
18 35 64
18 36 37
18 37 66
18 39 57
18 41 37
18 42 97
18 43 45
18 44 76
18 45 82
18 47 36
18 48 60
18 49 40
18 51 23
18 52 20
18 53 91
18 54 62
18 55 40
18 56 73
18 57 52
18 58 58
18 59 65
18 60 13
18 62 15
18 64 31
18 67 74
18 68 66
18 69 82
18 70 66
18 71 28
18 74 31
18 76 26
18 77 75
18 78 41
18 79 45
18 81 86
18 83 20
18 84 18
18 86 59
18 88 57
18 90 37
18 91 64
18 92 84
18 95 76
18 96 47
18 97 66
18 99 76
19 20 14
19 21 96
19 24 8
19 25 44
19 26 24
19 27 43
19 28 39
19 30 43
19 31 57
19 32 35
19 36 32
19 40 19
19 41 33
19 43 41
19 45 92
19 46 78
19 48 38
19 49 16
19 50 32
19 51 46
19 53 89
19 54 43
19 55 20
19 56 54
19 57 54
19 60 36
19 62 27
19 64 38
19 65 45
19 66 31
19 67 76
19 68 65
19 69 76
19 70 47
19 74 17
19 75 67
19 77 70
19 78 39
19 79 35
19 80 11
19 82 24
19 83 40
19 84 30
19 85 30
19 86 39
19 88 33
19 89 47
19 90 14
19 91 62
19 92 82
19 93 62
19 94 47
19 96 47
19 97 66
19 98 28
20 21 100
20 22 35
20 23 58
20 24 21
20 25 40
20 26 31
20 28 36
20 29 51
20 30 57
20 31 71
20 32 25
20 34 68
20 35 60
20 39 72
20 40 29
20 41 43
20 42 102
20 44 64
20 45 98
20 46 81
20 49 26
20 50 45
20 51 41
20 52 21
20 53 100
20 55 33
20 56 67
20 57 63
20 59 83
20 60 28
20 62 30
20 67 85
20 68 76
20 69 88
20 70 61
20 71 36
20 72 42
20 73 24
20 74 29
20 77 82
20 78 49
20 79 47
20 80 25
20 81 93
20 82 15
20 83 29
20 85 29
20 87 22
20 89 60
20 90 24
20 91 72
20 92 93
20 93 61
20 94 57
20 95 63
20 97 76
21 22 104
21 23 110
21 24 96
21 25 68
21 26 73
21 28 69
21 29 57
21 30 98
21 31 94
21 32 90
21 33 33
21 35 98
21 36 70
21 38 93
21 39 32
21 41 69
21 42 82
21 43 67
21 44 128
21 45 18
21 46 20
21 47 72
21 48 110
21 49 109
21 50 107
21 51 72
21 52 84
21 54 101
21 55 97
21 56 109
21 59 20
21 61 10
21 62 70
21 63 46
21 64 58
21 66 119
21 68 54
21 69 73
21 71 96
21 72 96
21 76 68
21 79 78
21 80 93
21 81 67
21 82 90
21 83 91
21 85 72
21 87 94
21 88 120
21 90 106
21 91 58
21 93 46
21 94 130
21 97 51
21 99 8
22 23 24
22 24 15
22 26 35
22 27 65
22 28 59
22 29 72
22 31 41
22 32 58
22 33 90
22 34 54
22 35 28
22 38 40
22 41 35
22 42 78
22 46 88
22 48 16
22 49 13
22 51 67
22 53 82
22 54 24
22 55 7
22 57 55
22 59 91
22 60 58
22 61 94
22 62 44
22 63 60
22 64 47
22 65 33
22 66 15
22 67 75
22 69 66
22 70 27
22 71 70
22 75 49
22 76 70
22 79 29
22 80 15
22 81 73
22 82 47
22 83 62
22 84 46
22 85 49
22 86 18
22 87 16
22 88 16
22 89 27
22 92 76
22 95 31
22 96 49
22 97 64
22 98 39
23 24 38
23 25 82
23 26 51
23 27 87
23 28 78
23 29 89
23 30 13
23 31 26
23 32 80
23 34 53
23 36 43
23 37 14
23 38 62
23 40 33
23 42 65
23 43 44
23 44 18
23 45 99
23 46 97
23 47 42
23 50 13
23 53 75
23 55 26
23 56 11
23 59 101
23 61 100
23 62 61
23 65 27
23 66 27
23 67 74
23 68 61
23 70 8
23 72 19
23 74 36
23 75 31
23 76 89
23 77 58
23 78 47
23 79 33
23 80 36
23 81 64
23 82 69
23 84 62
23 85 68
23 86 8
23 88 26
23 89 10
23 91 56
23 92 70
23 93 93
23 99 102
24 25 49
24 26 23
24 28 44
24 29 58
24 30 35
24 34 53
24 35 39
24 36 29
24 37 41
24 39 64
24 40 16
24 41 30
24 42 83
24 43 36
24 45 90
24 46 78
24 49 14
24 50 25
24 51 52
24 52 13
24 54 35
24 55 12
24 56 46
24 57 51
24 59 81
24 60 43
24 61 86
24 62 30
24 64 37
24 66 26
24 68 61
24 69 70
24 70 40
24 71 55
24 72 21
24 73 40
24 75 59
24 76 55
24 78 35
24 81 75
24 84 32
24 86 31
24 87 2
24 88 28
24 90 11
24 91 57
24 94 42
24 95 46
24 96 44
24 97 62
24 98 28
24 99 88
25 26 32
25 27 20
25 28 5
25 29 12
25 30 75
25 32 22
25 33 77
25 34 62
25 36 45
25 37 80
25 38 31
25 39 48
25 40 63
25 41 44
25 42 100
25 44 94
25 46 48
25 47 45
25 48 77
25 49 60
25 50 72
25 51 6
25 53 90
25 55 58
25 57 52
25 58 61
25 59 49
25 60 15
25 61 61
25 62 21
25 66 75
25 69 86
25 70 81
25 71 29
25 73 19
25 74 46
25 75 92
25 77 76
25 78 47
25 80 48
25 81 87
25 83 23
25 85 15
25 86 75
25 87 47
25 88 76
25 89 80
25 90 57
25 92 84
25 93 24
25 95 95
25 96 48
25 97 65
25 98 30
25 99 63
26 27 43
26 28 28
26 30 42
26 31 51
26 33 66
26 36 14
26 38 27
26 39 42
26 40 39
26 44 64
26 45 68
26 46 55
26 47 14
26 48 46
26 50 42
26 51 37
26 53 69
26 55 28
26 57 32
26 58 36
26 59 58
26 63 33
26 64 14
26 65 37
26 66 49
26 67 54
26 68 45
26 70 49
26 71 50
26 73 33
26 74 16
26 75 60
26 77 53
26 81 64
26 82 30
26 83 42
26 85 18
26 86 43
26 88 50
26 89 47
26 90 34
26 91 42
26 92 63
26 95 65
26 96 26
26 98 4
26 99 65
27 28 20
27 29 31
27 30 82
27 31 93
27 32 8
27 33 96
27 34 78
27 36 57
27 37 88
27 38 26
27 39 68
27 41 56
27 42 116
27 44 96
27 46 68
27 47 57
27 48 80
27 51 16
27 52 41
27 53 108
27 54 83
27 55 61
27 56 94
27 57 69
27 58 77
27 59 68
27 61 81
27 65 79
27 66 73
27 67 89
27 68 83
27 70 88
27 71 9
27 75 103
27 78 60
27 79 66
27 80 51
27 81 104
27 83 5
27 85 25
27 86 80
27 87 49
27 88 75
27 91 81
27 92 101
27 93 42
27 94 90
27 95 95
27 97 82
27 98 42
27 99 83
28 29 15
28 30 70
28 32 21
28 33 76
28 34 59
28 36 41
28 37 75
28 38 27
28 39 48
28 41 40
28 42 97
28 44 90
28 45 72
28 47 41
28 48 72
28 49 56
28 51 9
28 53 88
28 54 72
28 55 53
28 56 83
28 57 50
28 58 58
28 59 50
28 60 14
28 61 62
28 62 17
28 64 29
28 65 65
28 67 69
28 69 83
28 71 29
28 73 17
28 75 88
28 77 74
28 78 43
28 80 44
28 81 85
28 83 23
28 84 17
28 89 75
28 92 82
28 94 86
28 96 46
28 97 63
28 98 26
28 99 64
29 31 86
29 34 61
29 35 82
29 36 48
29 38 43
29 39 42
29 40 73
29 42 99
29 43 53
29 45 63
29 46 38
29 48 84
29 49 70
29 50 79
29 52 45
29 54 82
29 55 65
29 56 93
29 57 50
29 58 61
29 59 38
29 60 27
29 61 51
29 62 28
29 63 45
29 64 33
29 65 72
29 66 84
29 67 65
29 68 63
29 70 87
29 71 39
29 72 70
29 73 31
29 75 95
29 76 11
29 81 85
29 82 38
29 84 27
29 85 24
29 86 81
29 87 56
29 88 86
29 89 85
29 90 67
29 91 63
29 93 12
29 94 99
29 96 48
30 32 76
30 35 3
30 36 33
30 38 59
30 41 34
30 42 55
30 43 32
30 44 31
30 45 86
30 46 86
30 48 17
30 49 38
30 50 18
30 51 79
30 53 63
30 54 3
30 55 24
30 57 46
30 59 89
30 61 88
30 62 54
30 63 53
30 64 49
30 66 34
30 67 61
30 68 48
30 69 45
30 70 7
30 71 88
30 72 15
30 73 72
30 74 30
30 77 45
30 78 35
30 80 32
30 81 53
30 84 54
30 88 34
30 90 37
30 91 43
30 92 58
30 93 83
30 94 35
30 97 50
30 98 46
31 32 87
31 33 69
31 34 35
31 35 13
31 39 64
31 40 53
31 42 39
31 44 42
31 46 84
31 47 38
31 49 54
31 51 88
31 52 53
31 53 50
31 55 39
31 57 43
31 58 33
31 59 88
31 60 85
31 61 84
31 63 51
31 64 53
31 66 50
31 67 53
31 68 40
31 69 31
31 71 100
31 73 83
31 74 42
31 75 9
31 78 38
31 79 28
31 80 46
31 82 77
31 83 92
31 84 62
31 85 69
31 86 25
31 87 49
31 88 50
31 89 16
31 90 53
31 92 46
31 93 87
31 94 49
31 96 41
31 97 43
31 98 53
32 33 96
32 34 75
32 36 52
32 39 68
32 41 52
32 42 112
32 43 60
32 44 88
32 45 93
32 47 52
32 48 73
32 49 50
32 50 68
32 51 20
32 52 35
32 53 105
32 55 54
32 56 88
32 60 8
32 61 83
32 62 29
32 63 65
32 64 45
32 68 81
32 71 13
32 72 62
32 74 46
32 75 97
32 76 24
32 77 90
32 78 57
32 79 60
32 80 44
32 81 101
32 82 11
32 84 32
32 86 73
32 88 67
32 91 78
32 92 99
32 93 46
32 94 82
32 97 80
32 99 85
33 34 37
33 35 76
33 37 77
33 40 99
33 41 57
33 42 49
33 43 51
33 44 108
33 47 59
33 48 92
33 50 90
33 51 82
33 52 77
33 53 29
33 54 80
33 55 83
33 56 85
33 57 36
33 58 39
33 59 41
33 60 89
33 61 27
33 63 33
33 65 63
33 66 105
33 67 16
33 68 29
33 69 42
33 71 105
33 72 79
33 74 75
33 75 71
33 76 80
33 77 35
33 78 51
33 79 62
33 80 82
33 81 36
33 82 92
33 84 66
33 85 74
33 87 84
33 88 106
33 89 80
33 90 96
33 91 34
33 94 112
33 96 42
33 98 63
34 35 40
34 36 26
34 37 41
34 38 65
34 39 30
34 40 65
34 41 25
34 42 38
34 44 72
34 45 46
34 47 27
34 48 55
34 49 64
34 51 68
34 52 47
34 53 31
34 54 44
34 56 50
34 59 54
34 61 49
34 63 18
34 64 31
34 67 21
34 68 8
34 71 87
34 72 43
34 73 70
34 75 40
34 76 67
34 77 15
34 79 26
34 80 49
34 81 26
34 82 68
34 84 44
34 85 53
34 88 69
34 89 44
34 91 4
34 94 75
34 97 10
34 99 51
35 37 3
35 38 62
35 39 67
35 41 35
35 43 33
35 44 32
35 46 86
35 47 33
35 52 44
35 53 61
35 55 27
35 56 11
35 58 38
35 59 90
35 60 77
35 62 56
35 63 53
35 64 50
35 65 14
35 67 60
35 68 47
35 70 6
35 71 91
35 72 18
35 73 75
35 74 33
35 75 21
35 76 84
35 78 36
35 79 23
35 80 36
35 81 51
35 82 68
35 83 83
35 84 56
35 86 11
35 87 38
35 88 37
35 89 4
35 90 41
35 92 56
35 93 85
35 95 35
35 96 42
35 97 49
35 98 48
35 99 90
36 37 37
36 38 40
36 39 38
36 43 9
36 44 59
36 45 62
36 49 41
36 50 37
36 52 22
36 53 57
36 55 27
36 56 45
36 57 22
36 60 48
36 61 60
36 62 25
36 63 26
36 64 16
36 65 24
36 66 49
36 71 65
36 73 47
36 74 17
36 76 51
36 78 7
36 80 25
36 81 50
36 82 44
36 83 56
36 84 23
36 85 32
36 86 36
36 88 50
36 89 38
36 91 30
36 92 50
36 93 50
36 94 60
36 95 61
36 96 16
36 99 62
37 38 65
37 40 42
37 41 38
37 42 51
37 45 87
37 46 88
37 48 20
37 50 22
37 53 61
37 54 7
37 56 9
37 59 92
37 60 79
37 62 59
37 63 55
37 64 53
37 65 15
37 66 38
37 68 48
37 69 42
37 70 6
37 71 94
37 73 77
37 74 36
37 75 19
37 76 86
37 77 44
37 78 38
37 79 26
37 80 38
37 82 71
37 83 86
37 84 59
37 87 41
37 88 38
37 89 4
37 90 43
37 91 44
37 92 56
37 93 87
37 94 37
37 95 35
37 96 44
37 97 50
37 98 50
38 39 66
38 40 35
38 43 49
38 44 70
38 45 92
38 47 40
38 48 55
38 50 50
38 51 32
38 52 20
38 53 97
38 54 59
38 55 36
38 57 59
38 58 63
38 60 20
38 62 23
38 64 39
38 65 59
38 66 47
38 67 81
38 69 86
38 71 30
38 72 45
38 73 16
38 74 30
38 75 81
38 77 79
38 78 46
38 80 27
38 82 7
38 84 27
38 85 21
38 89 63
38 91 69
38 93 53
38 94 64
38 95 69
38 96 53
39 40 79
39 41 37
39 42 62
39 43 35
39 44 96
39 46 21
39 47 39
39 48 78
39 50 75
39 51 53
39 52 54
39 54 69
39 55 65
39 56 77
39 58 31
39 61 22
39 62 43
39 63 13
39 64 28
39 65 53
39 66 87
39 67 25
39 68 28
39 70 73
39 73 63
39 77 39
39 78 33
39 79 46
39 80 61
39 81 47
39 82 65
39 83 70
39 84 39
39 85 46
39 88 88
39 89 70
39 90 75
39 93 35
39 94 97
39 96 24
39 97 25
39 98 38
39 99 24
40 42 90
40 43 49
40 45 104
40 46 94
40 47 41
40 49 3
40 50 20
40 51 66
40 52 28
40 53 93
40 54 35
40 55 17
40 56 44
40 58 62
40 59 97
40 61 101
40 62 45
40 63 68
40 64 53
40 65 45
40 66 12
40 67 85
40 71 64
40 72 24
40 73 51
40 74 25
40 75 61
40 78 48
40 79 39
40 81 85
40 83 58
40 84 48
40 86 29
40 87 18
40 89 39
40 90 5
40 91 68
40 92 87
40 95 35
40 96 58
40 98 43
41 42 60
41 43 9
41 44 61
41 45 61
41 46 54
41 47 3
41 48 42
41 50 39
41 53 56
41 54 36
41 55 28
41 56 46
41 57 21
41 59 57
41 60 48
41 62 24
41 63 25
41 64 15
41 68 32
41 69 46
41 70 40
41 71 64
41 72 27
41 73 47
41 74 18
41 75 48
41 76 50
41 77 39
41 78 6
41 79 12
41 80 26
41 81 50
41 82 44
41 84 23
41 85 31
41 87 27
41 89 39
41 90 39
41 91 29
41 93 49
41 94 61
41 95 62
41 96 15
41 98 15
41 99 61
42 44 81
42 45 64
42 47 61
42 49 90
42 51 106
42 53 21
42 56 56
42 59 85
42 60 107
42 61 74
42 62 83
42 64 69
42 71 124
42 73 107
42 75 35
42 77 24
42 78 55
42 79 55
42 80 79
42 81 15
42 83 116
42 84 81
42 85 90
42 86 63
42 87 81
42 88 89
42 89 55
42 90 89
42 91 35
42 93 95
42 94 88
42 95 84
42 96 52
42 98 74
42 99 75
43 46 54
43 48 44
43 49 48
43 51 56
43 52 30
43 53 48
43 54 35
43 56 44
43 57 16
43 58 15
43 61 57
43 62 32
43 63 21
43 64 20
43 65 20
43 66 54
43 67 36
43 68 25
43 69 37
43 70 39
43 74 25
43 76 57
43 77 30
43 79 12
43 81 41
43 82 52
43 83 64
43 84 30
43 85 39
43 86 37
43 87 34
43 89 37
43 93 53
43 94 63
43 95 63
43 96 10
43 97 25
43 98 23
43 99 59
44 45 117
44 46 114
44 47 58
44 49 38
44 53 92
44 55 37
44 56 25
44 57 76
44 60 89
44 61 118
44 62 74
44 64 75
44 65 45
44 66 24
44 68 79
44 71 100
44 72 34
44 73 86
44 74 49
44 75 46
44 77 76
44 78 64
44 79 50
44 81 82
44 83 93
44 86 24
44 88 23
44 89 28
44 91 74
44 92 88
44 94 10
44 98 68
44 99 120
45 46 27
45 47 64
45 48 100
45 50 98
45 52 79
45 53 44
45 54 89
45 58 48
45 59 29
45 60 85
45 61 14
45 62 69
45 63 36
45 65 72
45 66 111
45 67 28
45 68 39
45 70 92
45 73 88
45 74 79
45 75 84
45 77 47
45 78 56
45 79 68
45 81 50
45 83 94
45 84 65
45 85 72
45 87 88
45 88 112
45 90 100
45 91 44
45 92 42
45 93 53
45 95 119
45 96 47
45 98 64
45 99 13
46 47 57
46 48 96
46 49 92
46 51 52
46 54 88
46 55 81
46 57 41
46 59 4
46 62 51
46 63 34
46 64 41
46 66 103
46 67 42
46 69 69
46 70 92
46 71 77
46 72 81
46 73 66
46 76 49
46 77 59
46 79 65
46 80 76
46 81 66
46 82 71
46 83 71
46 85 52
46 86 90
46 88 104
46 89 90
46 90 89
46 91 50
46 92 58
46 94 115
46 95 116
46 97 45
46 98 51
47 48 40
47 49 39
47 50 36
47 51 50
47 53 58
47 54 34
47 55 25
47 56 44
47 58 24
47 59 60
47 60 48
47 61 62
47 62 25
47 63 27
47 65 24
47 66 47
47 67 45
47 68 34
47 69 46
47 71 64
47 73 47
47 74 16
47 75 47
47 76 51
47 77 40
47 78 8
47 79 10
47 81 51
47 82 43
47 83 56
47 86 34
47 87 25
47 88 49
47 89 37
47 92 51
47 94 58
47 95 60
47 96 17
47 97 35
48 49 27
48 50 5
48 51 81
48 53 79
48 54 14
48 56 19
48 57 59
48 59 100
48 60 73
48 62 56
48 64 56
48 66 19
48 67 76
48 69 61
48 70 15
48 73 70
48 76 83
48 77 62
48 78 46
48 80 29
48 82 62
48 83 78
48 84 58
48 85 62
48 86 8
48 87 31
48 89 16
48 90 28
48 91 58
48 92 74
49 50 22
49 51 63
49 52 26
49 54 36
49 55 16
49 56 45
49 57 63
49 58 61
49 59 95
49 60 52
49 62 43
49 63 67
49 64 51
49 65 45
49 66 15
49 70 40
49 71 61
49 72 24
49 76 66
49 78 47
49 82 40
49 83 55
49 84 46
49 85 47
49 88 17
49 90 3
49 91 68
49 92 87
49 93 78
49 94 32
49 95 37
49 96 56
49 97 73
49 98 41
49 99 102
50 51 76
50 53 79
50 55 14
50 56 23
50 57 56
50 58 51
50 60 68
50 61 97
50 64 52
50 66 17
50 67 74
50 68 62
50 69 62
50 70 18
50 71 80
50 72 12
50 76 78
50 78 42
50 79 29
50 80 24
50 81 69
50 82 57
50 83 72
50 84 53
50 85 57
50 86 10
50 87 26
50 88 17
50 89 19
50 90 23
50 91 57
50 93 85
50 94 22
50 96 51
50 97 63
50 98 46
50 99 99
51 53 96
51 56 92
51 58 67
51 61 65
51 62 26
51 63 54
51 64 37
51 65 74
51 66 78
51 68 72
51 71 25
51 72 67
51 74 50
51 75 97
51 77 82
51 79 60
51 80 52
51 81 93
51 83 20
51 85 19
51 86 79
51 87 51
51 89 84
51 91 71
51 92 89
51 93 26
51 94 94
51 95 98
51 96 54
51 97 70
51 98 35
52 53 78
52 54 42
52 55 21
52 56 53
52 57 42
52 59 69
52 60 33
52 61 74
52 62 17
52 63 44
52 64 26
52 65 39
52 67 64
52 69 67
52 70 46
52 71 48
52 72 27
52 73 31
52 74 11
52 75 62
52 76 43
52 80 12
52 81 71
52 86 39
52 87 11
52 88 41
52 89 45
52 90 23
52 91 51
52 92 72
52 95 58
52 97 55
52 98 16
53 54 66
53 55 77
53 56 67
53 57 39
53 58 33
53 59 67
53 60 99
53 61 55
53 62 77
53 63 42
53 64 60
53 65 50
53 66 95
53 68 25
53 69 19
53 70 67
53 71 117
53 72 70
53 73 100
53 75 49
53 76 95
53 78 51
53 80 79
53 85 83
53 87 82
53 89 65
53 91 27
53 92 7
53 93 80
53 98 68
53 99 55
54 56 11
54 57 49
54 59 92
54 60 75
54 61 91
54 62 55
54 63 56
54 64 51
54 66 32
54 67 64
54 68 51
54 71 89
54 72 15
54 73 72
54 74 31
54 75 26
54 76 83
54 77 48
54 78 38
54 79 24
54 80 32
54 81 56
54 83 81
54 84 55
54 86 6
54 91 46
54 92 61
54 94 32
54 95 31
54 97 53
54 98 47
54 99 93
55 58 45
55 59 84
55 60 54
55 61 87
55 63 53
55 65 29
55 66 22
55 67 68
55 68 56
55 69 61
55 72 9
55 73 51
55 75 48
55 76 64
55 77 58
55 79 22
55 80 10
55 81 68
55 82 43
55 84 39
55 85 43
55 86 19
55 87 12
55 88 23
55 92 71
55 93 71
55 94 34
55 95 37
55 97 57
56 57 57
56 58 48
56 62 66
56 63 64
56 64 61
56 65 24
56 66 38
56 67 69
56 69 48
56 70 7
56 71 100
56 72 26
56 73 84
56 74 42
56 76 94
56 77 52
56 79 34
56 80 44
56 81 57
56 82 77
56 83 92
56 84 67
56 85 73
56 86 15
56 87 46
56 88 37
56 90 46
56 91 52
56 93 96
56 96 53
56 97 59
56 99 100
57 58 12
57 59 45
57 60 61
57 61 42
57 63 7
57 64 21
57 65 32
57 66 70
57 67 22
57 68 14
57 69 34
57 70 52
57 71 78
57 72 45
57 73 61
57 74 39
57 75 50
57 76 57
57 77 25
57 79 27
57 82 60
57 87 48
57 88 71
57 89 50
57 90 60
57 93 47
57 95 78
57 96 6
57 97 13
57 99 44
58 59 56
58 60 68
58 61 51
58 64 30
58 65 24
58 66 66
58 69 24
58 70 44
58 71 85
58 72 40
58 73 68
58 74 39
58 75 39
58 77 16
58 79 23
58 80 46
58 81 27
58 82 66
58 84 42
58 85 51
58 87 49
58 88 67
58 90 59
58 91 7
58 92 27
58 95 72
58 97 12
58 98 36
58 99 53
59 60 64
59 61 15
59 62 53
59 63 37
59 64 44
59 65 77
59 67 46
59 68 52
59 69 73
59 70 96
59 71 77
59 72 84
59 73 67
59 74 72
59 76 49
59 78 54
59 81 70
59 83 72
59 85 54
59 87 79
59 88 107
59 90 92
59 91 54
59 93 26
59 94 118
59 95 119
59 96 48
59 97 49
59 98 53
59 99 17
60 61 75
60 62 24
60 63 58
60 64 39
60 65 70
60 66 67
60 67 81
60 68 75
60 69 92
60 70 80
60 71 17
60 73 4
60 74 44
60 75 94
60 76 18
60 78 52
60 81 95
60 83 9
60 84 26
60 85 17
60 86 72
60 87 42
60 88 69
60 89 78
60 90 50
60 93 39
60 95 89
60 97 74
60 98 33
60 99 78
61 62 61
61 64 49
61 65 74
61 66 109
61 67 36
61 68 45
61 69 64
61 70 94
61 72 86
61 74 76
61 75 89
61 77 55
61 78 55
61 80 83
61 82 82
61 83 84
61 84 58
61 85 63
61 86 94
61 88 110
61 89 92
61 90 97
61 91 48
61 93 40
61 94 119
61 96 47
61 97 42
61 98 59
61 99 2
62 63 37
62 64 17
62 65 48
62 66 57
62 67 59
62 68 52
62 71 41
62 73 24
62 74 25
62 75 72
62 77 61
62 78 28
62 79 35
62 80 29
62 81 72
62 83 32
62 84 4
62 85 7
62 86 54
62 87 28
62 88 58
62 90 40
62 91 50
62 92 70
62 93 35
62 95 75
62 96 33
62 98 9
62 99 64
63 64 20
63 65 40
63 66 75
63 67 22
63 68 19
63 70 59
63 72 50
63 73 60
63 74 43
63 75 57
63 76 53
63 78 20
63 79 33
63 80 50
63 81 40
63 82 60
63 83 68
63 84 34
63 85 42
63 88 76
63 89 57
63 90 64
63 91 19
63 92 35
63 93 41
63 95 85
63 97 17
63 99 37
64 65 39
64 66 62
64 67 42
64 68 36
64 69 54
64 70 56
64 71 56
64 72 41
64 74 28
64 75 62
64 78 16
64 79 27
64 80 34
64 82 39
64 84 14
64 86 51
64 87 35
64 88 63
64 90 48
64 92 54
64 93 34
64 95 76
64 96 17
64 99 51
65 69 33
65 70 20
65 71 86
65 72 21
65 73 69
65 75 24
65 78 24
65 79 13
65 80 35
65 83 78
65 84 47
65 85 55
65 89 18
65 90 44
65 91 29
65 92 44
65 93 73
65 94 49
65 96 29
65 97 36
65 99 76
66 68 77
66 69 78
66 70 34
66 73 64
66 74 34
66 75 57
66 77 77
66 78 55
66 81 86
66 82 55
66 83 70
66 84 59
66 88 2
66 91 72
66 92 90
66 93 91
66 94 17
66 95 23
66 96 64
66 99 111
67 69 29
67 70 66
67 71 98
67 73 82
67 75 56
67 76 74
67 78 37
67 80 68
67 82 82
67 83 90
67 84 56
67 85 65
67 87 70
67 89 64
67 90 82
67 91 18
67 92 17
67 94 96
67 96 29
67 99 37
68 70 53
68 72 51
68 73 75
68 75 45
68 77 12
68 78 26
68 79 34
68 80 57
68 82 74
68 83 84
68 84 49
68 85 58
68 87 59
68 88 77
68 89 51
68 90 70
68 94 83
68 95 82
68 96 19
68 98 44
68 99 46
69 70 48
69 71 109
69 72 54
69 74 59
69 75 30
69 76 91
69 77 10
69 78 41
69 79 41
69 80 65
69 81 8
69 82 89
69 84 67
69 85 76
69 88 79
69 90 76
69 92 16
69 93 81
69 94 80
69 95 77
69 96 37
69 97 24
69 98 60
70 71 93
70 72 19
70 73 77
70 74 36
70 75 24
70 76 87
70 77 50
70 79 28
70 80 37
70 81 56
70 82 70
70 83 86
70 85 67
70 88 33
70 89 2
70 91 49
70 92 62
70 93 90
70 94 32
70 95 29
70 96 48
70 98 52
70 99 96
71 72 74
71 73 17
71 74 58
71 75 110
71 76 28
71 78 69
71 79 73
71 81 112
71 82 23
71 83 8
71 84 43
71 85 34
71 86 85
71 87 54
71 88 78
71 89 93
71 90 59
71 91 90
71 97 91
71 98 50
71 99 92
72 73 58
72 74 17
72 76 69
72 80 18
72 81 61
72 82 51
72 83 66
72 84 43
72 85 48
72 86 12
72 87 20
72 88 26
72 89 19
72 90 24
72 92 64
72 93 74
72 94 34
72 96 39
72 97 53
72 98 35
72 99 88
73 76 22
73 77 84
73 80 41
73 81 95
73 82 9
73 83 9
73 84 26
73 86 70
73 87 39
73 89 76
73 90 46
73 91 73
73 92 93
73 94 80
73 96 56
73 97 75
73 98 33
73 99 81
74 75 52
74 76 52
74 78 24
74 79 18
74 80 7
74 83 50
74 84 27
74 85 31
74 86 29
74 87 10
74 88 35
74 89 35
74 90 21
74 91 46
74 92 66
74 93 59
74 95 50
74 97 50
75 76 98
75 77 37
75 78 46
75 79 37
75 82 87
75 83 101
75 84 71
75 85 79
75 86 32
75 87 58
75 88 57
75 90 62
75 91 41
75 92 46
75 93 95
75 94 54
75 95 50
75 97 47
75 99 91
76 77 82
76 78 53
76 79 62
76 82 30
76 83 24
76 84 28
76 85 21
76 87 54
76 88 82
76 90 63
76 92 88
76 93 23
76 94 97
76 95 101
76 96 54
76 99 64
77 78 33
77 81 11
77 82 82
77 83 93
77 84 58
77 85 67
77 86 54
77 87 63
77 88 78
77 89 48
77 92 13
77 93 71
77 94 81
77 95 79
77 96 28
77 97 14
77 98 52
77 99 56
78 79 14
78 81 44
78 82 49
78 83 60
78 84 26
78 85 35
78 86 39
78 88 56
78 89 40
78 90 45
78 91 23
78 92 44
78 93 49
78 94 65
78 95 65
78 96 9
78 98 19
79 80 24
79 81 47
79 82 51
79 83 65
79 84 34
79 86 26
79 87 27
79 88 44
79 90 36
79 91 30
79 93 61
79 94 51
79 95 52
79 96 22
79 98 26
79 99 70
80 81 71
80 82 33
80 83 49
80 84 31
80 85 34
80 87 3
80 88 30
80 90 14
80 94 42
80 95 46
80 96 40
80 97 58
80 99 85
81 82 93
81 83 104
81 84 69
81 87 74
81 88 86
81 91 22
81 92 9
81 93 80
81 94 88
81 95 85
81 96 39
81 97 23
81 99 60
82 83 16
82 84 26
82 85 19
82 87 31
82 89 69
82 92 92
82 93 48
82 94 71
82 96 55
82 97 74
82 98 30
82 99 84
83 85 26
83 86 78
83 87 47
83 88 72
83 89 85
83 90 52
83 91 82
83 92 102
83 94 87
83 97 83
83 98 42
84 86 54
84 87 31
84 88 60
84 90 43
84 91 47
84 93 33
84 94 73
84 95 76
84 97 48
84 99 60
85 86 60
85 87 33
85 89 65
85 90 44
85 91 56
85 93 33
85 96 39
85 98 17
86 87 31
86 88 26
86 90 31
86 92 66
86 93 85
86 94 28
86 96 47
86 98 47
86 99 96
87 88 30
87 89 39
87 90 13
87 91 55
87 92 75
87 95 47
87 96 42
88 89 35
88 90 19
88 91 73
88 92 90
88 93 93
88 94 15
88 95 21
88 96 65
88 99 113
89 90 40
89 91 47
89 92 60
89 93 88
89 96 46
89 98 50
89 99 94
90 91 66
90 92 85
90 93 75
90 94 34
90 95 40
90 96 54
90 97 71
90 98 38
90 99 99
91 92 21
91 95 77
91 96 17
91 97 7
91 98 41
91 99 50
92 93 75
92 94 93
92 95 91
92 96 37
92 97 19
92 98 61
92 99 52
93 94 106
93 96 46
93 97 57
93 98 39
93 99 42
94 96 73
94 98 67
94 99 122
95 97 84
95 98 69
95 99 122
96 97 19
96 98 24
96 99 49
97 98 43
97 99 43
