100 4950 1485 8 13
0.688524 0.858288 90
0.914975 0.901172 89
0.623144 0.477818 60
0.219558 0.501074 92
0.875111 0.952318 95
0.914511 0.229658 23
0.337504 0.472315 80
0.414448 0.339216 67
0.344792 0.0468549 65
0.117395 0.57902 104
0.638485 0.695707 77
0.932123 0.515333 51
0.652403 0.604404 68
0.063866 0.589422 110
0.593786 0.711684 81
0.311861 0.843373 108
0.659268 0.319312 45
0.417986 0.628199 84
0.264846 0.764927 105
0.0394284 0.273302 99
0.998528 0.873678 86
0.631353 0.0592507 37
0.599853 0.112598 41
0.155831 0.688034 108
0.61586 0.796264 87
0.662698 0.346548 47
0.591337 0.0836377 41
0.844746 0.288773 31
0.675841 0.753197 81
0.975678 0.233757 22
0.771854 0.85939 87
0.246556 0.227119 78
0.943388 0.329205 32
0.941843 0.789089 78
0.535415 0.42134 62
0.84874 0.682634 68
0.232442 0.982364 123
0.487985 0.508469 71
0.961316 0.540795 53
0.492218 0.834014 96
0.43433 0.437576 70
0.00973911 0.65755 118
0.250832 0.220572 77
0.169374 0.788986 113
0.51399 0.402837 62
0.824443 0.343406 37
0.0210506 0.18012 99
0.864007 0.803534 80
0.344256 0.71449 96
0.718025 0.521535 58
0.369859 0.608855 86
0.658172 0.251196 41
0.268344 0.919183 116
0.156087 0.757955 112
0.707772 0.674294 72
0.720111 0.370832 45
0.288712 0.937568 116
0.687835 0.243739 38
0.606422 0.282204 47
0.622306 0.402275 54
0.403322 0.783762 97
0.682678 0.0996135 32
0.4778 0.624477 80
0.646017 0.85471 91
0.0772298 0.533607 106
0.440696 0.313295 63
0.438459 0.59098 80
0.60639 0.697984 79
0.478607 0.262691 57
0.996202 0.793258 78
0.705904 0.0544018 29
0.776462 0.77766 79
0.966571 0.44368 43
0.565735 0.845172 94
0.366093 0.834699 103
0.842266 0.18666 23
0.302201 0.416978 80
0.606882 0.480356 61
0.564818 0.154881 45
0.683836 0.562457 63
0.734501 0.962064 98
0.46048 0.801348 95
0.804033 0.291431 34
0.915478 0.76486 76
0.324697 0.344573 75
0.901515 0.764093 76
0.0910993 0.0227911 90
0.973835 0.207834 20
0.473807 0.897195 103
0.247355 0.0602121 75
0.797226 0.554586 58
0.995994 0.0137083 0
0.57646 0.128642 43
0.921731 0.953312 94
0.131896 0.293699 91
0.55552 0.146033 46
0.82054 0.784621 79
0.252337 0.500325 89
0.766682 0.857965 87
0.0492908 0.518074 107
0 1 23
0 2 39
0 3 59
0 4 21
0 5 67
0 6 52
0 7 59
0 8 88
0 9 64
0 10 17
0 11 42
0 12 26
0 13 68
0 14 17
0 15 38
0 16 54
0 17 36
0 18 43
0 19 87
0 20 31
0 21 80
0 22 75
0 23 56
0 24 10
0 25 51
0 26 78
0 27 59
0 28 11
0 29 69
0 30 8
0 31 77
0 32 59
0 33 26
0 34 46
0 35 24
0 36 47
0 37 40
0 38 42
0 39 20
0 40 49
0 41 71
0 42 77
0 43 52
0 44 49
0 45 53
0 46 95
0 47 18
0 48 37
0 49 34
0 50 40
0 51 61
0 52 42
0 53 54
0 54 18
0 55 49
0 56 41
0 57 61
0 58 58
0 59 46
0 60 29
0 61 76
0 62 31
0 63 4
0 64 69
0 65 60
0 66 37
0 67 18
0 68 63
0 69 31
0 70 80
0 71 12
0 72 50
0 73 12
0 74 32
0 75 69
0 76 59
0 77 39
0 78 71
0 79 30
0 80 11
0 81 24
0 82 58
0 83 25
0 84 63
0 85 23
0 86 103
0 87 71
0 88 22
0 89 91
0 90 32
0 91 90
0 92 74
0 93 25
0 94 79
0 95 72
0 96 15
0 97 56
0 98 8
0 99 72
1 2 51
1 3 80
1 4 6
1 5 67
1 6 72
1 7 75
1 8 103
1 9 86
1 10 34
1 11 39
1 12 40
1 13 91
1 14 37
1 15 61
1 16 64
1 17 57
1 18 66
1 19 108
1 20 9
1 21 89
1 22 85
1 23 79
1 24 32
1 25 61
1 26 88
1 27 62
1 28 28
1 29 67
1 30 15
1 31 95
1 32 57
1 33 12
1 34 61
1 35 23
1 36 69
1 37 58
1 38 36
1 39 43
1 40 67
1 41 94
1 42 95
1 43 75
1 44 64
1 45 57
1 46 115
1 47 11
1 48 60
1 49 43
1 50 62
1 51 70
1 52 65
1 53 77
1 54 31
1 55 57
1 56 63
1 57 70
1 58 69
1 59 58
1 60 52
1 61 83
1 62 52
1 63 27
1 64 91
1 65 76
1 66 57
1 67 37
1 68 77
1 69 14
1 70 87
1 71 19
1 72 46
1 73 35
1 74 55
1 75 72
1 76 78
1 77 52
1 78 82
1 79 41
1 80 19
1 81 47
1 82 62
1 83 14
1 84 81
1 85 14
1 86 120
1 87 70
1 88 44
1 89 107
1 90 37
1 91 89
1 92 84
1 93 5
1 94 99
1 95 84
1 96 15
1 97 77
1 98 15
1 99 95
2 3 40
2 4 54
2 5 38
2 6 29
2 7 25
2 8 51
2 9 52
2 10 22
2 11 31
2 12 13
2 13 57
2 14 24
2 15 48
2 16 16
2 17 25
2 18 46
2 19 62
2 20 55
2 21 42
2 22 37
2 23 51
2 24 32
2 25 14
2 26 40
2 27 29
2 28 28
2 29 43
2 30 41
2 31 45
2 32 35
2 33 45
2 34 10
2 35 30
2 36 64
2 37 14
2 38 34
2 39 38
2 40 19
2 41 64
2 42 45
2 43 55
2 44 13
2 45 24
2 46 67
2 47 41
2 48 37
2 49 10
2 50 29
2 51 23
2 52 57
2 53 54
2 54 21
2 55 14
2 56 57
2 57 24
2 58 20
2 59 8
2 60 38
2 61 38
2 62 21
2 63 38
2 64 55
2 65 25
2 66 22
2 67 22
2 68 26
2 69 49
2 70 43
2 71 34
2 72 35
2 73 37
2 74 44
2 75 36
2 76 33
2 77 2
2 78 33
2 79 10
2 80 50
2 81 36
2 82 26
2 83 41
2 84 33
2 85 40
2 86 70
2 87 44
2 88 45
2 89 56
2 90 19
2 91 60
2 92 35
2 93 56
2 94 52
2 95 34
2 96 36
2 97 37
2 98 41
2 99 58
3 4 80
3 5 75
3 6 12
3 7 25
3 8 47
3 9 13
3 10 46
3 11 71
3 12 45
3 13 18
3 14 43
3 15 35
3 16 48
3 17 24
3 18 27
3 19 29
3 20 86
3 21 60
3 22 54
3 23 20
3 24 49
3 25 47
3 26 56
3 27 66
3 28 52
3 29 80
3 30 66
3 31 28
3 32 74
3 33 78
3 34 33
3 35 65
3 36 48
3 37 27
3 38 74
3 39 43
3 40 22
3 41 26
3 42 28
3 43 29
3 44 31
3 45 63
3 46 38
3 47 71
3 48 25
3 49 50
3 50 18
3 51 50
3 52 42
3 53 26
3 54 52
3 55 52
3 56 44
3 57 53
3 58 44
3 59 41
3 60 34
3 61 61
3 62 29
3 63 55
3 64 15
3 65 29
3 66 24
3 67 43
3 68 35
3 69 83
3 70 66
3 71 62
3 72 75
3 73 49
3 74 36
3 75 70
3 76 12
3 77 39
3 78 49
3 79 47
3 80 69
3 81 38
3 82 62
3 83 74
3 84 19
3 85 73
3 86 50
3 87 81
3 88 47
3 89 44
3 90 58
3 91 92
3 92 52
3 93 84
3 94 23
3 95 49
3 96 66
3 97 3
3 98 65
3 99 17
4 5 72
4 6 72
4 7 77
4 8 105
4 9 84
4 10 35
4 11 44
4 12 41
4 13 89
4 14 37
4 15 57
4 16 67
4 17 56
4 18 64
4 19 108
4 20 15
4 21 93
4 22 88
4 23 77
4 24 30
4 25 64
4 26 91
4 27 66
4 28 28
4 29 73
4 30 14
4 31 96
4 32 63
4 33 18
4 34 63
4 35 27
4 36 64
4 37 59
4 38 42
4 39 40
4 40 68
4 41 91
4 42 96
4 43 72
4 44 66
4 45 61
4 46 115
4 47 15
4 48 58
4 49 46
4 50 61
4 51 73
4 52 61
4 53 74
4 54 32
4 55 60
4 56 59
4 57 73
4 58 72
4 59 61
4 60 50
4 61 87
4 62 52
4 63 25
4 64 90
4 65 77
4 66 57
4 67 37
4 68 80
4 69 20
4 70 91
4 71 20
4 72 52
4 73 33
4 74 52
4 75 77
4 76 78
4 77 54
4 78 86
4 79 43
4 80 14
4 81 44
4 82 66
4 83 19
4 84 82
4 85 19
4 86 122
4 87 75
4 88 41
4 89 109
4 90 41
4 91 95
4 92 88
4 93 5
4 94 99
4 95 87
4 96 18
4 97 77
4 98 14
4 99 93
5 6 63
5 7 51
5 8 60
5 9 87
5 10 54
5 11 29
5 12 46
5 13 92
5 14 58
5 15 86
5 16 27
5 17 64
5 18 84
5 19 88
5 20 65
5 21 33
5 22 34
5 23 89
5 24 64
5 25 28
5 26 35
5 27 9
5 28 58
5 29 6
5 30 65
5 31 67
5 32 10
5 33 56
5 34 42
5 35 46
5 36 102
5 37 51
5 38 31
5 39 74
5 40 52
5 41 100
5 42 66
5 43 93
5 44 44
5 45 15
5 46 89
5 47 58
5 48 75
5 49 35
5 50 66
5 51 26
5 52 94
5 53 92
5 54 49
5 55 24
5 56 94
5 57 23
5 58 31
5 59 34
5 60 75
5 61 27
5 62 59
5 63 68
5 64 89
5 65 48
5 66 60
5 67 56
5 68 44
5 69 57
5 70 27
5 71 57
5 72 22
5 73 71
5 74 82
5 75 8
5 76 64
5 77 40
5 78 36
5 79 40
5 80 75
5 81 73
5 82 13
5 83 54
5 84 60
5 85 53
5 86 85
5 87 6
5 88 80
5 89 69
5 90 35
5 91 23
5 92 35
5 93 72
5 94 79
5 95 37
5 96 56
5 97 72
5 98 65
5 99 91
6 7 15
6 8 43
6 9 24
6 10 37
6 11 60
6 12 34
6 13 30
6 14 35
6 15 37
6 16 36
6 17 18
6 18 30
6 19 36
6 20 77
6 21 51
6 22 45
6 23 28
6 24 43
6 25 35
6 26 46
6 27 54
6 28 44
6 29 68
6 30 58
6 31 26
6 32 62
6 33 68
6 34 20
6 35 55
6 36 52
6 37 15
6 38 63
6 39 39
6 40 10
6 41 38
6 42 27
6 43 36
6 44 19
6 45 50
6 46 43
6 47 62
6 48 24
6 49 38
6 50 14
6 51 39
6 52 45
6 53 34
6 54 42
6 55 40
6 56 47
6 57 42
6 58 33
6 59 29
6 60 32
6 61 51
6 62 21
6 63 49
6 64 27
6 65 19
6 66 16
6 67 35
6 68 25
6 69 73
6 70 56
6 71 53
6 72 63
6 73 44
6 74 36
6 75 58
6 76 7
6 77 27
6 78 39
6 79 36
6 80 63
6 81 35
6 82 50
6 83 65
6 84 13
6 85 64
6 86 51
6 87 69
6 88 45
6 89 42
6 90 47
6 91 80
6 92 42
6 93 76
6 94 27
6 95 39
6 96 58
6 97 9
6 98 58
6 99 29
7 8 30
7 9 38
7 10 42
7 11 55
7 12 36
7 13 43
7 14 41
7 15 51
7 16 25
7 17 29
7 18 45
7 19 38
7 20 79
7 21 35
7 22 29
7 23 43
7 24 50
7 25 25
7 26 31
7 27 43
7 28 49
7 29 57
7 30 63
7 31 20
7 32 53
7 33 69
7 34 15
7 35 55
7 36 67
7 37 18
7 38 58
7 39 50
7 40 10
7 41 51
7 42 20
7 43 51
7 44 12
7 45 41
7 46 42
7 47 65
7 48 38
7 49 35
7 50 27
7 51 26
7 52 60
7 53 49
7 54 45
7 55 31
7 56 61
7 57 29
7 58 20
7 59 22
7 60 44
7 61 36
7 62 29
7 63 57
7 64 39
7 65 4
7 66 25
7 67 41
7 68 10
7 69 74
7 70 41
7 71 57
7 72 56
7 73 53
7 74 50
7 75 45
7 76 14
7 77 24
7 78 24
7 79 35
7 80 70
7 81 46
7 82 39
7 83 66
7 84 9
7 85 65
7 86 45
7 87 57
7 88 56
7 89 33
7 90 44
7 91 67
7 92 27
7 93 80
7 94 29
7 95 24
7 96 60
7 97 23
7 98 63
7 99 41
8 9 58
8 10 71
8 11 75
8 12 64
8 13 61
8 14 71
8 15 80
8 16 42
8 17 59
8 18 72
8 19 38
8 20 105
8 21 29
8 22 26
8 23 67
8 24 80
8 25 44
8 26 25
8 27 56
8 28 78
8 29 66
8 30 92
8 31 21
8 32 66
8 33 95
8 34 42
8 35 81
8 36 94
8 37 48
8 38 79
8 39 80
8 40 40
8 41 70
8 42 20
8 43 76
8 44 39
8 45 56
8 46 35
8 47 92
8 48 67
8 49 60
8 50 56
8 51 37
8 52 88
8 53 74
8 54 72
8 55 50
8 56 89
8 57 40
8 58 35
8 59 45
8 60 74
8 61 34
8 62 59
8 63 86
8 64 56
8 65 28
8 66 55
8 67 70
8 68 25
8 69 99
8 70 36
8 71 85
8 72 74
8 73 83
8 74 79
8 75 52
8 76 37
8 77 51
8 78 25
8 79 62
8 80 99
8 81 76
8 82 52
8 83 92
8 84 30
8 85 91
8 86 25
8 87 65
8 88 86
8 89 10
8 90 68
8 91 65
8 92 25
8 93 107
8 94 33
8 95 23
8 96 88
8 97 46
8 98 91
8 99 56
9 10 53
9 11 82
9 12 54
9 13 5
9 14 49
9 15 33
9 16 60
9 17 30
9 18 24
9 19 32
9 20 93
9 21 73
9 22 67
9 23 12
9 24 54
9 25 59
9 26 69
9 27 78
9 28 58
9 29 93
9 30 71
9 31 37
9 32 86
9 33 85
9 34 45
9 35 74
9 36 42
9 37 38
9 38 84
9 39 45
9 40 35
9 41 13
9 42 38
9 43 22
9 44 43
9 45 75
9 46 41
9 47 78
9 48 26
9 49 60
9 50 25
9 51 63
9 52 37
9 53 18
9 54 60
9 55 64
9 56 40
9 57 66
9 58 57
9 59 53
9 60 35
9 61 74
9 62 36
9 63 60
9 64 6
9 65 42
9 66 32
9 67 50
9 68 48
9 69 90
9 70 79
9 71 69
9 72 86
9 73 52
9 74 36
9 75 82
9 76 25
9 77 50
9 78 62
9 79 57
9 80 73
9 81 41
9 82 74
9 83 82
9 84 31
9 85 81
9 86 56
9 87 93
9 88 48
9 89 53
9 90 68
9 91 104
9 92 64
9 93 89
9 94 29
9 95 62
9 96 73
9 97 16
9 98 71
9 99 9
10 11 34
10 12 9
10 13 58
10 14 5
10 15 36
10 16 38
10 17 23
10 18 38
10 19 73
10 20 40
10 21 64
10 22 58
10 23 48
10 24 10
10 25 35
10 26 61
10 27 46
10 28 7
10 29 57
10 30 21
10 31 61
10 32 48
10 33 32
10 34 29
10 35 21
10 36 50
10 37 24
10 38 36
10 39 20
10 40 33
10 41 63
10 42 61
10 43 48
10 44 32
10 45 40
10 46 80
10 47 25
10 48 29
10 49 19
10 50 28
10 51 44
10 52 43
10 53 49
10 54 7
10 55 33
10 56 43
10 57 45
10 58 41
10 59 29
10 60 25
10 61 60
10 62 18
10 63 16
10 64 58
10 65 43
10 66 23
10 67 3
10 68 46
10 69 37
10 70 64
10 71 16
10 72 41
10 73 17
10 74 31
10 75 55
10 76 44
10 77 22
10 78 55
10 79 14
10 80 28
10 81 21
10 82 44
10 83 29
10 84 47
10 85 27
10 86 87
10 87 59
10 88 26
10 89 75
10 90 21
10 91 77
10 92 57
10 93 38
10 94 65
10 95 56
10 96 20
10 97 43
10 98 21
10 99 62
11 12 29
11 13 87
11 14 39
11 15 70
11 16 34
11 17 53
11 18 71
11 19 92
11 20 36
11 21 55
11 22 52
11 23 80
11 24 42
11 25 32
11 26 55
11 27 24
11 28 35
11 29 28
11 30 38
11 31 74
11 32 19
11 33 27
11 34 41
11 35 19
11 36 84
11 37 44
11 38 4
11 39 54
11 40 50
11 41 93
11 42 74
11 43 81
11 44 43
11 45 20
11 46 97
11 47 30
11 48 62
11 49 21
11 50 57
11 51 38
11 52 78
11 53 81
11 54 27
11 55 26
11 56 77
11 57 37
11 58 40
11 59 33
11 60 59
11 61 48
11 62 47
11 63 44
11 64 86
11 65 53
11 66 50
11 67 37
11 68 52
11 69 29
11 70 51
11 71 31
11 72 8
11 73 49
11 74 65
11 75 34
11 76 64
11 77 33
11 78 51
11 79 25
11 80 49
11 81 55
11 82 26
11 83 25
11 84 63
11 85 25
11 86 97
11 87 31
11 88 60
11 89 82
11 90 14
11 91 51
11 92 53
11 93 44
11 94 83
11 95 53
11 96 29
11 97 68
11 98 38
11 99 88
12 13 59
12 14 12
12 15 42
12 16 29
12 17 24
12 18 42
12 19 70
12 20 44
12 21 55
12 22 49
12 23 50
12 24 20
12 25 26
12 26 52
12 27 37
12 28 15
12 29 49
12 30 28
12 31 55
12 32 40
12 33 34
12 34 22
12 35 21
12 36 56
12 37 19
12 38 32
12 39 28
12 40 27
12 41 64
12 42 56
12 43 52
12 44 24
12 45 31
12 46 76
12 47 29
12 48 33
12 49 11
12 50 28
12 51 35
12 52 50
12 53 52
12 54 9
12 55 24
12 56 49
12 57 36
12 58 33
12 59 20
12 60 31
12 61 51
12 62 18
12 63 25
12 64 58
12 65 36
12 66 21
12 67 10
12 68 38
12 69 39
12 70 55
12 71 21
12 72 35
12 73 26
12 74 37
12 75 46
12 76 40
12 77 13
12 78 46
12 79 5
12 80 37
12 81 27
12 82 35
12 83 31
12 84 42
12 85 30
12 86 81
12 87 51
12 88 34
12 89 68
12 90 15
12 91 68
12 92 48
12 93 44
12 94 61
12 95 47
12 96 25
12 97 41
12 98 28
12 99 61
13 14 54
13 15 35
13 16 65
13 17 36
13 18 27
13 19 32
13 20 98
13 21 78
13 22 72
13 23 13
13 24 59
13 25 65
13 26 73
13 27 84
13 28 63
13 29 98
13 30 76
13 31 41
13 32 92
13 33 90
13 34 50
13 35 79
13 36 43
13 37 43
13 38 90
13 39 49
13 40 40
13 41 9
13 42 41
13 43 23
13 44 49
13 45 80
13 46 41
13 47 83
13 48 31
13 49 66
13 50 31
13 51 68
13 52 39
13 53 19
13 54 65
13 55 69
13 56 41
13 57 71
13 58 62
13 59 59
13 60 39
13 61 79
13 62 42
13 63 64
13 64 6
13 65 47
13 66 37
13 67 55
13 68 53
13 69 95
13 70 84
13 71 74
13 72 91
13 73 56
13 74 39
13 75 88
13 76 29
13 77 55
13 78 66
13 79 62
13 80 77
13 81 45
13 82 80
13 83 87
13 84 36
13 85 86
13 86 57
13 87 99
13 88 51
13 89 56
13 90 73
13 91 110
13 92 69
13 93 93
13 94 30
13 95 66
13 96 78
13 97 21
13 98 75
13 99 7
14 15 31
14 16 40
14 17 19
14 18 33
14 19 71
14 20 44
14 21 65
14 22 60
14 23 44
14 24 9
14 25 37
14 26 63
14 27 49
14 28 9
14 29 61
14 30 23
14 31 60
14 32 52
14 33 36
14 34 30
14 35 26
14 36 45
14 37 23
14 38 41
14 39 16
14 40 32
14 41 59
14 42 60
14 43 43
14 44 32
14 45 43
14 46 78
14 47 29
14 48 25
14 49 23
14 50 25
14 51 46
14 52 39
14 53 44
14 54 12
14 55 36
14 56 38
14 57 48
14 58 43
14 59 31
14 60 20
14 61 62
14 62 15
14 63 15
14 64 55
14 65 43
14 66 20
14 67 2
14 68 46
14 69 41
14 70 67
14 71 19
14 72 46
14 73 14
14 74 26
14 75 58
14 76 41
14 77 23
14 78 56
14 79 17
14 80 29
14 81 16
14 82 47
14 83 33
14 84 46
14 85 31
14 86 85
14 87 63
14 88 22
14 89 74
14 90 26
14 91 81
14 92 58
14 93 41
14 94 62
14 95 57
14 96 24
14 97 40
14 98 23
14 99 58
15 16 63
15 17 24
15 18 9
15 19 63
15 20 69
15 21 85
15 22 79
15 23 22
15 24 31
15 25 61
15 26 81
15 27 77
15 28 37
15 29 90
15 30 46
15 31 62
15 32 81
15 33 63
15 34 48
15 35 56
15 36 16
15 37 38
15 38 72
15 39 18
15 40 42
15 41 35
15 42 63
15 43 15
15 44 48
15 45 72
15 46 72
15 47 55
15 48 13
15 49 52
15 50 24
15 51 69
15 52 9
15 53 18
15 54 43
15 55 62
15 56 10
15 57 71
15 58 63
15 59 54
15 60 11
15 61 83
15 62 27
15 63 33
15 64 39
15 65 55
15 66 28
15 67 33
15 68 60
15 69 69
15 70 88
15 71 47
15 72 77
15 73 25
15 74 5
15 75 84
15 76 43
15 77 47
15 78 73
15 79 47
15 80 44
15 81 15
15 82 74
15 83 61
15 84 50
15 85 59
15 86 85
15 87 92
15 88 17
15 89 79
15 90 56
15 91 108
15 92 76
15 93 62
15 94 58
15 95 74
15 96 51
15 97 35
15 98 46
15 99 42
16 17 39
16 18 60
16 19 62
16 20 65
16 21 26
16 22 22
16 23 62
16 24 48
16 25 3
16 26 25
16 27 19
16 28 43
16 29 33
16 30 55
16 31 42
16 32 28
16 33 55
16 34 16
16 35 41
16 36 79
16 37 26
16 38 37
16 39 54
16 40 25
16 41 73
16 42 42
16 43 68
16 44 17
16 45 17
16 46 65
16 47 53
16 48 51
16 49 21
16 50 41
16 51 7
16 52 72
16 53 67
16 54 36
16 55 8
16 56 72
16 57 8
16 58 6
16 59 9
16 60 53
16 61 22
16 62 36
16 63 54
16 64 62
16 65 22
16 66 35
16 67 38
16 68 19
16 69 58
16 70 27
16 71 47
16 72 33
16 73 53
16 74 59
16 75 23
16 76 37
16 77 17
16 78 19
16 79 24
16 80 65
16 81 52
16 82 15
16 83 51
16 84 34
16 85 51
16 86 64
16 87 33
16 88 61
16 89 49
16 90 27
16 91 45
16 92 21
16 93 69
16 94 53
16 95 20
16 96 49
16 97 45
16 98 55
16 99 64
17 18 21
17 19 52
17 20 63
17 21 61
17 22 55
17 23 27
17 24 26
17 25 37
17 26 57
17 27 55
17 28 29
17 29 68
17 30 42
17 31 44
17 32 60
17 33 55
17 34 24
17 35 43
17 36 40
17 37 14
17 38 55
17 39 22
17 40 19
17 41 41
17 42 44
17 43 30
17 44 24
17 45 50
17 46 60
17 47 48
17 48 11
17 49 32
17 50 5
17 51 45
17 52 33
17 53 29
17 54 29
17 55 40
17 56 34
17 57 47
17 58 39
17 59 30
17 60 16
17 61 59
17 62 6
17 63 32
17 64 35
17 65 32
17 66 4
17 67 20
17 68 37
17 69 60
17 70 64
17 71 39
17 72 58
17 73 26
17 74 21
17 75 61
17 76 24
17 77 24
17 78 50
17 79 27
17 80 46
17 81 18
17 82 51
17 83 52
17 84 30
17 85 50
17 86 69
17 87 70
17 88 27
17 89 59
17 90 39
17 91 84
17 92 52
17 93 60
17 94 44
17 95 50
17 96 43
17 97 21
17 98 42
17 99 38
18 19 54
18 20 74
18 21 80
18 22 73
18 23 13
18 24 35
18 25 58
18 26 76
18 27 75
18 28 41
18 29 89
18 30 52
18 31 54
18 32 81
18 33 68
18 34 44
18 35 59
18 36 22
18 37 34
18 38 73
18 39 24
18 40 37
18 41 28
18 42 54
18 43 10
18 44 44
18 45 70
18 46 63
18 47 60
18 48 9
18 49 51
18 50 19
18 51 65
18 52 15
18 53 11
18 54 45
18 55 60
18 56 17
18 57 67
18 58 59
18 59 51
18 60 14
18 61 79
18 62 26
18 63 39
18 64 30
18 65 48
18 66 25
18 67 35
18 68 55
18 69 73
18 70 84
18 71 51
18 72 77
18 73 31
18 74 12
18 75 82
18 76 35
18 77 44
18 78 68
18 79 47
18 80 51
18 81 20
18 82 72
18 83 65
18 84 42
18 85 64
18 86 76
18 87 90
18 88 25
18 89 70
18 90 57
18 91 105
18 92 71
18 93 68
18 94 49
18 95 68
18 96 56
18 97 26
18 98 51
18 99 33
19 20 113
19 21 63
19 22 58
19 23 43
19 24 78
19 25 63
19 26 58
19 27 81
19 28 80
19 29 94
19 30 94
19 31 21
19 32 91
19 33 104
19 34 52
19 35 91
19 36 73
19 37 51
19 38 96
19 39 72
19 40 43
19 41 39
19 42 22
19 43 53
19 44 49
19 45 79
19 46 9
19 47 98
19 48 54
19 49 72
19 50 47
19 51 62
19 52 69
19 53 50
19 54 78
19 55 69
19 56 71
19 57 65
19 58 57
19 59 60
19 60 63
19 61 67
19 62 56
19 63 84
19 64 26
19 65 40
19 66 51
19 67 71
19 68 44
19 69 109
19 70 70
19 71 89
19 72 94
19 73 78
19 74 65
19 75 81
19 76 30
19 77 60
19 78 54
19 79 71
19 80 98
19 81 68
19 82 76
19 83 100
19 84 29
19 85 99
19 86 26
19 87 94
19 88 76
19 89 30
19 90 81
19 91 99
19 92 56
19 93 111
19 94 9
19 95 53
19 96 93
19 97 31
19 98 93
19 99 24
20 21 89
20 22 86
20 23 86
20 24 39
20 25 63
20 26 89
20 27 60
20 28 34
20 29 64
20 30 23
20 31 99
20 32 55
20 33 10
20 34 65
20 35 24
20 36 77
20 37 63
20 38 33
20 39 51
20 40 71
20 41 101
20 42 99
20 43 83
20 44 68
20 45 56
20 46 120
20 47 15
20 48 67
20 49 45
20 50 68
20 51 71
20 52 73
20 53 85
20 54 35
20 55 57
20 56 71
20 57 70
20 58 71
20 59 60
20 60 60
20 61 84
20 62 58
20 63 35
20 64 98
20 65 79
20 66 63
20 67 43
20 68 80
20 69 8
20 70 87
20 71 24
20 72 43
20 73 43
20 74 63
20 75 70
20 76 83
20 77 56
20 78 84
20 79 44
20 80 28
20 81 54
20 82 61
20 83 14
20 84 86
20 85 15
20 86 124
20 87 67
20 88 53
20 89 111
20 90 38
20 91 86
20 92 86
20 93 11
20 94 104
20 95 85
20 96 20
20 97 83
20 98 23
20 99 101
21 22 6
21 23 79
21 24 74
21 25 29
21 26 5
21 27 31
21 28 70
21 29 39
21 30 81
21 31 42
21 32 41
21 33 79
21 34 37
21 35 66
21 36 101
21 37 47
21 38 58
21 39 79
21 40 43
21 41 86
21 42 41
21 43 86
21 44 36
21 45 34
21 46 62
21 47 78
21 48 72
21 49 47
21 50 61
21 51 19
21 52 93
21 53 85
21 54 62
21 55 32
21 56 94
21 57 19
21 58 22
21 59 34
21 60 76
21 61 7
21 62 59
21 63 80
21 64 73
21 65 32
21 66 57
21 67 64
21 68 25
21 69 82
21 70 7
21 71 73
21 72 51
21 73 79
21 74 82
21 75 25
21 76 49
21 77 42
21 78 12
21 79 51
21 80 91
21 81 76
21 82 29
21 83 76
21 84 42
21 85 75
21 86 54
21 87 37
21 88 85
21 89 38
21 90 52
21 91 37
21 92 9
21 93 94
21 94 55
21 95 12
21 96 75
21 97 58
21 98 81
21 99 74
22 23 73
22 24 68
22 25 24
22 26 3
22 27 30
22 28 65
22 29 39
22 30 77
22 31 37
22 32 41
22 33 76
22 34 32
22 35 62
22 36 94
22 37 41
22 38 56
22 39 73
22 40 36
22 41 80
22 42 37
22 43 80
22 44 30
22 45 32
22 46 58
22 47 74
22 48 65
22 49 43
22 50 55
22 51 15
22 52 87
22 53 78
22 54 57
22 55 28
22 56 88
22 57 16
22 58 17
22 59 29
22 60 70
22 61 8
22 62 53
22 63 74
22 64 67
22 65 26
22 66 50
22 67 59
22 68 19
22 69 79
22 70 12
22 71 69
22 72 49
22 73 73
22 74 76
22 75 25
22 76 43
22 77 37
22 78 5
22 79 46
22 80 86
22 81 70
22 82 27
22 83 72
22 84 36
22 85 72
22 86 52
22 87 39
22 88 79
22 89 36
22 90 48
22 91 41
22 92 3
22 93 90
22 94 50
22 95 6
22 96 71
22 97 52
22 98 76
22 99 68
23 24 47
23 25 61
23 26 74
23 27 80
23 28 52
23 29 94
23 30 64
23 31 47
23 32 87
23 33 79
23 34 46
23 35 69
23 36 30
23 37 38
23 38 82
23 39 37
23 40 37
23 41 15
23 42 48
23 43 10
23 44 46
23 45 75
23 46 53
23 47 72
23 48 19
23 49 59
23 50 23
23 51 67
23 52 26
23 53 7
23 54 55
23 55 65
23 56 28
23 57 69
23 58 61
23 59 55
23 60 27
23 61 79
23 62 33
23 63 52
23 64 17
23 65 47
23 66 30
23 67 45
23 68 53
23 69 85
23 70 84
23 71 63
23 72 85
23 73 44
23 74 26
23 75 85
23 76 31
23 77 50
23 78 67
23 79 54
23 80 64
23 81 33
23 82 76
23 83 76
23 84 38
23 85 75
23 86 67
23 87 95
23 88 38
23 89 63
23 90 66
23 91 108
23 92 70
23 93 81
23 94 40
23 95 67
23 96 67
23 97 21
23 98 63
23 99 20
24 25 45
24 26 71
24 27 56
24 28 7
24 29 67
24 30 17
24 31 68
24 32 57
24 33 33
24 34 38
24 35 26
24 36 43
24 37 31
24 38 43
24 39 13
24 40 40
24 41 62
24 42 68
24 43 45
24 44 41
24 45 50
24 46 86
24 47 25
24 48 28
24 49 29
24 50 31
24 51 55
24 52 37
24 53 46
24 54 15
24 55 44
24 56 36
24 57 56
24 58 51
24 59 39
24 60 21
24 61 70
24 62 22
24 63 7
24 64 60
24 65 51
24 66 27
24 67 10
24 68 55
24 69 38
24 70 75
24 71 16
24 72 50
24 73 7
24 74 25
24 75 65
24 76 49
24 77 32
24 78 64
24 79 24
24 80 20
24 81 16
24 82 54
24 83 30
24 84 54
24 85 29
24 86 93
24 87 69
24 88 17
24 89 82
24 90 30
24 91 87
24 92 67
24 93 34
24 94 70
24 95 65
24 96 21
24 97 47
24 98 16
24 99 63
25 26 27
25 27 19
25 28 41
25 29 33
25 30 52
25 31 43
25 32 28
25 33 52
25 34 15
25 35 38
25 36 77
25 37 24
25 38 36
25 39 52
25 40 25
25 41 72
25 42 43
25 43 66
25 44 16
25 45 16
25 46 66
25 47 50
25 48 49
25 49 18
25 50 39
25 51 10
25 52 70
25 53 65
25 54 33
25 55 6
25 56 70
25 57 11
25 58 9
25 59 7
25 60 51
25 61 25
25 62 33
25 63 51
25 64 61
25 65 22
25 66 33
25 67 36
25 68 20
25 69 56
25 70 30
25 71 45
25 72 32
25 73 51
25 74 57
25 75 24
25 76 37
25 77 14
25 78 22
25 79 22
25 80 62
25 81 50
25 82 15
25 83 49
25 84 34
25 85 48
25 86 66
25 87 34
25 88 58
25 89 50
25 90 25
25 91 47
25 92 23
25 93 66
25 94 53
25 95 23
25 96 47
25 97 44
25 98 52
25 99 64
26 27 33
26 28 67
26 29 41
26 30 80
26 31 37
26 32 43
26 33 79
26 34 34
26 35 65
26 36 97
26 37 44
26 38 59
26 39 76
26 40 39
26 41 82
26 42 37
26 43 82
26 44 33
26 45 35
26 46 58
26 47 77
26 48 68
26 49 46
26 50 57
26 51 18
26 52 90
26 53 80
26 54 60
26 55 31
26 56 91
26 57 19
26 58 20
26 59 32
26 60 72
26 61 9
26 62 55
26 63 77
26 64 68
26 65 27
26 66 53
26 67 61
26 68 21
26 69 82
26 70 12
26 71 72
26 72 52
26 73 76
26 74 78
26 75 27
26 76 44
26 77 40
26 78 8
26 79 49
26 80 89
26 81 73
26 82 30
26 83 75
26 84 37
26 85 75
26 86 50
26 87 40
26 88 82
26 89 34
26 90 51
26 91 41
26 92 5
26 93 93
26 94 51
26 95 7
26 96 74
26 97 54
26 98 79
26 99 69
27 28 49
27 29 14
27 30 58
27 31 60
27 32 11
27 33 51
27 34 34
27 35 39
27 36 93
27 37 42
27 38 28
27 39 65
27 40 44
27 41 91
27 42 60
27 43 84
27 44 35
27 45 6
27 46 83
27 47 52
27 48 66
27 49 27
27 50 57
27 51 19
27 52 85
27 53 83
27 54 41
27 55 15
27 56 85
27 57 16
27 58 24
27 59 25
27 60 66
27 61 25
27 62 50
27 63 60
27 64 81
27 65 40
27 66 51
27 67 47
27 68 37
27 69 53
27 70 27
27 71 49
27 72 20
27 73 62
27 74 73
27 75 10
27 76 56
27 77 31
27 78 31
27 79 32
27 80 68
27 81 64
27 82 4
27 83 48
27 84 52
27 85 48
27 86 80
27 87 15
27 88 71
27 89 64
27 90 27
27 91 31
27 92 31
27 93 67
27 94 71
27 95 32
27 96 50
27 97 63
27 98 57
27 99 83
28 29 60
28 30 14
28 31 68
28 32 50
28 33 27
28 34 36
28 35 19
28 36 50
28 37 31
28 38 36
28 39 20
28 40 40
28 41 67
28 42 68
28 43 51
28 44 39
28 45 44
28 46 87
28 47 19
28 48 33
28 49 24
28 50 34
28 51 50
28 52 44
28 53 52
28 54 9
28 55 38
28 56 43
28 57 51
28 58 48
28 59 35
28 60 27
28 61 65
28 62 24
28 63 11
28 64 64
28 65 50
28 66 29
28 67 9
28 68 53
28 69 32
28 70 70
28 71 10
28 72 42
28 73 14
28 74 32
28 75 59
28 76 50
28 77 28
28 78 61
28 79 19
28 80 22
28 81 22
28 82 48
28 83 24
28 84 54
28 85 23
28 86 94
28 87 62
28 88 25
28 89 81
28 90 23
28 91 81
28 92 63
28 93 32
28 94 71
28 95 62
28 96 15
28 97 49
28 98 14
28 99 67
29 30 66
29 31 73
29 32 10
29 33 56
29 34 48
29 35 47
29 36 105
29 37 56
29 38 31
29 39 77
29 40 58
29 41 105
29 42 72
29 43 98
29 44 49
29 45 19
29 46 96
29 47 58
29 48 79
29 49 39
29 50 71
29 51 32
29 52 98
29 53 97
29 54 52
29 55 29
29 56 98
29 57 29
29 58 37
29 59 39
29 60 79
29 61 32
29 62 63
29 63 70
29 64 95
29 65 54
29 66 65
29 67 59
29 68 50
29 69 56
29 70 32
29 71 58
29 72 21
29 73 74
29 74 86
29 75 14
29 76 70
29 77 44
29 78 42
29 79 44
29 80 77
29 81 77
29 82 18
29 83 53
29 84 66
29 85 54
29 86 91
29 87 3
29 88 83
29 89 75
29 90 37
29 91 22
29 92 41
29 93 72
29 94 85
29 95 43
29 96 57
29 97 77
29 98 66
29 99 97
30 31 82
30 32 56
30 33 18
30 34 50
30 35 19
30 36 55
30 37 45
30 38 37
30 39 28
30 40 54
30 41 79
30 42 82
30 43 61
30 44 52
30 45 52
30 46 101
30 47 11
30 48 45
30 49 34
30 50 47
30 51 62
30 52 51
30 53 62
30 54 20
30 55 49
30 56 49
30 57 62
30 58 60
30 59 48
30 60 38
30 61 76
30 62 38
30 63 13
30 64 77
30 65 64
30 66 43
30 67 23
30 68 66
30 69 23
30 70 81
30 71 8
30 72 46
30 73 21
30 74 41
30 75 68
30 76 65
30 77 41
30 78 73
30 79 31
30 80 11
30 81 32
30 82 57
30 83 17
30 84 68
30 85 16
30 86 108
30 87 68
30 88 30
30 89 96
30 90 31
30 91 87
30 92 76
30 93 18
30 94 85
30 95 75
30 96 9
30 97 63
30 98 1
30 99 80
31 32 70
31 33 89
31 34 35
31 35 76
31 36 76
31 37 37
31 38 78
31 39 65
31 40 28
31 41 49
31 42 1
31 43 57
31 44 32
31 45 59
31 46 23
31 47 84
31 48 50
31 49 56
31 50 40
31 51 41
31 52 69
31 53 54
31 54 64
31 55 49
31 56 71
31 57 44
31 58 36
31 59 41
31 60 58
31 61 45
31 62 46
31 63 74
31 64 35
31 65 21
31 66 41
31 67 59
31 68 23
31 69 94
31 70 49
31 71 76
31 72 75
31 73 70
31 74 62
31 75 60
31 76 20
31 77 44
31 78 33
31 79 55
31 80 88
31 81 61
31 82 56
31 83 86
31 84 14
31 85 85
31 86 26
31 87 73
31 88 71
31 89 17
31 90 64
31 91 78
31 92 34
31 93 99
31 94 13
31 95 32
31 96 80
31 97 27
31 98 82
31 99 35
32 33 46
32 34 42
32 35 37
32 36 97
32 37 49
32 38 21
32 39 68
32 40 52
32 41 99
32 42 70
32 43 90
32 44 44
32 45 12
32 46 93
32 47 48
32 48 71
32 49 30
32 50 64
32 51 30
32 52 90
32 53 90
32 54 42
32 55 23
32 56 89
32 57 27
32 58 34
32 59 33
32 60 71
32 61 35
32 62 55
32 63 60
32 64 89
32 65 50
32 66 57
32 67 50
32 68 47
32 69 47
32 70 36
32 71 48
32 72 12
32 73 64
32 74 77
32 75 17
32 76 65
32 77 37
32 78 42
32 79 35
32 80 67
32 81 68
32 82 14
32 83 44
32 84 62
32 85 44
32 86 91
32 87 13
32 88 74
32 89 75
32 90 27
32 91 32
32 92 42
32 93 62
32 94 81
32 95 43
32 96 47
32 97 71
32 98 56
32 99 91
33 34 55
33 35 14
33 36 74
33 37 53
33 38 25
33 39 45
33 40 62
33 41 94
33 42 89
33 43 77
33 44 58
33 45 46
33 46 110
33 47 8
33 48 60
33 49 35
33 50 60
33 51 61
33 52 69
33 53 79
33 54 26
33 55 47
33 56 67
33 57 60
33 58 61
33 59 50
33 60 54
33 61 74
33 62 49
33 63 30
33 64 90
33 65 69
33 66 54
33 67 35
33 68 70
33 69 5
33 70 77
33 71 17
33 72 35
33 73 38
33 74 58
33 75 61
33 76 74
33 77 46
33 78 74
33 79 34
33 80 27
33 81 48
33 82 52
33 83 4
33 84 76
33 85 5
33 86 114
33 87 58
33 88 48
33 89 101
33 90 28
33 91 78
33 92 75
33 93 17
33 94 95
33 95 75
33 96 12
33 97 75
33 98 19
33 99 93
34 35 41
34 36 64
34 37 10
34 38 44
34 39 41
34 40 10
34 41 58
34 42 35
34 43 52
34 44 3
34 45 30
34 46 57
34 47 50
34 48 35
34 49 21
34 50 25
34 51 21
34 52 56
34 53 51
34 54 31
34 55 19
34 56 57
34 57 23
34 58 16
34 59 9
34 60 39
34 61 35
34 62 21
34 63 45
34 64 47
34 65 14
34 66 20
34 67 29
34 68 17
34 69 59
34 70 40
34 71 43
34 72 43
34 73 42
34 74 45
34 75 39
34 76 23
34 77 9
34 78 27
34 79 20
34 80 58
34 81 39
34 82 30
34 83 51
34 84 22
34 85 50
34 86 60
34 87 49
34 88 48
34 89 46
34 90 29
34 91 62
34 92 30
34 93 66
34 94 42
34 95 28
34 96 46
34 97 29
34 98 49
34 99 50
35 36 69
35 37 40
35 38 18
35 39 39
35 40 48
35 41 84
35 42 76
35 43 69
35 44 44
35 45 34
35 46 97
35 47 12
35 48 51
35 49 21
35 50 48
35 51 47
35 52 63
35 53 70
35 54 14
35 55 34
35 56 62
35 57 47
35 58 47
35 59 36
35 60 46
35 61 61
35 62 38
35 63 27
35 64 79
35 65 55
35 66 42
35 67 24
35 68 56
35 69 18
35 70 64
35 71 12
35 72 27
35 73 33
35 74 51
35 75 50
35 76 61
35 77 32
35 78 60
35 79 20
35 80 30
35 81 41
35 82 39
35 83 11
35 84 62
35 85 10
35 86 100
35 87 49
35 88 43
35 89 87
35 90 14
35 91 68
35 92 62
35 93 28
35 94 82
35 95 61
35 96 11
35 97 62
35 98 19
35 99 82
36 37 54
36 38 85
36 39 30
36 40 58
36 41 39
36 42 76
36 43 20
36 44 64
36 45 87
36 46 83
36 47 66
36 48 29
36 49 67
36 50 40
36 51 85
36 52 7
36 53 24
36 54 57
36 55 78
36 56 7
36 57 87
36 58 79
36 59 70
36 60 26
36 61 99
36 62 43
36 63 43
36 64 47
36 65 70
36 66 44
36 67 47
36 68 76
36 69 79
36 70 104
36 71 58
36 72 91
36 73 36
36 74 20
36 75 100
36 76 57
36 77 63
36 78 89
36 79 62
36 80 50
36 81 29
36 82 90
36 83 72
36 84 64
36 85 70
36 86 97
36 87 107
36 88 26
36 89 92
36 90 71
36 91 123
36 92 92
36 93 69
36 94 70
36 95 90
36 96 62
36 97 48
36 98 55
36 99 50
37 38 47
37 39 33
37 40 9
37 41 50
37 42 37
37 43 42
37 44 11
37 45 37
37 46 57
37 47 48
37 48 25
37 49 23
37 50 16
37 51 31
37 52 47
37 53 42
37 54 28
37 55 27
37 56 47
37 57 33
37 58 26
37 59 17
37 60 29
37 61 45
37 62 12
37 63 38
37 64 41
37 65 20
37 66 10
37 67 22
37 68 25
37 69 58
37 70 50
37 71 39
37 72 48
37 73 35
37 74 35
37 75 48
37 76 21
37 77 12
37 78 36
37 79 20
37 80 52
37 81 29
37 82 38
37 83 50
37 84 23
37 85 49
37 86 63
37 87 57
37 88 39
37 89 51
37 90 31
37 91 71
37 92 39
37 93 62
37 94 42
37 95 37
37 96 43
37 97 24
37 98 45
37 99 44
38 39 55
38 40 54
38 41 96
38 42 78
38 43 83
38 44 47
38 45 24
38 46 101
38 47 28
38 48 64
38 49 24
38 50 60
38 51 42
38 52 79
38 53 83
38 54 29
38 55 30
38 56 78
38 57 40
38 58 44
38 59 37
38 60 61
38 61 52
38 62 49
38 63 44
38 64 88
38 65 57
38 66 53
38 67 39
38 68 56
38 69 25
38 70 55
38 71 30
38 72 10
38 73 50
38 74 66
38 75 37
38 76 67
38 77 36
38 78 55
38 79 28
38 80 48
38 81 56
38 82 29
38 83 23
38 84 67
38 85 23
38 86 101
38 87 33
38 88 60
38 89 86
38 90 16
38 91 53
38 92 56
38 93 41
38 94 87
38 95 57
38 96 28
38 97 71
38 98 37
38 99 91
39 40 40
39 41 51
39 42 66
39 43 33
39 44 43
39 45 59
39 46 81
39 47 37
39 48 19
39 49 39
39 50 26
39 51 61
39 52 24
39 53 34
39 54 27
39 55 52
39 56 23
39 57 62
39 58 56
39 59 45
39 60 10
39 61 76
39 62 21
39 63 16
39 64 51
39 65 52
39 66 25
39 67 18
39 68 57
39 69 51
39 70 81
39 71 29
39 72 61
39 73 7
39 74 13
39 75 74
39 76 46
39 77 37
39 78 68
39 79 33
39 80 27
39 81 5
39 82 63
39 83 43
39 84 52
39 85 42
39 86 90
39 87 79
39 88 7
39 89 81
39 90 41
39 91 96
39 92 71
39 93 45
39 94 65
39 95 69
39 96 33
39 97 41
39 98 28
39 99 54
40 41 48
40 42 28
40 43 44
40 44 9
40 45 40
40 46 49
40 47 56
40 48 29
40 49 30
40 50 18
40 51 29
40 52 51
40 53 42
40 54 36
40 55 29
40 56 52
40 57 32
40 58 23
40 59 19
40 60 35
40 61 42
40 62 19
40 63 47
40 64 37
40 65 12
40 66 15
40 67 31
40 68 18
40 69 66
40 70 47
40 71 48
40 72 53
40 73 43
40 74 40
40 75 48
40 76 13
40 77 18
40 78 31
40 79 28
40 80 60
40 81 36
40 82 40
40 83 58
40 84 14
40 85 57
40 86 54
40 87 59
40 88 46
40 89 42
40 90 38
40 91 70
40 92 34
40 93 71
40 94 33
40 95 32
40 96 52
40 97 19
40 98 54
40 99 39
41 42 50
41 43 21
41 44 56
41 45 87
41 46 48
41 47 87
41 48 34
41 49 72
41 50 36
41 51 77
41 52 37
41 53 18
41 54 70
41 55 77
41 56 40
41 57 79
41 58 70
41 59 66
41 60 41
41 61 87
41 62 47
41 63 67
41 64 14
41 65 55
41 66 43
41 67 60
41 68 61
41 69 100
41 70 92
41 71 78
41 72 98
41 73 59
41 74 40
41 75 96
41 76 38
41 77 62
41 78 75
41 79 68
41 80 79
41 81 47
41 82 87
41 83 91
41 84 44
41 85 90
41 86 64
41 87 106
41 88 52
41 89 64
41 90 79
41 91 118
41 92 78
41 93 96
41 94 38
41 95 75
41 96 82
41 97 29
41 98 78
41 99 14
42 43 57
42 44 32
42 45 59
42 46 23
42 47 85
42 48 50
42 49 56
42 50 41
42 51 41
42 52 70
42 53 55
42 54 64
42 55 49
42 56 72
42 57 44
42 58 36
42 59 41
42 60 58
42 61 45
42 62 46
42 63 75
42 64 36
42 65 21
42 66 42
42 67 60
42 68 23
42 69 94
42 70 48
42 71 77
42 72 75
42 73 70
42 74 62
42 75 59
42 76 20
42 77 44
42 78 32
42 79 55
42 80 89
42 81 62
42 82 56
42 83 86
42 84 14
42 85 85
42 86 25
42 87 72
42 88 71
42 89 16
42 90 64
42 91 77
42 92 34
42 93 99
42 94 14
42 95 31
42 96 80
42 97 28
42 98 82
42 99 36
43 44 52
43 45 79
43 46 63
43 47 69
43 48 19
43 49 61
43 50 27
43 51 73
43 52 16
43 53 3
43 54 55
43 55 69
43 56 19
43 57 75
43 58 67
43 59 60
43 60 23
43 61 86
43 62 35
43 63 48
43 64 27
43 65 55
43 66 33
43 67 45
43 68 61
43 69 83
43 70 91
43 71 61
43 72 87
43 73 40
43 74 20
43 75 90
43 76 40
43 77 54
43 78 75
43 79 56
43 80 59
43 81 29
43 82 81
43 83 75
43 84 47
43 85 73
43 86 77
43 87 99
43 88 32
43 89 73
43 90 67
43 91 113
43 92 78
43 93 77
43 94 50
43 95 75
43 96 65
43 97 30
43 98 60
43 99 30
44 45 32
44 46 54
44 47 53
44 48 35
44 49 24
44 50 25
44 51 21
44 52 57
44 53 50
44 54 33
44 55 21
44 56 58
44 57 24
44 58 15
44 59 11
44 60 40
44 61 35
44 62 22
44 63 47
44 64 46
44 65 12
44 66 20
44 67 31
44 68 14
44 69 62
44 70 40
44 71 46
44 72 45
44 73 45
44 74 46
44 75 39
44 76 21
44 77 12
44 78 25
44 79 23
44 80 60
44 81 40
44 82 31
44 83 54
44 84 20
44 85 53
44 86 57
44 87 50
44 88 50
44 89 43
44 90 32
44 91 62
44 92 28
44 93 69
44 94 40
44 95 26
44 96 49
44 97 28
44 98 52
44 99 48
45 46 82
45 47 46
45 48 61
45 49 21
45 50 53
45 51 19
45 52 80
45 53 79
45 54 35
45 55 11
45 56 80
45 57 17
45 58 23
45 59 21
45 60 61
45 61 28
45 62 45
45 63 54
45 64 77
45 65 38
45 66 46
45 67 42
45 68 36
45 69 48
45 70 31
45 71 44
45 72 17
45 73 56
45 74 67
45 75 16
45 76 53
45 77 26
45 78 32
45 79 26
45 80 63
45 81 58
45 82 6
45 83 43
45 84 50
45 85 43
45 86 80
45 87 20
45 88 66
45 89 64
45 90 21
45 91 37
45 92 33
45 93 62
45 94 69
45 95 33
45 96 44
45 97 59
45 98 52
45 99 79
46 47 105
46 48 62
46 49 78
46 50 55
46 51 64
46 52 78
46 53 59
46 54 85
46 55 72
46 56 80
46 57 67
46 58 59
46 59 64
46 60 71
46 61 67
46 62 64
46 63 92
46 64 36
46 65 44
46 66 59
46 67 78
46 68 46
46 69 115
46 70 70
46 71 96
46 72 98
46 73 86
46 74 74
46 75 82
46 76 37
46 77 66
46 78 54
46 79 77
46 80 106
46 81 76
46 82 79
46 83 107
46 84 35
46 85 106
46 86 17
46 87 95
46 88 85
46 89 26
46 90 86
46 91 99
46 92 56
46 93 119
46 94 16
46 95 54
46 96 100
46 97 39
46 98 101
46 99 34
47 48 53
47 49 32
47 50 53
47 51 59
47 52 61
47 53 71
47 54 20
47 55 46
47 56 59
47 57 59
47 58 58
47 59 47
47 60 46
47 61 73
47 62 43
47 63 22
47 64 83
47 65 65
47 66 48
47 67 28
47 68 66
47 69 13
47 70 77
47 71 9
47 72 37
47 73 30
47 74 50
47 75 62
47 76 68
47 77 41
47 78 71
47 79 30
47 80 20
47 81 40
47 82 52
47 83 6
47 84 71
47 85 5
47 86 110
47 87 61
47 88 40
47 89 97
47 90 26
47 91 80
47 92 73
47 93 16
47 94 89
47 95 73
47 96 5
47 97 68
47 98 11
47 99 86
48 49 42
48 50 11
48 51 56
48 52 22
48 53 19
48 54 37
48 55 51
48 56 23
48 57 58
48 58 51
48 59 42
48 60 9
48 61 70
48 62 16
48 63 33
48 64 32
48 65 41
48 66 16
48 67 26
48 68 47
48 69 66
48 70 75
48 71 44
48 72 68
48 73 26
48 74 12
48 75 73
48 76 30
48 77 35
48 78 60
48 79 37
48 80 46
48 81 15
48 82 62
48 83 57
48 84 37
48 85 56
48 86 74
48 87 81
48 88 22
48 89 66
48 90 48
48 91 96
48 92 63
48 93 62
48 94 47
48 95 61
48 96 48
48 97 23
48 98 45
48 99 35
49 50 36
49 51 28
49 52 60
49 53 61
49 54 15
49 55 15
49 56 60
49 57 28
49 58 26
49 59 15
49 60 41
49 61 42
49 62 26
49 63 34
49 64 64
49 65 35
49 66 29
49 67 21
49 68 35
49 69 39
49 70 47
49 71 26
49 72 26
49 73 36
49 74 47
49 75 36
49 76 43
49 77 12
49 78 40
49 79 5
49 80 44
49 81 38
49 82 25
49 83 31
49 84 43
49 85 30
49 86 80
49 87 40
49 88 45
49 89 66
49 90 9
49 91 58
49 92 42
49 93 48
49 94 63
49 95 41
49 96 28
49 97 47
49 98 34
49 99 67
50 51 46
50 52 33
50 53 26
50 54 34
50 55 42
50 56 34
50 57 48
50 58 40
50 59 33
50 60 18
50 61 60
50 62 11
50 63 37
50 64 30
50 65 30
50 66 7
50 67 25
50 68 36
50 69 65
50 70 65
50 71 44
50 72 62
50 73 31
50 74 23
50 75 63
50 76 20
50 77 27
50 78 49
50 79 32
50 80 51
50 81 21
50 82 54
50 83 57
50 84 27
50 85 55
50 86 65
50 87 72
50 88 31
50 89 56
50 90 43
50 91 86
50 92 52
50 93 65
50 94 39
50 95 50
50 96 48
50 97 16
50 98 47
50 99 33
51 52 77
51 53 71
51 54 43
51 55 13
51 56 78
51 57 3
51 58 6
51 59 16
51 60 59
51 61 15
51 62 41
51 63 60
51 64 65
51 65 23
51 66 40
51 67 45
51 68 18
51 69 64
51 70 20
51 71 54
51 72 36
51 73 60
51 74 65
51 75 20
51 76 39
51 77 23
51 78 13
51 79 31
51 80 71
51 81 58
51 82 15
51 83 57
51 84 35
51 85 57
51 86 61
51 87 32
51 88 67
51 89 45
51 90 33
51 91 41
51 92 15
51 93 75
51 94 53
51 95 15
51 96 56
51 97 48
51 98 62
51 99 66
52 53 20
52 54 50
52 55 71
52 56 3
52 57 80
52 58 72
52 59 63
52 60 19
52 61 92
52 62 36
52 63 38
52 64 43
52 65 63
52 66 37
52 67 40
52 68 69
52 69 74
52 70 97
52 71 53
52 72 84
52 73 31
52 74 13
52 75 93
52 76 50
52 77 55
52 78 82
52 79 55
52 80 47
52 81 23
52 82 83
52 83 67
52 84 58
52 85 65
52 86 91
52 87 100
52 88 21
52 89 86
52 90 64
52 91 116
52 92 85
52 93 65
52 94 64
52 95 82
52 96 57
52 97 42
52 98 50
52 99 46
53 54 56
53 55 68
53 56 22
53 57 74
53 58 66
53 59 59
53 60 25
53 61 84
53 62 35
53 63 50
53 64 24
53 65 53
53 66 33
53 67 45
53 68 59
53 69 84
53 70 89
53 71 62
53 72 87
53 73 42
53 74 22
53 75 89
53 76 37
53 77 53
53 78 73
53 79 56
53 80 61
53 81 31
53 82 80
53 83 76
53 84 45
53 85 75
53 86 74
53 87 99
53 88 35
53 89 70
53 90 67
53 91 112
53 92 76
53 93 79
53 94 46
53 95 73
53 96 66
53 97 28
53 98 62
53 99 26
54 55 30
54 56 49
54 57 43
54 58 40
54 59 29
54 60 32
54 61 58
54 62 24
54 63 19
54 64 65
54 65 45
54 66 28
54 67 10
54 68 47
54 69 31
54 70 62
54 71 12
54 72 35
54 73 22
54 74 38
54 75 51
54 76 48
54 77 22
54 78 54
54 79 11
54 80 29
54 81 28
54 82 39
54 83 23
54 84 51
54 85 21
54 86 90
54 87 54
54 88 32
54 89 77
54 90 15
54 91 72
54 92 56
54 93 35
54 94 69
54 95 55
54 96 16
54 97 49
54 98 19
54 99 68
55 56 71
55 57 13
55 58 14
55 59 10
55 60 52
55 61 27
55 62 35
55 63 49
55 64 66
55 65 29
55 66 36
55 67 35
55 68 26
55 69 50
55 70 32
55 71 41
55 72 26
55 73 50
55 74 58
55 75 22
55 76 42
55 77 16
55 78 27
55 79 20
55 80 59
55 81 50
55 82 12
55 83 44
55 84 40
55 85 43
55 86 72
55 87 30
55 88 58
55 89 57
55 90 20
55 91 45
55 92 28
55 93 62
55 94 59
55 95 28
55 96 43
55 97 49
55 98 49
55 99 69
56 57 80
56 58 73
56 59 63
56 60 19
56 61 93
56 62 37
56 63 37
56 64 46
56 65 64
56 66 38
56 67 40
56 68 70
56 69 72
56 70 98
56 71 51
56 72 84
56 73 29
56 74 13
56 75 93
56 76 52
56 77 56
56 78 83
56 79 54
56 80 45
56 81 22
56 82 83
56 83 65
56 84 59
56 85 64
56 86 94
56 87 100
56 88 19
56 89 88
56 90 64
56 91 116
56 92 86
56 93 63
56 94 66
56 95 84
56 96 55
56 97 44
56 98 48
56 99 48
57 58 9
57 59 17
57 60 61
57 61 14
57 62 43
57 63 61
57 64 68
57 65 26
57 66 43
57 67 46
57 68 21
57 69 63
57 70 19
57 71 54
57 72 34
57 73 61
57 74 67
57 75 16
57 76 42
57 77 25
57 78 15
57 79 32
57 80 72
57 81 60
57 82 13
57 83 57
57 84 38
57 85 56
57 86 64
57 87 29
57 88 69
57 89 48
57 90 33
57 91 38
57 92 16
57 93 75
57 94 56
57 95 16
57 96 56
57 97 51
57 98 62
57 99 69
58 59 12
58 60 54
58 61 20
58 62 37
58 63 57
58 64 59
58 65 17
58 66 35
58 67 42
58 68 13
58 69 64
58 70 25
58 71 52
58 72 39
58 73 56
58 74 60
58 75 25
58 76 33
58 77 20
58 78 13
58 79 29
58 80 69
58 81 54
58 82 20
58 83 57
58 84 29
58 85 57
58 86 58
58 87 37
58 88 63
58 89 42
58 90 33
58 91 47
58 92 16
58 93 74
58 94 47
58 95 15
58 96 55
58 97 42
58 98 60
58 99 61
59 60 44
59 61 31
59 62 27
59 63 45
59 64 56
59 65 20
59 66 26
59 67 30
59 68 20
59 69 54
59 70 36
59 71 41
59 72 35
59 73 45
59 74 50
59 75 31
59 76 32
59 77 8
59 78 25
59 79 17
59 80 57
59 81 43
59 82 21
59 83 47
59 84 30
59 85 46
59 86 65
59 87 40
59 88 52
59 89 51
59 90 23
59 91 54
59 92 28
59 93 63
59 94 50
59 95 26
59 96 43
59 97 38
59 98 48
59 99 58
60 61 74
60 62 18
60 63 25
60 64 41
60 65 47
60 66 20
60 67 22
60 68 53
60 69 59
60 70 79
60 71 37
60 72 66
60 73 17
60 74 6
60 75 74
60 76 38
60 77 37
60 78 65
60 79 36
60 80 38
60 81 6
60 82 63
60 83 51
60 84 45
60 85 50
60 86 82
60 87 81
60 88 13
60 89 74
60 90 46
60 91 97
60 92 68
60 93 55
60 94 56
60 95 66
60 96 42
60 97 32
60 98 37
60 99 44
61 62 56
61 63 76
61 64 74
61 65 32
61 66 55
61 67 60
61 68 26
61 69 76
61 70 5
61 71 68
61 72 45
61 73 75
61 74 80
61 75 18
61 76 50
61 77 39
61 78 13
61 79 46
61 80 86
61 81 74
61 82 23
61 83 70
61 84 43
61 85 70
61 86 60
61 87 31
61 88 82
61 89 44
61 90 47
61 91 32
61 92 11
61 93 89
61 94 58
61 95 14
61 96 70
61 97 59
61 98 76
61 99 76
62 63 29
62 64 41
62 65 31
62 66 5
62 67 15
62 68 36
62 69 55
62 70 61
62 71 34
62 72 52
62 73 24
62 74 24
62 75 57
62 76 27
62 77 19
62 78 48
62 79 22
62 80 42
62 81 18
62 82 47
62 83 46
62 84 32
62 85 45
62 86 72
62 87 65
62 88 27
62 89 61
62 90 33
62 91 80
62 92 51
62 93 55
62 94 48
62 95 48
62 96 38
62 97 26
62 98 37
62 99 44
63 64 65
63 65 58
63 66 34
63 67 16
63 68 62
63 69 36
63 70 80
63 71 15
63 72 52
63 73 8
63 74 28
63 75 70
63 76 56
63 77 38
63 78 70
63 79 29
63 80 14
63 81 19
63 82 59
63 83 28
63 84 60
63 85 27
63 86 100
63 87 73
63 88 18
63 89 89
63 90 34
63 91 91
63 92 73
63 93 29
63 94 76
63 95 71
63 96 19
63 97 53
63 98 12
63 99 69
64 65 43
64 66 37
64 67 55
64 68 48
64 69 95
64 70 79
64 71 74
64 72 89
64 73 58
64 74 42
64 75 84
64 76 25
64 77 53
64 78 62
64 79 61
64 80 78
64 81 47
64 82 77
64 83 87
64 84 31
64 85 86
64 86 51
64 87 95
64 88 54
64 89 50
64 90 72
64 91 106
64 92 64
64 93 94
64 94 25
64 95 62
64 96 78
64 97 18
64 98 76
64 99 3
65 66 28
65 67 42
65 68 6
65 69 73
65 70 37
65 71 57
65 72 54
65 73 55
65 74 53
65 75 42
65 76 17
65 77 24
65 78 20
65 79 35
65 80 71
65 81 49
65 82 36
65 83 66
65 84 12
65 85 64
65 86 45
65 87 54
65 88 58
65 89 32
65 90 43
65 91 63
65 92 23
65 93 80
65 94 31
65 95 20
65 96 61
65 97 27
65 98 63
65 99 44
66 67 20
66 68 33
66 69 59
66 70 60
66 71 39
66 72 55
66 73 28
66 74 25
66 75 57
66 76 22
66 77 20
66 78 45
66 79 25
66 80 47
66 81 21
66 82 47
66 83 51
66 84 27
66 85 49
66 86 67
66 87 66
66 88 31
66 89 56
66 90 36
66 91 80
66 92 48
66 93 60
66 94 43
66 95 46
66 96 43
66 97 21
66 98 42
66 99 40
67 68 45
67 69 40
67 70 65
67 71 19
67 72 44
67 73 15
67 74 28
67 75 56
67 76 41
67 77 22
67 78 54
67 79 16
67 80 29
67 81 18
67 82 45
67 83 32
67 84 45
67 85 30
67 86 85
67 87 61
67 88 24
67 89 73
67 90 24
67 91 79
67 92 57
67 93 41
67 94 62
67 95 55
67 96 23
67 97 41
67 98 23
67 99 59
68 69 74
68 70 31
68 71 59
68 72 52
68 73 59
68 74 58
68 75 37
68 76 23
68 77 25
68 78 14
68 79 36
68 80 74
68 81 54
68 82 33
68 83 67
68 84 17
68 85 66
68 86 46
68 87 50
68 88 63
68 89 31
68 90 43
68 91 57
68 92 17
68 93 82
68 94 35
68 95 14
68 96 62
68 97 33
68 98 66
68 99 50
69 70 79
69 71 22
69 72 35
69 73 43
69 74 63
69 75 63
69 76 79
69 77 50
69 78 77
69 79 39
69 80 31
69 81 54
69 82 54
69 83 9
69 84 81
69 85 10
69 86 119
69 87 59
69 88 53
69 89 105
69 90 31
69 91 78
69 92 79
69 93 18
69 94 100
69 95 78
69 96 18
69 97 80
69 98 24
69 99 99
70 71 73
70 72 47
70 73 80
70 74 85
70 75 19
70 76 54
70 77 44
70 78 17
70 79 51
70 80 91
70 81 79
70 82 26
70 83 74
70 84 48
70 85 74
70 86 62
70 87 31
70 88 87
70 89 46
70 90 51
70 91 29
70 92 15
70 93 92
70 94 62
70 95 18
70 96 74
70 97 64
70 98 81
70 99 80
71 72 38
71 73 22
71 74 41
71 75 59
71 76 60
71 77 34
71 78 66
71 79 23
71 80 19
71 81 32
71 82 49
71 83 14
71 84 63
71 85 13
71 86 102
71 87 60
71 88 33
71 89 89
71 90 22
71 91 79
71 92 68
71 93 23
71 94 81
71 95 67
71 96 4
71 97 59
71 98 8
71 99 77
72 73 57
72 74 72
72 75 29
72 76 66
72 77 36
72 78 49
72 79 31
72 80 57
72 81 62
72 82 22
72 83 33
72 84 65
72 85 33
72 86 97
72 87 24
72 88 67
72 89 82
72 90 20
72 91 43
72 92 50
72 93 51
72 94 85
72 95 51
72 96 37
72 97 72
72 98 46
72 99 92
73 74 20
73 75 71
73 76 50
73 77 37
73 78 69
73 79 31
73 80 21
73 81 11
73 82 60
73 83 36
73 84 56
73 85 35
73 86 95
73 87 76
73 88 11
73 89 85
73 90 37
73 91 94
73 92 72
73 93 37
73 94 70
73 95 70
73 96 26
73 97 47
73 98 20
73 99 61
74 75 80
74 76 42
74 77 43
74 78 71
74 79 42
74 80 39
74 81 10
74 82 70
74 83 55
74 84 49
74 85 54
74 86 86
74 87 87
74 88 12
74 89 78
74 90 51
74 91 103
74 92 74
74 93 57
74 94 59
74 95 71
74 96 46
74 97 35
74 98 40
74 99 45
75 76 59
75 77 38
75 78 28
75 79 41
75 80 78
75 81 72
75 82 11
75 83 58
75 84 54
75 85 58
75 86 77
75 87 13
75 88 80
75 89 61
75 90 37
75 91 23
75 92 27
75 93 77
75 94 72
75 95 29
75 96 60
75 97 67
75 98 68
75 99 86
76 77 31
76 78 37
76 79 41
76 80 70
76 81 42
76 82 52
76 83 71
76 84 8
76 85 69
76 86 45
76 87 70
76 88 51
76 89 36
76 90 51
76 91 80
76 92 40
76 93 82
76 94 21
76 95 37
76 96 64
76 97 10
76 98 64
76 99 27
77 78 33
77 79 11
77 80 50
77 81 35
77 82 27
77 83 42
77 84 31
77 85 41
77 86 69
77 87 46
77 88 44
77 89 55
77 90 20
77 91 61
77 92 35
77 93 57
77 94 51
77 95 34
77 96 37
77 97 36
77 98 41
77 99 56
78 79 42
78 80 82
78 81 65
78 82 28
78 83 70
78 84 31
78 85 70
78 86 49
78 87 41
78 88 75
78 89 33
78 90 46
78 91 45
78 92 3
78 93 87
78 94 45
78 95 1
78 96 68
78 97 47
78 98 73
78 99 63
79 80 40
79 81 33
79 82 30
79 83 31
79 84 42
79 85 30
79 86 80
79 87 46
79 88 40
79 89 67
79 90 11
79 91 63
79 92 45
79 93 46
79 94 61
79 95 44
79 96 26
79 97 44
79 98 31
79 99 64
80 81 32
80 82 67
80 83 27
80 84 74
80 85 26
80 86 114
80 87 79
80 88 27
80 89 103
80 90 41
80 91 98
80 92 85
80 93 19
80 94 90
80 95 84
80 96 20
80 97 67
80 98 11
80 99 82
81 82 61
81 83 46
81 84 48
81 85 44
81 86 86
81 87 78
81 88 10
81 89 77
81 90 42
81 91 95
81 92 68
81 93 49
81 94 60
81 95 66
81 96 36
81 97 37
81 98 31
81 99 50
82 83 49
82 84 48
82 85 48
82 86 76
82 87 19
82 88 69
82 89 60
82 90 26
82 91 34
82 92 28
82 93 67
82 94 67
82 95 29
82 96 49
82 97 59
82 98 57
82 99 79
83 84 73
83 85 1
83 86 111
83 87 56
83 88 46
83 89 97
83 90 24
83 91 76
83 92 72
83 93 19
83 94 91
83 95 72
83 96 10
83 97 71
83 98 18
83 99 90
84 85 71
84 86 40
84 87 66
84 88 57
84 89 29
84 90 52
84 91 75
84 92 33
84 93 85
84 94 20
84 95 30
84 96 66
84 97 17
84 98 68
84 99 33
85 86 110
85 87 56
85 88 45
85 89 96
85 90 23
85 91 76
85 92 71
85 93 19
85 94 90
85 95 71
85 96 8
85 97 70
85 98 16
85 99 89
86 87 90
86 88 95
86 89 16
86 90 88
86 91 90
86 92 50
86 93 125
86 94 27
86 95 48
86 96 105
86 97 50
86 98 107
86 99 50
87 88 85
87 89 74
87 90 39
87 91 20
87 92 41
87 93 75
87 94 85
87 95 42
87 96 60
87 97 78
87 98 68
87 99 98
88 89 87
88 90 47
88 91 103
88 92 78
88 93 45
88 94 69
88 95 76
88 96 36
88 97 45
88 98 30
88 99 57
89 90 74
89 91 75
89 92 34
89 93 112
89 94 26
89 95 32
89 96 92
89 97 44
89 98 95
89 99 50
90 91 58
90 92 48
90 93 42
90 94 71
90 95 47
90 96 23
90 97 55
90 98 30
90 99 75
91 92 43
91 93 94
91 94 91
91 95 46
91 96 79
91 97 89
91 98 87
91 99 107
92 93 89
92 94 47
92 95 3
92 96 70
92 97 49
92 98 75
92 99 66
93 94 103
93 95 89
93 96 20
93 97 81
93 98 18
93 99 97
94 95 45
94 96 85
94 97 24
94 98 85
94 99 24
95 96 69
95 97 47
95 98 74
95 99 63
96 97 64
96 98 9
96 99 82
97 98 63
97 99 20
98 99 79
0 1 23
0 3 59
0 7 59
0 10 17
0 11 42
0 13 68
0 20 31
0 21 80
0 26 78
0 32 59
0 33 26
0 36 47
0 37 40
0 39 20
0 44 49
0 47 18
0 48 37
0 49 34
0 53 54
0 55 49
0 60 29
0 63 4
0 65 60
0 66 37
0 67 18
0 69 31
0 71 12
0 75 69
0 84 63
0 85 23
0 87 71
0 89 91
0 90 32
0 92 74
0 96 15
1 4 6
1 7 75
1 12 40
1 15 61
1 17 57
1 24 32
1 34 61
1 35 23
1 41 94
1 43 75
1 48 60
1 50 62
1 52 65
1 59 58
1 64 91
1 65 76
1 66 57
1 71 19
1 73 35
1 78 82
1 80 19
1 87 70
1 92 84
1 95 84
1 97 77
1 99 95
2 3 40
2 4 54
2 7 25
2 9 52
2 14 24
2 16 16
2 19 62
2 24 32
2 34 10
2 35 30
2 36 64
2 38 34
2 43 55
2 44 13
2 47 41
2 48 37
2 50 29
2 54 21
2 56 57
2 62 21
2 63 38
2 64 55
2 65 25
2 67 22
2 69 49
2 75 36
2 78 33
2 81 36
2 83 41
2 86 70
2 91 60
2 93 56
2 94 52
2 95 34
3 9 13
3 15 35
3 18 27
3 20 86
3 23 20
3 26 56
3 35 65
3 40 22
3 41 26
3 51 50
3 54 52
3 56 44
3 59 41
3 61 61
3 66 24
3 67 43
3 70 66
3 77 39
3 80 69
3 81 38
3 82 62
3 83 74
3 85 73
3 89 44
3 90 58
3 92 52
4 8 105
4 17 56
4 20 15
4 23 77
4 28 28
4 34 63
4 36 64
4 40 68
4 41 91
4 48 58
4 51 73
4 54 32
4 62 52
4 64 90
4 70 91
4 71 20
4 73 33
4 75 77
4 82 66
4 83 19
4 88 41
4 93 5
4 94 99
4 95 87
4 99 93
5 6 63
5 8 60
5 9 87
5 11 29
5 14 58
5 17 64
5 20 65
5 21 33
5 23 89
5 31 67
5 35 46
5 36 102
5 41 100
5 42 66
5 48 75
5 54 49
5 55 24
5 61 27
5 62 59
5 63 68
5 64 89
5 71 57
5 73 71
5 78 36
5 81 73
5 83 54
5 87 6
5 88 80
5 90 35
6 10 37
6 14 35
6 18 30
6 19 36
6 20 77
6 23 28
6 30 58
6 35 55
6 37 15
6 40 10
6 42 27
6 43 36
6 44 19
6 50 14
6 53 34
6 55 40
6 56 47
6 65 19
6 69 73
6 71 53
6 79 36
6 82 50
6 83 65
6 92 42
6 95 39
7 8 30
7 19 38
7 21 35
7 28 49
7 31 20
7 32 53
7 33 69
7 37 18
7 39 50
7 42 20
7 44 12
7 48 38
7 50 27
7 54 45
7 59 22
7 67 41
7 68 10
7 74 50
7 75 45
7 79 35
7 88 56
7 90 44
7 91 67
8 13 61
8 14 71
8 15 80
8 21 29
8 22 26
8 23 67
8 24 80
8 25 44
8 29 66
8 38 79
8 41 70
8 43 76
8 46 35
8 57 40
8 58 35
8 59 45
8 62 59
8 64 56
8 65 28
8 73 83
8 77 51
8 84 30
8 88 86
8 90 68
8 91 65
8 95 23
8 96 88
8 98 91
9 11 82
9 12 54
9 13 5
9 15 33
9 23 12
9 37 38
9 39 45
9 41 13
9 44 43
9 46 41
9 49 60
9 53 18
9 54 60
9 61 74
9 62 36
9 64 6
9 69 90
9 71 69
9 73 52
9 80 73
9 86 56
9 88 48
9 90 68
9 94 29
9 96 73
9 97 16
10 11 34
10 18 38
10 20 40
10 22 58
10 28 7
10 31 61
10 40 33
10 42 61
10 44 32
10 47 25
10 51 44
10 53 49
10 55 33
10 57 45
10 63 16
10 83 29
10 89 75
10 99 62
11 12 29
11 14 39
11 18 71
11 20 36
11 22 52
11 26 55
11 27 24
11 28 35
11 30 38
11 36 84
11 44 43
11 48 62
11 53 81
11 57 37
11 58 40
11 62 47
11 66 50
11 67 37
11 68 52
11 70 51
11 77 33
11 85 25
11 90 14
11 93 44
11 95 53
11 99 88
12 17 24
12 18 42
12 19 70
12 23 50
12 27 37
12 28 15
12 33 34
12 35 21
12 36 56
12 37 19
12 38 32
12 40 27
12 41 64
12 43 52
12 45 31
12 48 33
12 51 35
12 54 9
12 55 24
12 63 25
12 66 21
12 72 35
12 75 46
12 76 40
12 77 13
12 78 46
12 80 37
12 84 42
12 87 51
12 88 34
12 89 68
12 90 15
12 91 68
12 92 48
12 94 61
12 95 47
12 98 28
13 14 54
13 16 65
13 18 27
13 22 72
13 24 59
13 25 65
13 29 98
13 30 76
13 33 90
13 35 79
13 42 41
13 43 23
13 44 49
13 46 41
13 61 79
13 66 37
13 70 84
13 71 74
13 73 56
13 74 39
13 77 55
13 79 62
13 85 86
13 91 110
13 99 7
14 21 65
14 23 44
14 26 63
14 27 49
14 28 9
14 30 23
14 34 30
14 37 23
14 41 59
14 52 39
14 57 48
14 58 43
14 59 31
14 63 15
14 64 55
14 65 43
14 68 46
14 69 41
14 77 23
14 89 74
14 90 26
14 91 81
14 93 41
14 96 24
14 97 40
14 99 58
15 16 63
15 17 24
15 21 85
15 23 22
15 24 31
15 26 81
15 39 18
15 44 48
15 45 72
15 48 13
15 50 24
15 51 69
15 56 10
15 62 27
15 65 55
15 68 60
15 71 47
15 72 77
15 80 44
15 82 74
15 88 17
15 96 51
16 17 39
16 18 60
16 26 25
16 35 41
16 37 26
16 38 37
16 40 25
16 47 53
16 51 7
16 52 72
16 53 67
16 57 8
16 63 54
16 71 47
16 79 24
16 80 65
16 82 15
16 85 51
16 91 45
16 95 20
17 23 27
17 26 57
17 29 68
17 30 42
17 34 24
17 36 40
17 39 22
17 41 41
17 44 24
17 45 50
17 46 60
17 53 29
17 54 29
17 55 40
17 58 39
17 62 6
17 63 32
17 65 32
17 67 20
17 68 37
17 74 21
17 79 27
17 80 46
17 82 51
17 85 50
17 95 50
17 96 43
17 98 42
18 19 54
18 22 73
18 24 35
18 25 58
18 27 75
18 32 81
18 34 44
18 38 73
18 39 24
18 42 54
18 43 10
18 45 70
18 55 60
18 56 17
18 67 35
18 69 73
18 73 31
18 74 12
18 80 51
18 81 20
18 84 42
18 86 76
18 90 57
18 96 56
18 97 26
18 99 33
19 27 81
19 30 94
19 44 49
19 48 54
19 50 47
19 52 69
19 53 50
19 54 78
19 55 69
19 57 65
19 62 56
19 64 26
19 71 89
19 72 94
19 74 65
19 82 76
19 91 99
19 92 56
19 96 93
19 99 24
20 24 39
20 28 34
20 29 64
20 30 23
20 36 77
20 37 63
20 48 67
20 50 68
20 51 71
20 53 85
20 66 63
20 73 43
20 77 56
20 83 14
20 85 15
20 87 67
20 90 38
20 93 11
20 94 104
20 96 20
20 97 83
20 98 23
20 99 101
21 26 5
21 29 39
21 33 79
21 34 37
21 35 66
21 39 79
21 41 86
21 42 41
21 43 86
21 44 36
21 46 62
21 48 72
21 52 93
21 54 62
21 56 94
21 59 34
21 60 76
21 64 73
21 65 32
21 69 82
21 71 73
21 76 49
21 79 51
21 80 91
21 83 76
21 84 42
21 87 37
21 90 52
21 92 9
21 94 55
21 99 74
22 26 3
22 27 30
22 33 76
22 35 62
22 36 94
22 37 41
22 46 58
22 47 74
22 53 78
22 55 28
22 57 16
22 61 8
22 65 26
22 69 79
22 75 25
22 76 43
22 77 37
22 84 36
22 85 72
22 87 39
22 88 79
22 89 36
22 92 3
22 94 50
22 96 71
22 98 76
23 25 61
23 28 52
23 29 94
23 30 64
23 31 47
23 32 87
23 40 37
23 41 15
23 45 75
23 46 53
23 55 65
23 56 28
23 57 69
23 59 55
23 60 27
23 63 52
23 67 45
23 68 53
23 70 84
23 74 26
23 77 50
23 93 81
23 97 21
24 25 45
24 30 17
24 35 26
24 39 13
24 41 62
24 48 28
24 50 31
24 65 51
24 66 27
24 67 10
24 71 16
24 82 54
24 84 54
24 89 82
24 92 67
24 96 21
25 26 27
25 27 19
25 39 52
25 40 25
25 42 43
25 43 66
25 45 16
25 46 66
25 47 50
25 48 49
25 51 10
25 57 11
25 60 51
25 62 33
25 64 61
25 66 33
25 69 56
25 75 24
25 79 22
25 81 50
25 82 15
25 84 34
25 91 47
25 93 66
25 95 23
26 28 67
26 34 34
26 35 65
26 38 59
26 50 57
26 51 18
26 54 60
26 55 31
26 61 9
26 66 53
26 68 21
26 69 82
26 72 52
26 74 78
26 80 89
26 86 50
26 90 51
26 92 5
26 94 51
26 95 7
26 96 74
26 97 54
26 99 69
27 31 60
27 37 42
27 38 28
27 40 44
27 42 60
27 45 6
27 53 83
27 55 15
27 56 85
27 58 24
27 59 25
27 67 47
27 68 37
27 72 20
27 74 73
27 76 56
27 80 68
27 82 4
27 85 48
27 88 71
27 92 31
27 93 67
27 98 57
28 34 36
28 39 20
28 44 39
28 46 87
28 49 24
28 51 50
28 57 51
28 59 35
28 62 24
28 63 11
28 64 64
28 66 29
28 71 10
28 85 23
28 89 81
28 92 63
28 94 71
28 99 67
29 30 66
29 41 105
29 42 72
29 44 49
29 50 71
29 54 52
29 59 39
29 60 79
29 64 95
29 70 32
29 80 77
29 81 77
29 83 53
29 85 54
29 87 3
29 89 75
29 91 22
29 99 97
30 32 56
30 33 18
30 34 50
30 37 45
30 43 61
30 49 34
30 51 62
30 56 49
30 58 60
30 59 48
30 61 76
30 67 23
30 68 66
30 73 21
30 74 41
30 76 65
30 80 11
30 85 16
30 86 108
30 87 68
30 95 75
31 36 76
31 37 37
31 43 57
31 45 59
31 60 58
31 62 46
31 63 74
31 65 21
31 66 41
31 68 23
31 77 44
31 78 33
31 80 88
31 87 73
31 88 71
31 93 99
31 94 13
31 97 27
32 33 46
32 34 42
32 35 37
32 38 21
32 39 68
32 40 52
32 42 70
32 44 44
32 52 90
32 55 23
32 57 27
32 58 34
32 60 71
32 61 35
32 63 60
32 72 12
32 73 64
32 75 17
32 76 65
32 77 37
32 86 91
33 39 45
33 44 58
33 49 35
33 61 74
33 64 90
33 67 35
33 68 70
33 70 77
33 71 17
33 72 35
33 75 61
33 77 46
33 79 34
33 82 52
33 84 76
33 87 58
33 88 48
33 92 75
33 93 17
33 97 75
34 35 41
34 36 64
34 38 44
34 46 57
34 50 25
34 52 56
34 55 19
34 57 23
34 60 39
34 61 35
34 64 47
34 72 43
34 75 39
34 80 58
34 83 51
34 93 66
35 36 69
35 38 18
35 46 97
35 49 21
35 51 47
35 53 70
35 54 14
35 55 34
35 56 62
35 59 36
35 64 79
35 66 42
35 67 24
35 68 56
35 76 61
35 77 32
35 80 30
35 85 10
35 91 68
36 49 67
36 53 24
36 60 26
36 61 99
36 66 44
36 69 79
36 71 58
36 76 57
36 77 63
36 80 50
36 89 92
36 91 123
36 93 69
36 97 48
37 42 37
37 49 23
37 50 16
37 52 47
37 55 27
37 56 47
37 59 17
37 60 29
37 69 58
37 74 35
37 77 12
37 80 52
37 84 23
37 85 49
37 86 63
37 88 39
37 89 51
37 91 71
37 93 62
37 94 42
37 97 24
37 99 44
38 41 96
38 49 24
38 53 83
38 54 29
38 55 30
38 56 78
38 57 40
38 63 44
38 66 53
38 68 56
38 70 55
38 72 10
38 77 36
38 84 67
38 87 33
38 90 16
38 91 53
38 93 41
38 97 71
39 44 43
39 51 61
39 52 24
39 55 52
39 59 45
39 61 76
39 63 16
39 64 51
39 67 18
39 69 51
39 71 29
39 75 74
39 79 33
39 83 43
39 86 90
39 89 81
39 92 71
39 95 69
39 97 41
40 43 44
40 50 18
40 52 51
40 54 36
40 55 29
40 75 48
40 77 18
40 80 60
40 81 36
40 83 58
40 85 57
40 89 42
40 90 38
40 93 71
41 42 50
41 47 87
41 53 18
41 56 40
41 58 70
41 64 14
41 69 100
41 72 98
41 73 59
41 75 96
41 81 47
41 84 44
41 92 78
42 43 57
42 50 41
42 52 70
42 55 49
42 56 72
42 57 44
42 58 36
42 59 41
42 68 23
42 71 77
42 74 62
42 77 44
42 78 32
42 79 55
42 80 89
42 85 85
42 86 25
42 87 72
42 88 71
42 91 77
42 93 99
42 96 80
42 98 82
43 46 63
43 48 19
43 52 16
43 54 55
43 59 60
43 60 23
43 62 35
43 68 61
43 71 61
43 74 20
43 78 75
43 81 29
43 88 32
43 91 113
43 98 60
44 49 24
44 58 15
44 64 46
44 69 62
44 72 45
44 81 40
44 89 43
44 95 26
44 97 28
45 55 11
45 57 17
45 63 54
45 66 46
45 68 36
45 69 48
45 70 31
45 72 17
45 74 67
45 83 43
45 85 43
45 94 69
45 95 33
45 96 44
45 98 52
46 47 105
46 50 55
46 51 64
46 52 78
46 54 85
46 62 64
46 68 46
46 70 70
46 73 86
46 75 82
46 79 77
46 82 79
46 83 107
46 91 99
46 93 119
46 97 39
46 99 34
47 49 32
47 59 47
47 60 46
47 62 43
47 65 65
47 67 28
47 70 77
47 72 37
47 73 30
47 74 50
47 84 71
47 86 110
47 87 61
47 89 97
47 96 5
47 97 68
48 50 11
48 53 19
48 57 58
48 67 26
48 68 47
48 70 75
48 73 26
48 87 81
48 90 48
48 91 96
48 97 23
48 99 35
49 57 28
49 58 26
49 59 15
49 62 26
49 67 21
49 75 36
49 77 12
49 78 40
49 79 5
49 80 44
49 81 38
49 84 43
49 93 48
49 97 47
49 99 67
50 51 46
50 59 33
50 65 30
50 67 25
50 68 36
50 69 65
50 71 44
50 72 62
50 73 31
50 74 23
50 77 27
50 80 51
50 81 21
50 85 55
50 88 31
50 89 56
50 93 65
50 94 39
50 95 50
50 98 47
51 52 77
51 55 13
51 58 6
51 66 40
51 67 45
51 68 18
51 76 39
51 78 13
51 82 15
51 83 57
51 88 67
51 94 53
52 54 50
52 56 3
52 57 80
52 61 92
52 63 38
52 67 40
52 72 84
52 73 31
52 74 13
52 80 47
52 82 83
52 83 67
52 87 100
52 93 65
52 94 64
53 54 56
53 55 68
53 57 74
53 59 59
53 61 84
53 62 35
53 68 59
53 77 53
53 79 56
53 81 31
53 82 80
53 83 76
53 86 74
53 95 73
53 97 28
54 55 30
54 59 29
54 64 65
54 66 28
54 71 12
54 72 35
54 78 54
54 88 32
54 89 77
54 92 56
55 62 35
55 65 29
55 66 36
55 68 26
55 70 32
55 73 50
55 75 22
55 78 27
55 80 59
55 81 50
55 85 43
55 86 72
55 90 20
55 96 43
55 98 49
55 99 69
56 59 63
56 60 19
56 61 93
56 64 46
56 67 40
56 72 84
56 74 13
56 80 45
56 85 64
56 88 19
56 91 116
56 96 55
56 97 44
56 98 48
56 99 48
57 62 43
57 68 21
57 71 54
57 72 34
57 73 61
57 81 60
57 82 13
57 85 56
57 88 69
57 89 48
57 92 16
57 93 75
57 98 62
58 61 20
58 68 13
58 69 64
58 75 25
58 76 33
58 78 13
58 79 29
58 80 69
58 85 57
58 90 33
59 60 44
59 61 31
59 70 36
59 77 8
59 78 25
59 80 57
59 81 43
59 82 21
59 83 47
59 86 65
59 93 63
59 99 58
60 65 47
60 69 59
60 70 79
60 72 66
60 79 36
60 82 63
60 86 82
60 94 56
61 62 56
61 65 32
61 67 60
61 69 76
61 72 45
61 79 46
61 85 70
61 87 31
61 88 82
61 91 32
61 92 11
61 94 58
62 64 41
62 66 5
62 68 36
62 70 61
62 75 57
62 77 19
62 79 22
62 83 46
62 87 65
62 88 27
62 90 33
62 96 38
62 97 26
63 64 65
63 70 80
63 74 28
63 78 70
63 80 14
63 81 19
63 85 27
63 87 73
63 93 29
63 95 71
63 96 19
64 66 37
64 67 55
64 68 48
64 72 89
64 76 25
64 79 61
64 80 78
64 83 87
64 86 51
64 90 72
64 92 64
64 93 94
64 96 78
65 70 37
65 80 71
65 84 12
65 92 23
65 95 20
65 96 61
65 99 44
66 68 33
66 70 60
66 74 25
66 76 22
66 80 47
66 81 21
66 82 47
66 86 67
66 91 80
66 92 48
66 95 46
66 98 42
67 77 22
67 84 45
67 91 79
67 94 62
67 96 23
67 97 41
67 98 23
68 69 74
68 70 31
68 71 59
68 80 74
68 82 33
68 89 31
68 90 43
68 95 14
68 96 62
68 99 50
69 73 43
69 74 63
69 79 39
69 81 54
69 85 10
69 86 119
69 89 105
69 97 80
69 98 24
70 74 85
70 76 54
70 77 44
70 79 51
70 83 74
70 84 48
70 90 51
70 92 15
70 95 18
70 97 64
71 72 38
71 76 60
71 78 66
71 79 23
71 90 22
71 91 79
71 92 68
71 93 23
71 97 59
72 73 57
72 79 31
72 81 62
72 88 67
72 93 51
72 98 46
73 76 50
73 83 36
73 84 56
73 89 85
73 90 37
73 91 94
73 93 37
73 95 70
73 98 20
73 99 61
74 75 80
74 76 42
74 77 43
74 78 71
74 82 70
74 87 87
74 88 12
74 90 51
74 92 74
74 93 57
74 99 45
75 4 77
75 77 38
75 78 28
75 79 41
75 80 78
75 85 58
75 86 77
75 87 13
75 88 80
75 90 37
75 92 27
75 95 29
75 98 68
76 81 42
76 83 71
76 88 51
76 90 51
76 94 21
76 99 27
77 79 11
77 89 55
77 91 61
77 94 51
78 80 82
78 81 65
78 83 70
78 87 41
78 88 75
78 91 45
78 92 3
78 93 87
78 95 1
78 96 68
78 97 47
78 99 63
79 91 63
79 94 61
79 96 26
79 98 31
80 81 32
80 85 26
80 86 114
80 87 79
80 89 103
80 90 41
80 98 11
80 99 82
81 88 10
81 92 68
81 94 60
81 95 66
81 97 37
81 99 50
82 84 48
82 85 48
82 90 26
82 91 34
82 92 28
82 93 67
82 95 29
82 98 57
83 85 1
83 86 111
83 92 72
83 94 91
83 96 10
83 97 71
83 98 18
84 87 66
84 91 75
84 95 30
84 98 68
85 88 45
85 93 19
85 94 90
85 97 70
86 88 95
86 89 16
86 93 125
87 88 85
87 92 41
87 95 42
87 97 78
88 89 87
88 92 78
88 95 76
88 97 45
88 98 30
89 91 75
89 97 44
90 91 58
90 95 47
91 95 46
91 96 79
91 97 89
91 99 107
92 94 47
92 99 66
93 94 103
93 95 89
93 98 18
93 99 97
94 96 85
94 98 85
94 99 24
95 96 69
95 99 63
96 97 64
96 99 82
98 99 79
