20 0.3 20 0 0.5 190 57 16
0.137016 0.0690734 23
0.808614 0.426463 16
0.366109 0.818926 24
0.0212386 0.558913 25
0.905223 0.61098 25
0.199566 0.422456 15
0.263852 0.124677 16
0.596759 0.645231 16
0.0700427 0.933768 36
0.487826 0.353139 0
0.504833 0.984282 32
0.680725 0.803101 24
0.608754 0.626259 15
0.636317 0.89417 28
0.506951 0.349852 1
0.636764 0.174435 12
0.727607 0.384406 12
0.605025 0.708157 19
0.245896 0.630596 18
0.783787 0.689773 22
0 1 76
0 2 78
0 3 50
0 4 94
0 5 36
0 6 14
0 7 74
0 8 87
0 9 45
0 10 99
0 11 91
0 12 73
0 13 96
0 14 46
0 15 51
0 16 67
0 17 79
0 18 57
0 19 90
1 2 59
1 3 80
1 4 21
1 5 61
1 6 62
1 7 30
1 8 90
1 9 33
1 10 64
1 11 40
1 12 28
1 13 50
1 14 31
1 15 31
1 16 9
1 17 35
1 18 60
1 19 26
2 3 43
2 4 58
2 5 43
2 6 70
2 7 29
2 8 32
2 9 48
2 10 22
2 11 32
2 12 31
2 13 28
2 14 49
2 15 70
2 16 57
2 17 26
2 18 22
2 19 44
3 4 89
3 5 22
3 6 50
3 7 58
3 8 38
3 9 51
3 10 64
3 11 70
3 12 59
3 13 70
3 14 53
3 15 73
3 16 73
3 17 60
3 18 24
3 19 77
4 5 73
4 6 80
4 7 31
4 8 90
4 9 49
4 10 55
4 11 30
4 12 30
4 13 39
4 14 48
4 15 51
4 16 29
4 17 32
4 18 66
4 19 14
5 6 30
5 7 46
5 8 53
5 9 30
5 10 64
5 11 61
5 12 46
5 13 64
5 14 32
5 15 50
5 16 53
5 17 50
5 18 21
5 19 64
6 7 62
6 8 83
6 9 32
6 10 89
6 11 80
6 12 61
6 13 85
6 14 33
6 15 38
6 16 53
6 17 68
6 18 51
6 19 77
7 8 60
7 9 31
7 10 35
7 11 18
7 12 2
7 13 25
7 14 31
7 15 47
7 16 29
7 17 6
7 18 35
7 19 19
8 9 72
8 10 44
8 11 62
8 12 62
8 13 57
8 14 73
8 15 95
8 16 86
8 17 58
8 18 35
8 19 75
9 10 63
9 11 49
9 12 30
9 13 56
9 14 2
9 15 23
9 16 24
9 17 37
9 18 37
9 19 45
10 11 25
10 12 37
10 13 16
10 14 63
10 15 82
10 16 64
10 17 29
10 18 44
10 19 41
11 12 19
11 13 10
11 14 49
11 15 63
11 16 42
11 17 12
11 18 47
11 19 15
12 13 27
12 14 29
12 15 45
12 16 27
12 17 8
12 18 36
12 19 19
13 14 56
13 15 72
13 16 52
13 17 19
13 18 47
13 19 25
14 15 22
14 16 22
14 17 37
14 18 38
14 19 44
15 16 23
15 17 53
15 18 60
15 19 54
16 17 35
16 18 54
16 19 31
17 18 37
17 19 18
18 19 54
0 3 50
0 12 73
1 4 21
1 8 90
1 12 28
1 15 31
1 16 9
1 18 60
2 5 43
2 9 48
2 12 31
2 13 28
2 15 70
3 4 89
3 6 50
3 9 51
3 10 64
3 14 53
4 8 90
4 11 30
4 16 29
4 19 14
5 6 30
5 7 46
5 10 64
5 11 61
5 12 46
5 17 50
5 19 64
6 7 62
6 10 89
6 11 80
6 14 33
6 15 38
6 17 68
6 18 51
7 16 29
8 9 72
8 11 62
8 13 57
9 10 63
9 14 2
10 14 63
10 16 64
10 17 29
10 18 44
10 19 41
11 19 15
13 14 56
13 15 72
13 18 47
13 19 25
14 15 22
14 16 22
14 17 37
14 18 38
15 17 53
