100 0.7 10 1 0.5 4950 3465 85
0.228896 0.609433 41
0.448304 0.682599 30
0.739998 0.280918 37
0.692778 0.901106 14
0.354752 0.823801 31
0.925672 0.124321 44
0.509748 0.437126 36
0.0853141 0.831881 44
0.849112 0.504986 25
0.920132 0.980704 2
0.821273 0.757859 14
0.149293 0.149884 58
0.427937 0.218366 47
0.821959 0.424001 29
0.152757 0.0635121 61
0.493363 0.451686 36
0.768849 0.144106 44
0.38481 0.625618 34
0.214784 0.176402 55
0.356734 0.398576 42
0.587627 0.567475 28
0.0153693 0.923132 47
0.892798 0.969428 3
0.139283 0.363242 51
0.835494 0.397429 30
0.875643 0.693102 16
0.60567 0.44853 32
0.621826 0.0668101 49
0.437928 0.129347 50
0.988899 0.883592 6
0.515021 0.575419 30
0.0482969 0.114662 63
0.224453 0.646409 40
0.491741 0.79459 25
0.375594 0.819025 30
0.916366 0.445407 28
0.814927 0.081944 46
0.361886 0.595695 36
0.0266493 0.305624 58
0.393023 0.113592 52
0.986348 0.237403 38
0.463962 0.981041 24
0.670304 0.862783 16
0.0887266 0.355866 54
0.751241 0.308654 36
0.659097 0.340129 36
0.66138 0.740807 19
0.57566 0.439298 34
0.0793721 0.400543 53
0.423406 0.734548 29
0.461143 0.892636 25
0.281767 0.804825 35
0.832591 0.0535005 47
0.541376 0.944922 21
0.23514 0.210781 53
0.129621 0.290585 54
0.809539 0.11397 45
0.264619 0.768285 36
0.440344 0.839616 27
0.155251 0.152656 58
0.613853 0.346764 37
0.122128 0.0533034 63
0.108313 0.996072 42
0.69812 0.467348 29
0.956771 0.507911 24
0.312792 0.273039 48
0.23765 0.302093 50
0.599723 0.364964 36
0.506864 0.40575 37
0.788538 0.51214 25
0.380097 0.996142 29
0.644652 0.756941 19
0.748423 0.772932 15
0.562821 0.452866 33
0.830554 0.368073 32
0.52537 0.103193 49
0.760587 0.676821 19
0.804744 0.902603 9
0.70825 0.390791 33
0.333839 0.394023 43
0.316463 0.685435 35
0.557987 0.679353 25
0.513176 0.590533 30
0.100912 0.0981682 62
0.135071 0.693068 44
0.838349 0.387037 31
0.163357 0.121857 59
0.800313 0.842278 11
0.60871 0.221442 42
0.761033 0.842046 12
0.951574 0.995132 0
0.885903 0.313571 34
0.63987 0.900563 16
0.717528 0.295578 37
0.601868 0.598511 26
0.228378 0.783155 38
0.404959 0.463671 38
0.57047 0.0449879 51
0.074129 0.36898 54
0.854715 0.375313 31
0 1 23
0 2 61
0 3 55
0 4 25
0 5 85
0 6 33
0 7 26
0 8 63
0 9 78
0 10 61
0 11 47
0 12 44
0 13 62
0 14 55
0 15 31
0 16 71
0 17 16
0 18 43
0 19 25
0 20 36
0 21 38
0 22 76
0 23 26
0 24 64
0 25 65
0 26 41
0 27 67
0 28 52
0 29 81
0 30 29
0 31 53
0 32 4
0 33 32
0 34 26
0 35 71
0 36 79
0 37 13
0 38 36
0 39 52
0 40 84
0 41 44
0 42 51
0 43 29
0 44 60
0 45 51
0 46 45
0 47 39
0 48 26
0 49 23
0 50 37
0 51 20
0 52 82
0 53 46
0 54 40
0 55 33
0 56 76
0 57 16
0 58 31
0 59 46
0 60 47
0 61 57
0 62 41
0 63 49
0 64 73
0 65 35
0 66 31
0 67 44
0 68 34
0 69 57
0 70 42
0 71 44
0 72 54
0 73 37
0 74 65
0 75 59
0 76 54
0 77 65
0 78 53
0 79 24
0 80 12
0 81 34
0 82 28
0 83 53
0 84 13
0 85 65
0 86 49
0 87 62
0 88 54
0 89 58
0 90 82
0 91 72
0 92 50
0 93 58
0 94 37
0 95 17
0 96 23
0 97 66
0 98 29
0 99 67
1 2 50
1 3 33
1 4 17
1 5 73
1 6 25
1 7 39
1 8 44
1 9 56
1 10 38
1 11 61
1 12 46
1 13 45
1 14 69
1 15 24
1 16 63
1 17 9
1 18 56
1 19 30
1 20 18
1 21 50
1 22 53
1 23 44
1 24 48
1 25 43
1 26 28
1 27 64
1 28 55
1 29 58
1 30 13
1 31 69
1 32 23
1 33 12
1 34 15
1 35 52
1 36 70
1 37 12
1 38 57
1 39 57
1 40 70
1 41 30
1 42 29
1 43 49
1 44 48
1 45 40
1 46 22
1 47 27
1 48 46
1 49 6
1 50 21
1 51 21
1 52 74
1 53 28
1 54 52
1 55 51
1 56 67
1 57 20
1 58 16
1 59 61
1 60 37
1 61 71
1 62 46
1 63 33
1 64 54
1 65 43
1 66 43
1 67 35
1 68 28
1 69 38
1 70 32
1 71 21
1 72 31
1 73 26
1 74 50
1 75 58
1 76 31
1 77 42
1 78 39
1 79 31
1 80 13
1 81 11
1 82 11
1 83 68
1 84 31
1 85 49
1 86 63
1 87 39
1 88 49
1 89 35
1 90 59
1 91 57
1 92 29
1 93 47
1 94 18
1 95 24
1 96 22
1 97 65
1 98 49
1 99 51
2 3 62
2 4 67
2 5 24
2 6 28
2 7 86
2 8 25
2 9 72
2 10 48
2 11 61
2 12 32
2 13 16
2 14 63
2 15 30
2 16 14
2 17 49
2 18 54
2 19 40
2 20 32
2 21 97
2 22 71
2 23 61
2 24 15
2 25 43
2 26 21
2 27 24
2 28 34
2 29 65
2 30 37
2 31 71
2 32 63
2 33 57
2 34 65
2 35 24
2 36 21
2 37 49
2 38 71
2 39 39
2 40 25
2 41 75
2 42 59
2 43 66
2 44 3
2 45 10
2 46 47
2 47 23
2 48 67
2 49 55
2 50 67
2 51 70
2 52 25
2 53 69
2 54 51
2 55 61
2 56 18
2 57 68
2 58 63
2 59 60
2 60 14
2 61 66
2 62 95
2 63 19
2 64 31
2 65 43
2 66 50
2 67 16
2 68 26
2 69 24
2 70 80
2 71 49
2 72 49
2 73 25
2 74 13
2 75 28
2 76 40
2 77 63
2 78 11
2 79 42
2 80 59
2 81 44
2 82 38
2 83 66
2 84 73
2 85 14
2 86 60
2 87 56
2 88 14
2 89 56
2 90 74
2 91 15
2 92 63
2 93 3
2 94 35
2 95 72
2 96 38
2 97 29
2 98 67
2 99 15
3 4 35
3 5 81
3 6 50
3 7 61
3 8 43
3 9 24
3 10 19
3 11 93
3 12 73
3 13 49
3 14 100
3 15 49
3 16 76
3 17 41
3 18 87
3 19 60
3 20 35
3 21 68
3 22 21
3 23 77
3 24 52
3 25 28
3 26 46
3 27 84
3 28 81
3 29 30
3 30 37
3 31 102
3 32 53
3 33 23
3 34 33
3 35 51
3 36 83
3 37 45
3 38 89
3 39 84
3 40 73
3 41 24
3 42 4
3 43 81
3 44 60
3 45 56
3 46 16
3 47 48
3 48 79
3 49 32
3 50 23
3 51 42
3 52 86
3 53 16
3 54 83
3 55 83
3 56 80
3 57 45
3 58 26
3 59 92
3 60 56
3 61 102
3 62 59
3 63 43
3 64 47
3 65 73
3 66 75
3 67 54
3 68 53
3 69 40
3 70 33
3 71 15
3 72 14
3 73 47
3 74 55
3 75 82
3 76 23
3 77 11
3 78 51
3 79 62
3 80 43
3 81 26
3 82 36
3 83 100
3 84 60
3 85 53
3 86 94
3 87 12
3 88 68
3 89 9
3 90 28
3 91 62
3 92 5
3 93 61
3 94 32
3 95 48
3 96 52
3 97 86
3 98 82
3 99 55
4 5 90
4 6 42
4 7 27
4 8 59
4 9 59
4 10 47
4 11 70
4 12 61
4 13 61
4 14 79
4 15 40
4 16 80
4 17 20
4 18 66
4 19 43
4 20 35
4 21 35
4 22 56
4 23 51
4 24 64
4 25 54
4 26 45
4 27 80
4 28 70
4 29 64
4 30 30
4 31 77
4 32 22
4 33 14
4 34 2
4 35 68
4 36 87
4 37 23
4 38 61
4 39 71
4 40 86
4 41 19
4 42 32
4 43 54
4 44 65
4 45 57
4 46 32
4 47 44
4 48 50
4 49 11
4 50 13
4 51 8
4 52 91
4 53 22
4 54 62
4 55 58
4 56 84
4 57 11
4 58 9
4 59 70
4 60 54
4 61 80
4 62 30
4 63 49
4 64 68
4 65 55
4 66 53
4 67 52
4 68 44
4 69 53
4 70 17
4 71 30
4 72 40
4 73 43
4 74 66
4 75 74
4 76 43
4 77 46
4 78 56
4 79 43
4 80 14
4 81 25
4 82 28
4 83 77
4 84 26
4 85 65
4 86 73
4 87 45
4 88 65
4 89 41
4 90 62
4 91 74
4 92 30
4 93 64
4 94 33
4 95 13
4 96 36
4 97 81
4 98 53
4 99 67
5 6 52
5 7 110
5 8 39
5 9 86
5 10 64
5 11 78
5 12 51
5 13 32
5 14 78
5 15 54
5 16 16
5 17 74
5 18 71
5 19 63
5 20 56
5 21 121
5 22 85
5 23 82
5 24 29
5 25 57
5 26 46
5 27 31
5 28 49
5 29 76
5 30 61
5 31 88
5 32 87
5 33 80
5 34 89
5 35 32
5 36 12
5 37 73
5 38 92
5 39 53
5 40 13
5 41 97
5 42 78
5 43 87
5 44 25
5 45 34
5 46 67
5 47 47
5 48 89
5 49 79
5 50 90
5 51 94
5 52 12
5 53 91
5 54 70
5 55 81
5 56 12
5 57 92
5 58 86
5 59 77
5 60 38
5 61 81
5 62 120
5 63 41
5 64 38
5 65 63
5 66 71
5 67 41
5 68 50
5 69 41
5 70 103
5 71 69
5 72 67
5 73 49
5 74 26
5 75 40
5 76 58
5 77 79
5 78 34
5 79 65
5 80 83
5 81 67
5 82 62
5 83 83
5 84 97
5 85 28
5 86 76
5 87 73
5 88 33
5 89 74
5 90 87
5 91 19
5 92 83
5 93 27
5 94 57
5 95 96
5 96 62
5 97 36
5 98 89
5 99 26
6 7 58
6 8 35
6 9 68
6 10 45
6 11 46
6 12 23
6 13 31
6 14 52
6 15 2
6 16 39
6 17 23
6 18 39
6 19 16
6 20 15
6 21 69
6 22 66
6 23 38
6 24 33
6 25 45
6 26 10
6 27 39
6 28 32
6 29 65
6 30 14
6 31 56
6 32 35
6 33 36
6 34 40
6 35 41
6 36 47
6 37 22
6 38 50
6 39 34
6 40 52
6 41 55
6 42 45
6 43 43
6 44 27
6 45 18
6 46 34
6 47 7
6 48 43
6 49 31
6 50 46
6 51 43
6 52 50
6 53 51
6 54 36
6 55 41
6 56 44
6 57 41
6 58 41
6 59 45
6 60 14
6 61 55
6 62 69
6 63 19
6 64 45
6 65 26
6 66 30
6 67 12
6 68 3
6 69 29
6 70 57
6 71 35
6 72 41
6 73 6
6 74 33
6 75 33
6 76 35
6 77 55
6 78 20
6 79 18
6 80 31
6 81 25
6 82 15
6 83 53
6 84 45
6 85 33
6 86 47
6 87 50
6 88 24
6 89 48
6 90 71
6 91 40
6 92 48
6 93 25
6 94 19
6 95 45
6 96 11
6 97 40
6 98 44
6 99 35
7 8 83
7 9 85
7 10 74
7 11 68
7 12 70
7 13 84
7 14 77
7 15 56
7 16 97
7 17 36
7 18 67
7 19 51
7 20 57
7 21 11
7 22 82
7 23 47
7 24 87
7 25 80
7 26 65
7 27 93
7 28 79
7 29 91
7 30 50
7 31 72
7 32 23
7 33 41
7 34 29
7 35 92
7 36 105
7 37 36
7 38 53
7 39 78
7 40 108
7 41 41
7 42 59
7 43 48
7 44 85
7 45 76
7 46 58
7 47 63
7 48 43
7 49 35
7 50 38
7 51 20
7 52 108
7 53 47
7 54 64
7 55 54
7 56 102
7 57 19
7 58 36
7 59 68
7 60 72
7 61 78
7 62 17
7 63 71
7 64 93
7 65 60
7 66 55
7 67 69
7 68 60
7 69 77
7 70 34
7 71 56
7 72 67
7 73 61
7 74 88
7 75 85
7 76 69
7 77 72
7 78 76
7 79 50
7 80 27
7 81 50
7 82 49
7 83 73
7 84 15
7 85 87
7 86 71
7 87 72
7 88 80
7 89 68
7 90 88
7 91 95
7 92 56
7 93 83
7 94 57
7 95 15
7 96 49
7 97 92
7 98 46
7 99 89
8 9 48
8 10 25
8 11 78
8 12 51
8 13 9
8 14 82
8 15 36
8 16 37
8 17 48
8 18 71
8 19 50
8 20 27
8 21 93
8 22 47
8 23 72
8 24 11
8 25 19
8 26 25
8 27 49
8 28 56
8 29 40
8 30 34
8 31 89
8 32 64
8 33 46
8 34 57
8 35 9
8 36 42
8 37 50
8 38 85
8 39 60
8 40 30
8 41 61
8 42 40
8 43 77
8 44 22
8 45 25
8 46 30
8 47 28
8 48 78
8 49 48
8 50 55
8 51 64
8 52 45
8 53 54
8 54 68
8 55 75
8 56 39
8 57 64
8 58 53
8 59 78
8 60 28
8 61 86
8 62 89
8 63 16
8 64 11
8 65 58
8 66 64
8 67 29
8 68 36
8 69 6
8 70 68
8 71 32
8 72 29
8 73 29
8 74 14
8 75 52
8 76 19
8 77 40
8 78 18
8 79 53
8 80 56
8 81 34
8 82 35
8 83 85
8 84 74
8 85 12
8 86 79
8 87 34
8 88 37
8 89 35
8 90 50
8 91 19
8 92 45
8 93 25
8 94 26
8 95 68
8 96 45
8 97 54
8 98 79
8 99 13
9 10 24
9 11 113
9 12 91
9 13 57
9 14 120
9 15 68
9 16 85
9 17 64
9 18 107
9 19 81
9 20 53
9 21 91
9 22 3
9 23 100
9 24 59
9 25 29
9 26 62
9 27 96
9 28 98
9 29 12
9 30 57
9 31 123
9 32 77
9 33 47
9 34 57
9 35 54
9 36 90
9 37 68
9 38 112
9 39 101
9 40 75
9 41 46
9 42 28
9 43 104
9 44 69
9 45 69
9 46 35
9 47 64
9 48 102
9 49 55
9 50 47
9 51 66
9 52 93
9 53 38
9 54 103
9 55 105
9 56 87
9 57 69
9 58 50
9 59 113
9 60 70
9 61 122
9 62 81
9 63 56
9 64 47
9 65 93
9 66 96
9 67 69
9 68 71
9 69 49
9 70 54
9 71 35
9 72 27
9 73 64
9 74 62
9 75 96
9 76 34
9 77 14
9 78 63
9 79 83
9 80 67
9 81 47
9 82 56
9 83 120
9 84 84
9 85 60
9 86 114
9 87 18
9 88 82
9 89 21
9 90 3
9 91 67
9 92 29
9 93 71
9 94 50
9 95 72
9 96 73
9 97 100
9 98 104
9 99 61
10 11 91
10 12 67
10 13 33
10 14 96
10 15 45
10 16 62
10 17 46
10 18 84
10 19 59
10 20 30
10 21 82
10 22 22
10 23 79
10 24 36
10 25 8
10 26 38
10 27 72
10 28 74
10 29 21
10 30 36
10 31 101
10 32 61
10 33 33
10 34 45
10 35 33
10 36 68
10 37 49
10 38 91
10 39 77
10 40 55
10 41 42
10 42 18
10 43 84
10 44 45
10 45 45
10 46 16
10 47 40
10 48 82
10 49 40
10 50 38
10 51 54
10 52 70
10 53 34
10 54 80
10 55 83
10 56 64
10 57 56
10 58 39
10 59 90
10 60 46
10 61 99
10 62 75
10 63 32
10 64 28
10 65 70
10 66 74
10 67 45
10 68 47
10 69 25
10 70 50
10 71 18
10 72 7
10 73 40
10 74 39
10 75 72
10 76 10
10 77 15
10 78 38
10 79 61
10 80 51
10 81 27
10 82 35
10 83 98
10 84 69
10 85 37
10 86 92
10 87 9
10 88 58
10 89 10
10 90 27
10 91 45
10 92 23
10 93 47
10 94 27
10 95 59
10 96 51
10 97 76
10 98 84
10 99 38
11 12 29
11 13 73
11 14 9
11 15 46
11 16 62
11 17 53
11 18 7
11 19 32
11 20 61
11 21 78
11 22 111
11 23 21
11 24 73
11 25 91
11 26 55
11 27 48
11 28 29
11 29 112
11 30 56
11 31 11
11 32 50
11 33 73
11 34 71
11 35 82
11 36 67
11 37 49
11 38 20
11 39 25
11 40 84
11 41 89
11 42 88
11 43 21
11 44 62
11 45 54
11 46 78
11 47 52
11 48 26
11 49 65
11 50 81
11 51 67
11 52 69
11 53 89
11 54 11
11 55 14
11 56 66
11 57 63
11 58 75
11 59 1
11 60 50
11 61 10
11 62 85
11 63 63
11 64 88
11 65 20
11 66 18
11 67 50
11 68 44
11 69 73
11 70 88
11 71 78
11 72 86
11 73 51
11 74 72
11 75 38
11 76 81
11 77 100
11 78 61
11 79 31
11 80 56
11 81 67
11 82 57
11 83 7
11 84 54
11 85 73
11 86 3
11 87 95
11 88 46
11 89 92
11 90 117
11 91 75
11 92 90
11 93 59
11 94 64
11 95 64
11 96 40
11 97 43
11 98 23
11 99 74
12 13 44
12 14 32
12 15 24
12 16 35
12 17 41
12 18 22
12 19 19
12 20 38
12 21 82
12 22 88
12 23 32
12 24 45
12 25 65
12 26 29
12 27 25
12 28 9
12 29 87
12 30 37
12 31 39
12 32 47
12 33 58
12 34 60
12 35 54
12 36 41
12 37 38
12 38 41
12 39 11
12 40 56
12 41 76
12 42 69
12 43 37
12 44 34
12 45 26
12 46 57
12 47 27
12 48 39
12 49 52
12 50 68
12 51 60
12 52 44
12 53 74
12 54 19
12 55 31
12 56 40
12 57 57
12 58 62
12 59 28
12 60 23
12 61 35
12 62 84
12 63 37
12 64 60
12 65 13
12 66 21
12 67 23
12 68 20
12 69 47
12 70 78
12 71 58
12 72 64
12 73 27
12 74 43
12 75 15
12 76 57
12 77 78
12 78 33
12 79 20
12 80 48
12 81 48
12 82 38
12 83 35
12 84 56
12 85 44
12 86 28
12 87 73
12 88 18
12 89 71
12 90 94
12 91 47
12 92 71
12 93 30
12 94 42
12 95 60
12 96 25
12 97 22
12 98 38
12 99 45
13 14 76
13 15 33
13 16 28
13 17 48
13 18 66
13 19 47
13 20 27
13 21 95
13 22 55
13 23 69
13 24 3
13 25 27
13 26 22
13 27 41
13 28 48
13 29 49
13 30 34
13 31 83
13 32 64
13 33 50
13 34 60
13 35 10
13 36 34
13 37 49
13 38 80
13 39 53
13 40 25
13 41 66
13 42 46
13 43 74
13 44 14
13 45 18
13 46 36
13 47 25
13 48 74
13 49 51
13 50 59
13 51 66
13 52 37
13 53 59
13 54 62
13 55 71
13 56 31
13 57 66
13 58 56
13 59 72
13 60 22
13 61 79
13 62 91
13 63 13
13 64 16
13 65 53
13 66 60
13 67 23
13 68 32
13 69 9
13 70 72
13 71 38
13 72 36
13 73 26
13 74 6
13 75 44
13 76 26
13 77 48
13 78 12
13 79 49
13 80 57
13 81 37
13 82 35
13 83 79
13 84 74
13 85 4
13 86 72
13 87 42
13 88 29
13 89 42
13 90 59
13 91 13
13 92 51
13 93 17
13 94 28
13 95 69
13 96 42
13 97 45
13 98 75
13 99 6
14 15 52
14 16 62
14 17 61
14 18 13
14 19 39
14 20 67
14 21 87
14 22 117
14 23 30
14 24 76
14 25 96
14 26 59
14 27 47
14 28 29
14 29 117
14 30 63
14 31 12
14 32 59
14 33 81
14 34 79
14 35 85
14 36 66
14 37 57
14 38 27
14 39 25
14 40 85
14 41 97
14 42 95
14 43 30
14 44 65
14 45 58
14 46 85
14 47 57
14 48 34
14 49 72
14 50 88
14 51 75
14 52 68
14 53 96
14 54 17
14 55 23
14 56 66
14 57 71
14 58 83
14 59 9
14 60 54
14 61 3
14 62 93
14 63 68
14 64 92
14 65 26
14 66 25
14 67 54
14 68 49
14 69 78
14 70 96
14 71 85
14 72 93
14 73 57
14 74 74
14 75 37
14 76 86
14 77 106
14 78 64
14 79 38
14 80 64
14 81 74
14 82 64
14 83 6
14 84 63
14 85 76
14 86 6
14 87 101
14 88 48
14 89 99
14 90 123
14 91 77
14 92 97
14 93 61
14 94 70
14 95 72
14 96 47
14 97 42
14 98 32
14 99 77
15 16 41
15 17 21
15 18 39
15 19 15
15 20 15
15 21 67
15 22 65
15 23 36
15 24 35
15 25 45
15 26 11
15 27 41
15 28 33
15 29 66
15 30 13
15 31 56
15 32 33
15 33 34
15 34 39
15 35 42
15 36 49
15 37 19
15 38 49
15 39 35
15 40 54
15 41 53
15 42 45
15 43 42
15 44 29
15 45 20
15 46 33
15 47 8
15 48 42
15 49 29
15 50 44
15 51 41
15 52 52
15 53 50
15 54 35
15 55 40
15 56 46
15 57 39
15 58 39
15 59 45
15 60 16
15 61 54
15 62 67
15 63 21
15 64 47
15 65 25
15 66 30
15 67 14
15 68 5
15 69 30
15 70 56
15 71 34
15 72 41
15 73 7
15 74 35
15 75 35
15 76 35
15 77 55
15 78 22
15 79 17
15 80 29
15 81 24
15 82 14
15 83 53
15 84 43
15 85 35
15 86 47
15 87 50
15 88 26
15 89 47
15 90 71
15 91 42
15 92 47
15 93 27
15 94 18
15 95 42
15 96 9
15 97 41
15 98 43
15 99 37
16 17 62
16 18 56
16 19 48
16 20 46
16 21 108
16 22 83
16 23 67
16 24 26
16 25 56
16 26 35
16 27 17
16 28 33
16 29 77
16 30 50
16 31 72
16 32 74
16 33 71
16 34 78
16 35 34
16 36 8
16 37 61
16 38 76
16 39 38
16 40 24
16 41 89
16 42 73
16 43 71
16 44 17
16 45 22
16 46 61
16 47 35
16 48 74
16 49 68
16 50 81
16 51 82
16 52 11
16 53 83
16 54 54
16 55 66
16 56 5
16 57 80
16 58 77
16 59 61
16 60 26
16 61 65
16 62 108
16 63 33
16 64 41
16 65 47
16 66 55
16 67 28
16 68 37
16 69 37
16 70 94
16 71 63
16 72 63
16 73 37
16 74 23
16 75 25
16 76 53
16 77 76
16 78 25
16 79 50
16 80 71
16 81 58
16 82 51
16 83 67
16 84 84
16 85 25
16 86 61
16 87 70
16 88 18
16 89 70
16 90 87
16 91 21
16 92 77
16 93 16
16 94 48
16 95 84
16 96 48
16 97 22
16 98 73
16 99 25
17 18 48
17 19 23
17 20 21
17 21 47
17 22 61
17 23 36
17 24 51
17 25 50
17 26 28
17 27 61
17 28 50
17 29 66
17 30 14
17 31 61
17 32 16
17 33 20
17 34 19
17 35 56
17 36 69
17 37 4
17 38 48
17 39 51
17 40 72
17 41 36
17 42 37
17 43 40
17 44 48
17 45 40
17 46 30
17 47 27
17 48 38
17 49 12
17 50 28
17 51 21
17 52 73
17 53 36
17 54 44
17 55 42
17 56 66
17 57 19
17 58 22
17 59 53
17 60 36
17 61 63
17 62 46
17 63 35
17 64 58
17 65 36
17 66 36
17 67 34
17 68 25
17 69 42
17 70 37
17 71 29
17 72 39
17 73 25
17 74 51
17 75 54
17 76 38
17 77 50
17 78 40
17 79 24
17 80 9
17 81 18
17 82 13
17 83 60
17 84 26
17 85 51
17 86 55
17 87 47
17 88 46
17 89 43
17 90 68
17 91 59
17 92 38
17 93 47
17 94 22
17 95 22
17 96 16
17 97 61
17 98 40
17 99 53
18 19 26
18 20 54
18 21 77
18 22 104
18 23 20
18 24 66
18 25 84
18 26 48
18 27 42
18 28 23
18 29 105
18 30 50
18 31 18
18 32 47
18 33 68
18 34 66
18 35 75
18 36 61
18 37 44
18 38 23
18 39 19
18 40 77
18 41 84
18 42 82
18 43 22
18 44 55
18 45 47
18 46 72
18 47 45
18 48 26
18 49 60
18 50 76
18 51 63
18 52 63
18 53 84
18 54 4
18 55 14
18 56 60
18 57 59
18 58 70
18 59 6
18 60 43
18 61 15
18 62 83
18 63 56
18 64 81
18 65 14
18 66 13
18 67 43
18 68 37
18 69 66
18 70 84
18 71 72
18 72 80
18 73 44
18 74 64
18 75 32
18 76 74
18 77 94
18 78 54
18 79 25
18 80 52
18 81 61
18 82 51
18 83 14
18 84 52
18 85 66
18 86 7
18 87 89
18 88 40
18 89 86
18 90 110
18 91 68
18 92 84
18 93 52
18 94 57
18 95 61
18 96 34
18 97 38
18 98 24
18 99 67
19 20 29
19 21 63
19 22 78
19 23 22
19 24 48
19 25 60
19 26 25
19 27 42
19 28 28
19 29 80
19 30 24
19 31 42
19 32 28
19 33 42
19 34 42
19 35 56
19 36 56
19 37 20
19 38 34
19 39 29
19 40 65
19 41 59
19 42 56
19 43 27
19 44 40
19 45 31
19 46 46
19 47 22
19 48 28
19 49 34
19 50 50
19 51 41
19 52 59
19 53 58
19 54 22
19 55 25
19 56 53
19 57 38
19 58 45
19 59 32
19 60 26
19 61 42
19 62 65
19 63 35
19 64 61
19 65 13
19 66 15
19 67 25
19 68 15
19 69 45
19 70 60
19 71 46
19 72 54
19 73 21
19 74 47
19 75 34
19 76 49
19 77 67
19 78 35
19 79 2
19 80 29
19 81 35
19 82 25
19 83 39
19 84 37
19 85 48
19 86 34
19 87 63
19 88 31
19 89 60
19 90 84
19 91 54
19 92 58
19 93 38
19 94 32
19 95 41
19 96 8
19 97 41
19 98 28
19 99 50
20 21 67
20 22 50
20 23 49
20 24 30
20 25 31
20 26 12
20 27 50
20 28 46
20 29 51
20 30 7
20 31 70
20 32 37
20 33 25
20 34 33
20 35 35
20 36 54
20 37 23
20 38 62
20 39 49
20 40 52
20 41 43
20 42 31
20 43 54
20 44 31
20 45 24
20 46 19
20 47 13
20 48 53
20 49 23
20 50 35
20 51 39
20 52 57
20 53 38
20 54 50
20 55 54
20 56 50
20 57 38
20 58 31
20 59 60
20 60 22
20 61 69
20 62 64
20 63 15
20 64 37
20 65 40
20 66 44
20 67 20
20 68 18
20 69 21
20 70 48
20 71 20
20 72 26
20 73 12
20 74 31
20 75 47
20 76 20
20 77 40
20 78 21
20 79 31
20 80 30
20 81 12
20 82 8
20 83 68
20 84 47
20 85 31
20 86 62
20 87 35
20 88 35
20 89 32
20 90 56
20 91 39
20 92 34
20 93 30
20 94 3
20 95 42
20 96 21
20 97 52
20 98 55
20 99 33
21 22 88
21 23 57
21 24 97
21 25 89
21 26 76
21 27 105
21 28 90
21 29 97
21 30 61
21 31 81
21 32 35
21 33 49
21 34 37
21 35 102
21 36 116
21 37 48
21 38 62
21 39 89
21 40 119
21 41 45
21 42 66
21 43 57
21 44 96
21 45 87
21 46 67
21 47 74
21 48 53
21 49 45
21 50 45
21 51 29
21 52 119
21 53 53
21 54 75
21 55 64
21 56 113
21 57 29
21 58 43
21 59 78
21 60 83
21 61 88
21 62 12
21 63 82
21 64 103
21 65 71
21 66 66
21 67 81
21 68 71
21 69 88
21 70 37
21 71 65
21 72 75
21 73 72
21 74 99
21 75 97
21 76 78
21 77 79
21 78 87
21 79 62
21 80 38
21 81 59
21 82 60
21 83 83
21 84 26
21 85 98
21 86 81
21 87 79
21 88 92
21 89 75
21 90 94
21 91 106
21 92 62
21 93 94
21 94 67
21 95 25
21 96 60
21 97 104
21 98 56
21 99 100
22 23 97
22 24 57
22 25 28
22 26 59
22 27 94
22 28 96
22 29 13
22 30 55
22 31 120
22 32 74
22 33 44
22 34 54
22 35 52
22 36 89
22 37 65
22 38 109
22 39 99
22 40 74
22 41 43
22 42 25
22 43 101
22 44 68
22 45 67
22 46 33
22 47 62
22 48 99
22 49 52
22 50 44
22 51 63
22 52 92
22 53 35
22 54 100
22 55 102
22 56 86
22 57 66
22 58 47
22 59 110
22 60 68
22 61 120
22 62 78
22 63 54
22 64 47
22 65 91
22 66 94
22 67 67
22 68 68
22 69 47
22 70 51
22 71 33
22 72 24
22 73 61
22 74 60
22 75 94
22 76 32
22 77 11
22 78 61
22 79 80
22 80 64
22 81 44
22 82 54
22 83 118
22 84 81
22 85 58
22 86 112
22 87 16
22 88 80
22 89 18
22 90 6
22 91 66
22 92 26
22 93 70
22 94 47
22 95 69
22 96 70
22 97 98
22 98 102
22 99 60
23 24 70
23 25 81
23 26 47
23 27 57
23 28 38
23 29 100
23 30 43
23 31 26
23 32 30
23 33 56
23 34 51
23 35 78
23 36 73
23 37 32
23 38 13
23 39 36
23 40 86
23 41 70
23 42 73
23 43 5
23 44 61
23 45 52
23 46 64
23 47 44
23 48 7
23 49 47
23 50 62
23 51 46
23 52 76
23 53 71
23 54 18
23 55 7
23 56 72
23 57 42
23 58 56
23 59 21
23 60 47
23 61 31
23 62 63
23 63 57
23 64 83
23 65 20
23 66 12
23 67 46
23 68 37
23 69 67
23 70 68
23 71 64
23 72 73
23 73 43
23 74 69
23 75 47
23 76 70
23 77 86
23 78 57
23 79 20
23 80 37
23 81 52
23 82 44
23 83 27
23 84 33
23 85 70
23 86 24
23 87 82
23 88 49
23 89 78
23 90 103
23 91 75
23 92 73
23 93 58
23 94 52
23 95 43
23 96 28
23 97 54
23 98 7
23 99 72
24 25 30
24 26 24
24 27 39
24 28 48
24 29 51
24 30 37
24 31 84
24 32 66
24 33 53
24 34 62
24 35 9
24 36 32
24 37 51
24 38 81
24 39 53
24 40 22
24 41 69
24 42 49
24 43 75
24 44 12
24 45 19
24 46 38
24 47 26
24 48 76
24 49 53
24 50 62
24 51 69
24 52 34
24 53 62
24 54 63
24 55 71
24 56 28
24 57 68
24 58 59
24 59 72
24 60 23
24 61 79
24 62 94
24 63 15
24 64 16
24 65 54
24 66 61
24 67 24
24 68 33
24 69 12
24 70 75
24 71 41
24 72 39
24 73 28
24 74 3
24 75 43
24 76 29
24 77 51
24 78 13
24 79 50
24 80 59
24 81 40
24 82 38
24 83 79
24 84 76
24 85 1
24 86 73
24 87 45
24 88 29
24 89 45
24 90 61
24 91 10
24 92 54
24 93 16
24 94 31
24 95 72
24 96 44
24 97 44
24 98 76
24 99 3
25 26 36
25 27 68
25 28 71
25 29 22
25 30 38
25 31 101
25 32 65
25 33 40
25 34 52
25 35 25
25 36 61
25 37 52
25 38 93
25 39 75
25 40 47
25 41 50
25 42 27
25 43 86
25 44 40
25 45 41
25 46 22
25 47 39
25 48 85
25 49 45
25 50 46
25 51 60
25 52 64
25 53 42
25 54 80
25 55 85
25 56 58
25 57 62
25 58 46
25 59 90
25 60 43
25 61 99
25 62 82
25 63 29
25 64 20
25 65 70
25 66 75
25 67 43
25 68 47
25 69 20
25 70 58
25 71 24
25 72 15
25 73 39
25 74 33
25 75 69
25 76 12
25 77 22
25 78 35
25 79 62
25 80 56
25 81 32
25 82 38
25 83 98
25 84 74
25 85 31
25 86 91
25 87 17
25 88 54
25 89 19
25 90 31
25 91 38
25 92 31
25 93 43
25 94 29
25 95 65
25 96 52
25 97 72
25 98 86
25 99 32
26 27 38
26 28 36
26 29 58
26 30 16
26 31 65
26 32 43
26 33 36
26 34 44
26 35 31
26 36 42
26 37 28
26 38 60
26 39 40
26 40 44
26 41 55
26 42 42
26 43 53
26 44 20
26 45 12
26 46 30
26 47 3
26 48 53
26 49 34
26 50 47
26 51 48
26 52 46
26 53 50
26 54 44
26 55 50
26 56 39
26 57 47
26 58 42
26 59 54
26 60 10
26 61 62
26 62 74
26 63 9
26 64 36
26 65 34
26 66 40
26 67 8
26 68 11
26 69 19
26 70 59
26 71 31
26 72 35
26 73 4
26 74 24
26 75 35
26 76 28
26 77 50
26 78 12
26 79 28
26 80 37
26 81 24
26 82 17
26 83 61
26 84 53
26 85 24
26 86 55
26 87 44
26 88 23
26 89 42
26 90 65
26 91 31
26 92 45
26 93 19
26 94 15
26 95 50
26 96 20
26 97 41
26 98 54
26 99 26
27 28 19
27 29 90
27 30 52
27 31 58
27 32 70
27 33 74
27 34 79
27 35 48
27 36 19
27 37 59
27 38 64
27 39 23
27 40 40
27 41 93
27 42 80
27 43 61
27 44 27
27 45 28
27 46 68
27 47 38
27 48 64
27 49 70
27 50 84
27 51 81
27 52 21
27 53 88
27 54 41
27 55 54
27 56 19
27 57 79
27 58 79
27 59 47
27 60 28
27 61 50
27 62 106
27 63 41
27 64 55
27 65 37
27 66 45
27 67 30
27 68 36
27 69 48
27 70 96
27 71 69
27 72 72
27 73 39
27 74 37
27 75 10
27 76 63
27 77 86
27 78 34
27 79 44
27 80 69
27 81 62
27 82 53
27 83 52
27 84 79
27 85 39
27 86 46
27 87 80
27 88 16
27 89 79
27 90 99
27 91 36
27 92 83
27 93 25
27 94 53
27 95 82
27 96 45
27 97 6
27 98 63
27 99 39
28 29 93
28 30 45
28 31 39
28 32 56
28 33 67
28 34 69
28 35 57
28 36 38
28 37 47
28 38 45
28 39 5
28 40 56
28 41 85
28 42 77
28 43 42
28 44 36
28 45 31
28 46 65
28 47 34
28 48 45
28 49 61
28 50 76
28 51 69
28 52 40
28 53 82
28 54 22
28 55 35
28 56 37
28 57 66
28 58 71
28 59 28
28 60 28
28 61 32
28 62 93
28 63 43
28 64 64
28 65 19
28 66 26
28 67 29
28 68 28
28 69 52
28 70 87
28 71 66
28 72 71
28 73 35
28 74 46
28 75 9
28 76 64
28 77 86
28 78 38
28 79 28
28 80 57
28 81 56
28 82 47
28 83 34
28 84 64
28 85 48
28 86 27
28 87 80
28 88 19
28 89 78
28 90 101
28 91 48
28 92 80
28 93 33
28 94 50
28 95 69
28 96 34
28 97 16
28 98 44
28 99 48
29 30 57
29 31 121
29 32 80
29 33 51
29 34 62
29 35 44
29 36 82
29 37 69
29 38 112
29 39 97
29 40 65
29 41 53
29 42 32
29 43 104
29 44 62
29 45 64
29 46 36
29 47 61
29 48 103
29 49 58
29 50 53
29 51 71
29 52 84
29 53 45
29 54 101
29 55 104
29 56 79
29 57 73
29 58 55
29 59 111
29 60 65
29 61 120
29 62 89
29 63 51
29 64 38
29 65 91
29 66 95
29 67 65
29 68 68
29 69 42
29 70 62
29 71 37
29 72 26
29 73 61
29 74 54
29 75 91
29 76 31
29 77 19
29 78 57
29 79 82
29 80 70
29 81 48
29 82 56
29 83 119
29 84 87
29 85 52
29 86 112
29 87 19
29 88 76
29 89 23
29 90 12
29 91 58
29 92 35
29 93 65
29 94 48
29 95 77
29 96 72
29 97 94
29 98 105
29 99 53
30 31 66
30 32 30
30 33 22
30 34 28
30 35 42
30 36 58
30 37 15
30 38 56
30 39 48
30 40 58
30 41 41
30 42 33
30 43 48
30 44 36
30 45 28
30 46 22
30 47 15
30 48 47
30 49 18
30 50 32
30 51 33
30 52 61
30 53 37
30 54 46
30 55 48
30 56 55
30 57 32
30 58 27
30 59 56
30 60 25
30 61 65
30 62 59
30 63 21
30 64 45
30 65 36
30 66 39
30 67 23
30 68 17
30 69 28
30 70 44
30 71 22
30 72 31
30 73 13
30 74 38
30 75 47
30 76 27
30 77 44
30 78 27
30 79 26
30 80 23
30 81 11
30 82 2
30 83 63
30 84 40
30 85 37
30 86 57
30 87 39
30 88 37
30 89 36
30 90 61
30 91 45
30 92 35
30 93 35
30 94 9
30 95 35
30 96 16
30 97 53
30 98 49
30 99 39
31 32 56
31 33 81
31 34 78
31 35 93
31 36 77
31 37 57
31 38 19
31 39 34
31 40 95
31 41 96
31 42 97
31 43 24
31 44 73
31 45 65
31 46 88
31 47 62
31 48 29
31 49 72
31 50 88
31 51 73
31 52 79
31 53 97
31 54 21
31 55 19
31 56 76
31 57 69
31 58 82
31 59 11
31 60 61
31 61 10
31 62 88
31 63 74
31 64 99
31 65 31
31 66 27
31 67 61
31 68 54
31 69 84
31 70 94
31 71 88
31 72 96
31 73 62
31 74 82
31 75 48
31 76 91
31 77 109
31 78 72
31 79 40
31 80 63
31 81 76
31 82 67
31 83 6
31 84 58
31 85 84
31 86 12
31 87 105
31 88 57
31 89 102
31 90 126
31 91 86
31 92 98
31 93 69
31 94 74
31 95 69
31 96 50
31 97 53
31 98 26
31 99 85
32 33 31
32 34 23
32 35 72
32 36 82
32 37 15
32 38 39
32 39 56
32 40 86
32 41 41
32 42 50
32 43 32
32 44 63
32 45 53
32 46 45
32 47 41
32 48 29
32 49 22
32 50 34
32 51 17
32 52 85
32 53 44
32 54 44
32 55 37
32 56 79
32 57 13
32 58 29
32 59 50
32 60 49
32 61 60
32 62 37
32 63 51
32 64 75
32 65 38
32 66 34
32 67 47
32 68 37
32 69 58
32 70 38
32 71 43
32 72 54
32 73 39
32 74 67
32 75 62
32 76 54
32 77 63
32 78 55
32 79 28
32 80 10
32 81 34
32 82 29
32 83 56
32 84 10
32 85 67
32 86 53
32 87 61
32 88 57
32 89 57
32 90 81
32 91 74
32 92 49
32 93 61
32 94 38
32 95 14
32 96 26
32 97 69
32 98 32
32 99 69
33 34 12
33 35 55
33 36 78
33 37 24
33 38 67
33 39 69
33 40 75
33 41 19
33 42 19
33 43 60
33 44 55
33 45 48
33 46 18
33 47 37
33 48 57
33 49 9
33 50 10
33 51 21
33 52 82
33 53 16
33 54 64
33 55 62
33 56 75
33 57 23
33 58 7
33 59 72
33 60 46
33 61 83
33 62 43
33 63 39
33 64 55
33 65 55
33 66 55
33 67 44
33 68 39
33 69 41
33 70 23
33 71 16
33 72 26
33 73 35
33 74 54
33 75 69
33 76 29
33 77 33
33 78 46
33 79 43
33 80 21
33 81 13
33 82 21
33 83 80
33 84 37
33 85 54
33 86 75
33 87 31
33 88 58
33 89 27
33 90 50
33 91 62
33 92 18
33 93 55
33 94 22
33 95 26
33 96 34
33 97 75
33 98 60
33 99 55
34 35 66
34 36 86
34 37 22
34 38 62
34 39 71
34 40 84
34 41 18
34 42 30
34 43 54
34 44 63
34 45 56
34 46 30
34 47 43
34 48 51
34 49 10
34 50 11
34 51 9
34 52 89
34 53 21
34 54 62
34 55 58
34 56 83
34 57 12
34 58 7
34 59 70
34 60 53
34 61 81
34 62 32
34 63 48
34 64 66
34 65 55
34 66 54
34 67 51
34 68 43
34 69 51
34 70 18
34 71 28
34 72 38
34 73 41
34 74 64
34 75 73
34 76 41
34 77 44
34 78 54
34 79 43
34 80 15
34 81 23
34 82 27
34 83 77
34 84 27
34 85 63
34 86 73
34 87 43
34 88 64
34 89 39
34 90 60
34 91 72
34 92 28
34 93 63
34 94 32
34 95 15
34 96 36
34 97 80
34 98 54
34 99 65
35 36 38
35 37 57
35 38 90
35 39 62
35 40 22
35 41 70
35 42 48
35 43 83
35 44 21
35 45 28
35 46 39
35 47 34
35 48 84
35 49 57
35 50 64
35 51 73
35 52 40
35 53 62
35 54 72
35 55 80
35 56 35
35 57 73
35 58 62
35 59 82
35 60 32
35 61 89
35 62 98
35 63 22
35 64 7
35 65 63
35 66 69
35 67 33
35 68 41
35 69 14
35 70 77
35 71 41
35 72 37
35 73 35
35 74 12
35 75 52
35 76 28
35 77 47
35 78 22
35 79 58
35 80 65
35 81 43
35 82 43
35 83 89
35 84 82
35 85 10
35 86 82
35 87 41
35 88 38
35 89 43
35 90 55
35 91 14
35 92 53
35 93 25
35 94 35
35 95 77
35 96 51
35 97 53
35 98 85
35 99 9
36 37 68
36 38 82
36 39 42
36 40 23
36 41 97
36 42 79
36 43 78
36 44 24
36 45 30
36 46 68
36 47 43
36 48 80
36 49 76
36 50 88
36 51 90
36 52 3
36 53 91
36 54 59
36 55 72
36 56 3
36 57 88
36 58 85
36 59 66
36 60 33
36 61 69
36 62 116
36 63 40
36 64 45
36 65 54
36 66 62
36 67 36
36 68 45
36 69 43
36 70 101
36 71 70
36 72 69
36 73 45
36 74 29
36 75 29
36 76 60
36 77 82
36 78 33
36 79 57
36 80 78
36 81 65
36 82 59
36 83 71
36 84 91
36 85 31
36 86 65
36 87 76
36 88 25
36 89 76
36 90 92
36 91 24
36 92 84
36 93 23
36 94 56
36 95 91
36 96 56
36 97 25
36 98 79
36 99 30
37 38 44
37 39 48
37 40 72
37 41 40
37 42 41
37 43 36
37 44 48
37 45 39
37 46 33
37 47 26
37 48 34
37 49 15
37 50 31
37 51 22
37 52 72
37 53 39
37 54 41
37 55 38
37 56 66
37 57 20
37 58 26
37 59 49
37 60 35
37 61 59
37 62 47
37 63 36
37 64 60
37 65 33
37 66 32
37 67 33
37 68 24
37 69 43
37 70 40
37 71 33
37 72 43
37 73 25
37 74 52
37 75 52
37 76 41
37 77 54
37 78 40
37 79 20
37 80 10
37 81 21
37 82 15
37 83 56
37 84 25
37 85 52
37 86 51
37 87 50
37 88 45
37 89 47
37 90 71
37 91 60
37 92 41
37 93 47
37 94 24
37 95 23
37 96 14
37 97 59
37 98 37
37 99 54
38 39 41
38 40 96
38 41 80
38 42 85
38 43 8
38 44 72
38 45 63
38 46 77
38 47 57
38 48 11
38 49 58
38 50 73
38 51 56
38 52 84
38 53 82
38 54 23
38 55 10
38 56 81
38 57 52
38 58 68
38 59 20
38 60 59
38 61 27
38 62 70
38 63 69
38 64 95
38 65 29
38 66 21
38 67 58
38 68 49
38 69 79
38 70 78
38 71 77
38 72 86
38 73 56
38 74 81
38 75 54
38 76 82
38 77 98
38 78 69
38 79 32
38 80 48
38 81 65
38 82 56
38 83 22
38 84 40
38 85 82
38 86 23
38 87 94
38 88 59
38 89 91
38 90 115
38 91 86
38 92 85
38 93 69
38 94 65
38 95 52
38 96 41
38 97 60
38 98 8
38 99 83
39 40 61
39 41 87
39 42 80
39 43 39
39 44 41
39 45 35
39 46 68
39 47 37
39 48 43
39 49 62
39 50 78
39 51 70
39 52 44
39 53 84
39 54 19
39 55 32
39 56 42
39 57 67
39 58 73
39 59 24
39 60 32
39 61 28
39 62 93
39 63 47
39 64 69
39 65 18
39 66 24
39 67 33
39 68 31
39 69 56
39 70 88
39 71 69
39 72 75
39 73 38
39 74 51
39 75 13
39 76 67
39 77 89
39 78 42
39 79 29
39 80 58
39 81 59
39 82 49
39 83 29
39 84 63
39 85 52
39 86 23
39 87 83
39 88 24
39 89 82
39 90 104
39 91 53
39 92 82
39 93 37
39 94 53
39 95 69
39 96 35
39 97 19
39 98 41
39 99 53
40 41 91
40 42 70
40 43 91
40 44 25
40 45 34
40 46 60
40 47 46
40 48 92
40 49 75
40 50 84
40 51 90
40 52 24
40 53 84
40 54 75
40 55 86
40 56 22
40 57 90
40 58 81
40 59 84
40 60 39
40 61 88
40 62 116
40 63 37
40 64 27
40 65 67
40 66 75
40 67 41
40 68 51
40 69 34
40 70 97
40 71 62
40 72 59
40 73 48
40 74 20
40 75 48
40 76 49
40 77 69
40 78 32
40 79 67
40 80 81
40 81 62
40 82 59
40 83 90
40 84 97
40 85 21
40 86 83
40 87 63
40 88 38
40 89 65
40 90 76
40 91 13
40 92 75
40 93 28
40 94 53
40 95 93
40 96 62
40 97 46
40 98 92
40 99 19
41 42 24
41 43 73
41 44 73
41 45 67
41 46 31
41 47 55
41 48 70
41 49 25
41 50 9
41 51 25
41 52 100
41 53 9
41 54 80
41 55 77
41 56 93
41 57 29
41 58 14
41 59 88
41 60 65
41 61 99
41 62 36
41 63 56
41 64 68
41 65 72
41 66 72
41 67 63
41 68 58
41 69 57
41 70 9
41 71 29
41 72 35
41 73 54
41 74 71
41 75 88
41 76 42
41 77 35
41 78 64
41 79 60
41 80 33
41 81 32
41 82 39
41 83 95
41 84 44
41 85 70
41 86 91
41 87 36
41 88 77
41 89 33
41 90 49
41 91 79
41 92 19
41 93 73
41 94 41
41 95 31
41 96 52
41 97 94
41 98 73
41 99 72
42 43 77
42 44 56
42 45 52
42 46 12
42 47 43
42 48 75
42 49 28
42 50 21
42 51 39
42 52 83
42 53 15
42 54 78
42 55 79
42 56 76
42 57 42
42 58 23
42 59 88
42 60 52
42 61 98
42 62 58
42 63 40
42 64 46
42 65 69
42 66 71
42 67 50
42 68 49
42 69 37
42 70 32
42 71 11
42 72 12
42 73 42
42 74 52
42 75 77
42 76 21
42 77 14
42 78 47
42 79 58
42 80 40
42 81 22
42 82 31
42 83 95
42 84 56
42 85 50
42 86 90
42 87 13
42 88 64
42 89 9
42 90 31
42 91 59
42 92 5
42 93 57
42 94 27
42 95 45
42 96 48
42 97 82
42 98 77
42 99 52
43 44 66
43 45 57
43 46 69
43 47 49
43 48 5
43 49 51
43 50 65
43 51 49
43 52 80
43 53 74
43 54 21
43 55 8
43 56 76
43 57 45
43 58 60
43 59 21
43 60 53
43 61 30
43 62 64
43 63 62
43 64 88
43 65 24
43 66 16
43 67 51
43 68 42
43 69 72
43 70 70
43 71 69
43 72 78
43 73 48
43 74 74
43 75 50
43 76 74
43 77 90
43 78 62
43 79 25
43 80 40
43 81 57
43 82 49
43 83 26
43 84 34
43 85 75
43 86 25
43 87 86
43 88 54
43 89 83
43 90 107
43 91 80
43 92 77
43 93 63
43 94 57
43 95 45
43 96 33
43 97 57
43 98 2
43 99 77
44 45 10
44 46 44
44 47 22
44 48 68
44 49 54
44 50 65
44 51 68
44 52 27
44 53 67
44 54 53
44 55 62
44 56 20
44 57 67
44 58 62
44 59 62
44 60 14
44 61 68
44 62 94
44 63 17
44 64 29
44 65 44
44 66 51
44 67 16
44 68 26
44 69 21
44 70 78
44 71 46
44 72 46
44 73 24
44 74 10
44 75 31
44 76 37
44 77 60
44 78 9
44 79 43
44 80 58
44 81 42
44 82 37
44 83 68
44 84 73
44 85 12
44 86 62
44 87 54
44 88 17
44 89 53
44 90 72
44 91 13
44 92 60
44 93 4
44 94 33
44 95 71
44 96 38
44 97 32
44 98 68
44 99 12
45 46 40
45 47 13
45 48 58
45 49 46
45 50 59
45 51 60
45 52 34
45 53 62
45 54 44
45 55 53
45 56 27
45 57 58
45 58 55
45 59 54
45 60 5
45 61 61
45 62 86
45 63 13
45 64 34
45 65 35
45 66 42
45 67 6
45 68 17
45 69 22
45 70 71
45 71 42
45 72 44
45 73 15
45 74 17
45 75 27
45 76 35
45 77 58
45 78 7
45 79 33
45 80 49
45 81 35
45 82 29
45 83 61
45 84 63
45 85 19
45 86 54
45 87 52
45 88 13
45 89 51
45 90 72
45 91 23
45 92 56
45 93 7
45 94 26
45 95 62
45 96 28
45 97 31
45 98 59
45 99 20
46 47 31
46 48 67
46 49 24
46 50 25
46 51 38
46 52 71
46 53 24
46 54 68
46 55 70
46 56 64
46 57 40
46 58 24
46 59 78
46 60 40
46 61 87
46 62 61
46 63 28
46 64 38
46 65 58
46 66 61
46 67 38
46 68 37
46 69 26
46 70 38
46 71 2
46 72 9
46 73 30
46 74 41
46 75 65
46 76 12
46 77 22
46 78 35
46 79 48
46 80 35
46 81 12
46 82 21
46 83 85
46 84 53
46 85 40
46 86 79
46 87 17
46 88 52
46 89 14
46 90 39
46 91 48
46 92 16
46 93 45
46 94 15
46 95 44
46 96 38
46 97 70
46 98 70
46 99 41
47 48 50
47 49 33
47 50 47
47 51 47
47 52 46
47 53 51
47 54 41
47 55 47
47 56 40
47 57 45
47 58 42
47 59 51
47 60 10
47 61 60
47 62 73
47 63 13
47 64 39
47 65 31
47 66 36
47 67 8
47 68 8
47 69 22
47 70 59
47 71 33
47 72 38
47 73 2
47 74 26
47 75 34
47 76 30
47 77 52
47 78 14
47 79 25
47 80 36
47 81 24
47 82 16
47 83 58
47 84 51
47 85 27
47 86 52
47 87 46
47 88 22
47 89 44
47 90 67
47 91 33
47 92 47
47 93 20
47 94 16
47 95 49
47 96 17
47 97 39
47 98 51
47 99 29
48 49 48
48 50 62
48 51 45
48 52 83
48 53 71
48 54 25
48 55 12
48 56 78
48 57 41
48 58 57
48 59 26
48 60 54
48 61 35
48 62 60
48 63 62
48 64 88
48 65 27
48 66 19
48 67 52
48 68 43
48 69 72
48 70 67
48 71 67
48 72 77
48 73 49
48 74 75
48 75 54
48 76 74
48 77 88
48 78 63
48 79 25
48 80 37
48 81 55
48 82 47
48 83 30
48 84 30
48 85 76
48 86 29
48 87 85
48 88 56
48 89 81
48 90 106
48 91 81
48 92 75
48 93 65
48 94 56
48 95 41
48 96 33
48 97 61
48 98 3
48 99 78
49 50 16
49 51 16
49 52 79
49 53 24
49 54 56
49 55 53
49 56 73
49 57 16
49 58 11
49 59 64
49 60 43
49 61 74
49 62 41
49 63 38
49 64 58
49 65 47
49 66 47
49 67 41
49 68 34
49 69 43
49 70 27
49 71 22
49 72 33
49 73 31
49 74 55
49 75 64
49 76 34
49 77 42
49 78 45
49 79 35
49 80 12
49 81 15
49 82 17
49 83 71
49 84 29
49 85 54
49 86 67
49 87 39
49 88 55
49 89 35
49 90 59
49 91 63
49 92 27
49 93 53
49 94 22
49 95 20
49 96 27
49 97 71
49 98 51
49 99 56
50 51 20
50 52 92
50 53 10
50 54 72
50 55 69
50 56 85
50 57 23
50 58 6
50 59 80
50 60 57
50 61 91
50 62 37
50 63 49
50 64 63
50 65 64
50 66 63
50 67 55
50 68 49
50 69 50
50 70 13
50 71 23
50 72 31
50 73 45
50 74 64
50 75 79
50 76 37
50 77 34
50 78 56
50 79 51
50 80 25
50 81 23
50 82 31
50 83 87
50 84 38
50 85 63
50 86 83
50 87 34
50 88 69
50 89 30
50 90 50
50 91 72
50 92 18
50 93 65
50 94 33
50 95 26
50 96 43
50 97 85
50 98 65
50 99 65
51 52 93
51 53 29
51 54 60
51 55 54
51 56 87
51 57 4
51 58 16
51 59 66
51 60 57
51 61 77
51 62 26
51 63 54
51 64 74
51 65 53
51 66 50
51 67 54
51 68 46
51 69 59
51 70 22
51 71 37
51 72 47
51 73 45
51 74 70
51 75 74
51 76 50
51 77 53
51 78 59
51 79 41
51 80 12
51 81 30
51 82 32
51 83 73
51 84 18
51 85 70
51 86 69
51 87 52
51 88 67
51 89 48
51 90 70
51 91 78
51 92 37
51 93 67
51 94 38
51 95 6
51 96 36
51 97 81
51 98 48
51 99 72
52 53 94
52 54 62
52 55 74
52 56 6
52 57 91
52 58 88
52 59 68
52 60 37
52 61 71
52 62 119
52 63 44
52 64 47
52 65 56
52 66 64
52 67 39
52 68 48
52 69 46
52 70 105
52 71 73
52 72 72
52 73 48
52 74 31
52 75 31
52 76 63
52 77 85
52 78 36
52 79 60
52 80 82
52 81 68
52 82 62
52 83 73
52 84 95
52 85 33
52 86 67
52 87 79
52 88 28
52 89 79
52 90 95
52 91 27
52 92 87
52 93 27
52 94 59
52 95 95
52 96 59
52 97 26
52 98 82
52 99 32
53 54 80
53 55 77
53 56 87
53 57 33
53 58 15
53 59 88
53 60 60
53 61 99
53 62 44
53 63 50
53 64 60
53 65 71
53 66 71
53 67 58
53 68 54
53 69 50
53 70 17
53 71 21
53 72 27
53 73 49
53 74 65
53 75 84
53 76 35
53 77 27
53 78 58
53 79 59
53 80 34
53 81 27
53 82 36
53 83 95
53 84 48
53 85 63
53 86 91
53 87 28
53 88 73
53 89 24
53 90 41
53 91 72
53 92 11
53 93 67
53 94 35
53 95 35
53 96 50
53 97 90
53 98 74
53 99 65
54 55 13
54 56 58
54 57 56
54 58 66
54 59 10
54 60 40
54 61 19
54 62 80
54 63 53
54 64 78
54 65 10
54 66 9
54 67 40
54 68 33
54 69 63
54 70 80
54 71 68
54 72 76
54 73 41
54 74 62
54 75 31
54 76 70
54 77 90
54 78 51
54 79 21
54 80 48
54 81 57
54 82 47
54 83 18
54 84 49
54 85 63
54 86 11
54 87 85
54 88 37
54 89 82
54 90 106
54 91 66
54 92 80
54 93 49
54 94 53
54 95 57
54 96 30
54 97 37
54 98 23
54 99 64
55 56 70
55 57 50
55 58 63
55 59 14
55 60 49
55 61 24
55 62 71
55 63 60
55 64 86
55 65 18
55 66 11
55 67 48
55 68 39
55 69 70
55 70 75
55 71 69
55 72 78
55 73 46
55 74 71
55 75 44
55 76 74
55 77 91
55 78 59
55 79 23
55 80 44
55 81 58
55 82 49
55 83 19
55 84 40
55 85 72
55 86 17
55 87 87
55 88 48
55 89 84
55 90 108
55 91 76
55 92 80
55 93 59
55 94 56
55 95 50
55 96 33
55 97 50
55 98 10
55 99 73
56 57 85
56 58 81
56 59 66
56 60 30
56 61 69
56 62 113
56 63 37
56 64 42
56 65 52
56 66 60
56 67 33
56 68 42
56 69 40
56 70 98
56 71 66
56 72 66
56 73 42
56 74 25
56 75 28
56 76 56
56 77 79
56 78 29
56 79 55
56 80 75
56 81 62
56 82 56
56 83 71
56 84 89
56 85 27
56 86 65
56 87 73
56 88 23
56 89 73
56 90 89
56 91 21
56 92 80
56 93 20
56 94 53
56 95 89
56 96 53
56 97 25
56 98 78
56 99 27
57 58 19
57 59 63
57 60 55
57 61 73
57 62 28
57 63 53
57 64 74
57 65 50
57 66 47
57 67 52
57 68 44
57 69 58
57 70 26
57 71 38
57 72 48
57 73 43
57 74 69
57 75 71
57 76 50
57 77 56
57 78 58
57 79 38
57 80 10
57 81 31
57 82 31
57 83 69
57 84 15
57 85 69
57 86 65
57 87 54
57 88 65
57 89 50
57 90 72
57 91 77
57 92 40
57 93 65
57 94 38
57 95 4
57 96 34
57 97 79
57 98 44
57 99 71
58 59 74
58 60 52
58 61 85
58 62 37
58 63 45
58 64 61
58 65 58
58 66 57
58 67 50
58 68 44
58 69 48
58 70 17
58 71 22
58 72 32
58 73 41
58 74 61
58 75 74
58 76 36
58 77 37
58 78 52
58 79 46
58 80 20
58 81 20
58 82 26
58 83 82
58 84 34
58 85 60
58 86 77
58 87 36
58 88 64
58 89 32
58 90 53
58 91 69
58 92 21
58 93 61
58 94 29
58 95 22
58 96 38
58 97 81
58 98 60
58 99 62
59 60 50
59 61 10
59 62 84
59 63 63
59 64 88
59 65 20
59 66 17
59 67 49
59 68 43
59 69 73
59 70 87
59 71 78
59 72 86
59 73 51
59 74 71
59 75 37
59 76 80
59 77 99
59 78 60
59 79 30
59 80 56
59 81 66
59 82 57
59 83 8
59 84 54
59 85 72
59 86 3
59 87 94
59 88 46
59 89 92
59 90 116
59 91 75
59 92 89
59 93 58
59 94 63
59 95 63
59 96 40
59 97 43
59 98 23
59 99 73
60 61 57
60 62 82
60 63 15
60 64 38
60 65 31
60 66 38
60 67 2
60 68 12
60 69 24
60 70 69
60 71 41
60 72 45
60 73 12
60 74 22
60 75 26
60 76 36
60 77 59
60 78 10
60 79 28
60 80 45
60 81 34
60 82 26
60 83 57
60 84 59
60 85 23
60 86 50
60 87 53
60 88 13
60 89 52
60 90 73
60 91 27
60 92 55
60 93 12
60 94 25
60 95 58
60 96 24
60 97 30
60 98 54
60 99 24
61 62 94
61 63 71
61 64 95
61 65 29
61 66 27
61 67 57
61 68 52
61 69 81
61 70 98
61 71 88
61 72 95
61 73 59
61 74 78
61 75 41
61 76 89
61 77 109
61 78 68
61 79 40
61 80 66
61 81 76
61 82 66
61 83 5
61 84 64
61 85 79
61 86 8
61 87 104
61 88 51
61 89 102
61 90 125
61 91 81
61 92 99
61 93 64
61 94 73
61 95 74
61 96 50
61 97 45
61 98 32
61 99 80
62 63 79
62 64 98
62 65 75
62 66 71
62 67 80
62 68 71
62 69 83
62 70 27
62 71 59
62 72 68
62 73 71
62 74 96
62 75 99
62 76 73
62 77 70
62 78 85
62 79 64
62 80 37
62 81 55
62 82 57
62 83 90
62 84 30
62 85 95
62 86 88
62 87 71
62 88 92
62 89 67
62 90 84
62 91 103
62 92 54
62 93 93
62 94 63
62 95 24
62 96 61
62 97 106
62 98 63
62 99 97
63 64 26
63 65 43
63 66 49
63 67 14
63 68 20
63 69 10
63 70 62
63 71 29
63 72 31
63 73 14
63 74 17
63 75 40
63 76 22
63 77 45
63 78 8
63 79 37
63 80 44
63 81 25
63 82 22
63 83 70
63 84 61
63 85 16
63 86 64
63 87 39
63 88 26
63 89 38
63 90 59
63 91 24
63 92 44
63 93 17
63 94 16
63 95 57
63 96 29
63 97 44
63 98 63
63 99 18
64 65 69
64 66 75
64 67 38
64 68 46
64 69 17
64 70 76
64 71 40
64 72 34
64 73 40
64 74 19
64 75 59
64 76 26
64 77 42
64 78 27
64 79 63
64 80 66
64 81 43
64 82 45
64 83 95
64 84 84
64 85 17
64 86 88
64 87 37
64 88 45
64 89 39
64 90 49
64 91 21
64 92 50
64 93 32
64 94 37
64 95 78
64 96 55
64 97 60
64 98 89
64 99 17
65 66 8
65 67 30
65 68 24
65 69 53
65 70 73
65 71 59
65 72 66
65 73 31
65 74 53
65 75 27
65 76 60
65 77 80
65 78 41
65 79 12
65 80 41
65 81 47
65 82 38
65 83 27
65 84 46
65 85 54
65 86 21
65 87 75
65 88 30
65 89 72
65 90 96
65 91 57
65 92 71
65 93 41
65 94 44
65 95 52
65 96 21
65 97 34
65 98 26
65 99 55
66 67 37
66 68 29
66 69 59
66 70 71
66 71 61
66 72 69
66 73 36
66 74 60
66 75 35
66 76 64
66 77 83
66 78 48
66 79 13
66 80 39
66 81 49
66 82 40
66 83 25
66 84 40
66 85 61
66 86 19
66 87 78
66 88 38
66 89 75
66 90 99
66 91 65
66 92 72
66 93 48
66 94 47
66 95 48
66 96 23
66 97 42
66 98 18
66 99 62
67 68 10
67 69 24
67 70 67
67 71 39
67 72 43
67 73 10
67 74 23
67 75 27
67 76 35
67 77 58
67 78 11
67 79 27
67 80 43
67 81 32
67 82 24
67 83 57
67 84 57
67 85 24
67 86 50
67 87 52
67 88 14
67 89 50
67 90 72
67 91 29
67 92 54
67 93 14
67 94 23
67 95 56
67 96 22
67 97 32
67 98 53
67 99 26
68 69 30
68 70 60
68 71 38
68 72 44
68 73 7
68 74 33
68 75 30
68 76 37
68 77 58
68 78 20
68 79 17
68 80 34
68 81 28
68 82 18
68 83 51
68 84 47
68 85 33
68 86 45
68 87 53
68 88 21
68 89 50
68 90 74
68 91 39
68 92 51
68 93 24
68 94 21
68 95 47
68 96 12
68 97 37
68 98 43
68 99 35
69 70 63
69 71 28
69 72 26
69 73 23
69 74 15
69 75 49
69 76 17
69 77 39
69 78 15
69 79 47
69 80 50
69 81 28
69 82 29
69 83 80
69 84 68
69 85 13
69 86 74
69 87 33
69 88 34
69 89 33
69 90 51
69 91 22
69 92 42
69 93 23
69 94 21
69 95 62
69 96 39
69 97 52
69 98 73
69 99 15
70 71 36
70 72 43
70 73 57
70 74 77
70 75 90
70 76 50
70 77 43
70 78 69
70 79 60
70 80 32
70 81 36
70 82 43
70 83 94
70 84 39
70 85 76
70 86 90
70 87 45
70 88 81
70 89 41
70 90 57
70 91 85
70 92 28
70 93 78
70 94 46
70 95 26
70 96 53
70 97 97
70 98 70
70 99 78
71 72 10
71 73 31
71 74 43
71 75 66
71 76 14
71 77 22
71 78 37
71 79 48
71 80 34
71 81 12
71 82 21
71 83 85
71 84 51
71 85 42
71 86 80
71 87 18
71 88 54
71 89 14
71 90 39
71 91 50
71 92 14
71 93 47
71 94 16
71 95 42
71 96 38
71 97 72
71 98 69
71 99 44
72 73 37
72 74 41
72 75 71
72 76 10
72 77 14
72 78 38
72 79 56
72 80 44
72 81 21
72 82 30
72 83 94
72 84 62
72 85 40
72 86 88
72 87 9
72 88 57
72 89 7
72 90 30
72 91 48
72 92 17
72 93 48
72 94 23
72 95 52
72 96 46
72 97 75
72 98 79
72 99 41
73 74 28
73 75 35
73 76 30
73 77 51
73 78 16
73 79 24
73 80 34
73 81 23
73 82 15
73 83 58
73 84 49
73 85 28
73 86 52
73 87 46
73 88 24
73 89 44
73 90 67
73 91 35
73 92 45
73 93 22
73 94 15
73 95 47
73 96 16
73 97 41
73 98 50
73 99 30
74 75 40
74 76 32
74 77 54
74 78 12
74 79 50
74 80 60
74 81 41
74 82 39
74 83 78
74 84 77
74 85 2
74 86 71
74 87 48
74 88 27
74 89 48
74 90 64
74 91 8
74 92 57
74 93 13
74 94 32
74 95 73
74 96 44
74 97 41
74 98 76
74 99 3
75 76 62
75 77 85
75 78 34
75 79 35
75 80 62
75 81 58
75 82 49
75 83 42
75 84 71
75 85 42
75 86 36
75 87 79
75 88 14
75 89 78
75 90 99
75 91 42
75 92 81
75 93 27
75 94 50
75 95 74
75 96 38
75 97 7
75 98 52
75 99 43
76 77 23
76 78 29
76 79 51
76 80 44
76 81 20
76 82 26
76 83 88
76 84 63
76 85 30
76 86 82
76 87 17
76 88 48
76 89 17
76 90 37
76 91 38
76 92 25
76 93 38
76 94 18
76 95 54
76 96 41
76 97 66
76 98 75
76 99 32
77 78 52
77 79 69
77 80 53
77 81 33
77 82 43
77 83 107
77 84 70
77 85 52
77 86 101
77 87 6
77 88 71
77 89 7
77 90 17
77 91 59
77 92 16
77 93 61
77 94 37
77 95 59
77 96 59
77 97 89
77 98 90
77 99 53
78 79 37
78 80 49
78 81 33
78 82 28
78 83 67
78 84 65
78 85 13
78 86 61
78 87 46
78 88 20
78 89 45
78 90 65
78 91 19
78 92 51
78 93 10
78 94 23
78 95 62
78 96 31
78 97 37
78 98 63
78 99 15
79 80 29
79 81 36
79 82 27
79 83 38
79 84 36
79 85 50
79 86 32
79 87 65
79 88 32
79 89 62
79 90 86
79 91 56
79 92 59
79 93 40
79 94 34
79 95 40
79 96 10
79 97 42
79 98 26
79 99 52
80 81 24
80 82 22
80 83 63
80 84 18
80 85 60
80 86 58
80 87 51
80 88 55
80 89 47
80 90 71
80 91 68
80 92 39
80 93 56
80 94 30
80 95 13
80 96 24
80 97 69
80 98 40
80 99 62
81 82 10
81 83 74
81 84 42
81 85 41
81 86 68
81 87 29
81 88 46
81 89 26
81 90 50
81 91 49
81 92 24
81 93 42
81 94 9
81 95 35
81 96 26
81 97 63
81 98 57
81 99 42
82 83 64
82 84 39
82 85 38
82 86 58
82 87 38
82 88 38
82 89 35
82 90 60
82 91 46
82 92 33
82 93 36
82 94 9
82 95 34
82 96 17
82 97 55
82 98 49
82 99 40
83 84 60
83 85 79
83 86 7
83 87 102
83 88 52
83 89 99
83 90 124
83 91 81
83 92 97
83 93 65
83 94 71
83 95 70
83 96 48
83 97 47
83 98 27
83 99 80
84 85 77
84 86 57
84 87 68
84 88 67
84 89 64
84 90 87
84 91 84
84 92 55
84 93 71
84 94 48
84 95 13
84 96 35
84 97 78
84 98 33
84 99 79
85 86 73
85 87 46
85 88 28
85 89 46
85 90 62
85 91 9
85 92 55
85 93 15
85 94 32
85 95 73
85 96 44
85 97 43
85 98 76
85 99 2
86 87 96
86 88 46
86 89 94
86 90 118
86 91 75
86 92 91
86 93 58
86 94 65
86 95 66
86 96 42
86 97 41
86 98 26
86 99 74
87 88 65
87 89 4
87 90 22
87 91 54
87 92 17
87 93 55
87 94 31
87 95 57
87 96 55
87 97 83
87 98 87
87 99 47
88 89 64
88 90 85
88 91 29
88 92 68
88 93 13
88 94 38
88 95 68
88 96 32
88 97 18
88 98 55
88 99 29
89 90 24
89 91 54
89 92 13
89 93 55
89 94 29
89 95 54
89 96 52
89 97 82
89 98 83
89 99 48
90 91 68
90 92 33
90 93 74
90 94 53
90 95 75
90 96 76
90 97 102
90 98 108
90 99 63
91 92 64
91 93 17
91 94 40
91 95 81
91 96 50
91 97 41
91 98 81
91 99 7
92 93 61
92 94 30
92 95 43
92 96 50
92 97 86
92 98 78
92 99 57
93 94 32
93 95 69
93 96 35
93 97 29
93 98 65
93 99 16
94 95 42
94 96 24
94 97 55
94 98 58
94 99 34
95 96 37
95 97 81
95 98 44
95 99 75
96 97 45
96 98 34
96 99 46
97 98 59
97 99 44
98 99 78
0 1 23
0 2 61
0 4 25
0 6 33
0 8 63
0 9 78
0 11 47
0 12 44
0 13 62
0 14 55
0 16 71
0 17 16
0 18 43
0 20 36
0 21 38
0 24 64
0 25 65
0 26 41
0 27 67
0 28 52
0 29 81
0 30 29
0 31 53
0 34 26
0 35 71
0 37 13
0 38 36
0 39 52
0 40 84
0 41 44
0 42 51
0 43 29
0 44 60
0 46 45
0 47 39
0 49 23
0 50 37
0 51 20
0 52 82
0 53 46
0 54 40
0 55 33
0 57 16
0 58 31
0 59 46
0 60 47
0 61 57
0 63 49
0 64 73
0 65 35
0 66 31
0 67 44
0 68 34
0 71 44
0 72 54
0 73 37
0 74 65
0 76 54
0 77 65
0 79 24
0 81 34
0 82 28
0 83 53
0 85 65
0 86 49
0 88 54
0 90 82
0 91 72
0 92 50
0 93 58
0 94 37
0 95 17
0 96 23
0 97 66
0 98 29
0 99 67
1 2 50
1 3 33
1 4 17
1 8 44
1 9 56
1 10 38
1 12 46
1 13 45
1 15 24
1 16 63
1 17 9
1 18 56
1 19 30
1 20 18
1 21 50
1 22 53
1 23 44
1 24 48
1 25 43
1 27 64
1 28 55
1 29 58
1 30 13
1 31 69
1 32 23
1 33 12
1 36 70
1 37 12
1 38 57
1 40 70
1 44 48
1 47 27
1 48 46
1 50 21
1 51 21
1 52 74
1 53 28
1 55 51
1 56 67
1 57 20
1 58 16
1 61 71
1 64 54
1 67 35
1 68 28
1 69 38
1 70 32
1 71 21
1 72 31
1 73 26
1 74 50
1 75 58
1 78 39
1 79 31
1 80 13
1 82 11
1 83 68
1 84 31
1 86 63
1 87 39
1 90 59
1 91 57
1 92 29
1 94 18
1 95 24
1 96 22
1 97 65
1 98 49
2 3 62
2 4 67
2 5 24
2 6 28
2 7 86
2 8 25
2 10 48
2 11 61
2 12 32
2 13 16
2 15 30
2 17 49
2 19 40
2 20 32
2 21 97
2 24 15
2 25 43
2 27 24
2 29 65
2 31 71
2 32 63
2 33 57
2 34 65
2 35 24
2 36 21
2 37 49
2 38 71
2 39 39
2 40 25
2 41 75
2 42 59
2 43 66
2 47 23
2 48 67
2 49 55
2 51 70
2 52 25
2 53 69
2 55 61
2 56 18
2 58 63
2 59 60
2 60 14
2 61 66
2 62 95
2 65 43
2 67 16
2 68 26
2 69 24
2 70 80
2 71 49
2 72 49
2 73 25
2 74 13
2 75 28
2 76 40
2 77 63
2 79 42
2 80 59
2 81 44
2 82 38
2 83 66
2 84 73
2 85 14
2 86 60
2 87 56
2 88 14
2 89 56
2 90 74
2 91 15
2 92 63
2 95 72
2 96 38
2 98 67
2 99 15
3 4 35
3 5 81
3 6 50
3 8 43
3 9 24
3 10 19
3 12 73
3 13 49
3 14 100
3 15 49
3 16 76
3 18 87
3 20 35
3 23 77
3 24 52
3 26 46
3 27 84
3 28 81
3 29 30
3 30 37
3 31 102
3 32 53
3 33 23
3 35 51
3 36 83
3 37 45
3 38 89
3 39 84
3 40 73
3 42 4
3 44 60
3 45 56
3 46 16
3 47 48
3 48 79
3 49 32
3 50 23
3 51 42
3 53 16
3 54 83
3 55 83
3 57 45
3 58 26
3 59 92
3 60 56
3 61 102
3 63 43
3 64 47
3 65 73
3 67 54
3 68 53
3 71 15
3 72 14
3 74 55
3 76 23
3 77 11
3 78 51
3 79 62
3 80 43
3 81 26
3 82 36
3 83 100
3 84 60
3 85 53
3 86 94
3 88 68
3 90 28
3 92 5
3 93 61
3 94 32
3 95 48
3 97 86
4 5 90
4 7 27
4 8 59
4 9 59
4 10 47
4 11 70
4 12 61
4 15 40
4 16 80
4 19 43
4 20 35
4 22 56
4 23 51
4 25 54
4 26 45
4 28 70
4 29 64
4 30 30
4 31 77
4 34 2
4 35 68
4 36 87
4 37 23
4 38 61
4 40 86
4 42 32
4 45 57
4 46 32
4 47 44
4 48 50
4 49 11
4 52 91
4 57 11
4 58 9
4 60 54
4 61 80
4 62 30
4 65 55
4 66 53
4 67 52
4 69 53
4 70 17
4 71 30
4 72 40
4 74 66
4 77 46
4 80 14
4 81 25
4 82 28
4 85 65
4 86 73
4 88 65
4 91 74
4 94 33
4 97 81
4 98 53
4 99 67
5 6 52
5 9 86
5 10 64
5 12 51
5 13 32
5 14 78
5 16 16
5 17 74
5 18 71
5 20 56
5 21 121
5 23 82
5 26 46
5 27 31
5 28 49
5 29 76
5 30 61
5 31 88
5 32 87
5 34 89
5 35 32
5 36 12
5 37 73
5 40 13
5 41 97
5 42 78
5 44 25
5 45 34
5 47 47
5 49 79
5 50 90
5 51 94
5 52 12
5 53 91
5 54 70
5 55 81
5 56 12
5 57 92
5 58 86
5 59 77
5 63 41
5 64 38
5 66 71
5 67 41
5 68 50
5 69 41
5 70 103
5 71 69
5 72 67
5 74 26
5 75 40
5 76 58
5 79 65
5 80 83
5 81 67
5 82 62
5 83 83
5 84 97
5 85 28
5 88 33
5 90 87
5 92 83
5 93 27
5 96 62
5 97 36
5 98 89
5 99 26
6 7 58
6 8 35
6 9 68
6 10 45
6 11 46
6 12 23
6 13 31
6 14 52
6 15 2
6 16 39
6 17 23
6 19 16
6 20 15
6 21 69
6 23 38
6 25 45
6 26 10
6 27 39
6 28 32
6 29 65
6 30 14
6 32 35
6 33 36
6 34 40
6 35 41
6 36 47
6 37 22
6 43 43
6 46 34
6 48 43
6 49 31
6 50 46
6 52 50
6 54 36
6 55 41
6 56 44
6 57 41
6 58 41
6 59 45
6 60 14
6 61 55
6 63 19
6 64 45
6 65 26
6 67 12
6 69 29
6 71 35
6 72 41
6 73 6
6 75 33
6 77 55
6 78 20
6 80 31
6 81 25
6 83 53
6 85 33
6 86 47
6 87 50
6 88 24
6 89 48
6 90 71
6 92 48
6 93 25
6 94 19
6 95 45
6 96 11
6 97 40
6 98 44
7 8 83
7 9 85
7 10 74
7 11 68
7 13 84
7 14 77
7 15 56
7 16 97
7 17 36
7 18 67
7 19 51
7 20 57
7 21 11
7 22 82
7 23 47
7 24 87
7 25 80
7 26 65
7 28 79
7 29 91
7 30 50
7 33 41
7 35 92
7 36 105
7 38 53
7 39 78
7 40 108
7 41 41
7 43 48
7 44 85
7 45 76
7 46 58
7 48 43
7 49 35
7 50 38
7 52 108
7 53 47
7 58 36
7 61 78
7 62 17
7 63 71
7 64 93
7 65 60
7 66 55
7 67 69
7 68 60
7 69 77
7 72 67
7 73 61
7 78 76
7 79 50
7 80 27
7 81 50
7 83 73
7 84 15
7 85 87
7 88 80
7 89 68
7 91 95
7 92 56
7 93 83
7 94 57
7 95 15
7 96 49
7 98 46
8 9 48
8 10 25
8 12 51
8 13 9
8 14 82
8 15 36
8 16 37
8 18 71
8 19 50
8 20 27
8 22 47
8 24 11
8 25 19
8 26 25
8 27 49
8 28 56
8 30 34
8 31 89
8 33 46
8 34 57
8 35 9
8 36 42
8 37 50
8 39 60
8 40 30
8 41 61
8 43 77
8 44 22
8 46 30
8 47 28
8 48 78
8 49 48
8 53 54
8 54 68
8 56 39
8 58 53
8 59 78
8 60 28
8 61 86
8 62 89
8 63 16
8 64 11
8 65 58
8 66 64
8 67 29
8 68 36
8 69 6
8 70 68
8 71 32
8 72 29
8 73 29
8 74 14
8 75 52
8 76 19
8 77 40
8 78 18
8 81 34
8 82 35
8 83 85
8 86 79
8 91 19
8 93 25
8 95 68
8 96 45
8 99 13
9 10 24
9 11 113
9 12 91
9 14 120
9 17 64
9 20 53
9 23 100
9 25 29
9 26 62
9 27 96
9 28 98
9 31 123
9 32 77
9 33 47
9 34 57
9 36 90
9 37 68
9 38 112
9 40 75
9 41 46
9 42 28
9 44 69
9 45 69
9 46 35
9 47 64
9 48 102
9 49 55
9 51 66
9 52 93
9 53 38
9 54 103
9 55 105
9 56 87
9 57 69
9 59 113
9 61 122
9 63 56
9 64 47
9 66 96
9 67 69
9 68 71
9 69 49
9 70 54
9 71 35
9 72 27
9 73 64
9 74 62
9 75 96
9 76 34
9 77 14
9 78 63
9 81 47
9 82 56
9 83 120
9 86 114
9 87 18
9 89 21
9 90 3
9 91 67
9 92 29
9 95 72
9 96 73
9 97 100
9 98 104
9 99 61
10 14 96
10 15 45
10 16 62
10 17 46
10 18 84
10 19 59
10 20 30
10 21 82
10 22 22
10 24 36
10 25 8
10 27 72
10 30 36
10 31 101
10 32 61
10 33 33
10 34 45
10 35 33
10 36 68
10 38 91
10 39 77
10 40 55
10 41 42
10 42 18
10 43 84
10 47 40
10 48 82
10 49 40
10 50 38
10 53 34
10 54 80
10 56 64
10 58 39
10 59 90
10 60 46
10 61 99
10 63 32
10 67 45
10 68 47
10 69 25
10 70 50
10 71 18
10 72 7
10 73 40
10 74 39
10 77 15
10 78 38
10 80 51
10 81 27
10 82 35
10 83 98
10 84 69
10 85 37
10 87 9
10 88 58
10 89 10
10 90 27
10 93 47
10 94 27
10 95 59
10 96 51
10 97 76
10 98 84
10 99 38
11 12 29
11 14 9
11 15 46
11 16 62
11 21 78
11 22 111
11 23 21
11 24 73
11 25 91
11 26 55
11 28 29
11 29 112
11 32 50
11 33 73
11 35 82
11 36 67
11 39 25
11 40 84
11 41 89
11 42 88
11 43 21
11 44 62
11 46 78
11 48 26
11 49 65
11 52 69
11 53 89
11 55 14
11 56 66
11 59 1
11 60 50
11 62 85
11 63 63
11 64 88
11 65 20
11 66 18
11 67 50
11 68 44
11 69 73
11 70 88
11 71 78
11 73 51
11 74 72
11 75 38
11 76 81
11 77 100
11 78 61
11 79 31
11 80 56
11 82 57
11 83 7
11 84 54
11 85 73
11 86 3
11 87 95
11 88 46
11 89 92
11 90 117
11 93 59
11 94 64
11 96 40
11 97 43
11 98 23
11 99 74
12 14 32
12 15 24
12 16 35
12 17 41
12 18 22
12 19 19
12 20 38
12 21 82
12 25 65
12 26 29
12 27 25
12 28 9
12 31 39
12 34 60
12 35 54
12 36 41
12 37 38
12 39 11
12 42 69
12 43 37
12 45 26
12 46 57
12 47 27
12 48 39
12 49 52
12 50 68
12 51 60
12 52 44
12 53 74
12 54 19
12 55 31
12 56 40
12 57 57
12 59 28
12 60 23
12 62 84
12 63 37
12 64 60
12 66 21
12 67 23
12 68 20
12 69 47
12 70 78
12 71 58
12 72 64
12 73 27
12 74 43
12 75 15
12 76 57
12 78 33
12 79 20
12 80 48
12 81 48
12 82 38
12 83 35
12 84 56
12 85 44
12 87 73
12 88 18
12 89 71
12 90 94
12 96 25
12 99 45
13 14 76
13 15 33
13 16 28
13 17 48
13 22 55
13 23 69
13 24 3
13 25 27
13 26 22
13 27 41
13 28 48
13 29 49
13 30 34
13 31 83
13 32 64
13 33 50
13 36 34
13 37 49
13 38 80
13 39 53
13 40 25
13 44 14
13 45 18
13 47 25
13 48 74
13 50 59
13 51 66
13 54 62
13 58 56
13 59 72
13 60 22
13 61 79
13 62 91
13 64 16
13 65 53
13 66 60
13 69 9
13 70 72
13 71 38
13 72 36
13 75 44
13 76 26
13 78 12
13 79 49
13 80 57
13 83 79
13 86 72
13 87 42
13 88 29
13 89 42
13 90 59
13 92 51
13 93 17
13 94 28
13 95 69
13 96 42
13 97 45
13 98 75
14 16 62
14 17 61
14 18 13
14 20 67
14 21 87
14 22 117
14 24 76
14 26 59
14 27 47
14 29 117
14 30 63
14 31 12
14 33 81
14 35 85
14 37 57
14 38 27
14 41 97
14 42 95
14 44 65
14 45 58
14 46 85
14 47 57
14 48 34
14 49 72
14 50 88
14 51 75
14 52 68
14 53 96
14 54 17
14 56 66
14 58 83
14 59 9
14 63 68
14 64 92
14 66 25
14 67 54
14 68 49
14 71 85
14 72 93
14 77 106
14 78 64
14 80 64
14 81 74
14 82 64
14 83 6
14 85 76
14 86 6
14 89 99
14 91 77
14 96 47
14 97 42
14 98 32
14 99 77
15 16 41
15 17 21
15 18 39
15 21 67
15 22 65
15 23 36
15 26 11
15 27 41
15 28 33
15 30 13
15 31 56
15 33 34
15 36 49
15 38 49
15 39 35
15 40 54
15 41 53
15 44 29
15 45 20
15 46 33
15 48 42
15 50 44
15 51 41
15 54 35
15 55 40
15 56 46
15 57 39
15 58 39
15 59 45
15 60 16
15 61 54
15 62 67
15 63 21
15 65 25
15 66 30
15 67 14
15 69 30
15 70 56
15 71 34
15 72 41
15 73 7
15 75 35
15 76 35
15 82 14
15 83 53
15 84 43
15 85 35
15 86 47
15 87 50
15 88 26
15 89 47
15 91 42
15 92 47
15 94 18
15 95 42
15 96 9
15 97 41
15 98 43
15 99 37
16 17 62
16 19 48
16 20 46
16 21 108
16 22 83
16 23 67
16 24 26
16 27 17
16 28 33
16 29 77
16 31 72
16 32 74
16 37 61
16 38 76
16 39 38
16 42 73
16 43 71
16 44 17
16 46 61
16 47 35
16 48 74
16 49 68
16 50 81
16 51 82
16 52 11
16 53 83
16 54 54
16 55 66
16 56 5
16 57 80
16 58 77
16 59 61
16 60 26
16 61 65
16 63 33
16 64 41
16 65 47
16 66 55
16 67 28
16 70 94
16 71 63
16 72 63
16 74 23
16 75 25
16 76 53
16 77 76
16 78 25
16 79 50
16 80 71
16 81 58
16 82 51
16 83 67
16 84 84
16 89 70
16 90 87
16 91 21
16 92 77
16 94 48
16 95 84
16 96 48
16 97 22
16 99 25
17 18 48
17 20 21
17 21 47
17 23 36
17 24 51
17 25 50
17 26 28
17 27 61
17 28 50
17 29 66
17 30 14
17 31 61
17 32 16
17 33 20
17 34 19
17 35 56
17 36 69
17 37 4
17 39 51
17 40 72
17 41 36
17 44 48
17 45 40
17 47 27
17 48 38
17 49 12
17 50 28
17 51 21
17 56 66
17 57 19
17 59 53
17 60 36
17 61 63
17 63 35
17 64 58
17 66 36
17 67 34
17 68 25
17 70 37
17 71 29
17 72 39
17 73 25
17 74 51
17 76 38
17 77 50
17 78 40
17 79 24
17 80 9
17 82 13
17 83 60
17 85 51
17 86 55
17 87 47
17 88 46
17 89 43
17 90 68
17 91 59
17 92 38
17 93 47
17 94 22
17 95 22
17 96 16
17 97 61
17 98 40
17 99 53
18 19 26
18 20 54
18 23 20
18 24 66
18 25 84
18 26 48
18 27 42
18 29 105
18 30 50
18 31 18
18 32 47
18 33 68
18 36 61
18 38 23
18 39 19
18 40 77
18 42 82
18 43 22
18 45 47
18 48 26
18 49 60
18 50 76
18 51 63
18 52 63
18 55 14
18 56 60
18 58 70
18 61 15
18 62 83
18 63 56
18 64 81
18 65 14
18 66 13
18 67 43
18 68 37
18 69 66
18 70 84
18 72 80
18 73 44
18 74 64
18 75 32
18 76 74
18 77 94
18 78 54
18 80 52
18 81 61
18 83 14
18 84 52
18 86 7
18 87 89
18 88 40
18 89 86
18 90 110
18 91 68
18 92 84
18 93 52
18 94 57
18 97 38
18 99 67
19 20 29
19 21 63
19 22 78
19 23 22
19 24 48
19 25 60
19 26 25
19 28 28
19 29 80
19 31 42
19 34 42
19 37 20
19 38 34
19 39 29
19 40 65
19 41 59
19 42 56
19 43 27
19 45 31
19 47 22
19 48 28
19 49 34
19 52 59
19 53 58
19 54 22
19 55 25
19 56 53
19 58 45
19 60 26
19 64 61
19 65 13
19 66 15
19 67 25
19 68 15
19 70 60
19 73 21
19 74 47
19 78 35
19 79 2
19 81 35
19 82 25
19 84 37
19 85 48
19 86 34
19 87 63
19 88 31
19 90 84
19 91 54
19 95 41
19 96 8
19 97 41
19 99 50
20 22 50
20 23 49
20 24 30
20 25 31
20 26 12
20 27 50
20 28 46
20 30 7
20 34 33
20 36 54
20 37 23
20 39 49
20 40 52
20 41 43
20 43 54
20 44 31
20 45 24
20 46 19
20 47 13
20 48 53
20 50 35
20 51 39
20 53 38
20 54 50
20 55 54
20 57 38
20 58 31
20 59 60
20 60 22
20 61 69
20 62 64
20 63 15
20 66 44
20 67 20
20 69 21
20 71 20
20 73 12
20 74 31
20 76 20
20 77 40
20 80 30
20 81 12
20 82 8
20 84 47
20 85 31
20 88 35
20 89 32
20 91 39
20 92 34
20 94 3
20 96 21
20 97 52
20 98 55
21 23 57
21 25 89
21 26 76
21 27 105
21 28 90
21 29 97
21 31 81
21 32 35
21 34 37
21 35 102
21 38 62
21 39 89
21 40 119
21 41 45
21 43 57
21 44 96
21 45 87
21 46 67
21 48 53
21 49 45
21 50 45
21 52 119
21 53 53
21 56 113
21 58 43
21 59 78
21 60 83
21 61 88
21 62 12
21 63 82
21 65 71
21 66 66
21 67 81
21 69 88
21 70 37
21 71 65
21 72 75
21 74 99
21 75 97
21 77 79
21 78 87
21 79 62
21 80 38
21 81 59
21 82 60
21 83 83
21 84 26
21 85 98
21 86 81
21 87 79
21 88 92
21 89 75
21 90 94
21 91 106
21 93 94
21 94 67
21 95 25
21 96 60
21 97 104
21 98 56
22 23 97
22 24 57
22 25 28
22 27 94
22 28 96
22 29 13
22 30 55
22 32 74
22 33 44
22 34 54
22 35 52
22 38 109
22 39 99
22 40 74
22 42 25
22 43 101
22 44 68
22 46 33
22 49 52
22 50 44
22 51 63
22 52 92
22 55 102
22 57 66
22 59 110
22 61 120
22 62 78
22 63 54
22 64 47
22 65 91
22 69 47
22 71 33
22 72 24
22 75 94
22 76 32
22 77 11
22 78 61
22 81 44
22 83 118
22 84 81
22 86 112
22 88 80
22 90 6
22 91 66
22 92 26
22 93 70
22 94 47
22 95 69
22 96 70
22 97 98
23 24 70
23 26 47
23 27 57
23 29 100
23 30 43
23 31 26
23 32 30
23 33 56
23 34 51
23 35 78
23 36 73
23 38 13
23 39 36
23 40 86
23 41 70
23 42 73
23 43 5
23 44 61
23 45 52
23 46 64
23 47 44
23 49 47
23 50 62
23 52 76
23 53 71
23 54 18
23 55 7
23 56 72
23 57 42
23 58 56
23 59 21
23 62 63
23 63 57
23 65 20
23 66 12
23 67 46
23 69 67
23 72 73
23 73 43
23 74 69
23 76 70
23 78 57
23 80 37
23 81 52
23 82 44
23 83 27
23 86 24
23 87 82
23 88 49
23 89 78
23 91 75
23 93 58
23 94 52
23 96 28
23 97 54
23 98 7
23 99 72
24 25 30
24 26 24
24 27 39
24 28 48
24 29 51
24 30 37
24 31 84
24 33 53
24 34 62
24 35 9
24 36 32
24 37 51
24 38 81
24 39 53
24 40 22
24 41 69
24 43 75
24 45 19
24 46 38
24 47 26
24 48 76
24 50 62
24 51 69
24 52 34
24 53 62
24 56 28
24 57 68
24 58 59
24 60 23
24 61 79
24 62 94
24 63 15
24 64 16
24 65 54
24 66 61
24 67 24
24 68 33
24 69 12
24 70 75
24 72 39
24 73 28
24 75 43
24 76 29
24 77 51
24 78 13
24 81 40
24 82 38
24 83 79
24 84 76
24 86 73
24 87 45
24 88 29
24 89 45
24 90 61
24 91 10
24 92 54
24 95 72
24 96 44
24 97 44
24 98 76
25 26 36
25 27 68
25 29 22
25 30 38
25 31 101
25 32 65
25 33 40
25 34 52
25 35 25
25 36 61
25 40 47
25 41 50
25 42 27
25 43 86
25 44 40
25 45 41
25 46 22
25 47 39
25 48 85
25 49 45
25 50 46
25 51 60
25 52 64
25 53 42
25 54 80
25 55 85
25 56 58
25 57 62
25 59 90
25 60 43
25 61 99
25 62 82
25 63 29
25 64 20
25 66 75
25 67 43
25 68 47
25 69 20
25 71 24
25 73 39
25 75 69
25 77 22
25 78 35
25 79 62
25 81 32
25 84 74
25 85 31
25 86 91
25 87 17
25 89 19
25 90 31
25 91 38
25 92 31
25 93 43
25 95 65
25 96 52
25 98 86
26 27 38
26 28 36
26 30 16
26 31 65
26 33 36
26 34 44
26 35 31
26 37 28
26 39 40
26 40 44
26 41 55
26 42 42
26 43 53
26 44 20
26 45 12
26 46 30
26 48 53
26 49 34
26 53 50
26 55 50
26 56 39
26 57 47
26 59 54
26 61 62
26 63 9
26 65 34
26 68 11
26 69 19
26 70 59
26 71 31
26 72 35
26 73 4
26 74 24
26 75 35
26 76 28
26 78 12
26 80 37
26 81 24
26 82 17
26 83 61
26 87 44
26 90 65
26 94 15
26 96 20
26 97 41
26 98 54
26 99 26
27 28 19
27 29 90
27 30 52
27 32 70
27 35 48
27 36 19
27 37 59
27 39 23
27 40 40
27 41 93
27 42 80
27 45 28
27 46 68
27 50 84
27 53 88
27 54 41
27 56 19
27 57 79
27 59 47
27 62 106
27 63 41
27 64 55
27 65 37
27 66 45
27 67 30
27 68 36
27 69 48
27 70 96
27 72 72
27 74 37
27 75 10
27 78 34
27 79 44
27 80 69
27 81 62
27 82 53
27 84 79
27 85 39
27 87 80
27 89 79
27 91 36
27 92 83
27 93 25
27 94 53
27 95 82
27 96 45
27 97 6
27 98 63
27 99 39
28 30 45
28 31 39
28 33 67
28 34 69
28 35 57
28 37 47
28 38 45
28 39 5
28 40 56
28 41 85
28 42 77
28 43 42
28 44 36
28 45 31
28 46 65
28 47 34
28 48 45
28 49 61
28 50 76
28 52 40
28 53 82
28 54 22
28 55 35
28 56 37
28 57 66
28 58 71
28 59 28
28 60 28
28 61 32
28 63 43
28 64 64
28 65 19
28 66 26
28 68 28
28 70 87
28 71 66
28 72 71
28 73 35
28 74 46
28 75 9
28 77 86
28 79 28
28 83 34
28 84 64
28 85 48
28 87 80
28 88 19
28 89 78
28 91 48
28 93 33
28 95 69
28 96 34
28 97 16
28 98 44
28 99 48
29 31 121
29 32 80
29 33 51
29 35 44
29 37 69
29 38 112
29 40 65
29 41 53
29 42 32
29 43 104
29 45 64
29 46 36
29 47 61
29 48 103
29 50 53
29 52 84
29 55 104
29 56 79
29 57 73
29 58 55
29 60 65
29 61 120
29 62 89
29 64 38
29 68 68
29 69 42
29 71 37
29 73 61
29 74 54
29 76 31
29 77 19
29 78 57
29 79 82
29 80 70
29 81 48
29 85 52
29 86 112
29 87 19
29 88 76
29 89 23
29 92 35
29 93 65
29 95 77
29 96 72
29 97 94
29 98 105
30 32 30
30 33 22
30 34 28
30 37 15
30 38 56
30 39 48
30 40 58
30 42 33
30 45 28
30 47 15
30 48 47
30 49 18
30 51 33
30 52 61
30 53 37
30 54 46
30 55 48
30 57 32
30 58 27
30 60 25
30 62 59
30 66 39
30 68 17
30 69 28
30 70 44
30 71 22
30 72 31
30 73 13
30 75 47
30 77 44
30 78 27
30 80 23
30 82 2
30 83 63
30 84 40
30 85 37
30 88 37
30 89 36
30 90 61
30 93 35
30 94 9
30 95 35
30 97 53
30 98 49
30 99 39
31 32 56
31 34 78
31 36 77
31 37 57
31 38 19
31 39 34
31 40 95
31 41 96
31 42 97
31 44 73
31 45 65
31 46 88
31 47 62
31 48 29
31 50 88
31 52 79
31 53 97
31 54 21
31 55 19
31 57 69
31 58 82
31 60 61
31 61 10
31 66 27
31 68 54
31 71 88
31 72 96
31 73 62
31 75 48
31 77 109
31 78 72
31 79 40
31 80 63
31 81 76
31 82 67
31 83 6
31 84 58
31 86 12
31 88 57
31 90 126
31 91 86
31 93 69
31 94 74
31 95 69
31 96 50
31 97 53
31 98 26
31 99 85
32 33 31
32 34 23
32 35 72
32 36 82
32 37 15
32 39 56
32 41 41
32 42 50
32 43 32
32 44 63
32 45 53
32 46 45
32 47 41
32 48 29
32 49 22
32 50 34
32 51 17
32 52 85
32 53 44
32 55 37
32 56 79
32 57 13
32 58 29
32 59 50
32 62 37
32 63 51
32 64 75
32 65 38
32 66 34
32 69 58
32 70 38
32 71 43
32 73 39
32 74 67
32 76 54
32 81 34
32 82 29
32 83 56
32 84 10
32 88 57
32 89 57
32 90 81
32 92 49
32 93 61
32 94 38
32 96 26
32 99 69
33 34 12
33 35 55
33 36 78
33 39 69
33 40 75
33 41 19
33 42 19
33 44 55
33 45 48
33 46 18
33 47 37
33 49 9
33 54 64
33 55 62
33 56 75
33 57 23
33 58 7
33 59 72
33 60 46
33 61 83
33 62 43
33 63 39
33 65 55
33 66 55
33 68 39
33 69 41
33 71 16
33 72 26
33 76 29
33 77 33
33 78 46
33 79 43
33 80 21
33 81 13
33 83 80
33 84 37
33 87 31
33 88 58
33 89 27
33 90 50
33 91 62
33 92 18
33 93 55
33 94 22
33 95 26
33 97 75
33 98 60
33 99 55
34 35 66
34 37 22
34 38 62
34 39 71
34 41 18
34 43 54
34 44 63
34 48 51
34 49 10
34 51 9
34 52 89
34 53 21
34 55 58
34 56 83
34 57 12
34 59 70
34 61 81
34 62 32
34 63 48
34 64 66
34 65 55
34 68 43
34 71 28
34 72 38
34 73 41
34 75 73
34 76 41
34 80 15
34 82 27
34 84 27
34 86 73
34 87 43
34 89 39
34 91 72
34 92 28
34 94 32
34 95 15
34 97 80
34 99 65
35 36 38
35 38 90
35 40 22
35 41 70
35 42 48
35 44 21
35 46 39
35 47 34
35 49 57
35 50 64
35 51 73
35 52 40
35 54 72
35 56 35
35 58 62
35 59 82
35 61 89
35 62 98
35 63 22
35 64 7
35 65 63
35 69 14
35 70 77
35 71 41
35 72 37
35 73 35
35 76 28
35 77 47
35 78 22
35 79 58
35 80 65
35 81 43
35 84 82
35 86 82
35 88 38
35 89 43
35 91 14
35 93 25
35 94 35
35 95 77
35 96 51
35 99 9
36 37 68
36 38 82
36 40 23
36 41 97
36 42 79
36 45 30
36 50 88
36 51 90
36 52 3
36 53 91
36 54 59
36 55 72
36 56 3
36 57 88
36 58 85
36 60 33
36 61 69
36 63 40
36 64 45
36 65 54
36 69 43
36 70 101
36 72 69
36 76 60
36 77 82
36 78 33
36 79 57
36 82 59
36 83 71
36 84 91
36 85 31
36 89 76
36 92 84
36 93 23
36 94 56
36 95 91
36 96 56
36 97 25
36 98 79
36 99 30
37 38 44
37 40 72
37 41 40
37 43 36
37 44 48
37 45 39
37 47 26
37 49 15
37 50 31
37 51 22
37 52 72
37 54 41
37 56 66
37 57 20
37 58 26
37 59 49
37 62 47
37 63 36
37 65 33
37 67 33
37 68 24
37 70 40
37 71 33
37 74 52
37 75 52
37 76 41
37 77 54
37 78 40
37 79 20
37 81 21
37 82 15
37 83 56
37 84 25
37 86 51
37 87 50
37 88 45
37 89 47
37 91 60
37 93 47
37 94 24
37 95 23
37 97 59
38 40 96
38 42 85
38 44 72
38 46 77
38 47 57
38 48 11
38 49 58
38 50 73
38 52 84
38 53 82
38 55 10
38 56 81
38 57 52
38 58 68
38 60 59
38 61 27
38 62 70
38 63 69
38 64 95
38 65 29
38 66 21
38 67 58
38 68 49
38 69 79
38 71 77
38 74 81
38 75 54
38 76 82
38 77 98
38 79 32
38 80 48
38 81 65
38 83 22
38 84 40
38 85 82
38 86 23
38 87 94
38 88 59
38 89 91
38 92 85
38 94 65
38 95 52
38 96 41
38 97 60
38 98 8
38 99 83
39 40 61
39 42 80
39 43 39
39 45 35
39 46 68
39 47 37
39 48 43
39 49 62
39 50 78
39 51 70
39 52 44
39 53 84
39 55 32
39 58 73
39 59 24
39 60 32
39 61 28
39 62 93
39 63 47
39 65 18
39 66 24
39 67 33
39 68 31
39 69 56
39 70 88
39 71 69
39 72 75
39 73 38
39 74 51
39 75 13
39 76 67
39 77 89
39 78 42
39 79 29
39 82 49
39 84 63
39 85 52
39 86 23
39 89 82
39 90 104
39 91 53
39 92 82
39 93 37
39 94 53
39 96 35
39 97 19
39 98 41
39 99 53
40 41 91
40 42 70
40 43 91
40 46 60
40 47 46
40 48 92
40 49 75
40 50 84
40 51 90
40 52 24
40 53 84
40 55 86
40 56 22
40 57 90
40 60 39
40 61 88
40 62 116
40 63 37
40 64 27
40 65 67
40 66 75
40 69 34
40 70 97
40 71 62
40 72 59
40 73 48
40 75 48
40 76 49
40 77 69
40 80 81
40 81 62
40 83 90
40 85 21
40 86 83
40 88 38
40 89 65
40 90 76
40 91 13
40 92 75
40 93 28
40 94 53
40 96 62
40 97 46
40 98 92
40 99 19
41 43 73
41 44 73
41 45 67
41 46 31
41 47 55
41 48 70
41 49 25
41 50 9
41 51 25
41 52 100
41 54 80
41 55 77
41 56 93
41 58 14
41 59 88
41 60 65
41 61 99
41 62 36
41 63 56
41 64 68
41 65 72
41 66 72
41 67 63
41 69 57
41 71 29
41 72 35
41 73 54
41 74 71
41 75 88
41 77 35
41 80 33
41 82 39
41 83 95
41 89 33
41 92 19
41 93 73
41 94 41
41 95 31
41 96 52
41 97 94
41 99 72
42 48 75
42 49 28
42 50 21
42 52 83
42 53 15
42 54 78
42 55 79
42 56 76
42 57 42
42 61 98
42 62 58
42 63 40
42 64 46
42 65 69
42 66 71
42 69 37
42 70 32
42 71 11
42 73 42
42 75 77
42 77 14
42 80 40
42 81 22
42 82 31
42 83 95
42 84 56
42 85 50
42 88 64
42 89 9
42 93 57
42 95 45
42 97 82
42 99 52
43 44 66
43 45 57
43 46 69
43 47 49
43 49 51
43 50 65
43 51 49
43 52 80
43 53 74
43 54 21
43 55 8
43 58 60
43 62 64
43 63 62
43 65 24
43 66 16
43 67 51
43 68 42
43 69 72
43 70 70
43 71 69
43 74 74
43 77 90
43 78 62
43 80 40
43 82 49
43 83 26
43 85 75
43 87 86
43 89 83
43 90 107
43 92 77
43 93 63
43 94 57
43 95 45
43 96 33
43 97 57
43 98 2
43 99 77
44 45 10
44 46 44
44 47 22
44 48 68
44 50 65
44 51 68
44 52 27
44 53 67
44 54 53
44 55 62
44 56 20
44 57 67
44 58 62
44 61 68
44 62 94
44 65 44
44 67 16
44 69 21
44 71 46
44 72 46
44 73 24
44 74 10
44 75 31
44 78 9
44 79 43
44 82 37
44 83 68
44 84 73
44 85 12
44 88 17
44 89 53
44 90 72
44 91 13
44 92 60
44 93 4
44 94 33
44 95 71
44 98 68
44 99 12
45 46 40
45 47 13
45 48 58
45 52 34
45 53 62
45 54 44
45 56 27
45 57 58
45 58 55
45 60 5
45 61 61
45 62 86
45 63 13
45 64 34
45 65 35
45 67 6
45 69 22
45 72 44
45 73 15
45 75 27
45 80 49
45 81 35
45 82 29
45 83 61
45 84 63
45 85 19
45 87 52
45 88 13
45 89 51
45 90 72
45 92 56
45 95 62
45 97 31
45 98 59
45 99 20
46 48 67
46 50 25
46 53 24
46 54 68
46 55 70
46 56 64
46 57 40
46 58 24
46 60 40
46 61 87
46 63 28
46 64 38
46 65 58
46 66 61
46 72 9
46 73 30
46 74 41
46 75 65
46 77 22
46 78 35
46 79 48
46 81 12
46 83 85
46 84 53
46 85 40
46 86 79
46 87 17
46 88 52
46 90 39
46 91 48
46 92 16
46 93 45
46 95 44
46 96 38
46 97 70
47 48 50
47 49 33
47 50 47
47 52 46
47 53 51
47 55 47
47 56 40
47 57 45
47 58 42
47 59 51
47 60 10
47 62 73
47 63 13
47 65 31
47 66 36
47 67 8
47 68 8
47 70 59
47 71 33
47 72 38
47 73 2
47 74 26
47 76 30
47 77 52
47 79 25
47 87 46
47 89 44
47 91 33
47 92 47
47 93 20
47 94 16
47 95 49
47 96 17
48 49 48
48 52 83
48 53 71
48 54 25
48 55 12
48 57 41
48 59 26
48 61 35
48 62 60
48 64 88
48 65 27
48 66 19
48 67 52
48 68 43
48 71 67
48 72 77
48 73 49
48 74 75
48 75 54
48 79 25
48 80 37
48 81 55
48 83 30
48 84 30
48 85 76
48 86 29
48 88 56
48 89 81
48 90 106
48 92 75
48 94 56
48 95 41
48 96 33
48 98 3
48 99 78
49 50 16
49 51 16
49 53 24
49 54 56
49 56 73
49 58 11
49 59 64
49 60 43
49 61 74
49 62 41
49 63 38
49 66 47
49 67 41
49 71 22
49 72 33
49 73 31
49 74 55
49 75 64
49 76 34
49 77 42
49 78 45
49 79 35
49 80 12
49 81 15
49 82 17
49 83 71
49 85 54
49 86 67
49 87 39
49 88 55
49 90 59
49 91 63
49 92 27
49 95 20
49 96 27
49 98 51
49 99 56
50 51 20
50 53 10
50 54 72
50 55 69
50 57 23
50 60 57
50 61 91
50 62 37
50 63 49
50 64 63
50 66 63
50 67 55
50 68 49
50 69 50
50 72 31
50 73 45
50 74 64
50 75 79
50 76 37
50 77 34
50 78 56
50 79 51
50 80 25
50 81 23
50 82 31
50 83 87
50 84 38
50 85 63
50 87 34
50 89 30
50 93 65
50 95 26
50 97 85
50 98 65
51 53 29
51 54 60
51 55 54
51 57 4
51 58 16
51 61 77
51 62 26
51 65 53
51 66 50
51 70 22
51 72 47
51 74 70
51 77 53
51 78 59
51 80 12
51 81 30
51 82 32
51 83 73
51 84 18
51 85 70
51 86 69
51 87 52
51 88 67
51 89 48
51 90 70
51 92 37
51 93 67
51 96 36
51 97 81
51 98 48
51 99 72
52 53 94
52 54 62
52 57 91
52 58 88
52 59 68
52 60 37
52 61 71
52 64 47
52 65 56
52 66 64
52 67 39
52 68 48
52 69 46
52 71 73
52 72 72
52 76 63
52 78 36
52 80 82
52 81 68
52 82 62
52 83 73
52 85 33
52 86 67
52 88 28
52 91 27
52 92 87
52 94 59
52 95 95
52 96 59
52 97 26
53 54 80
53 55 77
53 56 87
53 57 33
53 59 88
53 60 60
53 61 99
53 63 50
53 65 71
53 66 71
53 67 58
53 68 54
53 69 50
53 71 21
53 72 27
53 76 35
53 78 58
53 79 59
53 81 27
53 82 36
53 84 48
53 85 63
53 86 91
53 87 28
53 88 73
53 89 24
53 91 72
53 94 35
53 97 90
53 98 74
53 99 65
54 55 13
54 56 58
54 57 56
54 58 66
54 59 10
54 61 19
54 62 80
54 66 9
54 67 40
54 68 33
54 70 80
54 71 68
54 72 76
54 73 41
54 74 62
54 76 70
54 77 90
54 78 51
54 79 21
54 80 48
54 81 57
54 82 47
54 83 18
54 84 49
54 90 106
54 91 66
54 92 80
54 94 53
54 95 57
54 96 30
54 97 37
54 98 23
55 56 70
55 57 50
55 59 14
55 60 49
55 61 24
55 63 60
55 65 18
55 66 11
55 69 70
55 70 75
55 71 69
55 72 78
55 73 46
55 74 71
55 75 44
55 76 74
55 77 91
55 78 59
55 79 23
55 80 44
55 81 58
55 82 49
55 85 72
55 86 17
55 88 48
55 90 108
55 91 76
55 92 80
55 93 59
55 94 56
55 97 50
55 98 10
56 57 85
56 59 66
56 60 30
56 61 69
56 62 113
56 63 37
56 64 42
56 66 60
56 68 42
56 69 40
56 70 98
56 71 66
56 72 66
56 73 42
56 75 28
56 76 56
56 80 75
56 82 56
56 83 71
56 84 89
56 85 27
56 87 73
56 88 23
56 89 73
56 90 89
56 91 21
56 92 80
56 93 20
56 94 53
56 95 89
56 98 78
56 99 27
57 59 63
57 63 53
57 65 50
57 67 52
57 68 44
57 69 58
57 71 38
57 74 69
57 76 50
57 78 58
57 80 10
57 81 31
57 82 31
57 83 69
57 84 15
57 87 54
57 88 65
57 89 50
57 90 72
57 91 77
57 93 65
57 95 4
57 97 79
57 98 44
58 60 52
58 61 85
58 62 37
58 63 45
58 64 61
58 68 44
58 69 48
58 71 22
58 73 41
58 74 61
58 76 36
58 77 37
58 80 20
58 81 20
58 82 26
58 83 82
58 84 34
58 85 60
58 87 36
58 88 64
58 89 32
58 90 53
58 91 69
58 94 29
58 95 22
58 96 38
58 97 81
58 98 60
58 99 62
59 61 10
59 62 84
59 63 63
59 64 88
59 68 43
59 69 73
59 70 87
59 71 78
59 73 51
59 74 71
59 75 37
59 79 30
59 80 56
59 81 66
59 83 8
59 84 54
59 86 3
59 87 94
59 89 92
59 92 89
59 93 58
59 96 40
59 98 23
59 99 73
60 61 57
60 64 38
60 65 31
60 66 38
60 67 2
60 70 69
60 72 45
60 74 22
60 77 59
60 81 34
60 82 26
60 84 59
60 86 50
60 87 53
60 88 13
60 89 52
60 90 73
60 92 55
60 93 12
60 94 25
60 95 58
60 97 30
60 98 54
60 99 24
61 62 94
61 65 29
61 67 57
61 68 52
61 69 81
61 70 98
61 71 88
61 72 95
61 73 59
61 74 78
61 77 109
61 78 68
61 80 66
61 81 76
61 83 5
61 84 64
61 85 79
61 86 8
61 87 104
61 89 102
61 90 125
61 94 73
61 96 50
61 97 45
61 98 32
61 99 80
62 63 79
62 65 75
62 66 71
62 67 80
62 68 71
62 69 83
62 70 27
62 71 59
62 73 71
62 74 96
62 75 99
62 76 73
62 77 70
62 78 85
62 79 64
62 80 37
62 81 55
62 82 57
62 83 90
62 84 30
62 86 88
62 87 71
62 89 67
62 90 84
62 92 54
62 93 93
62 94 63
62 95 24
62 97 106
62 99 97
63 64 26
63 65 43
63 67 14
63 68 20
63 70 62
63 71 29
63 72 31
63 73 14
63 74 17
63 75 40
63 76 22
63 77 45
63 79 37
63 81 25
63 82 22
63 86 64
63 88 26
63 90 59
63 92 44
63 94 16
63 95 57
63 96 29
63 97 44
63 98 63
63 99 18
64 65 69
64 66 75
64 68 46
64 69 17
64 70 76
64 71 40
64 72 34
64 73 40
64 74 19
64 75 59
64 77 42
64 78 27
64 79 63
64 80 66
64 81 43
64 82 45
64 87 37
64 89 39
64 91 21
64 92 50
64 93 32
64 94 37
64 95 78
64 96 55
64 97 60
64 98 89
65 66 8
65 67 30
65 69 53
65 70 73
65 71 59
65 74 53
65 75 27
65 77 80
65 78 41
65 79 12
65 80 41
65 81 47
65 82 38
65 85 54
65 86 21
65 87 75
65 88 30
65 89 72
65 90 96
65 92 71
65 93 41
65 95 52
65 96 21
65 98 26
66 68 29
66 69 59
66 70 71
66 72 69
66 73 36
66 74 60
66 75 35
66 77 83
66 82 40
66 83 25
66 87 78
66 88 38
66 89 75
66 90 99
66 91 65
66 92 72
66 93 48
66 94 47
66 95 48
66 97 42
66 99 62
67 68 10
67 70 67
67 71 39
67 73 10
67 75 27
67 76 35
67 77 58
67 78 11
67 79 27
67 81 32
67 84 57
67 87 52
67 88 14
67 89 50
67 90 72
67 91 29
67 92 54
67 93 14
67 94 23
67 95 56
67 96 22
67 97 32
67 98 53
67 99 26
68 70 60
68 71 38
68 72 44
68 73 7
68 75 30
68 76 37
68 77 58
68 78 20
68 79 17
68 80 34
68 81 28
68 82 18
68 83 51
68 84 47
68 85 33
68 87 53
68 88 21
68 89 50
68 90 74
68 91 39
68 92 51
68 93 24
68 96 12
68 97 37
68 98 43
68 99 35
69 70 63
69 71 28
69 72 26
69 73 23
69 74 15
69 76 17
69 77 39
69 79 47
69 80 50
69 81 28
69 82 29
69 83 80
69 84 68
69 85 13
69 87 33
69 88 34
69 90 51
69 91 22
69 93 23
69 94 21
69 96 39
69 97 52
69 99 15
70 75 90
70 78 69
70 81 36
70 82 43
70 83 94
70 84 39
70 85 76
70 86 90
70 87 45
70 90 57
70 91 85
70 92 28
70 93 78
70 94 46
70 95 26
70 96 53
70 97 97
70 99 78
71 72 10
71 73 31
71 74 43
71 76 14
71 77 22
71 78 37
71 79 48
71 80 34
71 84 51
71 85 42
71 86 80
71 87 18
71 88 54
71 89 14
71 91 50
71 92 14
71 94 16
71 95 42
71 97 72
71 98 69
71 99 44
72 74 41
72 76 10
72 78 38
72 83 94
72 87 9
72 88 57
72 89 7
72 90 30
72 91 48
72 93 48
72 94 23
72 95 52
72 96 46
72 97 75
72 99 41
73 74 28
73 75 35
73 76 30
73 78 16
73 80 34
73 82 15
73 83 58
73 85 28
73 86 52
73 87 46
73 89 44
73 90 67
73 91 35
73 92 45
73 97 41
73 98 50
73 99 30
74 75 40
74 77 54
74 78 12
74 79 50
74 80 60
74 81 41
74 82 39
74 85 2
74 87 48
74 88 27
74 89 48
74 90 64
74 91 8
74 92 57
74 93 13
74 95 73
74 96 44
74 98 76
74 99 3
75 76 62
75 79 35
75 81 58
75 82 49
75 84 71
75 85 42
75 86 36
75 87 79
75 88 14
75 89 78
75 90 99
75 92 81
75 93 27
75 95 74
75 97 7
75 98 52
75 99 43
76 79 51
76 80 44
76 81 20
76 83 88
76 84 63
76 85 30
76 87 17
76 88 48
76 89 17
76 90 37
76 91 38
76 92 25
76 94 18
76 95 54
76 96 41
76 97 66
76 98 75
76 99 32
77 78 52
77 79 69
77 80 53
77 82 43
77 83 107
77 84 70
77 85 52
77 86 101
77 87 6
77 88 71
77 91 59
77 93 61
77 95 59
77 98 90
77 99 53
78 81 33
78 83 67
78 84 65
78 86 61
78 87 46
78 88 20
78 89 45
78 90 65
78 91 19
78 92 51
78 93 10
78 94 23
78 95 62
78 96 31
78 98 63
78 99 15
79 80 29
79 82 27
79 83 38
79 84 36
79 85 50
79 87 65
79 88 32
79 90 86
79 93 40
79 95 40
79 96 10
79 99 52
80 81 24
80 82 22
80 83 63
80 84 18
80 86 58
80 87 51
80 88 55
80 89 47
80 90 71
80 91 68
80 92 39
80 94 30
80 95 13
80 96 24
81 83 74
81 84 42
81 85 41
81 86 68
81 87 29
81 88 46
81 90 50
81 94 9
81 95 35
81 96 26
81 98 57
81 99 42
82 83 64
82 85 38
82 86 58
82 87 38
82 88 38
82 89 35
82 90 60
82 91 46
82 92 33
82 93 36
82 94 9
82 98 49
83 87 102
83 88 52
83 89 99
83 90 124
83 91 81
83 92 97
83 93 65
83 94 71
83 95 70
83 96 48
83 99 80
84 87 68
84 88 67
84 90 87
84 92 55
84 93 71
84 94 48
84 95 13
84 96 35
84 98 33
84 99 79
85 88 28
85 90 62
85 91 9
85 92 55
85 93 15
85 95 73
85 98 76
86 87 96
86 89 94
86 90 118
86 93 58
86 96 42
86 97 41
86 98 26
87 90 22
87 92 17
87 93 55
87 94 31
87 96 55
87 98 87
88 89 64
88 90 85
88 91 29
88 93 13
88 96 32
88 98 55
89 90 24
89 91 54
89 94 29
89 95 54
89 96 52
89 97 82
89 98 83
90 91 68
90 92 33
90 93 74
90 94 53
90 96 76
90 97 102
91 92 64
91 93 17
91 94 40
91 96 50
91 97 41
91 98 81
91 99 7
92 93 61
92 97 86
92 98 78
92 99 57
93 94 32
93 95 69
93 96 35
93 99 16
94 98 58
94 99 34
95 96 37
95 99 75
96 97 45
97 98 59
97 99 44
98 99 78
