10 0.5 10 1 0.1 45 23 9
0.793491 0.464036 8
0.0702826 0.342126 1
0.466269 0.160719 5
0.0152516 0.398338 0
0.29999 0.618032 4
0.536126 0.982361 8
0.567313 0.0452536 7
0.574253 0.434718 6
0.637546 0.193343 7
0.153316 0.344939 1
0 1 73
0 2 45
0 3 78
0 4 52
0 5 58
0 6 48
0 7 22
0 8 31
0 9 65
1 2 44
1 3 8
1 4 36
1 5 79
1 6 58
1 7 51
1 8 59
1 9 8
2 3 51
2 4 49
2 5 82
2 6 15
2 7 29
2 8 17
2 9 36
3 4 36
3 5 78
3 6 66
3 7 56
3 8 66
3 9 15
4 5 43
4 6 63
4 7 33
4 8 54
4 9 31
5 6 94
5 7 55
5 8 80
5 9 74
6 7 39
6 8 16
6 9 51
7 8 25
7 9 43
8 9 51
0 1 73
0 2 45
0 3 78
0 7 22
0 8 31
1 2 44
1 3 8
1 6 58
1 7 51
1 8 59
1 9 8
2 3 51
2 5 82
2 7 29
2 9 36
3 5 78
3 7 56
4 6 63
4 7 33
4 8 54
5 8 80
7 8 25
7 9 43
