20 0.3 0 1 1 190 57 12
0.447388 0.276404 54
0.44122 0.291962 55
0.0235373 0.652559 108
0.386488 0.265468 60
0.988837 0.221178 7
0.975996 0.150403 0
0.193925 0.187856 78
0.88977 0.334432 20
0.131999 0.580022 95
0.78464 0.0404714 22
0.937996 0.331719 19
0.604144 0.48295 50
0.783387 0.346738 28
0.793021 0.739251 62
0.34057 0.319179 66
0.287346 0.666323 86
0.0520014 0.145717 92
0.345116 0.7236 85
0.412375 0.950909 98
0.66159 0.839287 76
0 1 2
0 2 57
0 3 6
0 4 54
0 5 54
0 6 27
0 7 45
0 8 44
0 9 41
0 10 49
0 11 26
0 12 34
0 13 58
0 14 12
0 15 42
0 16 42
0 17 46
0 18 68
0 19 60
1 2 55
1 3 6
1 4 55
1 5 55
1 6 27
1 7 45
1 8 42
1 9 43
1 10 50
1 11 25
1 12 35
1 13 57
1 14 10
1 15 40
1 16 42
1 17 44
1 18 66
1 19 59
2 3 53
2 4 106
2 5 108
2 6 49
2 7 92
2 8 13
2 9 98
2 10 97
2 11 60
2 12 82
2 13 77
2 14 46
2 15 26
2 16 51
2 17 33
2 18 49
2 19 66
3 4 60
3 5 60
3 6 21
3 7 51
3 8 40
3 9 46
3 10 56
3 11 31
3 12 41
3 13 62
3 14 7
3 15 41
3 16 36
3 17 46
3 18 69
3 19 64
4 5 7
4 6 80
4 7 15
4 8 93
4 9 27
4 10 12
4 11 47
4 12 24
4 13 55
4 14 66
4 15 83
4 16 94
4 17 82
4 18 93
4 19 70
5 6 78
5 7 20
5 8 95
5 9 22
5 10 19
5 11 50
5 12 28
5 13 62
5 14 66
5 15 86
5 16 92
5 17 85
5 18 98
5 19 76
6 7 71
6 8 40
6 9 61
6 10 76
6 11 51
6 12 61
6 13 81
6 14 20
6 15 49
6 16 15
6 17 56
6 18 79
6 19 80
7 8 80
7 9 31
7 10 5
7 11 32
7 12 11
7 13 42
7 14 55
7 15 69
7 16 86
7 17 67
7 18 78
7 19 55
8 9 85
8 10 84
8 11 48
8 12 69
8 13 68
8 14 33
8 15 18
8 16 44
8 17 26
8 18 46
8 19 59
9 10 33
9 11 48
9 12 31
9 13 70
9 14 52
9 15 80
9 16 74
9 17 81
9 18 98
9 19 81
10 11 37
10 12 16
10 13 43
10 14 60
10 15 73
10 16 91
10 17 71
10 18 81
10 19 58
11 12 23
11 13 32
11 14 31
11 15 37
11 16 65
11 17 35
11 18 51
11 19 36
12 13 39
12 14 44
12 15 59
12 16 76
12 17 58
12 18 71
12 19 51
13 14 62
13 15 51
13 16 95
13 17 45
13 18 44
13 19 17
14 15 35
14 16 34
14 17 40
14 18 64
14 19 61
15 16 57
15 17 8
15 18 31
15 19 41
16 17 65
16 18 88
16 19 92
17 18 24
17 19 34
18 19 27
0 2 57
0 4 54
0 16 42
1 2 55
1 3 6
1 4 55
1 11 25
1 16 42
1 19 59
2 5 108
2 7 92
2 8 13
2 10 97
2 11 60
2 13 77
2 14 46
2 16 51
3 6 21
3 7 51
3 8 40
3 16 36
3 17 46
4 5 7
4 8 93
4 9 27
4 18 93
5 7 20
5 9 22
5 12 28
5 13 62
6 8 40
6 10 76
6 14 20
6 15 49
6 17 56
6 18 79
7 10 5
7 12 11
7 13 42
8 12 69
9 10 33
9 17 81
10 11 37
10 15 73
10 16 91
11 15 37
11 18 51
12 18 71
13 16 95
13 17 45
13 18 44
13 19 17
14 15 35
14 19 61
16 19 92
17 18 24
17 19 34
