50 0.7 0 1 1 1225 858 34
0.607596 0.335137 73
0.753895 0.408825 60
0.641604 0.12638 91
0.732677 0.156103 85
0.64859 0.889184 30
0.261156 0.649256 75
0.100708 0.914005 83
0.353634 0.0658776 109
0.160461 0.900251 77
0.872396 0.978742 6
0.962552 0.173185 81
0.365971 0.644619 66
0.85697 0.942873 8
0.709475 0.49516 54
0.441068 0.910142 49
0.675761 0.932518 26
0.343704 0.0706845 109
0.735684 0.916619 21
0.694491 0.643261 42
0.0573542 0.623894 94
0.929813 0.986178 0
0.641287 0.899705 30
0.354901 0.78191 61
0.87974 0.823551 17
0.3999 0.0288778 109
0.92453 0.891909 9
0.703446 0.832392 27
0.994243 0.62487 37
0.740476 0.610797 42
0.630049 0.317587 73
0.233712 0.255886 101
0.546417 0.647862 51
0.584489 0.22322 84
0.110416 0.61605 90
0.837644 0.504935 49
0.667824 0.48395 57
0.401618 0.92436 53
0.775471 0.740228 29
0.105267 0.424247 100
0.876789 0.943017 7
0.292731 0.625306 73
0.417754 0.00865205 110
0.847565 0.124377 87
0.343094 0.286206 91
0.862064 0.679384 31
0.215146 0.44388 90
0.0596506 0.0595073 127
0.161233 0.353066 100
0.368575 0.549979 71
0.281911 0.161094 105
0 1 16
0 2 21
0 3 22
0 4 56
0 5 47
0 6 77
0 7 37
0 8 72
0 9 70
0 10 39
0 11 39
0 12 66
0 13 19
0 14 60
0 15 60
0 16 37
0 17 60
0 18 32
0 19 62
0 20 73
0 21 57
0 22 51
0 23 56
0 24 37
0 25 64
0 26 51
0 27 48
0 28 31
0 29 3
0 30 38
0 31 32
0 32 11
0 33 57
0 34 29
0 35 16
0 36 62
0 37 44
0 38 51
0 39 66
0 40 43
0 41 38
0 42 32
0 43 27
0 44 43
0 45 41
0 46 61
0 47 45
0 48 32
0 49 37
1 2 30
1 3 25
1 4 49
1 5 55
1 6 83
1 7 53
1 8 77
1 9 58
1 10 31
1 11 45
1 12 54
1 13 10
1 14 59
1 15 53
1 16 53
1 17 51
1 18 24
1 19 73
1 20 60
1 21 50
1 22 55
1 23 43
1 24 52
1 25 51
1 26 43
1 27 32
1 28 20
1 29 15
1 30 54
1 31 32
1 32 25
1 33 68
1 34 13
1 35 11
1 36 62
1 37 33
1 38 65
1 39 55
1 40 51
1 41 52
1 42 30
1 43 43
1 44 29
1 45 54
1 46 78
1 47 60
1 48 41
1 49 53
2 3 10
2 4 76
2 5 65
2 6 96
2 7 29
2 8 91
2 9 88
2 10 32
2 11 59
2 12 84
2 13 37
2 14 81
2 15 81
2 16 30
2 17 80
2 18 52
2 19 77
2 20 91
2 21 77
2 22 72
2 23 74
2 24 26
2 25 82
2 26 71
2 27 61
2 28 49
2 29 19
2 30 43
2 31 53
2 32 11
2 33 72
2 34 43
2 35 36
2 36 83
2 37 63
2 38 61
2 39 85
2 40 61
2 41 25
2 42 21
2 43 34
2 44 60
2 45 53
2 46 59
2 47 53
2 48 50
2 49 36
3 4 74
3 5 68
3 6 99
3 7 39
3 8 94
3 9 83
3 10 23
3 11 61
3 12 80
3 13 34
3 14 81
3 15 78
3 16 40
3 17 76
3 18 49
3 19 82
3 20 85
3 21 75
3 22 73
3 23 68
3 24 36
3 25 76
3 26 68
3 27 54
3 28 45
3 29 19
3 30 51
3 31 53
3 32 16
3 33 77
3 34 36
3 35 33
3 36 84
3 37 59
3 38 68
3 39 80
3 40 64
3 41 35
3 42 12
3 43 41
3 44 54
3 45 59
3 46 68
3 47 60
3 48 54
3 49 45
4 5 46
4 6 55
4 7 87
4 8 49
4 9 24
4 10 78
4 11 37
4 12 22
4 13 40
4 14 21
4 15 5
4 16 87
4 17 9
4 18 25
4 19 65
4 20 30
4 21 1
4 22 31
4 23 24
4 24 90
4 25 28
4 26 8
4 27 44
4 28 29
4 29 57
4 30 76
4 31 26
4 32 67
4 33 60
4 34 43
4 35 41
4 36 25
4 37 20
4 38 72
4 39 23
4 40 44
4 41 91
4 42 79
4 43 68
4 44 30
4 45 62
4 46 102
4 47 72
4 48 44
4 49 82
5 6 31
5 7 59
5 8 27
5 9 69
5 10 85
5 11 10
5 12 66
5 13 47
5 14 32
5 15 50
5 16 58
5 17 54
5 18 43
5 19 21
5 20 75
5 21 46
5 22 16
5 23 64
5 24 64
5 25 71
5 26 48
5 27 73
5 28 48
5 29 50
5 30 39
5 31 29
5 32 53
5 33 15
5 34 59
5 35 44
5 36 31
5 37 52
5 38 27
5 39 68
5 40 4
5 41 66
5 42 79
5 43 37
5 44 60
5 45 21
5 46 62
5 47 31
5 48 15
5 49 49
6 7 89
6 8 6
6 9 77
6 10 114
6 11 38
6 12 76
6 13 74
6 14 34
6 15 58
6 16 88
6 17 63
6 18 65
6 19 29
6 20 83
6 21 54
6 22 29
6 23 78
6 24 93
6 25 82
6 26 61
6 27 94
6 28 71
6 29 80
6 30 67
6 31 52
6 32 84
6 33 30
6 34 84
6 35 71
6 36 30
6 37 70
6 38 49
6 39 78
6 40 35
6 41 96
6 42 109
6 43 67
6 44 80
6 45 48
6 46 86
6 47 56
6 48 45
6 49 77
7 8 86
7 9 105
7 10 62
7 11 58
7 12 101
7 13 56
7 14 85
7 15 92
7 16 1
7 17 93
7 18 67
7 19 63
7 20 109
7 21 88
7 22 72
7 23 92
7 24 6
7 25 100
7 26 84
7 27 85
7 28 67
7 29 37
7 30 22
7 31 61
7 32 28
7 33 60
7 34 65
7 35 52
7 36 86
7 37 80
7 38 44
7 39 102
7 40 56
7 41 9
7 42 50
7 43 22
7 44 80
7 45 40
7 46 29
7 47 35
7 48 48
7 49 12
8 9 72
8 10 108
8 11 33
8 12 70
8 13 68
8 14 28
8 15 52
8 16 85
8 17 58
8 18 59
8 19 29
8 20 77
8 21 48
8 22 23
8 23 72
8 24 90
8 25 76
8 26 55
8 27 88
8 28 65
8 29 75
8 30 65
8 31 46
8 32 80
8 33 29
8 34 78
8 35 66
8 36 24
8 37 64
8 38 48
8 39 72
8 40 31
8 41 93
8 42 104
8 43 64
8 44 74
8 45 46
8 46 85
8 47 55
8 48 41
8 49 75
9 10 81
9 11 61
9 12 4
9 13 51
9 14 44
9 15 20
9 16 105
9 17 15
9 18 38
9 19 89
9 20 6
9 21 24
9 22 55
9 23 16
9 24 106
9 25 10
9 26 22
9 27 37
9 28 39
9 29 70
9 30 96
9 31 46
9 32 81
9 33 84
9 34 48
9 35 54
9 36 47
9 37 26
9 38 95
9 39 4
9 40 68
9 41 107
9 42 85
9 43 87
9 44 30
9 45 85
9 46 123
9 47 95
9 48 66
9 49 101
10 11 76
10 12 78
10 13 41
10 14 90
10 15 81
10 16 63
10 17 78
10 18 54
10 19 101
10 20 81
10 21 79
10 22 86
10 23 66
10 24 58
10 25 72
10 26 71
10 27 45
10 28 49
10 29 36
10 30 73
10 31 63
10 32 38
10 33 96
10 34 35
10 35 43
10 36 94
10 37 60
10 38 89
10 39 77
10 40 81
10 41 57
10 42 12
10 43 63
10 44 52
10 45 79
10 46 91
10 47 82
10 48 70
10 49 68
11 12 57
11 13 37
11 14 28
11 15 42
11 16 57
11 17 46
11 18 33
11 19 31
11 20 66
11 21 38
11 22 14
11 23 54
11 24 62
11 25 61
11 26 39
11 27 63
11 28 38
11 29 42
11 30 41
11 31 18
11 32 47
11 33 26
11 34 49
11 35 34
11 36 28
11 37 42
11 38 34
11 39 59
11 40 8
11 41 64
11 42 71
11 43 36
11 44 50
11 45 25
11 46 66
11 47 36
11 48 9
11 49 49
12 13 47
12 14 42
12 15 18
12 16 101
12 17 12
12 18 34
12 19 86
12 20 8
12 21 22
12 22 53
12 23 12
12 24 102
12 25 8
12 26 19
12 27 35
12 28 35
12 29 67
12 30 93
12 31 43
12 32 77
12 33 81
12 34 44
12 35 50
12 36 46
12 37 22
12 38 91
12 39 2
12 40 65
12 41 103
12 42 82
12 43 83
12 44 26
12 45 81
12 46 119
12 47 91
12 48 63
12 49 97
13 14 49
13 15 44
13 16 56
13 17 42
13 18 15
13 19 66
13 20 54
13 21 41
13 22 46
13 23 37
13 24 56
13 25 45
13 26 34
13 27 31
13 28 12
13 29 19
13 30 53
13 31 22
13 32 30
13 33 61
13 34 13
13 35 4
13 36 53
13 37 25
13 38 61
13 39 48
13 40 44
13 41 57
13 42 40
13 43 42
13 44 24
13 45 50
13 46 78
13 47 57
13 48 35
13 49 54
14 15 24
14 16 85
14 17 29
14 18 37
14 19 48
14 20 49
14 21 20
14 22 15
14 23 45
14 24 88
14 25 48
14 26 27
14 27 62
14 28 42
14 29 62
14 30 69
14 31 28
14 32 70
14 33 44
14 34 57
14 35 48
14 36 4
14 37 38
14 38 59
14 39 44
14 40 32
14 41 90
14 42 88
14 43 63
14 44 48
14 45 52
14 46 93
14 47 62
14 48 37
14 49 77
15 16 92
15 17 6
15 18 29
15 19 69
15 20 26
15 21 5
15 22 35
15 23 23
15 24 94
15 25 25
15 26 10
15 27 44
15 28 33
15 29 62
15 30 81
15 31 31
15 32 72
15 33 65
15 34 46
15 35 45
15 36 27
15 37 22
15 38 76
15 39 20
15 40 49
15 41 96
15 42 83
15 43 73
15 44 31
15 45 67
15 46 107
15 47 77
15 48 49
15 49 87
16 17 93
16 18 67
16 19 62
16 20 109
16 21 88
16 22 71
16 23 92
16 24 7
16 25 101
16 26 84
16 27 85
16 28 67
16 29 38
16 30 22
16 31 61
16 32 29
16 33 59
16 34 66
16 35 53
16 36 86
16 37 80
16 38 43
16 39 102
16 40 56
16 41 10
16 42 51
16 43 22
16 44 80
16 45 39
16 46 28
16 47 34
16 48 48
16 49 11
17 18 28
17 19 74
17 20 21
17 21 10
17 22 40
17 23 17
17 24 95
17 25 19
17 26 9
17 27 39
17 28 31
17 29 61
17 30 83
17 31 33
17 32 71
17 33 69
17 34 42
17 35 44
17 36 33
17 37 18
17 38 80
17 39 14
17 40 53
17 41 96
17 42 80
17 43 74
17 44 27
17 45 70
17 46 109
17 47 80
17 48 52
17 49 88
18 19 64
18 20 42
18 21 26
18 22 37
18 23 26
18 24 68
18 25 34
18 26 19
18 27 30
18 28 6
18 29 33
18 30 60
18 31 15
18 32 43
18 33 58
18 34 20
18 35 16
18 36 41
18 37 13
18 38 63
18 39 35
18 40 40
18 41 69
18 42 54
18 43 50
18 44 17
18 45 52
18 46 86
18 47 61
18 48 34
18 49 63
19 20 94
19 21 65
19 22 34
19 23 85
19 24 69
19 25 91
19 26 68
19 27 94
19 28 68
19 29 65
19 30 41
19 31 49
19 32 66
19 33 5
19 34 79
19 35 63
19 36 46
19 37 73
19 38 21
19 39 88
19 40 24
19 41 71
19 42 93
19 43 44
19 44 81
19 45 24
19 46 56
19 47 29
19 48 32
19 49 51
20 21 30
20 22 61
20 23 17
20 24 109
20 25 9
20 26 27
20 27 37
20 28 42
20 29 73
20 30 101
20 31 51
20 32 84
20 33 90
20 34 49
20 35 57
20 36 53
20 37 29
20 38 100
20 39 7
20 40 73
20 41 110
20 42 87
20 43 91
20 44 31
20 45 90
20 46 127
20 47 100
20 48 71
20 49 105
21 22 31
21 23 25
21 24 90
21 25 28
21 26 9
21 27 45
21 28 31
21 29 58
21 30 76
21 31 27
21 32 68
21 33 60
21 34 44
21 35 42
21 36 24
21 37 21
21 38 72
21 39 24
21 40 44
21 41 92
21 42 80
21 43 68
21 44 31
21 45 62
21 46 102
21 47 73
21 48 44
21 49 82
22 23 53
22 24 75
22 25 58
22 26 35
22 27 66
22 28 42
22 29 54
22 30 54
22 31 23
22 32 60
22 33 30
22 34 56
22 35 43
22 36 15
22 37 42
22 38 44
22 39 55
22 40 17
22 41 78
22 42 82
22 43 50
22 44 52
22 45 37
22 46 78
22 47 47
22 48 23
22 49 63
23 24 93
23 25 8
23 26 18
23 27 23
23 28 25
23 29 56
23 30 86
23 31 38
23 32 67
23 33 80
23 34 32
23 35 40
23 36 49
23 37 13
23 38 87
23 39 12
23 40 62
23 41 94
23 42 70
23 43 76
23 44 15
23 45 77
23 46 112
23 47 86
23 48 58
23 49 89
24 25 101
24 26 86
24 27 84
24 28 67
24 29 37
24 30 28
24 31 64
24 32 27
24 33 65
24 34 65
24 35 53
24 36 90
24 37 80
24 38 49
24 39 103
24 40 61
24 41 3
24 42 46
24 43 26
24 44 80
24 45 45
24 46 34
24 47 40
24 48 52
24 49 18
25 26 23
25 27 28
25 28 34
25 29 65
25 30 94
25 31 45
25 32 75
25 33 86
25 34 40
25 35 48
25 36 52
25 37 21
25 38 94
25 39 7
25 40 69
25 41 102
25 42 77
25 43 84
25 44 22
25 45 84
25 46 120
25 47 93
25 48 65
25 49 97
26 27 36
26 28 22
26 29 52
26 30 74
26 31 24
26 32 62
26 33 63
26 34 35
26 35 35
26 36 32
26 37 12
26 38 72
26 39 21
26 40 46
26 41 87
26 42 72
26 43 65
26 44 22
26 45 62
26 46 101
26 47 72
26 48 44
26 49 79
27 28 25
27 29 48
27 30 85
27 31 45
27 32 57
27 33 88
27 34 20
27 35 36
27 36 66
27 37 25
27 38 91
27 39 34
27 40 70
27 41 84
27 42 52
27 43 73
27 44 14
27 45 80
27 46 109
27 47 88
27 48 63
27 49 85
28 29 31
28 30 62
28 31 20
28 32 42
28 33 63
28 34 14
28 35 15
28 36 46
28 37 13
28 38 66
28 39 36
28 40 45
28 41 68
28 42 50
28 43 51
28 44 14
28 45 55
28 46 88
28 47 63
28 48 38
28 49 64
29 30 40
29 31 34
29 32 10
29 33 60
29 34 28
29 35 17
29 36 65
29 37 45
29 38 54
29 39 67
29 40 46
29 41 37
29 42 29
29 43 29
29 44 43
29 45 43
29 46 63
29 47 47
29 48 35
29 49 38
30 31 50
30 32 35
30 33 38
30 34 65
30 35 49
30 36 69
30 37 73
30 38 21
30 39 94
30 40 37
30 41 31
30 42 63
30 43 11
30 44 76
30 45 19
30 46 26
30 47 12
30 48 32
30 49 11
31 32 43
31 33 44
31 34 32
31 35 20
31 36 31
31 37 25
31 38 49
31 39 44
31 40 25
31 41 65
31 42 60
31 43 41
31 44 32
31 45 39
31 46 76
31 47 49
31 48 20
31 49 55
32 33 62
32 34 38
32 35 27
32 36 72
32 37 55
32 38 52
32 39 78
32 40 50
32 41 27
32 42 28
32 43 25
32 44 53
32 45 43
32 46 55
32 47 44
32 48 39
32 49 31
33 34 74
33 35 57
33 36 42
33 37 68
33 38 19
33 39 83
33 40 18
33 41 68
33 42 89
33 43 40
33 44 75
33 45 20
33 46 56
33 47 27
33 48 27
33 49 49
34 35 17
34 36 61
34 37 24
34 38 74
34 39 44
34 40 56
34 41 65
34 42 38
34 43 54
34 44 18
34 45 63
34 46 90
34 47 69
34 48 47
34 49 65
35 36 51
35 37 28
35 38 57
35 39 50
35 40 40
35 41 54
35 42 40
35 43 38
35 44 28
35 45 45
35 46 74
35 47 52
35 48 31
35 49 50
36 37 42
36 38 58
36 39 48
36 40 32
36 41 92
36 42 92
36 43 64
36 44 52
36 45 52
36 46 93
36 47 62
36 48 38
36 49 77
37 38 74
37 39 23
37 40 50
37 41 81
37 42 62
37 43 63
37 44 11
37 45 63
37 46 99
37 47 73
37 48 45
37 49 76
38 39 93
38 40 27
38 41 52
38 42 80
38 43 27
38 44 80
38 45 11
38 46 37
38 47 9
38 48 29
38 49 32
39 40 66
39 41 104
39 42 82
39 43 85
39 44 26
39 45 83
39 46 120
39 47 93
39 48 64
39 49 98
40 41 63
40 42 75
40 43 34
40 44 57
40 45 20
40 46 61
40 47 30
40 48 11
40 49 46
41 42 45
41 43 29
41 44 80
41 45 48
41 46 36
41 47 43
41 48 54
41 49 20
42 43 53
42 44 56
42 45 71
42 46 79
42 47 72
42 48 64
42 49 57
43 44 65
43 45 20
43 46 36
43 47 19
43 48 27
43 49 14
44 45 69
44 46 101
44 47 77
44 48 51
44 49 78
45 46 41
45 47 11
45 48 19
45 49 29
46 47 31
46 48 58
46 49 24
47 48 29
47 49 23
48 49 40
0 1 16
0 2 21
0 4 56
0 5 47
0 7 37
0 9 70
0 10 39
0 11 39
0 12 66
0 15 60
0 16 37
0 17 60
0 19 62
0 21 57
0 22 51
0 24 37
0 25 64
0 28 31
0 29 3
0 32 11
0 33 57
0 34 29
0 35 16
0 37 44
0 39 66
0 40 43
0 41 38
0 42 32
0 44 43
0 45 41
0 47 45
0 49 37
1 2 30
1 3 25
1 5 55
1 6 83
1 7 53
1 8 77
1 9 58
1 10 31
1 12 54
1 14 59
1 15 53
1 17 51
1 18 24
1 19 73
1 20 60
1 21 50
1 22 55
1 23 43
1 26 43
1 27 32
1 28 20
1 30 54
1 32 25
1 33 68
1 34 13
1 35 11
1 36 62
1 37 33
1 38 65
1 39 55
1 40 51
1 41 52
1 42 30
1 43 43
1 44 29
1 45 54
1 47 60
1 48 41
1 49 53
2 3 10
2 4 76
2 6 96
2 7 29
2 9 88
2 10 32
2 11 59
2 13 37
2 14 81
2 15 81
2 16 30
2 19 77
2 20 91
2 22 72
2 24 26
2 26 71
2 28 49
2 29 19
2 30 43
2 32 11
2 33 72
2 34 43
2 35 36
2 36 83
2 37 63
2 39 85
2 40 61
2 41 25
2 44 60
2 45 53
2 46 59
2 48 50
2 49 36
3 4 74
3 5 68
3 6 99
3 7 39
3 8 94
3 9 83
3 11 61
3 14 81
3 15 78
3 16 40
3 20 85
3 22 73
3 23 68
3 24 36
3 25 76
3 30 51
3 31 53
3 32 16
3 33 77
3 35 33
3 36 84
3 37 59
3 39 80
3 42 12
3 44 54
3 45 59
3 46 68
3 48 54
3 49 45
4 7 87
4 9 24
4 10 78
4 11 37
4 12 22
4 13 40
4 15 5
4 18 25
4 19 65
4 22 31
4 23 24
4 24 90
4 25 28
4 26 8
4 27 44
4 30 76
4 31 26
4 32 67
4 33 60
4 34 43
4 35 41
4 36 25
4 37 20
4 38 72
4 40 44
4 41 91
4 43 68
4 44 30
4 45 62
4 46 102
4 47 72
4 49 82
5 6 31
5 7 59
5 9 69
5 10 85
5 11 10
5 12 66
5 15 50
5 17 54
5 19 21
5 21 46
5 22 16
5 24 64
5 27 73
5 28 48
5 30 39
5 32 53
5 33 15
5 36 31
5 37 52
5 38 27
5 39 68
5 42 79
5 43 37
5 44 60
5 45 21
5 46 62
5 48 15
5 49 49
6 7 89
6 8 6
6 9 77
6 10 114
6 11 38
6 12 76
6 14 34
6 15 58
6 16 88
6 17 63
6 18 65
6 20 83
6 21 54
6 23 78
6 24 93
6 26 61
6 27 94
6 28 71
6 30 67
6 31 52
6 32 84
6 33 30
6 34 84
6 35 71
6 36 30
6 40 35
6 41 96
6 42 109
6 43 67
6 44 80
6 45 48
6 46 86
6 47 56
6 48 45
6 49 77
7 8 86
7 9 105
7 11 58
7 12 101
7 15 92
7 16 1
7 19 63
7 20 109
7 21 88
7 22 72
7 23 92
7 24 6
7 26 84
7 27 85
7 28 67
7 29 37
7 32 28
7 33 60
7 34 65
7 35 52
7 36 86
7 38 44
7 39 102
7 40 56
7 42 50
7 44 80
7 45 40
7 46 29
7 47 35
7 48 48
7 49 12
8 10 108
8 12 70
8 14 28
8 15 52
8 22 23
8 23 72
8 24 90
8 25 76
8 26 55
8 27 88
8 28 65
8 29 75
8 30 65
8 31 46
8 33 29
8 34 78
8 35 66
8 36 24
8 37 64
8 40 31
8 42 104
8 45 46
8 46 85
8 47 55
8 48 41
9 10 81
9 11 61
9 12 4
9 13 51
9 15 20
9 16 105
9 17 15
9 18 38
9 20 6
9 21 24
9 22 55
9 23 16
9 26 22
9 27 37
9 28 39
9 29 70
9 30 96
9 31 46
9 32 81
9 33 84
9 34 48
9 35 54
9 36 47
9 37 26
9 38 95
9 39 4
9 40 68
9 41 107
9 42 85
9 45 85
9 46 123
9 48 66
9 49 101
10 12 78
10 13 41
10 14 90
10 15 81
10 16 63
10 17 78
10 20 81
10 21 79
10 22 86
10 23 66
10 24 58
10 25 72
10 26 71
10 27 45
10 28 49
10 31 63
10 33 96
10 34 35
10 35 43
10 36 94
10 37 60
10 42 12
10 43 63
10 46 91
10 48 70
10 49 68
11 12 57
11 13 37
11 14 28
11 17 46
11 18 33
11 19 31
11 21 38
11 22 14
11 23 54
11 24 62
11 25 61
11 26 39
11 28 38
11 29 42
11 30 41
11 31 18
11 33 26
11 34 49
11 36 28
11 39 59
11 41 64
11 42 71
11 43 36
11 44 50
11 46 66
11 48 9
11 49 49
12 13 47
12 14 42
12 16 101
12 17 12
12 18 34
12 19 86
12 20 8
12 22 53
12 23 12
12 24 102
12 25 8
12 27 35
12 28 35
12 29 67
12 30 93
12 31 43
12 32 77
12 33 81
12 35 50
12 38 91
12 39 2
12 41 103
12 42 82
12 43 83
12 44 26
12 45 81
12 46 119
12 47 91
12 48 63
12 49 97
13 14 49
13 15 44
13 16 56
13 17 42
13 19 66
13 20 54
13 21 41
13 22 46
13 23 37
13 24 56
13 25 45
13 26 34
13 28 12
13 29 19
13 31 22
13 32 30
13 33 61
13 34 13
13 35 4
13 36 53
13 38 61
13 40 44
13 42 40
13 45 50
13 46 78
13 47 57
13 48 35
13 49 54
14 15 24
14 16 85
14 17 29
14 18 37
14 20 49
14 21 20
14 22 15
14 23 45
14 25 48
14 27 62
14 28 42
14 29 62
14 30 69
14 31 28
14 32 70
14 33 44
14 34 57
14 37 38
14 38 59
14 39 44
14 40 32
14 42 88
14 43 63
14 46 93
14 49 77
15 16 92
15 17 6
15 18 29
15 20 26
15 22 35
15 23 23
15 24 94
15 28 33
15 29 62
15 30 81
15 31 31
15 32 72
15 33 65
15 35 45
15 36 27
15 37 22
15 38 76
15 39 20
15 42 83
15 43 73
15 44 31
15 46 107
15 47 77
15 49 87
16 17 93
16 18 67
16 19 62
16 22 71
16 23 92
16 24 7
16 25 101
16 27 85
16 28 67
16 29 38
16 30 22
16 31 61
16 33 59
16 34 66
16 37 80
16 38 43
16 39 102
16 40 56
16 41 10
16 43 22
16 45 39
16 47 34
16 48 48
16 49 11
17 18 28
17 21 10
17 22 40
17 24 95
17 26 9
17 27 39
17 28 31
17 29 61
17 30 83
17 31 33
17 32 71
17 33 69
17 34 42
17 35 44
17 37 18
17 38 80
17 39 14
17 40 53
17 41 96
17 42 80
17 43 74
17 44 27
17 46 109
17 49 88
18 19 64
18 20 42
18 21 26
18 22 37
18 23 26
18 24 68
18 25 34
18 26 19
18 30 60
18 31 15
18 32 43
18 33 58
18 34 20
18 35 16
18 38 63
18 39 35
18 40 40
18 41 69
18 48 34
18 49 63
19 20 94
19 21 65
19 22 34
19 23 85
19 26 68
19 27 94
19 29 65
19 34 79
19 37 73
19 39 88
19 40 24
19 41 71
19 42 93
19 45 24
19 47 29
19 48 32
19 49 51
20 22 61
20 23 17
20 24 109
20 25 9
20 29 73
20 30 101
20 31 51
20 32 84
20 33 90
20 34 49
20 36 53
20 37 29
20 39 7
20 40 73
20 42 87
20 43 91
20 46 127
20 48 71
20 49 105
21 22 31
21 23 25
21 25 28
21 26 9
21 27 45
21 29 58
21 30 76
21 31 27
21 32 68
21 33 60
21 34 44
21 36 24
21 37 21
21 40 44
21 41 92
21 42 80
21 44 31
22 23 53
22 25 58
22 26 35
22 29 54
22 30 54
22 31 23
22 32 60
22 33 30
22 34 56
22 36 15
22 37 42
22 38 44
22 39 55
22 42 82
22 44 52
22 46 78
22 49 63
23 25 8
23 26 18
23 27 23
23 28 25
23 31 38
23 34 32
23 36 49
23 38 87
23 39 12
23 40 62
23 41 94
23 43 76
23 44 15
23 46 112
23 47 86
23 48 58
23 49 89
24 27 84
24 28 67
24 29 37
24 30 28
24 32 27
24 34 65
24 35 53
24 36 90
24 37 80
24 38 49
24 40 61
24 42 46
24 43 26
24 44 80
24 46 34
24 47 40
24 48 52
25 27 28
25 28 34
25 35 48
25 36 52
25 37 21
25 38 94
25 40 69
25 43 84
25 44 22
25 46 120
25 47 93
25 48 65
25 49 97
26 28 22
26 30 74
26 32 62
26 33 63
26 37 12
26 38 72
26 39 21
26 41 87
26 42 72
26 43 65
26 44 22
26 45 62
26 47 72
26 48 44
26 49 79
27 28 25
27 30 85
27 31 45
27 32 57
27 33 88
27 34 20
27 35 36
27 36 66
27 37 25
27 39 34
27 40 70
27 41 84
27 42 52
27 44 14
27 46 109
27 47 88
27 48 63
27 49 85
28 29 31
28 30 62
28 32 42
28 33 63
28 34 14
28 35 15
28 37 13
28 38 66
28 39 36
28 41 68
28 43 51
28 45 55
28 46 88
28 47 63
28 48 38
29 30 40
29 32 10
29 33 60
29 35 17
29 36 65
29 37 45
29 39 67
29 40 46
29 41 37
29 43 29
29 44 43
29 45 43
29 47 47
29 48 35
30 31 50
30 32 35
30 33 38
30 35 49
30 36 69
30 37 73
30 38 21
30 41 31
30 42 63
30 43 11
30 44 76
30 48 32
30 49 11
31 32 43
31 34 32
31 36 31
31 37 25
31 39 44
31 40 25
31 42 60
31 45 39
31 46 76
31 47 49
31 48 20
32 33 62
32 34 38
32 35 27
32 36 72
32 37 55
32 38 52
32 39 78
32 40 50
32 44 53
32 45 43
32 46 55
32 47 44
32 48 39
32 49 31
33 34 74
33 36 42
33 37 68
33 38 19
33 39 83
33 40 18
33 42 89
33 43 40
33 44 75
33 45 20
33 46 56
33 47 27
33 48 27
33 49 49
34 35 17
34 36 61
34 37 24
34 38 74
34 39 44
34 40 56
34 42 38
34 43 54
34 44 18
34 48 47
34 49 65
35 36 51
35 37 28
35 38 57
35 39 50
35 40 40
35 41 54
35 42 40
35 43 38
35 44 28
35 45 45
35 48 31
36 37 42
36 39 48
36 40 32
36 41 92
36 42 92
36 43 64
36 44 52
36 45 52
36 46 93
36 47 62
36 49 77
37 41 81
37 42 62
37 44 11
37 45 63
37 46 99
37 47 73
37 48 45
38 39 93
38 40 27
38 42 80
38 43 27
38 44 80
38 45 11
38 46 37
38 47 9
38 48 29
39 41 104
39 42 82
39 43 85
39 44 26
39 46 120
39 47 93
39 48 64
40 41 63
40 42 75
40 49 46
41 42 45
41 43 29
41 45 48
41 46 36
41 48 54
41 49 20
42 43 53
42 44 56
42 46 79
42 47 72
42 48 64
43 47 19
44 45 69
44 46 101
44 47 77
44 49 78
45 47 11
45 48 19
45 49 29
46 47 31
46 48 58
46 49 24
47 49 23
