50 0.7 20 1 0.5 1225 858 39
0.815555 0.405301 41
0.350166 0.261265 17
0.74756 0.295173 35
0.0952582 0.0272565 0
0.376596 0.755818 39
0.584328 0.404301 31
0.0742886 0.107974 4
0.827778 0.524751 44
0.588317 0.490533 34
0.175868 0.375392 18
0.967207 0.880519 61
0.587992 0.362551 30
0.841787 0.493936 44
0.661727 0.189176 29
0.397246 0.7461 39
0.00561814 0.354279 17
0.708648 0.60277 42
0.59309 0.337393 29
0.775232 0.941985 57
0.593197 0.325876 29
0.0835283 0.504986 24
0.563121 0.57827 36
0.122856 0.525434 25
0.560664 0.0952517 24
0.638968 0.166068 28
0.106697 0.211573 9
0.554495 0.194374 24
0.143456 0.916671 45
0.781622 0.198042 35
0.232427 0.065179 7
0.470769 0.6759 37
0.549654 0.825073 46
0.32989 0.5591 29
0.252512 0.458814 23
0.448872 0.252274 21
0.664293 0.485883 37
0.419287 0.928463 48
0.47289 0.568966 33
0.946668 0.82833 58
0.148457 0.515571 25
0.184932 0.447678 21
0.0728473 0.620496 30
0.115092 0.45296 21
0.226598 0.706922 35
0.0949174 0.086642 3
0.920192 0.403522 45
0.65068 0.154865 28
0.917938 0.852986 58
0.969279 0.21879 45
0.853651 0.457421 44
0 1 49
0 2 13
0 3 81
0 4 56
0 5 23
0 6 80
0 7 12
0 8 24
0 9 64
0 10 50
0 11 23
0 12 9
0 13 27
0 14 54
0 15 81
0 16 22
0 17 23
0 18 54
0 19 24
0 20 74
0 21 31
0 22 70
0 23 40
0 24 30
0 25 73
0 26 34
0 27 84
0 28 21
0 29 68
0 30 44
0 31 50
0 32 51
0 33 57
0 34 40
0 35 17
0 36 66
0 37 38
0 38 44
0 39 68
0 40 63
0 41 77
0 42 70
0 43 66
0 44 79
0 45 10
0 46 30
0 47 46
0 48 24
0 49 6
1 2 40
1 3 35
1 4 50
1 5 27
1 6 32
1 7 55
1 8 33
1 9 21
1 10 87
1 11 26
1 12 54
1 13 32
1 14 49
1 15 36
1 16 50
1 17 25
1 18 80
1 19 25
1 20 36
1 21 38
1 22 35
1 23 27
1 24 30
1 25 25
1 26 21
1 27 69
1 28 44
1 29 23
1 30 43
1 31 60
1 32 30
1 33 22
1 34 10
1 35 39
1 36 67
1 37 33
1 38 82
1 39 32
1 40 25
1 41 45
1 42 30
1 43 46
1 44 31
1 45 59
1 46 32
1 47 82
1 48 62
1 49 54
2 3 71
2 4 59
2 5 20
2 6 70
2 7 24
2 8 25
2 9 58
2 10 63
2 11 17
2 12 22
2 13 14
2 14 57
2 15 74
2 16 31
2 17 16
2 18 65
2 19 16
2 20 70
2 21 34
2 22 67
2 23 27
2 24 17
2 25 65
2 26 22
2 27 87
2 28 10
2 29 56
2 30 47
2 31 57
2 32 49
2 33 52
2 34 30
2 35 21
2 36 71
2 37 39
2 38 57
2 39 64
2 40 58
2 41 75
2 42 65
2 43 66
2 44 69
2 45 20
2 46 17
2 47 58
2 48 23
2 49 19
3 4 78
3 5 62
3 6 8
3 7 89
3 8 68
3 9 36
3 10 122
3 11 60
3 12 88
3 13 59
3 14 78
3 15 34
3 16 84
3 17 59
3 18 114
3 19 58
3 20 48
3 21 72
3 22 50
3 23 47
3 24 56
3 25 18
3 26 49
3 27 89
3 28 71
3 29 14
3 30 75
3 31 92
3 32 58
3 33 46
3 34 42
3 35 73
3 36 96
3 37 66
3 38 117
3 39 49
3 40 43
3 41 59
3 42 43
3 43 69
3 44 6
3 45 91
3 46 57
3 47 117
3 48 89
3 49 87
4 5 41
4 6 71
4 7 51
4 8 34
4 9 43
4 10 60
4 11 45
4 12 53
4 13 63
4 14 2
4 15 55
4 16 37
4 17 47
4 18 44
4 19 48
4 20 39
4 21 26
4 22 34
4 23 69
4 24 65
4 25 61
4 26 59
4 27 28
4 28 69
4 29 71
4 30 12
4 31 19
4 32 20
4 33 32
4 34 51
4 35 39
4 36 18
4 37 21
4 38 57
4 39 33
4 40 36
4 41 33
4 42 40
4 43 16
4 44 73
4 45 65
4 46 66
4 47 55
4 48 80
4 49 56
5 6 59
5 7 27
5 8 9
5 9 41
5 10 61
5 11 4
5 12 27
5 13 23
5 14 39
5 15 58
5 16 23
5 17 7
5 18 57
5 19 8
5 20 51
5 21 18
5 22 48
5 23 31
5 24 24
5 25 52
5 26 21
5 27 68
5 28 29
5 29 49
5 30 29
5 31 42
5 32 30
5 33 34
5 34 20
5 35 11
5 36 55
5 37 20
5 38 56
5 39 45
5 40 40
5 41 56
5 42 47
5 43 47
5 44 58
5 45 34
5 46 26
5 47 56
5 48 43
5 49 27
6 7 86
6 8 64
6 9 29
6 10 118
6 11 57
6 12 86
6 13 59
6 14 72
6 15 26
6 16 80
6 17 57
6 18 109
6 19 56
6 20 40
6 21 68
6 22 42
6 23 49
6 24 57
6 25 11
6 26 49
6 27 81
6 28 71
6 29 16
6 30 69
6 31 86
6 32 52
6 33 39
6 34 40
6 35 70
6 36 89
6 37 61
6 38 113
6 39 41
6 40 36
6 41 51
6 42 35
6 43 62
6 44 3
6 45 90
6 46 58
6 47 113
6 48 90
6 49 85
7 8 24
7 9 67
7 10 38
7 11 29
7 12 3
7 13 37
7 14 48
7 15 84
7 16 14
7 17 30
7 18 42
7 19 31
7 20 74
7 21 27
7 22 70
7 23 51
7 24 41
7 25 79
7 26 43
7 27 79
7 28 33
7 29 75
7 30 39
7 31 41
7 32 50
7 33 58
7 34 47
7 35 17
7 36 57
7 37 36
7 38 33
7 39 68
7 40 65
7 41 76
7 42 72
7 43 63
7 44 85
7 45 15
7 46 41
7 47 34
7 48 34
7 49 7
8 9 43
8 10 54
8 11 13
8 12 25
8 13 31
8 14 32
8 15 60
8 16 16
8 17 15
8 18 49
8 19 16
8 20 50
8 21 9
8 22 47
8 23 40
8 24 33
8 25 56
8 26 30
8 27 62
8 28 35
8 29 55
8 30 22
8 31 34
8 32 27
8 33 34
8 34 28
8 35 8
8 36 47
8 37 14
8 38 49
8 39 44
8 40 41
8 41 53
8 42 47
8 43 42
8 44 64
8 45 34
8 46 34
8 47 49
8 48 47
8 49 27
9 10 94
9 11 41
9 12 68
9 13 52
9 14 43
9 15 17
9 16 58
9 17 42
9 18 82
9 19 42
9 20 16
9 21 44
9 22 16
9 23 48
9 24 51
9 25 18
9 26 42
9 27 54
9 28 63
9 29 32
9 30 42
9 31 58
9 32 24
9 33 11
9 34 30
9 35 50
9 36 60
9 37 35
9 38 89
9 39 14
9 40 7
9 41 27
9 42 10
9 43 34
9 44 30
9 45 74
9 46 52
9 47 88
9 48 81
9 49 68
10 11 64
10 12 41
10 13 76
10 14 59
10 15 110
10 16 38
10 17 66
10 18 20
10 19 67
10 20 96
10 21 50
10 22 92
10 23 88
10 24 79
10 25 109
10 26 80
10 27 82
10 28 71
10 29 110
10 30 54
10 31 42
10 32 71
10 33 83
10 34 81
10 35 50
10 36 55
10 37 58
10 38 6
10 39 90
10 40 89
10 41 93
10 42 95
10 43 76
10 44 118
10 45 48
10 46 79
10 47 6
10 48 66
10 49 44
11 12 29
11 13 19
11 14 43
11 15 58
11 16 27
11 17 3
11 18 61
11 19 4
11 20 52
11 21 22
11 22 49
11 23 27
11 24 20
11 25 50
11 26 17
11 27 71
11 28 25
11 29 46
11 30 33
11 31 46
11 32 32
11 33 35
11 34 18
11 35 15
11 36 59
11 37 24
11 38 59
11 39 47
11 40 41
11 41 58
11 42 48
11 43 50
11 44 57
11 45 33
11 46 22
11 47 59
11 48 41
11 49 28
12 13 35
12 14 51
12 15 85
12 16 17
12 17 29
12 18 45
12 19 30
12 20 76
12 21 29
12 22 72
12 23 49
12 24 39
12 25 79
12 26 42
12 27 82
12 28 30
12 29 75
12 30 41
12 31 44
12 32 52
12 33 59
12 34 46
12 35 18
12 36 61
12 37 38
12 38 35
12 39 69
12 40 66
12 41 78
12 42 73
12 43 65
12 44 85
12 45 12
12 46 39
12 47 37
12 48 30
12 49 4
13 14 62
13 15 68
13 16 42
13 17 16
13 18 76
13 19 15
13 20 66
13 21 40
13 22 64
13 23 14
13 24 3
13 25 56
13 26 11
13 27 89
13 28 12
13 29 45
13 30 52
13 31 65
13 32 50
13 33 49
13 34 22
13 35 30
13 36 78
13 37 42
13 38 70
13 39 61
13 40 54
13 41 73
13 42 61
13 43 68
13 44 58
13 45 34
13 46 4
13 47 71
13 48 31
13 49 33
14 15 55
14 16 34
14 17 45
14 18 43
14 19 46
14 20 40
14 21 24
14 22 35
14 23 67
14 24 63
14 25 61
14 26 57
14 27 31
14 28 67
14 29 70
14 30 10
14 31 17
14 32 20
14 33 32
14 34 50
14 35 37
14 36 18
14 37 19
14 38 56
14 39 34
14 40 37
14 41 35
14 42 41
14 43 18
14 44 73
14 45 63
14 46 64
14 47 53
14 48 78
14 49 54
15 16 75
15 17 59
15 18 97
15 19 59
15 20 17
15 21 60
15 22 21
15 23 61
15 24 66
15 25 17
15 26 57
15 27 58
15 28 79
15 29 37
15 30 57
15 31 72
15 32 38
15 33 27
15 34 45
15 35 67
15 36 71
15 37 51
15 38 105
15 39 22
15 40 20
15 41 27
15 42 15
15 43 42
15 44 28
15 45 92
15 46 68
15 47 104
15 48 97
15 49 85
16 17 29
16 18 35
16 19 30
16 20 63
16 21 15
16 22 59
16 23 53
16 24 44
16 25 72
16 26 44
16 27 65
16 28 41
16 29 72
16 30 25
16 31 27
16 32 38
16 33 48
16 34 44
16 35 13
16 36 44
16 37 24
16 38 33
16 39 57
16 40 55
16 41 64
16 42 61
16 43 49
16 44 80
16 45 29
16 46 45
16 47 33
16 48 46
16 49 21
17 18 63
17 19 1
17 20 54
17 21 24
17 22 51
17 23 24
17 24 18
17 25 50
17 26 15
17 27 73
17 28 23
17 29 45
17 30 36
17 31 49
17 32 34
17 33 36
17 34 17
17 35 16
17 36 62
17 37 26
17 38 61
17 39 48
17 40 42
17 41 59
17 42 49
17 43 52
17 44 56
17 45 33
17 46 19
17 47 61
17 48 39
17 49 29
18 19 64
18 20 82
18 21 42
18 22 77
18 23 87
18 24 79
18 25 99
18 26 78
18 27 63
18 28 74
18 29 103
18 30 40
18 31 25
18 32 59
18 33 71
18 34 76
18 35 47
18 36 36
18 37 48
18 38 21
18 39 76
18 40 77
18 41 77
18 42 82
18 43 60
18 44 109
18 45 56
18 46 80
18 47 17
18 48 75
18 49 49
19 20 54
19 21 25
19 22 51
19 23 23
19 24 17
19 25 50
19 26 14
19 27 74
19 28 23
19 29 45
19 30 37
19 31 50
19 32 35
19 33 37
19 34 16
19 35 18
19 36 63
19 37 27
19 38 61
19 39 48
19 40 43
19 41 60
19 42 49
19 43 53
19 44 55
19 45 34
19 46 18
19 47 62
19 48 39
19 49 29
20 21 49
20 22 4
20 23 63
20 24 65
20 25 29
20 26 56
20 27 42
20 28 76
20 29 46
20 30 42
20 31 57
20 32 25
20 33 18
20 34 44
20 35 58
20 36 54
20 37 39
20 38 92
20 39 7
20 40 12
20 41 12
20 42 6
20 43 25
20 44 42
20 45 84
20 46 67
20 47 90
20 48 93
20 49 77
21 22 44
21 23 48
21 24 42
21 25 59
21 26 38
21 27 54
21 28 44
21 29 61
21 30 13
21 31 25
21 32 23
21 33 33
21 34 35
21 35 14
21 36 38
21 37 9
21 38 46
21 39 42
21 40 40
21 41 49
21 42 47
21 43 36
21 44 68
21 45 40
21 46 43
21 47 45
21 48 54
21 49 31
22 23 61
22 24 63
22 25 31
22 26 54
22 27 39
22 28 74
22 29 47
22 30 38
22 31 52
22 32 21
22 33 15
22 34 43
22 35 54
22 36 50
22 37 35
22 38 88
22 39 3
22 40 10
22 41 11
22 42 7
22 43 21
22 44 44
22 45 81
22 46 64
22 47 86
22 48 90
22 49 73
23 24 11
23 25 47
23 26 10
23 27 92
23 28 24
23 29 33
23 30 59
23 31 73
23 32 52
23 33 48
23 34 19
23 35 40
23 36 85
23 37 48
23 38 83
23 39 59
23 40 52
23 41 72
23 42 57
23 43 70
23 44 47
23 45 47
23 46 11
23 47 84
23 48 43
23 49 47
24 25 53
24 26 9
24 27 90
24 28 15
24 29 42
24 30 54
24 31 67
24 32 50
24 33 48
24 34 21
24 35 32
24 36 79
24 37 44
24 38 73
24 39 60
24 40 53
24 41 73
24 42 60
24 43 68
24 44 55
24 45 37
24 46 2
24 47 74
24 48 33
24 49 36
25 26 45
25 27 71
25 28 68
25 29 19
25 30 59
25 31 76
25 32 41
25 33 29
25 34 34
25 35 62
25 36 78
25 37 51
25 38 104
25 39 31
25 40 25
25 41 41
25 42 24
25 43 51
25 44 13
25 45 84
25 46 55
25 47 103
25 48 86
25 49 79
26 27 83
26 28 23
26 29 35
26 30 49
26 31 63
26 32 43
26 33 40
26 34 12
26 35 31
26 36 75
26 37 38
26 38 75
26 39 52
26 40 45
26 41 64
26 42 51
26 43 61
26 44 47
26 45 42
26 46 10
26 47 75
26 48 42
26 49 40
27 28 96
27 29 86
27 30 41
27 31 42
27 32 40
27 33 47
27 34 73
27 35 68
27 36 28
27 37 48
27 38 81
27 39 40
27 40 47
27 41 30
27 42 46
27 43 23
27 44 83
27 45 93
27 46 92
27 47 78
27 48 108
27 49 85
28 29 57
28 30 57
28 31 67
28 32 58
28 33 59
28 34 34
28 35 31
28 36 82
28 37 48
28 38 65
28 39 71
28 40 65
28 41 83
28 42 71
28 43 75
28 44 70
28 45 25
28 46 14
28 47 67
28 48 19
28 49 27
29 30 66
29 31 82
29 32 50
29 33 39
29 34 29
29 35 60
29 36 88
29 37 56
29 38 105
29 39 46
29 40 39
29 41 58
29 42 41
29 43 64
29 44 14
29 45 77
29 46 43
29 47 104
29 48 75
29 49 73
30 31 17
30 32 18
30 33 31
30 34 42
30 35 27
30 36 26
30 37 11
30 38 50
30 39 36
30 40 37
30 41 40
30 42 42
30 43 25
30 44 70
30 45 53
30 46 55
30 47 48
30 48 68
30 49 44
31 32 35
31 33 47
31 34 58
31 35 36
31 36 17
31 37 27
31 38 40
31 39 51
31 40 52
31 41 52
31 42 57
31 43 34
31 44 87
31 45 56
31 46 68
31 47 37
31 48 74
31 49 48
32 33 13
32 34 33
32 35 34
32 36 38
32 37 14
32 38 67
32 39 19
32 40 18
32 41 26
32 42 24
32 43 18
32 44 53
32 45 61
32 46 52
32 47 66
32 48 72
32 49 53
33 34 28
33 35 41
33 36 50
33 37 25
33 38 79
33 39 12
33 40 7
33 41 24
33 42 14
33 43 25
33 44 40
33 45 67
33 46 50
33 47 77
33 48 76
33 49 60
34 35 32
34 36 68
34 37 32
34 38 76
34 39 40
34 40 33
34 41 53
34 42 39
34 43 51
34 44 39
34 45 49
34 46 22
34 47 76
34 48 52
34 49 45
35 36 51
35 37 21
35 38 44
35 39 52
35 40 48
35 41 61
35 42 55
35 43 49
35 44 70
35 45 27
35 46 33
35 47 45
35 48 41
35 49 19
36 37 36
36 38 54
36 39 49
36 40 53
36 41 46
36 42 56
36 43 29
36 44 90
36 45 73
36 46 81
36 47 50
36 48 90
36 49 64
37 38 54
37 39 33
37 40 31
37 41 40
37 42 38
37 43 28
37 44 61
37 45 48
37 46 45
37 47 53
37 48 61
37 49 40
38 39 86
38 40 85
38 41 90
38 42 91
38 43 73
38 44 113
38 45 43
38 46 74
38 47 4
38 48 61
38 49 38
39 40 8
39 41 13
39 42 7
39 43 21
39 44 43
39 45 78
39 46 62
39 47 84
39 48 87
39 49 71
40 41 21
40 42 7
40 43 26
40 44 37
40 45 74
40 46 55
40 47 84
40 48 82
40 49 67
41 42 17
41 43 18
41 44 53
41 45 87
41 46 74
41 47 88
41 48 98
41 49 80
42 43 28
42 44 37
42 45 81
42 46 61
42 47 90
42 48 89
42 49 74
43 44 63
43 45 76
43 46 70
43 47 71
43 48 89
43 49 67
44 45 88
44 46 56
44 47 112
44 48 88
44 49 84
45 46 37
45 47 45
45 48 19
45 49 9
46 47 75
46 48 32
46 49 36
47 48 64
47 49 40
48 49 27
0 1 49
0 2 13
0 3 81
0 6 80
0 7 12
0 8 24
0 9 64
0 10 50
0 11 23
0 14 54
0 17 23
0 20 74
0 22 70
0 23 40
0 24 30
0 26 34
0 27 84
0 29 68
0 31 50
0 32 51
0 33 57
0 34 40
0 35 17
0 37 38
0 39 68
0 40 63
0 44 79
0 45 10
0 46 30
0 47 46
0 48 24
1 2 40
1 4 50
1 5 27
1 9 21
1 10 87
1 11 26
1 12 54
1 14 49
1 15 36
1 16 50
1 17 25
1 18 80
1 21 38
1 22 35
1 23 27
1 26 21
1 27 69
1 28 44
1 30 43
1 31 60
1 33 22
1 34 10
1 38 82
1 39 32
1 40 25
1 41 45
1 42 30
1 43 46
1 44 31
1 45 59
1 48 62
2 4 59
2 5 20
2 6 70
2 8 25
2 9 58
2 11 17
2 12 22
2 13 14
2 14 57
2 16 31
2 18 65
2 19 16
2 20 70
2 22 67
2 23 27
2 24 17
2 26 22
2 29 56
2 30 47
2 31 57
2 32 49
2 33 52
2 34 30
2 35 21
2 37 39
2 39 64
2 40 58
2 42 65
2 43 66
2 45 20
2 47 58
2 48 23
2 49 19
3 4 78
3 5 62
3 6 8
3 7 89
3 8 68
3 9 36
3 12 88
3 13 59
3 15 34
3 16 84
3 19 58
3 20 48
3 21 72
3 22 50
3 23 47
3 25 18
3 26 49
3 27 89
3 28 71
3 29 14
3 30 75
3 31 92
3 33 46
3 34 42
3 35 73
3 36 96
3 37 66
3 39 49
3 40 43
3 42 43
3 43 69
3 44 6
3 45 91
3 46 57
3 48 89
3 49 87
4 5 41
4 6 71
4 8 34
4 10 60
4 15 55
4 17 47
4 19 48
4 21 26
4 22 34
4 24 65
4 25 61
4 26 59
4 28 69
4 29 71
4 30 12
4 31 19
4 32 20
4 33 32
4 34 51
4 35 39
4 36 18
4 37 21
4 38 57
4 39 33
4 41 33
4 42 40
4 43 16
4 45 65
4 46 66
4 47 55
4 48 80
4 49 56
5 6 59
5 10 61
5 12 27
5 13 23
5 14 39
5 15 58
5 16 23
5 20 51
5 22 48
5 24 24
5 26 21
5 27 68
5 28 29
5 29 49
5 30 29
5 31 42
5 32 30
5 33 34
5 34 20
5 35 11
5 38 56
5 39 45
5 40 40
5 41 56
5 42 47
5 43 47
5 44 58
5 45 34
5 46 26
5 47 56
5 48 43
6 7 86
6 8 64
6 9 29
6 12 86
6 15 26
6 16 80
6 17 57
6 19 56
6 20 40
6 26 49
6 27 81
6 28 71
6 29 16
6 31 86
6 32 52
6 33 39
6 34 40
6 36 89
6 38 113
6 41 51
6 42 35
6 43 62
6 44 3
6 46 58
6 47 113
6 48 90
6 49 85
7 8 24
7 9 67
7 11 29
7 12 3
7 15 84
7 16 14
7 18 42
7 19 31
7 21 27
7 22 70
7 23 51
7 25 79
7 26 43
7 27 79
7 28 33
7 29 75
7 32 50
7 33 58
7 34 47
7 35 17
7 36 57
7 37 36
7 38 33
7 39 68
7 40 65
7 41 76
7 42 72
7 43 63
7 44 85
7 45 15
7 47 34
7 49 7
8 9 43
8 10 54
8 12 25
8 13 31
8 14 32
8 16 16
8 18 49
8 19 16
8 20 50
8 23 40
8 24 33
8 25 56
8 27 62
8 28 35
8 29 55
8 31 34
8 32 27
8 35 8
8 36 47
8 38 49
8 41 53
8 42 47
8 43 42
8 44 64
8 45 34
8 48 47
8 49 27
9 10 94
9 12 68
9 14 43
9 16 58
9 17 42
9 19 42
9 21 44
9 22 16
9 23 48
9 25 18
9 27 54
9 28 63
9 29 32
9 30 42
9 31 58
9 32 24
9 34 30
9 35 50
9 37 35
9 38 89
9 40 7
9 42 10
9 43 34
9 44 30
9 45 74
9 46 52
9 47 88
9 49 68
10 13 76
10 14 59
10 15 110
10 16 38
10 17 66
10 18 20
10 19 67
10 21 50
10 22 92
10 23 88
10 25 109
10 26 80
10 27 82
10 28 71
10 29 110
10 31 42
10 32 71
10 33 83
10 37 58
10 38 6
10 39 90
10 40 89
10 41 93
10 42 95
10 43 76
10 44 118
10 45 48
10 46 79
10 47 6
10 48 66
11 10 64
11 12 29
11 13 19
11 14 43
11 16 27
11 17 3
11 20 52
11 21 22
11 22 49
11 23 27
11 24 20
11 25 50
11 26 17
11 27 71
11 28 25
11 29 46
11 30 33
11 31 46
11 33 35
11 34 18
11 36 59
11 37 24
11 38 59
11 40 41
11 41 58
11 45 33
11 47 59
11 48 41
12 13 35
12 15 85
12 19 30
12 20 76
12 21 29
12 22 72
12 24 39
12 25 79
12 26 42
12 27 82
12 28 30
12 29 75
12 30 41
12 31 44
12 32 52
12 33 59
12 34 46
12 36 61
12 37 38
12 38 35
12 39 69
12 40 66
12 41 78
12 43 65
12 46 39
12 47 37
12 48 30
12 49 4
13 14 62
13 15 68
13 19 15
13 21 40
13 22 64
13 23 14
13 24 3
13 25 56
13 26 11
13 27 89
13 28 12
13 29 45
13 30 52
13 36 78
13 37 42
13 38 70
13 39 61
13 40 54
13 42 61
13 43 68
13 44 58
13 45 34
13 46 4
13 48 31
13 49 33
14 15 55
14 16 34
14 17 45
14 20 40
14 21 24
14 22 35
14 23 67
14 24 63
14 25 61
14 26 57
14 28 67
14 29 70
14 30 10
14 32 20
14 33 32
14 34 50
14 35 37
14 37 19
14 38 56
14 39 34
14 41 35
14 42 41
14 44 73
14 45 63
14 46 64
14 48 78
14 49 54
15 17 59
15 18 97
15 19 59
15 20 17
15 21 60
15 22 21
15 23 61
15 24 66
15 25 17
15 26 57
15 27 58
15 28 79
15 29 37
15 30 57
15 31 72
15 32 38
15 33 27
15 35 67
15 36 71
15 37 51
15 38 105
15 39 22
15 40 20
15 41 27
15 42 15
15 44 28
15 46 68
15 47 104
15 48 97
16 17 29
16 18 35
16 19 30
16 21 15
16 22 59
16 23 53
16 25 72
16 26 44
16 28 41
16 29 72
16 30 25
16 31 27
16 32 38
16 33 48
16 35 13
16 36 44
16 37 24
16 40 55
16 41 64
16 42 61
16 43 49
16 44 80
16 45 29
16 49 21
17 20 54
17 23 24
17 24 18
17 26 15
17 27 73
17 29 45
17 30 36
17 31 49
17 33 36
17 34 17
17 35 16
17 36 62
17 37 26
17 38 61
17 39 48
17 40 42
17 41 59
17 42 49
17 43 52
17 48 39
17 49 29
18 19 64
18 20 82
18 25 99
18 26 78
18 27 63
18 28 74
18 30 40
18 31 25
18 32 59
18 33 71
18 35 47
18 36 36
18 37 48
18 38 21
18 39 76
18 40 77
18 42 82
18 43 60
18 45 56
18 46 80
18 47 17
19 21 25
19 23 23
19 24 17
19 27 74
19 29 45
19 30 37
19 31 50
19 33 37
19 34 16
19 37 27
19 38 61
19 40 43
19 42 49
19 44 55
19 45 34
19 46 18
19 47 62
19 48 39
19 49 29
20 21 49
20 22 4
20 23 63
20 25 29
20 26 56
20 28 76
20 29 46
20 30 42
20 32 25
20 33 18
20 34 44
20 37 39
20 38 92
20 39 7
20 40 12
20 41 12
20 44 42
20 45 84
20 47 90
20 49 77
21 22 44
21 23 48
21 24 42
21 25 59
21 26 38
21 27 54
21 28 44
21 29 61
21 30 13
21 31 25
21 32 23
21 33 33
21 34 35
21 35 14
21 36 38
21 37 9
21 38 46
21 40 40
21 41 49
21 42 47
21 43 36
21 45 40
21 46 43
21 47 45
21 49 31
22 23 61
22 24 63
22 25 31
22 27 39
22 28 74
22 30 38
22 31 52
22 35 54
22 39 3
22 43 21
22 44 44
22 45 81
22 46 64
22 47 86
22 48 90
23 24 11
23 26 10
23 28 24
23 30 59
23 31 73
23 33 48
23 35 40
23 38 83
23 41 72
23 42 57
23 43 70
23 44 47
23 45 47
23 46 11
23 47 84
23 49 47
24 25 53
24 26 9
24 27 90
24 30 54
24 32 50
24 33 48
24 34 21
24 36 79
24 38 73
24 39 60
24 40 53
24 41 73
24 42 60
24 43 68
24 44 55
24 45 37
24 46 2
24 47 74
24 48 33
25 26 45
25 27 71
25 28 68
25 29 19
25 30 59
25 31 76
25 33 29
25 35 62
25 37 51
25 39 31
25 40 25
25 41 41
25 42 24
25 43 51
25 44 13
25 45 84
25 47 103
25 48 86
25 49 79
26 29 35
26 31 63
26 32 43
26 33 40
26 36 75
26 37 38
26 38 75
26 40 45
26 42 51
26 44 47
26 45 42
26 46 10
26 47 75
26 49 40
27 28 96
27 30 41
27 33 47
27 34 73
27 36 28
27 37 48
27 41 30
27 44 83
27 45 93
27 47 78
28 29 57
28 30 57
28 34 34
28 36 82
28 38 65
28 39 71
28 40 65
28 41 83
28 42 71
28 44 70
28 46 14
28 48 19
28 49 27
29 30 66
29 31 82
29 32 50
29 33 39
29 34 29
29 35 60
29 37 56
29 38 105
29 39 46
29 40 39
29 42 41
29 43 64
29 45 77
29 46 43
29 48 75
30 31 17
30 32 18
30 33 31
30 34 42
30 35 27
30 36 26
30 37 11
30 38 50
30 39 36
30 40 37
30 41 40
30 43 25
30 44 70
30 46 55
30 48 68
30 49 44
31 33 47
31 35 36
31 36 17
31 38 40
31 39 51
31 42 57
31 43 34
31 44 87
31 45 56
31 46 68
31 47 37
31 48 74
32 33 13
32 34 33
32 35 34
32 37 14
32 38 67
32 39 19
32 41 26
32 42 24
32 43 18
32 44 53
32 46 52
32 47 66
32 48 72
32 49 53
33 35 41
33 40 7
33 41 24
33 42 14
33 43 25
33 44 40
33 46 50
33 47 77
34 35 32
34 37 32
34 38 76
34 40 33
34 41 53
34 42 39
34 43 51
34 44 39
34 45 49
34 46 22
34 48 52
34 49 45
35 36 51
35 38 44
35 39 52
35 40 48
35 41 61
35 42 55
35 43 49
35 44 70
35 45 27
35 46 33
35 48 41
36 37 36
36 38 54
36 39 49
36 42 56
36 44 90
36 46 81
37 38 54
37 39 33
37 40 31
37 41 40
37 43 28
37 44 61
37 45 48
37 46 45
37 47 53
38 40 85
38 41 90
38 43 73
38 44 113
38 47 4
38 48 61
39 40 8
39 42 7
39 43 21
39 45 78
39 47 84
39 48 87
39 49 71
40 41 21
40 42 7
40 43 26
40 44 37
40 45 74
41 42 17
41 43 18
41 45 87
41 46 74
41 48 98
41 49 80
42 43 28
42 44 37
42 45 81
42 46 61
42 47 90
42 48 89
42 49 74
43 45 76
43 46 70
43 47 71
44 45 88
44 46 56
44 47 112
44 48 88
44 49 84
45 46 37
45 47 45
45 49 9
46 48 32
48 49 27
