10 45 14 4 2
0.896425 0.378438 40
0.473132 0.903239 40
0.161755 0.84692 50
0.334032 0.997914 53
0.826432 0.287228 38
0.519597 0.504551 0
0.201502 0.309514 37
0.372186 0.85117 38
0.887175 0.251283 45
0.924343 0.134401 55
0 1 67
0 2 87
0 3 84
0 4 11
0 5 40
0 6 70
0 7 71
0 8 13
0 9 25
1 2 32
1 3 17
1 4 71
1 5 40
1 6 65
1 7 11
1 8 77
1 9 89
2 3 23
2 4 87
2 5 50
2 6 54
2 7 21
2 8 94
2 9 104
3 4 86
3 5 53
3 6 70
3 7 15
3 8 93
3 9 105
4 5 38
4 6 63
4 7 72
4 8 7
4 9 18
5 6 37
5 7 38
5 8 45
5 9 55
6 7 57
6 8 69
6 9 74
7 8 79
7 9 90
8 9 12
0 2 87
0 4 11
0 7 71
1 2 32
1 4 71
1 7 11
1 8 77
2 3 23
3 5 53
3 6 70
4 5 38
5 9 55
6 7 57
8 9 12
