20 0.7 0 1 1 190 133 8
0.518675 0.189221 49
0.414856 0.6867 73
0.332872 0.0273216 29
0.458555 0.841641 89
0.141809 0.459851 42
0.979783 0.426019 101
0.992923 0.470864 104
0.170338 0.0308018 13
0.276893 0.832691 81
0.736842 0.928465 112
0.0448491 0.0533896 0
0.211154 0.116071 18
0.403107 0.343461 46
0.555919 0.657014 79
0.824535 0.619813 96
0.650281 0.70003 89
0.761728 0.519946 86
0.277617 0.25138 31
0.642237 0.770518 93
0.314648 0.607086 62
0 1 51
0 2 25
0 3 66
0 4 46
0 5 52
0 6 55
0 7 38
0 8 69
0 9 77
0 10 49
0 11 32
0 12 19
0 13 47
0 14 53
0 15 53
0 16 41
0 17 25
0 18 59
0 19 47
1 2 66
1 3 16
1 4 35
1 5 62
1 6 62
1 7 70
1 8 20
1 9 40
1 10 73
1 11 61
1 12 34
1 13 14
1 14 42
1 15 24
1 16 38
1 17 46
1 18 24
1 19 13
2 3 82
2 4 47
2 5 76
2 6 80
2 7 16
2 8 81
2 9 99
2 10 29
2 11 15
2 12 32
2 13 67
2 14 77
2 15 74
2 16 65
2 17 23
2 18 81
2 19 58
3 4 50
3 5 67
3 6 65
3 7 86
3 8 18
3 9 29
3 10 89
3 11 77
3 12 50
3 13 21
3 14 43
3 15 24
3 16 44
3 17 62
3 18 20
3 19 28
4 5 84
4 6 85
4 7 43
4 8 40
4 9 76
4 10 42
4 11 35
4 12 29
4 13 46
4 14 70
4 15 56
4 16 62
4 17 25
4 18 59
4 19 23
5 6 5
5 7 90
5 8 81
5 9 56
5 10 101
5 11 83
5 12 58
5 13 48
5 14 25
5 15 43
5 16 24
5 17 72
5 18 48
5 19 69
6 7 93
6 8 80
6 9 52
6 10 104
6 11 86
6 12 60
6 13 48
6 14 22
6 15 41
6 16 24
6 17 75
6 18 46
6 19 69
7 8 81
7 9 106
7 10 13
7 11 9
7 12 39
7 13 74
7 14 88
7 15 82
7 16 77
7 17 25
7 18 88
7 19 59
8 9 47
8 10 81
8 11 72
8 12 51
8 13 33
8 14 59
8 15 40
8 16 58
8 17 58
8 18 37
8 19 23
9 10 112
9 11 97
9 12 67
9 13 33
9 14 32
9 15 24
9 16 41
9 17 82
9 18 18
9 19 53
10 11 18
10 12 46
10 13 79
10 14 96
10 15 89
10 16 86
10 17 31
10 18 93
10 19 62
11 12 30
11 13 64
11 14 79
11 15 73
11 16 68
11 17 15
11 18 78
11 19 50
12 13 35
12 14 50
12 15 43
12 16 40
12 17 16
12 18 49
12 19 28
13 14 27
13 15 10
13 16 25
13 17 49
13 18 14
13 19 25
14 15 19
14 16 12
14 17 66
14 18 24
14 19 51
15 16 21
15 17 58
15 18 7
15 19 35
16 17 55
16 18 28
16 19 46
17 18 63
17 19 36
18 19 37
0 1 51
0 2 25
0 3 66
0 5 52
0 6 55
0 7 38
0 10 49
0 11 32
0 15 53
0 16 41
0 17 25
0 18 59
1 2 66
1 3 16
1 4 35
1 5 62
1 6 62
1 7 70
1 9 40
1 10 73
1 11 61
1 13 14
1 14 42
1 15 24
1 16 38
1 17 46
1 18 24
1 19 13
2 4 47
2 7 16
2 8 81
2 9 99
2 10 29
2 11 15
2 13 67
2 15 74
2 16 65
2 17 23
2 18 81
2 19 58
3 4 50
3 5 67
3 6 65
3 9 29
3 12 50
3 13 21
3 14 43
3 15 24
3 16 44
3 18 20
3 19 28
4 5 84
4 7 43
4 8 40
4 10 42
4 13 46
4 14 70
4 15 56
4 16 62
4 18 59
5 6 5
5 7 90
5 10 101
5 11 83
5 12 58
5 13 48
5 14 25
5 15 43
5 16 24
5 18 48
5 19 69
6 7 93
6 8 80
6 9 52
6 10 104
6 11 86
6 12 60
6 13 48
6 14 22
6 15 41
6 16 24
6 17 75
6 18 46
7 8 81
7 9 106
7 10 13
7 11 9
7 12 39
7 13 74
7 14 88
7 15 82
7 16 77
7 18 88
7 19 59
8 9 47
8 10 81
8 11 72
8 13 33
8 14 59
8 15 40
8 16 58
8 18 37
8 19 23
9 10 112
9 17 82
9 18 18
10 13 79
10 14 96
10 15 89
10 17 31
10 19 62
11 13 64
11 14 79
11 15 73
11 16 68
11 19 50
12 13 35
12 14 50
12 16 40
12 17 16
13 14 27
13 17 49
13 19 25
14 15 19
14 16 12
14 17 66
14 18 24
15 19 35
16 17 55
16 18 28
16 19 46
17 18 63
18 19 37
