50 0.7 8 0 1 0.5 1225 85820
0.261005 0.584547 14
0.116953 0.968162 34
0.0773677 0.827961 29
0.29966 0.467648 10
0.291942 0.838438 24
0.579095 0.835879 22
0.224168 0.816189 24
0.374781 0.269569 9
0.922627 0.394509 22
0.971638 0.117487 28
0.827048 0.561541 18
0.19959 0.826449 25
0.780011 0.42489 15
0.378939 0.296391 8
0.696383 0.933341 28
0.418814 0.17013 13
0.980913 0.387408 25
0.604584 0.63822 13
0.476946 0.618076 10
0.107453 0.875194 30
0.16293 0.293109 17
0.060404 0.823886 30
0.0979316 0.879265 31
0.319108 0.322023 10
0.277348 0.0988923 19
0.602774 0.0597996 18
0.26889 0.251875 14
0.744748 0.839495 25
0.699 0.541985 12
0.796875 0.111386 21
0.333626 0.873451 24
0.98256 0.866416 34
0.677318 0.460803 10
0.490226 0.410761 0
0.243557 0.50439 13
0.809124 0.0572324 24
0.931187 0.0628534 28
0.655317 0.120384 17
0.0572687 0.645145 25
0.954898 0.317149 24
0.018883 0.558667 25
0.350904 0.844244 23
0.927865 0.851947 31
0.163668 0.324479 17
0.641579 0.387647 8
0.827471 0.978617 33
0.959172 0.445612 24
0.369649 0.907332 26
0.218416 0.739714 21
0.417721 0.760692 18
0 1 41
0 2 30
0 3 12
0 4 26
0 5 41
0 6 23
0 7 33
0 8 69
0 9 85
0 10 57
0 11 25
0 12 54
0 13 31
0 14 56
0 15 44
0 16 75
0 17 35
0 18 22
0 19 33
0 20 31
0 21 31
0 22 34
0 23 27
0 24 49
0 25 63
0 26 33
0 27 55
0 28 44
0 29 71
0 30 30
0 31 77
0 32 43
0 33 29
0 34 8
0 35 76
0 36 85
0 37 61
0 38 21
0 39 74
0 40 24
0 41 27
0 42 72
0 43 28
0 44 43
0 45 69
0 46 71
0 47 34
0 48 16
0 49 24
1 2 15
1 3 53
1 4 22
1 5 48
1 6 19
1 7 74
1 8 99
1 9 121
1 10 82
1 11 16
1 12 86
1 13 72
1 14 58
1 15 85
1 16 104
1 17 59
1 18 50
1 19 9
1 20 68
1 21 15
1 22 9
1 23 68
1 24 88
1 25 103
1 26 73
1 27 64
1 28 72
1 29 109
1 30 24
1 31 87
1 32 76
1 33 67
1 34 48
1 35 114
1 36 122
1 37 100
1 38 33
1 39 106
1 40 42
1 41 26
1 42 82
1 43 65
1 44 78
1 45 71
1 46 99
1 47 26
1 48 25
1 49 37
2 3 42
2 4 21
2 5 50
2 6 15
2 7 63
2 8 95
2 9 114
2 10 80
2 11 12
2 12 81
2 13 61
2 14 63
2 15 74
2 16 101
2 17 56
2 18 45
2 19 6
2 20 54
2 21 2
2 22 6
2 23 56
2 24 76
2 25 93
2 26 61
2 27 67
2 28 68
2 29 102
2 30 26
2 31 91
2 32 70
2 33 59
2 34 36
2 35 106
2 36 115
2 37 91
2 38 18
2 39 102
2 40 28
2 41 27
2 42 85
2 43 51
2 44 72
2 45 77
2 46 96
2 47 30
2 48 17
2 49 35
3 4 37
3 5 46
3 6 36
3 7 21
3 8 63
3 9 76
3 10 54
3 11 37
3 12 48
3 13 19
3 14 61
3 15 32
3 16 69
3 17 35
3 18 23
3 19 45
3 20 22
3 21 43
3 22 46
3 23 15
3 24 37
3 25 51
3 26 22
3 27 58
3 28 41
3 29 61
3 30 41
3 31 79
3 32 38
3 33 20
3 34 7
3 35 65
3 36 75
3 37 50
3 38 30
3 39 67
3 40 30
3 41 38
3 42 74
3 43 20
3 44 35
3 45 73
3 46 66
3 47 45
3 48 28
3 49 32
4 5 29
4 6 7
4 7 57
4 8 77
4 9 99
4 10 60
4 11 9
4 12 64
4 13 55
4 14 42
4 15 68
4 16 82
4 17 37
4 18 29
4 19 19
4 20 56
4 21 23
4 22 20
4 23 52
4 24 74
4 25 84
4 26 59
4 27 45
4 28 50
4 29 89
4 30 5
4 31 69
4 32 54
4 33 47
4 34 34
4 35 94
4 36 101
4 37 80
4 38 30
4 39 84
4 40 39
4 41 6
4 42 64
4 43 53
4 44 57
4 45 55
4 46 77
4 47 10
4 48 12
4 49 15
5 6 36
5 7 60
5 8 56
5 9 82
5 10 37
5 11 38
5 12 46
5 13 58
5 14 15
5 15 68
5 16 60
5 17 20
5 18 24
5 19 47
5 20 68
5 21 52
5 22 48
5 23 58
5 24 80
5 25 78
5 26 66
5 27 17
5 28 32
5 29 76
5 30 25
5 31 40
5 32 39
5 33 43
5 34 47
5 35 81
5 36 85
5 37 72
5 38 56
5 39 64
5 40 63
5 41 23
5 42 35
5 43 66
5 44 45
5 45 29
5 46 54
5 47 22
5 48 37
5 49 18
6 7 57
6 8 82
6 9 102
6 10 65
6 11 3
6 12 68
6 13 54
6 14 49
6 15 67
6 16 87
6 17 42
6 18 32
6 19 13
6 20 53
6 21 16
6 22 14
6 23 50
6 24 72
6 25 85
6 26 57
6 27 52
6 28 55
6 29 91
6 30 12
6 31 76
6 32 58
6 33 48
6 34 31
6 35 96
6 36 103
6 37 82
6 38 24
6 39 88
6 40 33
6 41 13
6 42 70
6 43 50
6 44 60
6 45 62
6 46 82
6 47 17
6 48 8
6 49 20
7 8 56
7 9 62
7 10 54
7 11 58
7 12 43
7 13 3
7 14 74
7 15 11
7 16 62
7 17 43
7 18 36
7 19 66
7 20 21
7 21 64
7 22 67
7 23 8
7 24 20
7 25 31
7 26 11
7 27 68
7 28 42
7 29 45
7 30 61
7 31 85
7 32 36
7 33 18
7 34 27
7 35 48
7 36 59
7 37 32
7 38 49
7 39 58
7 40 46
7 41 58
7 42 80
7 43 22
7 44 29
7 45 84
7 46 61
7 47 64
7 48 50
7 49 49
8 9 28
8 10 19
8 11 84
8 12 15
8 13 55
8 14 58
8 15 55
8 16 6
8 17 40
8 18 50
8 19 95
8 20 77
8 21 96
8 22 96
8 23 61
8 24 71
8 25 46
8 26 67
8 27 48
8 28 27
8 29 31
8 30 76
8 31 48
8 32 25
8 33 43
8 34 69
8 35 36
8 36 33
8 37 38
8 38 90
8 39 8
8 40 92
8 41 73
8 42 46
8 43 76
8 44 28
8 45 59
8 46 6
8 47 75
8 48 78
8 49 62
9 10 47
9 11 105
9 12 36
9 13 62
9 14 86
9 15 56
9 16 27
9 17 64
9 18 70
9 19 115
9 20 83
9 21 115
9 22 116
9 23 68
9 24 69
9 25 37
9 26 72
9 27 76
9 28 50
9 29 17
9 30 99
9 31 75
9 32 45
9 33 56
9 34 82
9 35 17
9 36 7
9 37 32
9 38 106
9 39 20
9 40 105
9 41 96
9 42 74
9 43 83
9 44 43
9 45 87
9 46 33
9 47 99
9 48 98
9 49 85
10 11 68
10 12 14
10 13 52
10 14 39
10 15 57
10 16 23
10 17 24
10 18 35
10 19 78
10 20 72
10 21 81
10 22 80
10 23 56
10 24 72
10 25 55
10 26 64
10 27 29
10 28 13
10 29 45
10 30 58
10 31 34
10 32 18
10 33 37
10 34 59
10 35 50
10 36 51
10 37 47
10 38 77
10 39 28
10 40 81
10 41 55
10 42 31
10 43 70
10 44 25
10 45 42
10 46 18
10 47 57
10 48 63
10 49 46
11 12 71
11 13 56
11 14 51
11 15 69
11 16 90
11 17 45
11 18 35
11 19 10
11 20 53
11 21 14
11 22 11
11 23 52
11 24 73
11 25 87
11 26 58
11 27 55
11 28 57
11 29 93
11 30 14
11 31 78
11 32 60
11 33 51
11 34 33
11 35 98
11 36 106
11 37 84
11 38 23
11 39 91
11 40 32
11 41 15
11 42 73
11 43 50
11 44 62
11 45 65
11 46 85
11 47 19
11 48 9
11 49 23
12 13 42
12 14 52
12 15 44
12 16 20
12 17 28
12 18 36
12 19 81
12 20 63
12 21 82
12 22 82
12 23 47
12 24 60
12 25 41
12 26 54
12 27 42
12 28 14
12 29 31
12 30 63
12 31 49
12 32 11
12 33 29
12 34 54
12 35 37
12 36 39
12 37 33
12 38 76
12 39 21
12 40 77
12 41 60
12 42 45
12 43 62
12 44 14
12 45 56
12 46 18
12 47 63
12 48 64
12 49 49
13 14 71
13 15 13
13 16 61
13 17 41
13 18 34
13 19 64
13 20 22
13 21 62
13 22 65
13 23 7
13 24 22
13 25 33
13 26 12
13 27 65
13 28 40
13 29 46
13 30 58
13 31 83
13 32 34
13 33 16
13 34 25
13 35 49
13 36 60
13 37 33
13 38 47
13 39 58
13 40 45
13 41 55
13 42 78
13 43 22
13 44 28
13 45 82
13 46 60
13 47 61
13 48 47
13 49 47
14 15 81
14 16 62
14 17 31
14 18 38
14 19 59
14 20 83
14 21 65
14 22 60
14 23 72
14 24 93
14 25 88
14 26 80
14 27 11
14 28 39
14 29 83
14 30 37
14 31 29
14 32 47
14 33 56
14 34 62
14 35 88
14 36 90
14 37 81
14 38 70
14 39 67
14 40 77
14 41 36
14 42 25
14 43 81
14 44 55
14 45 14
14 46 55
14 47 33
14 48 52
14 49 33
15 16 60
15 17 50
15 18 45
15 19 77
15 20 28
15 21 75
15 22 78
15 23 18
15 24 16
15 25 21
15 26 17
15 27 74
15 28 47
15 29 38
15 30 71
15 31 90
15 32 39
15 33 25
15 34 38
15 35 41
15 36 52
15 37 24
15 38 60
15 39 56
15 40 56
15 41 68
15 42 85
15 43 30
15 44 31
15 45 91
15 46 61
15 47 74
15 48 60
15 49 59
16 17 45
16 18 55
16 19 100
16 20 82
16 21 102
16 22 101
16 23 67
16 24 76
16 25 50
16 26 72
16 27 51
16 28 32
16 29 33
16 30 81
16 31 48
16 32 31
16 33 49
16 34 75
16 35 37
16 36 33
16 37 42
16 38 96
16 39 7
16 40 98
16 41 78
16 42 47
16 43 82
16 44 34
16 45 61
16 46 6
16 47 80
16 48 84
16 49 68
17 18 13
17 19 55
17 20 56
17 21 57
17 22 56
17 23 43
17 24 63
17 25 58
17 26 51
17 27 25
17 28 13
17 29 56
17 30 36
17 31 44
17 32 19
17 33 25
17 34 39
17 35 62
17 36 66
17 37 52
17 38 55
17 39 48
17 40 59
17 41 33
17 42 39
17 43 54
17 44 25
17 45 41
17 46 40
17 47 36
17 48 40
17 49 22
18 19 45
18 20 45
18 21 46
18 22 46
18 23 34
18 24 56
18 25 57
18 26 42
18 27 35
18 28 23
18 29 60
18 30 29
18 31 56
18 32 25
18 33 21
18 34 26
18 35 65
18 36 72
18 37 53
18 38 42
18 39 56
18 40 46
18 41 26
18 42 51
18 43 43
18 44 28
18 45 50
18 46 51
18 47 31
18 48 29
18 49 15
19 20 58
19 21 7
19 22 1
19 23 59
19 24 79
19 25 95
19 26 64
19 27 64
19 28 68
19 29 103
19 30 23
19 31 88
19 32 70
19 33 60
19 34 39
19 35 108
19 36 116
19 37 93
19 38 24
19 39 101
19 40 33
19 41 25
19 42 82
19 43 55
19 44 72
19 45 73
19 46 95
19 47 26
19 48 18
19 49 33
20 21 54
20 22 59
20 23 16
20 24 23
20 25 50
20 26 11
20 27 80
20 28 59
20 29 66
20 30 60
20 31 100
20 32 54
20 33 35
20 34 23
20 35 69
20 36 80
20 37 52
20 38 37
20 39 79
20 40 30
20 41 58
20 42 95
20 43 3
20 44 49
20 45 95
20 46 81
20 47 65
20 48 45
20 49 53
21 22 7
21 23 56
21 24 76
21 25 94
21 26 61
21 27 68
21 28 70
21 29 102
21 30 28
21 31 92
21 32 72
21 33 60
21 34 37
21 35 107
21 36 116
21 37 92
21 38 18
21 39 103
21 40 27
21 41 29
21 42 87
21 43 51
21 44 73
21 45 78
21 46 98
21 47 32
21 48 18
21 49 36
22 23 60
22 24 80
22 25 96
22 26 65
22 27 65
22 28 69
22 29 104
22 30 24
22 31 88
22 32 71
22 33 61
22 34 40
22 35 109
22 36 117
22 37 94
22 38 24
22 39 102
22 40 33
22 41 26
22 42 83
22 43 56
22 44 73
22 45 74
22 46 96
22 47 27
22 48 18
22 49 34
23 24 23
23 25 39
23 26 9
23 27 67
23 28 44
23 29 52
23 30 55
23 31 86
23 32 38
23 33 19
23 34 20
23 35 56
23 36 66
23 37 39
23 38 42
23 39 64
23 40 38
23 41 52
23 42 81
23 43 16
23 44 33
23 45 83
23 46 65
23 47 59
23 48 43
23 49 45
24 25 33
24 26 15
24 27 88
24 28 61
24 29 52
24 30 78
24 31 104
24 32 54
24 33 38
24 34 41
24 35 53
24 36 65
24 37 38
24 38 59
24 39 71
24 40 53
24 41 75
24 42 100
24 43 25
24 44 46
24 45 104
24 46 76
24 47 81
24 48 64
24 49 68
25 26 39
25 27 79
25 28 49
25 29 20
25 30 86
25 31 89
25 32 41
25 33 37
25 34 57
25 35 21
25 36 33
25 37 8
25 38 80
25 39 44
25 40 77
25 41 82
25 42 86
25 43 51
25 44 33
25 45 95
25 46 53
25 47 88
25 48 78
25 49 72
26 27 76
26 28 52
26 29 55
26 30 62
26 31 94
26 32 46
26 33 27
26 34 25
26 35 57
26 36 69
26 37 41
26 38 45
26 39 69
26 40 40
26 41 60
26 42 89
26 43 13
26 44 40
26 45 92
26 46 72
26 47 66
26 48 49
26 49 53
27 28 30
27 29 73
27 30 41
27 31 24
27 32 38
27 33 50
27 34 60
27 35 78
27 36 80
27 37 72
27 38 71
27 39 56
27 40 78
27 41 39
27 42 18
27 43 78
27 44 46
27 45 16
27 46 45
27 47 38
27 48 54
27 49 34
28 29 44
28 30 49
28 31 43
28 32 8
28 33 25
28 34 46
28 35 50
28 36 53
28 37 42
28 38 65
28 39 34
28 40 68
28 41 46
28 42 39
28 43 58
28 44 16
28 45 46
28 46 28
28 47 49
28 48 52
28 49 36
29 30 89
29 31 78
29 32 37
29 33 43
29 34 68
29 35 6
29 36 14
29 37 14
29 38 91
29 39 26
29 40 90
29 41 86
29 42 75
29 43 67
29 44 32
29 45 87
29 46 37
29 47 90
29 48 85
29 49 75
30 31 65
30 32 54
30 33 49
30 34 38
30 35 94
30 36 101
30 37 82
30 38 36
30 39 83
30 40 45
30 41 3
30 42 59
30 43 57
30 44 58
30 45 50
30 46 76
30 47 5
30 48 18
30 49 14
31 32 51
31 33 67
31 34 82
31 35 83
31 36 81
31 37 81
31 38 95
31 39 55
31 40 101
31 41 63
31 42 6
31 43 98
31 44 59
31 45 19
31 46 42
31 47 61
31 48 77
31 49 57
32 33 19
32 34 44
32 35 42
32 36 47
32 37 34
32 38 65
32 39 31
32 40 67
32 41 50
32 42 46
32 43 53
32 44 8
32 45 54
32 46 28
32 47 54
32 48 54
32 49 40
33 34 26
33 35 48
33 36 56
33 37 33
33 38 49
33 39 47
33 40 49
33 41 46
33 42 62
33 43 34
33 44 15
33 45 66
33 46 47
33 47 51
33 48 43
33 49 36
34 35 72
34 36 82
34 37 56
34 38 23
34 39 74
34 40 23
34 41 36
34 42 77
34 43 20
34 44 41
34 45 75
34 46 72
34 47 42
34 48 24
34 49 31
35 36 12
35 37 17
35 38 95
35 39 30
35 40 94
35 41 91
35 42 80
35 43 70
35 44 37
35 45 92
35 46 42
35 47 96
35 48 90
35 49 81
36 37 28
36 38 105
36 39 26
36 40 104
36 41 97
36 42 79
36 43 81
36 44 44
36 45 92
36 46 38
36 47 101
36 48 98
36 49 87
37 38 80
37 39 36
37 40 77
37 41 79
37 42 78
37 43 53
37 44 27
37 45 88
37 46 45
37 47 84
37 48 76
37 49 68
38 39 96
38 40 9
38 41 35
38 42 89
38 43 34
38 44 64
38 45 84
38 46 92
38 47 41
38 48 19
38 49 38
39 40 97
39 41 80
39 42 54
39 43 79
39 44 32
39 45 67
39 46 13
39 47 83
39 48 85
39 49 70
40 41 44
40 42 96
40 43 28
40 44 65
40 45 91
40 46 95
40 47 49
40 48 27
40 49 45
41 42 58
41 43 55
41 44 54
41 45 50
41 46 73
41 47 7
41 48 17
41 49 11
42 43 93
42 44 55
42 45 16
42 46 41
42 47 56
42 48 72
42 49 52
43 44 48
43 45 93
43 46 80
43 47 62
43 48 42
43 49 50
44 45 62
44 46 32
44 47 59
44 48 55
44 49 44
45 46 55
45 47 46
45 48 65
45 49 46
46 47 75
46 48 80
46 49 63
47 48 23
47 49 15
48 49 20
0 2 30
0 3 12
0 4 26
0 5 41
0 7 33
0 9 85
0 10 57
0 12 54
0 14 56
0 15 44
0 16 75
0 17 35
0 18 22
0 19 33
0 20 31
0 23 27
0 25 63
0 27 55
0 28 44
0 30 30
0 31 77
0 32 43
0 34 8
0 35 76
0 36 85
0 37 61
0 38 21
0 41 27
0 42 72
0 44 43
0 45 69
0 46 71
0 47 34
0 48 16
0 49 24
1 2 15
1 3 53
1 6 19
1 7 74
1 8 99
1 10 82
1 12 86
1 13 72
1 17 59
1 18 50
1 19 9
1 20 68
1 21 15
1 23 68
1 24 88
1 25 103
1 27 64
1 28 72
1 30 24
1 31 87
1 32 76
1 33 67
1 34 48
1 35 114
1 36 122
1 38 33
1 41 26
1 42 82
1 44 78
1 45 71
1 46 99
1 47 26
1 49 37
2 3 42
2 5 50
2 6 15
2 8 95
2 9 114
2 10 80
2 11 12
2 12 81
2 16 101
2 19 6
2 23 56
2 24 76
2 25 93
2 26 61
2 28 68
2 30 26
2 32 70
2 33 59
2 35 106
2 36 115
2 37 91
2 38 18
2 39 102
2 40 28
2 43 51
2 47 30
2 48 17
3 6 36
3 9 76
3 10 54
3 11 37
3 12 48
3 14 61
3 15 32
3 17 35
3 18 23
3 19 45
3 20 22
3 22 46
3 23 15
3 25 51
3 27 58
3 29 61
3 30 41
3 31 79
3 32 38
3 33 20
3 34 7
3 35 65
3 37 50
3 38 30
3 39 67
3 42 74
3 44 35
3 46 66
3 47 45
3 48 28
3 49 32
4 5 29
4 7 57
4 8 77
4 10 60
4 11 9
4 12 64
4 13 55
4 14 42
4 15 68
4 16 82
4 17 37
4 18 29
4 21 23
4 22 20
4 23 52
4 24 74
4 25 84
4 27 45
4 28 50
4 29 89
4 30 5
4 32 54
4 34 34
4 35 94
4 37 80
4 39 84
4 40 39
4 41 6
4 43 53
4 47 10
4 48 12
4 49 15
5 6 36
5 7 60
5 8 56
5 9 82
5 10 37
5 12 46
5 15 68
5 16 60
5 17 20
5 18 24
5 19 47
5 20 68
5 22 48
5 23 58
5 26 66
5 27 17
5 28 32
5 30 25
5 31 40
5 32 39
5 33 43
5 35 81
5 36 85
5 37 72
5 39 64
5 40 63
5 41 23
5 42 35
5 43 66
5 46 54
5 47 22
5 48 37
5 49 18
6 8 82
6 9 102
6 13 54
6 14 49
6 15 67
6 16 87
6 18 32
6 20 53
6 21 16
6 22 14
6 23 50
6 24 72
6 26 57
6 27 52
6 29 91
6 30 12
6 32 58
6 33 48
6 36 103
6 38 24
6 39 88
6 40 33
6 41 13
6 43 50
6 44 60
6 46 82
6 49 20
7 8 56
7 9 62
7 12 43
7 16 62
7 17 43
7 19 66
7 20 21
7 21 64
7 25 31
7 26 11
7 27 68
7 30 61
7 31 85
7 32 36
7 33 18
7 34 27
7 35 48
7 36 59
7 38 49
7 39 58
7 40 46
7 44 29
7 45 84
7 47 64
7 49 49
8 9 28
8 10 19
8 13 55
8 16 6
8 20 77
8 22 96
8 23 61
8 25 46
8 26 67
8 29 31
8 30 76
8 31 48
8 32 25
8 37 38
8 38 90
8 39 8
8 41 73
8 42 46
8 43 76
8 44 28
8 45 59
8 46 6
8 48 78
8 49 62
9 10 47
9 12 36
9 13 62
9 15 56
9 16 27
9 17 64
9 18 70
9 21 115
9 22 116
9 23 68
9 25 37
9 26 72
9 27 76
9 28 50
9 29 17
9 30 99
9 31 75
9 32 45
9 35 17
9 37 32
9 38 106
9 41 96
9 42 74
9 43 83
9 44 43
9 46 33
9 47 99
9 48 98
9 49 85
10 11 68
10 12 14
10 13 52
10 14 39
10 15 57
10 17 24
10 18 35
10 21 81
10 22 80
10 26 64
10 27 29
10 29 45
10 30 58
10 31 34
10 35 50
10 36 51
10 38 77
10 39 28
10 40 81
10 42 31
10 43 70
10 44 25
10 45 42
10 46 18
10 47 57
10 48 63
11 13 56
11 14 51
11 17 45
11 18 35
11 19 10
11 20 53
11 21 14
11 22 11
11 25 87
11 26 58
11 27 55
11 28 57
11 31 78
11 32 60
11 34 33
11 36 106
11 37 84
11 39 91
11 40 32
11 41 15
11 42 73
11 43 50
11 44 62
11 45 65
11 46 85
11 47 19
11 48 9
12 13 42
12 14 52
12 15 44
12 17 28
12 18 36
12 19 81
12 20 63
12 22 82
12 23 47
12 24 60
12 26 54
12 27 42
12 29 31
12 30 63
12 34 54
12 35 37
12 36 39
12 37 33
12 38 76
12 40 77
12 41 60
12 43 62
12 44 14
12 45 56
12 47 63
12 48 64
12 49 49
13 14 71
13 16 61
13 17 41
13 18 34
13 19 64
13 20 22
13 21 62
13 22 65
13 24 22
13 26 12
13 27 65
13 28 40
13 29 46
13 30 58
13 32 34
13 35 49
13 36 60
13 37 33
13 40 45
13 41 55
13 44 28
13 47 61
14 15 81
14 16 62
14 17 31
14 18 38
14 19 59
14 21 65
14 23 72
14 25 88
14 26 80
14 28 39
14 29 83
14 30 37
14 31 29
14 33 56
14 34 62
14 35 88
14 36 90
14 37 81
14 38 70
14 40 77
14 41 36
14 42 25
14 44 55
14 46 55
14 47 33
14 48 52
14 49 33
15 16 60
15 17 50
15 19 77
15 20 28
15 22 78
15 23 18
15 24 16
15 26 17
15 27 74
15 28 47
15 29 38
15 30 71
15 32 39
15 34 38
15 36 52
15 37 24
15 38 60
15 39 56
15 43 30
15 44 31
15 45 91
15 46 61
15 48 60
15 49 59
16 17 45
16 18 55
16 19 100
16 20 82
16 22 101
16 23 67
16 24 76
16 25 50
16 26 72
16 29 33
16 30 81
16 31 48
16 32 31
16 35 37
16 36 33
16 39 7
16 40 98
16 42 47
16 43 82
16 44 34
16 45 61
16 46 6
16 47 80
16 49 68
17 18 13
17 19 55
17 20 56
17 21 57
17 24 63
17 26 51
17 28 13
17 29 56
17 30 36
17 31 44
17 32 19
17 33 25
17 34 39
17 35 62
17 36 66
17 38 55
17 39 48
17 40 59
17 42 39
17 43 54
17 44 25
17 45 41
17 46 40
17 47 36
17 48 40
17 49 22
18 20 45
18 22 46
18 23 34
18 24 56
18 25 57
18 26 42
18 27 35
18 29 60
18 30 29
18 31 56
18 32 25
18 33 21
18 34 26
18 36 72
18 37 53
18 39 56
18 40 46
18 41 26
18 42 51
18 43 43
18 44 28
18 45 50
18 47 31
18 48 29
18 49 15
19 20 58
19 22 1
19 24 79
19 25 95
19 27 64
19 29 103
19 31 88
19 32 70
19 33 60
19 34 39
19 35 108
19 38 24
19 39 101
19 41 25
19 42 82
19 43 55
19 45 73
19 46 95
19 47 26
19 48 18
19 49 33
20 21 54
20 22 59
20 24 23
20 25 50
20 27 80
20 28 59
20 31 100
20 32 54
20 33 35
20 34 23
20 35 69
20 36 80
20 37 52
20 38 37
20 40 30
20 43 3
20 44 49
20 45 95
20 46 81
20 49 53
21 22 7
21 23 56
21 26 61
21 27 68
21 28 70
21 29 102
21 31 92
21 32 72
21 33 60
21 34 37
21 35 107
21 36 116
21 37 92
21 38 18
21 40 27
21 41 29
21 46 98
21 48 18
21 49 36
22 23 60
22 24 80
22 26 65
22 28 69
22 30 24
22 31 88
22 33 61
22 34 40
22 35 109
22 37 94
22 38 24
22 39 102
22 40 33
22 41 26
22 42 83
22 43 56
22 44 73
22 45 74
22 46 96
22 47 27
22 48 18
22 49 34
23 24 23
23 25 39
23 26 9
23 28 44
23 29 52
23 32 38
23 33 19
23 35 56
23 37 39
23 38 42
23 39 64
23 41 52
23 44 33
23 45 83
23 46 65
23 47 59
23 48 43
23 49 45
24 25 33
24 27 88
24 28 61
24 29 52
24 30 78
24 32 54
24 33 38
24 34 41
24 37 38
24 38 59
24 39 71
24 42 100
24 43 25
24 44 46
24 45 104
24 46 76
24 47 81
24 49 68
25 26 39
25 29 20
25 30 86
25 31 89
25 33 37
25 34 57
25 35 21
25 36 33
25 38 80
25 39 44
25 40 77
25 41 82
25 42 86
25 43 51
25 44 33
25 45 95
25 46 53
25 47 88
26 28 52
26 29 55
26 30 62
26 33 27
26 35 57
26 36 69
26 37 41
26 38 45
26 39 69
26 42 89
26 44 40
26 48 49
26 49 53
27 28 30
27 29 73
27 31 24
27 32 38
27 34 60
27 35 78
27 36 80
27 37 72
27 38 71
27 39 56
27 40 78
27 41 39
27 45 16
27 46 45
27 47 38
27 49 34
28 29 44
28 30 49
28 31 43
28 32 8
28 33 25
28 36 53
28 38 65
28 39 34
28 40 68
28 41 46
28 42 39
28 43 58
28 45 46
28 46 28
28 47 49
28 48 52
28 49 36
29 31 78
29 33 43
29 34 68
29 35 6
29 37 14
29 38 91
29 40 90
29 42 75
29 43 67
29 44 32
29 45 87
29 46 37
29 47 90
29 49 75
30 32 54
30 34 38
30 35 94
30 36 101
30 38 36
30 39 83
30 41 3
30 43 57
30 44 58
30 47 5
30 48 18
30 49 14
31 34 82
31 36 81
31 37 81
31 39 55
31 40 101
31 41 63
31 42 6
31 44 59
31 45 19
31 46 42
31 47 61
31 48 77
31 49 57
32 34 44
32 35 42
32 37 34
32 38 65
32 39 31
32 40 67
32 41 50
32 42 46
32 43 53
32 44 8
32 45 54
32 46 28
32 47 54
32 48 54
33 34 26
33 35 48
33 37 33
33 38 49
33 39 47
33 40 49
33 41 46
33 42 62
33 43 34
33 44 15
33 45 66
33 46 47
33 47 51
33 48 43
33 49 36
34 37 56
34 38 23
34 40 23
34 42 77
34 43 20
34 44 41
34 45 75
34 46 72
34 47 42
34 49 31
35 36 12
35 37 17
35 40 94
35 45 92
35 46 42
35 49 81
36 37 28
36 38 105
36 39 26
36 40 104
36 41 97
36 42 79
36 43 81
36 44 44
36 45 92
36 46 38
36 47 101
37 38 80
37 39 36
37 40 77
37 41 79
37 42 78
37 45 88
37 46 45
37 47 84
37 48 76
37 49 68
38 39 96
38 40 9
38 41 35
38 42 89
38 43 34
38 45 84
38 46 92
38 49 38
39 41 80
39 44 32
39 46 13
39 47 83
39 48 85
40 38 9
40 41 44
40 44 65
40 45 91
40 46 95
40 47 49
40 48 27
40 49 45
41 42 58
41 43 55
41 46 73
41 48 17
41 49 11
42 44 55
42 45 16
42 46 41
42 48 72
43 44 48
43 45 93
43 46 80
43 48 42
43 49 50
44 46 32
44 47 59
44 48 55
45 46 55
45 47 46
45 48 65
45 49 46
46 47 75
46 48 80
46 49 63
47 48 23
47 49 15
