20 0.3 20 0 0.1 190 57 9
0.739638 0.804797 4
0.0876795 0.735474 4
0.487773 0.8391 3
0.167799 0.587479 3
0.057676 0.179796 6
0.539856 0.544341 1
0.311151 0.892808 4
0.473103 0.922667 4
0.195955 0.774847 4
0.709325 0.101475 5
0.375451 0.444309 1
0.34556 0.041786 5
0.956445 0.477586 5
0.479679 0.542532 0
0.156179 0.0550284 6
0.275316 0.611659 2
0.520861 0.421473 1
0.393095 0.35156 2
0.962285 0.359798 5
0.183648 0.572103 3
0 1 66
0 2 25
0 3 61
0 4 93
0 5 33
0 6 44
0 7 29
0 8 54
0 9 70
0 10 51
0 11 86
0 12 39
0 13 37
0 14 95
0 15 50
0 16 44
0 17 57
0 18 50
0 19 60
1 2 41
1 3 17
1 4 56
1 5 49
1 6 27
1 7 43
1 8 12
1 9 89
1 10 41
1 11 74
1 12 91
1 13 44
1 14 68
1 15 22
1 16 54
1 17 49
1 18 95
1 19 19
2 3 41
2 4 79
2 5 30
2 6 18
2 7 8
2 8 30
2 9 77
2 10 41
2 11 81
2 12 59
2 13 30
2 14 85
2 15 31
2 16 42
2 17 50
2 18 67
2 19 40
3 4 42
3 5 37
3 6 34
3 7 45
3 8 19
3 9 73
3 10 25
3 11 57
3 12 80
3 13 32
3 14 53
3 15 11
3 16 39
3 17 33
3 18 83
3 19 2
4 5 60
4 6 76
4 7 85
4 8 61
4 9 66
4 10 41
4 11 32
4 12 95
4 13 56
4 14 16
4 15 48
4 16 52
4 17 38
4 18 92
4 19 41
5 6 42
5 7 38
5 8 41
5 9 47
5 10 19
5 11 54
5 12 42
5 13 6
5 14 62
5 15 27
5 16 12
5 17 24
5 18 46
5 19 36
6 7 16
6 8 16
6 9 89
6 10 45
6 11 85
6 12 77
6 13 39
6 14 85
6 15 28
6 16 52
6 17 55
6 18 84
6 19 35
7 8 31
7 9 85
7 10 49
7 11 89
7 12 66
7 13 38
7 14 92
7 15 37
7 16 50
7 17 58
7 18 75
7 19 45
8 9 85
8 10 38
8 11 75
8 12 82
8 13 37
8 14 72
8 15 18
8 16 48
8 17 47
8 18 87
8 19 20
9 10 48
9 11 37
9 12 45
9 13 50
9 14 56
9 15 67
9 16 37
9 17 40
9 18 36
9 19 71
10 11 40
10 12 58
10 13 14
10 14 45
10 15 20
10 16 15
10 17 9
10 18 59
10 19 23
11 12 75
11 13 52
11 14 19
11 15 57
11 16 42
11 17 31
11 18 69
11 19 55
12 13 48
12 14 90
12 15 69
12 16 44
12 17 58
12 18 12
12 19 78
13 14 59
13 15 22
13 16 13
13 17 21
13 18 52
13 19 30
14 15 57
14 16 52
14 17 38
14 18 86
14 19 52
15 16 31
15 17 29
15 18 73
15 19 10
16 17 15
16 18 45
16 19 37
17 18 57
17 19 30
18 19 81
0 2 25
0 7 29
0 9 70
0 13 37
0 14 95
0 18 50
0 19 60
1 2 41
1 6 27
1 7 43
1 8 12
1 11 74
1 17 49
2 9 77
2 10 41
2 11 81
2 13 30
2 14 85
2 17 50
2 19 40
3 6 34
3 10 25
3 12 80
3 15 11
3 17 33
4 5 60
4 7 85
4 11 32
4 12 95
4 13 56
4 15 48
4 16 52
4 18 92
4 19 41
5 7 38
5 9 47
5 17 24
6 10 45
6 11 85
6 14 85
6 19 35
7 8 31
8 9 85
8 11 75
8 12 82
8 17 47
9 11 37
9 12 45
10 13 14
10 19 23
13 14 59
13 17 21
14 16 52
15 16 31
16 18 45
17 18 57
18 19 81
