50 0.7 4 1 0 0.25 1225 85810
0.0454022 0.52898 12
0.142914 0.144317 4
0.45044 0.815156 22
0.221296 0.088318 5
0.55033 0.492796 17
0.643625 0.890758 26
0.717922 0.512194 21
0.916421 0.266798 23
0.497557 0.569134 18
0.304145 0.974198 24
0.496535 0.518847 17
0.345188 0.589349 16
0.784489 0.0290713 19
0.328522 0.242188 9
0.276994 0.0520411 6
0.745302 0.86232 27
0.608331 0.546672 19
0.499483 0.464939 16
0.295479 0.103263 7
0.752152 0.522282 22
0.819265 0.856829 28
0.768944 0.357922 20
0.0334688 0.0351361 0
0.31602 0.314165 10
0.881317 0.00946804 21
0.543246 0.15822 13
0.480248 0.168078 12
0.36648 0.802853 21
0.141955 0.306813 7
0.0803699 0.245537 5
0.7067 0.0113349 17
0.587411 0.881555 25
0.247781 0.344478 9
0.822295 0.0247198 20
0.360564 0.786445 20
0.996581 0.269298 25
0.546252 0.159411 13
0.344592 0.658476 17
0.891079 0.874588 30
0.896354 0.207968 22
0.322208 0.342993 11
0.395393 0.0890578 9
0.444425 0.632249 18
0.727748 0.167135 18
0.541975 0.0822886 13
0.257275 0.479686 12
0.817591 0.613798 24
0.897546 0.444189 24
0.117193 0.879939 21
0.524436 0.266888 14
0 1 40
0 2 50
0 3 47
0 4 51
0 5 70
0 6 67
0 7 91
0 8 45
0 9 51
0 10 45
0 11 31
0 12 89
0 13 40
0 14 53
0 15 78
0 16 56
0 17 46
0 18 49
0 19 71
0 20 84
0 21 74
0 22 49
0 23 35
0 24 98
0 25 62
0 26 57
0 27 42
0 28 24
0 29 29
0 30 84
0 31 65
0 32 27
0 33 93
0 34 41
0 35 99
0 36 62
0 37 33
0 38 91
0 39 91
0 40 33
0 41 56
0 42 41
0 43 77
0 44 67
0 45 22
0 46 78
0 47 86
0 48 36
0 49 55
1 2 74
1 3 10
1 4 54
1 5 90
1 6 68
1 7 78
1 8 55
1 9 85
1 10 52
1 11 49
1 12 65
1 13 21
1 14 16
1 15 94
1 16 62
1 17 48
1 18 16
1 19 72
1 20 98
1 21 66
1 22 15
1 23 24
1 24 75
1 25 40
1 26 34
1 27 70
1 28 16
1 29 12
1 30 58
1 31 86
1 32 23
1 33 69
1 34 68
1 35 86
1 36 40
1 37 55
1 38 105
1 39 76
1 40 27
1 41 26
1 42 57
1 43 59
1 44 40
1 45 35
1 46 82
1 47 81
1 48 74
1 49 40
2 3 76
2 4 34
2 5 21
2 6 40
2 7 72
2 8 25
2 9 22
2 10 30
2 11 25
2 12 85
2 13 59
2 14 78
2 15 30
2 16 31
2 17 35
2 18 73
2 19 42
2 20 37
2 21 56
2 22 88
2 23 52
2 24 91
2 25 66
2 26 65
2 27 8
2 28 59
2 29 68
2 30 84
2 31 15
2 32 51
2 33 87
2 34 9
2 35 77
2 36 66
2 37 19
2 38 44
2 39 75
2 40 49
2 41 73
2 42 18
2 43 70
2 44 74
2 45 39
2 46 42
2 47 58
2 48 34
2 49 55
3 4 52
3 5 91
3 6 65
3 7 72
3 8 55
3 9 89
3 10 51
3 11 52
3 12 57
3 13 19
3 14 7
3 15 93
3 16 60
3 17 47
3 18 8
3 19 69
3 20 97
3 21 61
3 22 20
3 23 24
3 24 66
3 25 33
3 26 27
3 27 73
3 28 23
3 29 21
3 30 49
3 31 87
3 32 26
3 33 60
3 34 71
3 35 80
3 36 33
3 37 58
3 38 103
3 39 69
3 40 27
3 41 17
3 42 59
3 43 51
3 44 32
3 45 39
3 46 79
3 47 76
3 48 80
3 49 35
4 5 41
4 6 17
4 7 43
4 8 9
4 9 54
4 10 6
4 11 23
4 12 52
4 13 33
4 14 52
4 15 42
4 16 8
4 17 6
4 18 47
4 19 20
4 20 45
4 21 26
4 22 69
4 23 29
4 24 59
4 25 33
4 26 33
4 27 36
4 28 45
4 29 53
4 30 51
4 31 39
4 32 34
4 33 54
4 34 35
4 35 50
4 36 33
4 37 26
4 38 51
4 39 45
4 40 27
4 41 43
4 42 18
4 43 37
4 44 41
4 45 29
4 46 29
4 47 35
4 48 58
4 49 23
5 6 39
5 7 68
5 8 35
5 9 35
5 10 40
5 11 42
5 12 87
5 13 72
5 14 92
5 15 11
5 16 35
5 17 45
5 18 86
5 19 38
5 20 18
5 21 55
5 22 105
5 23 66
5 24 91
5 25 74
5 26 74
5 27 29
5 28 77
5 29 86
5 30 88
5 31 6
5 32 67
5 33 88
5 34 30
5 35 71
5 36 74
5 37 38
5 38 25
5 39 73
5 40 64
5 41 84
5 42 33
5 43 73
5 44 81
5 45 56
5 46 33
5 47 51
5 48 53
5 49 64
6 7 32
6 8 23
6 9 62
6 10 22
6 11 38
6 12 49
6 13 47
6 14 64
6 15 35
6 16 11
6 17 22
6 18 59
6 19 4
6 20 36
6 21 16
6 22 83
6 23 45
6 24 53
6 25 39
6 26 42
6 27 46
6 28 61
6 29 69
6 30 50
6 31 39
6 32 50
6 33 50
6 34 45
6 35 37
6 36 39
6 37 40
6 38 40
6 39 35
6 40 43
6 41 53
6 42 30
6 43 35
6 44 46
6 45 46
6 46 14
6 47 19
6 48 70
6 49 31
7 8 52
7 9 94
7 10 49
7 11 66
7 12 27
7 13 59
7 14 67
7 15 62
7 16 42
7 17 46
7 18 64
7 19 30
7 20 60
7 21 17
7 22 91
7 23 60
7 24 26
7 25 39
7 26 45
7 27 77
7 28 78
7 29 84
7 30 33
7 31 70
7 32 67
7 33 26
7 34 76
7 35 8
7 36 39
7 37 69
7 38 61
7 39 6
7 40 60
7 41 55
7 42 60
7 43 21
7 44 42
7 45 69
7 46 36
7 47 18
7 48 101
7 49 39
8 9 45
8 10 5
8 11 15
8 12 61
8 13 37
8 14 56
8 15 38
8 16 11
8 17 10
8 18 51
8 19 26
8 20 43
8 21 34
8 22 71
8 23 31
8 24 68
8 25 41
8 26 40
8 27 27
8 28 44
8 29 53
8 30 60
8 31 33
8 32 34
8 33 63
8 34 26
8 35 58
8 36 41
8 37 18
8 38 50
8 39 54
8 40 29
8 41 49
8 42 8
8 43 46
8 44 49
8 45 26
8 46 32
8 47 42
8 48 49
8 49 30
9 10 49
9 11 39
9 12 106
9 13 73
9 14 92
9 15 46
9 16 52
9 17 55
9 18 87
9 19 64
9 20 53
9 21 77
9 22 98
9 23 66
9 24 112
9 25 85
9 26 83
9 27 18
9 28 69
9 29 76
9 30 104
9 31 30
9 32 63
9 33 108
9 34 20
9 35 99
9 36 85
9 37 32
9 38 60
9 39 97
9 40 63
9 41 89
9 42 37
9 43 91
9 44 92
9 45 50
9 46 63
9 47 80
9 48 21
9 49 74
10 11 17
10 12 57
10 13 32
10 14 52
10 15 42
10 16 12
10 17 5
10 18 46
10 19 26
10 20 47
10 21 32
10 22 67
10 23 27
10 24 64
10 25 36
10 26 35
10 27 31
10 28 41
10 29 50
10 30 55
10 31 37
10 32 30
10 33 59
10 34 30
10 35 56
10 36 36
10 37 21
10 38 53
10 39 51
10 40 25
10 41 44
10 42 12
10 43 42
10 44 44
10 45 24
10 46 33
10 47 41
10 48 52
10 49 25
11 12 71
11 13 35
11 14 54
11 15 48
11 16 27
11 17 20
11 18 49
11 19 41
11 20 54
11 21 48
11 22 64
11 23 28
11 24 79
11 25 47
11 26 44
11 27 21
11 28 35
11 29 43
11 30 68
11 31 38
11 32 26
11 33 74
11 34 20
11 35 73
11 36 47
11 37 7
11 38 62
11 39 67
11 40 25
11 41 50
11 42 11
11 43 57
11 44 54
11 45 14
11 46 47
11 47 57
11 48 37
11 49 37
12 13 50
12 14 51
12 15 83
12 16 55
12 17 52
12 18 49
12 19 49
12 20 83
12 21 33
12 22 75
12 23 55
12 24 10
12 25 27
12 26 33
12 27 88
12 28 70
12 29 74
12 30 8
12 31 87
12 32 62
12 33 4
12 34 87
12 35 32
12 36 27
12 37 77
12 38 85
12 39 21
12 40 56
12 41 39
12 42 69
12 43 15
12 44 25
12 45 69
12 46 59
12 47 43
12 48 108
12 49 35
13 14 20
13 15 75
13 16 41
13 17 28
13 18 14
13 19 51
13 20 79
13 21 46
13 22 36
13 23 7
13 24 60
13 25 23
13 26 17
13 27 56
13 28 20
13 29 25
13 30 44
13 31 69
13 32 13
13 33 54
13 34 55
13 35 67
13 36 23
13 37 42
13 38 85
13 39 57
13 40 10
13 41 17
13 42 41
13 43 41
13 44 27
13 45 25
13 46 61
13 47 60
13 48 67
13 49 20
14 15 94
14 16 60
14 17 47
14 18 5
14 19 67
14 20 97
14 21 58
14 22 24
14 23 27
14 24 61
14 25 29
14 26 23
14 27 76
14 28 29
14 29 28
14 30 43
14 31 89
14 32 29
14 33 55
14 34 74
14 35 75
14 36 29
14 37 61
14 38 103
14 39 64
14 40 29
14 41 12
14 42 60
14 43 47
14 44 27
14 45 43
14 46 78
14 47 73
14 48 84
14 49 33
15 16 34
15 17 47
15 18 88
15 19 34
15 20 7
15 21 50
15 22 109
15 23 70
15 24 86
15 25 73
15 26 74
15 27 38
15 28 82
15 29 91
15 30 85
15 31 16
15 32 72
15 33 84
15 34 39
15 35 64
15 36 73
15 37 45
15 38 15
15 39 67
15 40 67
15 41 85
15 42 38
15 43 70
15 44 81
15 45 62
15 46 26
15 47 44
15 48 63
15 49 64
16 17 14
16 18 54
16 19 15
16 20 38
16 21 25
16 22 77
16 23 37
16 24 60
16 25 39
16 26 40
16 27 35
16 28 52
16 29 61
16 30 54
16 31 34
16 32 41
16 33 56
16 34 34
16 35 48
16 36 39
16 37 29
16 38 43
16 39 44
16 40 35
16 41 50
16 42 18
16 43 40
16 44 47
16 45 36
16 46 22
16 47 31
16 48 59
16 49 29
17 18 42
17 19 26
17 20 51
17 21 29
17 22 63
17 23 24
17 24 59
17 25 31
17 26 30
17 27 36
17 28 39
17 29 47
17 30 50
17 31 43
17 32 28
17 33 55
17 34 35
17 35 53
17 36 31
17 37 25
17 38 57
17 39 47
17 40 22
17 41 39
17 42 18
17 43 38
17 44 39
17 45 24
17 46 35
17 47 40
17 48 56
17 49 20
18 19 62
18 20 92
18 21 54
18 22 27
18 23 21
18 24 59
18 25 25
18 26 20
18 27 70
18 28 25
18 29 26
18 30 42
18 31 83
18 32 25
18 33 53
18 34 69
18 35 72
18 36 26
18 37 56
18 38 97
18 39 61
18 40 24
18 41 10
18 42 55
18 43 44
18 44 25
18 45 38
18 46 73
18 47 69
18 48 80
18 49 28
19 20 34
19 21 17
19 22 87
19 23 48
19 24 53
19 25 42
19 26 45
19 27 48
19 28 65
19 29 73
19 30 51
19 31 40
19 32 53
19 33 50
19 34 47
19 35 35
19 36 42
19 37 43
19 38 38
19 39 35
19 40 47
19 41 56
19 42 33
19 43 36
19 44 49
19 45 50
19 46 11
19 47 17
19 48 73
19 49 34
20 21 50
20 22 114
20 23 74
20 24 85
20 25 75
20 26 77
20 27 46
20 28 87
20 29 96
20 30 85
20 31 23
20 32 77
20 33 83
20 34 46
20 35 61
20 36 75
20 37 51
20 38 7
20 39 65
20 40 71
20 41 88
20 42 44
20 43 70
20 44 82
20 45 68
20 46 24
20 47 42
20 48 70
20 49 66
21 22 80
21 23 46
21 24 37
21 25 30
21 26 35
21 27 60
21 28 63
21 29 70
21 30 35
21 31 55
21 32 52
21 33 34
21 34 59
21 35 24
21 36 30
21 37 52
21 38 53
21 39 20
21 40 45
21 41 46
21 42 42
21 43 20
21 44 36
21 45 53
21 46 26
21 47 15
21 48 84
21 49 26
22 23 40
22 24 85
22 25 52
22 26 47
22 27 84
22 28 29
22 29 22
22 30 67
22 31 101
22 32 38
22 33 79
22 34 82
22 35 99
22 36 53
22 37 70
22 38 120
22 39 88
22 40 42
22 41 37
22 42 72
22 43 71
22 44 51
22 45 50
22 46 97
22 47 96
22 48 85
22 49 54
23 24 64
23 25 28
23 26 22
23 27 49
23 28 17
23 29 25
23 30 49
23 31 63
23 32 7
23 33 58
23 34 47
23 35 68
23 36 28
23 37 35
23 38 80
23 39 59
23 40 3
23 41 24
23 42 34
23 43 44
23 44 32
23 45 18
23 46 58
23 47 60
23 48 60
23 49 21
24 25 37
24 26 43
24 27 95
24 28 80
24 29 84
24 30 17
24 31 92
24 32 72
24 33 6
24 34 94
24 35 28
24 36 37
24 37 84
24 38 87
24 39 20
24 40 65
24 41 49
24 42 76
24 43 22
24 44 35
24 45 78
24 46 61
24 47 44
24 48 116
24 49 44
25 26 6
25 27 67
25 28 43
25 29 47
25 30 22
25 31 72
25 32 35
25 33 31
25 34 65
25 35 47
25 36 0
25 37 54
25 38 80
25 39 36
25 40 29
25 41 16
25 42 48
25 43 18
25 44 8
25 45 43
25 46 53
25 47 46
25 48 84
25 49 11
26 27 64
26 28 37
26 29 41
26 30 28
26 31 72
26 32 29
26 33 37
26 34 63
26 35 53
26 36 7
26 37 51
26 38 82
26 39 42
26 40 24
26 41 12
26 42 47
26 43 25
26 44 11
26 45 38
26 46 56
26 47 50
26 48 80
26 49 11
27 28 54
27 29 63
27 30 86
27 31 23
27 32 47
27 33 90
27 34 2
27 35 83
27 36 67
27 37 15
27 38 53
27 39 80
27 40 46
27 41 71
27 42 19
27 43 73
27 44 74
27 45 34
27 46 49
27 47 64
27 48 26
27 49 56
28 29 9
28 30 64
28 31 73
28 32 11
28 33 74
28 34 53
28 35 86
28 36 43
28 37 41
28 38 94
28 39 76
28 40 18
28 41 33
28 42 44
28 43 60
28 44 46
28 45 21
28 46 74
28 47 77
28 48 57
28 49 38
29 30 67
29 31 81
29 32 19
29 33 77
29 34 61
29 35 92
29 36 47
29 37 49
29 38 103
29 39 82
29 40 26
29 41 35
29 42 53
29 43 65
29 44 49
29 45 29
29 46 82
29 47 84
29 48 64
29 49 44
30 31 88
30 32 57
30 33 12
30 34 85
30 35 39
30 36 22
30 37 74
30 38 88
30 39 27
30 40 51
30 41 32
30 42 67
30 43 16
30 44 18
30 45 65
30 46 61
30 47 47
30 48 105
30 49 31
31 32 64
31 33 89
31 34 25
31 35 74
31 36 72
31 37 33
31 38 30
31 39 74
31 40 60
31 41 82
31 42 29
31 43 73
31 44 80
31 45 52
31 46 35
31 47 54
31 48 47
31 49 62
32 33 66
32 34 46
32 35 75
32 36 35
32 37 33
32 38 83
32 39 66
32 40 7
32 41 30
32 42 35
32 43 51
32 44 39
32 45 14
32 46 63
32 47 66
32 48 55
32 49 29
33 34 89
33 35 30
33 36 31
33 37 79
33 38 85
33 39 20
33 40 59
33 41 43
33 42 72
33 43 17
33 44 29
33 45 73
33 46 59
33 47 43
33 48 111
33 49 38
34 35 82
34 36 65
34 37 13
34 38 54
34 39 79
34 40 45
34 41 70
34 42 18
34 43 72
34 44 73
34 45 32
34 46 49
34 47 64
34 48 26
34 49 54
35 36 46
35 37 76
35 38 61
35 39 12
35 40 68
35 41 63
35 42 66
35 43 29
35 44 49
35 45 77
35 46 39
35 47 20
35 48 107
35 49 47
36 37 54
36 38 79
36 39 35
36 40 29
36 41 17
36 42 48
36 43 18
36 44 8
36 45 43
36 46 53
36 47 45
36 48 84
36 49 11
37 38 59
37 39 71
37 40 32
37 41 57
37 42 10
37 43 62
37 44 61
37 45 20
37 46 48
37 47 59
37 48 32
37 49 43
38 39 67
38 40 78
38 41 93
38 42 51
38 43 73
38 44 87
38 45 75
38 46 27
38 47 43
38 48 77
38 49 71
39 40 59
39 41 51
39 42 62
39 43 17
39 44 38
39 45 69
39 46 41
39 47 24
39 48 103
39 49 38
40 41 26
40 42 31
40 43 44
40 44 34
40 45 15
40 46 56
40 47 58
40 48 57
40 49 22
41 42 55
41 43 34
41 44 15
41 45 41
41 46 67
41 47 62
41 48 84
41 49 22
42 43 54
42 44 56
42 45 24
42 46 37
42 47 49
42 48 41
42 49 37
43 44 20
43 45 56
43 46 46
43 47 32
43 48 94
43 49 23
44 45 49
44 46 60
44 47 51
44 48 90
44 49 19
45 46 58
45 47 64
45 48 42
45 49 34
46 47 19
46 48 75
46 49 45
47 48 89
47 49 41
48 49 74
0 2 50
0 4 51
0 7 91
0 8 45
0 9 51
0 10 45
0 11 31
0 12 89
0 15 78
0 16 56
0 17 46
0 18 49
0 19 71
0 21 74
0 24 98
0 25 62
0 27 42
0 29 29
0 30 84
0 33 93
0 34 41
0 35 99
0 37 33
0 41 56
0 42 41
0 43 77
0 44 67
0 46 78
0 47 86
0 48 36
0 49 55
1 2 74
1 3 10
1 4 54
1 6 68
1 7 78
1 9 85
1 10 52
1 11 49
1 12 65
1 13 21
1 14 16
1 16 62
1 18 16
1 19 72
1 20 98
1 21 66
1 22 15
1 23 24
1 25 40
1 26 34
1 27 70
1 28 16
1 29 12
1 30 58
1 31 86
1 32 23
1 34 68
1 35 86
1 36 40
1 38 105
1 41 26
1 42 57
1 44 40
1 47 81
1 49 40
2 3 76
2 4 34
2 5 21
2 7 72
2 8 25
2 9 22
2 10 30
2 11 25
2 13 59
2 14 78
2 15 30
2 16 31
2 18 73
2 19 42
2 20 37
2 21 56
2 22 88
2 24 91
2 25 66
2 26 65
2 27 8
2 28 59
2 29 68
2 30 84
2 31 15
2 32 51
2 33 87
2 38 44
2 40 49
2 41 73
2 42 18
2 43 70
2 44 74
2 45 39
2 46 42
2 47 58
2 48 34
2 49 55
3 4 52
3 5 91
3 7 72
3 9 89
3 10 51
3 11 52
3 12 57
3 14 7
3 15 93
3 17 47
3 18 8
3 20 97
3 21 61
3 22 20
3 23 24
3 25 33
3 26 27
3 28 23
3 29 21
3 30 49
3 32 26
3 33 60
3 34 71
3 35 80
3 37 58
3 38 103
3 39 69
3 41 17
3 44 32
3 45 39
3 47 76
3 48 80
3 49 35
4 5 41
4 6 17
4 7 43
4 8 9
4 9 54
4 10 6
4 11 23
4 12 52
4 13 33
4 14 52
4 16 8
4 18 47
4 20 45
4 23 29
4 24 59
4 25 33
4 26 33
4 27 36
4 29 53
4 30 51
4 32 34
4 33 54
4 37 26
4 38 51
4 39 45
4 41 43
4 43 37
4 44 41
4 46 29
4 48 58
5 6 39
5 7 68
5 8 35
5 9 35
5 10 40
5 11 42
5 12 87
5 14 92
5 15 11
5 16 35
5 18 86
5 19 38
5 22 105
5 24 91
5 28 77
5 29 86
5 30 88
5 31 6
5 32 67
5 34 30
5 35 71
5 36 74
5 39 73
5 40 64
5 41 84
5 42 33
5 43 73
5 44 81
5 46 33
5 47 51
5 48 53
5 49 64
6 8 23
6 10 22
6 11 38
6 12 49
6 13 47
6 14 64
6 15 35
6 19 4
6 20 36
6 23 45
6 28 61
6 30 50
6 31 39
6 33 50
6 34 45
6 36 39
6 39 35
6 40 43
6 41 53
6 43 35
6 45 46
6 46 14
6 47 19
7 8 52
7 9 94
7 12 27
7 14 67
7 15 62
7 16 42
7 17 46
7 20 60
7 21 17
7 22 91
7 25 39
7 26 45
7 27 77
7 28 78
7 29 84
7 30 33
7 31 70
7 32 67
7 33 26
7 35 8
7 36 39
7 37 69
7 39 6
7 40 60
7 41 55
7 42 60
7 43 21
7 44 42
7 46 36
7 47 18
7 48 101
7 49 39
8 9 45
8 11 15
8 13 37
8 14 56
8 15 38
8 16 11
8 17 10
8 19 26
8 20 43
8 21 34
8 23 31
8 24 68
8 25 41
8 26 40
8 27 27
8 28 44
8 29 53
8 30 60
8 31 33
8 33 63
8 35 58
8 36 41
8 37 18
8 39 54
8 40 29
8 41 49
8 43 46
8 46 32
8 47 42
8 49 30
9 10 49
9 12 106
9 13 73
9 14 92
9 15 46
9 16 52
9 17 55
9 19 64
9 20 53
9 21 77
9 22 98
9 23 66
9 25 85
9 29 76
9 31 30
9 32 63
9 33 108
9 34 20
9 35 99
9 36 85
9 37 32
9 38 60
9 39 97
9 40 63
9 41 89
9 42 37
9 43 91
9 44 92
9 45 50
9 46 63
9 48 21
9 49 74
10 13 32
10 14 52
10 15 42
10 16 12
10 18 46
10 20 47
10 21 32
10 22 67
10 25 36
10 27 31
10 28 41
10 29 50
10 30 55
10 31 37
10 32 30
10 33 59
10 34 30
10 35 56
10 36 36
10 39 51
10 41 44
10 42 12
10 43 42
10 44 44
10 46 33
11 12 71
11 13 35
11 14 54
11 15 48
11 16 27
11 21 48
11 22 64
11 25 47
11 27 21
11 29 43
11 30 68
11 33 74
11 36 47
11 37 7
11 39 67
11 40 25
11 41 50
11 42 11
11 46 47
11 47 57
11 48 37
11 49 37
12 14 51
12 15 83
12 16 55
12 17 52
12 22 75
12 23 55
12 24 10
12 25 27
12 26 33
12 28 70
12 29 74
12 30 8
12 31 87
12 33 4
12 38 85
12 39 21
12 41 39
12 44 25
12 45 69
12 48 108
12 49 35
13 14 20
13 15 75
13 17 28
13 18 14
13 19 51
13 20 79
13 21 46
13 23 7
13 24 60
13 25 23
13 26 17
13 27 56
13 28 20
13 29 25
13 33 54
13 36 23
13 38 85
13 39 57
13 40 10
13 41 17
13 43 41
13 44 27
13 46 61
13 47 60
13 48 67
13 49 20
14 15 94
14 16 60
14 17 47
14 18 5
14 19 67
14 20 97
14 21 58
14 22 24
14 23 27
14 24 61
14 26 23
14 27 76
14 32 29
14 34 74
14 35 75
14 36 29
14 38 103
14 39 64
14 40 29
14 41 12
14 43 47
14 45 43
14 46 78
14 47 73
14 48 84
14 49 33
15 18 88
15 19 34
15 20 7
15 21 50
15 23 70
15 25 73
15 27 38
15 28 82
15 29 91
15 30 85
15 33 84
15 35 64
15 38 15
15 39 67
15 40 67
15 41 85
15 42 38
15 43 70
15 44 81
15 46 26
15 47 44
15 48 63
15 49 64
16 17 14
16 19 15
16 20 38
16 21 25
16 22 77
16 24 60
16 25 39
16 27 35
16 28 52
16 29 61
16 30 54
16 31 34
16 32 41
16 34 34
16 35 48
16 36 39
16 38 43
16 39 44
16 40 35
16 44 47
16 45 36
16 46 22
16 48 59
16 49 29
17 18 42
17 20 51
17 21 29
17 22 63
17 23 24
17 25 31
17 26 30
17 27 36
17 31 43
17 32 28
17 33 55
17 36 31
17 37 25
17 38 57
17 40 22
17 42 18
17 43 38
17 44 39
17 46 35
17 47 40
17 48 56
18 19 62
18 20 92
18 21 54
18 22 27
18 23 21
18 24 59
18 26 20
18 27 70
18 28 25
18 30 42
18 32 25
18 33 53
18 34 69
18 35 72
18 36 26
18 38 97
18 40 24
18 41 10
18 43 44
18 45 38
18 49 28
19 20 34
19 22 87
19 23 48
19 25 42
19 26 45
19 27 48
19 30 51
19 31 40
19 33 50
19 34 47
19 35 35
19 36 42
19 38 38
19 39 35
19 40 47
19 41 56
19 42 33
19 43 36
19 44 49
19 45 50
19 46 11
19 47 17
19 48 73
20 22 114
20 24 85
20 25 75
20 27 46
20 28 87
20 32 77
20 36 75
20 39 65
20 41 88
20 42 44
20 43 70
20 44 82
20 45 68
20 47 42
20 48 70
21 22 80
21 24 37
21 25 30
21 26 35
21 27 60
21 28 63
21 29 70
21 30 35
21 31 55
21 33 34
21 34 59
21 35 24
21 36 30
21 37 52
21 39 20
21 47 15
21 49 26
22 24 85
22 25 52
22 26 47
22 28 29
22 29 22
22 30 67
22 31 101
22 34 82
22 35 99
22 36 53
22 37 70
22 38 120
22 39 88
22 40 42
22 43 71
22 44 51
22 45 50
22 48 85
22 49 54
23 24 64
23 25 28
23 26 22
23 27 49
23 28 17
23 29 25
23 30 49
23 32 7
23 33 58
23 34 47
23 35 68
23 36 28
23 37 35
23 39 59
23 40 3
23 41 24
23 42 34
23 44 32
23 45 18
23 46 58
23 48 60
23 49 21
24 26 43
24 28 80
24 29 84
24 30 17
24 31 92
24 32 72
24 33 6
24 34 94
24 35 28
24 36 37
24 37 84
24 38 87
24 39 20
24 41 49
24 42 76
24 43 22
24 49 44
25 26 6
25 27 67
25 28 43
25 30 22
25 31 72
25 32 35
25 33 31
25 34 65
25 35 47
25 36 0
25 37 54
25 39 36
25 40 29
25 41 16
25 43 18
25 44 8
25 45 43
25 46 53
25 47 46
25 48 84
25 49 11
26 29 41
26 30 28
26 33 37
26 35 53
26 36 7
26 37 51
26 38 82
26 40 24
26 41 12
26 42 47
26 43 25
26 44 11
26 46 56
26 47 50
26 48 80
26 49 11
27 29 63
27 32 47
27 33 90
27 35 83
27 36 67
27 38 53
27 39 80
27 40 46
27 41 71
27 43 73
27 46 49
27 47 64
27 48 26
27 49 56
28 30 64
28 31 73
28 33 74
28 34 53
28 35 86
28 36 43
28 37 41
28 38 94
28 40 18
28 41 33
28 43 60
28 44 46
28 46 74
28 49 38
29 32 19
29 33 77
29 36 47
29 37 49
29 39 82
29 40 26
29 41 35
29 42 53
29 43 65
29 46 82
29 48 64
29 49 44
30 34 85
30 35 39
30 38 88
30 39 27
30 40 51
30 41 32
30 42 67
30 43 16
30 44 18
30 45 65
30 46 61
30 47 47
30 48 105
30 49 31
31 32 64
31 33 89
31 34 25
31 35 74
31 36 72
31 37 33
31 39 74
31 40 60
31 41 82
31 42 29
31 43 73
31 44 80
31 45 52
31 46 35
31 47 54
31 48 47
31 49 62
32 34 46
32 35 75
32 36 35
32 37 33
32 41 30
32 43 51
32 44 39
32 45 14
32 46 63
32 47 66
32 48 55
32 49 29
33 34 89
33 35 30
33 36 31
33 40 59
33 43 17
33 44 29
33 46 59
33 48 111
33 49 38
34 35 82
34 36 65
34 37 13
34 38 54
34 39 79
34 40 45
34 41 70
34 42 18
34 43 72
34 44 73
34 45 32
34 46 49
34 48 26
34 49 54
35 36 46
35 37 76
35 38 61
35 39 12
35 40 68
35 42 66
35 45 77
35 46 39
35 47 20
35 48 107
36 40 29
36 42 48
36 43 18
36 45 43
36 46 53
36 47 45
36 49 11
37 38 59
37 40 32
37 41 57
37 42 10
37 43 62
37 44 61
37 45 20
37 46 48
37 47 59
37 48 32
37 49 43
38 39 67
38 40 78
38 41 93
38 43 73
38 44 87
38 46 27
38 47 43
38 49 71
39 40 59
39 41 51
39 43 17
39 46 41
39 47 24
39 49 38
40 41 26
40 42 31
40 43 44
40 44 34
40 47 58
40 48 57
40 49 22
41 42 55
41 43 34
41 44 15
41 46 67
41 48 84
41 49 22
42 43 54
42 44 56
42 45 24
42 46 37
42 48 41
43 45 56
43 46 46
43 47 32
43 48 94
43 49 23
44 45 49
44 46 60
44 47 51
44 49 19
45 48 42
45 49 34
46 47 19
46 48 75
46 49 45
47 48 89
47 49 41
48 49 74
