50 0.7 0 1 0.1 1225 858 13
0.619643 0.534151 7
0.928817 0.854188 9
0.34251 0.15702 9
0.985555 0.925045 10
0.254898 0.871068 3
0.99383 0.581033 10
0.763059 0.260024 10
0.816702 0.0390332 12
0.103763 0.327774 7
0.824215 0.452131 10
0.509208 0.70607 6
0.605016 0.544419 7
0.218361 3.70443e-05 10
0.252545 0.22566 8
0.50464 0.993945 5
0.670662 0.86015 7
0.177963 0.724821 3
0.434709 0.623951 5
0.86138 0.130647 12
0.22626 0.315109 7
0.0139849 0.23948 8
0.63023 0.413808 8
0.943466 0.500521 10
0.161153 0.829586 2
0.625052 0.0144651 11
0.805693 0.765043 8
0.50502 0.215208 9
0.340715 0.81536 4
0.413302 0.140651 9
0.314731 0.944459 3
0.798251 0.0173913 12
0.997151 0.723389 10
0.244979 0.787272 3
0.396389 0.822919 4
0.990638 0.71674 10
0.301445 0.380046 7
0.809226 0.1062 12
0.989668 0.836554 10
0.031748 0.995101 0
0.201344 0.663867 4
0.21422 0.147315 9
0.786171 0.250564 11
0.976546 0.0739494 13
0.969338 0.309846 12
0.744586 0.0275683 12
0.622049 0.32722 9
0.463468 0.0739864 10
0.449112 0.96018 4
0.86011 0.660302 9
0.871218 0.918962 8
0 1 44
0 2 47
0 3 54
0 4 50
0 5 38
0 6 31
0 7 53
0 8 56
0 9 22
0 10 20
0 11 2
0 12 67
0 13 48
0 14 47
0 15 33
0 16 48
0 17 21
0 18 47
0 19 45
0 20 67
0 21 12
0 22 33
0 23 55
0 24 52
0 25 30
0 26 34
0 27 40
0 28 44
0 29 51
0 30 55
0 31 42
0 32 45
0 33 37
0 34 41
0 35 35
0 36 47
0 37 48
0 38 75
0 39 44
0 40 56
0 41 33
0 42 58
0 43 42
0 44 52
0 45 21
0 46 49
0 47 46
0 48 27
0 49 46
1 2 91
1 3 9
1 4 67
1 5 28
1 6 62
1 7 82
1 8 98
1 9 42
1 10 44
1 11 45
1 12 111
1 13 92
1 14 45
1 15 26
1 16 76
1 17 55
1 18 73
1 19 89
1 20 110
1 21 53
1 22 35
1 23 77
1 24 89
1 25 15
1 26 77
1 27 59
1 28 88
1 29 62
1 30 85
1 31 15
1 32 69
1 33 53
1 34 15
1 35 79
1 36 76
1 37 6
1 38 91
1 39 75
1 40 101
1 41 62
1 42 78
1 43 55
1 44 85
1 45 61
1 46 91
1 47 49
1 48 21
1 49 9
2 3 100
2 4 72
2 5 78
2 6 43
2 7 49
2 8 29
2 9 56
2 10 57
2 11 47
2 12 20
2 13 11
2 14 85
2 15 78
2 16 59
2 17 48
2 18 52
2 19 20
2 20 34
2 21 39
2 22 69
2 23 70
2 24 32
2 25 76
2 26 17
2 27 66
2 28 7
2 29 79
2 30 48
2 31 87
2 32 64
2 33 67
2 34 86
2 35 23
2 36 47
2 37 94
2 38 89
2 39 53
2 40 13
2 41 45
2 42 64
2 43 65
2 44 42
2 45 33
2 46 15
2 47 81
2 48 72
2 49 93
3 4 73
3 5 34
3 6 70
3 7 90
3 8 107
3 9 50
3 10 52
3 11 54
3 12 120
3 13 101
3 14 49
3 15 32
3 16 83
3 17 63
3 18 80
3 19 97
3 20 119
3 21 62
3 22 43
3 23 83
3 24 98
3 25 24
3 26 86
3 27 65
3 28 97
3 29 67
3 30 93
3 31 20
3 32 75
3 33 60
3 34 21
3 35 87
3 36 84
3 37 9
3 38 96
3 39 83
3 40 110
3 41 70
3 42 85
3 43 62
3 44 93
3 45 70
3 46 100
3 47 54
3 48 29
3 49 11
4 5 79
4 6 79
4 7 100
4 8 56
4 9 71
4 10 30
4 11 48
4 12 87
4 13 65
4 14 28
4 15 42
4 16 17
4 17 31
4 18 96
4 19 56
4 20 68
4 21 59
4 22 78
4 23 10
4 24 93
4 25 56
4 26 70
4 27 10
4 28 75
4 29 9
4 30 101
4 31 76
4 32 8
4 33 15
4 34 75
4 35 49
4 36 94
4 37 74
4 38 26
4 39 21
4 40 72
4 41 82
4 42 108
4 43 91
4 44 98
4 45 66
4 46 82
4 47 21
4 48 64
4 49 62
5 6 40
5 7 57
5 8 93
5 9 21
5 10 50
5 11 39
5 12 97
5 13 82
5 14 64
5 15 43
5 16 83
5 17 56
5 18 47
5 19 81
5 20 104
5 21 40
5 22 9
5 23 87
5 24 68
5 25 26
5 26 61
5 27 69
5 28 73
5 29 77
5 30 60
5 31 14
5 32 78
5 33 64
5 34 14
5 35 72
5 36 51
5 37 26
5 38 105
5 39 80
5 40 89
5 41 39
5 42 51
5 43 27
5 44 61
5 45 45
5 46 73
5 47 66
5 48 16
5 49 36
6 7 23
6 8 66
6 9 20
6 10 51
6 11 33
6 12 60
6 13 51
6 14 78
6 15 61
6 16 75
6 17 49
6 18 16
6 19 54
6 20 75
6 21 20
6 22 30
6 23 83
6 24 28
6 25 51
6 26 26
6 27 70
6 28 37
6 29 82
6 30 25
6 31 52
6 32 74
6 33 67
6 34 51
6 35 48
6 36 16
6 37 62
6 38 104
6 39 69
6 40 56
6 41 2
6 42 28
6 43 21
6 44 23
6 45 16
6 46 35
6 47 77
6 48 41
6 49 67
7 8 77
7 9 41
7 10 73
7 11 55
7 12 60
7 13 59
7 14 100
7 15 83
7 16 94
7 17 70
7 18 10
7 19 65
7 20 83
7 21 42
7 22 48
7 23 103
7 24 19
7 25 73
7 26 36
7 27 91
7 28 42
7 29 104
7 30 3
7 31 71
7 32 94
7 33 89
7 34 70
7 35 62
7 36 7
7 37 82
7 38 124
7 39 88
7 40 61
7 41 21
7 42 16
7 43 31
7 44 7
7 45 35
7 46 35
7 47 99
7 48 62
7 49 88
8 9 73
8 10 55
8 11 55
8 12 35
8 13 18
8 14 78
8 15 78
8 16 40
8 17 44
8 18 78
8 19 12
8 20 13
8 21 53
8 22 86
8 23 51
8 24 61
8 25 83
8 26 42
8 27 54
8 28 36
8 29 65
8 30 76
8 31 98
8 32 48
8 33 58
8 34 97
8 35 20
8 36 74
8 37 102
8 38 67
8 39 35
8 40 21
8 41 69
8 42 91
8 43 87
8 44 71
8 45 52
8 46 44
8 47 72
8 48 83
8 49 97
9 10 40
9 11 24
9 12 76
9 13 61
9 14 63
9 15 44
9 16 70
9 17 43
9 18 32
9 19 61
9 20 84
9 21 20
9 22 13
9 23 76
9 24 48
9 25 31
9 26 40
9 27 60
9 28 52
9 29 71
9 30 44
9 31 32
9 32 67
9 33 57
9 34 31
9 35 53
9 36 35
9 37 42
9 38 96
9 39 66
9 40 68
9 41 21
9 42 41
9 43 20
9 44 43
9 45 24
9 46 52
9 47 63
9 48 21
9 49 47
10 11 19
10 12 76
10 13 54
10 14 29
10 15 22
10 16 33
10 17 11
10 18 67
10 19 48
10 20 68
10 21 32
10 22 48
10 23 37
10 24 70
10 25 30
10 26 49
10 27 20
10 28 57
10 29 31
10 30 75
10 31 49
10 32 28
10 33 16
10 34 48
10 35 39
10 36 67
10 37 50
10 38 56
10 39 31
10 40 63
10 41 53
10 42 79
10 43 61
10 44 72
10 45 40
10 46 63
10 47 26
10 48 35
10 49 42
11 12 67
11 13 48
11 14 46
11 15 32
11 16 46
11 17 19
11 18 49
11 19 44
11 20 67
11 21 13
11 22 34
11 23 53
11 24 53
11 25 30
11 26 34
11 27 38
11 28 45
11 29 49
11 30 56
11 31 43
11 32 43
11 33 35
11 34 42
11 35 35
11 36 48
11 37 48
11 38 73
11 39 42
11 40 56
11 41 35
11 42 60
11 43 43
11 44 54
11 45 22
11 46 49
11 47 44
11 48 28
11 49 46
12 13 23
12 14 103
12 15 97
12 16 73
12 17 66
12 18 66
12 19 32
12 20 31
12 21 58
12 22 88
12 23 83
12 24 41
12 25 96
12 26 36
12 27 82
12 28 24
12 29 95
12 30 58
12 31 106
12 32 79
12 33 84
12 34 105
12 35 39
12 36 60
12 37 114
12 38 101
12 39 66
12 40 15
12 41 62
12 42 76
12 43 81
12 44 53
12 45 52
12 46 26
12 47 99
12 48 92
12 49 113
13 14 81
13 15 76
13 16 50
13 17 44
13 18 62
13 19 9
13 20 24
13 21 42
13 22 74
13 23 61
13 24 43
13 25 77
13 26 25
13 27 60
13 28 18
13 29 72
13 30 58
13 31 90
13 32 56
13 33 61
13 34 89
13 35 16
13 36 57
13 37 96
13 38 80
13 39 44
13 40 9
13 41 53
13 42 74
13 43 72
13 44 53
13 45 38
13 46 26
13 47 76
13 48 75
13 49 93
14 15 21
14 16 42
14 17 38
14 18 93
14 19 73
14 20 90
14 21 59
14 22 66
14 23 38
14 24 99
14 25 38
14 26 78
14 27 24
14 28 86
14 29 20
14 30 102
14 31 56
14 32 33
14 33 20
14 34 56
14 35 65
14 36 94
14 37 51
14 38 47
14 39 45
14 40 90
14 41 79
14 42 103
14 43 83
14 44 100
14 45 68
14 46 92
14 47 6
14 48 49
14 49 37
15 16 51
15 17 33
15 18 75
15 19 70
15 20 90
15 21 45
15 22 45
15 23 51
15 24 85
15 25 17
15 26 67
15 27 33
15 28 76
15 29 37
15 30 85
15 31 35
15 32 43
15 33 28
15 34 35
15 35 61
15 36 77
15 37 32
15 38 65
15 39 51
15 40 85
15 41 62
15 42 84
15 43 63
15 44 84
15 45 54
15 46 81
15 47 24
15 48 28
15 49 21
16 17 28
16 18 91
16 19 41
16 20 51
16 21 55
16 22 80
16 23 11
16 24 84
16 25 63
16 26 61
16 27 19
16 28 63
16 29 26
16 30 94
16 31 82
16 32 9
16 33 24
16 34 81
16 35 37
16 36 88
16 37 82
16 38 31
16 39 7
16 40 58
16 41 77
16 42 103
16 43 89
16 44 90
16 45 60
16 46 71
16 47 36
16 48 69
16 49 72
17 18 65
17 19 37
17 20 57
17 21 29
17 22 52
17 23 34
17 24 64
17 25 40
17 26 41
17 27 21
17 28 48
17 29 34
17 30 71
17 31 57
17 32 25
17 33 20
17 34 56
17 35 28
17 36 64
17 37 59
17 38 55
17 39 24
17 40 53
17 41 51
17 42 77
17 43 62
17 44 67
17 45 35
17 46 55
17 47 34
17 48 43
17 49 53
18 19 66
18 20 85
18 21 37
18 22 38
18 23 99
18 24 26
18 25 64
18 26 37
18 27 86
18 28 45
18 29 98
18 30 13
18 31 61
18 32 90
18 33 83
18 34 60
18 35 61
18 36 6
18 37 72
18 38 120
18 39 85
18 40 65
18 41 14
18 42 13
18 43 21
18 44 16
18 45 31
18 46 40
18 47 93
18 48 53
18 49 79
19 20 23
19 21 42
19 22 74
19 23 52
19 24 50
19 25 73
19 26 30
19 27 51
19 28 26
19 29 64
19 30 64
19 31 87
19 32 47
19 33 54
19 34 86
19 35 10
19 36 62
19 37 92
19 38 71
19 39 35
19 40 17
19 41 56
19 42 79
19 43 74
19 44 59
19 45 40
19 46 34
19 47 68
19 48 72
19 49 88
20 21 64
20 22 97
20 23 61
20 24 65
20 25 95
20 26 49
20 27 66
20 28 41
20 29 77
20 30 82
20 31 110
20 32 59
20 33 70
20 34 109
20 35 32
20 36 81
20 37 114
20 38 76
20 39 46
20 40 22
20 41 77
20 42 98
20 43 96
20 44 76
20 45 61
20 46 48
20 47 84
20 48 94
20 49 109
21 22 33
21 23 63
21 24 40
21 25 39
21 26 23
21 27 50
21 28 35
21 29 62
21 30 43
21 31 48
21 32 54
21 33 47
21 34 47
21 35 33
21 36 36
21 37 55
21 38 83
21 39 50
21 40 49
21 41 23
21 42 49
21 43 35
21 44 40
21 45 9
21 46 38
21 47 58
21 48 34
21 49 56
22 23 85
22 24 58
22 25 30
22 26 52
22 27 68
22 28 64
22 29 77
22 30 50
22 31 23
22 32 76
22 33 64
22 34 22
22 35 65
22 36 42
22 37 34
22 38 104
22 39 76
22 40 81
22 41 30
22 42 43
22 43 19
22 44 51
22 45 37
22 46 64
22 47 68
22 48 18
22 49 42
23 24 94
23 25 65
23 26 70
23 27 18
23 28 73
23 29 19
23 30 103
23 31 84
23 32 9
23 33 24
23 34 84
23 35 47
23 36 97
23 37 83
23 38 21
23 39 17
23 40 68
23 41 85
23 42 111
23 43 96
23 44 99
23 45 68
23 46 81
23 47 32
23 48 72
23 49 72
24 25 77
24 26 23
24 27 85
24 28 25
24 29 98
24 30 17
24 31 80
24 32 86
24 33 84
24 34 79
24 35 49
24 36 21
24 37 90
24 38 115
24 39 78
24 40 43
24 41 29
24 42 36
24 43 45
24 44 12
24 45 31
24 46 17
24 47 96
24 48 69
24 49 94
25 26 63
25 27 47
25 28 74
25 29 52
25 30 75
25 31 20
25 32 56
25 33 41
25 34 19
25 35 63
25 36 66
25 37 20
25 38 81
25 39 61
25 40 86
25 41 51
25 42 71
25 43 48
25 44 74
25 45 47
25 46 77
25 47 41
25 48 12
25 49 17
26 27 62
26 28 12
26 29 75
26 30 35
26 31 71
26 32 63
26 33 62
26 34 70
26 35 26
26 36 32
26 37 79
26 38 91
26 39 54
26 40 30
26 41 28
26 42 49
26 43 47
26 44 30
26 45 16
26 46 15
26 47 75
26 48 57
26 49 79
27 28 68
27 29 13
27 30 92
27 31 66
27 32 10
27 33 6
27 34 66
27 35 44
27 36 85
27 37 65
27 38 36
27 39 21
27 40 68
27 41 72
27 42 98
27 43 81
27 44 89
27 45 56
27 46 75
27 47 18
27 48 54
27 49 54
28 29 81
28 30 40
28 31 82
28 32 67
28 33 68
28 34 82
28 35 26
28 36 40
28 37 90
28 38 94
28 39 56
28 40 20
28 41 39
28 42 57
28 43 58
28 44 35
28 45 28
28 46 8
28 47 82
28 48 69
28 49 90
29 30 105
29 31 72
29 32 17
29 33 15
29 34 71
29 35 56
29 36 97
29 37 68
29 38 29
29 39 30
29 40 80
29 41 84
29 42 109
29 43 91
29 44 101
29 45 69
29 46 88
29 47 14
29 48 61
29 49 56
30 31 73
30 32 95
30 33 90
30 34 73
30 35 62
30 36 9
30 37 84
30 38 124
30 39 88
30 40 60
30 41 23
30 42 19
30 43 34
30 44 5
30 45 36
30 46 34
30 47 101
30 48 65
30 49 90
31 32 75
31 33 61
31 34 1
31 35 78
31 36 65
31 37 11
31 38 100
31 39 80
31 40 97
31 41 52
31 42 65
31 43 41
31 44 74
31 45 55
31 46 84
31 47 60
31 48 15
31 49 23
32 33 16
32 34 75
32 35 41
32 36 88
32 37 75
32 38 30
32 39 13
32 40 64
32 41 76
32 42 102
32 43 87
32 44 91
32 45 59
32 46 75
32 47 27
32 48 63
32 49 64
33 34 60
33 35 45
33 36 83
33 37 59
33 38 40
33 39 25
33 40 70
33 41 69
33 42 95
33 43 77
33 44 87
33 45 54
33 46 75
33 47 15
33 48 49
33 49 48
34 35 77
34 36 64
34 37 12
34 38 100
34 39 79
34 40 96
34 41 51
34 42 64
34 43 41
34 44 73
34 45 54
34 46 83
34 47 59
34 48 14
34 49 23
35 36 58
35 37 83
35 38 67
35 39 30
35 40 25
35 41 50
35 42 74
35 43 67
35 44 57
35 45 32
35 46 35
35 47 60
35 48 63
35 49 78
36 37 75
36 38 118
36 39 82
36 40 60
36 41 15
36 42 17
36 43 26
36 44 10
36 45 29
36 46 35
36 47 93
36 48 56
36 49 82
37 38 97
37 39 81
37 40 104
37 41 62
37 42 76
37 43 53
37 44 85
37 45 63
37 46 93
37 47 55
37 48 22
37 49 14
38 39 37
38 40 87
38 41 106
38 42 132
38 43 116
38 44 120
38 45 89
38 46 102
38 47 42
38 48 89
38 49 84
39 40 52
39 41 72
39 42 97
39 43 85
39 44 84
39 45 54
39 46 65
39 47 39
39 48 66
39 49 72
40 41 58
40 42 77
40 43 77
40 44 54
40 45 45
40 46 26
40 47 85
40 48 82
40 49 101
41 42 26
41 43 19
41 44 23
41 45 18
41 46 37
41 47 79
41 48 42
41 49 67
42 43 24
42 44 24
42 45 44
42 46 51
42 47 103
42 48 60
42 49 85
43 44 36
43 45 35
43 46 56
43 47 83
43 48 37
43 49 62
44 45 32
44 46 28
44 47 98
44 48 64
44 49 90
45 46 30
45 47 66
45 48 41
45 49 64
46 47 89
46 48 71
46 49 94
47 48 51
47 49 42
48 49 26
0 1 44
0 3 54
0 4 50
0 5 38
0 6 31
0 8 56
0 9 22
0 11 2
0 12 67
0 13 48
0 14 47
0 15 33
0 16 48
0 17 21
0 18 47
0 19 45
0 20 67
0 21 12
0 22 33
0 25 30
0 28 44
0 29 51
0 31 42
0 32 45
0 33 37
0 35 35
0 38 75
0 40 56
0 43 42
0 44 52
0 45 21
0 46 49
0 47 46
0 48 27
0 49 46
1 2 91
1 3 9
1 4 67
1 7 82
1 8 98
1 9 42
1 12 111
1 13 92
1 14 45
1 16 76
1 17 55
1 18 73
1 19 89
1 21 53
1 22 35
1 23 77
1 24 89
1 25 15
1 26 77
1 27 59
1 29 62
1 32 69
1 33 53
1 36 76
1 38 91
1 39 75
1 41 62
1 42 78
1 43 55
1 45 61
1 46 91
1 47 49
1 48 21
1 49 9
2 4 72
2 5 78
2 6 43
2 7 49
2 8 29
2 9 56
2 11 47
2 12 20
2 13 11
2 14 85
2 15 78
2 17 48
2 18 52
2 23 70
2 24 32
2 25 76
2 26 17
2 29 79
2 30 48
2 32 64
2 34 86
2 36 47
2 37 94
2 38 89
2 40 13
2 41 45
2 42 64
2 43 65
2 44 42
2 46 15
2 47 81
2 48 72
2 49 93
3 4 73
3 6 70
3 7 90
3 8 107
3 9 50
3 10 52
3 11 54
3 12 120
3 13 101
3 14 49
3 16 83
3 18 80
3 19 97
3 20 119
3 21 62
3 22 43
3 23 83
3 24 98
3 25 24
3 26 86
3 27 65
3 28 97
3 29 67
3 30 93
3 32 75
3 34 21
3 35 87
3 36 84
3 37 9
3 38 96
3 39 83
3 40 110
3 41 70
3 44 93
3 48 29
3 49 11
4 5 79
4 7 100
4 9 71
4 10 30
4 11 48
4 13 65
4 14 28
4 15 42
4 16 17
4 17 31
4 19 56
4 21 59
4 22 78
4 23 10
4 24 93
4 25 56
4 27 10
4 28 75
4 30 101
4 32 8
4 33 15
4 34 75
4 35 49
4 36 94
4 37 74
4 38 26
4 39 21
4 40 72
4 41 82
4 42 108
4 43 91
4 44 98
4 45 66
4 46 82
4 47 21
4 49 62
5 6 40
5 7 57
5 10 50
5 11 39
5 14 64
5 15 43
5 16 83
5 18 47
5 22 9
5 24 68
5 26 61
5 27 69
5 28 73
5 29 77
5 30 60
5 31 14
5 32 78
5 33 64
5 34 14
5 35 72
5 36 51
5 37 26
5 38 105
5 39 80
5 40 89
5 43 27
5 45 45
5 46 73
5 47 66
5 48 16
5 49 36
6 8 66
6 17 49
6 18 16
6 19 54
6 20 75
6 21 20
6 22 30
6 25 51
6 27 70
6 28 37
6 30 25
6 31 52
6 33 67
6 34 51
6 36 16
6 38 104
6 39 69
6 40 56
6 41 2
6 42 28
6 43 21
6 44 23
6 46 35
6 47 77
6 48 41
6 49 67
7 8 77
7 9 41
7 11 55
7 13 59
7 14 100
7 16 94
7 17 70
7 18 10
7 19 65
7 20 83
7 21 42
7 23 103
7 25 73
7 27 91
7 28 42
7 29 104
7 31 71
7 32 94
7 35 62
7 36 7
7 37 82
7 38 124
7 39 88
7 40 61
7 41 21
7 42 16
7 43 31
7 44 7
7 45 35
7 46 35
7 48 62
8 9 73
8 11 55
8 12 35
8 14 78
8 15 78
8 16 40
8 17 44
8 18 78
8 21 53
8 24 61
8 27 54
8 28 36
8 30 76
8 31 98
8 35 20
8 36 74
8 37 102
8 38 67
8 39 35
8 41 69
8 42 91
8 43 87
8 44 71
8 46 44
8 48 83
8 49 97
9 10 40
9 11 24
9 12 76
9 13 61
9 14 63
9 15 44
9 17 43
9 18 32
9 19 61
9 20 84
9 21 20
9 23 76
9 24 48
9 26 40
9 27 60
9 28 52
9 29 71
9 30 44
9 31 32
9 32 67
9 36 35
9 37 42
9 38 96
9 41 21
9 42 41
9 43 20
9 46 52
9 47 63
9 49 47
10 11 19
10 12 76
10 17 11
10 19 48
10 20 68
10 24 70
10 25 30
10 26 49
10 27 20
10 28 57
10 29 31
10 30 75
10 33 16
10 36 67
10 37 50
10 38 56
10 41 53
10 42 79
10 43 61
10 45 40
10 47 26
10 48 35
10 49 42
11 14 46
11 16 46
11 17 19
11 18 49
11 19 44
11 20 67
11 21 13
11 22 34
11 25 30
11 26 34
11 29 49
11 31 43
11 33 35
11 34 42
11 36 48
11 37 48
11 38 73
11 39 42
11 40 56
11 41 35
11 43 43
11 44 54
11 45 22
11 47 44
11 48 28
12 13 23
12 14 103
12 16 73
12 17 66
12 18 66
12 19 32
12 20 31
12 21 58
12 22 88
12 23 83
12 24 41
12 25 96
12 27 82
12 28 24
12 29 95
12 32 79
12 33 84
12 34 105
12 35 39
12 36 60
12 39 66
12 42 76
12 43 81
12 44 53
12 45 52
12 46 26
12 47 99
12 48 92
12 49 113
13 14 81
13 15 76
13 16 50
13 18 62
13 20 24
13 21 42
13 22 74
13 23 61
13 24 43
13 25 77
13 26 25
13 27 60
13 29 72
13 30 58
13 31 90
13 33 61
13 35 16
13 36 57
13 41 53
13 42 74
13 43 72
13 44 53
13 45 38
13 46 26
13 47 76
14 15 21
14 16 42
14 17 38
14 19 73
14 20 90
14 21 59
14 23 38
14 24 99
14 25 38
14 26 78
14 27 24
14 28 86
14 31 56
14 33 20
14 34 56
14 36 94
14 38 47
14 39 45
14 40 90
14 41 79
14 42 103
14 43 83
14 45 68
14 46 92
14 49 37
15 17 33
15 18 75
15 19 70
15 20 90
15 21 45
15 23 51
15 24 85
15 25 17
15 26 67
15 27 33
15 31 35
15 32 43
15 33 28
15 35 61
15 36 77
15 38 65
15 39 51
15 40 85
15 41 62
15 42 84
15 43 63
15 44 84
15 46 81
15 47 24
15 48 28
15 49 21
16 17 28
16 18 91
16 19 41
16 20 51
16 21 55
16 22 80
16 23 11
16 24 84
16 25 63
16 26 61
16 27 19
16 32 9
16 33 24
16 34 81
16 36 88
16 38 31
16 39 7
16 40 58
16 42 103
16 43 89
16 45 60
16 46 71
16 47 36
16 49 72
17 18 65
17 19 37
17 20 57
17 21 29
17 22 52
17 23 34
17 24 64
17 25 40
17 26 41
17 27 21
17 30 71
17 32 25
17 33 20
17 34 56
17 37 59
17 38 55
17 39 24
17 42 77
17 43 62
17 44 67
17 47 34
17 48 43
17 49 53
18 19 66
18 20 85
18 21 37
18 23 99
18 24 26
18 25 64
18 26 37
18 27 86
18 29 98
18 30 13
18 31 61
18 32 90
18 33 83
18 35 61
18 37 72
18 38 120
18 39 85
18 40 65
18 41 14
18 42 13
18 44 16
18 47 93
18 48 53
18 49 79
19 21 42
19 24 50
19 25 73
19 27 51
19 28 26
19 30 64
19 31 87
19 33 54
19 34 86
19 35 10
19 36 62
19 38 71
19 41 56
19 42 79
19 46 34
19 47 68
19 48 72
19 49 88
20 21 64
20 22 97
20 25 95
20 27 66
20 32 59
20 35 32
20 37 114
20 38 76
20 39 46
20 40 22
20 41 77
20 42 98
20 46 48
20 48 94
21 22 33
21 23 63
21 25 39
21 26 23
21 27 50
21 28 35
21 29 62
21 30 43
21 31 48
21 32 54
21 33 47
21 35 33
21 36 36
21 37 55
21 38 83
21 41 23
21 42 49
21 45 9
21 46 38
21 47 58
21 48 34
21 49 56
22 23 85
22 24 58
22 25 30
22 26 52
22 27 68
22 29 77
22 30 50
22 31 23
22 35 65
22 36 42
22 38 104
22 40 81
22 41 30
22 42 43
22 44 51
22 47 68
22 48 18
23 24 94
23 25 65
23 26 70
23 27 18
23 28 73
23 30 103
23 31 84
23 32 9
23 34 84
23 35 47
23 37 83
23 40 68
23 41 85
23 42 111
23 46 81
23 47 32
24 25 77
24 26 23
24 27 85
24 28 25
24 29 98
24 30 17
24 31 80
24 33 84
24 34 79
24 35 49
24 37 90
24 39 78
24 41 29
24 42 36
24 43 45
24 46 17
24 47 96
24 48 69
25 26 63
25 27 47
25 29 52
25 30 75
25 32 56
25 34 19
25 35 63
25 37 20
25 38 81
25 41 51
25 42 71
25 44 74
25 45 47
25 46 77
25 49 17
26 28 12
26 29 75
26 31 71
26 35 26
26 36 32
26 38 91
26 40 30
26 41 28
26 42 49
26 43 47
26 44 30
26 46 15
26 47 75
26 48 57
26 49 79
27 28 68
27 30 92
27 31 66
27 32 10
27 35 44
27 36 85
27 37 65
27 39 21
27 41 72
27 42 98
27 43 81
27 44 89
27 45 56
27 48 54
27 49 54
28 29 81
28 30 40
28 31 82
28 32 67
28 33 68
28 34 82
28 35 26
28 37 90
28 38 94
28 40 20
28 42 57
28 43 58
28 44 35
28 45 28
28 46 8
28 48 69
29 32 17
29 34 71
29 35 56
29 36 97
29 37 68
29 39 30
29 40 80
29 41 84
29 42 109
29 43 91
29 44 101
29 45 69
29 46 88
29 48 61
29 49 56
30 31 73
30 37 84
30 38 124
30 39 88
30 40 60
30 41 23
30 42 19
30 43 34
30 44 5
30 45 36
30 49 90
31 32 75
31 33 61
31 34 1
31 35 78
31 36 65
31 37 11
31 38 100
31 40 97
31 41 52
31 42 65
31 43 41
31 44 74
31 45 55
31 47 60
31 48 15
32 35 41
32 36 88
32 37 75
32 38 30
32 39 13
32 40 64
32 41 76
32 42 102
32 43 87
32 44 91
32 45 59
32 48 63
32 49 64
33 34 60
33 35 45
33 39 25
33 40 70
33 41 69
33 42 95
33 43 77
33 45 54
33 46 75
33 48 49
34 36 64
34 37 12
34 38 100
34 39 79
34 40 96
34 41 51
34 44 73
34 45 54
34 47 59
34 49 23
35 36 58
35 40 25
35 41 50
35 42 74
35 43 67
35 44 57
35 45 32
35 46 35
35 47 60
35 48 63
35 49 78
36 37 75
36 38 118
36 39 82
36 40 60
36 41 15
36 43 26
36 45 29
36 46 35
36 47 93
36 48 56
36 49 82
37 41 62
37 42 76
37 43 53
37 44 85
37 45 63
37 46 93
37 47 55
37 49 14
38 39 37
38 43 116
38 45 89
38 46 102
38 47 42
38 48 89
39 40 52
39 41 72
39 42 97
39 43 85
39 44 84
39 45 54
39 46 65
39 47 39
39 49 72
40 41 58
40 42 77
40 45 45
40 47 85
40 48 82
40 49 101
41 42 26
41 43 19
41 44 23
41 45 18
41 48 42
41 49 67
42 43 24
42 44 24
42 45 44
42 47 103
42 49 85
43 46 56
43 48 37
43 49 62
44 46 28
44 47 98
44 48 64
44 49 90
45 46 30
45 48 41
45 49 64
46 47 89
46 49 94
47 48 51
47 49 42
48 49 26
