10 0.3 10 1 1 45 14 7
0.631679 0.302225 45
0.35198 0.623823 59
0.938196 0.632646 0
0.766866 0.149952 51
0.449019 0.76706 51
0.731159 0.177395 50
0.38104 0.858981 60
0.266336 0.126801 84
0.175732 0.73153 77
0.219605 0.411228 75
0 1 43
0 2 45
0 3 20
0 4 50
0 5 16
0 6 61
0 7 41
0 8 63
0 9 43
1 2 59
1 3 63
1 4 17
1 5 59
1 6 24
1 7 50
1 8 21
1 9 25
2 3 51
2 4 51
2 5 50
2 6 60
2 7 84
2 8 77
2 9 75
3 4 69
3 5 5
3 6 81
3 7 50
3 8 83
3 9 61
4 5 65
4 6 11
4 7 67
4 8 28
4 9 42
5 6 77
5 7 47
5 8 78
5 9 56
6 7 74
6 8 24
6 9 48
7 8 61
7 9 29
8 9 32
0 2 45
0 4 50
0 5 16
1 5 59
1 8 21
2 3 51
2 4 51
2 5 50
3 7 50
3 9 61
4 7 67
6 8 24
6 9 48
8 9 32
