20 190 57 2 11
0.165438 0.698189 46
0.349637 0.87765 44
0.340124 0.097411 47
0.0948137 0.986472 68
0.89856 0.355229 35
0.168862 0.0469694 61
0.756592 0.454921 18
0.858063 0.703257 34
0.0640068 0.782231 59
0.38947 0.674271 25
0.0285879 0.739808 60
0.23356 0.634387 37
0.177089 0.683688 44
0.951809 0.794668 47
0.506797 0.181854 33
0.0758048 0.217458 58
0.579092 0.504452 0
0.522901 0.0600324 45
0.492124 0.838389 35
0.716853 0.175431 36
0 1 26
0 2 63
0 3 30
0 4 81
0 5 65
0 6 64
0 7 69
0 8 13
0 9 23
0 10 14
0 11 9
0 12 2
0 13 79
0 14 62
0 15 49
0 16 46
0 17 73
0 18 36
0 19 76
1 2 78
1 3 28
1 4 76
1 5 85
1 6 59
1 7 54
1 8 30
1 9 21
1 10 35
1 11 27
1 12 26
1 13 61
1 14 71
1 15 71
1 16 44
1 17 84
1 18 15
1 19 79
2 3 92
2 4 62
2 5 18
2 6 55
2 7 80
2 8 74
2 9 58
2 10 71
2 11 55
2 12 61
2 13 93
2 14 19
2 15 29
2 16 47
2 17 19
2 18 76
2 19 38
3 4 102
3 5 94
3 6 85
3 7 81
3 8 21
3 9 43
3 10 26
3 11 38
3 12 31
3 13 88
3 14 90
3 15 77
3 16 68
3 17 102
3 18 42
3 19 102
4 5 79
4 6 17
4 7 35
4 8 94
4 9 60
4 10 95
4 11 72
4 12 79
4 13 44
4 14 43
4 15 83
4 16 35
4 17 48
4 18 63
4 19 26
5 6 72
5 7 95
5 8 74
5 9 66
5 10 71
5 11 59
5 12 64
5 13 108
5 14 36
5 15 19
5 16 61
5 17 35
5 18 85
5 19 56
6 7 27
6 8 77
6 9 43
6 10 78
6 11 55
6 12 62
6 13 39
6 14 37
6 15 72
6 16 18
6 17 46
6 18 47
6 19 28
7 8 80
7 9 47
7 10 83
7 11 63
7 12 68
7 13 13
7 14 63
7 15 92
7 16 34
7 17 73
7 18 39
7 19 55
8 9 34
8 10 6
8 11 22
8 12 15
8 13 89
8 14 75
8 15 56
8 16 59
8 17 86
8 18 43
8 19 89
9 10 37
9 11 16
9 12 21
9 13 58
9 14 51
9 15 55
9 16 25
9 17 63
9 18 19
9 19 60
10 11 23
10 12 16
10 13 92
10 14 73
10 15 52
10 16 60
10 17 84
10 18 47
10 19 89
11 12 7
11 13 74
11 14 53
11 15 45
11 16 37
11 17 64
11 18 33
11 19 67
12 13 78
12 14 60
12 15 48
12 16 44
12 17 71
12 18 35
12 19 74
13 14 76
13 15 105
13 16 47
13 17 85
13 18 46
13 19 66
14 15 43
14 16 33
14 17 12
14 18 66
14 19 21
15 16 58
15 17 47
15 18 75
15 19 64
16 17 45
16 18 35
16 19 36
17 18 78
17 19 23
18 19 70
0 11 9
0 12 2
0 15 49
0 16 46
0 18 36
1 5 85
1 6 59
1 9 21
1 12 26
1 16 44
1 17 84
1 18 15
2 3 92
2 4 62
2 5 18
2 6 55
2 7 80
3 4 102
3 7 81
3 9 43
3 13 88
3 14 90
4 7 35
4 13 44
4 15 83
4 16 35
4 17 48
5 8 74
5 9 66
5 12 64
5 15 19
5 18 85
6 12 62
6 17 46
7 8 80
7 10 83
8 12 15
8 13 89
8 19 89
9 13 58
9 18 19
10 12 16
10 13 92
10 18 47
10 19 89
11 12 7
11 13 74
11 17 64
11 18 33
12 14 60
12 15 48
13 19 66
14 15 43
16 9 25
16 18 35
16 19 36
18 19 70
