50 0.3 5 0 1 1225 368 45
0.793709 0.174246 49
0.437316 0.671612 14
0.815384 0.356304 39
0.692253 0.90058 43
0.519829 0.988878 46
0.0835918 0.28224 46
0.214383 0.141761 46
0.233743 0.98031 50
0.769883 0.425758 32
0.127654 0.188226 48
0.744287 0.680873 32
0.899161 0.899752 57
0.912438 0.702867 48
0.284183 0.886225 40
0.849325 0.76008 45
0.142485 0.100809 54
0.261894 0.637151 23
0.6242 0.865008 37
0.883621 0.845239 52
0.683706 0.725547 29
0.197084 0.176932 45
0.073206 0.980969 60
0.0694759 0.146106 55
0.370464 0.594424 11
0.692574 0.254509 36
0.651331 0.46879 20
0.874171 0.717031 45
0.169769 0.614753 31
0.655995 0.347414 27
0.37307 0.267763 28
0.869707 0.930106 57
0.465911 0.532276 0
0.365986 0.787942 27
0.560027 0.862876 34
0.697697 0.141128 45
0.930109 0.45915 47
0.908435 0.175453 57
0.248095 0.481905 22
0.638506 0.917481 42
0.970115 0.690684 53
0.432023 0.683077 15
0.58052 0.0975987 45
0.128001 0.32048 40
0.715304 0.982444 51
0.384768 0.942182 42
0.218193 0.899225 44
0.0568148 0.136242 57
0.158287 0.021925 60
0.809926 0.131097 53
0.017479 0.328621 49
0 1 61
0 2 18
0 3 73
0 4 86
0 5 72
0 6 58
0 7 98
0 8 25
0 9 67
0 10 51
0 11 73
0 12 54
0 13 88
0 14 59
0 15 66
0 16 71
0 17 71
0 18 68
0 19 56
0 20 60
0 21 108
0 22 72
0 23 60
0 24 13
0 25 33
0 26 55
0 27 76
0 28 22
0 29 43
0 30 76
0 31 49
0 32 75
0 33 73
0 34 10
0 35 32
0 36 11
0 37 63
0 38 76
0 39 55
0 40 62
0 41 23
0 42 68
0 43 81
0 44 87
0 45 93
0 46 74
0 47 65
0 48 5
0 49 79
1 2 49
1 3 34
1 4 33
1 5 53
1 6 57
1 7 37
1 8 41
1 9 57
1 10 31
1 11 52
1 12 48
1 13 26
1 14 42
1 15 64
1 16 18
1 17 27
1 18 48
1 19 25
1 20 55
1 21 48
1 22 64
1 23 10
1 24 49
1 25 29
1 26 44
1 27 27
1 28 39
1 29 41
1 30 50
1 31 14
1 32 14
1 33 23
1 34 59
1 35 54
1 36 68
1 37 27
1 38 32
1 39 53
1 40 1
1 41 59
1 42 47
1 43 42
1 44 28
1 45 32
1 46 66
1 47 71
1 48 66
1 49 54
2 3 56
2 4 70
2 5 74
2 6 64
2 7 85
2 8 8
2 9 71
2 10 33
2 11 55
2 12 36
2 13 75
2 14 41
2 15 72
2 16 62
2 17 54
2 18 49
2 19 39
2 20 64
2 21 97
2 22 77
2 23 50
2 24 16
2 25 20
2 26 37
2 27 70
2 28 16
2 29 45
2 30 58
2 31 39
2 32 62
2 33 57
2 34 25
2 35 15
2 36 20
2 37 58
2 38 59
2 39 37
2 40 50
2 41 35
2 42 69
2 43 63
2 44 73
2 45 81
2 46 79
2 47 74
2 48 23
2 49 80
3 4 19
3 5 87
3 6 90
3 7 47
3 8 48
3 9 91
3 10 23
3 11 21
3 12 30
3 13 41
3 14 21
3 15 97
3 16 50
3 17 8
3 18 20
3 19 18
3 20 88
3 21 62
3 22 98
3 23 44
3 24 65
3 25 43
3 26 26
3 27 60
3 28 55
3 29 71
3 30 18
3 31 43
3 32 35
3 33 14
3 34 76
3 35 50
3 36 76
3 37 61
3 38 6
3 39 35
3 40 34
3 41 81
3 42 81
3 43 9
3 44 31
3 45 47
3 46 99
3 47 103
3 48 78
3 49 88
4 5 83
4 6 90
4 7 29
4 8 62
4 9 89
4 10 38
4 11 39
4 12 49
4 13 26
4 14 40
4 15 96
4 16 44
4 17 16
4 18 39
4 19 31
4 20 87
4 21 45
4 22 96
4 23 42
4 24 75
4 25 54
4 26 45
4 27 51
4 28 66
4 29 74
4 30 35
4 31 46
4 32 25
4 33 13
4 34 87
4 35 67
4 36 90
4 37 58
4 38 14
4 39 54
4 40 32
4 41 89
4 42 77
4 43 20
4 44 14
4 45 31
4 46 97
4 47 103
4 48 91
4 49 83
5 6 19
5 7 71
5 8 70
5 9 10
5 10 77
5 11 102
5 12 93
5 13 64
5 14 90
5 15 19
5 16 40
5 17 79
5 18 98
5 19 75
5 20 15
5 21 70
5 22 14
5 23 42
5 24 61
5 25 60
5 26 90
5 27 34
5 28 58
5 29 29
5 30 102
5 31 46
5 32 58
5 33 75
5 34 63
5 35 86
5 36 83
5 37 26
5 38 84
5 39 98
5 40 53
5 41 53
5 42 6
5 43 94
5 44 73
5 45 63
5 46 15
5 47 27
5 48 74
5 49 8
6 7 84
6 8 62
6 9 10
6 10 76
6 11 102
6 12 90
6 13 75
6 14 89
6 15 8
6 16 50
6 17 83
6 18 97
6 19 75
6 20 4
6 21 85
6 22 14
6 23 48
6 24 49
6 25 55
6 26 88
6 27 48
6 28 49
6 29 20
6 30 103
6 31 46
6 32 66
6 33 80
6 34 48
6 35 78
6 36 69
6 37 34
6 38 88
6 39 93
6 40 58
6 41 37
6 42 20
6 43 98
6 44 82
6 45 76
6 46 16
6 47 13
6 48 60
6 49 27
7 8 77
7 9 80
7 10 59
7 11 67
7 12 73
7 13 11
7 14 65
7 15 88
7 16 34
7 17 41
7 18 66
7 19 52
7 20 80
7 21 16
7 22 85
7 23 41
7 24 86
7 25 66
7 26 69
7 27 37
7 28 76
7 29 73
7 30 64
7 31 50
7 32 23
7 33 35
7 34 96
7 35 87
7 36 105
7 37 50
7 38 41
7 39 79
7 40 36
7 41 95
7 42 67
7 43 48
7 44 16
7 45 8
7 46 86
7 47 96
7 48 103
7 49 69
8 9 68
8 10 26
8 11 49
8 12 31
8 13 67
8 14 34
8 15 71
8 16 55
8 17 46
8 18 43
8 19 31
8 20 62
8 21 89
8 22 75
8 23 43
8 24 19
8 25 13
8 26 31
8 27 63
8 28 14
8 29 43
8 30 51
8 31 32
8 32 54
8 33 48
8 34 29
8 35 16
8 36 29
8 37 52
8 38 51
8 39 33
8 40 42
8 41 38
8 42 65
8 43 56
8 44 64
8 45 73
8 46 77
8 47 73
8 48 30
8 49 76
9 10 79
9 11 105
9 12 94
9 13 72
9 14 92
9 15 9
9 16 47
9 17 84
9 18 100
9 19 77
9 20 7
9 21 79
9 22 7
9 23 47
9 24 57
9 25 59
9 26 91
9 27 43
9 28 55
9 29 26
9 30 105
9 31 48
9 32 65
9 33 80
9 34 57
9 35 85
9 36 78
9 37 32
9 38 89
9 39 98
9 40 58
9 41 46
9 42 13
9 43 99
9 44 80
9 45 72
9 46 9
9 47 17
9 48 68
9 49 18
10 11 27
10 12 17
10 13 50
10 14 13
10 15 84
10 16 48
10 17 22
10 18 22
10 19 8
10 20 74
10 21 74
10 22 86
10 23 38
10 24 43
10 25 23
10 26 13
10 27 58
10 28 34
10 29 56
10 30 28
10 31 32
10 32 39
10 33 26
10 34 54
10 35 29
10 36 53
10 37 53
10 38 26
10 39 23
10 40 31
10 41 61
10 42 71
10 43 30
10 44 44
10 45 57
10 46 88
10 47 88
10 48 55
10 49 81
11 12 20
11 13 62
11 14 15
11 15 110
11 16 69
11 17 28
11 18 6
11 19 28
11 20 101
11 21 83
11 22 112
11 23 61
11 24 68
11 25 50
11 26 18
11 27 78
11 28 60
11 29 82
11 30 4
11 31 57
11 32 54
11 33 34
11 34 78
11 35 44
11 36 72
11 37 77
11 38 26
11 39 22
11 40 51
11 41 86
11 42 96
11 43 20
11 44 52
11 45 68
11 46 114
11 47 115
11 48 77
11 49 105
12 13 65
12 14 9
12 15 98
12 16 65
12 17 33
12 18 15
12 19 23
12 20 89
12 21 88
12 22 101
12 23 55
12 24 50
12 25 35
12 26 4
12 27 75
12 28 44
12 29 69
12 30 23
12 31 48
12 32 55
12 33 39
12 34 60
12 35 24
12 36 53
12 37 70
12 38 35
12 39 6
12 40 48
12 41 69
12 42 87
12 43 34
12 44 58
12 45 72
12 46 103
12 47 102
12 48 58
12 49 97
13 14 58
13 15 80
13 16 25
13 17 34
13 18 60
13 19 43
13 20 71
13 21 23
13 22 77
13 23 30
13 24 75
13 25 56
13 26 61
13 27 29
13 28 65
13 29 62
13 30 59
13 31 40
13 32 13
13 33 28
13 34 85
13 35 77
13 36 95
13 37 41
13 38 36
13 39 71
13 40 25
13 41 84
13 42 59
13 43 44
13 44 12
13 45 7
13 46 78
13 47 87
13 48 92
13 49 62
14 15 97
14 16 60
14 17 25
14 18 9
14 19 17
14 20 87
14 21 81
14 22 99
14 23 51
14 24 53
14 25 35
14 26 5
14 27 69
14 28 46
14 29 68
14 30 17
14 31 45
14 32 48
14 33 31
14 34 64
14 35 31
14 36 59
14 37 66
14 38 26
14 39 14
14 40 42
14 41 71
14 42 84
14 43 26
14 44 50
14 45 65
14 46 101
14 47 101
14 48 63
14 49 94
15 16 55
15 17 90
15 18 105
15 19 83
15 20 9
15 21 88
15 22 9
15 23 54
15 24 57
15 25 63
15 26 96
15 27 51
15 28 57
15 29 28
15 30 110
15 31 54
15 32 72
15 33 87
15 34 56
15 35 87
15 36 77
15 37 40
15 38 96
15 39 102
15 40 65
15 41 44
15 42 22
15 43 105
15 44 88
15 45 80
15 46 9
15 47 8
15 48 67
15 49 26
16 17 43
16 18 66
16 19 43
16 20 46
16 21 39
16 22 53
16 23 12
16 24 58
16 25 42
16 26 62
16 27 9
16 28 49
16 29 39
16 30 67
16 31 23
16 32 18
16 33 37
16 34 66
16 35 69
16 36 79
16 37 16
16 38 47
16 39 71
16 40 18
16 41 63
16 42 34
16 43 57
16 44 33
16 45 27
16 46 54
16 47 62
16 48 75
16 49 39
17 18 26
17 19 15
17 20 81
17 21 56
17 22 91
17 23 37
17 24 61
17 25 40
17 26 29
17 27 52
17 28 52
17 29 65
17 30 25
17 31 37
17 32 27
17 33 6
17 34 73
17 35 51
17 36 75
17 37 54
17 38 5
17 39 39
17 40 26
17 41 77
17 42 74
17 43 15
17 44 25
17 45 41
17 46 92
17 47 96
17 48 76
17 49 81
18 19 23
18 20 96
18 21 82
18 22 107
18 23 57
18 24 62
18 25 44
18 26 13
18 27 75
18 28 55
18 29 77
18 30 9
18 31 52
18 32 52
18 33 32
18 34 73
18 35 39
18 36 67
18 37 73
18 38 26
18 39 18
18 40 48
18 41 81
18 42 92
18 43 22
18 44 51
18 45 67
18 46 109
18 47 110
18 48 72
18 49 101
19 20 73
19 21 66
19 22 84
19 23 34
19 24 47
19 25 26
19 26 19
19 27 53
19 28 38
19 29 55
19 30 28
19 31 29
19 32 32
19 33 18
19 34 58
19 35 36
19 36 59
19 37 50
19 38 20
19 39 29
19 40 26
19 41 64
19 42 69
19 43 26
19 44 37
19 45 50
19 46 86
19 47 88
19 48 61
19 49 78
20 21 81
20 22 13
20 23 45
20 24 50
20 25 54
20 26 87
20 27 44
20 28 49
20 29 20
20 30 101
20 31 45
20 32 63
20 33 78
20 34 50
20 35 79
20 36 71
20 37 31
20 38 86
20 39 93
20 40 56
20 41 39
20 42 16
20 43 96
20 44 79
20 45 72
20 46 15
20 47 16
20 48 61
20 49 24
21 22 83
21 23 49
21 24 95
21 25 77
21 26 84
21 27 38
21 28 86
21 29 77
21 30 80
21 31 60
21 32 35
21 33 50
21 34 105
21 35 100
21 36 116
21 37 53
21 38 57
21 39 94
21 40 47
21 41 102
21 42 66
21 43 64
21 44 31
21 45 17
21 46 84
21 47 96
21 48 112
21 49 65
22 23 54
22 24 63
22 25 67
22 26 99
22 27 48
22 28 62
22 29 33
22 30 112
22 31 55
22 32 71
22 33 87
22 34 63
22 35 92
22 36 84
22 37 38
22 38 96
22 39 105
22 40 65
22 41 51
22 42 18
22 43 106
22 44 86
22 45 77
22 46 2
22 47 15
22 48 74
22 49 19
23 24 47
23 25 31
23 26 52
23 27 20
23 28 38
23 29 33
23 30 60
23 31 11
23 32 19
23 33 33
23 34 56
23 35 58
23 36 68
23 37 17
23 38 42
23 39 61
23 40 11
23 41 54
23 42 37
23 43 52
23 44 35
23 45 34
23 46 56
23 47 61
23 48 64
23 49 44
24 25 22
24 26 50
24 27 63
24 28 10
24 29 32
24 30 70
24 31 36
24 32 63
24 33 62
24 34 11
24 35 31
24 36 23
24 37 50
24 38 67
24 39 52
24 40 50
24 41 19
24 42 57
24 43 73
24 44 75
24 45 80
24 46 65
24 47 58
24 48 17
24 49 68
25 26 33
25 27 50
25 28 12
25 29 34
25 30 51
25 31 20
25 32 43
25 33 40
25 34 33
25 35 28
25 36 39
25 37 40
25 38 45
25 39 39
25 40 31
25 41 38
25 42 54
25 43 52
25 44 54
25 45 61
25 46 68
25 47 67
25 48 37
25 49 65
26 27 71
26 28 43
26 29 67
26 30 21
26 31 45
26 32 51
26 33 35
26 34 60
26 35 26
26 36 54
26 37 67
26 38 31
26 39 10
26 40 44
26 41 69
26 42 84
26 43 31
26 44 54
26 45 68
26 46 100
26 47 100
26 48 59
26 49 94
27 28 55
27 29 40
27 30 77
27 31 31
27 32 26
27 33 46
27 34 71
27 35 78
27 36 86
27 37 15
27 38 56
27 39 80
27 40 27
27 41 66
27 42 30
27 43 66
27 44 39
27 45 29
27 46 49
27 47 59
27 48 80
27 49 32
28 29 29
28 30 62
28 31 27
28 32 53
28 33 52
28 34 21
28 35 30
28 36 31
28 37 43
28 38 57
28 39 47
28 40 40
28 41 26
28 42 53
28 43 64
28 44 65
28 45 70
28 46 64
28 47 59
28 48 27
28 49 64
29 30 83
29 31 28
29 32 52
29 33 62
29 34 35
29 35 59
29 36 54
29 37 25
29 38 70
29 39 73
29 40 42
29 41 27
29 42 25
29 43 79
29 44 67
29 45 65
29 46 34
29 47 33
29 48 46
29 49 36
30 31 57
30 32 52
30 33 32
30 34 81
30 35 47
30 36 76
30 37 77
30 38 23
30 39 26
30 40 50
30 41 88
30 42 96
30 43 16
30 44 49
30 45 65
30 46 114
30 47 115
30 48 80
30 49 104
31 32 27
31 33 34
31 34 45
31 35 47
31 36 57
31 37 22
31 38 42
31 39 53
31 40 15
31 41 45
31 42 40
31 43 51
31 44 42
31 45 44
31 46 57
31 47 60
31 48 53
31 49 49
32 33 21
32 34 73
32 35 65
32 36 82
32 37 33
32 38 30
32 39 61
32 40 12
32 41 72
32 42 52
32 43 40
32 44 16
32 45 19
32 46 72
32 47 79
32 48 79
32 49 58
33 34 73
33 35 55
33 36 77
33 37 49
33 38 10
33 39 44
33 40 22
33 41 77
33 42 69
33 43 20
33 44 19
33 45 34
33 46 88
33 47 93
33 48 77
33 49 76
34 35 39
34 36 21
34 37 56
34 38 78
34 39 61
34 40 60
34 41 13
34 42 60
34 43 84
34 44 86
34 45 90
34 46 64
34 47 55
34 48 11
34 49 71
35 36 28
35 37 68
35 38 54
35 39 23
35 40 55
35 41 50
35 42 81
35 43 57
35 44 73
35 45 84
35 46 93
35 47 89
35 48 35
35 49 92
36 37 73
36 38 79
36 39 52
36 40 70
36 41 34
36 42 79
36 43 83
36 44 93
36 45 100
36 46 85
36 47 77
36 48 11
36 49 90
37 38 58
37 39 75
37 40 27
37 41 51
37 42 20
37 43 68
37 44 48
37 45 42
37 46 40
37 47 47
37 48 66
37 49 28
38 39 40
38 40 31
38 41 82
38 42 79
38 43 10
38 44 25
38 45 42
38 46 97
38 47 102
38 48 80
38 49 86
39 40 54
39 41 71
39 42 92
39 43 39
39 44 64
39 45 78
39 46 107
39 47 105
39 48 58
39 49 102
40 41 60
40 42 47
40 43 41
40 44 26
40 45 30
40 46 66
40 47 72
40 48 67
40 49 55
41 42 50
41 43 90
41 44 87
41 45 88
41 46 53
41 47 43
41 48 23
41 49 61
42 43 88
42 44 67
42 45 59
42 46 20
42 47 30
42 48 71
42 49 11
43 44 33
43 45 50
43 46 107
43 47 111
43 48 86
43 49 96
44 45 17
44 46 87
44 47 95
44 48 92
44 49 72
45 46 78
45 47 88
45 48 97
45 49 60
46 47 15
46 48 75
46 49 20
47 48 66
47 49 34
48 49 82
0 4 86
0 5 72
0 7 98
0 16 71
0 21 108
0 25 33
0 26 55
0 29 43
0 37 63
0 47 65
0 49 79
1 2 49
1 5 53
1 6 57
1 8 41
1 9 57
1 10 31
1 29 41
1 33 23
1 34 59
1 37 27
1 40 1
1 41 59
1 47 71
1 48 66
2 4 70
2 5 74
2 6 64
2 7 85
2 11 55
2 14 41
2 15 72
2 19 39
2 23 50
2 24 16
2 28 16
2 36 20
2 38 59
2 42 69
3 4 19
3 8 48
3 12 30
3 16 50
3 19 18
3 21 62
3 23 44
3 27 60
3 29 71
3 36 76
3 37 61
3 39 35
3 40 34
3 41 81
3 42 81
3 45 47
3 48 78
3 49 88
4 6 90
4 7 29
4 12 49
4 13 26
4 14 40
4 16 44
4 27 51
4 30 35
4 32 25
4 34 87
4 38 14
4 40 32
4 48 91
5 6 19
5 7 71
5 11 102
5 18 98
5 20 15
5 26 90
5 27 34
5 36 83
5 37 26
5 39 98
5 41 53
5 42 6
5 46 15
6 9 10
6 10 76
6 11 102
6 12 90
6 14 89
6 19 75
6 23 48
6 27 48
6 28 49
6 31 46
6 32 66
6 33 80
6 34 48
6 36 69
6 38 88
6 39 93
6 49 27
7 8 77
7 12 73
7 18 66
7 21 16
7 22 85
7 39 79
7 41 95
7 42 67
7 48 103
8 16 55
8 17 46
8 27 63
8 28 14
8 29 43
8 32 54
8 35 16
8 36 29
8 38 51
8 39 33
8 41 38
8 42 65
8 43 56
9 11 105
9 14 92
9 17 84
9 20 7
9 21 79
9 24 57
9 25 59
9 27 43
9 29 26
9 33 80
9 35 85
9 39 98
9 41 46
9 45 72
10 13 50
10 19 8
10 22 86
10 24 43
10 30 28
10 36 53
10 39 23
10 44 44
10 45 57
10 47 88
11 24 68
11 29 82
11 30 4
11 37 77
11 40 51
11 43 20
11 45 68
11 47 115
11 48 77
11 49 105
12 14 9
12 17 33
12 18 15
12 19 23
12 20 89
12 26 4
12 27 75
12 28 44
12 31 48
12 36 53
12 46 103
13 17 34
13 26 61
13 31 40
13 32 13
13 33 28
13 38 36
13 39 71
13 41 84
13 47 87
13 48 92
14 19 17
14 20 87
14 22 99
14 25 35
14 27 69
14 29 68
14 34 64
14 35 31
14 37 66
14 38 26
14 41 71
14 44 50
14 47 101
15 19 83
15 23 54
15 28 57
15 29 28
15 30 110
15 31 54
15 36 77
15 39 102
15 40 65
15 42 22
15 43 105
15 47 8
16 18 66
16 23 12
16 24 58
16 27 9
16 30 67
16 34 66
16 38 47
16 39 71
16 41 63
16 44 33
16 45 27
16 47 62
17 18 26
17 23 37
17 25 40
17 28 52
17 31 37
17 35 51
17 36 75
17 40 26
17 45 41
17 46 92
17 47 96
18 20 96
18 23 57
18 25 44
18 30 9
18 41 81
19 20 73
19 21 66
19 33 18
19 34 58
19 37 50
19 41 64
19 42 69
19 43 26
19 44 37
19 45 50
20 26 87
20 37 31
20 40 56
20 43 96
20 46 15
20 48 61
21 24 95
21 25 77
21 30 80
21 31 60
21 32 35
21 34 105
21 36 116
21 42 66
21 43 64
21 48 112
22 25 67
22 27 48
22 29 33
22 30 112
22 34 63
22 42 18
22 45 77
22 47 15
23 29 33
23 31 11
23 32 19
23 36 68
23 37 17
23 42 37
23 44 35
23 46 56
24 26 50
24 27 63
24 28 10
24 32 63
24 35 31
24 36 23
24 40 50
24 41 19
24 43 73
24 48 17
25 29 34
25 33 40
25 35 28
25 38 45
25 40 31
25 45 61
25 46 68
26 28 43
26 35 26
26 39 10
26 47 100
26 49 94
27 29 40
27 33 46
27 34 71
27 36 86
27 39 80
27 40 27
27 45 29
27 49 32
28 30 62
28 41 26
28 46 64
29 36 54
29 44 67
30 33 32
30 34 81
30 40 50
30 41 88
31 33 34
31 36 57
31 44 42
31 45 44
31 46 57
31 48 53
32 35 65
32 38 30
32 41 72
32 44 16
32 45 19
33 34 73
33 40 22
33 44 19
33 45 34
33 46 88
33 47 93
34 37 56
34 42 60
34 43 84
34 44 86
34 47 55
34 48 11
35 36 28
35 42 81
35 43 57
35 45 84
35 48 35
36 39 52
36 44 93
36 46 85
36 47 77
36 48 11
37 40 27
37 41 51
37 49 28
38 40 31
38 43 10
38 45 42
39 40 54
39 46 107
40 41 60
40 48 67
40 49 55
41 43 90
41 44 87
41 49 61
42 44 67
42 46 20
42 49 11
43 45 50
43 49 96
44 46 87
44 47 95
45 48 97
45 49 60
47 48 66
