10 0.5 20 1 1 45 23 7
0.46258 0.129998 48
0.805448 0.934702 104
0.942959 0.278307 94
0.202996 0.179801 22
0.717827 0.0725286 74
0.786437 0.708317 90
0.78268 0.888101 99
0.420891 0.53857 50
0.604307 0.745167 77
0.00194788 0.273581 0
0 1 87
0 2 50
0 3 26
0 4 26
0 5 66
0 6 82
0 7 41
0 8 63
0 9 48
1 2 67
1 3 97
1 4 87
1 5 23
1 6 5
1 7 55
1 8 28
1 9 104
2 3 75
2 4 31
2 5 46
2 6 63
2 7 58
2 8 58
2 9 94
3 4 53
3 5 79
3 6 92
3 7 42
3 8 69
3 9 22
4 5 64
4 6 82
4 7 55
4 8 68
4 9 74
5 6 18
5 7 40
5 8 19
5 9 90
6 7 50
6 8 23
6 9 99
7 8 28
7 9 50
8 9 77
0 2 50
0 3 26
0 6 82
0 7 41
1 4 87
1 5 23
1 6 5
1 7 55
1 8 28
2 8 58
2 9 94
3 4 53
3 7 42
3 9 22
4 5 64
4 6 82
4 8 68
4 9 74
5 6 18
5 7 40
5 8 19
6 7 50
8 9 77
