20 0.3 0 0 0.1 190 57 9
0.1272 0.428501 5
0.628825 0.0736719 6
0.55288 0.626513 0
0.867073 0.827454 4
0.346596 0.358496 3
0.965994 0.800557 4
0.947177 0.11656 6
0.795554 0.250023 4
0.342816 0.0525776 6
0.888034 0.416502 4
0.161016 0.905011 5
0.610902 0.124548 5
0.985773 0.464702 5
0.0935277 0.273002 6
0.120583 0.939672 5
0.558179 0.851889 2
0.390668 0.0981773 6
0.848353 0.3868 4
0.62798 0.884471 3
0.714146 0.313358 4
0 1 61
0 2 47
0 3 84
0 4 23
0 5 92
0 6 88
0 7 69
0 8 43
0 9 76
0 10 48
0 11 57
0 12 86
0 13 16
0 14 51
0 15 60
0 16 42
0 17 72
0 18 68
0 19 60
1 2 56
1 3 79
1 4 40
1 5 80
1 6 32
1 7 24
1 8 29
1 9 43
1 10 95
1 11 5
1 12 53
1 13 57
1 14 100
1 15 78
1 16 24
1 17 38
1 18 81
1 19 25
2 3 37
2 4 34
2 5 45
2 6 64
2 7 45
2 8 61
2 9 40
2 10 48
2 11 51
2 12 46
2 13 58
2 14 53
2 15 23
2 16 55
2 17 38
2 18 27
2 19 35
3 4 70
3 5 10
3 6 72
3 7 58
3 8 94
3 9 41
3 10 71
3 11 75
3 12 38
3 13 95
3 14 75
3 15 31
3 16 87
3 17 44
3 18 25
3 19 54
4 5 76
4 6 65
4 7 46
4 8 31
4 9 54
4 10 58
4 11 35
4 12 65
4 13 27
4 14 62
4 15 54
4 16 26
4 17 50
4 18 60
4 19 37
5 6 68
5 7 58
5 8 97
5 9 39
5 10 81
5 11 76
5 12 34
5 13 102
5 14 86
5 15 41
5 16 91
5 17 43
5 18 35
5 19 55
6 7 20
6 8 61
6 9 31
6 10 111
6 11 34
6 12 35
6 13 87
6 14 117
6 15 83
6 16 56
6 17 29
6 18 83
6 19 31
7 8 49
7 9 19
7 10 91
7 11 22
7 12 29
7 13 70
7 14 96
7 15 65
7 16 43
7 17 15
7 18 66
7 19 10
8 9 66
8 10 87
8 11 28
8 12 76
8 13 33
8 14 91
8 15 83
8 16 7
8 17 61
8 18 88
8 19 45
9 10 88
9 11 40
9 12 11
9 13 81
9 14 93
9 15 55
9 16 59
9 17 5
9 18 54
9 19 20
10 11 90
10 12 93
10 13 64
10 14 5
10 15 40
10 16 84
10 17 86
10 18 47
10 19 81
11 12 51
11 13 54
11 14 95
11 15 73
11 16 22
11 17 35
11 18 76
11 19 22
12 13 91
12 14 99
12 15 58
12 16 70
12 17 16
12 18 55
12 19 31
13 14 67
13 15 74
13 16 34
13 17 76
13 18 81
13 19 62
14 15 45
14 16 88
14 17 91
14 18 51
14 19 86
15 16 77
15 17 55
15 18 8
15 19 56
16 17 54
16 18 82
16 19 39
17 18 54
17 19 15
18 19 58
0 1 61
0 4 23
0 6 88
0 10 48
0 12 86
0 17 72
1 2 56
1 5 80
1 15 78
1 18 81
2 7 45
2 8 61
2 9 40
2 13 58
2 14 53
2 15 23
2 17 38
2 19 35
3 5 10
3 7 58
3 15 31
3 16 87
4 7 46
4 9 54
4 10 58
4 14 62
5 6 68
5 9 39
5 14 86
5 17 43
5 19 55
6 8 61
6 11 34
6 15 83
7 8 49
7 19 10
8 12 76
8 13 33
8 15 83
8 19 45
9 10 88
10 14 5
11 13 54
11 14 95
11 16 22
12 17 16
12 19 31
13 16 34
13 19 62
14 15 45
15 16 77
15 17 55
15 18 8
15 19 56
16 17 54
16 18 82
18 19 58
