10 45 31 0 5
0.889953 0.99803 0
0.43322 0.322446 82
0.351642 0.377337 82
0.342405 0.974158 55
0.0496012 0.759245 87
0.786071 0.37282 63
0.0445375 0.785213 87
0.460948 0.919758 44
0.727688 0.123353 89
0.934979 0.101897 90
0 1 82
0 2 82
0 3 55
0 4 87
0 5 63
0 6 87
0 7 44
0 8 89
0 9 90
1 2 10
1 3 66
1 4 58
1 5 36
1 6 60
1 7 60
1 8 36
1 9 55
2 3 60
2 4 49
2 5 43
2 6 51
2 7 55
2 8 45
2 9 65
3 4 36
3 5 75
3 6 35
3 7 13
3 8 93
3 9 105
4 5 83
4 6 3
4 7 44
4 8 93
4 9 110
5 6 85
5 7 64
5 8 26
5 9 31
6 7 44
6 8 95
6 9 112
7 8 84
7 9 95
8 9 21
0 1 82
0 2 82
0 3 55
0 4 87
0 6 87
0 7 44
0 8 89
0 9 90
1 3 66
1 4 58
1 6 60
1 7 60
2 3 60
2 4 49
2 5 43
2 7 55
2 9 65
3 4 36
3 5 75
3 7 13
3 9 105
4 5 83
4 7 44
4 8 93
4 9 110
5 7 64
6 7 44
6 9 112
7 8 84
7 9 95
9 3 105
