20 0.3 10 0 0.1 190 57 17
0.0164069 0.320836 5
0.3416 0.929037 3
0.265329 0.698064 2
0.622348 0.98901 4
0.00999199 0.985231 6
0.320532 0.679451 1
0.288915 0.830817 2
0.424288 0.621542 0
0.59348 0.718179 2
0.25942 0.707877 2
0.847193 0.396461 5
0.590589 0.391062 3
0.289215 0.721557 2
0.839088 0.320722 5
0.0678876 0.596492 4
0.442701 0.80936 2
0.972803 0.0730088 8
0.272725 0.865372 3
0.796912 0.566206 4
0.036263 0.869736 5
0 1 69
0 2 45
0 3 90
0 4 66
0 5 47
0 6 58
0 7 51
0 8 70
0 9 46
0 10 83
0 11 58
0 12 48
0 13 82
0 14 28
0 15 65
0 16 99
0 17 60
0 18 82
0 19 55
1 2 24
1 3 29
1 4 34
1 5 25
1 6 11
1 7 32
1 8 33
1 9 24
1 10 73
1 11 59
1 12 21
1 13 79
1 14 43
1 15 16
1 16 106
1 17 9
1 18 58
1 19 31
2 3 46
2 4 38
2 5 6
2 6 13
2 7 18
2 8 33
2 9 1
2 10 66
2 11 45
2 12 3
2 13 69
2 14 22
2 15 21
2 16 94
2 17 17
2 18 55
2 19 29
3 4 61
3 5 43
3 6 37
3 7 42
3 8 27
3 9 46
3 10 63
3 11 60
3 12 43
3 13 70
3 14 68
3 15 25
3 16 98
3 17 37
3 18 46
3 19 60
4 5 44
4 6 32
4 7 55
4 8 64
4 9 37
4 10 102
4 11 83
4 12 38
4 13 106
4 14 39
4 15 47
4 16 133
4 17 29
4 18 89
4 19 12
5 6 15
5 7 12
5 8 28
5 9 7
5 10 60
5 11 40
5 12 5
5 13 63
5 14 27
5 15 18
5 16 89
5 17 19
5 18 49
5 19 34
6 7 25
6 8 32
6 9 13
6 10 71
6 11 53
6 12 11
6 13 75
6 14 32
6 15 16
6 16 102
6 17 4
6 18 57
6 19 26
7 8 19
7 9 19
7 10 48
7 11 28
7 12 17
7 13 51
7 14 36
7 15 19
7 16 78
7 17 29
7 18 38
7 19 46
8 9 33
8 10 41
8 11 33
8 12 30
8 13 47
8 14 54
8 15 18
8 16 75
8 17 35
8 18 25
8 19 58
9 10 67
9 11 46
9 12 3
9 13 70
9 14 22
9 15 21
9 16 95
9 17 16
9 18 56
9 19 28
10 11 26
10 12 65
10 13 8
10 14 80
10 15 58
10 16 35
10 17 74
10 18 18
10 19 94
11 12 45
11 13 26
11 14 56
11 15 44
11 16 50
11 17 57
11 18 27
11 19 73
12 13 68
12 14 25
12 15 18
12 16 94
12 17 14
12 18 53
12 19 29
13 14 82
13 15 63
13 16 28
13 17 79
13 18 25
13 19 97
14 15 43
14 16 105
14 17 34
14 18 73
14 19 28
15 16 91
15 17 18
15 18 43
15 19 41
16 17 106
16 18 52
16 19 123
17 18 60
17 19 24
18 19 82
0 1 69
0 2 45
0 5 47
0 9 46
0 11 58
1 4 34
1 5 25
1 9 24
1 12 21
1 16 106
1 19 31
2 12 3
2 15 21
2 16 94
2 18 55
3 5 43
3 6 37
3 10 63
3 12 43
3 13 70
3 16 98
4 5 44
4 6 32
4 7 55
4 9 37
4 13 106
4 17 29
5 7 12
5 12 5
5 14 27
6 7 25
6 8 32
6 9 13
6 11 53
6 12 11
6 16 102
7 8 19
7 11 28
7 16 78
7 19 46
8 14 54
8 15 18
9 13 70
10 13 8
10 19 94
11 12 45
11 16 50
12 17 14
12 19 29
13 17 79
14 19 28
15 18 43
15 19 41
16 18 52
17 18 60
17 19 24
18 19 82
