10 0.5 0 0 0.1 45 23 0
0.673159 0.289839 3
0.838466 0.869813 4
0.35739 0.620615 2
0.66023 0.409258 2
0.371172 0.730001 2
0.528638 0.557365 0
0.778628 0.293732 4
0.0166161 0.768086 6
0.34592 0.132664 5
0.416461 0.613351 1
0 1 60
0 2 46
0 3 12
0 4 53
0 5 30
0 6 11
0 7 81
0 8 36
0 9 41
1 2 54
1 3 49
1 4 49
1 5 44
1 6 58
1 7 83
1 8 89
1 9 49
2 3 37
2 4 11
2 5 18
2 6 53
2 7 37
2 8 49
2 9 6
3 4 43
3 5 20
3 6 17
3 7 74
3 8 42
3 9 32
4 5 23
4 6 60
4 7 36
4 8 60
4 9 13
5 6 36
5 7 55
5 8 46
5 9 13
6 7 90
6 8 46
6 9 48
7 8 72
7 9 43
8 9 49
0 1 60
0 2 46
0 6 11
0 9 41
1 3 49
1 5 44
1 6 58
1 8 89
1 9 49
2 3 37
2 5 18
2 9 6
3 5 20
3 8 42
3 9 32
4 6 60
4 7 36
4 9 13
5 7 55
6 8 46
6 9 48
7 8 72
8 9 49
