100 0.3 20 0 1 4950 1485 62
0.389997 0.245947 31
0.782869 0.753859 35
0.184768 0.529401 33
0.462299 0.158308 38
0.967333 0.179281 58
0.121623 0.504783 39
0.738496 0.213845 39
0.600572 0.0997303 45
0.942259 0.27481 50
0.93435 0.187548 55
0.689794 0.781926 30
0.844998 0.767256 41
0.930256 0.589676 42
0.977898 0.115344 63
0.00584295 0.466593 51
0.601243 0.547249 9
0.493229 0.874976 34
0.358493 0.813463 32
0.149154 0.341531 41
0.57698 0.274598 27
0.763313 0.47605 26
0.604371 0.871189 35
0.512101 0.535924 0
0.11542 0.18168 53
0.734231 0.966887 48
0.877159 0.629884 38
0.761326 0.0580982 54
0.768364 0.220046 41
0.651613 0.641468 17
0.35762 0.708612 23
0.183867 0.0543043 58
0.915566 0.582547 41
0.874564 0.549499 36
0.0084064 0.500474 50
0.310376 0.656346 23
0.168614 0.563684 34
0.329413 0.216098 37
0.728437 0.455522 23
0.863041 0.0384877 61
0.828472 0.20045 46
0.0702339 0.0559427 65
0.715106 0.317062 30
0.407265 0.15892 39
0.313346 0.113181 47
0.742295 0.979676 50
0.682144 0.497659 17
0.408041 0.929973 41
0.575419 0.907831 38
0.245511 0.223235 41
0.288593 0.153161 44
0.687056 0.466018 19
0.770617 0.803912 37
0.797665 0.00907257 60
0.0978988 0.113186 59
0.000263953 0.03974 71
0.35368 0.0863531 48
0.406179 0.299636 26
0.949341 0.0873441 63
0.960651 0.42436 46
0.582364 0.101824 44
0.898678 0.0988863 58
0.716843 0.247702 35
0.138789 0.214126 49
0.609079 0.302053 25
0.586546 0.801026 28
0.497184 0.0709654 47
0.900926 0.348828 43
0.200572 0.681349 34
0.808914 0.511414 30
0.0717926 0.281217 51
0.288023 0.776898 33
0.595092 0.485015 10
0.975803 0.832111 55
0.694215 0.858515 37
0.110759 0.130668 57
0.874036 0.0858641 58
0.208079 0.73451 36
0.975147 0.643701 48
0.849933 0.179817 49
0.695534 0.0266514 54
0.562748 0.921585 39
0.0937302 0.678582 44
0.275455 0.482525 24
0.898845 0.931217 55
0.0411698 0.36602 50
0.739565 0.0910216 50
0.356237 0.502398 16
0.768209 0.465935 27
0.671202 0.609341 18
0.630797 0.588904 13
0.598616 0.645567 14
0.623543 0.920887 40
0.613632 0.833892 31
0.404992 0.808323 29
0.664464 0.504994 16
0.608043 0.912674 39
0.249106 0.970236 51
0.872824 0.933053 54
0.635551 0.355377 22
0.719299 0.602607 22
0 1 64
0 2 35
0 3 11
0 4 58
0 5 37
0 6 35
0 7 26
0 8 55
0 9 55
0 10 61
0 11 69
0 12 64
0 13 60
0 14 44
0 15 37
0 16 64
0 17 57
0 18 26
0 19 19
0 20 44
0 21 66
0 22 31
0 23 28
0 24 80
0 25 62
0 26 42
0 27 38
0 28 47
0 29 46
0 30 28
0 31 62
0 32 57
0 33 46
0 34 42
0 35 39
0 36 7
0 37 40
0 38 52
0 39 44
0 40 37
0 41 33
0 42 9
0 43 15
0 44 81
0 45 39
0 46 68
0 47 69
0 48 15
0 49 14
0 50 37
0 51 68
0 52 47
0 53 32
0 54 44
0 55 16
0 56 6
0 57 58
0 58 60
0 59 24
0 60 53
0 61 33
0 62 25
0 63 23
0 64 59
0 65 21
0 66 52
0 67 47
0 68 50
0 69 32
0 70 54
0 71 31
0 72 83
0 73 68
0 74 30
0 75 51
0 76 52
0 77 71
0 78 46
0 79 38
0 80 70
0 81 52
0 82 26
0 83 85
0 84 37
0 85 38
0 86 26
0 87 44
0 88 46
0 89 42
0 90 45
0 91 71
0 92 63
0 93 56
0 94 38
0 95 70
0 96 74
0 97 84
0 98 27
0 99 49
1 2 64
1 3 68
1 4 60
1 5 71
1 6 54
1 7 68
1 8 50
1 9 59
1 10 10
1 11 6
1 12 22
1 13 67
1 14 83
1 15 28
1 16 31
1 17 43
1 18 76
1 19 52
1 20 28
1 21 21
1 22 35
1 23 88
1 24 22
1 25 16
1 26 70
1 27 53
1 28 17
1 29 43
1 30 92
1 31 22
1 32 22
1 33 81
1 34 48
1 35 64
1 36 70
1 37 30
1 38 72
1 39 56
1 40 100
1 41 44
1 42 70
1 43 79
1 44 23
1 45 28
1 46 41
1 47 26
1 48 76
1 49 78
1 50 30
1 51 5
1 52 74
1 53 94
1 54 106
1 55 79
1 56 59
1 57 69
1 58 37
1 59 68
1 60 67
1 61 51
1 62 84
1 63 48
1 64 20
1 65 74
1 66 42
1 67 59
1 68 24
1 69 85
1 70 50
1 71 33
1 72 21
1 73 14
1 74 92
1 75 67
1 76 58
1 77 22
1 78 58
1 79 73
1 80 28
1 81 69
1 82 58
1 83 21
1 84 84
1 85 66
1 86 50
1 87 29
1 88 18
1 89 22
1 90 21
1 91 23
1 92 19
1 93 38
1 94 28
1 95 24
1 96 58
1 97 20
1 98 42
1 99 16
2 3 46
2 4 86
2 5 7
2 6 64
2 7 60
2 8 80
2 9 82
2 10 56
2 11 70
2 12 75
2 13 89
2 14 19
2 15 42
2 16 46
2 17 33
2 18 19
2 19 47
2 20 58
2 21 54
2 22 33
2 23 35
2 24 70
2 25 70
2 26 74
2 27 66
2 28 48
2 29 25
2 30 48
2 31 73
2 32 69
2 33 18
2 34 18
2 35 4
2 36 35
2 37 55
2 38 84
2 39 72
2 40 49
2 41 57
2 42 43
2 43 44
2 44 72
2 45 50
2 46 46
2 47 54
2 48 31
2 49 39
2 50 51
2 51 65
2 52 80
2 53 43
2 54 52
2 55 47
2 56 32
2 57 88
2 58 78
2 59 58
2 60 83
2 61 60
2 62 32
2 63 48
2 64 48
2 65 55
2 66 74
2 67 15
2 68 62
2 69 27
2 70 27
2 71 41
2 72 85
2 73 61
2 74 41
2 75 82
2 76 21
2 77 80
2 78 75
2 79 72
2 80 54
2 81 17
2 82 10
2 83 82
2 84 22
2 85 71
2 86 17
2 87 59
2 88 49
2 89 45
2 90 43
2 91 59
2 92 53
2 93 36
2 94 48
2 95 57
2 96 45
2 97 80
2 98 48
2 99 54
3 4 51
3 5 49
3 6 28
3 7 15
3 8 49
3 9 47
3 10 66
3 11 72
3 12 64
3 13 52
3 14 55
3 15 41
3 16 72
3 17 66
3 18 36
3 19 16
3 20 44
3 21 73
3 22 38
3 23 35
3 24 85
3 25 63
3 26 32
3 27 31
3 28 52
3 29 56
3 30 30
3 31 62
3 32 57
3 33 57
3 34 52
3 35 50
3 36 14
3 37 40
3 38 42
3 39 37
3 40 41
3 41 30
3 42 6
3 43 16
3 44 87
3 45 40
3 46 77
3 47 76
3 48 23
3 49 17
3 50 38
3 51 72
3 52 37
3 53 37
3 54 48
3 55 13
3 56 15
3 57 49
3 58 56
3 59 13
3 60 44
3 61 27
3 62 33
3 63 21
3 64 65
3 65 9
3 66 48
3 67 58
3 68 49
3 69 41
3 70 64
3 71 35
3 72 85
3 73 74
3 74 35
3 75 42
3 76 63
3 77 71
3 78 39
3 79 27
3 80 77
3 81 64
3 82 37
3 83 89
3 84 47
3 85 29
3 86 36
3 87 43
3 88 50
3 89 46
3 90 51
3 91 78
3 92 69
3 93 65
3 94 40
3 95 77
3 96 84
3 97 88
3 98 26
3 99 51
4 5 91
4 6 23
4 7 38
4 8 10
4 9 3
4 10 66
4 11 60
4 12 41
4 13 6
4 14 100
4 15 52
4 16 84
4 17 88
4 18 83
4 19 40
4 20 36
4 21 78
4 22 58
4 23 85
4 24 82
4 25 46
4 26 24
4 27 20
4 28 56
4 29 81
4 30 79
4 31 41
4 32 38
4 33 101
4 34 81
4 35 89
4 36 64
4 37 37
4 38 18
4 39 14
4 40 91
4 41 29
4 42 56
4 43 66
4 44 83
4 45 43
4 46 94
4 47 83
4 48 72
4 49 68
4 50 40
4 51 65
4 52 24
4 53 87
4 54 98
4 55 62
4 56 57
4 57 9
4 58 25
4 59 39
4 60 11
4 61 26
4 62 83
4 63 38
4 64 73
4 65 48
4 66 18
4 67 92
4 68 37
4 69 90
4 70 90
4 71 48
4 72 65
4 73 73
4 74 86
4 75 13
4 76 94
4 77 46
4 78 12
4 79 31
4 80 85
4 81 101
4 82 76
4 83 76
4 84 94
4 85 24
4 86 69
4 87 35
4 88 52
4 89 53
4 90 59
4 91 82
4 92 74
4 93 84
4 94 44
4 95 82
4 96 107
4 97 76
4 98 38
4 99 49
5 6 68
5 7 63
5 8 85
5 9 87
5 10 63
5 11 77
5 12 81
5 13 94
5 14 12
5 15 48
5 16 52
5 17 39
5 18 17
5 19 51
5 20 64
5 21 61
5 22 39
5 23 32
5 24 77
5 25 77
5 26 78
5 27 71
5 28 55
5 29 31
5 30 45
5 31 80
5 32 75
5 33 11
5 34 24
5 35 8
5 36 36
5 37 61
5 38 88
5 39 77
5 40 45
5 41 62
5 42 45
5 43 44
5 44 78
5 45 56
5 46 51
5 47 61
5 48 31
5 49 39
5 50 57
5 51 71
5 52 84
5 53 39
5 54 48
5 55 48
5 56 35
5 57 93
5 58 84
5 59 61
5 60 88
5 61 65
5 62 29
5 63 53
5 64 55
5 65 57
5 66 79
5 67 19
5 68 69
5 69 23
5 70 32
5 71 47
5 72 91
5 73 67
5 74 37
5 75 86
5 76 25
5 77 86
5 78 80
5 79 75
5 80 61
5 81 18
5 82 16
5 83 89
5 84 16
5 85 74
5 86 23
5 87 65
5 88 56
5 89 52
5 90 50
5 91 65
5 92 59
5 93 42
5 94 54
5 95 63
5 96 48
5 97 86
5 98 54
5 99 61
6 7 18
6 8 21
6 9 20
6 10 57
6 11 56
6 12 42
6 13 26
6 14 78
6 15 36
6 16 71
6 17 71
6 18 60
6 19 17
6 20 26
6 21 67
6 22 39
6 23 62
6 24 75
6 25 44
6 26 16
6 27 3
6 28 44
6 29 62
6 30 58
6 31 41
6 32 36
6 33 78
6 34 62
6 35 67
6 36 41
6 37 24
6 38 22
6 39 9
6 40 69
6 41 11
6 42 34
6 43 44
6 44 77
6 45 29
6 46 79
6 47 71
6 48 49
6 49 45
6 50 26
6 51 59
6 52 21
6 53 65
6 54 76
6 55 41
6 56 34
6 57 25
6 58 31
6 59 19
6 60 20
6 61 4
6 62 60
6 63 16
6 64 61
6 65 28
6 66 21
6 67 71
6 68 31
6 69 67
6 70 72
6 71 31
6 72 66
6 73 65
6 74 63
6 75 19
6 76 74
6 77 49
6 78 12
6 79 19
6 80 73
6 81 79
6 82 54
6 83 74
6 84 71
6 85 12
6 86 48
6 87 25
6 88 40
6 89 39
6 90 45
6 91 72
6 92 63
6 93 68
6 94 30
6 95 71
6 96 90
6 97 73
6 98 18
6 99 39
7 8 38
7 9 35
7 10 69
7 11 71
7 12 59
7 13 38
7 14 70
7 15 45
7 16 78
7 17 75
7 18 51
7 19 18
7 20 41
7 21 77
7 22 45
7 23 49
7 24 88
7 25 60
7 26 17
7 27 21
7 28 54
7 29 66
7 30 42
7 31 58
7 32 53
7 33 72
7 34 63
7 35 63
7 36 30
7 37 38
7 38 27
7 39 25
7 40 53
7 41 25
7 42 20
7 43 29
7 44 89
7 45 41
7 46 85
7 47 81
7 48 38
7 49 32
7 50 38
7 51 72
7 52 22
7 53 50
7 54 60
7 55 25
7 56 28
7 57 35
7 58 48
7 59 2
7 60 30
7 61 19
7 62 48
7 63 20
7 64 70
7 65 11
7 66 39
7 67 71
7 68 46
7 69 56
7 70 75
7 71 39
7 72 82
7 73 76
7 74 49
7 75 27
7 76 75
7 77 66
7 78 26
7 79 12
7 80 82
7 81 77
7 82 50
7 83 88
7 84 62
7 85 14
7 86 47
7 87 40
7 88 51
7 89 49
7 90 55
7 91 82
7 92 73
7 93 74
7 94 41
7 95 81
7 96 94
7 97 88
7 98 26
7 99 52
8 9 9
8 10 57
8 11 50
8 12 32
8 13 16
8 14 96
8 15 44
8 16 75
8 17 79
8 18 80
8 19 37
8 20 27
8 21 69
8 22 50
8 23 83
8 24 72
8 25 36
8 26 28
8 27 18
8 28 47
8 29 73
8 30 79
8 31 31
8 32 28
8 33 96
8 34 74
8 35 83
8 36 62
8 37 28
8 38 25
8 39 14
8 40 90
8 41 23
8 42 55
8 43 65
8 44 73
8 45 34
8 46 85
8 47 73
8 48 70
8 49 66
8 50 32
8 51 56
8 52 30
8 53 86
8 54 97
8 55 62
8 56 54
8 57 19
8 58 15
8 59 40
8 60 18
8 61 23
8 62 81
8 63 33
8 64 64
8 65 49
8 66 8
8 67 85
8 68 27
8 69 87
8 70 82
8 71 41
8 72 56
8 73 63
8 74 84
8 75 20
8 76 87
8 77 37
8 78 13
8 79 35
8 80 75
8 81 94
8 82 70
8 83 66
8 84 91
8 85 27
8 86 63
8 87 26
8 88 43
8 89 44
8 90 51
8 91 72
8 92 65
8 93 76
8 94 36
8 95 72
8 96 98
8 97 66
8 98 32
8 99 40
9 10 64
9 11 59
9 12 40
9 13 8
9 14 97
9 15 49
9 16 82
9 17 85
9 18 80
9 19 37
9 20 34
9 21 76
9 22 55
9 23 82
9 24 80
9 25 45
9 26 22
9 27 17
9 28 53
9 29 78
9 30 76
9 31 40
9 32 37
9 33 98
9 34 78
9 35 85
9 36 61
9 37 34
9 38 17
9 39 11
9 40 87
9 41 25
9 42 53
9 43 63
9 44 82
9 45 40
9 46 91
9 47 80
9 48 69
9 49 65
9 50 37
9 51 64
9 52 22
9 53 84
9 54 95
9 55 59
9 56 54
9 57 10
9 58 24
9 59 36
9 60 10
9 61 23
9 62 80
9 63 34
9 64 71
9 65 45
9 66 16
9 67 88
9 68 35
9 69 87
9 70 87
9 71 45
9 72 65
9 73 71
9 74 83
9 75 12
9 76 91
9 77 46
9 78 8
9 79 29
9 80 82
9 81 97
9 82 72
9 83 74
9 84 91
9 85 22
9 86 66
9 87 32
9 88 50
9 89 50
9 90 57
9 91 80
9 92 72
9 93 82
9 94 42
9 95 80
9 96 104
9 97 75
9 98 34
9 99 47
10 11 16
10 12 31
10 13 73
10 14 75
10 15 25
10 16 22
10 17 33
10 18 70
10 19 52
10 20 31
10 21 12
10 22 30
10 23 83
10 24 19
10 25 24
10 26 73
10 27 57
10 28 15
10 29 34
10 30 89
10 31 30
10 32 30
10 33 74
10 34 40
10 35 57
10 36 67
10 37 33
10 38 76
10 39 60
10 40 95
10 41 47
10 42 68
10 43 77
10 44 20
10 45 28
10 46 32
10 47 17
10 48 71
10 49 75
10 50 32
10 51 8
10 52 78
10 53 89
10 54 101
10 55 77
10 56 56
10 57 74
10 58 45
10 59 69
10 60 71
10 61 53
10 62 79
10 63 49
10 64 10
10 65 74
10 66 48
10 67 50
10 68 30
10 69 80
10 70 40
10 71 31
10 72 29
10 73 8
10 74 87
10 75 72
10 76 48
10 77 32
10 78 62
10 79 76
10 80 19
10 81 60
10 82 51
10 83 26
10 84 77
10 85 69
10 86 44
10 87 33
10 88 17
10 89 20
10 90 16
10 91 15
10 92 9
10 93 29
10 94 28
10 95 15
10 96 48
10 97 24
10 98 43
10 99 18
11 12 20
11 13 67
11 14 89
11 15 33
11 16 37
11 17 49
11 18 82
11 19 56
11 20 30
11 21 26
11 22 41
11 23 94
11 24 23
11 25 14
11 26 71
11 27 55
11 28 23
11 29 49
11 30 97
11 31 20
11 32 22
11 33 88
11 34 55
11 35 71
11 36 75
11 37 33
11 38 73
11 39 57
11 40 105
11 41 47
11 42 75
11 43 84
11 44 24
11 45 31
11 46 47
11 47 30
11 48 81
11 49 83
11 50 34
11 51 8
11 52 76
11 53 99
11 54 111
11 55 84
11 56 64
11 57 69
11 58 36
11 59 72
11 60 67
11 61 54
11 62 90
11 63 52
11 64 26
11 65 78
11 66 42
11 67 65
11 68 26
11 69 91
11 70 56
11 71 38
11 72 15
11 73 18
11 74 97
11 75 68
11 76 64
11 77 18
11 78 59
11 79 76
11 80 32
11 81 76
11 82 64
11 83 17
11 84 90
11 85 68
11 86 56
11 87 31
11 88 23
11 89 28
11 90 27
11 91 27
11 92 24
11 93 44
11 94 32
11 95 28
11 96 63
11 97 17
11 98 46
11 99 21
12 13 48
12 14 93
12 15 33
12 16 52
12 17 61
12 18 82
12 19 47
12 20 20
12 21 43
12 22 42
12 23 91
12 24 43
12 25 7
12 26 56
12 27 40
12 28 28
12 29 58
12 30 92
12 31 2
12 32 7
12 33 93
12 34 62
12 35 76
12 36 71
12 37 24
12 38 56
12 39 40
12 40 101
12 41 35
12 42 68
12 43 78
12 44 43
12 45 26
12 46 62
12 47 48
12 48 78
12 49 78
12 50 27
12 51 27
12 52 60
12 53 96
12 54 108
12 55 77
12 56 60
12 57 50
12 58 17
12 59 60
12 60 49
12 61 40
12 62 88
12 63 43
12 64 40
12 65 68
12 66 24
12 67 74
12 68 14
12 69 91
12 70 67
12 71 35
12 72 25
12 73 36
12 74 94
12 75 51
12 76 74
12 77 7
12 78 42
12 79 61
12 80 50
12 81 84
12 82 66
12 83 34
12 84 92
12 85 53
12 86 58
12 87 20
12 88 26
12 89 30
12 90 34
12 91 45
12 92 40
12 93 57
12 94 28
12 95 46
12 96 78
12 97 35
12 98 38
12 99 21
13 14 103
13 15 57
13 16 90
13 17 93
13 18 86
13 19 43
13 20 42
13 21 84
13 22 63
13 23 87
13 24 89
13 25 52
13 26 22
13 27 23
13 28 62
13 29 86
13 30 80
13 31 47
13 32 45
13 33 104
13 34 86
13 35 93
13 36 66
13 37 42
13 38 14
13 39 17
13 40 91
13 41 33
13 42 57
13 43 66
13 44 90
13 45 48
13 46 99
13 47 89
13 48 74
13 49 69
13 50 46
13 51 72
13 52 21
13 53 88
13 54 98
13 55 62
13 56 60
13 57 4
13 58 31
13 59 40
13 60 8
13 61 29
13 62 84
13 63 41
13 64 79
13 65 48
13 66 25
13 67 96
13 68 43
13 69 92
13 70 96
13 71 53
13 72 72
13 73 80
13 74 87
13 75 11
13 76 99
13 77 53
13 78 14
13 79 30
13 80 91
13 81 105
13 82 79
13 83 82
13 84 97
13 85 24
13 86 73
13 87 41
13 88 58
13 89 59
13 90 65
13 91 88
13 92 81
13 93 90
13 94 50
13 95 88
13 96 112
13 97 82
13 98 42
13 99 55
14 15 60
14 16 64
14 17 49
14 18 19
14 19 60
14 20 76
14 21 72
14 22 51
14 23 31
14 24 88
14 25 89
14 26 86
14 27 80
14 28 67
14 29 43
14 30 45
14 31 92
14 32 87
14 33 3
14 34 36
14 35 19
14 36 41
14 37 72
14 38 96
14 39 86
14 40 42
14 41 72
14 42 51
14 43 47
14 44 90
14 45 68
14 46 61
14 47 72
14 48 34
14 49 42
14 50 68
14 51 84
14 52 91
14 53 37
14 54 43
14 55 52
14 56 43
14 57 102
14 58 96
14 59 68
14 60 97
14 61 74
14 62 29
14 63 63
14 64 67
14 65 63
14 66 90
14 67 29
14 68 80
14 69 20
14 70 42
14 71 59
14 72 104
14 73 79
14 74 35
14 75 95
14 76 34
14 77 99
14 78 89
14 79 82
14 80 72
14 81 23
14 82 27
14 83 101
14 84 11
14 85 82
14 86 35
14 87 76
14 88 68
14 89 64
14 90 62
14 91 77
14 92 71
14 93 53
14 94 66
14 95 75
14 96 56
14 97 98
14 98 64
14 99 73
15 16 35
15 17 36
15 18 50
15 19 27
15 20 18
15 21 32
15 22 9
15 23 61
15 24 44
15 25 29
15 26 51
15 27 37
15 28 11
15 29 29
15 30 65
15 31 32
15 32 27
15 33 59
15 34 31
15 35 43
15 36 43
15 37 16
15 38 57
15 39 41
15 40 72
15 41 26
15 42 43
15 43 52
15 44 45
15 45 9
15 46 43
15 47 36
15 48 48
15 49 50
15 50 12
15 51 31
15 52 57
15 53 66
15 54 79
15 55 52
15 56 32
15 57 58
15 58 38
15 59 45
15 60 54
15 61 32
15 62 57
15 63 25
15 64 25
15 65 49
15 66 36
15 67 42
15 68 21
15 69 59
15 70 39
15 71 6
15 72 47
15 73 32
15 74 64
15 75 54
15 76 44
15 77 39
15 78 44
15 79 53
15 80 38
15 81 52
15 82 33
15 83 49
15 84 59
15 85 48
15 86 25
15 87 19
15 88 9
15 89 5
15 90 10
15 91 37
15 92 29
15 93 33
15 94 8
15 95 37
15 96 55
15 97 47
15 98 19
15 99 13
16 17 15
16 18 63
16 19 61
16 20 48
16 21 11
16 22 34
16 23 79
16 24 26
16 25 46
16 26 86
16 27 71
16 28 28
16 29 21
16 30 88
16 31 51
16 32 50
16 33 61
16 34 29
16 35 45
16 36 68
16 37 48
16 38 91
16 39 75
16 40 92
16 41 60
16 42 72
16 43 78
16 44 27
16 45 42
16 46 10
16 47 9
16 48 70
16 49 75
16 50 45
16 51 29
16 52 92
16 53 86
16 54 97
16 55 80
16 56 58
16 57 91
16 58 65
16 59 78
16 60 88
16 61 67
16 62 75
16 63 58
16 64 12
16 65 80
16 66 67
16 67 35
16 68 48
16 69 73
16 70 23
16 71 40
16 72 48
16 73 20
16 74 84
16 75 88
16 76 32
16 77 53
16 78 78
16 79 87
16 80 8
16 81 45
16 82 45
16 83 41
16 84 68
16 85 82
16 86 40
16 87 49
16 88 32
16 89 32
16 90 25
16 91 14
16 92 13
16 93 11
16 94 41
16 95 12
16 96 26
16 97 38
16 98 54
16 99 35
17 18 52
17 19 58
17 20 53
17 21 25
17 22 32
17 23 68
17 24 41
17 25 55
17 26 86
17 27 72
17 28 34
17 29 10
17 30 78
17 31 60
17 32 58
17 33 47
17 34 16
17 35 31
17 36 60
17 37 51
17 38 92
17 39 77
17 40 81
17 41 61
17 42 66
17 43 70
17 44 42
17 45 45
17 46 13
17 47 24
17 48 60
17 49 66
17 50 48
17 51 41
17 52 92
17 53 75
17 54 85
17 55 73
17 56 52
17 57 94
17 58 72
17 59 75
17 60 90
17 61 67
17 62 64
17 63 57
17 64 23
17 65 76
17 66 71
17 67 21
17 68 54
17 69 60
17 70 8
17 71 40
17 72 62
17 73 34
17 74 73
17 75 89
17 76 17
17 77 64
17 78 80
17 79 86
17 80 23
17 81 30
17 82 34
17 83 55
17 84 55
17 85 82
17 86 31
17 87 54
17 88 37
17 89 35
17 90 29
17 91 29
17 92 26
17 93 5
17 94 43
17 95 27
17 96 19
17 97 53
17 98 54
17 99 42
18 19 43
18 20 63
18 21 70
18 22 41
18 23 16
18 24 86
18 25 78
18 26 67
18 27 63
18 28 59
18 29 42
18 30 29
18 31 80
18 32 75
18 33 21
18 34 35
18 35 22
18 36 22
18 37 59
18 38 78
18 39 69
18 40 30
18 41 57
18 42 32
18 43 28
18 44 87
18 45 56
18 46 64
18 47 71
18 48 15
18 49 23
18 50 55
18 51 77
18 52 73
18 53 23
18 54 34
18 55 33
18 56 26
18 57 84
18 58 82
18 59 50
18 60 79
18 61 58
18 62 13
18 63 46
18 64 63
18 65 44
18 66 75
18 67 34
18 68 68
18 69 10
18 70 46
18 71 47
18 72 96
18 73 75
18 74 21
18 75 77
18 76 40
18 77 88
18 78 72
18 79 63
18 80 71
18 81 34
18 82 19
18 83 95
18 84 11
18 85 64
18 86 26
18 87 63
18 88 59
18 89 54
18 90 54
18 91 75
18 92 68
18 93 53
18 94 54
18 95 73
18 96 64
18 97 93
18 98 49
18 99 63
19 20 27
19 21 60
19 22 27
19 23 47
19 24 71
19 25 47
19 26 28
19 27 20
19 28 37
19 29 49
19 30 45
19 31 46
19 32 41
19 33 61
19 34 47
19 35 50
19 36 25
19 37 24
19 38 37
19 39 26
19 40 55
19 41 14
19 42 21
19 43 31
19 44 72
19 45 25
19 46 68
19 47 63
19 48 34
19 49 31
19 50 22
19 51 56
19 52 35
19 53 51
19 54 62
19 55 29
19 56 17
19 57 42
19 58 41
19 59 17
19 60 37
19 61 14
19 62 44
19 63 4
19 64 53
19 65 22
19 66 33
19 67 55
19 68 33
19 69 51
19 70 58
19 71 21
19 72 69
19 73 60
19 74 49
19 75 35
19 76 59
19 77 54
19 78 29
19 79 27
19 80 65
19 81 63
19 82 37
19 83 73
19 84 54
19 85 25
19 86 32
19 87 27
19 88 35
19 89 32
19 90 37
19 91 65
19 92 56
19 93 56
19 94 25
19 95 64
19 96 77
19 97 72
19 98 10
19 99 36
20 21 43
20 22 26
20 23 71
20 24 49
20 25 19
20 26 42
20 27 26
20 28 20
20 29 47
20 30 72
20 31 19
20 32 13
20 33 76
20 34 49
20 35 60
20 36 51
20 37 4
20 38 45
20 39 28
20 40 81
20 41 17
20 42 48
20 43 58
20 44 50
20 45 8
20 46 58
20 47 47
20 48 58
20 49 57
20 50 8
20 51 33
20 52 47
20 53 76
20 54 88
20 55 57
20 56 40
20 57 43
20 58 20
20 59 42
20 60 40
20 61 23
20 62 68
20 63 23
20 64 37
20 65 48
20 66 19
20 67 60
20 68 6
20 69 72
20 70 56
20 71 17
20 72 41
20 73 39
20 74 74
20 75 41
20 76 61
20 77 27
20 78 31
20 79 45
20 80 49
20 81 70
20 82 49
20 83 47
20 84 73
20 85 39
20 86 41
20 87 1
20 88 16
20 89 17
20 90 24
20 91 47
20 92 39
20 93 49
20 94 10
20 95 46
20 96 71
20 97 47
20 98 18
20 99 13
21 22 35
21 23 85
21 24 16
21 25 36
21 26 83
21 27 67
21 28 23
21 29 30
21 30 92
21 31 42
21 32 42
21 33 70
21 34 36
21 35 53
21 36 71
21 37 43
21 38 87
21 39 71
21 40 97
21 41 57
21 42 74
21 43 81
21 44 18
21 45 38
21 46 20
21 47 5
21 48 74
21 49 78
21 50 41
21 51 18
21 52 88
21 53 91
21 54 103
21 55 82
21 56 60
21 57 86
21 58 57
21 59 77
21 60 83
21 61 63
21 62 81
21 63 57
21 64 7
21 65 81
21 66 60
21 67 45
21 68 41
21 69 79
21 70 33
21 71 39
21 72 37
21 73 9
21 74 89
21 75 83
21 76 42
21 77 44
21 78 73
21 79 85
21 80 7
21 81 55
21 82 51
21 83 30
21 84 76
21 85 79
21 86 44
21 87 44
21 88 27
21 89 28
21 90 23
21 91 5
21 92 4
21 93 21
21 94 37
21 95 4
21 96 37
21 97 28
21 98 52
21 99 29
22 23 53
22 24 48
22 25 38
22 26 54
22 27 41
22 28 17
22 29 23
22 30 58
22 31 41
22 32 36
22 33 50
22 34 23
22 35 34
22 36 37
22 37 23
22 38 61
22 39 46
22 40 65
22 41 30
22 42 39
22 43 47
22 44 50
22 45 17
22 46 41
22 47 38
22 48 41
22 49 44
22 50 19
22 51 37
22 52 60
22 53 59
22 54 71
22 55 48
22 56 26
22 57 63
22 58 46
22 59 44
22 60 58
22 61 35
22 62 49
22 63 25
22 64 28
22 65 47
22 66 43
22 67 34
22 68 30
22 69 51
22 70 33
22 71 10
22 72 55
22 73 37
22 74 57
22 75 58
22 76 36
22 77 48
22 78 49
22 79 54
22 80 39
22 81 44
22 82 24
22 83 55
22 84 50
22 85 50
22 86 16
22 87 27
22 88 18
22 89 13
22 90 14
22 91 40
22 92 31
22 93 29
22 94 16
22 95 39
22 96 51
22 97 54
22 98 22
22 99 22
23 24 100
23 25 88
23 26 66
23 27 65
23 28 71
23 29 58
23 30 14
23 31 89
23 32 84
23 33 34
23 34 51
23 35 39
23 36 22
23 37 67
23 38 76
23 39 71
23 40 13
23 41 61
23 42 29
23 43 21
23 44 101
23 45 65
23 46 80
23 47 86
23 48 14
23 49 18
23 50 64
23 51 90
23 52 70
23 53 7
23 54 18
23 55 26
23 56 31
23 57 84
23 58 88
23 59 47
23 60 79
23 61 61
23 62 4
23 63 51
23 64 78
23 65 40
23 66 80
23 67 51
23 68 77
23 69 11
23 70 62
23 71 57
23 72 108
23 73 89
23 74 5
23 75 76
23 76 56
23 77 98
23 78 73
23 79 60
23 80 86
23 81 50
23 82 34
23 83 108
23 84 20
23 85 63
23 86 40
23 87 71
23 88 70
23 89 66
23 90 67
23 91 90
23 92 82
23 93 69
23 94 64
23 95 88
23 96 80
23 97 107
23 98 55
23 99 74
24 25 37
24 26 91
24 27 75
24 28 34
24 29 46
24 30 107
24 31 42
24 32 44
24 33 86
24 34 53
24 35 69
24 36 85
24 37 51
24 38 94
24 39 77
24 40 113
24 41 65
24 42 87
24 43 95
24 44 2
24 45 47
24 46 33
24 47 17
24 48 89
24 49 93
24 50 50
24 51 17
24 52 96
24 53 106
24 54 118
24 55 96
24 56 74
24 57 91
24 58 59
24 59 88
24 60 88
24 61 72
24 62 96
24 63 68
24 64 22
24 65 93
24 66 64
24 67 61
24 68 46
24 69 95
24 70 48
24 71 50
24 72 28
24 73 12
24 74 104
24 75 89
24 76 58
24 77 40
24 78 80
24 79 94
24 80 18
24 81 70
24 82 67
24 83 17
24 84 92
24 85 88
24 86 60
24 87 50
24 88 36
24 89 39
24 90 35
24 91 12
24 92 18
24 93 37
24 94 47
24 95 14
24 96 49
24 97 14
24 98 62
24 99 36
25 26 58
25 27 42
25 28 23
25 29 53
25 30 90
25 31 6
25 32 8
25 33 88
25 34 57
25 35 71
25 36 69
25 37 23
25 38 59
25 39 43
25 40 99
25 41 35
25 42 67
25 43 76
25 44 37
25 45 24
25 46 56
25 47 41
25 48 75
25 49 76
25 50 25
25 51 20
25 52 63
25 53 93
25 54 106
25 55 75
25 56 58
25 57 55
25 58 22
25 59 60
25 60 53
25 61 41
25 62 85
25 63 42
25 64 34
25 65 68
25 66 28
25 67 68
25 68 14
25 69 88
25 70 61
25 71 32
25 72 23
25 73 29
25 74 91
25 75 54
25 76 68
25 77 10
25 78 45
25 79 63
25 80 43
25 81 78
25 82 62
25 83 30
25 84 88
25 85 56
25 86 54
25 87 20
25 88 21
25 89 25
25 90 28
25 91 39
25 92 33
25 93 50
25 94 25
25 95 39
25 96 71
25 97 30
25 98 37
25 99 16
26 27 16
26 28 59
26 29 77
26 30 58
26 31 55
26 32 50
26 33 87
26 34 75
26 35 78
26 36 46
26 37 40
26 38 10
26 39 16
26 40 69
26 41 26
26 42 37
26 43 45
26 44 92
26 45 45
26 46 94
26 47 87
26 48 54
26 49 48
26 50 41
26 51 75
26 52 6
26 53 67
26 54 76
26 55 41
26 56 43
26 57 19
26 58 42
26 59 18
26 60 14
26 61 19
26 62 64
26 63 29
26 64 76
26 65 26
26 66 32
26 67 84
26 68 46
26 69 72
26 70 86
26 71 46
26 72 80
26 73 80
26 74 65
26 75 12
26 76 87
26 77 62
26 78 15
26 79 7
26 80 89
26 81 91
26 82 65
26 83 88
26 84 78
26 85 4
26 86 60
26 87 41
26 88 56
26 89 55
26 90 61
26 91 87
26 92 79
26 93 83
26 94 46
26 95 87
26 96 105
26 97 88
26 98 32
26 99 55
27 28 44
27 29 64
27 30 61
27 31 39
27 32 35
27 33 81
27 34 63
27 35 69
27 36 44
27 37 24
27 38 20
27 39 6
27 40 72
27 41 11
27 42 37
27 43 47
27 44 76
27 45 29
27 46 80
27 47 71
27 48 52
27 49 48
27 50 26
27 51 58
27 52 21
27 53 68
27 54 79
27 55 44
27 56 37
27 57 22
27 58 28
27 59 22
27 60 18
27 61 6
27 62 63
27 63 18
27 64 61
27 65 31
27 66 18
27 67 73
27 68 29
27 69 70
27 70 74
27 71 32
27 72 65
27 73 64
27 74 66
27 75 17
27 76 76
27 77 47
27 78 9
27 79 21
27 80 73
27 81 82
27 82 56
27 83 72
27 84 74
27 85 13
27 86 50
27 87 25
27 88 40
27 89 39
27 90 46
27 91 72
27 92 63
27 93 69
27 94 30
27 95 71
27 96 91
27 97 72
27 98 19
27 99 39
28 29 30
28 30 75
28 31 27
28 32 24
28 33 66
28 34 34
28 35 49
28 36 53
28 37 20
28 38 64
28 39 48
28 40 83
28 41 33
28 42 54
28 43 63
28 44 35
28 45 15
28 46 38
28 47 28
28 48 58
28 49 61
28 50 18
28 51 20
28 52 65
28 53 77
28 54 89
28 55 63
28 56 42
28 57 63
28 58 38
28 59 54
28 60 60
28 61 40
28 62 67
28 63 34
28 64 17
28 65 59
28 66 38
28 67 45
28 68 20
28 69 68
28 70 39
28 71 17
28 72 38
28 73 22
28 74 74
28 75 60
28 76 45
28 77 32
28 78 50
28 79 62
28 80 29
28 81 56
28 82 41
28 83 38
28 84 67
28 85 56
28 86 33
28 87 21
28 88 4
28 89 6
28 90 5
28 91 28
28 92 20
28 93 30
28 94 14
28 95 27
28 96 52
28 97 37
28 98 29
28 99 8
29 30 68
29 31 57
29 32 54
29 33 41
29 34 7
29 35 24
29 36 49
29 37 45
29 38 84
29 39 69
29 40 71
29 41 53
29 42 55
29 43 60
29 44 47
29 45 39
29 46 23
29 47 30
29 48 50
29 49 56
29 50 41
29 51 42
29 52 83
29 53 65
29 54 76
29 55 62
29 56 41
29 57 86
29 58 67
29 59 65
29 60 82
29 61 58
29 62 54
29 63 48
29 64 25
29 65 65
29 66 65
29 67 16
29 68 49
29 69 51
29 70 10
29 71 33
29 72 63
29 73 37
29 74 63
29 75 81
29 76 15
29 77 62
29 78 72
29 79 76
29 80 30
29 81 27
29 82 24
29 83 59
29 84 47
29 85 73
29 86 21
29 87 48
29 88 33
29 89 30
29 90 25
29 91 34
29 92 29
29 93 11
29 94 37
29 95 32
29 96 28
29 97 56
29 98 45
29 99 38
30 31 90
30 32 85
30 33 48
30 34 62
30 35 51
30 36 22
30 37 68
30 38 68
30 39 66
30 40 11
30 41 59
30 42 25
30 43 14
30 44 108
30 45 67
30 46 90
30 47 94
30 48 18
30 49 14
30 50 65
30 51 95
30 52 62
30 53 10
30 54 18
30 55 17
30 56 33
30 57 77
30 58 86
30 59 40
30 60 72
30 61 57
30 62 17
30 63 49
30 64 85
30 65 31
30 66 78
30 67 63
30 68 77
30 69 25
30 70 73
30 71 60
30 72 111
30 73 95
30 74 11
30 75 69
30 76 68
30 77 99
30 78 68
30 79 51
30 80 95
30 81 63
30 82 44
30 83 113
30 84 34
30 85 56
30 86 48
30 87 71
30 88 74
30 89 70
30 90 72
30 91 97
30 92 89
30 93 79
30 94 66
30 95 96
30 96 92
30 97 112
30 98 54
30 99 77
31 32 5
31 33 91
31 34 61
31 35 75
31 36 69
31 37 23
31 38 55
31 39 39
31 40 100
31 41 33
31 42 66
31 43 76
31 44 43
31 45 25
31 46 62
31 47 47
31 48 76
31 49 76
31 50 26
31 51 26
31 52 59
31 53 94
31 54 106
31 55 75
31 56 58
31 57 50
31 58 16
31 59 58
31 60 48
31 61 39
31 62 86
31 63 42
31 64 39
31 65 66
31 66 23
31 67 72
31 68 13
31 69 90
31 70 66
31 71 33
31 72 26
31 73 35
31 74 92
31 75 50
31 76 72
31 77 9
31 78 41
31 79 60
31 80 49
31 81 83
31 82 65
31 83 35
31 84 90
31 85 52
31 86 57
31 87 19
31 88 25
31 89 28
31 90 32
31 91 45
31 92 39
31 93 56
31 94 26
31 95 45
31 96 77
31 97 35
31 98 36
31 99 20
32 33 87
32 34 57
32 35 71
32 36 64
32 37 17
32 38 51
32 39 35
32 40 94
32 41 28
32 42 61
32 43 71
32 44 45
32 45 20
32 46 60
32 47 47
32 48 71
32 49 71
32 50 21
32 51 27
32 52 55
32 53 89
32 54 101
32 55 70
32 56 53
32 57 47
32 58 15
32 59 53
32 60 45
32 61 34
32 62 81
32 63 36
32 64 38
32 65 61
32 66 20
32 67 69
32 68 8
32 69 85
32 70 63
32 71 29
32 72 30
32 73 36
32 74 87
32 75 46
32 76 69
32 77 14
32 78 37
32 79 55
32 80 49
32 81 79
32 82 60
32 83 38
32 84 85
32 85 48
32 86 52
32 87 14
32 88 21
32 89 25
32 90 29
32 91 45
32 92 39
32 93 54
32 94 21
32 95 45
32 96 75
32 97 38
32 98 31
32 99 16
33 34 34
33 35 17
33 36 43
33 37 72
33 38 97
33 39 87
33 40 45
33 41 73
33 42 53
33 43 49
33 44 88
33 45 67
33 46 59
33 47 70
33 48 36
33 49 45
33 50 68
33 51 82
33 52 93
33 53 40
33 54 46
33 55 54
33 56 45
33 57 103
33 58 96
33 59 70
33 60 98
33 61 75
33 62 31
33 63 63
33 64 65
33 65 65
33 66 91
33 67 26
33 68 80
33 69 23
33 70 39
33 71 59
33 72 102
33 73 77
33 74 38
33 75 96
33 76 31
33 77 98
33 78 90
33 79 83
33 80 70
33 81 20
33 82 27
33 83 99
33 84 14
33 85 84
33 86 35
33 87 76
33 88 67
33 89 63
33 90 61
33 91 75
33 92 69
33 93 50
33 94 66
33 95 73
33 96 53
33 97 97
33 98 64
33 99 72
34 35 17
34 36 44
34 37 46
34 38 83
34 39 69
34 40 65
34 41 53
34 42 51
34 43 54
34 44 54
34 45 40
34 46 29
34 47 37
34 48 44
34 49 50
34 50 42
34 51 48
34 52 81
34 53 58
34 54 69
34 55 57
34 56 37
34 57 86
34 58 69
34 59 62
34 60 81
34 61 58
34 62 47
34 63 46
34 64 31
34 65 61
34 66 67
34 67 11
34 68 52
34 69 44
34 70 12
34 71 33
34 72 69
34 73 43
34 74 56
34 75 80
34 76 13
34 77 66
34 78 72
34 79 74
34 80 37
34 81 22
34 82 18
34 83 65
34 84 40
34 85 71
34 86 16
34 87 50
34 88 36
34 89 33
34 90 29
34 91 41
34 92 35
34 93 18
34 94 39
34 95 39
34 96 32
34 97 63
34 98 44
34 99 41
35 36 38
35 37 57
35 38 87
35 39 75
35 40 52
35 41 60
35 42 47
35 43 47
35 44 71
35 45 52
35 46 44
35 47 53
35 48 35
35 49 43
35 50 53
35 51 65
35 52 84
35 53 46
35 54 55
35 55 51
35 56 36
35 57 91
35 58 80
35 59 62
35 60 87
35 61 63
35 62 35
35 63 51
35 64 48
35 65 59
35 66 76
35 67 12
35 68 64
35 69 30
35 70 24
35 71 43
35 72 85
35 73 60
35 74 44
35 75 85
35 76 18
35 77 81
35 78 78
35 79 75
35 80 53
35 81 14
35 82 13
35 83 82
35 84 24
35 85 74
35 86 20
35 87 61
35 88 50
35 89 46
35 90 44
35 91 58
35 92 52
35 93 34
35 94 50
35 95 56
35 96 41
35 97 80
35 98 51
35 99 55
36 37 47
36 38 56
36 39 50
36 40 30
36 41 40
36 42 10
36 43 10
36 44 87
36 45 45
36 46 72
36 47 73
36 48 8
36 49 8
36 50 44
36 51 73
36 52 51
36 53 25
36 54 37
36 55 13
36 56 11
36 57 63
36 58 66
36 59 28
36 60 58
36 61 39
36 62 19
36 63 29
36 64 64
36 65 22
36 66 59
36 67 48
36 68 56
36 69 27
36 70 56
36 71 38
36 72 89
36 73 74
36 74 23
36 75 56
36 76 53
36 77 77
36 78 52
36 79 41
36 80 74
36 81 52
36 82 27
36 83 91
36 84 32
36 85 43
36 86 29
36 87 50
36 88 52
36 89 48
36 90 51
36 91 76
36 92 68
36 93 60
36 94 44
36 95 75
36 96 76
36 97 90
36 98 34
36 99 55
37 38 44
37 39 27
37 40 77
37 41 14
37 42 44
37 43 54
37 44 52
37 45 6
37 46 57
37 47 48
37 48 54
37 49 53
37 50 4
37 51 35
37 52 45
37 53 72
37 54 84
37 55 53
37 56 36
37 57 43
37 58 23
37 59 38
37 60 40
37 61 21
37 62 64
37 63 19
37 64 37
37 65 45
37 66 20
37 67 57
37 68 10
37 69 68
37 70 55
37 71 14
37 72 45
37 73 40
37 74 70
37 75 40
37 76 59
37 77 31
37 78 30
37 79 43
37 80 49
37 81 67
37 82 45
37 83 51
37 84 69
37 85 36
37 86 38
37 87 4
37 88 16
37 89 17
37 90 23
37 91 48
37 92 40
37 93 48
37 94 8
37 95 47
37 96 70
37 97 50
37 98 14
37 99 15
38 39 17
38 40 79
38 41 32
38 42 47
38 43 55
38 44 95
38 45 49
38 46 100
38 47 92
38 48 64
38 49 59
38 50 46
38 51 77
38 52 7
38 53 77
38 54 86
38 55 51
38 56 53
38 57 10
38 58 40
38 59 29
38 60 7
38 61 26
38 62 75
38 63 37
38 64 81
38 65 37
38 66 31
38 67 92
38 68 48
38 69 83
38 70 94
38 71 52
38 72 80
38 73 84
38 74 76
38 75 5
38 76 96
38 77 62
38 78 14
38 79 17
38 80 93
38 81 100
38 82 74
38 83 89
38 84 88
38 85 13
38 86 69
38 87 44
38 88 60
38 89 60
38 90 66
38 91 91
38 92 83
38 93 90
38 94 51
38 95 91
38 96 112
38 97 89
38 98 39
38 99 58
39 40 77
39 41 16
39 42 42
39 43 52
39 44 78
39 45 33
39 46 84
39 47 75
39 48 58
39 49 54
39 50 30
39 51 61
39 52 19
39 53 74
39 54 84
39 55 49
39 56 43
39 57 17
39 58 26
39 59 27
39 60 12
39 61 12
39 62 69
39 63 24
39 64 65
39 65 36
39 66 17
39 67 79
39 68 31
39 69 76
39 70 79
39 71 37
39 72 65
39 73 67
39 74 72
39 75 12
39 76 82
39 77 47
39 78 3
39 79 22
39 80 77
39 81 88
39 82 62
39 83 73
39 84 80
39 85 14
39 86 56
39 87 27
39 88 44
39 89 44
39 90 50
39 91 75
39 92 67
39 93 74
39 94 35
39 95 75
39 96 96
39 97 73
39 98 25
39 99 42
40 41 70
40 42 35
40 43 25
40 44 114
40 45 75
40 46 94
40 47 99
40 48 24
40 49 24
40 50 74
40 51 102
40 52 73
40 53 6
40 54 7
40 55 29
40 56 42
40 57 88
40 58 96
40 59 51
40 60 83
40 61 67
40 62 17
40 63 59
40 64 91
40 65 43
40 66 88
40 67 64
40 68 87
40 69 23
40 70 75
40 71 68
40 72 119
40 73 102
40 74 9
40 75 80
40 76 69
40 77 108
40 78 79
40 79 63
40 80 100
40 81 62
40 82 47
40 83 121
40 84 31
40 85 67
40 86 53
40 87 81
40 88 82
40 89 77
40 90 79
40 91 103
40 92 95
40 93 82
40 94 74
40 95 101
40 96 93
40 97 119
40 98 64
40 99 85
41 42 35
41 43 45
41 44 66
41 45 18
41 46 69
41 47 61
41 48 48
41 49 46
41 50 15
41 51 49
41 52 32
41 53 65
41 54 77
41 55 43
41 56 31
41 57 33
41 58 27
41 59 25
41 60 29
41 61 7
41 62 59
41 63 11
41 64 50
41 65 33
41 66 19
41 67 63
41 68 22
41 69 64
41 70 63
41 71 21
41 72 58
41 73 54
41 74 63
41 75 28
41 76 66
41 77 42
41 78 19
41 79 29
41 80 62
41 81 72
41 82 47
41 83 64
41 84 68
41 85 23
41 86 40
41 87 16
41 88 30
41 89 28
41 90 35
41 91 61
41 92 53
41 93 58
41 94 19
41 95 61
41 96 80
41 97 64
41 98 9
41 99 29
42 43 10
42 44 89
42 45 44
42 46 77
42 47 77
42 48 17
42 49 12
42 50 42
42 51 74
42 52 42
42 53 31
42 54 42
42 55 9
42 56 14
42 57 55
42 58 61
42 59 18
42 60 50
42 61 32
42 62 27
42 63 25
42 64 67
42 65 13
42 66 53
42 67 56
42 68 53
42 69 36
42 70 63
42 71 38
42 72 88
42 73 76
42 74 30
42 75 47
42 76 61
42 77 75
42 78 44
42 79 32
42 80 78
42 81 61
42 82 35
42 83 92
42 84 42
42 85 34
42 86 35
42 87 47
42 88 52
42 89 48
42 90 52
42 91 79
42 92 71
42 93 65
42 94 43
42 95 78
42 96 83
42 97 90
42 98 30
42 99 54
43 44 97
43 45 53
43 46 82
43 47 84
43 48 13
43 49 5
43 50 51
43 51 83
43 52 50
43 53 22
43 54 32
43 55 5
43 56 21
43 57 64
43 58 72
43 59 27
43 60 59
43 61 43
43 62 20
43 63 35
43 64 74
43 65 19
43 66 63
43 67 58
43 68 64
43 69 29
43 70 66
43 71 47
43 72 98
43 73 84
43 74 20
43 75 56
43 76 63
43 77 85
43 78 54
43 79 39
43 80 85
43 81 61
43 82 37
43 83 101
43 84 37
43 85 43
43 86 39
43 87 58
43 88 61
43 89 57
43 90 60
43 91 87
43 92 78
43 93 70
43 94 53
43 95 85
43 96 86
43 97 99
43 98 40
43 99 64
44 45 49
44 46 34
44 47 18
44 48 90
44 49 94
44 50 52
44 51 18
44 52 97
44 53 108
44 54 120
44 55 97
44 56 76
44 57 92
44 58 60
44 59 89
44 60 89
44 61 73
44 62 97
44 63 69
44 64 24
44 65 94
44 66 65
44 67 62
44 68 47
44 69 97
44 70 50
44 71 52
44 72 28
44 73 13
44 74 106
44 75 90
44 76 59
44 77 41
44 78 81
44 79 95
44 80 19
44 81 72
44 82 68
44 83 16
44 84 93
44 85 89
44 86 61
44 87 51
44 88 38
44 89 41
44 90 36
44 91 13
44 92 19
44 93 38
44 94 48
44 95 15
44 96 49
44 97 14
44 98 63
44 99 38
45 46 51
45 47 42
45 48 52
45 49 52
45 50 3
45 51 32
45 52 50
45 53 70
45 54 82
45 55 53
45 56 34
45 57 49
45 58 29
45 59 41
45 60 45
45 61 25
45 62 61
45 63 21
45 64 32
45 65 47
45 66 26
45 67 52
45 68 13
45 69 65
45 70 48
45 71 9
45 72 45
45 73 36
45 74 68
45 75 45
45 76 53
45 77 33
45 78 36
45 79 47
45 80 44
45 81 62
45 82 41
45 83 48
45 84 65
45 85 41
45 86 33
45 87 9
45 88 11
45 89 10
45 90 17
45 91 43
45 92 34
45 93 42
45 94 2
45 95 42
45 96 64
45 97 48
45 98 15
45 99 11
46 47 17
46 48 73
46 49 79
46 50 54
46 51 38
46 52 100
46 53 87
46 54 98
46 55 85
46 56 63
46 57 100
46 58 75
46 59 85
46 60 97
46 61 75
46 62 76
46 63 66
46 64 22
46 65 86
46 66 76
46 67 32
46 68 58
46 69 73
46 70 19
46 71 48
46 72 58
46 73 29
46 74 85
46 75 96
46 76 28
46 77 64
46 78 87
46 79 95
46 80 15
46 81 40
46 82 47
46 83 49
46 84 67
46 85 90
46 86 43
46 87 59
46 88 41
46 89 41
46 90 34
46 91 22
46 92 23
46 93 12
46 94 50
46 95 20
46 96 16
46 97 46
46 98 62
46 99 45
47 48 76
47 49 81
47 50 46
47 51 22
47 52 93
47 53 93
47 54 104
47 55 85
47 56 63
47 57 90
47 58 62
47 59 81
47 60 87
47 61 68
47 62 82
47 63 61
47 64 11
47 65 84
47 66 65
47 67 44
47 68 46
47 69 80
47 70 32
47 71 42
47 72 41
47 73 13
47 74 91
47 75 87
47 76 41
47 77 48
47 78 78
47 79 89
47 80 2
47 81 53
47 82 52
47 83 32
47 84 76
47 85 83
47 86 46
47 87 48
47 88 31
47 89 32
47 90 26
47 91 5
47 92 8
47 93 20
47 94 41
47 95 3
47 96 33
47 97 30
47 98 56
47 99 34
48 49 8
48 50 50
48 51 78
48 52 59
48 53 18
48 54 31
48 55 17
48 56 18
48 57 72
48 58 74
48 59 36
48 60 66
48 61 47
48 62 11
48 63 37
48 64 67
48 65 29
48 66 67
48 67 46
48 68 63
48 69 18
48 70 56
48 71 44
48 72 95
48 73 78
48 74 16
48 75 64
48 76 51
48 77 84
48 78 61
48 79 49
48 80 77
48 81 48
48 82 26
48 83 96
48 84 25
48 85 51
48 86 30
48 87 58
48 88 57
48 89 53
48 90 55
48 91 79
48 92 71
48 93 61
48 94 50
48 95 78
48 96 75
48 97 95
48 98 41
48 99 61
49 50 51
49 51 81
49 52 53
49 53 19
49 54 31
49 55 9
49 56 19
49 57 66
49 58 72
49 59 30
49 60 61
49 61 44
49 62 16
49 63 35
49 64 71
49 65 22
49 66 64
49 67 54
49 68 63
49 69 25
49 70 62
49 71 45
49 72 97
49 73 81
49 74 18
49 75 59
49 76 59
49 77 84
49 78 56
49 79 43
49 80 82
49 81 56
49 82 33
49 83 99
49 84 33
49 85 46
49 86 36
49 87 57
49 88 60
49 89 55
49 90 58
49 91 84
49 92 75
49 93 67
49 94 51
49 95 82
49 96 82
49 97 97
49 98 40
49 99 62
50 51 35
50 52 47
50 53 69
50 54 81
50 55 51
50 56 33
50 57 46
50 58 28
50 59 38
50 60 42
50 61 22
50 62 60
50 63 18
50 64 35
50 65 44
50 66 24
50 67 53
50 68 13
50 69 64
50 70 51
50 71 9
50 72 47
50 73 39
50 74 67
50 75 42
50 76 55
50 77 34
50 78 33
50 79 44
50 80 47
50 81 63
50 82 41
50 83 51
50 84 65
50 85 38
50 86 33
50 87 8
50 88 14
50 89 14
50 90 20
50 91 46
50 92 38
50 93 44
50 94 5
50 95 45
50 96 67
50 97 50
50 98 12
50 99 14
51 52 80
51 53 96
51 54 109
51 55 83
51 56 62
51 57 74
51 58 42
51 59 73
51 60 72
51 61 56
51 62 86
51 63 53
51 64 18
51 65 78
51 66 47
51 67 58
51 68 29
51 69 87
51 70 48
51 71 36
51 72 21
51 73 9
51 74 94
51 75 73
51 76 57
51 77 26
51 78 63
51 79 78
51 80 24
51 81 69
51 82 59
51 83 18
51 84 85
51 85 71
51 86 51
51 87 34
51 88 22
51 89 26
51 90 23
51 91 19
51 92 16
51 93 37
51 94 32
51 95 20
51 96 55
51 97 16
51 98 47
51 99 21
52 53 71
52 54 80
52 55 45
52 56 49
52 57 17
52 58 45
52 59 23
52 60 14
52 61 25
52 62 69
52 63 35
52 64 82
52 65 31
52 66 36
52 67 90
52 68 50
52 69 78
52 70 92
52 71 52
52 72 84
52 73 86
52 74 70
52 75 11
52 76 93
52 77 66
52 78 18
52 79 10
52 80 94
52 81 97
52 82 70
52 83 93
52 84 84
52 85 10
52 86 66
52 87 46
52 88 61
52 89 60
52 90 67
52 91 93
52 92 85
52 93 89
52 94 51
52 95 92
52 96 111
52 97 93
52 98 38
52 99 60
53 54 12
53 55 26
53 56 36
53 57 85
53 58 92
53 59 48
53 60 80
53 61 63
53 62 11
53 63 54
53 64 84
53 65 40
53 66 84
53 67 58
53 68 81
53 69 17
53 70 69
53 71 62
53 72 113
53 73 95
53 74 2
53 75 78
53 76 63
53 77 103
53 78 75
53 79 60
53 80 93
53 81 57
53 82 41
53 83 114
53 84 26
53 85 64
53 86 47
53 87 76
53 88 76
53 89 71
53 90 73
53 91 96
53 92 89
53 93 76
53 94 69
53 95 95
53 96 87
53 97 113
53 98 59
53 99 79
54 55 36
54 56 48
54 57 95
54 58 103
54 59 59
54 60 90
54 61 75
54 62 22
54 63 66
54 64 96
54 65 50
54 66 95
54 67 67
54 68 94
54 69 25
54 70 79
54 71 74
54 72 126
54 73 107
54 74 14
54 75 87
54 76 73
54 77 115
54 78 86
54 79 70
54 80 105
54 81 65
54 82 52
54 83 127
54 84 33
54 85 74
54 86 58
54 87 88
54 88 88
54 89 84
54 90 85
54 91 108
54 92 100
54 93 87
54 94 81
54 95 106
54 96 96
54 97 125
54 98 71
54 99 91
55 56 22
55 57 60
55 58 69
55 59 23
55 60 55
55 61 40
55 62 25
55 63 33
55 64 75
55 65 14
55 66 61
55 67 61
55 68 62
55 69 34
55 70 69
55 71 47
55 72 97
55 73 84
55 74 25
55 75 52
55 76 66
55 77 83
55 78 50
55 79 35
55 80 86
55 81 65
55 82 40
55 83 101
55 84 42
55 85 39
55 86 42
55 87 56
55 88 61
55 89 57
55 90 61
55 91 88
55 92 79
55 93 72
55 94 52
55 95 86
55 96 89
55 97 99
55 98 39
55 99 63
56 57 58
56 58 57
56 59 26
56 60 53
56 61 31
56 62 28
56 63 20
56 64 53
56 65 25
56 66 50
56 67 43
56 68 46
56 69 33
56 70 49
56 71 26
56 72 78
56 73 63
56 74 34
56 75 51
56 76 48
56 77 66
56 78 46
56 79 40
56 80 64
56 81 49
56 82 22
56 83 80
56 84 37
56 85 39
56 86 21
56 87 40
56 88 41
56 89 37
56 90 40
56 91 66
56 92 57
56 93 51
56 94 33
56 95 65
56 96 69
56 97 79
56 98 24
56 99 44
57 58 34
57 59 37
57 60 5
57 61 28
57 62 82
57 63 40
57 64 80
57 65 45
57 66 27
57 67 96
57 68 45
57 69 90
57 70 96
57 71 53
57 72 75
57 73 81
57 74 84
57 75 8
57 76 98
57 77 56
57 78 14
57 79 26
57 80 92
57 81 104
57 82 78
57 83 85
57 84 95
57 85 21
57 86 72
57 87 42
57 88 59
57 89 59
57 90 66
57 91 89
57 92 82
57 93 90
57 94 51
57 95 89
57 96 113
57 97 85
57 98 41
57 99 56
58 59 50
58 60 33
58 61 30
58 62 85
58 63 37
58 64 53
58 65 58
58 66 10
58 67 80
58 68 17
58 69 90
58 70 76
58 71 37
58 72 41
58 73 51
58 74 90
58 75 35
58 76 81
58 77 22
58 78 27
58 79 48
58 80 64
58 81 90
58 82 69
58 83 51
58 84 92
58 85 40
58 86 61
58 87 20
58 88 34
58 89 37
58 90 42
58 91 60
58 92 54
58 93 68
58 94 31
58 95 60
58 96 90
58 97 52
58 98 33
58 99 30
59 60 32
59 61 20
59 62 46
59 63 20
59 64 70
59 65 9
59 66 40
59 67 69
59 68 47
59 69 54
59 70 74
59 71 38
59 72 83
59 73 76
59 74 47
59 75 29
59 76 74
59 77 67
59 78 28
59 79 14
59 80 82
59 81 76
59 82 49
59 83 89
59 84 60
59 85 16
59 86 46
59 87 41
59 88 52
59 89 49
59 90 54
59 91 82
59 92 73
59 93 73
59 94 41
59 95 81
59 96 93
59 97 88
59 98 26
59 99 52
60 61 23
60 62 77
60 63 35
60 64 77
60 65 40
60 66 25
60 67 91
60 68 42
60 69 85
60 70 91
60 71 49
60 72 74
60 73 79
60 74 79
60 75 3
60 76 94
60 77 55
60 78 9
60 79 22
60 80 89
60 81 99
60 82 73
60 83 83
60 84 90
60 85 16
60 86 68
60 87 39
60 88 56
60 89 56
60 90 62
60 91 87
60 92 79
60 93 86
60 94 47
60 95 86
60 96 109
60 97 83
60 98 37
60 99 53
61 62 58
61 63 12
61 64 57
61 65 28
61 66 21
61 67 67
61 68 28
61 69 65
61 70 68
61 71 27
61 72 64
61 73 61
61 74 62
61 75 23
61 76 70
61 77 47
61 78 15
61 79 22
61 80 69
61 81 76
61 82 50
61 83 71
61 84 69
61 85 16
61 86 44
61 87 22
61 88 36
61 89 35
61 90 42
61 91 68
61 92 60
61 93 64
61 94 26
61 95 67
61 96 86
61 97 70
61 98 13
61 99 35
62 63 48
62 64 74
62 65 39
62 66 77
62 67 47
62 68 73
62 69 9
62 70 58
62 71 53
62 72 104
62 73 85
62 74 9
62 75 75
62 76 52
62 77 94
62 78 71
62 79 59
62 80 82
62 81 47
62 82 30
62 83 104
62 84 18
62 85 61
62 86 36
62 87 68
62 88 66
62 89 62
62 90 63
62 91 86
62 92 78
62 93 65
62 94 60
62 95 84
62 96 76
62 97 103
62 98 52
62 99 70
63 64 50
63 65 26
63 66 30
63 67 56
63 68 29
63 69 54
63 70 57
63 71 18
63 72 64
63 73 56
63 74 53
63 75 34
63 76 59
63 77 50
63 78 27
63 79 29
63 80 62
63 81 64
63 82 38
63 83 69
63 84 57
63 85 25
63 86 32
63 87 23
63 88 31
63 89 29
63 90 34
63 91 62
63 92 53
63 93 55
63 94 21
63 95 61
63 96 76
63 97 68
63 98 6
63 99 32
64 65 74
64 66 55
64 67 40
64 68 37
64 69 73
64 70 30
64 71 32
64 72 39
64 73 12
64 74 82
64 75 77
64 76 38
64 77 42
64 78 67
64 79 78
64 80 12
64 81 51
64 82 45
64 83 34
64 84 70
64 85 73
64 86 38
64 87 38
64 88 21
64 89 22
64 90 16
64 91 13
64 92 4
64 93 18
64 94 31
64 95 11
64 96 38
64 97 32
64 98 45
64 99 24
65 66 49
65 67 68
65 68 54
65 69 47
65 70 74
65 71 43
65 72 90
65 73 81
65 74 39
65 75 38
65 76 72
65 77 75
65 78 37
65 79 20
65 80 85
65 81 73
65 82 47
65 83 95
65 84 54
65 85 24
65 86 45
65 87 48
65 88 57
65 89 53
65 90 58
65 91 86
65 92 77
65 93 74
65 94 47
65 95 85
65 96 93
65 97 94
65 98 32
65 99 58
66 67 78
66 68 19
66 69 83
66 70 75
66 71 33
66 72 49
66 73 55
66 74 82
66 75 26
66 76 79
66 77 30
66 78 18
66 79 38
66 80 67
66 81 87
66 82 64
66 83 58
66 84 86
66 85 30
66 86 57
66 87 18
66 88 35
66 89 36
66 90 42
66 91 64
66 92 56
66 93 68
66 94 28
66 95 64
66 96 90
66 97 58
66 98 27
66 99 31
67 68 63
67 69 42
67 70 13
67 71 44
67 72 79
67 73 52
67 74 56
67 75 90
67 76 5
67 77 78
67 78 82
67 79 82
67 80 43
67 81 11
67 82 21
67 83 74
67 84 35
67 85 80
67 86 24
67 87 61
67 88 48
67 89 44
67 90 40
67 91 49
67 92 44
67 93 24
67 94 50
67 95 47
67 96 29
67 97 72
67 98 54
67 99 52
68 69 77
68 70 58
68 71 22
68 72 36
68 73 37
68 74 80
68 75 43
68 76 64
68 77 21
68 78 33
68 79 50
68 80 48
68 81 73
68 82 53
68 83 43
68 84 78
68 85 43
68 86 45
68 87 6
68 88 17
68 89 19
68 90 25
68 91 45
68 92 38
68 93 50
68 94 14
68 95 45
68 96 72
68 97 43
68 98 23
68 99 13
69 70 54
69 71 56
69 72 106
69 73 85
69 74 16
69 75 83
69 76 47
69 77 97
69 78 78
69 79 67
69 80 81
69 81 40
69 82 29
69 83 105
69 84 9
69 85 69
69 86 36
69 87 72
69 88 68
69 89 64
69 90 64
69 91 84
69 92 77
69 93 62
69 94 63
69 95 83
69 96 71
69 97 103
69 98 57
69 99 72
70 71 42
70 72 69
70 73 41
70 74 67
70 75 91
70 76 9
70 77 70
70 78 82
70 79 85
70 80 31
70 81 22
70 82 29
70 83 63
70 84 48
70 85 82
70 86 28
70 87 57
70 88 42
70 89 39
70 90 34
70 91 37
70 92 33
70 93 12
70 94 46
70 95 35
70 96 20
70 97 61
70 98 55
70 99 47
71 72 52
71 73 39
71 74 60
71 75 49
71 76 46
71 77 41
71 78 40
71 79 47
71 80 44
71 81 54
71 82 32
71 83 54
71 84 57
71 85 42
71 86 24
71 87 17
71 88 15
71 89 11
71 90 16
71 91 44
71 92 35
71 93 38
71 94 7
71 95 43
71 96 60
71 97 53
71 98 14
71 99 17
72 73 28
72 74 111
72 75 75
72 76 77
72 77 19
72 78 66
72 79 85
72 80 42
72 81 90
72 82 78
72 83 13
72 84 104
72 85 78
72 86 70
72 87 42
72 88 38
72 89 42
72 90 42
72 91 36
72 92 36
72 93 57
72 94 45
72 95 38
72 96 74
72 97 14
72 98 59
72 99 34
73 74 93
73 75 79
73 76 50
73 77 35
73 78 70
73 79 83
73 80 15
73 81 63
73 82 56
73 83 22
73 84 82
73 85 77
73 86 49
73 87 40
73 88 25
73 89 28
73 90 23
73 91 9
73 92 8
73 93 29
73 94 35
73 95 10
73 96 46
73 97 19
73 98 51
73 99 26
74 75 76
74 76 61
74 77 101
74 78 74
74 79 59
74 80 91
74 81 55
74 82 39
74 83 112
74 84 25
74 85 63
74 86 45
74 87 74
74 88 74
74 89 69
74 90 71
74 91 94
74 92 86
74 93 74
74 94 67
74 95 93
74 96 85
74 97 111
74 98 57
74 99 77
75 76 93
75 77 57
75 78 10
75 79 19
75 80 89
75 81 98
75 82 72
75 83 85
75 84 88
75 85 13
75 86 66
75 87 39
75 88 56
75 89 56
75 90 62
75 91 87
75 92 79
75 93 86
75 94 47
75 95 87
75 96 108
75 97 85
75 98 36
75 99 54
76 77 77
76 78 85
76 79 86
76 80 40
76 81 13
76 82 26
76 83 72
76 84 40
76 85 83
76 86 28
76 87 62
76 88 48
76 89 45
76 90 40
76 91 46
76 92 42
76 93 21
76 94 51
76 95 44
76 96 24
76 97 69
76 98 57
76 99 53
77 78 48
77 79 68
77 80 50
77 81 88
77 82 72
77 83 30
77 84 97
77 85 60
77 86 63
77 87 27
77 88 31
77 89 35
77 90 38
77 91 45
77 92 41
77 93 59
77 94 34
77 95 46
77 96 80
77 97 31
77 98 45
77 99 26
78 79 22
78 80 80
78 81 91
78 82 65
78 83 75
78 84 83
78 85 14
78 86 59
78 87 30
78 88 47
78 89 46
78 90 53
78 91 77
78 92 70
78 93 77
78 94 37
78 95 77
78 96 99
78 97 75
78 98 28
78 99 44
79 80 90
79 81 89
79 82 62
79 83 93
79 84 74
79 85 8
79 86 58
79 87 45
79 88 58
79 89 57
79 90 63
79 91 90
79 92 81
79 93 83
79 94 48
79 95 89
79 96 104
79 97 92
79 98 33
79 99 58
80 81 53
80 82 52
80 83 34
80 84 76
80 85 85
80 86 47
80 87 50
80 88 33
80 89 34
80 90 28
80 91 6
80 92 10
80 93 19
80 94 43
80 95 5
80 96 32
80 97 31
80 98 57
80 99 36
81 82 27
81 83 84
81 84 32
81 85 87
81 86 32
81 87 71
81 88 58
81 89 54
81 90 51
81 91 58
81 92 54
81 93 34
81 94 60
81 95 57
81 96 33
81 97 82
81 98 63
81 99 63
82 83 77
82 84 26
82 85 61
82 86 8
82 87 49
82 88 42
82 89 37
82 90 36
82 91 56
82 92 49
82 93 35
82 94 39
82 95 54
82 96 49
82 97 75
82 98 38
82 99 46
83 84 103
83 85 86
83 86 69
83 87 48
83 88 39
83 89 43
83 90 41
83 91 28
83 92 30
83 93 51
83 94 49
83 95 29
83 96 65
83 97 3
83 98 63
83 99 37
84 85 75
84 86 34
84 87 73
84 88 68
84 89 63
84 90 62
84 91 80
84 92 74
84 93 57
84 94 64
84 95 79
84 96 64
84 97 101
84 98 59
84 99 72
85 86 56
85 87 38
85 88 52
85 89 51
85 90 57
85 91 84
85 92 75
85 93 79
85 94 42
85 95 83
85 96 101
85 97 85
85 98 28
85 99 51
86 87 41
86 88 33
86 89 29
86 90 28
86 91 50
86 92 42
86 93 31
86 94 31
86 95 48
86 96 48
86 97 67
86 98 32
86 99 38
87 88 17
87 89 18
87 90 25
87 91 48
87 92 40
87 93 50
87 94 11
87 95 47
87 96 72
87 97 48
87 98 17
87 99 15
88 89 5
88 90 8
88 91 32
88 92 23
88 93 33
88 94 10
88 95 31
88 96 56
88 97 38
88 98 26
88 99 5
89 90 7
89 91 33
89 92 25
89 93 31
89 94 9
89 95 32
89 96 54
89 97 42
89 98 23
89 99 9
90 91 28
90 92 19
90 93 25
90 94 16
90 95 27
90 96 48
90 97 40
90 98 29
90 99 13
91 92 9
91 93 25
91 94 42
91 95 2
91 96 38
91 97 25
91 98 57
91 99 33
92 93 21
92 94 33
92 95 8
92 96 39
92 97 28
92 98 48
92 99 25
93 94 40
93 95 23
93 96 22
93 97 48
93 98 51
93 99 38
94 95 41
94 96 62
94 97 48
94 98 15
94 99 11
95 96 36
95 97 27
95 98 56
95 99 33
96 97 62
96 98 73
96 99 60
97 98 62
97 99 36
98 99 26
0 3 11
0 11 69
0 12 64
0 16 64
0 17 57
0 22 31
0 28 47
0 29 46
0 35 39
0 39 44
0 41 33
0 42 9
0 44 81
0 48 15
0 49 14
0 51 68
0 64 59
0 68 50
0 72 83
0 73 68
0 74 30
0 75 51
0 78 46
0 92 63
0 93 56
0 94 38
0 96 74
0 98 27
1 9 59
1 13 67
1 14 83
1 17 43
1 19 52
1 21 21
1 28 17
1 31 22
1 35 64
1 40 100
1 48 76
1 53 94
1 58 37
1 62 84
1 63 48
1 64 20
1 76 58
1 80 28
1 84 84
1 89 22
1 94 28
2 3 46
2 5 7
2 7 60
2 12 75
2 14 19
2 15 42
2 22 33
2 25 70
2 33 18
2 43 44
2 45 50
2 46 46
2 49 39
2 53 43
2 57 88
2 64 48
2 68 62
2 70 27
2 83 82
2 90 43
2 95 57
2 99 54
3 6 28
3 7 15
3 11 72
3 14 55
3 16 72
3 17 66
3 20 44
3 22 38
3 31 62
3 33 57
3 40 41
3 42 6
3 46 77
3 48 23
3 50 38
3 53 37
3 54 48
3 55 13
3 57 49
3 66 48
3 69 41
3 70 64
3 71 35
3 72 85
3 75 42
3 76 63
3 80 77
3 83 89
3 89 46
3 95 77
3 96 84
4 5 91
4 7 38
4 10 66
4 12 41
4 15 52
4 16 84
4 18 83
4 25 46
4 28 56
4 30 79
4 31 41
4 35 89
4 39 14
4 41 29
4 44 83
4 47 83
4 49 68
4 51 65
4 54 98
4 55 62
4 59 39
4 63 38
4 72 65
4 74 86
4 75 13
4 78 12
4 80 85
4 83 76
4 85 24
4 87 35
4 88 52
4 91 82
4 92 74
4 94 44
4 96 107
4 98 38
5 10 63
5 22 39
5 29 31
5 30 45
5 31 80
5 32 75
5 33 11
5 39 77
5 40 45
5 42 45
5 48 31
5 49 39
5 58 84
5 59 61
5 60 88
5 61 65
5 63 53
5 64 55
5 73 67
5 77 86
5 80 61
5 83 89
5 85 74
5 94 54
5 97 86
5 99 61
6 8 21
6 11 56
6 13 26
6 15 36
6 19 17
6 22 39
6 23 62
6 25 44
6 31 41
6 33 78
6 36 41
6 49 45
6 55 41
6 56 34
6 59 19
6 63 16
6 64 61
6 67 71
6 71 31
6 73 65
6 75 19
6 76 74
6 86 48
6 87 25
6 93 68
6 97 73
6 98 18
6 99 39
7 9 35
7 10 69
7 11 71
7 13 38
7 19 18
7 23 49
7 25 60
7 34 63
7 36 30
7 38 27
7 43 29
7 45 41
7 46 85
7 48 38
7 49 32
7 50 38
7 52 22
7 55 25
7 58 48
7 61 19
7 64 70
7 66 39
7 67 71
7 69 56
7 71 39
7 75 27
7 76 75
7 77 66
7 87 40
7 88 51
7 90 55
7 91 82
7 95 81
8 10 57
8 14 96
8 22 50
8 23 83
8 26 28
8 27 18
8 31 31
8 32 28
8 33 96
8 36 62
8 38 25
8 40 90
8 41 23
8 46 85
8 52 30
8 53 86
8 54 97
8 57 19
8 59 40
8 60 18
8 61 23
8 62 81
8 67 85
8 68 27
8 72 56
8 76 87
8 80 75
8 83 66
8 84 91
8 89 44
8 96 98
9 10 64
9 11 59
9 13 8
9 14 97
9 17 85
9 21 76
9 22 55
9 28 53
9 29 78
9 30 76
9 33 98
9 34 78
9 36 61
9 45 40
9 46 91
9 47 80
9 51 64
9 52 22
9 64 71
9 71 45
9 74 83
9 75 12
9 78 8
9 84 91
9 86 66
9 92 72
9 93 82
10 11 16
10 14 75
10 16 22
10 19 52
10 24 19
10 25 24
10 26 73
10 30 89
10 32 30
10 36 67
10 37 33
10 38 76
10 48 71
10 49 75
10 51 8
10 52 78
10 54 101
10 58 45
10 62 79
10 66 48
10 67 50
10 68 30
10 72 29
10 75 72
10 77 32
10 79 76
10 85 69
10 89 20
10 97 24
11 12 20
11 14 89
11 18 82
11 19 56
11 22 41
11 26 71
11 28 23
11 29 49
11 34 55
11 35 71
11 39 57
11 42 75
11 43 84
11 45 31
11 46 47
11 48 81
11 53 99
11 55 84
11 60 67
11 61 54
11 62 90
11 73 18
11 84 90
11 85 68
11 87 31
11 89 28
11 98 46
12 13 48
12 15 33
12 17 61
12 26 56
12 33 93
12 49 78
12 50 27
12 52 60
12 53 96
12 55 77
12 56 60
12 60 49
12 62 88
12 63 43
12 65 68
12 66 24
12 71 35
12 74 94
12 75 51
12 81 84
12 86 58
12 92 40
12 93 57
12 94 28
12 95 46
12 98 38
12 99 21
13 14 103
13 15 57
13 19 43
13 27 23
13 29 86
13 34 86
13 36 66
13 37 42
13 44 90
13 45 48
13 48 74
13 50 46
13 56 60
13 60 8
13 61 29
13 62 84
13 64 79
13 65 48
13 72 72
13 87 41
13 88 58
13 92 81
13 95 88
13 99 55
14 19 60
14 20 76
14 24 88
14 29 43
14 30 45
14 31 92
14 34 36
14 40 42
14 41 72
14 43 47
14 47 72
14 48 34
14 51 84
14 52 91
14 54 43
14 55 52
14 56 43
14 57 102
14 58 96
14 60 97
14 61 74
14 67 29
14 72 104
14 73 79
14 75 95
14 78 89
14 81 23
14 89 64
14 91 77
14 93 53
14 94 66
15 19 27
15 21 32
15 24 44
15 28 11
15 29 29
15 30 65
15 32 27
15 34 31
15 35 43
15 38 57
15 39 41
15 43 52
15 45 9
15 46 43
15 47 36
15 51 31
15 52 57
15 54 79
15 57 58
15 63 25
15 68 21
15 69 59
15 91 37
15 92 29
15 94 8
15 96 55
15 98 19
15 99 13
16 17 15
16 19 61
16 22 34
16 23 79
16 24 26
16 28 28
16 29 21
16 30 88
16 31 51
16 34 29
16 37 48
16 38 91
16 41 60
16 50 45
16 54 97
16 56 58
16 58 65
16 61 67
16 65 80
16 67 35
16 69 73
16 70 23
16 71 40
16 72 48
16 74 84
16 79 87
16 81 45
16 83 41
16 87 49
16 88 32
16 90 25
17 20 53
17 22 32
17 27 72
17 28 34
17 29 10
17 31 60
17 40 81
17 47 24
17 48 60
17 50 48
17 53 75
17 58 72
17 61 67
17 68 54
17 70 8
17 72 62
17 74 73
17 75 89
17 81 30
17 83 55
17 86 31
17 90 29
17 92 26
17 94 43
17 97 53
18 21 70
18 27 63
18 28 59
18 30 29
18 32 75
18 35 22
18 36 22
18 38 78
18 39 69
18 41 57
18 48 15
18 53 23
18 55 33
18 59 50
18 60 79
18 65 44
18 71 47
18 72 96
18 78 72
18 79 63
18 88 59
18 90 54
18 91 75
18 93 53
18 94 54
18 97 93
19 22 27
19 24 71
19 27 20
19 35 50
19 41 14
19 42 21
19 45 25
19 48 34
19 51 56
19 54 62
19 55 29
19 56 17
19 58 41
19 64 53
19 76 59
19 82 37
19 86 32
20 22 26
20 26 42
20 27 26
20 28 20
20 29 47
20 33 76
20 36 51
20 39 28
20 41 17
20 43 58
20 47 47
20 51 33
20 53 76
20 56 40
20 62 68
20 64 37
20 66 19
20 73 39
20 78 31
20 80 49
20 82 49
20 83 47
20 84 73
20 89 17
20 91 47
20 92 39
20 93 49
20 97 47
20 98 18
20 99 13
21 24 16
21 26 83
21 29 30
21 35 53
21 40 97
21 44 18
21 56 60
21 61 63
21 63 57
21 66 60
21 68 41
21 71 39
21 75 83
21 77 44
21 81 55
21 85 79
21 87 44
21 89 28
21 90 23
21 91 5
21 93 21
21 94 37
21 98 52
22 26 54
22 31 41
22 37 23
22 40 65
22 42 39
22 43 47
22 52 60
22 53 59
22 61 35
22 65 47
22 66 43
22 67 34
22 81 44
22 92 31
22 93 29
22 97 54
22 98 22
23 24 100
23 25 88
23 30 14
23 34 51
23 37 67
23 39 71
23 42 29
23 44 101
23 50 64
23 52 70
23 56 31
23 58 88
23 60 79
23 64 78
23 67 51
23 71 57
23 72 108
23 78 73
23 81 50
23 82 34
23 85 63
23 93 69
23 94 64
23 98 55
23 99 74
24 26 91
24 29 46
24 31 42
24 32 44
24 33 86
24 34 53
24 37 51
24 38 94
24 41 65
24 44 2
24 45 47
24 48 89
24 50 50
24 55 96
24 56 74
24 57 91
24 58 59
24 60 88
24 61 72
24 65 93
24 66 64
24 69 95
24 75 89
24 76 58
24 77 40
24 90 35
24 91 12
24 92 18
24 96 49
25 27 42
25 29 53
25 31 6
25 33 88
25 35 71
25 36 69
25 38 59
25 41 35
25 56 58
25 58 22
25 66 28
25 70 61
25 75 54
25 83 30
25 88 21
25 95 39
25 97 30
26 31 55
26 41 26
26 42 37
26 43 45
26 48 54
26 49 48
26 51 75
26 52 6
26 54 76
26 56 43
26 58 42
26 62 64
26 65 26
26 71 46
26 73 80
26 75 12
26 76 87
26 83 88
26 92 79
26 93 83
27 28 44
27 31 39
27 34 63
27 40 72
27 41 11
27 46 80
27 48 52
27 49 48
27 52 21
27 59 22
27 61 6
27 63 18
27 64 61
27 65 31
27 67 73
27 73 64
27 76 76
27 81 82
27 84 74
27 86 50
27 87 25
27 88 40
27 89 39
27 96 91
27 97 72
27 99 39
28 33 66
28 36 53
28 37 20
28 41 33
28 43 63
28 52 65
28 54 89
28 63 34
28 64 17
28 65 59
28 67 45
28 72 38
28 77 32
28 93 30
28 94 14
28 95 27
28 97 37
28 99 8
29 34 7
29 35 24
29 37 45
29 42 55
29 48 50
29 52 83
29 54 76
29 59 65
29 61 58
29 64 25
29 65 65
29 67 16
29 71 33
29 76 15
29 80 30
29 81 27
29 83 59
29 87 48
29 89 30
29 90 25
29 97 56
30 33 48
30 34 62
30 42 25
30 44 108
30 46 90
30 48 18
30 49 14
30 52 62
30 53 10
30 56 33
30 61 57
30 64 85
30 65 31
30 69 25
30 71 60
30 72 111
30 75 69
30 79 51
30 83 113
30 87 71
30 88 74
30 92 89
30 96 92
30 97 112
31 37 23
31 38 55
31 44 43
31 48 76
31 52 59
31 53 94
31 54 106
31 59 58
31 70 66
31 71 33
31 72 26
31 75 50
31 77 9
31 82 65
31 85 52
31 91 45
31 95 45
31 96 77
32 34 57
32 35 71
32 41 28
32 46 60
32 49 71
32 52 55
32 53 89
32 54 101
32 56 53
32 60 45
32 61 34
32 63 36
32 64 38
32 65 61
32 70 63
32 72 30
32 73 36
32 75 46
32 79 55
32 80 49
32 82 60
32 87 14
32 92 39
32 94 21
32 98 31
33 34 34
33 35 17
33 37 72
33 38 97
33 41 73
33 48 36
33 49 45
33 55 54
33 56 45
33 57 103
33 60 98
33 64 65
33 66 91
33 67 26
33 70 39
33 72 102
33 76 31
33 83 99
33 88 67
33 89 63
33 91 75
33 93 50
33 96 53
33 98 64
34 40 65
34 41 53
34 43 54
34 49 50
34 50 42
34 52 81
34 54 69
34 55 57
34 57 86
34 59 62
34 63 46
34 67 11
34 74 56
34 76 13
34 80 37
34 83 65
34 94 39
34 97 63
35 36 38
35 37 57
35 40 52
35 43 47
35 48 35
35 49 43
35 50 53
35 51 65
35 54 55
35 59 62
35 62 35
35 68 64
35 70 24
35 71 43
35 74 44
35 80 53
35 85 74
35 90 44
35 93 34
35 96 41
35 99 55
36 45 45
36 46 72
36 51 73
36 52 51
36 53 25
36 58 66
36 62 19
36 67 48
36 69 27
36 75 56
36 76 53
36 78 52
36 79 41
36 83 91
36 86 29
36 95 75
36 98 34
37 38 44
37 43 54
37 44 52
37 46 57
37 47 48
37 48 54
37 49 53
37 52 45
37 62 64
37 65 45
37 67 57
37 68 10
37 69 68
37 71 14
37 84 69
37 89 17
37 92 40
37 94 8
38 42 47
38 44 95
38 46 100
38 50 46
38 51 77
38 53 77
38 57 10
38 58 40
38 61 26
38 65 37
38 66 31
38 67 92
38 75 5
38 81 100
38 85 13
38 88 60
38 89 60
38 90 66
38 97 89
39 42 42
39 48 58
39 49 54
39 50 30
39 56 43
39 57 17
39 58 26
39 60 12
39 61 12
39 63 24
39 64 65
39 65 36
39 67 79
39 72 65
39 75 12
39 76 82
39 77 47
39 80 77
39 83 73
39 88 44
39 91 75
39 92 67
39 93 74
39 94 35
39 97 73
39 98 25
39 99 42
40 41 70
40 45 75
40 46 94
40 47 99
40 54 7
40 56 42
40 58 96
40 60 83
40 62 17
40 66 88
40 69 23
40 73 102
40 80 100
40 82 47
40 84 31
40 88 82
40 91 103
40 92 95
40 94 74
40 99 85
41 58 27
41 60 29
41 61 7
41 64 50
41 77 42
41 80 62
41 81 72
41 86 40
41 96 80
42 45 44
42 51 74
42 54 42
42 61 32
42 69 36
42 78 44
42 79 32
42 82 35
42 83 92
42 88 52
42 89 48
42 90 52
42 92 71
42 98 30
42 99 54
43 45 53
43 49 5
43 50 51
43 52 50
43 53 22
43 57 64
43 58 72
43 60 59
43 61 43
43 62 20
43 66 63
43 68 64
43 69 29
43 85 43
43 87 58
43 92 78
43 93 70
43 94 53
43 96 86
44 59 89
44 60 89
44 61 73
44 63 69
44 64 24
44 69 97
44 71 52
44 77 41
44 79 95
44 83 16
44 84 93
44 87 51
44 89 41
44 90 36
44 95 15
44 98 63
45 47 42
45 49 52
45 56 34
45 60 45
45 63 21
45 65 47
45 67 52
45 74 68
45 77 33
45 84 65
45 89 10
45 92 34
45 94 2
45 95 42
45 96 64
45 97 48
45 98 15
46 54 98
46 56 63
46 59 85
46 63 66
46 67 32
46 72 58
46 74 85
46 83 49
46 84 67
46 85 90
46 90 34
46 93 12
46 95 20
47 49 81
47 51 22
47 52 93
47 53 93
47 59 81
47 60 87
47 61 68
47 62 82
47 74 91
47 78 78
47 79 89
47 84 76
47 89 32
47 94 41
47 98 56
47 99 34
48 51 78
48 54 31
48 55 17
48 56 18
48 58 74
48 77 84
48 78 61
48 86 30
48 91 79
48 92 71
48 97 95
49 56 19
49 59 30
49 64 71
49 65 22
49 66 64
49 67 54
49 70 62
49 85 46
49 86 36
49 88 60
49 89 55
49 92 75
49 93 67
49 94 51
49 96 82
49 98 40
50 52 47
50 57 46
50 59 38
50 61 22
50 63 18
50 66 24
50 68 13
50 69 64
50 74 67
50 77 34
50 79 44
50 80 47
50 81 63
50 82 41
50 84 65
50 86 33
50 89 14
50 95 45
50 97 50
50 99 14
51 53 96
51 54 109
51 56 62
51 63 53
51 65 78
51 69 87
51 87 34
51 92 16
52 53 71
52 54 80
52 56 49
52 59 23
52 68 50
52 69 78
52 70 92
52 71 52
52 73 86
52 74 70
52 77 66
52 81 97
52 82 70
52 84 84
52 89 60
52 91 93
52 97 93
52 98 38
53 56 36
53 60 80
53 64 84
53 71 62
53 73 95
53 79 60
53 83 114
53 87 76
53 94 69
53 96 87
53 99 79
54 57 95
54 58 103
54 64 96
54 65 50
54 72 126
54 74 14
54 83 127
54 86 58
54 89 84
54 91 108
54 94 81
54 95 106
54 96 96
54 99 91
55 56 22
55 58 69
55 60 55
55 62 25
55 64 75
55 74 25
55 75 52
55 82 40
55 86 42
55 87 56
55 90 61
55 91 88
55 93 72
55 94 52
56 61 31
56 66 50
56 68 46
56 73 63
56 74 34
56 76 48
56 79 40
56 86 21
56 90 40
56 95 65
57 58 34
57 66 27
57 67 96
57 68 45
57 71 53
57 73 81
57 74 84
57 75 8
57 79 26
57 86 72
57 87 42
57 95 89
58 62 85
58 66 10
58 67 80
58 70 76
58 74 90
58 76 81
58 79 48
58 81 90
58 86 61
58 88 34
58 96 90
58 97 52
58 99 30
59 63 20
59 66 40
59 67 69
59 68 47
59 72 83
59 73 76
59 75 29
59 77 67
59 78 28
59 80 82
59 83 89
59 88 52
59 95 81
60 66 25
60 67 91
60 68 42
60 80 89
60 82 73
60 85 16
60 89 56
60 96 109
60 98 37
61 62 58
61 63 12
61 64 57
61 69 65
61 70 68
61 73 61
61 74 62
61 80 69
61 83 71
61 87 22
61 88 36
61 91 68
61 96 86
62 65 39
62 75 75
62 76 52
62 81 47
62 85 61
62 87 68
62 93 65
62 94 60
62 96 76
62 99 70
63 65 26
63 68 29
63 69 54
63 70 57
63 71 18
63 73 56
63 78 27
63 84 57
63 87 23
63 90 34
63 94 21
63 96 76
63 99 32
64 65 74
64 68 37
64 71 32
64 75 77
64 76 38
64 78 67
64 85 73
64 87 38
64 96 38
64 97 32
64 99 24
65 67 68
65 70 74
65 71 43
65 78 37
65 80 85
65 83 95
65 90 58
65 96 93
66 72 49
66 73 55
66 74 82
66 76 79
66 79 38
66 82 64
66 95 64
66 96 90
66 99 31
67 69 42
67 72 79
67 74 56
67 79 82
67 80 43
67 84 35
67 86 24
67 87 61
67 88 48
67 89 44
67 97 72
67 98 54
68 70 58
68 76 64
68 85 43
68 87 6
68 88 17
68 98 23
68 99 13
69 72 106
69 80 81
69 84 9
69 85 69
69 88 68
69 89 64
69 93 62
69 94 63
69 99 72
70 72 69
70 81 22
70 89 39
70 92 33
70 93 12
70 96 20
70 99 47
71 87 17
71 92 35
71 93 38
71 95 43
71 96 60
71 98 14
72 73 28
72 78 66
72 80 42
72 83 13
72 85 78
72 86 70
72 89 42
72 96 74
73 80 15
73 86 49
73 89 28
73 90 23
73 94 35
73 96 46
74 75 76
74 77 101
74 78 74
74 80 91
74 91 94
74 93 74
75 83 85
75 84 88
75 86 66
75 88 56
75 89 56
75 94 47
75 96 108
75 98 36
76 78 85
76 83 72
76 86 28
76 88 48
76 89 45
76 92 42
76 94 51
76 98 57
77 78 48
77 81 88
77 82 72
77 83 30
77 86 63
77 87 27
77 93 59
77 95 46
78 82 65
78 83 75
78 84 83
78 85 14
78 86 59
78 91 77
79 81 89
79 82 62
79 85 8
79 89 57
79 91 90
79 93 83
79 99 58
80 83 34
80 86 47
80 88 33
80 92 10
81 86 32
81 89 54
81 92 54
81 98 63
81 99 63
82 83 77
82 88 42
82 95 54
82 96 49
82 98 38
83 91 28
83 98 63
84 92 74
84 93 57
84 95 79
85 90 57
85 94 42
85 95 83
85 99 51
86 87 41
86 91 50
86 93 31
86 99 38
87 88 17
88 96 56
88 98 26
88 99 5
89 95 32
89 96 54
89 98 23
90 92 19
90 95 27
90 96 48
91 92 9
91 93 25
92 93 21
92 94 33
92 95 8
93 94 40
94 97 48
