20 0.7 10 1 1 190 133 10
0.967852 0.923714 0
0.212922 0.808429 76
0.271573 0.0809011 109
0.0954885 0.0439109 124
0.627428 0.349452 67
0.375418 0.282707 87
0.741744 0.711468 31
0.117347 0.47753 96
0.331453 0.664768 69
0.634931 0.57762 48
0.878454 0.251038 68
0.694902 0.573904 44
0.818116 0.978277 16
0.0866046 0.233515 112
0.419917 0.0354439 104
0.834919 0.866671 14
0.270099 0.822234 71
0.483596 0.609016 58
0.858712 0.384452 55
0.627565 0.819209 36
0 1 76
0 2 109
0 3 124
0 4 67
0 5 87
0 6 31
0 7 96
0 8 69
0 9 48
0 10 68
0 11 44
0 12 16
0 13 112
0 14 104
0 15 14
0 16 71
0 17 58
0 18 55
0 19 36
1 2 73
1 3 77
1 4 62
1 5 55
1 6 54
1 7 34
1 8 19
1 9 48
1 10 87
1 11 54
1 12 63
1 13 59
1 14 80
1 15 62
1 16 6
1 17 34
1 18 77
1 19 41
2 3 18
2 4 45
2 5 23
2 6 79
2 7 43
2 8 59
2 9 62
2 10 63
2 11 65
2 12 105
2 13 24
2 14 16
2 15 97
2 16 74
2 17 57
2 18 66
2 19 82
3 4 61
3 5 37
3 6 93
3 7 43
3 8 66
3 9 76
3 10 81
3 11 80
3 12 118
3 13 19
3 14 32
3 15 111
3 16 80
3 17 69
3 18 84
3 19 94
4 5 26
4 6 38
4 7 53
4 8 43
4 9 23
4 10 27
4 11 23
4 12 66
4 13 55
4 14 38
4 15 56
4 16 59
4 17 30
4 18 23
4 19 47
5 6 56
5 7 32
5 8 38
5 9 39
5 10 50
5 11 43
5 12 82
5 13 29
5 14 25
5 15 74
5 16 55
5 17 34
5 18 49
5 19 59
6 7 67
6 8 41
6 9 17
6 10 48
6 11 15
6 12 28
6 13 81
6 14 75
6 15 18
6 16 48
6 17 28
6 18 35
6 19 16
7 8 28
7 9 53
7 10 79
7 11 59
7 12 86
7 13 25
7 14 54
7 15 82
7 16 38
7 17 39
7 18 75
7 19 61
8 9 32
8 10 69
8 11 37
8 12 58
8 13 50
8 14 64
8 15 54
8 16 17
8 17 16
8 18 60
8 19 33
9 10 41
9 11 6
9 12 44
9 13 65
9 14 58
9 15 35
9 16 44
9 17 15
9 18 30
9 19 24
10 11 37
10 12 73
10 13 79
10 14 51
10 15 62
10 16 83
10 17 53
10 18 13
10 19 62
11 12 42
11 13 70
11 14 60
11 15 32
11 16 49
11 17 21
11 18 25
11 19 25
12 13 104
12 14 102
12 15 11
12 16 57
12 17 50
12 18 60
12 19 25
13 14 39
13 15 98
13 16 62
13 17 55
13 18 79
13 19 80
14 15 93
14 16 80
14 17 58
14 18 56
14 19 81
15 16 57
15 17 44
15 18 48
15 19 21
16 17 30
16 18 73
16 19 36
17 18 44
17 19 25
18 19 49
0 1 76
0 2 109
0 5 87
0 6 31
0 7 96
0 8 69
0 11 44
0 12 16
0 13 112
0 14 104
0 15 14
0 16 71
0 17 58
0 18 55
0 19 36
1 2 73
1 4 62
1 5 55
1 7 34
1 9 48
1 11 54
1 12 63
1 14 80
1 16 6
1 17 34
1 18 77
2 4 45
2 5 23
2 8 59
2 9 62
2 10 63
2 11 65
2 12 105
2 13 24
2 15 97
2 16 74
2 18 66
3 4 61
3 6 93
3 7 43
3 8 66
3 11 80
3 12 118
3 13 19
3 18 84
3 19 94
4 5 26
4 7 53
4 8 43
4 9 23
4 10 27
4 12 66
4 13 55
4 14 38
4 15 56
4 16 59
4 17 30
5 7 32
5 8 38
5 10 50
5 12 82
5 13 29
5 15 74
5 16 55
5 19 59
6 7 67
6 8 41
6 9 17
6 10 48
6 11 15
6 13 81
6 15 18
6 16 48
6 17 28
6 18 35
6 19 16
7 8 28
7 11 59
7 13 25
7 14 54
7 15 82
7 16 38
7 17 39
7 18 75
7 19 61
8 9 32
8 10 69
8 11 37
8 12 58
8 13 50
8 14 64
8 15 54
8 16 17
8 18 60
9 10 41
9 12 44
9 13 65
9 15 35
9 16 44
9 17 15
9 19 24
10 11 37
10 12 73
10 14 51
10 16 83
10 18 13
10 19 62
11 12 42
11 13 70
11 14 60
11 15 32
11 17 21
11 19 25
12 13 104
12 14 102
12 15 11
12 17 50
12 18 60
12 19 25
13 14 39
13 15 98
13 16 62
13 17 55
13 18 79
13 19 80
14 15 93
14 16 80
14 17 58
14 18 56
14 19 81
16 18 73
17 18 44
17 19 25
