20 0.5 5 0 0.1 190 95 15
0.963108 0.79056 4
0.249216 0.528663 5
0.725667 0.675137 2
0.418891 0.09473 5
0.735945 0.486616 0
0.894952 0.807181 4
0.413606 0.721277 4
0.06293 0.636199 7
0.961252 0.701806 3
0.418377 0.214213 4
0.602544 0.0936298 4
0.938291 0.173683 4
0.817614 0.404259 1
0.374447 0.169598 5
0.147128 0.770979 7
0.0253215 0.367824 7
0.152426 0.0497933 7
0.766821 0.618206 1
0.942291 0.224424 3
0.186313 0.24688 6
0 1 76
0 2 26
0 3 88
0 4 38
0 5 7
0 6 55
0 7 91
0 8 9
0 9 79
0 10 78
0 11 62
0 12 41
0 13 86
0 14 82
0 15 103
0 16 110
0 17 26
0 18 57
0 19 95
1 2 50
1 3 47
1 4 49
1 5 70
1 6 25
1 7 22
1 8 73
1 9 36
1 10 56
1 11 78
1 12 58
1 13 38
1 14 26
1 15 28
1 16 49
1 17 53
1 18 76
1 19 29
2 3 66
2 4 19
2 5 21
2 6 32
2 7 66
2 8 24
2 9 55
2 10 59
2 11 54
2 12 29
2 13 62
2 14 59
2 15 76
2 16 85
2 17 7
2 18 50
2 19 69
3 4 50
3 5 86
3 6 63
3 7 65
3 8 81
3 9 12
3 10 18
3 11 53
3 12 50
3 13 9
3 14 73
3 15 48
3 16 27
3 17 63
3 18 54
3 19 28
4 5 36
4 6 40
4 7 69
4 8 31
4 9 42
4 10 42
4 11 37
4 12 12
4 13 48
4 14 65
4 15 72
4 16 73
4 17 14
4 18 33
4 19 60
5 6 49
5 7 85
5 8 12
5 9 76
5 10 77
5 11 63
5 12 41
5 13 82
5 14 75
5 15 97
5 16 106
5 17 23
5 18 58
5 19 90
6 7 36
6 8 55
6 9 51
6 10 66
6 11 76
6 12 51
6 13 55
6 14 27
6 15 53
6 16 72
6 17 37
6 18 73
6 19 53
7 8 90
7 9 55
7 10 77
7 11 99
7 12 79
7 13 56
7 14 16
7 15 27
7 16 59
7 17 70
7 18 97
7 19 41
8 9 73
8 10 71
8 11 53
8 12 33
8 13 79
8 14 82
8 15 99
8 16 104
8 17 21
8 18 48
8 19 90
9 10 22
9 11 52
9 12 44
9 13 6
9 14 62
9 15 42
9 16 31
9 17 53
9 18 52
9 19 23
10 11 35
10 12 38
10 13 24
10 14 82
10 15 64
10 16 45
10 17 55
10 18 36
10 19 44
11 12 26
11 13 56
11 14 99
11 15 93
11 16 80
11 17 48
11 18 5
11 19 76
12 13 50
12 14 76
12 15 79
12 16 75
12 17 22
12 18 22
12 19 65
13 14 64
13 15 40
13 16 25
13 17 60
13 18 57
13 19 20
14 15 42
14 16 72
14 17 64
14 18 96
14 19 53
15 16 34
15 17 78
15 18 93
15 19 20
16 17 84
16 18 81
16 19 20
17 18 43
17 19 69
18 19 76
0 3 88
0 4 38
0 5 7
0 14 82
0 16 110
0 17 26
0 18 57
0 19 95
1 4 49
1 7 22
1 9 36
1 11 78
1 13 38
1 14 26
1 15 28
1 19 29
2 4 19
2 5 21
2 7 66
2 9 55
2 11 54
2 12 29
2 14 59
2 15 76
2 16 85
2 17 7
2 18 50
2 19 69
3 4 50
3 5 86
3 10 18
3 11 53
3 13 9
3 14 73
3 19 28
4 7 69
4 8 31
4 9 42
4 11 37
4 14 65
4 16 73
4 18 33
4 19 60
5 6 49
5 8 12
5 9 76
5 10 77
5 11 63
5 13 82
5 14 75
5 17 23
6 8 55
6 9 51
6 10 66
6 11 76
6 12 51
6 13 55
6 15 53
6 16 72
6 17 37
7 10 77
7 14 16
7 15 27
7 16 59
7 18 97
8 12 33
8 14 82
8 16 104
8 17 21
8 18 48
9 12 44
9 16 31
10 11 35
10 14 82
10 15 64
10 16 45
10 19 44
11 12 26
11 14 99
11 15 93
11 19 76
12 13 50
13 14 64
13 17 60
13 19 20
14 15 42
14 16 72
14 19 53
15 16 34
15 17 78
15 19 20
16 18 81
17 18 43
17 19 69
18 19 76
