10 0.3 5 1 1 45 14 1
0.770139 0.651458 47
0.858486 0.378429 18
0.239411 0.620106 81
0.536721 0.846619 75
0.712162 0.422046 31
0.10819 0.437927 87
0.9469 0.217408 0
0.711697 0.39396 29
0.889804 0.399413 19
0.707475 0.498044 37
0 1 29
0 2 53
0 3 30
0 4 24
0 5 70
0 6 47
0 7 26
0 8 28
0 9 17
1 2 66
1 3 57
1 4 15
1 5 75
1 6 18
1 7 15
1 8 4
1 9 19
2 3 37
2 4 51
2 5 22
2 6 81
2 7 52
2 8 69
2 9 48
3 4 46
3 5 59
3 6 75
3 7 49
3 8 57
3 9 39
4 5 60
4 6 31
4 7 3
4 8 18
4 9 8
5 6 87
5 7 61
5 8 78
5 9 60
6 7 29
6 8 19
6 9 37
7 8 18
7 9 10
8 9 21
0 3 30
0 8 28
1 3 57
1 5 75
1 6 18
1 7 15
2 5 22
2 9 48
3 6 75
3 8 57
4 8 18
4 9 8
5 7 61
6 9 37
