20 190 133 2 8
0.0337991 0.461946 41
0.907551 0.0971628 75
0.698402 0.952342 43
0.000435508 0.0302583 73
0.321748 0.82333 20
0.159931 0.727377 25
0.922136 0.0673114 78
0.189857 0.559847 23
0.72685 0.321903 46
0.603727 0.819052 27
0.462654 0.185511 46
0.516716 0.0305592 62
0.705559 0.781299 34
0.00211252 0.382268 48
0.118917 0.574925 29
0.940385 0.886869 59
0.558451 0.724379 18
0.747733 0.0331167 70
0.399883 0.643579 0
0.430022 0.0431809 60
0 1 95
0 2 83
0 3 43
0 4 46
0 5 29
0 6 97
0 7 18
0 8 71
0 9 67
0 10 51
0 11 65
0 12 74
0 13 9
0 14 14
0 15 100
0 16 59
0 17 83
0 18 41
0 19 58
1 2 88
1 3 91
1 4 93
1 5 98
1 6 3
1 7 85
1 8 29
1 9 78
1 10 45
1 11 40
1 12 71
1 13 95
1 14 92
1 15 79
1 16 72
1 17 17
1 18 75
1 19 48
2 3 116
2 4 40
2 5 58
2 6 91
2 7 64
2 8 63
2 9 16
2 10 80
2 11 94
2 12 17
2 13 90
2 14 69
2 15 25
2 16 27
2 17 92
2 18 43
2 19 95
3 4 86
3 5 72
3 6 92
3 7 56
3 8 78
3 9 99
3 10 49
3 11 52
3 12 103
3 13 35
3 14 56
3 15 127
3 16 89
3 17 75
3 18 73
3 19 43
4 5 19
4 6 97
4 7 29
4 8 64
4 9 28
4 10 65
4 11 82
4 12 39
4 13 54
4 14 32
4 15 62
4 16 26
4 17 90
4 18 20
4 19 79
5 6 101
5 7 17
5 8 70
5 9 45
5 10 62
5 11 78
5 12 55
5 13 38
5 14 16
5 15 80
5 16 40
5 17 91
5 18 25
5 19 74
6 7 88
6 8 32
6 9 82
6 10 47
6 11 41
6 12 75
6 13 97
6 14 95
6 15 82
6 16 75
6 17 18
6 18 78
6 19 49
7 8 59
7 9 49
7 10 46
7 11 62
7 12 56
7 13 26
7 14 7
7 15 82
7 16 40
7 17 77
7 18 23
7 19 57
8 9 51
8 10 30
8 11 36
8 12 46
8 13 73
8 14 66
8 15 60
8 16 44
8 17 29
8 18 46
8 19 41
9 10 65
9 11 79
9 12 11
9 13 74
9 14 54
9 15 34
9 16 10
9 17 80
9 18 27
9 19 80
10 11 16
10 12 64
10 13 50
10 14 52
10 15 85
10 16 55
10 17 32
10 18 46
10 19 15
11 12 77
11 13 62
11 14 67
11 15 96
11 16 70
11 17 23
11 18 62
11 19 9
12 13 81
12 14 62
12 15 26
12 16 16
12 17 75
12 18 34
12 19 79
13 14 23
13 15 107
13 16 65
13 17 82
13 18 48
13 19 55
14 15 88
14 16 46
14 17 83
14 18 29
14 19 62
15 16 42
15 17 88
15 18 59
15 19 99
16 17 72
16 18 18
16 19 69
17 18 70
17 19 32
18 19 60
0 2 83
0 3 43
0 4 46
0 5 29
0 6 97
0 7 18
0 8 71
0 10 51
0 11 65
0 13 9
0 14 14
0 15 100
0 16 59
0 17 83
1 2 88
1 4 93
1 5 98
1 6 3
1 7 85
1 8 29
1 9 78
1 12 71
1 13 95
1 15 79
1 17 17
1 18 75
1 19 48
2 3 116
2 6 91
2 7 64
2 9 16
2 10 80
2 11 94
2 12 17
2 15 25
2 18 43
2 19 95
3 4 86
3 5 72
3 6 92
3 7 56
3 9 99
3 10 49
3 13 35
3 14 56
3 15 127
3 18 73
4 5 19
4 6 97
4 7 29
4 8 64
4 9 28
4 10 65
4 12 39
4 14 32
4 15 62
4 16 26
4 17 90
4 18 20
4 19 79
5 6 101
5 8 70
5 10 62
5 11 78
5 12 55
5 13 38
5 14 16
5 17 91
5 18 25
5 19 74
6 8 32
6 9 82
6 10 47
6 11 41
6 12 75
6 13 97
6 15 82
6 16 75
6 17 18
6 18 78
6 19 49
7 8 59
7 10 46
7 12 56
7 13 26
7 14 7
7 17 77
7 18 23
7 19 57
8 10 30
8 11 36
8 13 73
8 14 66
8 15 60
8 16 44
8 19 41
9 10 65
9 11 79
9 12 11
9 14 54
9 15 34
9 16 10
9 17 80
9 18 27
9 19 80
10 13 50
10 14 52
10 19 15
11 13 62
11 14 67
11 15 96
11 16 70
11 17 23
11 19 9
12 13 81
12 15 26
12 16 16
12 17 75
12 18 34
12 19 79
13 15 107
13 16 65
14 17 83
14 19 62
15 16 42
15 17 88
15 18 59
15 19 99
16 17 72
16 18 18
17 18 70
17 19 32
18 19 60
