10 0.3 5 0 1 45 14 4
0.786481 0.981614 36
0.275862 0.811012 41
0.170677 0.0614132 76
0.134698 0.0301019 81
0.678216 0.253359 40
0.766093 0.0278157 63
0.0310423 0.961012 69
0.97655 0.0844219 65
0.119428 0.99855 64
0.651923 0.65092 0
0 1 54
0 2 111
0 3 115
0 4 74
0 5 95
0 6 76
0 7 92
0 8 67
0 9 36
1 2 76
1 3 79
1 4 69
1 5 92
1 6 29
1 7 101
1 8 24
1 9 41
2 3 5
2 4 54
2 5 60
2 6 91
2 7 81
2 8 94
2 9 76
3 4 59
3 5 63
3 6 94
3 7 84
3 8 97
3 9 81
4 5 24
4 6 96
4 7 34
4 8 93
4 9 40
5 6 119
5 7 22
5 8 117
5 9 63
6 7 129
6 8 10
6 9 69
7 8 125
7 9 65
8 9 64
0 4 74
0 5 95
0 7 92
1 2 76
1 4 69
1 7 101
1 8 24
2 3 5
2 8 94
3 9 81
4 5 24
5 6 119
6 9 69
7 9 65
