10 0.3 4 1 0 0.5 45 14 3
0.0601042 0.206063 43
0.359934 0.368472 30
0.401724 0.899888 45
0.506721 0.377489 24
0.672812 0.733752 31
0.831475 0.462223 16
0.731998 0.75791 31
0.724805 0.337861 13
0.926303 0.158777 0
0.141267 0.525516 43
0 1 34
0 2 77
0 3 48
0 4 81
0 5 81
0 6 87
0 7 68
0 8 87
0 9 33
1 2 53
1 3 15
1 4 48
1 5 48
1 6 54
1 7 37
1 8 60
1 9 27
2 3 53
2 4 32
2 5 61
2 6 36
2 7 65
2 8 91
2 9 46
3 4 39
3 5 34
3 6 44
3 7 22
3 8 47
3 9 39
4 5 31
4 6 6
4 7 40
4 8 63
4 9 57
5 6 31
5 7 16
5 8 32
5 9 69
6 7 42
6 8 63
6 9 63
7 8 27
7 9 61
8 9 87
0 3 48
0 6 87
0 8 87
0 9 33
1 5 48
1 7 37
2 5 61
2 6 36
3 6 44
4 7 40
4 8 63
6 9 63
7 8 27
9 2 46
