10 0.7 4 0 1 0.5 45 31 0
0.815076 0.694831 16
0.553129 0.501777 0
0.938553 0.639697 20
0.444285 0.551042 6
0.472291 0.700506 11
0.801504 0.869064 22
0.674778 0.259026 14
0.602213 0.413084 5
0.284384 0.0865242 25
0.087091 0.417666 24
0 1 33
0 2 14
0 3 40
0 4 34
0 5 17
0 6 46
0 7 35
0 8 81
0 9 78
1 2 41
1 3 12
1 4 21
1 5 44
1 6 27
1 7 10
1 8 49
1 9 47
2 3 50
2 4 47
2 5 27
2 6 46
2 7 41
2 8 86
2 9 88
3 4 15
3 5 48
3 6 37
3 7 21
3 8 49
3 9 38
4 5 37
4 6 49
4 7 32
4 8 64
4 9 48
5 6 62
5 7 50
5 8 94
5 9 85
6 7 17
6 8 43
6 9 61
7 8 46
7 9 52
8 9 39
0 1 33
0 2 14
0 3 40
0 6 46
0 7 35
0 8 81
0 9 78
1 2 41
1 3 12
1 5 44
1 6 27
1 7 10
1 8 49
2 3 50
2 4 47
2 5 27
2 9 88
3 5 48
3 6 37
3 8 49
3 9 38
4 5 37
4 6 49
4 9 48
5 7 50
5 8 94
5 9 85
6 8 43
7 8 46
7 9 52
8 9 39
