100 0.7 20 0 1 4950 3465 28
0.043452 0.151529 58
0.651592 0.540817 15
0.472188 0.497883 4
0.106199 0.737952 47
0.778526 0.48817 27
0.387316 0.974064 50
0.383801 0.124476 39
0.0160656 0.474876 49
0.954359 0.350023 47
0.876893 0.0438101 58
0.529484 0.676703 18
0.453323 0.732561 25
0.570562 0.446894 8
0.626908 0.0146354 49
0.697343 0.0771728 46
0.970285 0.185366 56
0.297236 0.399474 23
0.505527 0.92727 43
0.303564 0.213952 35
0.034411 0.642792 50
0.372639 0.408853 16
0.130014 0.296195 43
0.361985 0.865624 40
0.840508 0.00827819 59
0.767951 0.958864 53
0.573752 0.35859 15
0.573162 0.544967 8
0.399413 0.475024 11
0.828718 0.390458 34
0.181189 0.76342 42
0.971893 0.0544655 64
0.955464 0.123273 58
0.743382 0.80407 39
0.296869 0.105352 44
0.00649734 0.117219 63
0.813392 0.158559 45
0.102519 0.892278 57
0.637611 0.836177 37
0.231663 0.829618 43
0.417945 0.204742 30
0.319151 0.90278 45
0.307286 0.415263 21
0.777992 0.247284 37
0.268727 0.478979 24
0.194824 0.569558 32
0.955022 0.864787 58
0.141256 0.22054 46
0.402503 0.457974 11
0.814466 0.317042 35
0.683325 0.873651 42
0.418265 0.599082 14
0.132176 0.957295 60
0.837265 0.252162 41
0.0745671 0.948261 63
0.629605 0.261753 26
0.330126 0.60523 21
0.737334 0.348436 27
0.182143 0.986761 59
0.404928 0.886043 41
0.667074 0.141041 39
0.83135 0.621183 35
0.449088 0.0105416 49
0.644908 0.951895 48
0.125651 0.114721 54
0.943897 0.258973 50
0.642807 0.968317 49
0.933795 0.982483 65
0.0951515 0.486319 41
0.912425 0.15377 53
0.831501 0.655203 36
0.26968 0.80812 39
0.628391 0.222933 30
0.0132272 0.419009 50
0.419035 0.976181 49
0.666954 0.608762 20
0.560895 0.34622 16
0.00256968 0.0639305 66
0.500898 0.813586 32
0.286299 0.152185 41
0.6742 0.228881 31
0.679413 0.721972 29
0.0647719 0.120713 58
0.18147 0.0370381 56
0.729552 0.823562 40
0.82429 0.113033 50
0.224293 0.929513 52
0.326673 0.942046 48
0.703073 0.311658 27
0.787189 0.934639 52
0.204362 0.184822 43
0.47425 0.737647 25
0.507329 0.493411 0
0.454714 0.361541 14
0.419503 0.413899 12
0.715891 0.266857 31
0.753866 0.654671 29
0.730889 0.558496 23
0.511527 0.453411 4
0.145137 0.438935 37
0.560683 0.462891 6
0 1 72
0 2 55
0 3 59
0 4 81
0 5 89
0 6 34
0 7 32
0 8 93
0 9 84
0 10 72
0 11 71
0 12 60
0 13 60
0 14 66
0 15 93
0 16 35
0 17 90
0 18 27
0 19 49
0 20 42
0 21 17
0 22 78
0 23 81
0 24 108
0 25 57
0 26 66
0 27 48
0 28 82
0 29 63
0 30 93
0 31 91
0 32 96
0 33 26
0 34 5
0 35 77
0 36 74
0 37 91
0 38 70
0 39 38
0 40 80
0 41 37
0 42 74
0 43 40
0 44 44
0 45 116
0 46 12
0 47 47
0 48 79
0 49 96
0 50 58
0 51 81
0 52 80
0 53 80
0 54 60
0 55 54
0 56 72
0 57 85
0 58 82
0 59 62
0 60 92
0 61 43
0 62 100
0 63 9
0 64 91
0 65 101
0 66 122
0 67 34
0 68 87
0 69 94
0 70 69
0 71 59
0 72 27
0 73 91
0 74 77
0 75 55
0 76 10
0 77 80
0 78 24
0 79 64
0 80 85
0 81 4
0 82 18
0 83 96
0 84 78
0 85 80
0 86 84
0 87 68
0 88 108
0 89 16
0 90 73
0 91 58
0 92 46
0 93 46
0 94 68
0 95 87
0 96 80
0 97 56
0 98 30
0 99 60
1 2 18
1 3 58
1 4 14
1 5 51
1 6 50
1 7 64
1 8 36
1 9 55
1 10 18
1 11 28
1 12 12
1 13 53
1 14 47
1 15 48
1 16 38
1 17 41
1 18 48
1 19 63
1 20 31
1 21 58
1 22 44
1 23 57
1 24 43
1 25 20
1 26 8
1 27 26
1 28 23
1 29 52
1 30 58
1 31 52
1 32 28
1 33 56
1 34 77
1 35 42
1 36 65
1 37 30
1 38 51
1 39 41
1 40 49
1 41 37
1 42 32
1 43 39
1 44 46
1 45 44
1 46 60
1 47 26
1 48 28
1 49 33
1 50 24
1 51 67
1 52 34
1 53 71
1 54 28
1 55 33
1 56 21
1 57 65
1 58 42
1 59 40
1 60 20
1 61 57
1 62 41
1 63 68
1 64 41
1 65 43
1 66 52
1 67 56
1 68 47
1 69 21
1 70 47
1 71 32
1 72 65
1 73 49
1 74 7
1 75 21
1 76 81
1 77 31
1 78 53
1 79 31
1 80 18
1 81 72
1 82 69
1 83 29
1 84 46
1 85 58
1 86 52
1 87 23
1 88 42
1 89 57
1 90 26
1 91 15
1 92 27
1 93 26
1 94 28
1 95 15
1 96 8
1 97 17
1 98 52
1 99 12
2 3 44
2 4 31
2 5 48
2 6 38
2 7 46
2 8 50
2 9 61
2 10 19
2 11 24
2 12 11
2 13 51
2 14 48
2 15 59
2 16 20
2 17 43
2 18 33
2 19 46
2 20 13
2 21 40
2 22 38
2 23 61
2 24 55
2 25 17
2 26 11
2 27 8
2 28 37
2 29 39
2 30 67
2 31 61
2 32 41
2 33 43
2 34 60
2 35 48
2 36 54
2 37 38
2 38 41
2 39 30
2 40 43
2 41 18
2 42 40
2 43 20
2 44 29
2 45 61
2 46 43
2 47 8
2 48 39
2 49 43
2 50 11
2 51 57
2 52 44
2 53 60
2 54 28
2 55 18
2 56 30
2 57 57
2 58 39
2 59 41
2 60 38
2 61 49
2 62 49
2 63 52
2 64 53
2 65 50
2 66 67
2 67 38
2 68 56
2 69 39
2 70 37
2 71 32
2 72 47
2 73 48
2 74 22
2 75 18
2 76 64
2 77 32
2 78 39
2 79 34
2 80 31
2 81 56
2 82 54
2 83 42
2 84 52
2 85 50
2 86 47
2 87 30
2 88 54
2 89 41
2 90 24
2 91 4
2 92 14
2 93 10
2 94 34
2 95 32
2 96 27
2 97 6
2 98 33
2 99 10
3 4 72
3 5 37
3 6 67
3 7 28
3 8 93
3 9 104
3 10 43
3 11 35
3 12 55
3 13 89
3 14 89
3 15 103
3 16 39
3 17 44
3 18 56
3 19 12
3 20 42
3 21 44
3 22 29
3 23 104
3 24 70
3 25 60
3 26 51
3 27 39
3 28 80
3 29 8
3 30 110
3 31 105
3 32 64
3 33 66
3 34 63
3 35 91
3 36 15
3 37 54
3 38 16
3 39 62
3 40 27
3 41 38
3 42 83
3 43 31
3 44 19
3 45 86
3 46 52
3 47 41
3 48 82
3 49 59
3 50 34
3 51 22
3 52 88
3 53 21
3 54 71
3 55 26
3 56 74
3 57 26
3 58 33
3 59 82
3 60 73
3 61 80
3 62 58
3 63 62
3 64 96
3 65 58
3 66 86
3 67 25
3 68 100
3 69 73
3 70 18
3 71 73
3 72 33
3 73 39
3 74 58
3 75 60
3 76 68
3 77 40
3 78 61
3 79 76
3 80 57
3 81 62
3 82 70
3 83 63
3 84 95
3 85 23
3 86 30
3 87 73
3 88 71
3 89 56
3 90 37
3 91 47
3 92 51
3 93 45
3 94 77
3 95 65
3 96 65
3 97 50
3 98 30
3 99 53
4 5 62
4 6 54
4 7 76
4 8 22
4 9 46
4 10 31
4 11 41
4 12 21
4 13 50
4 14 42
4 15 36
4 16 49
4 17 52
4 18 55
4 19 76
4 20 41
4 21 68
4 22 56
4 23 48
4 24 47
4 25 24
4 26 21
4 27 38
4 28 11
4 29 66
4 30 47
4 31 41
4 32 32
4 33 62
4 34 86
4 35 33
4 36 79
4 37 38
4 38 64
4 39 46
4 40 62
4 41 48
4 42 24
4 43 51
4 44 59
4 45 42
4 46 69
4 47 38
4 48 17
4 49 40
4 50 38
4 51 80
4 52 24
4 53 84
4 54 27
4 55 46
4 56 15
4 57 78
4 58 55
4 59 36
4 60 14
4 61 58
4 62 48
4 63 75
4 64 28
4 65 50
4 66 52
4 67 68
4 68 36
4 69 18
4 70 60
4 71 30
4 72 77
4 73 61
4 74 16
4 75 26
4 76 88
4 77 43
4 78 60
4 79 28
4 80 25
4 81 80
4 82 75
4 83 34
4 84 38
4 85 71
4 86 64
4 87 19
4 88 45
4 89 65
4 90 39
4 91 27
4 92 35
4 93 37
4 94 23
4 95 17
4 96 8
4 97 27
4 98 64
4 99 22
5 6 85
5 7 62
5 8 84
5 9 105
5 10 33
5 11 25
5 12 56
5 13 99
5 14 95
5 15 98
5 16 58
5 17 13
5 18 76
5 19 48
5 20 57
5 21 73
5 22 11
5 23 107
5 24 38
5 25 64
5 26 47
5 27 50
5 28 73
5 29 29
5 30 109
5 31 102
5 32 39
5 33 87
5 34 94
5 35 92
5 36 30
5 37 29
5 38 21
5 39 77
5 40 10
5 41 56
5 42 83
5 43 51
5 44 45
5 45 58
5 46 79
5 47 52
5 48 78
5 49 31
5 50 38
5 51 26
5 52 85
5 53 31
5 54 75
5 55 37
5 56 72
5 57 21
5 58 9
5 59 88
5 60 57
5 61 97
5 62 26
5 63 90
5 64 91
5 65 26
5 66 55
5 67 57
5 68 97
5 69 55
5 70 20
5 71 79
5 72 67
5 73 3
5 74 46
5 75 65
5 76 99
5 77 20
5 78 83
5 79 80
5 80 39
5 81 91
5 82 96
5 83 37
5 84 97
5 85 17
5 86 7
5 87 73
5 88 40
5 89 81
5 90 25
5 91 50
5 92 62
5 93 56
5 94 78
5 95 49
5 96 54
5 97 54
5 98 59
5 99 54
6 7 51
6 8 61
6 9 50
6 10 57
6 11 61
6 12 37
6 13 27
6 14 32
6 15 59
6 16 29
6 17 81
6 18 12
6 19 63
6 20 28
6 21 31
6 22 74
6 23 47
6 24 92
6 25 30
6 26 46
6 27 35
6 28 52
6 29 67
6 30 59
6 31 57
6 32 77
6 33 9
6 34 38
6 35 43
6 36 82
6 37 76
6 38 72
6 39 9
6 40 78
6 41 30
6 42 41
6 43 37
6 44 48
6 45 94
6 46 26
6 47 33
6 48 47
6 49 81
6 50 48
6 51 87
6 52 47
6 53 88
6 54 28
6 55 48
6 56 42
6 57 89
6 58 76
6 59 28
6 60 67
6 61 13
6 62 87
6 63 26
6 64 58
6 65 88
6 66 102
6 67 46
6 68 53
6 69 69
6 70 69
6 71 26
6 72 47
6 73 85
6 74 56
6 75 28
6 76 39
6 77 70
6 78 10
6 79 31
6 80 67
6 81 32
6 82 22
6 83 78
6 84 44
6 85 82
6 86 82
6 87 37
6 88 91
6 89 19
6 90 62
6 91 39
6 92 25
6 93 29
6 94 36
6 95 65
6 96 56
6 97 35
6 98 39
6 99 38
7 8 95
7 9 96
7 10 55
7 11 51
7 12 56
7 13 76
7 14 79
7 15 100
7 16 29
7 17 67
7 18 39
7 19 17
7 20 36
7 21 21
7 22 52
7 23 95
7 24 89
7 25 57
7 26 56
7 27 38
7 28 82
7 29 33
7 30 104
7 31 100
7 32 80
7 33 46
7 34 36
7 35 86
7 36 43
7 37 72
7 38 42
7 39 48
7 40 52
7 41 30
7 42 80
7 43 25
7 44 20
7 45 102
7 46 28
7 47 39
7 48 81
7 49 78
7 50 42
7 51 50
7 52 85
7 53 48
7 54 65
7 55 34
7 56 73
7 57 54
7 58 57
7 59 73
7 60 83
7 61 63
7 62 79
7 63 38
7 64 95
7 65 80
7 66 105
7 67 8
7 68 95
7 69 84
7 70 42
7 71 66
7 72 6
7 73 64
7 74 66
7 75 56
7 76 41
7 77 59
7 78 42
7 79 70
7 80 71
7 81 36
7 82 47
7 83 79
7 84 89
7 85 50
7 86 56
7 87 71
7 88 90
7 89 35
7 90 53
7 91 49
7 92 45
7 93 41
7 94 73
7 95 76
7 96 72
7 97 50
7 98 13
7 99 54
8 9 32
8 10 54
8 11 63
8 12 40
8 13 47
8 14 37
8 15 17
8 16 66
8 17 73
8 18 66
8 19 97
8 20 58
8 21 83
8 22 79
8 23 36
8 24 64
8 25 38
8 26 43
8 27 57
8 28 13
8 29 88
8 30 30
8 31 23
8 32 50
8 33 70
8 34 98
8 35 24
8 36 101
8 37 58
8 38 87
8 39 56
8 40 84
8 41 65
8 42 20
8 43 70
8 44 79
8 45 51
8 46 82
8 47 56
8 48 14
8 49 59
8 50 59
8 51 102
8 52 15
8 53 106
8 54 34
8 55 67
8 56 22
8 57 100
8 58 77
8 59 36
8 60 30
8 61 61
8 62 68
8 63 86
8 64 9
8 65 69
8 66 63
8 67 87
8 68 20
8 69 33
8 70 82
8 71 35
8 72 94
8 73 82
8 74 39
8 75 39
8 76 99
8 77 65
8 78 70
8 79 31
8 80 46
8 81 92
8 82 83
8 83 52
8 84 27
8 85 93
8 86 86
8 87 25
8 88 61
8 89 77
8 90 62
8 91 47
8 92 50
8 93 54
8 94 25
8 95 36
8 96 31
8 97 45
8 98 81
8 99 41
9 10 72
9 11 81
9 12 51
9 13 25
9 14 18
9 15 17
9 16 68
9 17 96
9 18 60
9 19 103
9 20 62
9 21 79
9 22 97
9 23 5
9 24 92
9 25 44
9 26 59
9 27 64
9 28 35
9 29 100
9 30 10
9 31 11
9 32 77
9 33 58
9 34 87
9 35 13
9 36 115
9 37 83
9 38 102
9 39 49
9 40 102
9 41 68
9 42 23
9 43 75
9 44 86
9 45 82
9 46 76
9 47 63
9 48 28
9 49 85
9 50 72
9 51 118
9 52 21
9 53 121
9 54 33
9 55 78
9 56 34
9 57 117
9 58 97
9 59 23
9 60 58
9 61 43
9 62 94
9 63 75
9 64 23
9 65 95
9 66 94
9 67 90
9 68 12
9 69 61
9 70 98
9 71 31
9 72 94
9 73 104
9 74 60
9 75 44
9 76 87
9 77 86
9 78 60
9 79 27
9 80 71
9 81 82
9 82 70
9 83 79
9 84 9
9 85 110
9 86 105
9 87 32
9 88 90
9 89 69
9 90 80
9 91 58
9 92 53
9 93 59
9 94 28
9 95 62
9 96 53
9 97 55
9 98 83
9 99 52
10 11 9
10 12 23
10 13 67
10 14 62
10 15 66
10 16 36
10 17 25
10 18 51
10 19 50
10 20 31
10 21 55
10 22 25
10 23 74
10 24 37
10 25 32
10 26 14
10 27 24
10 28 41
10 29 36
10 30 76
10 31 70
10 32 25
10 33 62
10 34 77
10 35 59
10 36 48
10 37 19
10 38 33
10 39 48
10 40 31
10 41 34
10 42 50
10 43 33
10 44 35
10 45 47
10 46 60
10 47 25
10 48 46
10 49 25
10 50 14
10 51 49
10 52 52
10 53 53
10 54 43
10 55 21
10 56 39
10 57 47
10 58 24
10 59 55
10 60 31
10 61 67
10 62 30
10 63 69
10 64 59
10 65 31
10 66 51
10 67 47
10 68 65
10 69 30
10 70 29
10 71 46
10 72 58
10 73 32
10 74 15
10 75 33
10 76 81
10 77 14
10 78 58
10 79 47
10 80 16
10 81 72
10 82 73
10 83 25
10 84 64
10 85 40
10 86 33
10 87 40
10 88 36
10 89 59
10 90 8
10 91 18
10 92 32
10 93 28
10 94 45
10 95 23
10 96 23
10 97 22
10 98 45
10 99 22
11 12 31
11 13 74
11 14 70
11 15 75
11 16 37
11 17 20
11 18 54
11 19 43
11 20 33
11 21 54
11 22 16
11 23 82
11 24 39
11 25 39
11 26 22
11 27 26
11 28 51
11 29 27
11 30 85
11 31 79
11 32 30
11 33 65
11 34 76
11 35 68
11 36 39
11 37 21
11 38 24
11 39 53
11 40 22
11 41 35
11 42 58
11 43 31
11 44 31
11 45 52
11 46 60
11 47 28
11 48 55
11 49 27
11 50 14
11 51 39
11 52 61
11 53 44
11 54 50
11 55 18
11 56 48
11 57 37
11 58 16
11 59 63
11 60 39
11 61 72
11 62 29
11 63 70
11 64 68
11 65 30
11 66 54
11 67 43
11 68 74
11 69 39
11 70 20
11 71 54
11 72 54
11 73 25
11 74 25
11 75 40
11 76 81
11 77 9
11 78 60
11 79 55
11 80 23
11 81 72
11 82 75
11 83 29
11 84 72
11 85 30
11 86 24
11 87 49
11 88 39
11 89 60
11 90 2
11 91 25
11 92 37
11 93 32
11 94 53
11 95 31
11 96 33
11 97 29
11 98 43
11 99 29
12 13 44
12 14 39
12 15 48
12 16 28
12 17 48
12 18 35
12 19 57
12 20 20
12 21 47
12 22 47
12 23 52
12 24 55
12 25 9
12 26 10
12 27 17
12 28 26
12 29 50
12 30 56
12 31 50
12 32 40
12 33 44
12 34 65
12 35 38
12 36 65
12 37 40
12 38 51
12 39 29
12 40 52
12 41 27
12 42 29
12 43 30
12 44 40
12 45 57
12 46 49
12 47 17
12 48 28
12 49 44
12 50 22
12 51 67
12 52 33
12 53 71
12 54 19
12 55 29
12 56 19
12 57 67
12 58 47
12 59 32
12 60 31
12 61 45
12 62 51
12 63 56
12 64 42
12 65 53
12 66 65
12 67 48
12 68 45
12 69 33
12 70 47
12 71 23
12 72 56
12 73 55
12 74 19
12 75 10
12 76 69
12 77 37
12 78 41
12 79 24
12 80 30
12 81 60
12 82 57
12 83 41
12 84 42
12 85 59
12 86 55
12 87 19
12 88 53
12 89 45
12 90 31
12 91 8
12 92 14
12 93 15
12 94 23
12 95 28
12 96 20
12 97 6
12 98 43
12 99 2
13 14 9
13 15 38
13 16 51
13 17 92
13 18 38
13 19 86
13 20 47
13 21 57
13 22 89
13 23 21
13 24 95
13 25 35
13 26 53
13 27 51
13 28 43
13 29 87
13 30 35
13 31 35
13 32 80
13 33 34
13 34 63
13 35 24
13 36 102
13 37 82
13 38 91
13 39 28
13 40 94
13 41 51
13 42 28
13 43 59
13 44 70
13 45 91
13 46 53
13 47 50
13 48 36
13 49 86
13 50 62
13 51 106
13 52 32
13 53 108
13 54 25
13 55 66
13 56 35
13 57 107
13 58 90
13 59 13
13 60 64
13 61 18
13 62 94
13 63 51
13 64 40
13 65 95
13 66 102
13 67 71
13 68 32
13 69 67
13 70 87
13 71 21
13 72 73
13 73 98
13 74 60
13 75 34
13 76 63
13 77 81
13 78 37
13 79 22
13 80 71
13 81 57
13 82 45
13 83 82
13 84 22
13 85 100
13 86 97
13 87 31
13 88 93
13 89 46
13 90 74
13 91 49
13 92 39
13 93 45
13 94 27
13 95 65
13 96 55
13 97 45
13 98 64
13 99 45
14 15 29
14 16 51
14 17 87
14 18 42
14 19 87
14 20 46
14 21 61
14 22 86
14 23 16
14 24 88
14 25 31
14 26 48
14 27 50
14 28 34
14 29 86
14 30 28
14 31 26
14 32 73
14 33 40
14 34 69
14 35 14
14 36 101
14 37 76
14 38 88
14 39 31
14 40 91
14 41 52
14 42 19
14 43 59
14 44 70
14 45 83
14 46 57
14 47 48
14 48 27
14 49 80
14 50 59
14 51 105
14 52 22
14 53 107
14 54 20
14 55 64
14 56 27
14 57 105
14 58 86
14 59 7
14 60 56
14 61 26
14 62 88
14 63 57
14 64 31
14 65 89
14 66 94
14 67 73
14 68 23
14 69 59
14 70 85
14 71 16
14 72 76
14 73 94
14 74 53
14 75 30
14 76 69
14 77 76
14 78 42
14 79 15
14 80 65
14 81 63
14 82 52
14 83 75
14 84 13
14 85 97
14 86 94
14 87 23
14 88 86
14 89 50
14 90 70
14 91 46
14 92 37
14 93 44
14 94 19
14 95 58
14 96 48
14 97 42
14 98 66
14 99 41
15 16 71
15 17 88
15 18 67
15 19 104
15 20 64
15 21 85
15 22 91
15 23 22
15 24 80
15 25 43
15 26 54
15 27 64
15 28 25
15 29 98
15 30 13
15 31 6
15 32 66
15 33 68
15 34 97
15 35 16
15 36 112
15 37 73
15 38 98
15 39 55
15 40 97
15 41 70
15 42 20
15 43 76
15 44 87
15 45 68
15 46 83
15 47 63
15 48 20
15 49 75
15 50 69
15 51 114
15 52 15
15 53 118
15 54 35
15 55 77
15 56 28
15 57 112
15 58 90
15 59 31
15 60 46
15 61 55
15 62 83
15 63 85
15 64 8
15 65 85
15 66 80
15 67 93
15 68 7
15 69 49
15 70 94
15 71 34
15 72 99
15 73 96
15 74 52
15 75 44
15 76 98
15 77 78
15 78 68
15 79 30
15 80 61
15 81 91
15 82 80
15 83 68
15 84 16
15 85 105
15 86 99
15 87 30
15 88 77
15 89 77
15 90 74
15 91 56
15 92 54
15 93 60
15 94 27
15 95 52
15 96 44
15 97 53
15 98 86
15 99 49
16 17 57
16 18 19
16 19 36
16 20 8
16 21 20
16 22 47
16 23 67
16 24 73
16 25 28
16 26 31
16 27 13
16 28 53
16 29 38
16 30 76
16 31 71
16 32 60
16 33 29
16 34 41
16 35 57
16 36 53
16 37 55
16 38 44
16 39 23
16 40 50
16 41 2
16 42 50
16 43 8
16 44 20
16 45 81
16 46 24
16 47 12
16 48 52
16 49 61
16 50 23
16 51 58
16 52 56
16 53 59
16 54 36
16 55 21
16 56 44
16 57 60
16 58 50
16 59 45
16 60 58
16 61 42
16 62 65
16 63 33
16 64 66
16 65 67
16 66 86
16 67 22
16 68 66
16 69 59
16 70 41
16 71 38
16 72 28
16 73 59
16 74 42
16 75 27
16 76 45
16 77 46
16 78 25
16 79 41
16 80 50
16 81 36
16 82 38
16 83 61
16 84 60
16 85 54
16 86 54
16 87 42
16 88 73
16 89 23
16 90 38
16 91 23
16 92 16
16 93 12
16 94 44
16 95 52
16 96 46
16 97 22
16 98 16
16 99 27
17 18 74
17 19 55
17 20 54
17 21 73
17 22 16
17 23 98
17 24 26
17 25 57
17 26 39
17 27 46
17 28 63
17 29 36
17 30 99
17 31 92
17 32 27
17 33 85
17 34 95
17 35 83
17 36 40
17 37 16
17 38 29
17 39 73
17 40 19
17 41 55
17 42 73
17 43 51
17 44 47
17 45 45
17 46 80
17 47 48
17 48 68
17 49 19
17 50 34
17 51 37
17 52 75
17 53 43
17 54 68
17 55 37
17 56 62
17 57 33
17 58 11
17 59 80
17 60 45
17 61 92
17 62 14
17 63 90
17 64 80
17 65 14
17 66 43
17 67 60
17 68 87
17 69 42
17 70 26
17 71 71
17 72 71
17 73 10
17 74 36
17 75 58
17 76 100
17 77 11
17 78 81
17 79 72
17 80 27
17 81 92
17 82 95
17 83 25
17 84 87
17 85 28
17 86 18
17 87 65
17 88 28
17 89 80
17 90 19
17 91 43
17 92 57
17 93 52
17 94 69
17 95 37
17 96 43
17 97 47
17 98 61
17 99 47
18 19 51
18 20 21
18 21 19
18 22 65
18 23 57
18 24 88
18 25 31
18 26 43
18 27 28
18 28 55
18 29 56
18 30 69
18 31 66
18 32 74
18 33 11
18 34 31
18 35 51
18 36 71
18 37 71
18 38 62
18 39 11
18 40 69
18 41 20
18 42 48
18 43 27
18 44 37
18 45 92
18 46 16
18 47 26
18 48 52
18 49 76
18 50 40
18 51 76
18 52 54
18 53 77
18 54 33
18 55 39
18 56 45
18 57 78
18 58 68
18 59 37
18 60 67
18 61 25
18 62 81
18 63 20
18 64 64
18 65 83
18 66 99
18 67 34
18 68 61
18 69 69
18 70 60
18 71 32
18 72 36
18 73 77
18 74 54
18 75 29
18 76 34
18 77 63
18 78 6
18 79 37
18 80 63
18 81 26
18 82 21
18 83 74
18 84 53
18 85 72
18 86 73
18 87 41
18 88 87
18 89 10
18 90 55
18 91 35
18 92 21
18 93 23
18 94 42
18 95 63
18 96 55
18 97 32
18 98 28
18 99 36
19 20 41
19 21 36
19 22 40
19 23 103
19 24 80
19 25 61
19 26 55
19 27 40
19 28 83
19 29 19
19 30 111
19 31 106
19 32 73
19 33 60
19 34 53
19 35 92
19 36 26
19 37 63
19 38 27
19 39 58
19 40 39
19 41 36
19 42 84
19 43 29
19 44 18
19 45 95
19 46 44
19 47 41
19 48 85
19 49 69
19 50 39
19 51 33
19 52 89
19 53 31
19 54 71
19 55 30
19 56 76
19 57 37
19 58 44
19 59 81
19 60 80
19 61 76
19 62 68
19 63 54
19 64 99
19 65 69
19 66 96
19 67 17
19 68 101
19 69 80
19 70 29
19 71 73
19 72 22
19 73 51
19 74 63
19 75 60
19 76 58
19 77 50
19 78 55
19 79 76
19 80 65
19 81 52
19 82 62
19 83 72
19 84 95
19 85 34
19 86 42
19 87 75
19 88 81
19 89 49
19 90 45
19 91 50
19 92 51
19 93 45
19 94 78
19 95 72
19 96 70
19 97 51
19 98 23
19 99 56
20 21 27
20 22 46
20 23 62
20 24 68
20 25 21
20 26 24
20 27 7
20 28 46
20 29 40
20 30 70
20 31 65
20 32 54
20 33 31
20 34 47
20 35 51
20 36 55
20 37 50
20 38 44
20 39 21
20 40 50
20 41 7
20 42 44
20 43 13
20 44 24
20 45 74
20 46 30
20 47 6
20 48 45
20 49 56
20 50 20
20 51 60
20 52 49
20 53 62
20 54 30
20 55 20
20 56 37
20 57 61
20 58 48
20 59 40
20 60 51
20 61 41
20 62 61
20 63 38
20 64 59
20 65 62
20 66 80
20 67 29
20 68 60
20 69 52
20 70 41
20 71 32
20 72 36
20 73 57
20 74 36
20 75 20
20 76 51
20 77 42
20 78 27
20 79 35
20 80 44
20 81 42
20 82 42
20 83 55
20 84 54
20 85 54
20 86 54
20 87 34
20 88 67
20 89 28
20 90 34
20 91 16
20 92 9
20 93 5
20 94 37
20 95 45
20 96 39
20 97 15
20 98 23
20 99 20
21 22 61
21 23 77
21 24 92
21 25 45
21 26 51
21 27 32
21 28 71
21 29 47
21 30 88
21 31 84
21 32 80
21 33 25
21 34 22
21 35 70
21 36 60
21 37 74
21 38 54
21 39 30
21 40 64
21 41 21
21 42 65
21 43 23
21 44 28
21 45 100
21 46 8
21 47 32
21 48 68
21 49 80
21 50 42
21 51 66
21 52 71
21 53 65
21 54 50
21 55 37
21 56 61
21 57 69
21 58 65
21 59 56
21 60 77
21 61 43
21 62 83
21 63 18
21 64 81
21 65 85
21 66 106
21 67 19
21 68 80
21 69 79
21 70 53
21 71 50
21 72 17
21 73 74
21 74 62
21 75 43
21 76 26
21 77 64
21 78 21
21 79 55
21 80 70
21 81 19
21 82 26
21 83 80
21 84 72
21 85 64
21 86 68
21 87 57
21 88 92
21 89 13
21 90 56
21 91 43
21 92 33
21 93 31
21 94 59
21 95 72
21 96 66
21 97 41
21 98 14
21 99 46
22 23 98
22 24 42
22 25 55
22 26 38
22 27 39
22 28 67
22 29 21
22 30 101
22 31 95
22 32 39
22 33 76
22 34 83
22 35 84
22 36 26
22 37 28
22 38 14
22 39 66
22 40 6
22 41 45
22 42 75
22 43 40
22 44 34
22 45 59
22 46 68
22 47 41
22 48 71
22 49 32
22 50 27
22 51 25
22 52 78
22 53 30
22 54 66
22 55 26
22 56 64
22 57 22
22 58 5
22 59 79
22 60 53
22 61 86
22 62 30
22 63 79
22 64 84
22 65 30
22 66 58
22 67 46
22 68 90
22 69 51
22 70 11
22 71 70
22 72 57
22 73 12
22 74 40
22 75 56
22 76 88
22 77 15
22 78 72
22 79 71
22 80 35
22 81 80
22 82 85
22 83 37
22 84 88
22 85 15
22 86 8
22 87 65
22 88 43
22 89 70
22 90 17
22 91 40
22 92 51
22 93 46
22 94 70
22 95 45
22 96 48
22 97 44
22 98 48
22 99 45
23 24 95
23 25 44
23 26 60
23 27 64
23 28 38
23 29 100
23 30 14
23 31 16
23 32 80
23 33 55
23 34 84
23 35 15
23 36 115
23 37 85
23 38 102
23 39 47
23 40 104
23 41 67
23 42 25
23 43 74
23 44 86
23 45 86
23 46 73
23 47 63
23 48 31
23 49 88
23 50 73
23 51 118
23 52 24
23 53 121
23 54 33
23 55 79
23 56 36
23 57 118
23 58 98
23 59 22
23 60 61
23 61 39
23 62 96
23 63 72
23 64 27
23 65 98
23 66 98
23 67 89
23 68 16
23 69 65
23 70 98
23 71 30
23 72 92
23 73 106
23 74 63
23 75 44
23 76 84
23 77 87
23 78 57
23 79 28
23 80 73
23 81 78
23 82 66
23 83 82
23 84 11
23 85 111
23 86 107
23 87 33
23 88 93
23 89 66
23 90 82
23 91 59
23 92 52
23 93 58
23 94 29
23 95 65
23 96 56
23 97 55
23 98 82
23 99 53
24 25 63
24 26 46
24 27 61
24 28 57
24 29 62
24 30 93
24 31 86
24 32 16
24 33 97
24 34 113
24 35 80
24 36 67
24 37 18
24 38 55
24 39 83
24 40 45
24 41 71
24 42 71
24 43 69
24 44 69
24 45 21
24 46 97
24 47 62
24 48 64
24 49 12
24 50 50
24 51 64
24 52 71
24 53 69
24 54 71
24 55 56
24 56 61
24 57 59
24 58 37
24 59 82
24 60 34
24 61 100
24 62 12
24 63 106
24 64 72
24 65 13
24 66 17
24 67 82
24 68 82
24 69 31
24 70 52
24 71 75
24 72 93
24 73 35
24 74 36
24 75 65
24 76 118
24 77 30
24 78 94
24 79 74
24 80 25
24 81 109
24 82 109
24 83 14
24 84 85
24 85 54
24 86 44
24 87 65
24 88 3
24 89 96
24 90 37
24 91 53
24 92 67
24 93 65
24 94 69
24 95 30
24 96 40
24 97 57
24 98 81
24 99 54
25 26 19
25 27 21
25 28 26
25 29 56
25 30 50
25 31 45
25 32 48
25 33 38
25 34 62
25 35 31
25 36 71
25 37 48
25 38 58
25 39 22
25 40 60
25 41 27
25 42 23
25 43 33
25 44 43
25 45 63
25 46 45
25 47 20
25 48 24
25 49 53
25 50 29
25 51 74
25 52 28
25 53 77
25 54 11
25 55 35
25 56 16
25 57 74
25 58 55
25 59 24
25 60 37
25 61 37
25 62 60
25 63 51
25 64 38
25 65 61
25 66 72
25 67 50
25 68 40
25 69 39
25 70 54
25 71 15
25 72 56
25 73 64
25 74 27
25 75 2
25 76 64
25 77 46
25 78 35
25 79 16
25 80 38
25 81 56
25 82 51
25 83 49
25 84 35
25 85 67
25 86 63
25 87 14
25 88 61
25 89 41
25 90 39
25 91 15
25 92 12
25 93 16
25 94 17
25 95 35
25 96 25
25 97 11
25 98 44
25 99 11
26 27 19
26 28 30
26 29 45
26 30 63
26 31 57
26 32 31
26 33 52
26 34 71
26 35 45
26 36 58
26 37 30
26 38 44
26 39 37
26 40 44
26 41 30
26 42 36
26 43 31
26 44 38
26 45 50
26 46 54
26 47 19
26 48 33
26 49 35
26 50 16
26 51 60
26 52 39
26 53 64
26 54 29
26 55 25
26 56 26
26 57 59
26 58 38
26 59 41
26 60 27
26 61 55
26 62 41
26 63 62
26 64 47
26 65 43
26 66 57
26 67 48
26 68 52
26 69 28
26 70 40
26 71 33
26 72 57
26 73 46
26 74 11
26 75 20
26 76 75
26 77 28
26 78 49
26 79 33
26 80 21
26 81 66
26 82 64
26 83 32
26 84 50
26 85 52
26 86 47
26 87 27
26 88 44
26 89 52
26 90 22
26 91 8
26 92 22
26 93 20
26 94 31
26 95 21
26 96 16
26 97 11
26 98 44
26 99 8
27 28 44
27 29 36
27 30 71
27 31 66
27 32 48
27 33 38
27 34 53
27 35 52
27 36 51
27 37 43
27 38 39
27 39 27
27 40 44
27 41 11
27 42 44
27 43 13
27 44 23
27 45 68
27 46 36
27 47 2
27 48 44
27 49 49
27 50 13
27 51 55
27 52 49
27 53 57
27 54 31
27 55 15
27 56 36
27 57 56
27 58 41
27 59 43
27 60 46
27 61 47
27 62 54
27 63 45
27 64 59
27 65 55
27 66 74
27 67 30
27 68 61
27 69 47
27 70 36
27 71 34
27 72 39
27 73 50
27 74 30
27 75 21
27 76 57
27 77 35
27 78 34
27 79 37
27 80 37
27 81 49
27 82 49
27 83 48
27 84 56
27 85 49
27 86 47
27 87 34
27 88 60
27 89 35
27 90 27
27 91 11
27 92 13
27 93 6
27 94 38
27 95 40
27 96 34
27 97 11
27 98 26
27 99 16
28 29 75
28 30 37
28 31 30
28 32 42
28 33 60
28 34 87
28 35 23
28 36 88
28 37 48
28 38 74
28 39 45
28 40 72
28 41 52
28 42 15
28 43 57
28 44 66
28 45 49
28 46 71
28 47 43
28 48 7
28 49 50
28 50 46
28 51 90
28 52 14
28 53 94
28 54 24
28 55 54
28 56 10
28 57 88
28 58 65
28 59 30
28 60 23
28 61 54
28 62 59
28 63 76
28 64 17
28 65 61
28 66 60
28 67 74
28 68 25
28 69 26
28 70 70
28 71 26
28 72 82
28 73 71
28 74 27
28 75 27
28 76 89
28 77 54
28 78 59
28 79 22
28 80 36
28 81 81
28 82 74
28 83 44
28 84 28
28 85 81
28 86 75
28 87 15
28 88 55
28 89 66
28 90 50
28 91 34
28 92 38
28 93 41
28 94 17
28 95 27
28 96 19
28 97 32
28 98 69
28 99 28
29 30 106
29 31 100
29 32 56
29 33 67
29 34 67
29 35 87
29 36 15
29 37 46
29 38 8
29 39 61
29 40 20
29 41 37
29 42 79
29 43 30
29 44 19
29 45 78
29 46 54
29 47 38
29 48 77
29 49 51
29 50 29
29 51 20
29 52 83
29 53 21
29 54 67
29 55 22
29 56 69
29 57 22
29 58 26
29 59 79
29 60 67
29 61 80
29 62 50
29 63 65
29 64 91
29 65 51
29 66 78
29 67 29
29 68 95
29 69 66
29 70 10
29 71 70
29 72 38
29 73 32
29 74 51
29 75 56
29 76 72
29 77 32
29 78 62
29 79 73
29 80 50
29 81 65
29 82 73
29 83 55
29 84 91
29 85 17
29 86 23
29 87 69
29 88 63
29 89 58
29 90 29
29 91 42
29 92 49
29 93 42
29 94 73
29 95 58
29 96 59
29 97 45
29 98 33
29 99 48
30 31 7
30 32 78
30 33 68
30 34 97
30 35 19
30 36 121
30 37 85
30 38 107
30 39 57
30 40 107
30 41 76
30 42 27
30 43 82
30 44 93
30 45 81
30 46 85
30 47 70
30 48 31
30 49 87
30 50 78
30 51 123
30 52 24
30 53 127
30 54 40
30 55 85
30 56 38
30 57 122
30 58 101
30 59 32
30 60 58
30 61 52
30 62 96
30 63 85
30 64 21
30 65 97
30 66 93
30 67 98
30 68 12
30 69 62
30 70 103
30 71 38
30 72 103
30 73 107
30 74 63
30 75 50
30 76 97
30 77 89
30 78 69
30 79 35
30 80 73
30 81 91
30 82 79
30 83 81
30 84 16
30 85 115
30 86 110
30 87 37
30 88 90
30 89 78
30 90 85
30 91 64
30 92 60
30 93 66
30 94 33
30 95 64
30 96 56
30 97 61
30 98 91
30 99 58
31 32 71
31 33 66
31 34 95
31 35 15
31 36 115
31 37 78
31 38 101
31 39 54
31 40 101
31 41 71
31 42 22
31 43 77
31 44 88
31 45 74
31 46 82
31 47 65
31 48 24
31 49 80
31 50 72
31 51 117
31 52 17
31 53 121
31 54 35
31 55 79
31 56 31
31 57 116
31 58 94
31 59 29
31 60 51
31 61 52
31 62 88
31 63 83
31 64 14
31 65 90
31 66 86
31 67 93
31 68 5
31 69 55
31 70 97
31 71 34
31 72 99
31 73 101
31 74 56
31 75 45
31 76 95
31 77 83
31 78 67
31 79 30
31 80 66
31 81 89
31 82 78
31 83 74
31 84 13
31 85 109
31 86 103
31 87 31
31 88 83
31 89 75
31 90 78
31 91 58
31 92 55
31 93 61
31 94 28
31 95 57
31 96 49
31 97 55
31 98 87
31 99 52
32 33 83
32 34 101
32 35 65
32 36 65
32 37 11
32 38 51
32 39 68
32 40 44
32 41 58
32 42 56
32 43 58
32 44 60
32 45 22
32 46 84
32 47 49
32 48 49
32 49 9
32 50 38
32 51 63
32 52 56
32 53 68
32 54 55
32 55 46
32 56 46
32 57 59
32 58 35
32 59 67
32 60 20
32 61 85
32 62 18
32 63 93
32 64 58
32 65 19
32 66 26
32 67 72
32 68 67
32 69 17
32 70 47
32 71 59
32 72 83
32 73 37
32 74 21
32 75 49
32 76 105
32 77 24
32 78 80
32 79 58
32 80 10
32 81 96
32 82 95
32 83 2
32 84 70
32 85 53
32 86 44
32 87 49
32 88 14
32 89 82
32 90 28
32 91 39
32 92 53
32 93 51
32 94 54
32 95 15
32 96 25
32 97 42
32 98 70
32 99 39
33 34 29
33 35 52
33 36 81
33 37 81
33 38 73
33 39 16
33 40 80
33 41 31
33 42 50
33 43 37
33 44 48
33 45 100
33 46 19
33 47 37
33 48 56
33 49 86
33 50 51
33 51 87
33 52 56
33 53 87
33 54 37
33 55 50
33 56 50
33 57 89
33 58 79
33 59 37
33 60 74
33 61 18
33 62 92
33 63 17
33 64 67
33 65 93
33 66 108
33 67 43
33 68 62
33 69 77
33 70 70
33 71 35
33 72 42
33 73 88
33 74 62
33 75 36
33 76 30
33 77 74
33 78 5
33 79 40
33 80 73
33 81 23
33 82 13
33 83 84
33 84 53
33 85 83
33 86 84
33 87 46
33 88 96
33 89 12
33 90 66
33 91 44
33 92 30
33 93 33
33 94 45
33 95 71
33 96 63
33 97 41
33 98 37
33 99 44
34 35 81
34 36 78
34 37 96
34 38 75
34 39 42
34 40 85
34 41 42
34 42 78
34 43 45
34 44 49
34 45 121
34 46 17
34 47 52
34 48 83
34 49 102
34 50 63
34 51 85
34 52 84
34 53 83
34 54 64
34 55 59
34 56 77
34 57 89
34 58 87
34 59 66
34 60 97
34 61 46
34 62 105
34 63 12
34 64 95
34 65 106
34 66 127
34 67 38
34 68 91
34 69 98
34 70 74
34 71 63
34 72 30
34 73 95
34 74 82
34 75 60
34 76 5
34 77 85
34 78 28
34 79 68
34 80 90
34 81 6
34 82 19
34 83 101
34 84 82
34 85 84
34 86 88
34 87 72
34 88 113
34 89 21
34 90 78
34 91 63
34 92 51
34 93 51
34 94 73
34 95 92
34 96 85
34 97 61
34 98 35
34 99 65
35 36 102
35 37 70
35 38 89
35 39 40
35 40 89
35 41 57
35 42 10
35 43 63
35 44 74
35 45 72
35 46 67
35 47 51
35 48 16
35 49 73
35 50 59
35 51 105
35 52 10
35 53 108
35 54 21
35 55 66
35 56 20
35 57 104
35 58 83
35 59 15
35 60 46
35 61 39
35 62 81
35 63 69
35 64 16
35 65 83
35 66 83
35 67 79
35 68 10
35 69 50
35 70 85
35 71 20
35 72 84
35 73 91
35 74 47
35 75 31
35 76 82
35 77 73
35 78 53
35 79 16
35 80 58
35 81 75
35 82 64
35 83 67
35 84 5
35 85 97
35 86 92
35 87 19
35 88 78
35 89 61
35 90 67
35 91 45
35 92 41
35 93 47
35 94 15
35 95 50
35 96 41
35 97 42
35 98 72
35 99 40
36 37 54
36 38 14
36 39 76
36 40 22
36 41 52
36 42 93
36 43 45
36 44 34
36 45 85
36 46 67
36 47 53
36 48 92
36 49 58
36 50 43
36 51 7
36 52 97
36 53 6
36 54 82
36 55 37
36 56 84
36 57 12
36 58 30
36 59 94
36 60 78
36 61 95
36 62 55
36 63 78
36 64 105
36 65 55
36 66 84
36 67 41
36 68 110
36 69 77
36 70 19
36 71 85
36 72 48
36 73 33
36 74 63
36 75 71
36 76 83
36 77 41
36 78 76
36 79 88
36 80 60
36 81 77
36 82 86
36 83 63
36 84 106
36 85 13
36 86 23
36 87 84
36 88 69
36 89 71
36 90 40
36 91 57
36 92 64
36 93 57
36 94 88
36 95 69
36 96 71
36 97 60
36 98 46
36 99 63
37 38 41
37 39 67
37 40 33
37 41 54
37 42 61
37 43 51
37 44 52
37 45 32
37 46 79
37 47 45
37 48 55
37 49 6
37 50 32
37 51 52
37 52 62
37 53 57
37 54 57
37 55 38
37 56 50
37 57 48
37 58 24
37 59 70
37 60 29
37 61 85
37 62 12
37 63 88
37 64 65
37 65 13
37 66 33
37 67 65
37 68 74
37 69 27
37 70 37
37 71 61
37 72 75
37 73 26
37 74 23
37 75 50
37 76 100
37 77 14
37 78 77
37 79 61
37 80 12
37 81 92
37 82 92
37 83 9
37 84 75
37 85 42
37 86 33
37 87 53
37 88 18
37 89 78
37 90 19
37 91 37
37 92 51
37 93 48
37 94 57
37 95 22
37 96 29
37 97 40
37 98 63
37 99 38
38 39 65
38 40 11
38 41 42
38 42 80
38 43 35
38 44 26
38 45 72
38 46 62
38 47 41
38 48 78
38 49 45
38 50 30
38 51 16
38 52 84
38 53 20
38 54 69
38 55 25
38 56 70
38 57 16
38 58 18
38 59 81
38 60 63
38 61 85
38 62 43
38 63 72
38 64 91
38 65 43
38 66 72
38 67 37
38 68 96
38 69 62
38 70 4
38 71 72
38 72 47
38 73 24
38 74 49
38 75 58
38 76 80
38 77 27
38 78 68
38 79 75
38 80 46
38 81 73
38 82 79
38 83 50
38 84 93
38 85 10
38 86 15
38 87 70
38 88 57
38 89 65
38 90 26
38 91 43
38 92 52
38 93 46
38 94 74
38 95 55
38 96 57
38 97 47
38 98 40
38 99 49
39 40 70
39 41 24
39 42 36
39 43 31
39 44 43
39 45 85
39 46 28
39 47 25
39 48 41
39 49 72
39 50 39
39 51 80
39 52 42
39 53 82
39 54 22
39 55 41
39 56 35
39 57 82
39 58 68
39 59 26
39 60 59
39 61 20
39 62 78
39 63 31
39 64 53
39 65 80
39 66 93
39 67 43
39 68 50
39 69 61
39 70 62
39 71 21
39 72 46
39 73 77
39 74 47
39 75 20
39 76 44
39 77 61
39 78 14
39 79 26
39 80 58
39 81 36
39 82 29
39 83 69
39 84 42
39 85 75
39 86 74
39 87 30
39 88 82
39 89 21
39 90 54
39 91 30
39 92 16
39 93 21
39 94 30
39 95 56
39 96 47
39 97 27
39 98 36
39 99 29
40 41 49
40 42 80
40 43 43
40 44 36
40 45 64
40 46 71
40 47 45
40 48 77
40 49 37
40 50 32
40 51 19
40 52 83
40 53 25
40 54 71
40 55 30
40 56 69
40 57 16
40 58 9
40 59 84
40 60 58
40 61 90
40 62 33
40 63 81
40 64 90
40 65 33
40 66 62
40 67 47
40 68 96
40 69 57
40 70 11
40 71 75
40 72 57
40 73 12
40 74 46
40 75 61
40 76 90
40 77 20
40 78 75
40 79 76
40 80 40
40 81 82
40 82 88
40 83 42
40 84 94
40 85 10
40 86 4
40 87 70
40 88 47
40 89 73
40 90 23
40 91 45
40 92 56
40 93 50
40 94 75
40 95 50
40 96 54
40 97 49
40 98 50
40 99 50
41 42 50
41 43 7
41 44 19
41 45 79
41 46 26
41 47 10
41 48 52
41 49 59
41 50 21
41 51 57
41 52 55
41 53 58
41 54 36
41 55 19
41 56 44
41 57 59
41 58 48
41 59 45
41 60 56
41 61 43
41 62 63
41 63 35
41 64 66
41 65 65
41 66 85
41 67 22
41 68 66
41 69 58
41 70 39
41 71 37
41 72 29
41 73 57
41 74 41
41 75 26
41 76 47
41 77 44
41 78 26
41 79 41
41 80 48
41 81 38
41 82 40
41 83 59
41 84 60
41 85 52
41 86 53
41 87 41
41 88 71
41 89 25
41 90 36
41 91 21
41 92 16
41 93 11
41 94 43
41 95 51
41 96 45
41 97 21
41 98 16
41 99 26
42 43 56
42 44 67
42 45 64
42 46 64
42 47 43
42 48 8
42 49 63
42 50 50
42 51 96
42 52 6
42 53 99
42 54 15
42 55 57
42 56 11
42 57 95
42 58 74
42 59 15
42 60 38
42 61 41
42 62 72
42 63 67
42 64 17
42 65 73
42 66 75
42 67 72
42 68 16
42 69 41
42 70 76
42 71 15
42 72 78
42 73 81
42 74 38
42 75 24
42 76 80
42 77 63
42 78 50
42 79 11
42 80 48
42 81 72
42 82 63
42 83 58
42 84 14
42 85 88
42 86 83
42 87 10
42 88 69
42 89 58
42 90 58
42 91 37
42 92 34
42 93 40
42 94 7
42 95 41
42 96 31
42 97 34
42 98 66
42 99 31
43 44 12
43 45 79
43 46 29
43 47 14
43 48 57
43 49 57
43 50 19
43 51 50
43 52 61
43 53 51
43 54 42
43 55 14
43 56 49
43 57 52
43 58 43
43 59 52
43 60 58
43 61 50
43 62 60
43 63 39
43 64 71
43 65 62
43 66 83
43 67 17
43 68 72
43 69 59
43 70 33
43 71 44
43 72 26
43 73 52
43 74 42
43 75 32
43 76 49
43 77 41
43 78 33
43 79 48
43 80 48
43 81 41
43 82 45
43 83 58
43 84 67
43 85 45
43 86 47
43 87 47
43 88 69
43 89 30
43 90 33
43 91 24
43 92 22
43 93 16
43 94 49
43 95 52
43 96 47
43 97 24
43 98 13
43 99 29
44 45 82
44 46 35
44 47 24
44 48 67
44 49 58
44 50 23
44 51 39
44 52 72
44 53 40
44 54 53
44 55 14
44 56 59
44 57 42
44 58 38
44 59 64
44 60 64
44 61 61
44 62 59
44 63 46
44 64 81
44 65 60
44 66 85
44 67 13
44 68 83
44 69 64
44 70 25
44 71 56
44 72 24
44 73 46
44 74 47
44 75 43
44 76 54
44 77 39
44 78 43
44 79 59
44 80 51
44 81 47
44 82 53
44 83 59
44 84 78
44 85 36
44 86 40
44 87 57
44 88 70
44 89 38
44 90 33
44 91 32
44 92 33
44 93 27
44 94 60
44 95 57
44 96 54
44 97 34
44 98 14
44 99 38
45 46 104
45 47 69
45 48 57
45 49 27
45 50 60
45 51 83
45 52 62
45 53 88
45 54 69
45 55 68
45 56 56
45 57 78
45 58 55
45 59 78
45 60 27
45 61 99
45 62 32
45 63 112
45 64 61
45 65 33
45 66 12
45 67 94
45 68 71
45 69 24
45 70 69
45 71 72
45 72 104
45 73 55
45 74 39
45 75 65
45 76 124
45 77 46
45 78 98
45 79 70
45 80 31
45 81 116
45 82 113
45 83 23
45 84 76
45 85 73
45 86 63
45 87 61
45 88 18
45 89 101
45 90 50
45 91 58
45 92 71
45 93 70
45 94 64
45 95 29
45 96 38
45 97 60
45 98 92
45 99 56
46 47 35
46 48 68
46 49 85
46 50 47
46 51 74
46 52 70
46 53 73
46 54 49
46 55 43
46 56 61
46 57 77
46 58 72
46 59 53
46 60 80
46 61 37
46 62 89
46 63 11
46 64 80
46 65 90
46 66 110
46 67 27
46 68 77
46 69 82
46 70 60
46 71 49
46 72 24
46 73 81
46 74 65
46 75 44
46 76 21
46 77 69
46 78 16
46 79 53
46 80 74
46 81 13
46 82 19
46 83 84
46 84 69
46 85 71
46 86 74
46 87 57
46 88 96
46 89 7
46 90 62
46 91 46
46 92 34
46 93 34
46 94 58
46 95 75
46 96 68
46 97 44
46 98 22
46 99 48
47 48 44
47 49 50
47 50 14
47 51 57
47 52 48
47 53 59
47 54 30
47 55 16
47 56 35
47 57 57
47 58 43
47 59 41
47 60 46
47 61 45
47 62 55
47 63 44
47 64 58
47 65 56
47 66 75
47 67 31
47 68 59
47 69 47
47 70 37
47 71 33
47 72 39
47 73 52
47 74 30
47 75 19
47 76 56
47 77 37
47 78 33
47 79 36
47 80 38
47 81 48
47 82 48
47 83 49
47 84 54
47 85 50
47 86 49
47 87 33
47 88 61
47 89 34
47 90 29
47 91 11
47 92 11
47 93 5
47 94 37
47 95 40
47 96 34
47 97 11
47 98 26
47 99 16
48 49 57
48 50 49
48 51 94
48 52 7
48 53 97
48 54 19
48 55 56
48 56 8
48 57 92
48 58 70
48 59 23
48 60 30
48 61 48
48 62 66
48 63 72
48 64 14
48 65 67
48 66 68
48 67 74
48 68 19
48 69 34
48 70 73
48 71 21
48 72 81
48 73 77
48 74 33
48 75 26
48 76 85
48 77 59
48 78 55
48 79 17
48 80 43
48 81 77
48 82 69
48 83 51
48 84 20
48 85 85
48 86 79
48 87 11
48 88 62
48 89 62
48 90 54
48 91 35
48 92 36
48 93 41
48 94 11
48 95 34
48 96 26
48 97 33
48 98 68
48 99 29
49 50 38
49 51 56
49 52 64
49 53 61
49 54 61
49 55 44
49 56 53
49 57 51
49 58 28
49 59 73
49 60 29
49 61 89
49 62 9
49 63 94
49 64 67
49 65 10
49 66 27
49 67 70
49 68 76
49 69 26
49 70 42
49 71 65
49 72 81
49 73 28
49 74 27
49 75 54
49 76 106
49 77 19
49 78 82
49 79 64
49 80 15
49 81 97
49 82 98
49 83 7
49 84 77
49 85 46
49 86 36
49 87 56
49 88 12
49 89 84
49 90 25
49 91 42
49 92 56
49 93 53
49 94 61
49 95 23
49 96 32
49 97 45
49 98 69
49 99 43
50 51 46
50 52 54
50 53 49
50 54 40
50 55 9
50 56 41
50 57 45
50 58 29
50 59 52
50 60 41
50 61 59
50 62 42
50 63 57
50 64 63
50 65 43
50 66 64
50 67 34
50 68 67
50 69 42
50 70 26
50 71 43
50 72 44
50 73 38
50 74 25
50 75 29
50 76 68
50 77 23
50 78 47
50 79 45
50 80 29
50 81 59
50 82 61
50 83 38
50 84 63
50 85 38
50 86 35
50 87 40
50 88 50
50 89 47
50 90 15
50 91 14
50 92 24
50 93 19
50 94 45
50 95 34
50 96 32
50 97 17
50 98 32
50 99 20
51 52 100
51 53 6
51 54 86
51 55 40
51 56 86
51 57 6
51 58 28
51 59 98
51 60 78
51 61 100
51 62 51
51 63 84
51 64 107
51 65 51
51 66 80
51 67 47
51 68 112
51 69 76
51 70 20
51 71 89
51 72 55
51 73 29
51 74 64
51 75 75
51 76 90
51 77 40
51 78 82
51 79 91
51 80 60
51 81 84
51 82 92
51 83 61
51 84 109
51 85 10
51 86 20
51 87 86
51 88 66
51 89 78
51 90 41
51 91 60
51 92 68
51 93 61
51 94 90
51 95 69
51 96 72
51 97 63
51 98 52
51 99 65
52 53 103
52 54 21
52 55 62
52 56 14
52 57 98
52 58 77
52 59 20
52 60 37
52 61 46
52 62 73
52 63 72
52 64 11
52 65 74
52 66 74
52 67 78
52 68 12
52 69 40
52 70 79
52 71 21
52 72 84
52 73 84
52 74 40
52 75 29
52 76 86
52 77 65
52 78 56
52 79 16
52 80 50
52 81 78
52 82 69
52 83 58
52 84 14
52 85 91
52 86 86
52 87 15
52 88 68
52 89 64
52 90 61
52 91 41
52 92 40
52 93 45
52 94 12
52 95 41
52 96 32
52 97 38
52 98 72
52 99 35
53 54 88
53 55 43
53 56 89
53 57 11
53 58 34
53 59 100
53 60 82
53 61 101
53 62 57
53 63 84
53 64 111
53 65 57
53 66 86
53 67 46
53 68 115
53 69 81
53 70 24
53 71 91
53 72 53
53 73 35
53 74 68
53 75 77
53 76 89
53 77 45
53 78 82
53 79 94
53 80 65
53 81 83
53 82 92
53 83 67
53 84 112
53 85 15
53 86 25
53 87 89
53 88 71
53 89 77
53 90 45
53 91 63
53 92 70
53 93 64
53 94 94
53 95 74
53 96 76
53 97 66
53 98 51
53 99 69
54 55 46
54 56 14
54 57 85
54 58 66
54 59 13
54 60 41
54 61 31
54 62 69
54 63 52
54 64 31
54 65 71
54 66 78
54 67 58
54 68 30
54 69 44
54 70 65
54 71 4
54 72 64
54 73 74
54 74 35
54 75 11
54 76 66
54 77 57
54 78 36
54 79 6
54 80 46
54 81 58
54 82 50
54 83 57
54 84 24
54 85 78
54 86 74
54 87 9
54 88 69
54 89 43
54 90 50
54 91 26
54 92 20
54 93 26
54 94 9
54 95 41
54 96 31
54 97 23
54 98 52
54 99 21
55 56 48
55 57 41
55 58 29
55 59 57
55 60 50
55 61 61
55 62 47
55 63 53
55 64 70
55 65 48
55 66 71
55 67 26
55 68 74
55 69 50
55 70 21
55 71 48
55 72 37
55 73 38
55 74 34
55 75 35
55 76 63
55 77 27
55 78 46
55 79 51
55 80 37
55 81 55
55 82 59
55 83 46
55 84 70
55 85 34
55 86 34
55 87 47
55 88 56
55 89 44
55 90 20
55 91 21
55 92 27
55 93 21
55 94 51
55 95 43
55 96 40
55 97 24
55 98 25
55 99 27
56 57 85
56 58 63
56 59 22
56 60 29
56 61 44
56 62 61
56 63 65
56 64 23
56 65 63
56 66 66
56 67 66
56 68 26
56 69 32
56 70 66
56 71 17
56 72 73
56 73 70
56 74 27
56 75 18
56 76 79
56 77 52
56 78 49
56 79 14
56 80 38
56 81 71
56 82 64
56 83 48
56 84 25
56 85 78
56 86 72
56 87 5
56 88 59
56 89 56
56 90 47
56 91 27
56 92 28
56 93 32
56 94 8
56 95 31
56 96 21
56 97 25
56 98 60
56 99 21
57 58 24
57 59 97
57 60 75
57 61 101
57 62 46
57 63 87
57 64 105
57 65 46
57 66 75
57 67 51
57 68 111
57 69 73
57 70 20
57 71 88
57 72 59
57 73 24
57 74 61
57 75 74
57 76 94
57 77 36
57 78 84
57 79 90
57 80 56
57 81 87
57 82 95
57 83 57
57 84 108
57 85 7
57 86 15
57 87 85
57 88 61
57 89 80
57 90 38
57 91 59
57 92 68
57 93 62
57 94 90
57 95 66
57 96 70
57 97 63
57 98 55
57 99 65
58 59 79
58 60 50
58 61 88
58 62 25
58 63 82
58 64 83
58 65 25
58 66 54
58 67 51
58 68 89
58 69 49
58 70 16
58 71 70
58 72 61
58 73 9
58 74 38
58 75 56
58 76 92
58 77 12
58 78 74
58 79 71
58 80 32
58 81 84
58 82 88
58 83 33
58 84 88
58 85 19
58 86 10
58 87 65
58 88 39
58 89 73
58 90 16
58 91 41
58 92 53
58 93 47
58 94 69
58 95 42
58 96 46
58 97 45
58 98 52
58 99 45
59 60 51
59 61 25
59 62 81
59 63 54
59 64 30
59 65 83
59 66 88
59 67 67
59 68 25
59 69 54
59 70 78
59 71 9
59 72 71
59 73 87
59 74 47
59 75 23
59 76 67
59 77 69
59 78 38
59 79 9
59 80 58
59 81 60
59 82 50
59 83 69
59 84 16
59 85 90
59 86 87
59 87 17
59 88 80
59 89 46
59 90 63
59 91 39
59 92 31
59 93 37
59 94 13
59 95 52
59 96 42
59 97 35
59 98 60
59 99 34
60 61 72
60 62 38
60 63 87
60 64 38
60 65 40
60 66 38
60 67 75
60 68 47
60 69 3
60 70 59
60 71 45
60 72 84
60 73 54
60 74 16
60 75 39
60 76 100
60 77 38
60 78 72
60 79 42
60 80 18
60 81 92
60 82 87
60 83 23
60 84 51
60 85 68
60 86 60
60 87 34
60 88 32
60 89 76
60 90 38
60 91 35
60 92 46
60 93 46
60 94 37
60 95 8
60 96 12
60 97 36
60 98 71
60 99 31
61 62 96
61 63 34
61 64 55
61 65 98
61 66 109
61 67 59
61 68 48
61 69 75
61 70 82
61 71 28
61 72 60
61 73 97
61 74 64
61 75 35
61 76 45
61 77 80
61 78 22
61 79 31
61 80 75
61 81 40
61 82 27
61 83 86
61 84 39
61 85 95
61 86 94
61 87 39
61 88 98
61 89 30
61 90 73
61 91 49
61 92 35
61 93 40
61 94 37
61 95 71
61 96 62
61 97 45
61 98 53
61 99 47
62 63 99
62 64 75
62 65 2
62 66 29
62 67 72
62 68 84
62 69 35
62 70 40
62 71 73
62 72 83
62 73 23
62 74 34
62 75 61
62 76 110
62 77 20
62 78 88
62 79 72
62 80 23
62 81 101
62 82 103
62 83 15
62 84 86
62 85 42
62 86 32
62 87 64
62 88 14
62 89 88
62 90 27
62 91 48
62 92 62
62 93 58
62 94 69
62 95 32
62 96 40
62 97 52
62 98 72
62 99 50
63 64 83
63 65 100
63 66 119
63 67 37
63 68 79
63 69 89
63 70 71
63 71 51
63 72 32
63 73 91
63 74 73
63 75 49
63 76 13
63 77 79
63 78 16
63 79 56
63 80 82
63 81 6
63 82 10
63 83 93
63 84 70
63 85 82
63 86 85
63 87 61
63 88 105
63 89 11
63 90 71
63 91 54
63 92 41
63 93 42
63 94 61
63 95 83
63 96 75
63 97 51
63 98 32
63 99 56
64 65 77
64 66 72
64 67 88
64 68 11
64 69 41
64 70 87
64 71 32
64 72 94
64 73 89
64 74 45
64 75 39
64 76 96
64 77 71
64 78 67
64 79 27
64 80 53
64 81 89
64 82 79
64 83 60
64 84 19
64 85 98
64 86 92
64 87 25
64 88 69
64 89 74
64 90 67
64 91 50
64 92 50
64 93 55
64 94 23
64 95 44
64 96 37
64 97 47
64 98 82
64 99 43
65 66 29
65 67 73
65 68 86
65 69 37
65 70 41
65 71 75
65 72 84
65 73 22
65 74 36
65 75 63
65 76 111
65 77 21
65 78 89
65 79 74
65 80 25
65 81 103
65 82 104
65 83 17
65 84 87
65 85 42
65 86 32
65 87 66
65 88 15
65 89 90
65 90 29
65 91 49
65 92 64
65 93 60
65 94 71
65 95 33
65 96 42
65 97 53
65 98 73
65 99 51
66 67 97
66 68 83
66 69 34
66 70 69
66 71 82
66 72 108
66 73 51
66 74 46
66 75 74
66 76 131
66 77 46
66 78 105
66 79 80
66 80 36
66 81 122
66 82 121
66 83 26
66 84 88
66 85 71
66 86 61
66 87 71
66 88 15
66 89 108
66 90 52
66 91 65
66 92 78
66 93 77
66 94 75
66 95 37
66 96 47
66 97 68
66 98 96
66 99 64
67 68 88
67 69 76
67 70 37
67 71 59
67 72 11
67 73 59
67 74 58
67 75 49
67 76 43
67 77 52
67 78 38
67 79 63
67 80 63
67 81 37
67 82 46
67 83 72
67 84 82
67 85 46
67 86 51
67 87 63
67 88 82
67 89 32
67 90 45
67 91 41
67 92 38
67 93 33
67 94 66
67 95 68
67 96 64
67 97 42
67 98 7
67 99 47
68 69 51
68 70 92
68 71 29
68 72 94
68 73 96
68 74 52
68 75 40
68 76 91
68 77 78
68 78 63
68 79 25
68 80 61
68 81 85
68 82 74
68 83 69
68 84 10
68 85 104
68 86 98
68 87 26
68 88 79
68 89 71
68 90 73
68 91 53
68 92 50
68 93 56
68 94 23
68 95 53
68 96 44
68 97 50
68 98 82
68 99 47
69 70 58
69 71 48
69 72 85
69 73 52
69 74 17
69 75 41
69 76 102
69 77 37
69 78 74
69 79 45
69 80 17
69 81 93
69 82 90
69 83 20
69 84 54
69 85 67
69 86 58
69 87 37
69 88 28
69 89 78
69 90 37
69 91 36
69 92 48
69 93 48
69 94 41
69 95 8
69 96 14
69 97 38
69 98 72
69 99 33
70 71 69
70 72 47
70 73 22
70 74 44
70 75 55
70 76 79
70 77 23
70 78 66
70 79 71
70 80 42
70 81 72
70 82 78
70 83 46
70 84 89
70 85 13
70 86 15
70 87 66
70 88 53
70 89 63
70 90 22
70 91 39
70 92 48
70 93 42
70 94 70
70 95 51
70 96 52
70 97 43
70 98 39
70 99 45
71 72 65
71 73 78
71 74 39
71 75 14
71 76 65
71 77 60
71 78 35
71 79 5
71 80 50
71 81 57
71 82 48
71 83 61
71 84 22
71 85 81
71 86 78
71 87 12
71 88 73
71 89 43
71 90 54
71 91 30
71 92 22
71 93 28
71 94 10
71 95 45
71 96 35
71 97 26
71 98 53
71 99 25
72 73 69
72 74 68
72 75 55
72 76 36
72 77 63
72 78 38
72 79 69
72 80 73
72 81 30
72 82 42
72 83 82
72 84 87
72 85 55
72 86 61
72 87 70
72 88 93
72 89 30
72 90 56
72 91 50
72 92 45
72 93 41
72 94 72
72 95 78
72 96 73
72 97 50
72 98 13
72 99 55
73 74 44
73 75 65
73 76 100
73 77 18
73 78 83
73 79 79
73 80 36
73 81 93
73 82 97
73 83 35
73 84 95
73 85 20
73 86 10
73 87 72
73 88 37
73 89 82
73 90 24
73 91 49
73 92 62
73 93 56
73 94 77
73 95 46
73 96 52
73 97 53
73 98 60
73 99 53
74 75 28
74 76 86
74 77 26
74 78 59
74 79 38
74 80 11
74 81 78
74 82 75
74 83 22
74 84 52
74 85 55
74 86 48
74 87 30
74 88 35
74 89 63
74 90 23
74 91 20
74 92 33
74 93 31
74 94 35
74 95 10
74 96 8
74 97 22
74 98 55
74 99 18
75 76 63
75 77 47
75 78 34
75 79 16
75 80 39
75 81 54
75 82 49
75 83 51
75 84 35
75 85 67
75 86 64
75 87 15
75 88 63
75 89 39
75 90 40
75 91 16
75 92 11
75 93 16
75 94 17
75 95 36
75 96 27
75 97 12
75 98 43
75 99 12
76 77 90
76 78 30
76 79 69
76 80 94
76 81 8
76 82 18
76 83 105
76 84 82
76 85 89
76 86 94
76 87 74
76 88 117
76 89 24
76 90 82
76 91 66
76 92 54
76 93 54
76 94 74
76 95 96
76 96 88
76 97 64
76 98 40
76 99 69
77 78 70
77 79 61
77 80 20
77 81 82
77 82 84
77 83 23
77 84 77
77 85 30
77 86 22
77 87 54
77 88 31
77 89 70
77 90 8
77 91 32
77 92 45
77 93 41
77 94 59
77 95 30
77 96 34
77 97 36
77 98 52
77 99 36
78 79 40
78 80 69
78 81 22
78 82 16
78 83 80
78 84 54
78 85 78
78 86 79
78 87 45
78 88 93
78 89 9
78 90 61
78 91 41
78 92 27
78 93 29
78 94 44
78 95 69
78 96 60
78 97 38
78 98 32
78 99 41
79 80 49
79 81 62
79 82 53
79 83 60
79 84 19
79 85 83
79 86 79
79 87 9
79 88 71
79 89 47
79 90 55
79 91 31
79 92 26
79 93 31
79 94 6
79 95 43
79 96 33
79 97 28
79 98 57
79 99 26
80 81 86
80 82 85
80 83 11
80 84 63
80 85 50
80 86 42
80 87 41
80 88 24
80 89 72
80 90 21
80 91 29
80 92 42
80 93 40
80 94 46
80 95 10
80 96 17
80 97 32
80 98 60
80 99 28
81 82 14
81 83 97
81 84 76
81 85 82
81 86 86
81 87 67
81 88 109
81 89 15
81 90 74
81 91 58
81 92 46
81 93 46
81 94 67
81 95 87
81 96 80
81 97 56
81 98 33
81 99 60
82 83 96
82 84 65
82 85 89
82 86 92
82 87 59
82 88 108
82 89 15
82 90 76
82 91 56
82 92 42
82 93 45
82 94 58
82 95 84
82 96 76
82 97 53
82 98 40
82 99 57
83 84 72
83 85 52
83 86 42
83 87 51
83 88 13
83 89 83
83 90 27
83 91 40
83 92 54
83 93 51
83 94 56
83 95 17
83 96 27
83 97 43
83 98 70
83 99 40
84 85 101
84 86 97
84 87 23
84 88 82
84 89 62
84 90 72
84 91 50
84 92 45
84 93 50
84 94 19
84 95 55
84 96 46
84 97 46
84 98 75
84 99 44
85 86 10
85 87 78
85 88 56
85 89 74
85 90 32
85 91 52
85 92 61
85 93 55
85 94 83
85 95 60
85 96 63
85 97 56
85 98 50
85 99 58
86 87 73
86 88 46
86 89 77
86 90 25
86 91 48
86 92 59
86 93 54
86 94 78
86 95 51
86 96 56
86 97 52
86 98 53
86 99 53
87 88 63
87 89 51
87 90 48
87 91 27
87 92 25
87 93 30
87 94 5
87 95 35
87 96 25
87 97 24
87 98 57
87 99 21
88 89 95
88 90 37
88 91 52
88 92 66
88 93 64
88 94 67
88 95 28
88 96 38
88 97 55
88 98 81
88 99 52
89 90 62
89 91 43
89 92 31
89 93 31
89 94 52
89 95 72
89 96 65
89 97 41
89 98 26
89 99 45
90 91 25
90 92 38
90 93 33
90 94 53
90 95 29
90 96 31
90 97 29
90 98 44
90 99 29
91 92 14
91 93 12
91 94 31
91 95 29
91 96 23
91 97 4
91 98 37
91 99 6
92 93 6
92 94 28
92 95 42
92 96 34
92 97 11
92 98 32
92 99 15
93 94 33
93 95 41
93 96 34
93 97 10
93 98 28
93 99 15
94 95 39
94 96 29
94 97 28
94 98 60
94 99 25
95 96 10
95 97 32
95 98 65
95 99 27
96 97 24
96 98 60
96 99 20
97 98 37
97 99 5
98 99 42
0 1 72
0 2 55
0 3 59
0 4 81
0 5 89
0 6 34
0 7 32
0 9 84
0 10 72
0 11 71
0 12 60
0 14 66
0 16 35
0 18 27
0 19 49
0 20 42
0 24 108
0 25 57
0 26 66
0 27 48
0 28 82
0 29 63
0 30 93
0 31 91
0 32 96
0 34 5
0 36 74
0 37 91
0 38 70
0 39 38
0 40 80
0 41 37
0 42 74
0 43 40
0 45 116
0 46 12
0 47 47
0 48 79
0 49 96
0 50 58
0 51 81
0 52 80
0 53 80
0 54 60
0 55 54
0 57 85
0 60 92
0 61 43
0 62 100
0 63 9
0 64 91
0 66 122
0 67 34
0 68 87
0 69 94
0 70 69
0 71 59
0 73 91
0 74 77
0 75 55
0 77 80
0 78 24
0 79 64
0 82 18
0 83 96
0 84 78
0 85 80
0 86 84
0 87 68
0 89 16
0 92 46
0 93 46
0 94 68
0 96 80
0 97 56
0 98 30
0 99 60
1 2 18
1 3 58
1 4 14
1 6 50
1 7 64
1 9 55
1 10 18
1 11 28
1 12 12
1 13 53
1 15 48
1 17 41
1 19 63
1 20 31
1 22 44
1 23 57
1 25 20
1 26 8
1 27 26
1 28 23
1 30 58
1 31 52
1 32 28
1 33 56
1 34 77
1 35 42
1 38 51
1 39 41
1 40 49
1 41 37
1 42 32
1 43 39
1 44 46
1 45 44
1 48 28
1 49 33
1 50 24
1 52 34
1 53 71
1 55 33
1 56 21
1 59 40
1 60 20
1 63 68
1 66 52
1 67 56
1 70 47
1 72 65
1 73 49
1 74 7
1 75 21
1 78 53
1 80 18
1 81 72
1 82 69
1 83 29
1 84 46
1 85 58
1 86 52
1 87 23
1 88 42
1 89 57
1 90 26
1 91 15
1 92 27
1 95 15
1 96 8
1 98 52
1 99 12
2 3 44
2 4 31
2 5 48
2 6 38
2 7 46
2 8 50
2 9 61
2 10 19
2 11 24
2 12 11
2 13 51
2 14 48
2 15 59
2 16 20
2 18 33
2 19 46
2 25 17
2 26 11
2 27 8
2 29 39
2 30 67
2 31 61
2 32 41
2 33 43
2 34 60
2 35 48
2 36 54
2 37 38
2 38 41
2 39 30
2 40 43
2 41 18
2 42 40
2 43 20
2 44 29
2 45 61
2 46 43
2 47 8
2 48 39
2 50 11
2 51 57
2 52 44
2 53 60
2 54 28
2 56 30
2 57 57
2 59 41
2 62 49
2 63 52
2 64 53
2 65 50
2 66 67
2 67 38
2 68 56
2 69 39
2 70 37
2 73 48
2 75 18
2 76 64
2 79 34
2 80 31
2 81 56
2 82 54
2 83 42
2 85 50
2 93 10
2 94 34
2 95 32
2 96 27
2 98 33
2 99 10
3 5 37
3 7 28
3 8 93
3 9 104
3 10 43
3 11 35
3 13 89
3 15 103
3 16 39
3 17 44
3 19 12
3 20 42
3 21 44
3 22 29
3 26 51
3 27 39
3 28 80
3 29 8
3 30 110
3 31 105
3 34 63
3 37 54
3 40 27
3 41 38
3 42 83
3 43 31
3 44 19
3 45 86
3 46 52
3 47 41
3 48 82
3 49 59
3 51 22
3 52 88
3 53 21
3 54 71
3 55 26
3 57 26
3 59 82
3 61 80
3 62 58
3 63 62
3 64 96
3 65 58
3 66 86
3 67 25
3 68 100
3 69 73
3 72 33
3 73 39
3 74 58
3 75 60
3 76 68
3 78 61
3 79 76
3 80 57
3 81 62
3 83 63
3 85 23
3 86 30
3 87 73
3 88 71
3 90 37
3 91 47
3 92 51
3 94 77
3 97 50
3 98 30
4 5 62
4 7 76
4 8 22
4 9 46
4 10 31
4 12 21
4 13 50
4 15 36
4 16 49
4 18 55
4 19 76
4 20 41
4 21 68
4 22 56
4 23 48
4 24 47
4 25 24
4 26 21
4 28 11
4 29 66
4 31 41
4 32 32
4 36 79
4 37 38
4 38 64
4 40 62
4 41 48
4 45 42
4 46 69
4 48 17
4 49 40
4 50 38
4 51 80
4 52 24
4 53 84
4 55 46
4 56 15
4 57 78
4 58 55
4 59 36
4 61 58
4 62 48
4 63 75
4 64 28
4 66 52
4 67 68
4 68 36
4 70 60
4 71 30
4 73 61
4 74 16
4 75 26
4 76 88
4 77 43
4 78 60
4 79 28
4 80 25
4 82 75
4 83 34
4 85 71
4 86 64
4 88 45
4 90 39
4 91 27
4 94 23
4 95 17
4 97 27
4 98 64
4 99 22
5 6 85
5 7 62
5 9 105
5 12 56
5 14 95
5 15 98
5 16 58
5 17 13
5 18 76
5 19 48
5 24 38
5 25 64
5 28 73
5 30 109
5 31 102
5 32 39
5 33 87
5 34 94
5 35 92
5 36 30
5 38 21
5 39 77
5 40 10
5 43 51
5 44 45
5 45 58
5 46 79
5 47 52
5 49 31
5 50 38
5 52 85
5 54 75
5 56 72
5 57 21
5 58 9
5 60 57
5 61 97
5 64 91
5 68 97
5 70 20
5 72 67
5 73 3
5 74 46
5 75 65
5 76 99
5 78 83
5 79 80
5 80 39
5 83 37
5 84 97
5 85 17
5 86 7
5 88 40
5 89 81
5 91 50
5 92 62
5 93 56
5 94 78
5 95 49
5 97 54
5 98 59
5 99 54
6 7 51
6 8 61
6 9 50
6 10 57
6 11 61
6 12 37
6 13 27
6 14 32
6 16 29
6 18 12
6 22 74
6 23 47
6 24 92
6 25 30
6 26 46
6 27 35
6 28 52
6 29 67
6 30 59
6 32 77
6 34 38
6 35 43
6 36 82
6 37 76
6 38 72
6 40 78
6 41 30
6 42 41
6 43 37
6 44 48
6 45 94
6 46 26
6 48 47
6 49 81
6 50 48
6 53 88
6 54 28
6 55 48
6 56 42
6 58 76
6 60 67
6 62 87
6 65 88
6 66 102
6 68 53
6 69 69
6 70 69
6 71 26
6 72 47
6 74 56
6 75 28
6 78 10
6 79 31
6 80 67
6 81 32
6 82 22
6 83 78
6 84 44
6 85 82
6 86 82
6 87 37
6 88 91
6 89 19
6 90 62
6 91 39
6 92 25
6 93 29
6 94 36
6 96 56
6 97 35
7 13 76
7 15 100
7 17 67
7 18 39
7 19 17
7 20 36
7 21 21
7 23 95
7 24 89
7 25 57
7 26 56
7 27 38
7 28 82
7 29 33
7 30 104
7 31 100
7 32 80
7 33 46
7 34 36
7 35 86
7 36 43
7 37 72
7 40 52
7 41 30
7 42 80
7 43 25
7 44 20
7 45 102
7 46 28
7 47 39
7 49 78
7 50 42
7 53 48
7 55 34
7 57 54
7 58 57
7 59 73
7 61 63
7 62 79
7 63 38
7 64 95
7 66 105
7 67 8
7 68 95
7 69 84
7 71 66
7 72 6
7 73 64
7 74 66
7 75 56
7 76 41
7 77 59
7 78 42
7 79 70
7 80 71
7 82 47
7 84 89
7 85 50
7 86 56
7 87 71
7 88 90
7 89 35
7 90 53
7 91 49
7 92 45
7 94 73
7 95 76
7 96 72
7 98 13
7 99 54
8 9 32
8 10 54
8 11 63
8 14 37
8 15 17
8 17 73
8 19 97
8 21 83
8 22 79
8 23 36
8 25 38
8 27 57
8 29 88
8 30 30
8 31 23
8 32 50
8 34 98
8 35 24
8 36 101
8 37 58
8 38 87
8 39 56
8 40 84
8 41 65
8 42 20
8 43 70
8 44 79
8 45 51
8 46 82
8 47 56
8 48 14
8 49 59
8 51 102
8 54 34
8 55 67
8 56 22
8 57 100
8 58 77
8 59 36
8 60 30
8 62 68
8 63 86
8 64 9
8 65 69
8 66 63
8 67 87
8 68 20
8 69 33
8 70 82
8 72 94
8 73 82
8 74 39
8 76 99
8 77 65
8 79 31
8 81 92
8 83 52
8 84 27
8 86 86
8 87 25
8 89 77
8 90 62
8 91 47
8 92 50
8 93 54
8 94 25
8 95 36
8 96 31
8 97 45
8 99 41
9 13 25
9 15 17
9 16 68
9 19 103
9 21 79
9 23 5
9 24 92
9 25 44
9 26 59
9 27 64
9 28 35
9 29 100
9 30 10
9 31 11
9 33 58
9 34 87
9 36 115
9 37 83
9 39 49
9 40 102
9 44 86
9 45 82
9 46 76
9 48 28
9 49 85
9 50 72
9 51 118
9 52 21
9 53 121
9 55 78
9 58 97
9 59 23
9 61 43
9 62 94
9 63 75
9 64 23
9 66 94
9 67 90
9 69 61
9 71 31
9 72 94
9 79 27
9 80 71
9 81 82
9 82 70
9 83 79
9 84 9
9 86 105
9 87 32
9 88 90
9 90 80
9 91 58
9 92 53
9 93 59
9 95 62
9 96 53
9 98 83
9 99 52
10 11 9
10 14 62
10 18 51
10 19 50
10 20 31
10 21 55
10 23 74
10 25 32
10 26 14
10 28 41
10 29 36
10 30 76
10 31 70
10 32 25
10 35 59
10 36 48
10 38 33
10 40 31
10 42 50
10 43 33
10 44 35
10 45 47
10 46 60
10 47 25
10 48 46
10 49 25
10 52 52
10 53 53
10 54 43
10 55 21
10 56 39
10 57 47
10 58 24
10 59 55
10 60 31
10 61 67
10 63 69
10 65 31
10 66 51
10 67 47
10 68 65
10 69 30
10 70 29
10 71 46
10 75 33
10 76 81
10 78 58
10 81 72
10 82 73
10 83 25
10 84 64
10 85 40
10 86 33
10 87 40
10 88 36
10 89 59
10 91 18
10 92 32
10 94 45
10 95 23
10 96 23
10 98 45
10 99 22
11 12 31
11 13 74
11 15 75
11 16 37
11 17 20
11 18 54
11 19 43
11 21 54
11 24 39
11 29 27
11 30 85
11 32 30
11 33 65
11 35 68
11 36 39
11 37 21
11 39 53
11 40 22
11 42 58
11 43 31
11 46 60
11 48 55
11 49 27
11 50 14
11 51 39
11 52 61
11 53 44
11 54 50
11 56 48
11 59 63
11 60 39
11 61 72
11 63 70
11 64 68
11 66 54
11 67 43
11 68 74
11 69 39
11 72 54
11 73 25
11 79 55
11 80 23
11 82 75
11 83 29
11 84 72
11 86 24
11 88 39
11 89 60
11 92 37
11 94 53
11 95 31
11 96 33
11 97 29
11 99 29
12 14 39
12 15 48
12 16 28
12 19 57
12 21 47
12 24 55
12 25 9
12 26 10
12 27 17
12 30 56
12 31 50
12 32 40
12 33 44
12 34 65
12 35 38
12 36 65
12 37 40
12 38 51
12 44 40
12 45 57
12 47 17
12 48 28
12 50 22
12 51 67
12 52 33
12 53 71
12 54 19
12 57 67
12 58 47
12 60 31
12 62 51
12 63 56
12 66 65
12 67 48
12 68 45
12 69 33
12 70 47
12 71 23
12 72 56
12 74 19
12 75 10
12 76 69
12 78 41
12 79 24
12 80 30
12 81 60
12 82 57
12 83 41
12 84 42
12 86 55
12 87 19
12 88 53
12 89 45
12 90 31
12 91 8
12 93 15
12 94 23
12 95 28
12 96 20
12 97 6
12 98 43
13 14 9
13 15 38
13 16 51
13 19 86
13 20 47
13 21 57
13 23 21
13 24 95
13 25 35
13 26 53
13 27 51
13 29 87
13 30 35
13 31 35
13 32 80
13 33 34
13 34 63
13 36 102
13 37 82
13 39 28
13 40 94
13 41 51
13 42 28
13 43 59
13 44 70
13 45 91
13 47 50
13 48 36
13 49 86
13 51 106
13 52 32
13 53 108
13 55 66
13 57 107
13 58 90
13 60 64
13 61 18
13 64 40
13 65 95
13 67 71
13 68 32
13 69 67
13 70 87
13 71 21
13 72 73
13 73 98
13 75 34
13 76 63
13 78 37
13 80 71
13 81 57
13 83 82
13 85 100
13 87 31
13 88 93
13 89 46
13 90 74
13 91 49
13 92 39
13 94 27
13 97 45
13 98 64
13 99 45
14 15 29
14 16 51
14 18 42
14 19 87
14 20 46
14 21 61
14 22 86
14 23 16
14 24 88
14 25 31
14 26 48
14 27 50
14 29 86
14 30 28
14 32 73
14 34 69
14 35 14
14 37 76
14 38 88
14 40 91
14 41 52
14 42 19
14 44 70
14 46 57
14 48 27
14 49 80
14 50 59
14 51 105
14 52 22
14 53 107
14 54 20
14 55 64
14 56 27
14 57 105
14 59 7
14 60 56
14 61 26
14 62 88
14 63 57
14 64 31
14 65 89
14 66 94
14 67 73
14 68 23
14 69 59
14 71 16
14 72 76
14 73 94
14 74 53
14 77 76
14 78 42
14 81 63
14 82 52
14 83 75
14 84 13
14 85 97
14 87 23
14 89 50
14 90 70
14 91 46
14 94 19
14 96 48
14 98 66
14 99 41
15 16 71
15 17 88
15 20 64
15 21 85
15 24 80
15 27 64
15 29 98
15 30 13
15 31 6
15 32 66
15 33 68
15 35 16
15 37 73
15 40 97
15 41 70
15 42 20
15 43 76
15 44 87
15 45 68
15 46 83
15 47 63
15 48 20
15 50 69
15 51 114
15 52 15
15 53 118
15 54 35
15 55 77
15 56 28
15 57 112
15 58 90
15 59 31
15 61 55
15 62 83
15 63 85
15 64 8
15 66 80
15 67 93
15 69 49
15 70 94
15 71 34
15 72 99
15 73 96
15 75 44
15 76 98
15 78 68
15 79 30
15 80 61
15 82 80
15 83 68
15 84 16
15 85 105
15 86 99
15 87 30
15 88 77
15 91 56
15 92 54
15 94 27
15 95 52
15 96 44
15 97 53
15 98 86
15 99 49
16 17 57
16 18 19
16 19 36
16 20 8
16 21 20
16 22 47
16 24 73
16 25 28
16 26 31
16 27 13
16 28 53
16 30 76
16 31 71
16 32 60
16 33 29
16 34 41
16 35 57
16 37 55
16 38 44
16 39 23
16 41 2
16 42 50
16 43 8
16 45 81
16 46 24
16 48 52
16 49 61
16 50 23
16 51 58
16 53 59
16 56 44
16 58 50
16 59 45
16 60 58
16 61 42
16 62 65
16 63 33
16 66 86
16 67 22
16 68 66
16 69 59
16 70 41
16 71 38
16 73 59
16 74 42
16 75 27
16 76 45
16 77 46
16 81 36
16 82 38
16 83 61
16 84 60
16 87 42
16 88 73
16 90 38
16 91 23
16 93 12
16 94 44
16 97 22
16 99 27
17 20 54
17 21 73
17 22 16
17 24 26
17 27 46
17 28 63
17 31 92
17 32 27
17 33 85
17 34 95
17 35 83
17 37 16
17 38 29
17 39 73
17 40 19
17 41 55
17 42 73
17 43 51
17 45 45
17 46 80
17 47 48
17 48 68
17 49 19
17 50 34
17 51 37
17 52 75
17 53 43
17 55 37
17 58 11
17 59 80
17 61 92
17 62 14
17 63 90
17 64 80
17 65 14
17 66 43
17 68 87
17 69 42
17 70 26
17 71 71
17 72 71
17 74 36
17 77 11
17 78 81
17 79 72
17 82 95
17 85 28
17 86 18
17 87 65
17 88 28
17 89 80
17 93 52
17 94 69
17 95 37
17 96 43
17 98 61
17 99 47
18 19 51
18 20 21
18 24 88
18 25 31
18 26 43
18 29 56
18 30 69
18 31 66
18 34 31
18 35 51
18 36 71
18 37 71
18 39 11
18 43 27
18 47 26
18 49 76
18 50 40
18 51 76
18 52 54
18 54 33
18 56 45
18 57 78
18 59 37
18 60 67
18 61 25
18 62 81
18 63 20
18 64 64
18 67 34
18 68 61
18 69 69
18 70 60
18 71 32
18 74 54
18 75 29
18 76 34
18 77 63
18 78 6
18 79 37
18 83 74
18 85 72
18 87 41
18 88 87
18 89 10
18 90 55
18 91 35
18 95 63
18 97 32
18 98 28
18 99 36
19 20 41
19 21 36
19 22 40
19 23 103
19 24 80
19 25 61
19 26 55
19 28 83
19 29 19
19 30 111
19 32 73
19 33 60
19 34 53
19 35 92
19 36 26
19 38 27
19 39 58
19 40 39
19 41 36
19 42 84
19 43 29
19 45 95
19 46 44
19 47 41
19 48 85
19 53 31
19 54 71
19 55 30
19 57 37
19 58 44
19 59 81
19 60 80
19 61 76
19 62 68
19 63 54
19 64 99
19 65 69
19 66 96
19 68 101
19 69 80
19 72 22
19 73 51
19 74 63
19 75 60
19 77 50
19 78 55
19 79 76
19 80 65
19 84 95
19 85 34
19 87 75
19 88 81
19 89 49
19 90 45
19 93 45
19 94 78
19 95 72
19 96 70
19 97 51
19 98 23
19 99 56
20 21 27
20 22 46
20 23 62
20 24 68
20 25 21
20 27 7
20 28 46
20 29 40
20 30 70
20 31 65
20 32 54
20 33 31
20 34 47
20 35 51
20 36 55
20 37 50
20 40 50
20 41 7
20 42 44
20 44 24
20 45 74
20 46 30
20 47 6
20 48 45
20 49 56
20 50 20
20 51 60
20 52 49
20 53 62
20 54 30
20 58 48
20 60 51
20 61 41
20 62 61
20 63 38
20 64 59
20 65 62
20 66 80
20 68 60
20 70 41
20 71 32
20 72 36
20 73 57
20 75 20
20 76 51
20 78 27
20 79 35
20 80 44
20 81 42
20 82 42
20 83 55
20 84 54
20 85 54
20 88 67
20 89 28
20 91 16
20 92 9
20 93 5
20 94 37
20 95 45
20 97 15
20 98 23
20 99 20
21 22 61
21 23 77
21 24 92
21 25 45
21 27 32
21 28 71
21 29 47
21 30 88
21 32 80
21 34 22
21 36 60
21 37 74
21 39 30
21 41 21
21 42 65
21 45 100
21 48 68
21 49 80
21 50 42
21 51 66
21 52 71
21 54 50
21 56 61
21 57 69
21 58 65
21 60 77
21 62 83
21 65 85
21 66 106
21 68 80
21 69 79
21 70 53
21 72 17
21 73 74
21 75 43
21 76 26
21 77 64
21 78 21
21 79 55
21 80 70
21 81 19
21 82 26
21 83 80
21 84 72
21 85 64
21 87 57
21 88 92
21 91 43
21 92 33
21 93 31
21 94 59
21 95 72
21 96 66
21 97 41
21 98 14
21 99 46
22 23 98
22 24 42
22 25 55
22 27 39
22 29 21
22 30 101
22 31 95
22 32 39
22 34 83
22 37 28
22 39 66
22 40 6
22 41 45
22 42 75
22 44 34
22 45 59
22 48 71
22 51 25
22 52 78
22 53 30
22 54 66
22 55 26
22 56 64
22 59 79
22 60 53
22 61 86
22 64 84
22 66 58
22 67 46
22 68 90
22 70 11
22 72 57
22 73 12
22 74 40
22 75 56
22 76 88
22 79 71
22 80 35
22 81 80
22 82 85
22 83 37
22 84 88
22 88 43
22 89 70
22 90 17
22 91 40
22 92 51
22 93 46
22 94 70
22 96 48
22 97 44
22 98 48
23 27 64
23 29 100
23 30 14
23 32 80
23 33 55
23 34 84
23 36 115
23 37 85
23 39 47
23 40 104
23 42 25
23 44 86
23 45 86
23 49 88
23 51 118
23 53 121
23 54 33
23 55 79
23 56 36
23 60 61
23 61 39
23 62 96
23 64 27
23 65 98
23 69 65
23 70 98
23 71 30
23 72 92
23 73 106
23 74 63
23 75 44
23 77 87
23 78 57
23 79 28
23 80 73
23 82 66
23 84 11
23 86 107
23 87 33
23 88 93
23 91 59
23 93 58
23 94 29
23 95 65
23 96 56
23 97 55
23 99 53
24 25 63
24 26 46
24 27 61
24 29 62
24 30 93
24 31 86
24 32 16
24 33 97
24 35 80
24 36 67
24 37 18
24 38 55
24 39 83
24 40 45
24 41 71
24 43 69
24 47 62
24 50 50
24 51 64
24 53 69
24 54 71
24 55 56
24 56 61
24 57 59
24 58 37
24 59 82
24 61 100
24 64 72
24 66 17
24 67 82
24 69 31
24 70 52
24 71 75
24 72 93
24 73 35
24 75 65
24 76 118
24 77 30
24 78 94
24 80 25
24 83 14
24 87 65
24 88 3
24 89 96
24 90 37
24 91 53
24 93 65
24 95 30
24 96 40
24 97 57
24 99 54
25 28 26
25 29 56
25 30 50
25 31 45
25 32 48
25 33 38
25 34 62
25 35 31
25 36 71
25 38 58
25 40 60
25 41 27
25 42 23
25 43 33
25 45 63
25 47 20
25 48 24
25 50 29
25 51 74
25 52 28
25 56 16
25 57 74
25 58 55
25 59 24
25 61 37
25 62 60
25 64 38
25 65 61
25 67 50
25 68 40
25 70 54
25 72 56
25 73 64
25 74 27
25 75 2
25 76 64
25 77 46
25 78 35
25 79 16
25 80 38
25 81 56
25 84 35
25 85 67
25 86 63
25 87 14
25 90 39
25 93 16
25 94 17
25 95 35
25 96 25
25 97 11
25 98 44
26 27 19
26 28 30
26 29 45
26 30 63
26 32 31
26 33 52
26 34 71
26 36 58
26 37 30
26 38 44
26 39 37
26 40 44
26 41 30
26 43 31
26 45 50
26 46 54
26 47 19
26 48 33
26 49 35
26 50 16
26 54 29
26 56 26
26 57 59
26 58 38
26 59 41
26 60 27
26 63 62
26 64 47
26 65 43
26 66 57
26 67 48
26 68 52
26 70 40
26 71 33
26 72 57
26 74 11
26 76 75
26 77 28
26 78 49
26 79 33
26 80 21
26 81 66
26 82 64
26 83 32
26 84 50
26 85 52
26 86 47
26 87 27
26 88 44
26 90 22
26 91 8
26 93 20
26 96 16
26 98 44
26 99 8
27 28 44
27 29 36
27 30 71
27 31 66
27 32 48
27 34 53
27 36 51
27 38 39
27 39 27
27 40 44
27 41 11
27 42 44
27 43 13
27 44 23
27 45 68
27 46 36
27 48 44
27 49 49
27 50 13
27 51 55
27 52 49
27 53 57
27 55 15
27 57 56
27 58 41
27 59 43
27 60 46
27 61 47
27 65 55
27 67 30
27 69 47
27 70 36
27 73 50
27 74 30
27 75 21
27 76 57
27 79 37
27 80 37
27 82 49
27 83 48
27 84 56
27 86 47
27 87 34
27 88 60
27 89 35
27 92 13
27 94 38
27 95 40
27 98 26
28 29 75
28 30 37
28 31 30
28 34 87
28 35 23
28 39 45
28 42 15
28 43 57
28 44 66
28 47 43
28 48 7
28 50 46
28 51 90
28 52 14
28 54 24
28 55 54
28 56 10
28 57 88
28 59 30
28 61 54
28 62 59
28 64 17
28 66 60
28 67 74
28 70 70
28 71 26
28 72 82
28 74 27
28 75 27
28 76 89
28 77 54
28 80 36
28 81 81
28 83 44
28 84 28
28 85 81
28 87 15
28 89 66
28 90 50
28 91 34
28 92 38
28 93 41
28 95 27
28 97 32
28 98 69
29 30 106
29 31 100
29 33 67
29 34 67
29 35 87
29 37 46
29 39 61
29 40 20
29 43 30
29 46 54
29 47 38
29 49 51
29 50 29
29 51 20
29 52 83
29 53 21
29 54 67
29 55 22
29 56 69
29 57 22
29 58 26
29 59 79
29 61 80
29 64 91
29 66 78
29 67 29
29 68 95
29 69 66
29 70 10
29 73 32
29 74 51
29 75 56
29 76 72
29 79 73
29 80 50
29 83 55
29 84 91
29 86 23
29 87 69
29 88 63
29 89 58
29 91 42
29 92 49
29 93 42
29 94 73
29 95 58
29 96 59
29 97 45
29 99 48
30 31 7
30 32 78
30 33 68
30 34 97
30 35 19
30 36 121
30 37 85
30 39 57
30 40 107
30 41 76
30 42 27
30 44 93
30 45 81
30 47 70
30 48 31
30 51 123
30 53 127
30 54 40
30 55 85
30 56 38
30 57 122
30 60 58
30 62 96
30 63 85
30 66 93
30 69 62
30 71 38
30 72 103
30 73 107
30 74 63
30 75 50
30 76 97
30 78 69
30 79 35
30 81 91
30 82 79
30 83 81
30 84 16
30 85 115
30 87 37
30 88 90
30 92 60
30 93 66
30 94 33
30 95 64
30 98 91
31 34 95
31 40 101
31 41 71
31 42 22
31 43 77
31 44 88
31 45 74
31 46 82
31 48 24
31 50 72
31 51 117
31 53 121
31 54 35
31 55 79
31 56 31
31 57 116
31 58 94
31 59 29
31 60 51
31 61 52
31 62 88
31 63 83
31 64 14
31 66 86
31 67 93
31 69 55
31 70 97
31 71 34
31 73 101
31 75 45
31 76 95
31 79 30
31 81 89
31 82 78
31 83 74
31 85 109
31 88 83
31 90 78
31 92 55
31 93 61
31 94 28
31 95 57
31 96 49
31 97 55
31 98 87
31 99 52
32 34 101
32 35 65
32 36 65
32 37 11
32 40 44
32 43 58
32 45 22
32 46 84
32 48 49
32 49 9
32 51 63
32 54 55
32 55 46
32 56 46
32 57 59
32 61 85
32 62 18
32 63 93
32 64 58
32 66 26
32 67 72
32 68 67
32 70 47
32 73 37
32 74 21
32 76 105
32 78 80
32 80 10
32 81 96
32 82 95
32 83 2
32 84 70
32 85 53
32 87 49
32 89 82
32 90 28
32 91 39
32 95 15
32 97 42
32 99 39
33 38 73
33 39 16
33 42 50
33 43 37
33 44 48
33 45 100
33 46 19
33 47 37
33 49 86
33 50 51
33 51 87
33 53 87
33 54 37
33 55 50
33 59 37
33 62 92
33 63 17
33 64 67
33 65 93
33 66 108
33 67 43
33 68 62
33 69 77
33 70 70
33 71 35
33 73 88
33 74 62
33 76 30
33 77 74
33 78 5
33 79 40
33 80 73
33 81 23
33 83 84
33 84 53
33 88 96
33 89 12
33 92 30
33 93 33
33 94 45
33 96 63
33 97 41
33 98 37
33 99 44
34 35 81
34 36 78
34 39 42
34 41 42
34 43 45
34 45 121
34 46 17
34 48 83
34 49 102
34 50 63
34 52 84
34 53 83
34 54 64
34 55 59
34 56 77
34 57 89
34 58 87
34 60 97
34 61 46
34 62 105
34 63 12
34 64 95
34 65 106
34 67 38
34 68 91
34 69 98
34 70 74
34 71 63
34 72 30
34 73 95
34 74 82
34 75 60
34 77 85
34 79 68
34 82 19
34 83 101
34 84 82
34 86 88
34 87 72
34 88 113
34 89 21
34 90 78
34 94 73
34 96 85
34 97 61
35 36 102
35 37 70
35 38 89
35 39 40
35 43 63
35 44 74
35 45 72
35 46 67
35 47 51
35 48 16
35 49 73
35 50 59
35 51 105
35 52 10
35 53 108
35 57 104
35 58 83
35 61 39
35 63 69
35 64 16
35 65 83
35 67 79
35 68 10
35 69 50
35 70 85
35 71 20
35 72 84
35 73 91
35 74 47
35 75 31
35 76 82
35 77 73
35 81 75
35 82 64
35 84 5
35 85 97
35 88 78
35 89 61
35 91 45
35 93 47
35 94 15
35 95 50
35 98 72
35 99 40
36 37 54
36 38 14
36 39 76
36 40 22
36 41 52
36 42 93
36 43 45
36 44 34
36 45 85
36 47 53
36 48 92
36 49 58
36 50 43
36 51 7
36 52 97
36 53 6
36 54 82
36 55 37
36 56 84
36 57 12
36 59 94
36 60 78
36 61 95
36 62 55
36 63 78
36 64 105
36 66 84
36 67 41
36 68 110
36 71 85
36 72 48
36 73 33
36 75 71
36 76 83
36 77 41
36 78 76
36 79 88
36 80 60
36 81 77
36 82 86
36 83 63
36 84 106
36 85 13
36 88 69
36 91 57
36 92 64
36 93 57
36 94 88
36 95 69
36 96 71
36 97 60
36 98 46
36 99 63
37 38 41
37 41 54
37 42 61
37 44 52
37 45 32
37 46 79
37 47 45
37 48 55
37 50 32
37 51 52
37 53 57
37 54 57
37 55 38
37 56 50
37 58 24
37 59 70
37 60 29
37 61 85
37 62 12
37 64 65
37 65 13
37 66 33
37 67 65
37 68 74
37 69 27
37 70 37
37 71 61
37 72 75
37 74 23
37 75 50
37 77 14
37 78 77
37 79 61
37 80 12
37 81 92
37 82 92
37 84 75
37 85 42
37 86 33
37 87 53
37 90 19
37 91 37
37 93 48
37 94 57
37 95 22
37 96 29
37 97 40
37 98 63
38 39 65
38 42 80
38 43 35
38 45 72
38 47 41
38 49 45
38 50 30
38 53 20
38 54 69
38 56 70
38 57 16
38 58 18
38 62 43
38 63 72
38 64 91
38 66 72
38 67 37
38 68 96
38 70 4
38 71 72
38 72 47
38 74 49
38 76 80
38 77 27
38 78 68
38 79 75
38 80 46
38 81 73
38 82 79
38 83 50
38 84 93
38 85 10
38 89 65
38 91 43
38 92 52
38 93 46
38 94 74
38 96 57
38 97 47
38 98 40
39 40 70
39 41 24
39 42 36
39 43 31
39 44 43
39 45 85
39 46 28
39 48 41
39 49 72
39 50 39
39 52 42
39 55 41
39 56 35
39 57 82
39 58 68
39 60 59
39 61 20
39 64 53
39 65 80
39 67 43
39 69 61
39 71 21
39 72 46
39 73 77
39 74 47
39 75 20
39 76 44
39 77 61
39 78 14
39 81 36
39 84 42
39 86 74
39 88 82
39 89 21
39 90 54
39 91 30
39 92 16
39 93 21
39 95 56
39 98 36
39 99 29
40 42 80
40 43 43
40 45 64
40 46 71
40 47 45
40 48 77
40 49 37
40 50 32
40 51 19
40 52 83
40 53 25
40 54 71
40 56 69
40 57 16
40 58 9
40 62 33
40 63 81
40 64 90
40 65 33
40 68 96
40 69 57
40 70 11
40 71 75
40 72 57
40 76 90
40 78 75
40 79 76
40 80 40
40 82 88
40 85 10
40 87 70
40 90 23
40 91 45
40 92 56
40 94 75
40 97 49
40 99 50
41 42 50
41 44 19
41 45 79
41 46 26
41 48 52
41 49 59
41 50 21
41 51 57
41 52 55
41 53 58
41 55 19
41 58 48
41 61 43
41 62 63
41 63 35
41 64 66
41 65 65
41 66 85
41 67 22
41 68 66
41 69 58
41 72 29
41 73 57
41 74 41
41 75 26
41 77 44
41 79 41
41 80 48
41 82 40
41 84 60
41 85 52
41 87 41
41 88 71
41 89 25
41 90 36
41 91 21
41 93 11
41 95 51
41 96 45
41 97 21
41 99 26
42 43 56
42 45 64
42 46 64
42 47 43
42 48 8
42 49 63
42 50 50
42 51 96
42 53 99
42 56 11
42 58 74
42 59 15
42 60 38
42 62 72
42 63 67
42 64 17
42 65 73
42 68 16
42 71 15
42 73 81
42 74 38
42 75 24
42 76 80
42 78 50
42 79 11
42 80 48
42 81 72
42 82 63
42 83 58
42 84 14
42 87 10
42 89 58
42 90 58
42 91 37
42 95 41
42 96 31
42 98 66
43 44 12
43 45 79
43 46 29
43 47 14
43 48 57
43 49 57
43 50 19
43 51 50
43 53 51
43 54 42
43 55 14
43 56 49
43 59 52
43 60 58
43 61 50
43 62 60
43 63 39
43 67 17
43 69 59
43 70 33
43 71 44
43 72 26
43 73 52
43 74 42
43 75 32
43 78 33
43 79 48
43 80 48
43 81 41
43 82 45
43 83 58
43 85 45
43 86 47
43 87 47
43 88 69
43 89 30
43 90 33
43 91 24
43 92 22
43 93 16
43 95 52
43 97 24
43 98 13
43 99 29
44 45 82
44 49 58
44 50 23
44 52 72
44 53 40
44 55 14
44 57 42
44 58 38
44 59 64
44 61 61
44 62 59
44 63 46
44 64 81
44 65 60
44 67 13
44 68 83
44 70 25
44 72 24
44 73 46
44 74 47
44 75 43
44 76 54
44 78 43
44 79 59
44 81 47
44 83 59
44 87 57
44 88 70
44 89 38
44 90 33
44 91 32
44 92 33
44 93 27
44 94 60
44 95 57
44 96 54
44 97 34
44 98 14
45 47 69
45 48 57
45 49 27
45 50 60
45 52 62
45 53 88
45 55 68
45 56 56
45 57 78
45 58 55
45 59 78
45 60 27
45 61 99
45 62 32
45 64 61
45 65 33
45 66 12
45 67 94
45 68 71
45 69 24
45 70 69
45 72 104
45 74 39
45 75 65
45 76 124
45 77 46
45 78 98
45 80 31
45 84 76
45 85 73
45 87 61
45 88 18
45 89 101
45 90 50
45 92 71
45 93 70
45 94 64
45 95 29
45 96 38
45 97 60
45 98 92
45 99 56
46 47 35
46 49 85
46 52 70
46 53 73
46 55 43
46 57 77
46 58 72
46 59 53
46 60 80
46 61 37
46 64 80
46 66 110
46 67 27
46 69 82
46 70 60
46 72 24
46 73 81
46 74 65
46 75 44
46 76 21
46 77 69
46 78 16
46 80 74
46 83 84
46 85 71
46 87 57
46 88 96
46 91 46
46 94 58
46 95 75
46 96 68
46 97 44
46 98 22
47 48 44
47 51 57
47 52 48
47 56 35
47 59 41
47 61 45
47 62 55
47 63 44
47 64 58
47 65 56
47 66 75
47 67 31
47 68 59
47 69 47
47 70 37
47 71 33
47 74 30
47 76 56
47 77 37
47 78 33
47 79 36
47 80 38
47 81 48
47 82 48
47 84 54
47 85 50
47 86 49
47 88 61
47 91 11
47 94 37
47 95 40
47 96 34
47 97 11
47 98 26
47 99 16
48 49 57
48 50 49
48 51 94
48 53 97
48 54 19
48 55 56
48 56 8
48 57 92
48 58 70
48 59 23
48 61 48
48 62 66
48 63 72
48 64 14
48 65 67
48 66 68
48 67 74
48 69 34
48 70 73
48 71 21
48 74 33
48 76 85
48 77 59
48 78 55
48 79 17
48 82 69
48 83 51
48 85 85
48 86 79
48 88 62
48 89 62
48 91 35
48 92 36
48 93 41
48 94 11
48 96 26
48 98 68
48 99 29
49 50 38
49 51 56
49 54 61
49 56 53
49 57 51
49 60 29
49 61 89
49 62 9
49 65 10
49 66 27
49 71 65
49 73 28
49 74 27
49 77 19
49 78 82
49 79 64
49 80 15
49 82 98
49 85 46
49 86 36
49 87 56
49 91 42
49 92 56
49 93 53
49 94 61
49 95 23
49 98 69
49 99 43
50 51 46
50 52 54
50 53 49
50 54 40
50 55 9
50 56 41
50 57 45
50 59 52
50 61 59
50 62 42
50 64 63
50 67 34
50 68 67
50 70 26
50 71 43
50 72 44
50 73 38
50 74 25
50 75 29
50 77 23
50 78 47
50 79 45
50 80 29
50 81 59
50 82 61
50 83 38
50 84 63
50 85 38
50 86 35
50 87 40
50 88 50
50 89 47
50 92 24
50 93 19
50 94 45
50 95 34
50 96 32
50 97 17
50 98 32
51 52 100
51 53 6
51 54 86
51 56 86
51 58 28
51 59 98
51 60 78
51 61 100
51 63 84
51 64 107
51 65 51
51 66 80
51 67 47
51 68 112
51 70 20
51 71 89
51 72 55
51 75 75
51 76 90
51 77 40
51 78 82
51 80 60
51 81 84
51 83 61
51 84 109
51 86 20
51 87 86
51 88 66
51 90 41
51 91 60
51 92 68
51 93 61
51 94 90
51 95 69
51 99 65
52 55 62
52 56 14
52 57 98
52 58 77
52 59 20
52 60 37
52 61 46
52 62 73
52 63 72
52 64 11
52 66 74
52 67 78
52 68 12
52 70 79
52 71 21
52 72 84
52 73 84
52 76 86
52 78 56
52 80 50
52 81 78
52 82 69
52 83 58
52 84 14
52 86 86
52 87 15
52 90 61
52 91 41
52 92 40
52 93 45
52 94 12
52 95 41
52 98 72
52 99 35
53 55 43
53 56 89
53 57 11
53 58 34
53 59 100
53 62 57
53 64 111
53 65 57
53 68 115
53 69 81
53 70 24
53 72 53
53 73 35
53 74 68
53 75 77
53 76 89
53 77 45
53 78 82
53 79 94
53 80 65
53 81 83
53 82 92
53 84 112
53 86 25
53 87 89
53 89 77
53 90 45
53 91 63
53 94 94
53 95 74
53 96 76
53 97 66
53 98 51
53 99 69
54 55 46
54 56 14
54 58 66
54 59 13
54 60 41
54 61 31
54 62 69
54 63 52
54 64 31
54 65 71
54 67 58
54 68 30
54 69 44
54 70 65
54 71 4
54 73 74
54 75 11
54 76 66
54 78 36
54 83 57
54 84 24
54 86 74
54 90 50
54 91 26
54 92 20
54 93 26
54 94 9
54 95 41
54 96 31
55 56 48
55 57 41
55 58 29
55 61 61
55 62 47
55 63 53
55 64 70
55 66 71
55 67 26
55 68 74
55 72 37
55 74 34
55 75 35
55 76 63
55 77 27
55 78 46
55 80 37
55 81 55
55 82 59
55 84 70
55 87 47
55 88 56
55 89 44
55 93 21
55 94 51
55 97 24
55 99 27
56 57 85
56 58 63
56 59 22
56 61 44
56 63 65
56 64 23
56 65 63
56 66 66
56 69 32
56 70 66
56 71 17
56 74 27
56 75 18
56 76 79
56 78 49
56 79 14
56 81 71
56 83 48
56 84 25
56 88 59
56 89 56
56 90 47
56 91 27
56 92 28
56 93 32
56 94 8
56 95 31
56 96 21
56 97 25
56 99 21
57 58 24
57 59 97
57 60 75
57 61 101
57 62 46
57 64 105
57 65 46
57 66 75
57 67 51
57 68 111
57 69 73
57 71 88
57 73 24
57 74 61
57 75 74
57 76 94
57 77 36
57 78 84
57 79 90
57 80 56
57 81 87
57 82 95
57 84 108
57 85 7
57 86 15
57 89 80
57 90 38
57 92 68
57 93 62
57 94 90
57 95 66
57 96 70
57 98 55
58 60 50
58 61 88
58 64 83
58 65 25
58 66 54
58 67 51
58 71 70
58 72 61
58 73 9
58 77 12
58 78 74
58 79 71
58 80 32
58 81 84
58 82 88
58 83 33
58 84 88
58 85 19
58 86 10
58 88 39
58 89 73
58 91 41
58 92 53
58 95 42
58 97 45
58 99 45
59 63 54
59 64 30
59 65 83
59 66 88
59 67 67
59 71 9
59 73 87
59 75 23
59 76 67
59 78 38
59 79 9
59 82 50
59 83 69
59 84 16
59 85 90
59 87 17
59 88 80
59 90 63
59 92 31
59 93 37
59 94 13
59 96 42
59 97 35
59 98 60
59 99 34
60 61 72
60 62 38
60 63 87
60 65 40
60 66 38
60 67 75
60 68 47
60 69 3
60 70 59
60 71 45
60 72 84
60 73 54
60 74 16
60 76 100
60 78 72
60 79 42
60 80 18
60 81 92
60 83 23
60 84 51
60 86 60
60 88 32
60 90 38
60 91 35
60 93 46
60 94 37
60 95 8
60 96 12
60 97 36
61 62 96
61 64 55
61 65 98
61 66 109
61 68 48
61 69 75
61 70 82
61 71 28
61 73 97
61 74 64
61 77 80
61 80 75
61 81 40
61 85 95
61 86 94
61 87 39
61 88 98
61 91 49
61 92 35
61 93 40
61 94 37
61 95 71
61 98 53
62 64 75
62 66 29
62 67 72
62 68 84
62 69 35
62 70 40
62 71 73
62 72 83
62 73 23
62 74 34
62 75 61
62 81 101
62 82 103
62 85 42
62 86 32
62 87 64
62 88 14
62 89 88
62 91 48
62 92 62
62 94 69
62 95 32
62 98 72
62 99 50
63 64 83
63 65 100
63 67 37
63 68 79
63 69 89
63 70 71
63 71 51
63 72 32
63 74 73
63 76 13
63 78 16
63 80 82
63 82 10
63 83 93
63 85 82
63 87 61
63 90 71
63 91 54
63 92 41
63 95 83
63 96 75
63 97 51
63 98 32
64 66 72
64 68 11
64 69 41
64 71 32
64 72 94
64 73 89
64 74 45
64 76 96
64 77 71
64 79 27
64 81 89
64 82 79
64 83 60
64 84 19
64 87 25
64 88 69
64 91 50
64 92 50
64 93 55
64 94 23
64 98 82
64 99 43
65 66 29
65 67 73
65 68 86
65 69 37
65 70 41
65 71 75
65 73 22
65 74 36
65 75 63
65 76 111
65 77 21
65 78 89
65 79 74
65 80 25
65 81 103
65 82 104
65 84 87
65 86 32
65 87 66
65 88 15
65 89 90
65 91 49
65 92 64
65 93 60
65 94 71
65 96 42
65 97 53
65 98 73
66 67 97
66 68 83
66 70 69
66 73 51
66 74 46
66 75 74
66 76 131
66 78 105
66 80 36
66 81 122
66 82 121
66 84 88
66 85 71
66 86 61
66 88 15
66 89 108
66 91 65
66 94 75
66 96 47
66 98 96
66 99 64
67 68 88
67 70 37
67 71 59
67 72 11
67 73 59
67 74 58
67 76 43
67 77 52
67 78 38
67 79 63
67 80 63
67 81 37
67 82 46
67 83 72
67 84 82
67 85 46
67 86 51
67 87 63
67 89 32
67 90 45
67 91 41
67 92 38
67 95 68
67 96 64
67 97 42
67 98 7
68 69 51
68 70 92
68 71 29
68 72 94
68 74 52
68 76 91
68 77 78
68 78 63
68 79 25
68 80 61
68 82 74
68 83 69
68 86 98
68 88 79
68 90 73
68 91 53
68 93 56
68 94 23
68 95 53
68 96 44
68 97 50
68 98 82
69 70 58
69 71 48
69 72 85
69 73 52
69 75 41
69 78 74
69 79 45
69 82 90
69 83 20
69 85 67
69 87 37
69 88 28
69 89 78
69 90 37
69 91 36
69 92 48
69 93 48
69 94 41
69 95 8
69 96 14
69 98 72
70 71 69
70 72 47
70 74 44
70 77 23
70 78 66
70 81 72
70 82 78
70 83 46
70 84 89
70 85 13
70 86 15
70 88 53
70 89 63
70 90 22
70 91 39
70 92 48
70 97 43
70 99 45
71 73 78
71 75 14
71 76 65
71 77 60
71 80 50
71 81 57
71 82 48
71 83 61
71 85 81
71 86 78
71 88 73
71 90 54
71 92 22
71 96 35
71 97 26
71 99 25
72 73 69
72 74 68
72 75 55
72 77 63
72 81 30
72 83 82
72 84 87
72 85 55
72 87 70
72 88 93
72 89 30
72 92 45
72 93 41
72 95 78
72 96 73
72 97 50
73 74 44
73 75 65
73 76 100
73 77 18
73 78 83
73 79 79
73 82 97
73 84 95
73 88 37
73 89 82
73 90 24
73 92 62
73 93 56
73 94 77
73 95 46
73 96 52
73 97 53
73 98 60
74 75 28
74 76 86
74 77 26
74 78 59
74 80 11
74 81 78
74 82 75
74 83 22
74 84 52
74 85 55
74 86 48
74 87 30
74 88 35
74 89 63
74 91 20
74 92 33
74 93 31
74 94 35
74 95 10
74 96 8
74 99 18
75 76 63
75 77 47
75 79 16
75 80 39
75 81 54
75 83 51
75 85 67
75 86 64
75 87 15
75 88 63
75 89 39
75 90 40
75 92 11
75 93 16
75 94 17
75 96 27
75 99 12
76 79 69
76 80 94
76 81 8
76 82 18
76 83 105
76 84 82
76 85 89
76 86 94
76 87 74
76 89 24
76 90 82
76 91 66
76 93 54
76 95 96
76 97 64
76 98 40
76 99 69
77 78 70
77 83 23
77 84 77
77 89 70
77 90 8
77 91 32
77 92 45
77 93 41
77 94 59
77 96 34
77 99 36
78 79 40
78 80 69
78 81 22
78 83 80
78 85 78
78 86 79
78 87 45
78 89 9
78 91 41
78 92 27
78 93 29
78 94 44
78 98 32
78 99 41
79 81 62
79 82 53
79 83 60
79 84 19
79 86 79
79 88 71
79 89 47
79 90 55
79 91 31
79 92 26
79 93 31
79 95 43
79 96 33
79 97 28
79 99 26
80 81 86
80 82 85
80 84 63
80 87 41
80 91 29
80 93 40
80 96 17
80 97 32
80 99 28
81 82 14
81 83 97
81 84 76
81 85 82
81 87 67
81 88 109
81 89 15
81 92 46
81 93 46
81 94 67
81 96 80
81 97 56
81 98 33
81 99 60
82 84 65
82 85 89
82 86 92
82 87 59
82 88 108
82 89 15
82 90 76
82 91 56
82 92 42
82 93 45
82 94 58
82 95 84
82 97 53
82 98 40
82 99 57
83 86 42
83 87 51
83 88 13
83 89 83
83 90 27
83 91 40
83 93 51
83 94 56
83 95 17
83 97 43
83 98 70
83 99 40
84 85 101
84 86 97
84 87 23
84 89 62
84 91 50
84 92 45
84 93 50
84 94 19
84 98 75
85 86 10
85 87 78
85 89 74
85 90 32
85 93 55
85 95 60
85 96 63
85 98 50
85 99 58
86 87 73
86 88 46
86 90 25
86 91 48
86 93 54
86 94 78
86 95 51
86 96 56
86 98 53
86 99 53
87 88 63
87 89 51
87 91 27
87 92 25
87 93 30
87 95 35
87 96 25
87 97 24
87 99 21
88 89 95
88 90 37
88 91 52
88 92 66
88 94 67
88 95 28
88 96 38
88 97 55
88 98 81
88 99 52
89 90 62
89 91 43
89 93 31
89 94 52
89 95 72
89 96 65
89 97 41
89 98 26
90 91 25
90 95 29
90 96 31
90 97 29
90 99 29
91 92 14
91 95 29
91 98 37
92 94 28
92 95 42
92 96 34
92 98 32
92 99 15
93 94 33
93 95 41
93 96 34
94 95 39
94 96 29
94 97 28
94 98 60
94 99 25
95 96 10
95 98 65
95 99 27
96 98 60
97 99 5
98 99 42
