100 0.3 20 0 0.5 4950 1485 98
0.728223 0.847248 20
0.740098 0.628388 12
0.134265 0.916816 29
0.760093 0.813832 19
0.533158 0.614491 6
0.78996 0.211954 19
0.544941 0.0894343 20
0.453075 0.0116344 24
0.669003 0.0169496 25
0.985287 0.37217 23
0.182403 0.64808 20
0.012515 0.795646 30
0.969636 0.682913 23
0.0577519 0.503035 24
0.430774 0.293905 11
0.365822 0.836224 19
0.504128 0.980804 24
0.0760824 0.187521 28
0.096133 0.801331 27
0.287643 0.715937 17
0.128523 0.80636 26
0.478684 0.252214 12
0.292494 0.461688 13
0.197228 0.0329021 29
0.194656 0.300135 20
0.556683 0.264871 11
0.811511 0.658097 16
0.416524 0.20122 16
0.106511 0.891678 30
0.605185 0.0773045 21
0.117827 0.99731 33
0.276171 0.581218 14
0.493642 0.15653 17
0.843824 0.517357 15
0.288156 0.781624 19
0.617966 0.781322 15
0.875517 0.589837 17
0.746402 0.402379 11
0.956018 0.231633 24
0.879128 0.791515 23
0.960526 0.196965 26
0.450105 0.428972 6
0.541204 0.551946 3
0.453008 0.703667 11
0.42161 0.436135 7
0.67674 0.104898 21
0.460568 0.00904668 25
0.297781 0.322157 15
0.394112 0.0548568 23
0.106705 0.802063 27
0.531822 0.246619 12
0.923388 0.313337 21
0.271768 0.626486 15
0.260521 0.341916 16
0.617803 0.654239 9
0.0993663 0.328625 24
0.979737 0.654669 23
0.845209 0.667291 17
0.738381 0.627593 12
0.900691 0.681006 20
0.206086 0.955471 29
0.24033 0.599776 16
0.714006 0.208982 17
0.698498 0.871294 20
0.371411 0.22097 16
0.0174335 0.895333 33
0.940826 0.751421 24
0.579527 0.835755 17
0.342303 0.339869 13
0.795113 0.695689 16
0.119662 0.519354 21
0.656669 0.842896 18
0.830354 0.504196 14
0.486022 0.780119 15
0.288897 0.285835 16
0.524563 0.658581 8
0.967304 0.89325 29
0.0899746 0.0170673 33
0.649528 0.281919 12
0.47177 0.409033 5
0.62127 0.93297 22
0.984739 0.976091 33
0.289342 0.299759 16
0.902342 0.218757 23
0.35002 0.495496 10
0.779731 0.902484 24
0.00319361 0.473752 27
0.694786 0.12319 20
0.13181 0.340167 22
0.613981 0.482703 4
0.541926 0.493478 0
0.708721 0.869413 21
0.192995 0.843752 25
0.0361453 0.25732 28
0.870834 0.433084 17
0.831542 0.148084 23
0.569668 0.92592 22
0.291047 0.275766 17
0.385563 0.370866 10
0.900231 0.432934 18
0 1 22
0 2 60
0 3 5
0 4 30
0 5 64
0 6 78
0 7 88
0 8 83
0 9 54
0 10 58
0 11 72
0 12 29
0 13 75
0 14 63
0 15 36
0 16 26
0 17 93
0 18 63
0 19 46
0 20 60
0 21 65
0 22 58
0 23 97
0 24 76
0 25 61
0 26 21
0 27 72
0 28 62
0 29 78
0 30 63
0 31 52
0 32 73
0 33 35
0 34 44
0 35 13
0 36 30
0 37 45
0 38 66
0 39 16
0 40 69
0 41 50
0 42 35
0 43 31
0 44 51
0 45 74
0 46 88
0 47 68
0 48 86
0 49 62
0 50 63
0 51 57
0 52 51
0 53 69
0 54 22
0 55 82
0 56 32
0 57 21
0 58 22
0 59 24
0 60 53
0 61 55
0 62 64
0 63 4
0 64 72
0 65 71
0 66 23
0 67 15
0 68 64
0 69 17
0 70 69
0 71 7
0 72 36
0 73 25
0 74 71
0 75 28
0 76 24
0 77 105
0 78 57
0 79 51
0 80 14
0 81 29
0 82 70
0 83 65
0 84 52
0 85 8
0 86 82
0 87 72
0 88 78
0 89 38
0 90 40
0 91 3
0 92 54
0 93 91
0 94 44
0 95 71
0 96 18
0 97 72
0 98 59
0 99 45
1 2 67
1 3 19
1 4 21
1 5 42
1 6 57
1 7 68
1 8 62
1 9 35
1 10 56
1 11 75
1 12 24
1 13 69
1 14 46
1 15 43
1 16 42
1 17 80
1 18 67
1 19 46
1 20 64
1 21 46
1 22 48
1 23 81
1 24 64
1 25 41
1 26 8
1 27 54
1 28 69
1 29 57
1 30 72
1 31 47
1 32 53
1 33 15
1 34 48
1 35 20
1 36 14
1 37 23
1 38 45
1 39 21
1 40 48
1 41 35
1 42 21
1 43 30
1 44 37
1 45 53
1 46 68
1 47 54
1 48 67
1 49 66
1 50 43
1 51 36
1 52 47
1 53 56
1 54 12
1 55 71
1 56 24
1 57 11
1 58 0
1 59 17
1 60 63
1 61 50
1 62 42
1 63 25
1 64 55
1 65 77
1 66 24
1 67 26
1 68 49
1 69 9
1 70 63
1 71 23
1 72 15
1 73 30
1 74 57
1 75 22
1 76 35
1 77 89
1 78 36
1 79 35
1 80 33
1 81 43
1 82 56
1 83 44
1 84 41
1 85 28
1 86 75
1 87 51
1 88 67
1 89 19
1 90 24
1 91 24
1 92 59
1 93 80
1 94 24
1 95 49
1 96 34
1 97 57
1 98 44
1 99 25
2 3 63
2 4 50
2 5 96
2 6 92
2 7 96
2 8 105
2 9 101
2 10 27
2 11 17
2 12 87
2 13 42
2 14 69
2 15 25
2 16 38
2 17 73
2 18 12
2 19 25
2 20 11
2 21 75
2 22 48
2 23 89
2 24 62
2 25 78
2 26 72
2 27 77
2 28 4
2 29 96
2 30 8
2 31 36
2 32 84
2 33 81
2 34 20
2 35 50
2 36 81
2 37 80
2 38 107
2 39 76
2 40 110
2 41 58
2 42 55
2 43 38
2 44 56
2 45 98
2 46 96
2 47 62
2 48 90
2 49 12
2 50 78
2 51 99
2 52 32
2 53 59
2 54 55
2 55 59
2 56 89
2 57 75
2 58 67
2 59 80
2 60 8
2 61 33
2 62 91
2 63 57
2 64 74
2 65 12
2 66 82
2 67 45
2 68 61
2 69 70
2 70 40
2 71 53
2 72 81
2 73 38
2 74 65
2 75 47
2 76 83
2 77 90
2 78 82
2 79 61
2 80 49
2 81 85
2 82 64
2 83 104
2 84 47
2 85 65
2 86 46
2 87 97
2 88 58
2 89 65
2 90 59
2 91 58
2 92 9
2 93 67
2 94 88
2 95 104
2 96 44
2 97 66
2 98 60
2 99 91
3 4 30
3 5 60
3 6 76
3 7 86
3 8 80
3 9 50
3 10 60
3 11 75
3 12 25
3 13 77
3 14 62
3 15 39
3 16 31
3 17 93
3 18 66
3 19 48
3 20 63
3 21 63
3 22 59
3 23 96
3 24 76
3 25 59
3 26 16
3 27 70
3 28 66
3 29 75
3 30 67
3 31 54
3 32 71
3 33 31
3 34 47
3 35 15
3 36 25
3 37 41
3 38 61
3 39 12
3 40 65
3 41 49
3 42 34
3 43 33
3 44 51
3 45 71
3 46 86
3 47 67
3 48 84
3 49 65
3 50 61
3 51 53
3 52 52
3 53 69
3 54 21
3 55 82
3 56 27
3 57 17
3 58 19
3 59 19
3 60 57
3 61 56
3 62 61
3 63 8
3 64 71
3 65 75
3 66 19
3 67 18
3 68 63
3 69 12
3 70 70
3 71 11
3 72 32
3 73 28
3 74 71
3 75 28
3 76 22
3 77 104
3 78 54
3 79 50
3 80 18
3 81 28
3 82 70
3 83 61
3 84 52
3 85 9
3 86 83
3 87 69
3 88 79
3 89 36
3 90 39
3 91 8
3 92 57
3 93 91
3 94 40
3 95 67
3 96 22
3 97 71
3 98 58
3 99 41
4 5 48
4 6 53
4 7 61
4 8 61
4 9 51
4 10 35
4 11 55
4 12 44
4 13 49
4 14 34
4 15 28
4 16 37
4 17 63
4 18 48
4 19 27
4 20 45
4 21 37
4 22 29
4 23 67
4 24 46
4 25 35
4 26 28
4 27 43
4 28 51
4 29 54
4 30 56
4 31 26
4 32 46
4 33 33
4 34 30
4 35 19
4 36 34
4 37 30
4 38 57
4 39 39
4 40 60
4 41 20
4 42 6
4 43 12
4 44 21
4 45 53
4 46 61
4 47 38
4 48 58
4 49 47
4 50 37
4 51 49
4 52 26
4 53 39
4 54 9
4 55 52
4 56 45
4 57 32
4 58 21
4 59 37
4 60 47
4 61 29
4 62 44
4 63 31
4 64 43
4 65 59
4 66 43
4 67 23
4 68 33
4 69 27
4 70 42
4 71 26
4 72 32
4 73 17
4 74 41
4 75 4
4 76 52
4 77 74
4 78 35
4 79 21
4 80 33
4 81 58
4 82 40
4 83 54
4 84 22
4 85 38
4 86 55
4 87 52
4 88 49
4 89 15
4 90 12
4 91 31
4 92 41
4 93 61
4 94 38
4 95 55
4 96 31
4 97 42
4 98 28
4 99 41
5 6 27
5 7 39
5 8 23
5 9 25
5 10 75
5 11 97
5 12 50
5 13 79
5 14 37
5 15 75
5 16 82
5 17 71
5 18 91
5 19 71
5 20 89
5 21 31
5 22 56
5 23 62
5 24 60
5 25 24
5 26 45
5 27 37
5 28 96
5 29 23
5 30 103
5 31 63
5 32 30
5 33 31
5 34 76
5 35 59
5 36 39
5 37 20
5 38 17
5 39 59
5 40 17
5 41 40
5 42 42
5 43 60
5 44 43
5 45 16
5 46 39
5 47 50
5 48 43
5 49 90
5 50 26
5 51 17
5 52 66
5 53 55
5 54 47
5 55 70
5 56 48
5 57 46
5 58 42
5 59 48
5 60 95
5 61 67
5 62 8
5 63 67
5 64 42
5 65 103
5 66 56
5 67 66
5 68 47
5 69 48
5 70 74
5 71 64
5 72 30
5 73 64
5 74 51
5 75 52
5 76 70
5 77 73
5 78 16
5 79 37
5 80 74
5 81 79
5 82 51
5 83 11
5 84 52
5 85 69
5 86 83
5 87 13
5 88 67
5 89 32
5 90 38
5 91 66
5 92 87
5 93 76
5 94 24
5 95 8
5 96 75
5 97 50
5 98 43
5 99 25
6 7 12
6 8 14
6 9 52
6 10 67
6 11 88
6 12 73
6 13 64
6 14 23
6 15 77
6 16 89
6 17 48
6 18 84
6 19 68
6 20 83
6 21 18
6 22 45
6 23 35
6 24 41
6 25 18
6 26 63
6 27 17
6 28 91
6 29 6
6 30 100
6 31 56
6 32 8
6 33 52
6 34 74
6 35 70
6 36 60
6 37 37
6 38 43
6 39 78
6 40 43
6 41 35
6 42 46
6 43 62
6 44 37
6 45 13
6 46 12
6 47 34
6 48 15
6 49 84
6 50 16
6 51 44
6 52 60
6 53 38
6 54 57
6 55 51
6 56 71
6 57 65
6 58 57
6 59 69
6 60 93
6 61 59
6 62 21
6 63 80
6 64 22
6 65 96
6 66 77
6 67 75
6 68 32
6 69 66
6 70 60
6 71 76
6 72 50
6 73 69
6 74 32
6 75 57
6 76 91
6 77 46
6 78 22
6 79 33
6 80 85
6 81 99
6 82 33
6 83 38
6 84 45
6 85 85
6 86 66
6 87 15
6 88 48
6 89 40
6 90 40
6 91 80
6 92 83
6 93 54
6 94 47
6 95 29
6 96 84
6 97 31
6 98 32
6 99 49
7 8 22
7 9 64
7 10 69
7 11 90
7 12 85
7 13 63
7 14 28
7 15 83
7 16 97
7 17 42
7 18 87
7 19 72
7 20 86
7 21 24
7 22 48
7 23 26
7 24 39
7 25 27
7 26 74
7 27 19
7 28 95
7 29 17
7 30 104
7 31 60
7 32 15
7 33 64
7 34 79
7 35 79
7 36 72
7 37 49
7 38 55
7 39 89
7 40 54
7 41 42
7 42 55
7 43 69
7 44 43
7 45 24
7 46 1
7 47 35
7 48 7
7 49 86
7 50 25
7 51 56
7 52 64
7 53 38
7 54 66
7 55 47
7 56 83
7 57 76
7 58 68
7 59 81
7 60 98
7 61 63
7 62 33
7 63 89
7 64 22
7 65 99
7 66 89
7 67 83
7 68 35
7 69 76
7 70 61
7 71 86
7 72 62
7 73 77
7 74 32
7 75 65
7 76 102
7 77 36
7 78 33
7 79 40
7 80 94
7 81 110
7 82 33
7 83 49
7 84 49
7 85 95
7 86 64
7 87 27
7 88 46
7 89 50
7 90 49
7 91 90
7 92 87
7 93 48
7 94 59
7 95 40
7 96 92
7 97 31
7 98 37
7 99 61
8 9 48
8 10 80
8 11 102
8 12 73
8 13 78
8 14 37
8 15 87
8 16 98
8 17 62
8 18 97
8 19 80
8 20 96
8 21 30
8 22 58
8 23 47
8 24 55
8 25 27
8 26 66
8 27 31
8 28 104
8 29 9
8 30 112
8 31 69
8 32 22
8 33 53
8 34 85
8 35 77
8 36 61
8 37 39
8 38 36
8 39 80
8 40 34
8 41 47
8 42 55
8 43 72
8 44 49
8 45 9
8 46 21
8 47 48
8 48 28
8 49 97
8 50 27
8 51 39
8 52 73
8 53 52
8 54 64
8 55 65
8 56 71
8 57 67
8 58 61
8 59 70
8 60 105
8 61 72
8 62 20
8 63 85
8 64 36
8 65 109
8 66 78
8 67 82
8 68 46
8 69 69
8 70 74
8 71 83
8 72 51
8 73 78
8 74 47
8 75 66
8 76 93
8 77 58
8 78 27
8 79 44
8 80 92
8 81 101
8 82 47
8 83 31
8 84 58
8 85 89
8 86 81
8 87 11
8 88 63
8 89 47
8 90 49
8 91 85
8 92 95
8 93 68
8 94 46
8 95 21
8 96 91
8 97 46
8 98 45
8 99 48
9 10 85
9 11 106
9 12 31
9 13 94
9 14 56
9 15 77
9 16 78
9 17 93
9 18 99
9 19 78
9 20 96
9 21 52
9 22 70
9 23 86
9 24 79
9 25 44
9 26 33
9 27 59
9 28 102
9 29 48
9 30 107
9 31 74
9 32 54
9 33 20
9 34 81
9 35 55
9 36 24
9 37 24
9 38 14
9 39 43
9 40 18
9 41 54
9 42 48
9 43 63
9 44 57
9 45 41
9 46 64
9 47 69
9 48 67
9 49 98
9 50 47
9 51 9
9 52 76
9 53 73
9 54 46
9 55 89
9 56 28
9 57 33
9 58 36
9 59 32
9 60 97
9 61 78
9 62 32
9 63 58
9 64 63
9 65 110
9 66 38
9 67 62
9 68 64
9 69 38
9 70 88
9 71 57
9 72 20
9 73 64
9 74 70
9 75 54
9 76 52
9 77 96
9 78 35
9 79 51
9 80 67
9 81 60
9 82 70
9 83 17
9 84 65
9 85 57
9 86 99
9 87 38
9 88 85
9 89 39
9 90 46
9 91 57
9 92 92
9 93 96
9 94 13
9 95 27
9 96 69
9 97 70
9 98 60
9 99 10
10 11 23
10 12 79
10 13 19
10 14 43
10 15 26
10 16 46
10 17 47
10 18 18
10 19 13
10 20 17
10 21 49
10 22 22
10 23 62
10 24 35
10 25 54
10 26 63
10 27 50
10 28 26
10 29 71
10 30 36
10 31 12
10 32 58
10 33 67
10 34 17
10 35 46
10 36 70
10 37 62
10 38 88
10 39 71
10 40 90
10 41 35
10 42 37
10 43 28
10 44 32
10 45 73
10 46 70
10 47 35
10 48 63
10 49 17
10 50 53
10 51 81
10 52 9
10 53 32
10 54 44
10 55 33
10 56 80
10 57 66
10 58 56
10 59 72
10 60 31
10 61 8
10 62 69
10 63 56
10 64 47
10 65 30
10 66 77
10 67 44
10 68 35
10 69 61
10 70 14
10 71 51
10 72 66
10 73 33
10 74 38
10 75 34
10 76 82
10 77 64
10 78 59
10 79 38
10 80 52
10 81 87
10 82 36
10 83 84
10 84 23
10 85 65
10 86 25
10 87 73
10 88 31
10 89 46
10 90 39
10 91 57
10 92 20
10 93 42
10 94 72
10 95 82
10 96 48
10 97 39
10 98 34
10 99 75
11 12 96
11 13 30
11 14 65
11 15 36
11 16 53
11 17 61
11 18 8
11 19 29
11 20 12
11 21 72
11 22 44
11 23 78
11 24 53
11 25 76
11 26 81
11 27 72
11 28 13
11 29 93
11 30 23
11 31 34
11 32 80
11 33 88
11 34 28
11 35 61
11 36 89
11 37 83
11 38 110
11 39 87
11 40 112
11 41 57
11 42 58
11 43 45
11 44 54
11 45 96
11 46 91
11 47 55
11 48 83
11 49 9
11 50 76
11 51 103
11 52 31
11 53 52
11 54 62
11 55 48
11 56 98
11 57 84
11 58 75
11 59 90
11 60 25
11 61 30
11 62 91
11 63 69
11 64 68
11 65 10
11 66 93
11 67 57
11 68 56
11 69 79
11 70 30
11 71 65
11 72 87
11 73 47
11 74 58
11 75 53
11 76 96
11 77 78
11 78 82
11 79 60
11 80 62
11 81 99
11 82 57
11 83 106
11 84 45
11 85 77
11 86 32
11 87 96
11 88 47
11 89 68
11 90 61
11 91 70
11 92 19
11 93 54
11 94 93
11 95 104
11 96 57
11 97 59
11 98 57
11 99 96
12 13 93
12 14 66
12 15 62
12 16 55
12 17 102
12 18 88
12 19 68
12 20 85
12 21 65
12 22 71
12 23 101
12 24 86
12 25 59
12 26 16
12 27 73
12 28 89
12 29 71
12 30 91
12 31 70
12 32 71
12 33 21
12 34 69
12 35 37
12 36 13
12 37 36
12 38 45
12 39 14
12 40 49
12 41 58
12 42 45
12 43 52
12 44 60
12 45 65
12 46 84
12 47 76
12 48 85
12 49 87
12 50 62
12 51 37
12 52 70
12 53 79
12 54 35
12 55 94
12 56 3
12 57 13
12 58 24
12 59 7
12 60 81
12 61 73
12 62 54
12 63 33
12 64 76
12 65 98
12 66 7
12 67 42
12 68 72
12 69 17
12 70 87
12 71 35
12 72 23
12 73 49
12 74 79
12 75 45
12 76 21
12 77 110
12 78 51
12 79 57
12 80 43
12 81 29
12 82 78
12 83 47
12 84 65
12 85 29
12 86 99
12 87 62
12 88 91
12 89 41
12 90 47
12 91 32
12 92 79
12 93 103
12 94 27
12 95 55
12 96 47
12 97 79
12 98 66
12 99 26
13 14 43
13 15 45
13 16 65
13 17 32
13 18 30
13 19 31
13 20 31
13 21 49
13 22 24
13 23 49
13 24 24
13 25 55
13 26 77
13 27 47
13 28 39
13 29 69
13 30 50
13 31 23
13 32 56
13 33 79
13 34 36
13 35 63
13 36 82
13 37 70
13 38 94
13 39 87
13 40 95
13 41 40
13 42 49
13 43 44
13 44 37
13 45 74
13 46 64
13 47 30
13 48 56
13 49 30
13 50 54
13 51 89
13 52 25
13 53 26
13 54 58
13 55 18
13 56 93
13 57 80
13 58 69
13 59 86
13 60 48
13 61 21
13 62 72
13 63 74
13 64 42
13 65 39
13 66 92
13 67 62
13 68 33
13 69 76
13 70 6
13 71 69
13 72 77
13 73 51
13 74 32
13 75 49
13 76 99
13 77 49
13 78 63
13 79 42
13 80 71
13 81 104
13 82 31
13 83 89
13 84 29
13 85 83
13 86 6
13 87 74
13 88 18
13 89 56
13 90 48
13 91 75
13 92 37
13 93 25
13 94 82
13 95 85
13 96 66
13 97 33
13 98 35
13 99 85
14 15 55
14 16 69
14 17 37
14 18 61
14 19 45
14 20 59
14 21 6
14 22 22
14 23 35
14 24 24
14 25 13
14 26 53
14 27 9
14 28 68
14 29 28
14 30 77
14 31 33
14 32 15
14 33 47
14 34 51
14 35 52
14 36 53
14 37 33
14 38 53
14 39 67
14 40 54
14 41 14
14 42 28
14 43 41
14 44 14
14 45 31
14 46 29
14 47 14
14 48 24
14 49 60
14 50 11
14 51 49
14 52 37
14 53 18
14 54 41
14 55 33
14 56 66
14 57 56
14 58 45
14 59 61
14 60 70
14 61 36
14 62 30
14 63 64
14 64 9
14 65 73
14 66 69
14 67 56
14 68 10
14 69 54
14 70 38
14 71 59
14 72 45
14 73 49
14 74 14
14 75 38
14 76 80
14 77 44
14 78 22
14 79 12
14 80 67
14 81 88
14 82 14
14 83 48
14 84 22
14 85 70
14 86 46
14 87 31
14 88 30
14 89 26
14 90 23
14 91 64
14 92 60
14 93 40
14 94 46
14 95 43
14 96 65
14 97 14
14 98 9
14 99 49
15 16 20
15 17 71
15 18 27
15 19 14
15 20 24
15 21 59
15 22 38
15 23 82
15 24 56
15 25 60
15 26 48
15 27 64
15 28 27
15 29 80
15 30 30
15 31 27
15 32 69
15 33 57
15 34 9
15 35 26
15 36 57
15 37 58
15 38 84
15 39 52
15 40 87
15 41 42
15 42 33
15 43 16
15 44 40
15 45 79
15 46 83
15 47 52
15 48 78
15 49 26
15 50 61
15 51 76
15 52 23
15 53 51
15 54 31
15 55 57
15 56 64
15 57 51
15 58 43
15 59 56
15 60 20
15 61 27
15 62 72
15 63 33
15 64 62
15 65 35
15 66 58
15 67 21
15 68 50
15 69 45
15 70 40
15 71 29
15 72 57
15 73 13
15 74 56
15 75 24
15 76 60
15 77 86
15 78 62
15 79 44
15 80 27
15 81 63
15 82 54
15 83 82
15 84 34
15 85 42
15 86 51
15 87 79
15 88 55
15 89 43
15 90 39
15 91 34
15 92 17
15 93 67
15 94 65
15 95 83
15 96 22
15 97 57
15 98 47
15 99 67
16 17 90
16 18 45
16 19 34
16 20 41
16 21 73
16 22 56
16 23 100
16 24 75
16 25 72
16 26 45
16 27 78
16 28 41
16 29 91
16 30 39
16 31 46
16 32 82
16 33 57
16 34 29
16 35 23
16 36 54
16 37 63
16 38 87
16 39 42
16 40 91
16 41 55
16 42 43
16 43 28
16 44 55
16 45 89
16 46 97
16 47 69
16 48 93
16 49 44
16 50 73
16 51 79
16 52 42
16 53 68
16 54 35
16 55 77
16 56 58
16 57 46
16 58 42
16 59 50
16 60 30
16 61 46
16 62 80
16 63 22
16 64 77
16 65 49
16 66 49
16 67 16
16 68 66
16 69 41
16 70 60
16 71 21
16 72 58
16 73 20
16 74 73
16 75 32
16 76 47
16 77 105
16 78 71
16 79 57
16 80 13
16 81 48
16 82 71
16 83 86
16 84 51
16 85 29
16 86 71
16 87 88
16 88 74
16 89 51
16 90 49
16 91 23
16 92 34
16 93 86
16 94 66
16 95 89
16 96 9
16 97 74
16 98 62
16 99 68
17 18 61
17 19 57
17 20 62
17 21 41
17 22 35
17 23 20
17 24 16
17 25 49
17 26 87
17 27 34
17 28 70
17 29 54
17 30 81
17 31 44
17 32 42
17 33 84
17 34 63
17 35 80
17 36 89
17 37 70
17 38 88
17 39 100
17 40 88
17 41 45
17 42 59
17 43 64
17 44 43
17 45 61
17 46 42
17 47 26
17 48 34
17 49 62
17 50 46
17 51 86
17 52 48
17 53 24
17 54 72
17 55 14
17 56 102
17 57 91
17 58 80
17 59 96
17 60 78
17 61 44
17 62 64
17 63 92
17 64 30
17 65 71
17 66 103
17 67 82
17 68 31
17 69 88
17 70 33
17 71 88
17 72 82
17 73 72
17 74 23
17 75 65
17 76 114
17 77 17
17 78 58
17 79 45
17 80 92
17 81 120
17 82 24
17 83 83
17 84 41
17 85 100
17 86 30
17 87 62
17 88 16
17 89 61
17 90 56
17 91 93
17 92 67
17 93 8
17 94 83
17 95 76
17 96 89
17 97 23
17 98 36
17 99 86
18 19 21
18 20 3
18 21 67
18 22 39
18 23 78
18 24 51
18 25 71
18 26 73
18 27 68
18 28 9
18 29 89
18 30 20
18 31 28
18 32 76
18 33 80
18 34 19
18 35 52
18 36 81
18 37 76
18 38 103
18 39 78
18 40 105
18 41 51
18 42 51
18 43 37
18 44 49
18 45 91
18 46 87
18 47 52
18 48 80
18 49 1
18 50 71
18 51 96
18 52 25
18 53 49
18 54 54
18 55 47
18 56 90
18 57 76
18 58 67
18 59 81
18 60 19
18 61 25
18 62 86
18 63 61
18 64 64
18 65 12
18 66 85
18 67 48
18 68 52
18 69 71
18 70 28
18 71 56
18 72 79
18 73 39
18 74 55
18 75 45
18 76 88
18 77 78
18 78 76
18 79 54
18 80 54
18 81 91
18 82 54
18 83 99
18 84 40
18 85 69
18 86 34
18 87 90
18 88 46
18 89 61
18 90 54
18 91 62
18 92 11
18 93 55
18 94 86
18 95 98
18 96 49
18 97 56
18 98 52
18 99 88
19 20 18
19 21 50
19 22 25
19 23 69
19 24 43
19 25 53
19 26 53
19 27 53
19 28 25
19 29 71
19 30 33
19 31 14
19 32 60
19 33 59
19 34 7
19 35 34
19 36 60
19 37 56
19 38 83
19 39 60
19 40 85
19 41 33
19 42 30
19 43 17
19 44 31
19 45 72
19 46 73
19 47 39
19 48 67
19 49 20
19 50 53
19 51 75
19 52 9
19 53 38
19 54 34
19 55 43
19 56 69
19 57 56
19 58 46
19 59 61
19 60 25
19 61 13
19 62 66
19 63 44
19 64 50
19 65 32
19 66 65
19 67 32
19 68 38
19 69 51
19 70 26
19 71 39
19 72 58
19 73 21
19 74 43
19 75 24
19 76 70
19 77 73
19 78 57
19 79 36
19 80 40
19 81 74
19 82 42
19 83 79
19 84 23
19 85 53
19 86 37
19 87 72
19 88 41
19 89 40
19 90 34
19 91 45
19 92 16
19 93 52
19 94 65
19 95 79
19 96 35
19 97 44
19 98 36
19 99 67
20 21 66
20 22 38
20 23 78
20 24 51
20 25 69
20 26 70
20 27 67
20 28 9
20 29 87
20 30 19
20 31 27
20 32 75
20 33 77
20 34 16
20 35 49
20 36 78
20 37 74
20 38 101
20 39 75
20 40 103
20 41 50
20 42 48
20 43 34
20 44 47
20 45 89
20 46 86
20 47 51
20 48 80
20 49 2
20 50 69
20 51 94
20 52 23
20 53 48
20 54 51
20 55 48
20 56 86
20 57 73
20 58 64
20 59 78
20 60 17
20 61 23
20 62 84
20 63 57
20 64 63
20 65 14
20 66 81
20 67 45
20 68 51
20 69 68
20 70 29
20 71 53
20 72 76
20 73 36
20 74 54
20 75 42
20 76 84
20 77 79
20 78 74
20 79 53
20 80 51
20 81 87
20 82 53
20 83 97
20 84 38
20 85 66
20 86 36
20 87 89
20 88 47
20 89 58
20 90 52
20 91 58
20 92 7
20 93 56
20 94 83
20 95 96
20 96 46
20 97 55
20 98 51
20 99 86
21 22 28
21 23 36
21 24 29
21 25 8
21 26 52
21 27 8
21 28 74
21 29 22
21 30 83
21 31 39
21 32 10
21 33 45
21 34 56
21 35 55
21 36 52
21 37 31
21 38 48
21 39 67
21 40 48
21 41 18
21 42 31
21 43 45
21 44 19
21 45 25
21 46 24
21 47 19
21 48 21
21 49 66
21 50 5
21 51 45
21 52 43
21 53 24
21 54 43
21 55 39
21 56 64
21 57 55
21 58 46
21 59 60
21 60 75
21 61 42
21 62 24
21 63 66
21 64 11
21 65 79
21 66 68
21 67 59
21 68 16
21 69 54
21 70 45
21 71 62
21 72 43
21 73 53
21 74 19
21 75 41
21 76 81
21 77 45
21 78 17
21 79 16
21 80 70
21 81 88
21 82 20
21 83 42
21 84 28
21 85 72
21 86 52
21 87 25
21 88 36
21 89 27
21 90 25
21 91 66
21 92 66
21 93 44
21 94 43
21 95 37
21 96 68
21 97 19
21 98 15
21 99 46
22 23 44
22 24 19
22 25 33
22 26 55
22 27 29
22 28 47
22 29 50
22 30 56
22 31 12
22 32 37
22 33 55
22 34 32
22 35 46
22 36 60
22 37 46
22 38 70
22 39 67
22 40 72
22 41 16
22 42 26
22 43 29
22 44 13
22 45 52
22 46 48
22 47 14
22 48 42
22 49 39
22 50 32
22 51 65
22 52 17
22 53 12
22 54 38
22 55 23
22 56 71
22 57 59
22 58 48
22 59 65
22 60 50
22 61 15
22 62 49
22 63 58
22 64 25
22 65 51
22 66 71
22 67 47
22 68 13
22 69 55
22 70 18
22 71 53
22 72 54
22 73 37
22 74 18
22 75 30
22 76 80
22 77 49
22 78 40
22 79 19
22 80 57
22 81 86
22 82 16
22 83 66
22 84 7
22 85 66
22 86 29
22 87 53
22 88 20
22 89 32
22 90 25
22 91 58
22 92 39
22 93 33
22 94 58
22 95 62
22 96 54
22 97 19
22 98 13
22 99 61
23 24 27
23 25 43
23 26 88
23 27 28
23 28 86
23 29 41
23 30 97
23 31 55
23 32 32
23 33 81
23 34 75
23 35 86
23 36 88
23 37 66
23 38 78
23 39 102
23 40 78
23 41 47
23 42 62
23 43 72
23 44 46
23 45 48
23 46 26
23 47 31
23 48 20
23 49 77
23 50 40
23 51 78
23 52 60
23 53 32
23 54 75
23 55 31
23 56 100
23 57 91
23 58 80
23 59 96
23 60 92
23 61 57
23 62 55
23 63 98
23 64 26
23 65 88
23 66 103
23 67 89
23 68 34
23 69 89
23 70 49
23 71 93
23 72 79
23 73 80
23 74 27
23 75 71
23 76 115
23 77 11
23 78 52
23 79 47
23 80 99
23 81 123
23 82 28
23 83 73
23 84 49
23 85 105
23 86 48
23 87 51
23 88 31
23 89 61
23 90 58
23 91 98
23 92 81
23 93 28
23 94 78
23 95 64
23 96 97
23 97 26
23 98 39
23 99 81
24 25 36
24 26 71
24 27 24
24 28 60
24 29 47
24 30 70
24 31 29
24 32 33
24 33 68
24 34 49
24 35 64
24 36 74
24 37 56
24 38 76
24 39 84
24 40 77
24 41 29
24 42 43
24 43 48
24 44 26
24 45 52
24 46 39
24 47 11
24 48 32
24 49 51
24 50 34
24 51 73
24 52 34
24 53 8
24 54 55
24 55 10
24 56 86
24 57 75
24 58 63
24 59 80
24 60 66
24 61 30
24 62 53
24 63 76
24 64 19
24 65 62
24 66 87
24 67 66
24 68 15
24 69 72
24 70 23
24 71 71
24 72 67
24 73 56
24 74 10
24 75 49
24 76 97
24 77 30
24 78 46
24 79 30
24 80 76
24 81 104
24 82 9
24 83 71
24 84 25
24 85 84
24 86 26
24 87 53
24 88 7
24 89 46
24 90 40
24 91 77
24 92 54
24 93 16
24 94 69
24 95 65
24 96 73
24 97 10
24 98 20
24 99 72
25 26 47
25 27 15
25 28 77
25 29 19
25 30 85
25 31 42
25 32 13
25 33 38
25 34 58
25 35 52
25 36 46
25 37 23
25 38 40
25 39 62
25 40 41
25 41 20
25 42 29
25 43 45
25 44 22
25 45 20
25 46 27
25 47 27
25 48 27
25 49 70
25 50 3
25 51 37
25 52 46
25 53 31
25 54 39
25 55 46
25 56 58
25 57 50
25 58 41
25 59 54
25 60 77
25 61 46
25 62 17
25 63 62
25 64 19
25 65 83
25 66 62
25 67 57
25 68 23
25 69 49
25 70 51
25 71 59
25 72 36
25 73 52
25 74 27
25 75 40
25 76 75
25 77 53
25 78 9
25 79 17
25 80 67
25 81 83
25 82 27
25 83 35
25 84 31
25 85 68
25 86 59
25 87 20
25 88 43
25 89 23
25 90 23
25 91 62
25 92 68
25 93 52
25 94 36
25 95 30
25 96 66
25 97 27
25 98 20
25 99 38
26 27 60
26 28 74
26 29 62
26 30 77
26 31 54
26 32 59
26 33 14
26 34 54
26 35 23
26 36 9
26 37 26
26 38 45
26 39 15
26 40 48
26 41 43
26 42 29
26 43 36
26 44 45
26 45 57
26 46 74
26 47 61
26 48 73
26 49 72
26 50 50
26 51 36
26 52 54
26 53 64
26 54 19
26 55 78
26 56 17
26 57 3
26 58 8
26 59 9
26 60 67
26 61 57
26 62 46
26 63 24
26 64 62
26 65 83
26 66 16
26 67 29
26 68 57
26 69 4
26 70 71
26 71 24
26 72 16
26 73 35
26 74 64
26 75 29
26 76 28
26 77 97
26 78 41
26 79 42
26 80 33
26 81 36
26 82 63
26 83 45
26 84 49
26 85 25
26 86 83
26 87 55
26 88 75
26 89 26
26 90 32
26 91 23
26 92 65
26 93 87
26 94 23
26 95 51
26 96 36
26 97 65
26 98 51
26 99 24
27 28 76
27 29 23
27 30 85
27 31 41
27 32 9
27 33 53
27 34 59
27 35 61
27 36 60
27 37 39
27 38 54
27 39 75
27 40 54
27 41 23
27 42 37
27 43 50
27 44 23
27 45 28
27 46 20
27 47 17
27 48 15
27 49 68
27 50 12
27 51 52
27 52 45
27 53 21
27 54 50
27 55 34
27 56 72
27 57 63
27 58 53
27 59 68
27 60 78
27 61 44
27 62 30
27 63 73
27 64 5
27 65 80
27 66 76
27 67 66
27 68 16
27 69 62
27 70 44
27 71 69
27 72 51
27 73 58
27 74 15
27 75 47
27 76 88
27 77 37
27 78 25
27 79 22
27 80 76
27 81 96
27 82 16
27 83 49
27 84 30
27 85 79
27 86 50
27 87 29
27 88 32
27 89 34
27 90 32
27 91 73
27 92 68
27 93 38
27 94 51
27 95 42
27 96 74
27 97 15
27 98 17
27 99 54
28 29 95
28 30 11
28 31 35
28 32 83
28 33 83
28 34 21
28 35 52
28 36 83
28 37 81
28 38 108
28 39 78
28 40 110
28 41 58
28 42 55
28 43 39
28 44 55
28 45 97
28 46 95
28 47 60
28 48 88
28 49 9
28 50 77
28 51 100
28 52 31
28 53 57
28 54 56
28 55 56
28 56 90
28 57 77
28 58 68
28 59 82
28 60 12
28 61 32
28 62 91
28 63 59
28 64 72
28 65 9
28 66 85
28 67 48
28 68 60
28 69 72
28 70 37
28 71 55
28 72 82
28 73 40
28 74 63
28 75 48
28 76 86
28 77 87
28 78 82
28 79 61
28 80 52
28 81 88
28 82 62
28 83 104
28 84 47
28 85 67
28 86 43
28 87 97
28 88 55
28 89 65
28 90 59
28 91 60
28 92 10
28 93 64
28 94 89
28 95 104
28 96 46
28 97 64
28 98 59
28 99 92
29 30 104
29 31 60
29 32 14
29 33 50
29 34 77
29 35 70
29 36 58
29 37 35
29 38 38
29 39 76
29 40 37
29 41 38
29 42 48
29 43 64
29 44 40
29 45 8
29 46 16
29 47 39
29 48 21
29 49 88
29 50 18
29 51 40
29 52 64
29 53 43
29 54 58
29 55 56
29 56 69
29 57 64
29 58 57
29 59 67
29 60 96
29 61 64
29 62 17
29 63 80
29 64 27
29 65 101
29 66 75
29 67 76
29 68 37
29 69 65
29 70 66
29 71 77
29 72 48
29 73 71
29 74 38
29 75 59
29 76 89
29 77 52
29 78 21
29 79 36
29 80 86
29 81 98
29 82 39
29 83 33
29 84 49
29 85 84
29 86 72
29 87 10
29 88 54
29 89 41
29 90 42
29 91 80
29 92 87
29 93 60
29 94 44
29 95 24
29 96 85
29 97 37
29 98 37
29 99 46
30 31 45
30 32 92
30 33 87
30 34 27
30 35 54
30 36 86
30 37 87
30 38 114
30 39 79
30 40 116
30 41 66
30 42 61
30 43 45
30 44 64
30 45 105
30 46 105
30 47 70
30 48 98
30 49 20
30 50 86
30 51 106
30 52 40
30 53 67
30 54 61
30 55 67
30 56 93
30 57 80
30 58 72
30 59 84
30 60 10
30 61 42
30 62 99
30 63 59
30 64 82
30 65 14
30 66 86
30 67 49
30 68 69
30 69 74
30 70 48
30 71 56
30 72 87
30 73 43
30 74 73
30 75 53
30 76 86
30 77 98
30 78 89
30 79 69
30 80 51
30 81 87
30 82 72
30 83 111
30 84 55
30 85 67
30 86 54
30 87 105
30 88 66
30 89 71
30 90 66
30 91 60
30 92 17
30 93 74
30 94 94
30 95 111
30 96 46
30 97 74
30 98 68
30 99 96
31 32 48
31 33 57
31 34 20
31 35 40
31 36 60
31 37 50
31 38 76
31 39 64
31 40 78
31 41 23
31 42 27
31 43 22
31 44 21
31 45 62
31 46 60
31 47 26
31 48 54
31 49 28
31 50 42
31 51 70
31 52 5
31 53 24
31 54 35
31 55 31
31 56 71
31 57 58
31 58 46
31 59 63
31 60 38
31 61 4
31 62 57
31 63 51
31 64 37
31 65 41
31 66 69
31 67 40
31 68 25
31 69 53
31 70 17
31 71 46
31 72 56
31 73 29
31 74 30
31 75 26
31 76 76
31 77 59
31 78 48
31 79 26
31 80 49
31 81 81
31 82 28
31 83 72
31 84 11
31 85 60
31 86 29
31 87 62
31 88 28
31 89 35
31 90 28
31 91 52
31 92 28
31 93 40
31 94 61
31 95 70
31 96 45
31 97 31
31 98 24
31 99 64
32 33 50
32 34 66
32 35 64
32 36 58
32 37 35
32 38 47
32 39 74
32 40 47
32 41 28
32 42 40
32 43 55
32 44 29
32 45 19
32 46 15
32 47 26
32 48 14
32 49 75
32 50 10
32 51 46
32 52 52
32 53 30
32 54 51
32 55 43
32 56 70
32 57 62
32 58 53
32 59 66
32 60 85
32 61 51
32 62 23
32 63 74
32 64 14
32 65 88
32 66 74
32 67 68
32 68 24
32 69 62
32 70 52
32 71 71
32 72 48
32 73 62
32 74 24
32 75 50
32 76 88
32 77 43
32 78 20
32 79 25
32 80 79
32 81 96
32 82 25
32 83 41
32 84 37
32 85 80
32 86 58
32 87 20
32 88 41
32 89 35
32 90 34
32 91 74
32 92 75
32 93 47
32 94 47
32 95 34
32 96 77
32 97 24
32 98 24
32 99 49
33 34 62
33 35 35
33 36 8
33 37 15
33 38 31
33 39 28
33 40 34
33 41 40
33 42 30
33 43 43
33 44 43
33 45 45
33 46 64
33 47 58
33 48 65
33 49 79
33 50 41
33 51 22
33 52 58
33 53 61
33 54 26
33 55 77
33 56 19
33 57 15
33 58 15
33 59 17
33 60 77
33 61 61
33 62 33
33 63 38
33 64 56
33 65 91
33 66 25
33 67 41
33 68 53
33 69 18
33 70 72
33 71 38
33 72 2
33 73 44
33 74 60
33 75 35
33 76 40
33 77 90
33 78 31
33 79 39
33 80 47
33 81 48
33 82 60
33 83 30
33 84 49
33 85 39
33 86 84
33 87 42
33 88 73
33 89 23
33 90 30
33 91 38
33 92 73
33 93 85
33 94 9
33 95 37
33 96 49
33 97 60
33 98 48
33 99 10
34 35 33
34 36 62
34 37 59
34 38 87
34 39 59
34 40 89
34 41 39
34 42 34
34 43 18
34 44 37
34 45 78
34 46 79
34 47 46
34 48 73
34 49 18
34 50 59
34 51 79
34 52 16
34 53 44
34 54 35
34 55 49
34 56 70
34 57 57
34 58 48
34 59 62
34 60 19
34 61 19
34 62 71
34 63 42
34 64 57
34 65 29
34 66 65
34 67 30
34 68 45
34 69 51
34 70 31
34 71 37
34 72 61
34 73 20
34 74 50
34 75 27
34 76 69
34 77 79
34 78 62
34 79 42
34 80 37
34 81 72
34 82 48
34 83 83
34 84 29
34 85 51
34 86 42
34 87 77
34 88 47
34 89 44
34 90 38
34 91 43
34 92 11
34 93 58
34 94 68
34 95 83
34 96 32
34 97 51
34 98 42
34 99 70
35 36 32
35 37 40
35 38 65
35 39 26
35 40 68
35 41 39
35 42 24
35 43 18
35 44 40
35 45 68
35 46 79
35 47 56
35 48 76
35 49 51
35 50 54
35 51 56
35 52 38
35 53 57
35 54 13
35 55 69
35 56 38
35 57 25
35 58 20
35 59 30
35 60 45
35 61 42
35 62 58
35 63 12
35 64 61
35 65 61
35 66 32
35 67 7
35 68 52
35 69 20
35 70 56
35 71 7
35 72 35
35 73 13
35 74 59
35 75 15
35 76 37
35 77 93
35 78 50
35 79 40
35 80 15
35 81 42
35 82 58
35 83 63
35 84 39
35 85 20
35 86 69
35 87 66
35 88 66
35 89 30
35 90 30
35 91 13
35 92 43
35 93 78
35 94 43
35 95 67
35 96 15
35 97 60
35 98 47
35 99 45
36 37 23
36 38 37
36 39 20
36 40 40
36 41 45
36 42 34
36 43 44
36 44 48
36 45 52
36 46 71
36 47 64
36 48 72
36 49 80
36 50 49
36 51 28
36 52 60
36 53 66
36 54 27
36 55 82
36 56 12
36 57 8
36 58 14
36 59 9
36 60 76
36 61 64
36 62 41
36 63 33
36 64 62
36 65 91
36 66 17
36 67 38
36 68 59
36 69 13
36 70 76
36 71 33
36 72 10
36 73 43
36 74 66
36 75 36
36 76 32
36 77 97
36 78 38
36 79 44
36 80 43
36 81 40
36 82 65
36 83 37
36 84 53
36 85 33
36 86 88
36 87 50
36 88 78
36 89 28
36 90 35
36 91 33
36 92 73
36 93 90
36 94 16
36 95 44
36 96 45
36 97 66
36 98 54
36 99 16
37 38 27
37 39 41
37 40 30
37 41 30
37 42 25
37 43 42
37 44 33
37 45 31
37 46 49
37 47 46
37 48 49
37 49 75
37 50 27
37 51 20
37 52 52
37 53 49
37 54 28
37 55 65
37 56 34
37 57 28
37 58 23
37 59 32
37 60 77
37 61 54
37 62 20
37 63 47
37 64 42
37 65 88
37 66 40
37 67 46
37 68 41
37 69 30
37 70 64
37 71 45
37 72 13
37 73 46
37 74 47
37 75 34
37 76 54
37 77 76
37 78 15
37 79 27
37 80 55
37 81 62
37 82 47
37 83 24
37 84 41
37 85 50
37 86 75
37 87 28
37 88 62
37 89 15
37 90 22
37 91 47
37 92 71
37 93 72
37 94 13
37 95 27
37 96 55
37 97 47
37 98 36
37 99 16
38 39 57
38 40 3
38 41 54
38 42 52
38 43 69
38 44 57
38 45 31
38 46 54
38 47 66
38 48 59
38 49 102
38 50 42
38 51 9
38 52 79
38 53 70
38 54 54
38 55 86
38 56 42
38 57 45
38 58 45
38 59 45
38 60 104
38 61 80
38 62 24
38 63 69
38 64 58
38 65 115
38 66 52
38 67 71
38 68 62
38 69 49
38 70 88
38 71 68
38 72 30
38 73 72
38 74 67
38 75 61
38 76 66
38 77 89
38 78 31
38 79 52
38 80 78
38 81 75
38 82 67
38 83 6
38 84 66
38 85 69
38 86 98
38 87 28
38 88 83
38 89 42
38 90 49
38 91 68
38 92 98
38 93 92
38 94 22
38 95 15
38 96 79
38 97 67
38 98 59
38 99 21
39 40 60
39 41 56
39 42 41
39 43 44
39 44 58
39 45 72
39 46 89
39 47 75
39 48 88
39 49 77
39 50 65
39 51 48
39 52 63
39 53 76
39 54 30
39 55 91
39 56 17
39 57 13
39 58 22
39 59 11
39 60 69
39 61 67
39 62 61
39 63 20
39 64 76
39 65 87
39 66 7
39 67 30
39 68 70
39 69 13
39 70 81
39 71 23
39 72 29
39 73 39
39 74 78
39 75 38
39 76 13
39 77 111
39 78 56
39 79 56
39 80 29
39 81 21
39 82 77
39 83 57
39 84 61
39 85 15
39 86 93
39 87 69
39 88 87
39 89 41
39 90 45
39 91 19
39 92 69
39 93 100
39 94 36
39 95 65
39 96 34
39 97 78
39 98 65
39 99 36
40 41 56
40 42 55
40 43 72
40 44 59
40 45 30
40 46 53
40 47 67
40 48 58
40 49 105
40 50 43
40 51 12
40 52 81
40 53 71
40 54 57
40 55 87
40 56 46
40 57 48
40 58 48
40 59 49
40 60 107
40 61 83
40 62 25
40 63 72
40 64 59
40 65 117
40 66 55
40 67 74
40 68 63
40 69 53
40 70 90
40 71 71
40 72 33
40 73 75
40 74 68
40 75 63
40 76 70
40 77 89
40 78 32
40 79 53
40 80 81
40 81 78
40 82 68
40 83 6
40 84 68
40 85 73
40 86 100
40 87 28
40 88 84
40 89 45
40 90 51
40 91 72
40 92 100
40 93 93
40 94 25
40 95 14
40 96 83
40 97 67
40 98 60
40 99 24
41 42 15
41 43 27
41 44 3
41 45 40
41 46 42
41 47 19
41 48 38
41 49 51
41 50 20
41 51 49
41 52 27
41 53 21
41 54 28
41 55 36
41 56 58
41 57 46
41 58 35
41 59 52
41 60 58
41 61 27
41 62 34
41 63 51
41 64 22
41 65 64
41 66 59
41 67 43
41 68 14
41 69 44
41 70 34
41 71 46
41 72 39
41 73 35
41 74 22
41 75 24
41 76 70
41 77 55
41 78 25
41 79 3
41 80 53
41 81 76
41 82 21
41 83 50
41 84 12
41 85 58
41 86 45
41 87 39
41 88 33
41 89 17
41 90 11
41 91 51
41 92 49
41 93 45
41 94 42
41 95 47
41 96 51
41 97 22
41 98 9
41 99 45
42 43 18
42 44 17
42 45 47
42 46 55
42 47 33
42 48 52
42 49 50
42 50 31
42 51 45
42 52 28
42 53 35
42 54 13
42 55 50
42 56 45
42 57 33
42 58 21
42 59 38
42 60 52
42 61 30
42 62 38
42 63 36
42 64 37
42 65 63
42 66 45
42 67 29
42 68 29
42 69 29
42 70 42
42 71 31
42 72 29
42 73 23
42 74 37
42 75 11
42 76 55
42 77 70
42 78 29
42 79 16
42 80 39
42 81 61
42 82 36
42 83 49
42 84 20
42 85 42
42 86 54
42 87 46
42 88 46
42 89 10
42 90 6
42 91 36
42 92 45
42 93 58
42 94 35
42 95 50
42 96 38
42 97 37
42 98 24
42 99 38
43 44 27
43 45 64
43 46 69
43 47 41
43 48 65
43 49 36
43 50 46
43 51 61
43 52 20
43 53 41
43 54 17
43 55 52
43 56 53
43 57 39
43 58 30
43 59 45
43 60 35
43 61 24
43 62 56
43 63 30
43 64 49
43 65 48
43 66 49
43 67 18
43 68 38
43 69 34
43 70 38
43 71 25
43 72 43
43 73 8
43 74 45
43 75 8
43 76 55
43 77 78
43 78 47
43 79 30
43 80 28
43 81 60
43 82 44
43 83 66
43 84 23
43 85 38
43 86 51
43 87 63
43 88 49
43 89 27
43 90 23
43 91 30
43 92 30
43 93 61
43 94 50
43 95 67
43 96 25
43 97 46
43 98 34
43 99 52
44 45 42
44 46 43
44 47 17
44 48 38
44 49 48
44 50 22
44 51 52
44 52 24
44 53 19
44 54 29
44 55 34
44 56 60
44 57 48
44 58 37
44 59 54
44 60 56
44 61 24
44 62 37
44 63 52
44 64 22
44 65 61
44 66 61
44 67 43
44 68 12
44 69 45
44 70 31
44 71 47
44 72 41
44 73 35
44 74 20
44 75 25
44 76 71
44 77 53
44 78 28
44 79 6
44 80 54
44 81 78
44 82 19
44 83 53
44 84 9
44 85 59
44 86 42
44 87 42
44 88 31
44 89 20
44 90 13
44 91 52
44 92 47
44 93 42
44 94 45
44 95 50
44 96 51
44 97 21
44 98 7
44 99 48
45 46 24
45 47 44
45 48 29
45 49 90
45 50 20
45 51 32
45 52 66
45 53 48
45 54 55
45 55 62
45 56 63
45 57 59
45 58 53
45 59 62
45 60 97
45 61 66
45 62 11
45 63 77
45 64 33
45 65 103
45 66 70
45 67 74
45 68 41
45 69 60
45 70 69
45 71 74
45 72 43
45 73 70
45 74 43
45 75 57
45 76 84
45 77 59
45 78 18
45 79 37
45 80 83
45 81 92
45 82 43
45 83 25
45 84 51
45 85 80
45 86 77
45 87 3
45 88 59
45 89 38
45 90 41
45 91 77
45 92 88
45 93 66
45 94 38
45 95 16
45 96 83
45 97 42
45 98 39
45 99 40
46 47 35
46 48 8
46 49 87
46 50 25
46 51 55
46 52 65
46 53 39
46 54 66
46 55 48
46 56 83
46 57 76
46 58 68
46 59 80
46 60 98
46 61 63
46 62 32
46 63 89
46 64 23
46 65 99
46 66 88
46 67 84
46 68 35
46 69 76
46 70 61
46 71 86
46 72 62
46 73 77
46 74 33
46 75 65
46 76 102
46 77 37
46 78 33
46 79 40
46 80 94
46 81 110
46 82 34
46 83 49
46 84 50
46 85 95
46 86 65
46 87 26
46 88 47
46 89 50
46 90 49
46 91 90
46 92 88
46 93 49
46 94 59
46 95 40
46 96 92
46 97 32
46 98 37
46 99 61
47 48 28
47 49 52
47 50 25
47 51 63
47 52 31
47 53 4
47 54 46
47 55 20
47 56 76
47 57 65
47 58 54
47 59 70
47 60 64
47 61 28
47 62 43
47 63 68
47 64 13
47 65 64
47 66 77
47 67 59
47 68 5
47 69 62
47 70 27
47 71 63
47 72 56
47 73 50
47 74 4
47 75 41
47 76 88
47 77 37
47 78 35
47 79 19
47 80 69
47 81 95
47 82 2
47 83 61
47 84 18
47 85 75
47 86 33
47 87 44
47 88 17
47 89 35
47 90 30
47 91 68
47 92 53
47 93 27
47 94 58
47 95 56
47 96 66
47 97 5
47 98 10
47 99 61
48 49 80
48 50 24
48 51 59
48 52 58
48 53 32
48 54 64
48 55 40
48 56 84
48 57 76
48 58 67
48 59 81
48 60 92
48 61 57
48 62 36
48 63 87
48 64 17
48 65 92
48 66 89
48 67 80
48 68 29
48 69 76
48 70 54
48 71 83
48 72 63
48 73 73
48 74 25
48 75 62
48 76 102
48 77 31
48 78 34
48 79 36
48 80 91
48 81 109
48 82 27
48 83 53
48 84 44
48 85 93
48 86 57
48 87 31
48 88 39
48 89 48
48 90 46
48 91 87
48 92 81
48 93 41
48 94 61
48 95 45
48 96 89
48 97 24
48 98 32
48 99 63
49 50 70
49 51 95
49 52 24
49 53 49
49 54 53
49 55 47
49 56 89
49 57 75
49 58 66
49 59 80
49 60 18
49 61 24
49 62 85
49 63 60
49 64 64
49 65 13
49 66 84
49 67 47
49 68 52
49 69 70
49 70 28
49 71 55
49 72 78
49 73 38
49 74 55
49 75 44
49 76 87
49 77 79
49 78 75
49 79 54
49 80 53
49 81 90
49 82 53
49 83 99
49 84 39
49 85 68
49 86 34
49 87 90
49 88 46
49 89 60
49 90 53
49 91 61
49 92 10
49 93 55
49 94 85
49 95 98
49 96 48
49 97 56
49 98 51
49 99 88
50 51 40
50 52 46
50 53 29
50 54 42
50 55 44
50 56 61
50 57 52
50 58 43
50 59 57
50 60 78
50 61 46
50 62 19
50 63 65
50 64 16
50 65 83
50 66 65
50 67 59
50 68 21
50 69 52
50 70 49
50 71 61
50 72 39
50 73 54
50 74 25
50 75 41
50 76 78
50 77 50
50 78 12
50 79 17
50 80 69
50 81 86
50 82 25
50 83 37
50 84 31
50 85 70
50 86 58
50 87 20
50 88 41
50 89 25
50 90 25
50 91 65
50 92 69
50 93 50
50 94 39
50 95 32
50 96 68
50 97 24
50 98 19
50 99 41
51 52 72
51 53 66
51 54 46
51 55 82
51 56 35
51 57 36
51 58 36
51 59 37
51 60 96
51 61 74
51 62 23
51 63 60
51 64 56
51 65 108
51 66 44
51 67 63
51 68 58
51 69 40
51 70 83
51 71 59
51 72 21
51 73 64
51 74 64
51 75 53
51 76 58
51 77 88
51 78 28
51 79 46
51 80 69
51 81 67
51 82 63
51 83 10
51 84 60
51 85 61
51 86 93
51 87 30
51 88 79
51 89 35
51 90 42
51 91 60
51 92 90
51 93 89
51 94 13
51 95 19
51 96 71
51 97 63
51 98 54
51 99 12
52 53 28
52 54 35
52 55 34
52 56 71
52 57 57
52 58 47
52 59 63
52 60 34
52 61 4
52 62 61
52 63 49
52 64 42
52 65 37
52 66 68
52 67 37
52 68 30
52 69 53
52 70 19
52 71 44
52 72 57
52 73 26
52 74 34
52 75 25
52 76 74
52 77 64
52 78 51
52 79 30
52 80 46
52 81 79
52 82 33
52 83 75
52 84 15
52 85 58
52 86 31
52 87 66
52 88 32
52 89 37
52 90 30
52 91 50
52 92 23
52 93 44
52 94 63
52 95 74
52 96 42
52 97 35
52 98 28
52 99 66
53 54 47
53 55 16
53 56 78
53 57 67
53 58 56
53 59 72
53 60 62
53 61 26
53 62 47
53 63 69
53 64 16
53 65 60
53 66 79
53 67 59
53 68 8
53 69 64
53 70 23
53 71 64
53 72 59
53 73 49
53 74 6
53 75 41
53 76 90
53 77 37
53 78 39
53 79 22
53 80 69
53 81 96
53 82 5
53 83 65
53 84 18
53 85 76
53 86 29
53 87 49
53 88 13
53 89 38
53 90 32
53 91 69
53 92 51
53 93 24
53 94 62
53 95 60
53 96 66
53 97 7
53 98 13
53 99 65
54 55 61
54 56 36
54 57 23
54 58 12
54 59 28
54 60 51
54 61 38
54 62 46
54 63 23
54 64 50
54 65 65
54 66 34
54 67 19
54 68 42
54 69 18
54 70 52
54 71 19
54 72 26
54 73 18
54 74 49
54 75 9
54 76 42
54 77 83
54 78 37
54 79 29
54 80 28
54 81 49
54 82 48
54 83 52
54 84 31
54 85 30
54 86 64
54 87 54
54 88 58
54 89 17
54 90 18
54 91 23
54 92 47
54 93 70
54 94 34
54 95 55
54 96 28
54 97 50
54 98 37
54 99 36
55 56 94
55 57 82
55 58 71
55 59 88
55 60 64
55 61 31
55 62 63
55 63 81
55 64 29
55 65 57
55 66 94
55 67 70
55 68 24
55 69 79
55 70 19
55 71 76
55 72 75
55 73 59
55 74 19
55 75 54
55 76 104
55 77 31
55 78 55
55 79 38
55 80 80
55 81 110
55 82 19
55 83 81
55 84 30
55 85 89
55 86 17
55 87 63
55 88 3
55 89 54
55 90 47
55 91 81
55 92 52
55 93 10
55 94 78
55 95 75
55 96 76
55 97 20
55 98 29
55 99 81
56 57 14
56 58 24
56 59 8
56 60 83
56 61 74
56 62 52
56 63 35
56 64 75
56 65 99
56 66 10
56 67 44
56 68 71
56 69 19
56 70 87
56 71 37
56 72 21
56 73 51
56 74 78
56 75 46
56 76 24
56 77 109
56 78 50
56 79 56
56 80 45
56 81 32
56 82 78
56 83 44
56 84 65
56 85 32
56 86 99
56 87 60
56 88 90
56 89 40
56 90 47
56 91 35
56 92 81
56 93 102
56 94 25
56 95 53
56 96 49
56 97 79
56 98 66
56 99 24
57 58 11
57 59 6
57 60 70
57 61 61
57 62 48
57 63 25
57 64 65
57 65 86
57 66 13
57 67 31
57 68 60
57 69 6
57 70 74
57 71 26
57 72 16
57 73 38
57 74 67
57 75 32
57 76 26
57 77 100
57 78 43
57 79 45
57 80 35
57 81 34
57 82 67
57 83 45
57 84 52
57 85 24
57 86 86
57 87 56
57 88 78
57 89 30
57 90 35
57 91 24
57 92 68
57 93 91
57 94 24
57 95 52
57 96 38
57 97 68
57 98 55
57 99 24
58 59 17
58 60 63
58 61 50
58 62 42
58 63 25
58 64 55
58 65 77
58 66 24
58 67 26
58 68 49
58 69 9
58 70 63
58 71 23
58 72 15
58 73 29
58 74 56
58 75 22
58 76 35
58 77 89
58 78 36
58 79 34
58 80 33
58 81 43
58 82 56
58 83 44
58 84 41
58 85 28
58 86 75
58 87 51
58 88 67
58 89 19
58 90 24
58 91 24
58 92 59
58 93 79
58 94 24
58 95 49
58 96 34
58 97 57
58 98 44
58 99 25
59 60 75
59 61 67
59 62 51
59 63 28
59 64 70
59 65 91
59 66 8
59 67 36
59 68 65
59 69 11
59 70 80
59 71 29
59 72 19
59 73 43
59 74 73
59 75 38
59 76 22
59 77 105
59 78 47
59 79 51
59 80 38
59 81 31
59 82 72
59 83 46
59 84 58
59 85 25
59 86 92
59 87 59
59 88 84
59 89 35
59 90 40
59 91 27
59 92 73
59 93 96
59 94 25
59 95 54
59 96 41
59 97 73
59 98 60
59 99 25
60 61 36
60 62 90
60 63 50
60 64 75
60 65 20
60 66 76
60 67 39
60 68 63
60 69 64
60 70 44
60 71 46
60 72 77
60 73 33
60 74 67
60 75 44
60 76 76
60 77 95
60 78 81
60 79 61
60 80 42
60 81 78
60 82 66
60 83 101
60 84 48
60 85 58
60 86 52
60 87 97
60 88 62
60 89 62
60 90 57
60 91 51
60 92 11
60 93 72
60 94 85
60 95 102
60 96 36
60 97 68
60 98 61
60 99 87
61 62 61
61 63 53
61 64 40
61 65 37
61 66 72
61 67 41
61 68 28
61 69 56
61 70 15
61 71 48
61 72 60
61 73 30
61 74 32
61 75 29
61 76 78
61 77 60
61 78 52
61 79 30
61 80 51
61 81 83
61 82 30
61 83 76
61 84 15
61 85 62
61 86 27
61 87 66
61 88 28
61 89 39
61 90 32
61 91 54
61 92 25
61 93 40
61 94 65
61 95 74
61 96 46
61 97 33
61 98 27
61 99 68
62 63 66
62 64 34
62 65 98
62 66 59
62 67 64
62 68 39
62 69 49
62 70 67
62 71 64
62 72 32
62 73 61
62 74 43
62 75 49
62 76 73
62 77 65
62 78 10
62 79 31
62 80 73
62 81 81
62 82 43
62 83 19
62 84 46
62 85 70
62 86 76
62 87 9
62 88 60
62 89 29
62 90 33
62 91 66
62 92 82
62 93 68
62 94 27
62 95 13
62 96 73
62 97 43
62 98 37
62 99 29
63 64 73
63 65 68
63 66 27
63 67 12
63 68 64
63 69 20
63 70 68
63 71 5
63 72 39
63 73 23
63 74 71
63 75 27
63 76 27
63 77 105
63 78 59
63 79 51
63 80 10
63 81 30
63 82 70
63 83 68
63 84 51
63 85 9
63 86 80
63 87 75
63 88 78
63 89 40
63 90 41
63 91 1
63 92 51
63 93 90
63 94 47
63 95 74
63 96 14
63 97 72
63 98 59
63 99 48
64 65 76
64 66 78
64 67 65
64 68 12
64 69 64
64 70 39
64 71 68
64 72 54
64 73 57
64 74 10
64 75 46
64 76 90
64 77 35
64 78 28
64 79 21
64 80 75
64 81 97
64 82 11
64 83 53
64 84 28
64 85 79
64 86 45
64 87 34
64 88 27
64 89 36
64 90 32
64 91 73
64 92 65
64 93 34
64 94 54
64 95 47
64 96 73
64 97 10
64 98 15
64 99 57
65 66 93
65 67 57
65 68 64
65 69 80
65 70 39
65 71 64
65 72 90
65 73 48
65 74 67
65 75 56
65 76 95
65 77 88
65 78 88
65 79 67
65 80 61
65 81 97
65 82 65
65 83 111
65 84 52
65 85 76
65 86 42
65 87 103
65 88 57
65 89 73
65 90 66
65 91 69
65 92 18
65 93 64
65 94 97
65 95 111
65 96 55
65 97 68
65 98 64
65 99 100
66 67 37
66 68 73
66 69 16
66 70 85
66 71 30
66 72 27
66 73 46
66 74 80
66 75 43
66 76 14
66 77 112
66 78 55
66 79 58
66 80 37
66 81 23
66 82 79
66 83 53
66 84 64
66 85 22
66 86 98
66 87 67
66 88 91
66 89 42
66 90 48
66 91 26
66 92 75
66 93 103
66 94 33
66 95 61
66 96 41
66 97 81
66 98 67
66 99 32
67 68 55
67 69 26
67 70 56
67 71 8
67 72 42
67 73 11
67 74 62
67 75 19
67 76 39
67 77 95
67 78 56
67 79 44
67 80 11
67 81 43
67 82 61
67 83 70
67 84 41
67 85 21
67 86 68
67 87 72
67 88 67
67 89 35
67 90 34
67 91 13
67 92 39
67 93 79
67 94 50
67 95 73
67 96 9
67 97 63
67 98 50
67 99 51
68 69 58
68 70 29
68 71 59
68 72 51
68 73 46
68 74 8
68 75 37
68 76 83
68 77 41
68 78 31
68 79 15
68 80 66
68 81 90
68 82 7
68 83 57
68 84 16
68 85 71
68 86 36
68 87 41
68 88 21
68 89 31
68 90 25
68 91 64
68 92 53
68 93 32
68 94 54
68 95 53
68 96 63
68 97 8
68 98 5
68 99 57
69 70 70
69 71 20
69 72 19
69 73 32
69 74 65
69 75 27
69 76 26
69 77 98
69 78 44
69 79 43
69 80 29
69 81 34
69 82 64
69 83 49
69 84 49
69 85 21
69 86 82
69 87 58
69 88 75
69 89 28
69 90 32
69 91 19
69 92 62
69 93 88
69 94 27
69 95 55
69 96 32
69 97 66
69 98 52
69 99 28
70 71 63
70 72 71
70 73 45
70 74 29
70 75 43
70 76 93
70 77 50
70 78 58
70 79 37
70 80 65
70 81 98
70 82 28
70 83 84
70 84 23
70 85 76
70 86 13
70 87 70
70 88 18
70 89 50
70 90 42
70 91 69
70 92 33
70 93 28
70 94 76
70 95 80
70 96 61
70 97 30
70 98 30
70 99 79
71 72 38
71 73 18
71 74 67
71 75 23
71 76 31
71 77 100
71 78 56
71 79 47
71 80 10
71 81 35
71 82 66
71 83 67
71 84 46
71 85 14
71 86 75
71 87 72
71 88 73
71 89 36
71 90 37
71 91 6
71 92 46
71 93 85
71 94 46
71 95 72
71 96 12
71 97 67
71 98 54
71 99 48
72 73 44
72 74 58
72 75 34
72 76 41
72 77 89
72 78 29
72 79 37
72 80 48
72 81 50
72 82 58
72 83 29
72 84 48
72 85 40
72 86 83
72 87 40
72 88 72
72 89 22
72 90 29
72 91 38
72 92 72
72 93 83
72 94 8
72 95 36
72 96 50
72 97 59
72 98 46
72 99 10
73 74 53
73 75 13
73 76 49
73 77 86
73 78 52
73 79 37
73 80 20
73 81 54
73 82 52
73 83 70
73 84 32
73 85 32
73 86 57
73 87 69
73 88 56
73 89 32
73 90 29
73 91 24
73 92 30
73 93 69
73 94 52
73 95 72
73 96 17
73 97 54
73 98 42
73 99 54
74 75 44
74 76 91
74 77 33
74 78 36
74 79 22
74 80 73
74 81 98
74 82 1
74 83 62
74 84 22
74 85 79
74 86 34
74 87 44
74 88 17
74 89 38
74 90 33
74 91 72
74 92 57
74 93 25
74 94 60
74 95 56
74 96 70
74 97 1
74 98 13
74 99 63
75 76 50
75 77 77
75 78 40
75 79 26
75 80 29
75 81 56
75 82 43
75 83 58
75 84 24
75 85 35
75 86 55
75 87 56
75 88 51
75 89 20
75 90 17
75 91 28
75 92 38
75 93 63
75 94 41
75 95 60
75 96 27
75 97 45
75 98 32
75 99 44
76 77 124
76 78 69
76 79 69
76 80 35
76 81 8
76 82 90
76 83 68
76 84 73
76 85 19
76 86 105
76 87 82
76 88 100
76 89 54
76 90 58
76 91 26
76 92 78
76 93 113
76 94 47
76 95 76
76 96 40
76 97 92
76 98 78
76 99 47
77 78 62
77 79 55
77 80 106
77 81 131
77 82 35
77 83 84
77 84 54
77 85 112
77 86 46
77 87 61
77 88 33
77 89 70
77 90 66
77 91 105
77 92 83
77 93 25
77 94 88
77 95 75
77 96 103
77 97 33
77 98 46
77 99 91
78 79 22
78 80 65
78 81 77
78 82 36
78 83 26
78 84 37
78 85 63
78 86 67
78 87 17
78 88 52
78 89 20
78 90 24
78 91 59
78 92 72
78 93 61
78 94 27
78 95 23
78 96 65
78 97 36
78 98 28
78 99 29
79 80 54
79 81 76
79 82 21
79 83 47
79 84 15
79 85 58
79 86 47
79 87 36
79 88 35
79 89 16
79 90 11
79 91 52
79 92 52
79 93 46
79 94 40
79 95 44
79 96 53
79 97 22
79 98 9
79 99 43
80 81 37
80 82 71
80 83 77
80 84 51
80 85 16
80 86 77
80 87 81
80 88 77
80 89 45
80 90 45
80 91 11
80 92 44
80 93 89
80 94 56
80 95 81
80 96 5
80 97 74
80 98 61
80 99 57
81 82 97
81 83 76
81 84 80
81 85 22
81 86 110
81 87 90
81 88 106
81 89 62
81 90 65
81 91 30
81 92 80
81 93 119
81 94 55
81 95 84
81 96 42
81 97 99
81 98 85
81 99 55
82 83 62
82 84 20
82 85 78
82 86 33
82 87 44
82 88 16
82 89 37
82 90 32
82 91 71
82 92 55
82 93 26
82 94 60
82 95 56
82 96 69
82 97 2
82 98 12
82 99 63
83 84 62
83 85 69
83 86 93
83 87 23
83 88 78
83 89 39
83 90 45
83 91 68
83 92 95
83 93 87
83 94 22
83 95 10
83 96 78
83 97 61
83 98 54
83 99 21
84 85 59
84 86 35
84 87 51
84 88 27
84 89 26
84 90 19
84 91 52
84 92 38
84 93 39
84 94 52
84 95 59
84 96 48
84 97 23
84 98 13
84 99 55
85 86 89
85 87 78
85 88 86
85 89 45
85 90 47
85 91 8
85 92 59
85 93 98
85 94 48
85 95 76
85 96 21
85 97 79
85 98 66
85 99 48
86 87 78
86 88 19
86 89 61
86 90 54
86 91 81
86 92 42
86 93 22
86 94 87
86 95 89
86 96 72
86 97 35
86 98 40
86 99 90
87 88 60
87 89 37
87 90 40
87 91 75
87 92 88
87 93 67
87 94 36
87 95 14
87 96 81
87 97 43
87 98 40
87 99 37
88 89 50
88 90 44
88 91 78
88 92 51
88 93 13
88 94 74
88 95 73
88 96 73
88 97 17
88 98 26
88 99 77
89 90 7
89 91 40
89 92 55
89 93 62
89 94 26
89 95 40
89 96 45
89 97 38
89 98 25
89 99 29
90 91 41
90 92 49
90 93 56
90 94 33
90 95 45
90 96 43
90 97 33
90 98 20
90 99 36
91 92 52
91 93 91
91 94 47
91 95 73
91 96 15
91 97 73
91 98 59
91 99 48
92 93 61
92 94 79
92 95 94
92 96 39
92 97 58
92 98 51
92 99 82
93 94 85
93 95 80
93 96 86
93 97 26
93 98 37
93 99 88
94 95 29
94 96 58
94 97 60
94 98 49
94 99 3
95 96 82
95 97 56
95 98 50
95 99 29
96 97 71
96 98 58
96 99 59
97 98 13
97 99 63
98 99 52
0 4 30
0 5 64
0 11 72
0 12 29
0 15 36
0 18 63
0 19 46
0 27 72
0 32 73
0 41 50
0 46 88
0 49 62
0 54 22
0 55 82
0 56 32
0 57 21
0 59 24
0 60 53
0 63 4
0 68 64
0 72 36
0 74 71
0 78 57
0 80 14
0 85 8
0 86 82
0 87 72
0 96 18
0 98 59
0 99 45
1 4 21
1 5 42
1 7 68
1 14 46
1 15 43
1 16 42
1 17 80
1 24 64
1 26 8
1 29 57
1 35 20
1 38 45
1 42 21
1 49 66
1 58 0
1 61 50
1 69 9
1 73 30
1 80 33
1 83 44
1 88 67
1 90 24
1 98 44
2 4 50
2 5 96
2 6 92
2 8 105
2 9 101
2 10 27
2 14 69
2 16 38
2 24 62
2 25 78
2 28 4
2 34 20
2 38 107
2 39 76
2 45 98
2 50 78
2 53 59
2 54 55
2 55 59
2 57 75
2 62 91
2 69 70
2 71 53
2 77 90
2 85 65
2 86 46
2 94 88
2 96 44
3 5 60
3 14 62
3 17 93
3 19 48
3 25 59
3 26 16
3 27 70
3 28 66
3 35 15
3 36 25
3 40 65
3 44 51
3 47 67
3 48 84
3 49 65
3 52 52
3 57 17
3 61 56
3 63 8
3 66 19
3 69 12
3 74 71
3 75 28
3 79 50
3 88 79
3 89 36
3 90 39
3 91 8
3 93 91
3 96 22
3 98 58
4 6 53
4 7 61
4 15 28
4 18 48
4 20 45
4 21 37
4 24 46
4 28 51
4 29 54
4 31 26
4 32 46
4 38 57
4 46 61
4 55 52
4 57 32
4 58 21
4 63 31
4 69 27
4 71 26
4 73 17
4 82 40
4 85 38
4 89 15
4 90 12
4 91 31
4 92 41
4 98 28
4 99 41
5 6 27
5 7 39
5 10 75
5 16 82
5 22 56
5 23 62
5 25 24
5 26 45
5 27 37
5 31 63
5 56 48
5 62 8
5 63 67
5 68 47
5 70 74
5 72 30
5 74 51
5 79 37
5 81 79
5 84 52
5 88 67
5 90 38
5 91 66
6 7 12
6 17 48
6 18 84
6 19 68
6 25 18
6 32 8
6 33 52
6 34 74
6 37 37
6 41 35
6 43 62
6 50 16
6 51 44
6 55 51
6 58 57
6 64 22
6 77 46
6 79 33
6 81 99
6 85 85
6 87 15
6 88 48
6 89 40
6 93 54
6 95 29
6 98 32
7 16 97
7 20 86
7 33 64
7 38 55
7 42 55
7 45 24
7 46 1
7 48 7
7 50 25
7 57 76
7 58 68
7 67 83
7 68 35
7 72 62
7 75 65
7 79 40
7 82 33
7 83 49
7 88 46
7 89 50
7 92 87
7 96 92
8 16 98
8 17 62
8 21 30
8 23 47
8 30 112
8 32 22
8 33 53
8 36 61
8 38 36
8 43 72
8 57 67
8 58 61
8 59 70
8 62 20
8 66 78
8 67 82
8 71 83
8 74 47
8 79 44
8 81 101
8 83 31
8 86 81
8 87 11
8 89 47
8 90 49
8 93 68
8 99 48
9 13 94
9 17 93
9 18 99
9 26 33
9 27 59
9 29 48
9 32 54
9 37 24
9 38 14
9 41 54
9 45 41
9 47 69
9 48 67
9 49 98
9 50 47
9 53 73
9 56 28
9 59 32
9 60 97
9 61 78
9 64 63
9 65 110
9 70 88
9 72 20
9 73 64
9 74 70
9 78 35
9 88 85
9 94 13
9 97 70
9 99 10
10 16 46
10 17 47
10 21 49
10 22 22
10 24 35
10 28 26
10 29 71
10 30 36
10 34 17
10 35 46
10 37 62
10 38 88
10 42 37
10 45 73
10 53 32
10 55 33
10 56 80
10 57 66
10 63 56
10 66 77
10 67 44
10 70 14
10 72 66
10 74 38
10 75 34
10 77 64
10 80 52
10 81 87
10 84 23
10 93 42
10 94 72
10 99 75
11 12 96
11 15 36
11 24 53
11 26 81
11 31 34
11 44 54
11 46 91
11 48 83
11 53 52
11 54 62
11 57 84
11 59 90
11 62 91
11 65 10
11 77 78
11 78 82
11 85 77
11 87 96
11 88 47
11 94 93
11 98 57
11 99 96
12 18 88
12 21 65
12 24 86
12 25 59
12 26 16
12 28 89
12 31 70
12 39 14
12 41 58
12 45 65
12 54 35
12 55 94
12 57 13
12 60 81
12 62 54
12 63 33
12 64 76
12 71 35
12 73 49
12 79 57
12 84 65
12 89 41
12 90 47
12 91 32
12 94 27
13 14 43
13 17 32
13 22 24
13 29 69
13 36 82
13 37 70
13 38 94
13 45 74
13 54 58
13 55 18
13 57 80
13 62 72
13 63 74
13 64 42
13 66 92
13 69 76
13 78 63
13 84 29
13 86 6
13 89 56
13 92 37
14 22 22
14 35 52
14 36 53
14 44 14
14 45 31
14 48 24
14 55 33
14 59 61
14 62 30
14 67 56
14 71 59
14 72 45
14 73 49
14 77 44
14 78 22
14 79 12
14 80 67
14 81 88
14 87 31
14 94 46
14 99 49
15 17 71
15 21 59
15 22 38
15 25 60
15 26 48
15 28 27
15 30 30
15 44 40
15 51 76
15 54 31
15 57 51
15 60 20
15 61 27
15 68 50
15 75 24
15 77 86
15 83 82
15 84 34
15 85 42
15 88 55
15 89 43
15 90 39
15 91 34
15 92 17
15 93 67
15 94 65
15 96 22
15 99 67
16 32 82
16 34 29
16 36 54
16 39 42
16 40 91
16 42 43
16 43 28
16 46 97
16 55 77
16 57 46
16 59 50
16 61 46
16 62 80
16 63 22
16 65 49
16 67 16
16 68 66
16 73 20
16 74 73
16 77 105
16 79 57
16 91 23
16 94 66
16 95 89
16 98 62
17 18 61
17 19 57
17 21 41
17 27 34
17 40 88
17 43 64
17 48 34
17 49 62
17 52 48
17 53 24
17 55 14
17 56 102
17 62 64
17 66 103
17 68 31
17 69 88
17 70 33
17 75 65
17 76 114
17 80 92
17 88 16
17 91 93
17 92 67
17 97 23
17 99 86
18 21 67
18 22 39
18 23 78
18 35 52
18 36 81
18 37 76
18 38 103
18 45 91
18 49 1
18 52 25
18 55 47
18 56 90
18 61 25
18 62 86
18 69 71
18 74 55
18 76 88
18 77 78
18 82 54
18 84 40
18 86 34
18 94 86
18 96 49
19 22 25
19 26 53
19 32 60
19 33 59
19 38 83
19 39 60
19 40 85
19 43 17
19 45 72
19 47 39
19 49 20
19 50 53
19 52 9
19 53 38
19 54 34
19 55 43
19 57 56
19 58 46
19 62 66
19 65 32
19 69 51
19 72 58
19 74 43
19 75 24
19 76 70
19 80 40
19 82 42
19 83 79
19 86 37
19 87 72
19 95 79
20 28 9
20 33 77
20 36 78
20 37 74
20 40 103
20 45 89
20 46 86
20 51 94
20 53 48
20 59 78
20 61 23
20 64 63
20 66 81
20 70 29
20 77 79
20 83 97
20 85 66
20 87 89
20 91 58
20 97 55
20 99 86
21 24 29
21 25 8
21 27 8
21 31 39
21 32 10
21 38 48
21 39 67
21 45 25
21 47 19
21 50 5
21 51 45
21 53 24
21 55 39
21 57 55
21 63 66
21 64 11
21 68 16
21 76 81
21 77 45
21 79 16
21 80 70
21 86 52
21 89 27
21 99 46
22 27 29
22 28 47
22 30 56
22 32 37
22 33 55
22 38 70
22 40 72
22 46 48
22 51 65
22 54 38
22 60 50
22 69 55
22 80 57
22 81 86
22 86 29
22 90 25
22 91 58
22 93 33
22 94 58
22 98 13
23 31 55
23 34 75
23 40 78
23 41 47
23 43 72
23 48 20
23 50 40
23 54 75
23 55 31
23 58 80
23 64 26
23 65 88
23 73 80
23 74 27
23 77 11
23 78 52
23 81 123
23 82 28
23 83 73
23 87 51
23 93 28
23 94 78
23 97 26
24 27 24
24 30 70
24 31 29
24 32 33
24 35 64
24 41 29
24 42 43
24 47 11
24 48 32
24 54 55
24 55 10
24 62 53
24 70 23
24 72 67
24 78 46
24 79 30
24 87 53
24 89 46
24 93 16
24 95 65
24 97 10
24 98 20
24 99 72
25 28 77
25 35 52
25 36 46
25 45 20
25 46 27
25 51 37
25 56 58
25 59 54
25 61 46
25 63 62
25 65 83
25 68 23
25 75 40
25 76 75
25 77 53
25 82 27
25 84 31
25 85 68
25 90 23
25 91 62
25 92 68
25 96 66
25 99 38
26 27 60
26 28 74
26 32 59
26 34 54
26 35 23
26 36 9
26 37 26
26 41 43
26 46 74
26 48 73
26 56 17
26 65 83
26 67 29
26 74 64
26 80 33
26 81 36
26 88 75
26 91 23
26 94 23
26 95 51
26 99 24
27 31 41
27 38 54
27 41 23
27 46 20
27 51 52
27 53 21
27 56 72
27 63 73
27 72 51
27 73 58
27 74 15
27 77 37
27 78 25
27 79 22
27 82 16
27 84 30
27 85 79
27 86 50
27 90 32
27 91 73
27 95 42
28 29 95
28 32 83
28 33 83
28 36 83
28 39 78
28 40 110
28 41 58
28 42 55
28 46 95
28 47 60
28 53 57
28 54 56
28 55 56
28 60 12
28 62 91
28 63 59
28 66 85
28 68 60
28 70 37
28 72 82
28 73 40
28 74 63
28 80 52
28 81 88
28 83 104
28 85 67
28 87 97
28 90 59
28 92 10
29 33 50
29 38 38
29 46 16
29 47 39
29 48 21
29 50 18
29 54 58
29 56 69
29 59 67
29 62 17
29 65 101
29 66 75
29 67 76
29 71 77
29 72 48
29 73 71
29 77 52
29 79 36
29 83 33
29 86 72
29 91 80
29 94 44
29 99 46
30 32 92
30 34 27
30 36 86
30 37 87
30 42 61
30 47 70
30 49 20
30 50 86
30 59 84
30 65 14
30 77 98
30 78 89
30 80 51
30 83 111
30 85 67
30 97 74
31 32 48
31 35 40
31 40 78
31 46 60
31 53 24
31 55 31
31 57 58
31 62 57
31 63 51
31 70 17
31 75 26
31 76 76
31 77 59
31 78 48
31 80 49
31 82 28
31 86 29
31 91 52
31 94 61
31 95 70
31 96 45
31 97 31
31 99 64
32 37 35
32 41 28
32 42 40
32 49 75
32 52 52
32 53 30
32 54 51
32 58 53
32 59 66
32 60 85
32 61 51
32 67 68
32 78 20
32 82 25
32 88 41
32 92 75
33 37 15
33 41 40
33 46 64
33 47 58
33 50 41
33 52 58
33 55 77
33 56 19
33 62 33
33 75 35
33 79 39
33 81 48
33 85 39
33 86 84
33 89 23
33 92 73
33 93 85
33 95 37
33 98 48
34 39 59
34 45 78
34 49 18
34 57 57
34 62 71
34 67 30
34 71 37
34 73 20
34 74 50
34 82 48
34 83 83
34 88 47
34 90 38
34 91 43
34 98 42
34 99 70
35 36 32
35 49 51
35 50 54
35 57 25
35 58 20
35 59 30
35 64 61
35 67 7
35 69 20
35 71 7
35 73 13
35 78 50
35 79 40
35 82 58
35 85 20
35 87 66
35 90 30
35 95 67
35 96 15
35 99 45
36 37 23
36 39 20
36 40 40
36 42 34
36 49 80
36 50 49
36 51 28
36 55 82
36 57 8
36 59 9
36 62 41
36 65 91
36 66 17
36 67 38
36 69 13
36 71 33
36 75 36
36 76 32
36 83 37
36 87 50
36 89 28
36 91 33
37 39 41
37 42 25
37 43 42
37 45 31
37 47 46
37 49 75
37 52 52
37 55 65
37 58 23
37 60 77
37 64 42
37 66 40
37 67 46
37 70 64
37 76 54
37 84 41
37 86 75
37 87 28
37 89 15
37 99 16
38 39 57
38 40 3
38 41 54
38 42 52
38 43 69
38 45 31
38 46 54
38 53 70
38 57 45
38 58 45
38 59 45
38 60 104
38 70 88
38 71 68
38 74 67
38 75 61
38 77 89
38 88 83
38 89 42
38 90 49
38 92 98
38 93 92
38 95 15
38 98 59
39 44 58
39 47 75
39 53 76
39 56 17
39 57 13
39 62 61
39 65 87
39 71 23
39 72 29
39 74 78
39 76 13
39 77 111
39 80 29
39 81 21
39 85 15
39 87 69
39 96 34
40 44 59
40 51 12
40 52 81
40 54 57
40 65 117
40 72 33
40 74 68
40 78 32
40 80 81
40 91 72
40 99 24
41 46 42
41 48 38
41 50 20
41 53 21
41 55 36
41 56 58
41 61 27
41 68 14
41 70 34
41 76 70
41 77 55
41 78 25
41 79 3
41 83 50
41 85 58
41 88 33
41 89 17
41 91 51
41 92 49
41 98 9
42 44 17
42 49 50
42 57 33
42 63 36
42 70 42
42 72 29
42 73 23
42 77 70
42 78 29
42 85 42
42 89 10
42 90 6
42 93 58
42 95 50
42 96 38
43 47 41
43 53 41
43 61 24
43 64 49
43 66 49
43 67 18
43 68 38
43 76 55
43 78 47
43 80 28
43 81 60
43 83 66
43 84 23
43 92 30
43 96 25
43 97 46
44 57 48
44 61 24
44 62 37
44 65 61
44 70 31
44 73 35
44 78 28
44 80 54
44 82 19
44 83 53
44 88 31
44 90 13
44 92 47
44 93 42
44 94 45
44 97 21
45 52 66
45 56 63
45 57 59
45 61 66
45 63 77
45 64 33
45 65 103
45 66 70
45 68 41
45 69 60
45 77 59
45 78 18
45 83 25
45 85 80
45 86 77
45 88 59
45 92 88
45 97 42
45 98 39
45 99 40
46 49 87
46 56 83
46 57 76
46 58 68
46 59 80
46 60 98
46 64 23
46 65 99
46 67 84
46 73 77
46 81 110
46 84 50
46 86 65
46 87 26
46 90 49
46 91 90
46 93 49
46 94 59
46 95 40
46 97 32
47 51 63
47 54 46
47 58 54
47 59 70
47 60 64
47 62 43
47 63 68
47 66 77
47 71 63
47 74 4
47 75 41
47 83 61
47 85 75
47 90 30
47 93 27
47 95 56
47 96 66
47 97 5
47 98 10
48 55 40
48 59 81
48 61 57
48 63 87
48 64 17
48 69 76
48 71 83
48 73 73
48 77 31
48 79 36
48 80 91
48 82 27
48 83 53
48 84 44
48 86 57
48 91 87
48 98 32
49 55 47
49 57 75
49 60 18
49 62 85
49 63 60
49 70 28
49 73 38
49 74 55
49 79 54
49 81 90
49 87 90
49 89 60
49 91 61
49 92 10
49 93 55
50 53 29
50 58 43
50 60 78
50 66 65
50 68 21
50 70 49
50 71 61
50 72 39
50 73 54
50 75 41
50 78 12
50 80 69
50 82 25
50 83 37
50 87 20
50 89 25
50 91 65
50 95 32
50 97 24
51 52 72
51 55 82
51 57 36
51 61 74
51 70 83
51 71 59
51 73 64
51 75 53
51 81 67
51 84 60
51 85 61
51 88 79
51 94 13
51 96 71
51 97 63
51 98 54
52 54 35
52 55 34
52 57 57
52 58 47
52 61 4
52 67 37
52 70 19
52 73 26
52 74 34
52 75 25
52 76 74
52 77 64
52 81 79
52 84 15
52 85 58
52 87 66
52 90 30
52 92 23
52 94 63
52 95 74
52 97 35
53 54 47
53 58 56
53 59 72
53 61 26
53 67 59
53 69 64
53 75 41
53 77 37
53 80 69
53 82 5
53 86 29
53 94 62
53 96 66
53 97 7
54 60 51
54 65 65
54 67 19
54 71 19
54 74 49
54 79 29
54 81 49
54 82 48
54 84 31
54 85 30
54 88 58
54 93 70
54 96 28
55 56 94
55 58 71
55 61 31
55 62 63
55 64 29
55 69 79
55 73 59
55 76 104
55 77 31
55 82 19
55 83 81
55 86 17
55 87 63
55 89 54
55 92 52
55 96 76
55 97 20
55 98 29
56 60 83
56 64 75
56 66 10
56 69 19
56 71 37
56 72 21
56 74 78
56 76 24
56 86 99
56 88 90
56 89 40
56 91 35
56 93 102
56 95 53
56 98 66
56 99 24
57 62 48
57 66 13
57 79 45
57 83 45
57 84 52
57 87 56
57 88 78
57 90 35
57 94 24
57 96 38
57 98 55
58 60 63
58 61 50
58 66 24
58 67 26
58 74 56
58 78 36
58 81 43
58 86 75
58 87 51
58 95 49
58 97 57
58 99 25
59 60 75
59 63 28
59 68 65
59 70 80
59 76 22
59 78 47
59 79 51
59 80 38
59 83 46
59 84 58
59 87 59
59 89 35
59 90 40
59 93 96
59 96 41
59 97 73
60 61 36
60 66 76
60 67 39
60 68 63
60 69 64
60 74 67
60 80 42
60 87 97
60 88 62
60 91 51
60 98 61
60 99 87
61 64 40
61 66 72
61 67 41
61 69 56
61 74 32
61 77 60
61 80 51
61 82 30
61 85 62
61 93 40
61 94 65
62 63 66
62 69 49
62 71 64
62 75 49
62 83 19
62 84 46
62 86 76
62 89 29
63 65 68
63 66 27
63 67 12
63 74 71
63 76 27
63 86 80
63 88 78
63 92 51
63 95 74
64 66 78
64 72 54
64 75 46
64 80 75
64 83 53
64 89 36
64 90 32
64 93 34
64 96 73
65 70 39
65 72 90
65 77 88
65 79 67
65 80 61
65 82 65
65 83 111
65 88 57
65 91 69
65 92 18
65 93 64
65 95 111
65 97 68
65 98 64
66 71 30
66 76 14
66 83 53
66 86 98
66 88 91
66 89 42
66 93 103
66 97 81
67 72 42
67 73 11
67 74 62
67 76 39
67 79 44
67 86 68
67 90 34
67 91 13
67 93 79
67 97 63
68 72 51
68 78 31
68 81 90
68 85 71
68 87 41
68 90 25
68 93 32
68 95 53
68 96 63
69 71 20
69 80 29
69 81 34
69 86 82
69 90 32
69 95 55
69 97 66
70 73 45
70 78 58
70 79 37
70 89 50
70 90 42
70 92 33
70 95 80
70 97 30
70 98 30
71 75 23
71 76 31
71 83 67
71 86 75
71 89 36
71 91 6
71 95 72
71 99 48
72 74 58
72 82 58
72 83 29
72 84 48
72 85 40
72 86 83
72 99 10
73 74 53
73 78 52
73 84 32
73 87 69
73 90 29
73 91 24
73 92 30
73 93 69
73 94 52
74 78 36
74 80 73
74 81 98
74 84 22
74 90 33
74 93 25
74 94 60
74 96 70
75 77 77
75 81 56
75 84 24
75 90 17
75 91 28
75 96 27
75 97 45
76 79 69
76 81 8
76 84 73
76 85 19
76 89 54
76 95 76
77 78 62
77 83 84
77 85 112
77 88 33
77 91 105
77 95 75
77 99 91
78 84 37
78 89 20
78 90 24
78 91 59
78 94 27
78 95 23
78 99 29
79 80 54
79 82 21
79 92 52
79 93 46
79 94 40
79 98 9
80 83 77
80 86 77
80 87 81
80 90 45
80 93 89
81 84 80
81 88 106
81 90 65
81 91 30
81 92 80
82 84 20
82 89 37
82 90 32
82 92 55
82 93 26
82 94 60
82 98 12
83 84 62
83 85 69
83 95 10
83 99 21
84 88 27
84 91 52
84 96 48
85 93 98
85 99 48
86 88 19
86 92 42
86 99 90
87 94 36
87 98 40
88 89 50
88 93 13
88 95 73
89 95 40
89 97 38
90 98 20
92 96 39
93 96 86
93 97 26
93 98 37
94 99 3
95 96 82
96 99 59
97 98 13
98 99 52
