20 0.7 10 1 0.1 190 133 11
0.248621 0.497621 9
0.710261 0.485906 5
0.425714 0.747674 6
0.776187 0.30565 7
0.700064 0.23442 8
0.679444 0.358676 7
0.841322 0.734128 3
0.679484 0.89635 3
0.954873 0.603049 3
0.418294 0.412024 8
0.187285 0.437098 10
0.495658 0.565812 6
0.396633 0.660132 7
0.997706 0.945829 0
0.504787 0.714351 5
0.0704543 0.26658 11
0.418696 0.746489 6
0.0560538 0.968628 9
0.477276 0.682483 6
0.733924 0.410427 6
0 1 46
0 2 31
0 3 56
0 4 52
0 5 45
0 6 64
0 7 59
0 8 71
0 9 19
0 10 9
0 11 26
0 12 22
0 13 87
0 14 34
0 15 29
0 16 30
0 17 51
0 18 29
0 19 49
1 2 39
1 3 19
1 4 25
1 5 13
1 6 28
1 7 41
1 8 27
1 9 30
1 10 53
1 11 23
1 12 36
1 13 54
1 14 31
1 15 68
1 16 39
1 17 81
1 18 30
1 19 8
2 3 56
2 4 58
2 5 46
2 6 42
2 7 29
2 8 55
2 9 34
2 10 39
2 11 19
2 12 9
2 13 61
2 14 9
2 15 60
2 16 1
2 17 43
2 18 8
2 19 46
3 4 10
3 5 11
3 6 43
3 7 60
3 8 35
3 9 37
3 10 60
3 11 38
3 12 52
3 13 68
3 14 49
3 15 71
3 16 57
3 17 98
3 18 48
3 19 11
4 5 13
4 6 52
4 7 66
4 8 45
4 9 33
4 10 55
4 11 39
4 12 52
4 13 77
4 14 52
4 15 63
4 16 58
4 17 98
4 18 50
4 19 18
5 6 41
5 7 54
5 8 37
5 9 27
5 10 50
5 11 28
5 12 41
5 13 67
5 14 40
5 15 62
5 16 47
5 17 87
5 18 38
5 19 8
6 7 23
6 8 17
6 9 53
6 10 72
6 11 38
6 12 45
6 13 26
6 14 34
6 15 90
6 16 42
6 17 82
6 18 37
6 19 34
7 8 40
7 9 55
7 10 67
7 11 38
7 12 37
7 13 32
7 14 25
7 15 88
7 16 30
7 17 63
7 18 29
7 19 49
8 9 57
8 10 79
8 11 46
8 12 56
8 13 35
8 14 46
8 15 95
8 16 56
8 17 97
8 18 48
8 19 29
9 10 23
9 11 17
9 12 25
9 13 79
9 14 31
9 15 38
9 16 33
9 17 66
9 18 28
9 19 32
10 11 33
10 12 31
10 13 96
10 14 42
10 15 21
10 16 39
10 17 55
10 18 38
10 19 55
11 12 14
11 13 63
11 14 15
11 15 52
11 16 20
11 17 60
11 18 12
11 19 28
12 13 67
12 14 12
12 15 51
12 16 9
12 17 46
12 18 8
12 19 42
13 14 54
13 15 115
13 16 61
13 17 94
13 18 58
13 19 60
14 15 62
14 16 9
14 17 52
14 18 4
14 19 38
15 16 59
15 17 70
15 18 58
15 19 68
16 17 43
16 18 9
16 19 46
17 18 51
17 19 88
18 19 37
0 2 31
0 3 56
0 4 52
0 5 45
0 8 71
0 9 19
0 10 9
0 11 26
0 12 22
0 15 29
0 16 30
0 19 49
1 3 19
1 4 25
1 9 30
1 10 53
1 11 23
1 12 36
1 13 54
1 14 31
1 15 68
1 16 39
1 18 30
2 3 56
2 4 58
2 5 46
2 6 42
2 7 29
2 8 55
2 9 34
2 11 19
2 13 61
2 14 9
2 17 43
2 18 8
2 19 46
3 5 11
3 6 43
3 7 60
3 9 37
3 10 60
3 11 38
3 12 52
3 13 68
3 14 49
3 15 71
3 16 57
3 17 98
3 18 48
3 19 11
4 6 52
4 7 66
4 8 45
4 9 33
4 10 55
4 11 39
4 13 77
4 14 52
4 17 98
4 19 18
5 7 54
5 8 37
5 9 27
5 10 50
5 12 41
5 13 67
5 14 40
5 15 62
5 17 87
5 18 38
6 7 23
6 9 53
6 10 72
6 12 45
6 13 26
6 15 90
6 16 42
6 17 82
6 18 37
7 9 55
7 11 38
7 14 25
7 15 88
7 16 30
7 17 63
7 18 29
7 19 49
8 9 57
8 10 79
8 11 46
8 12 56
8 17 97
8 18 48
8 19 29
9 10 23
9 11 17
9 12 25
9 13 79
9 14 31
9 15 38
9 16 33
9 17 66
9 18 28
10 11 33
10 12 31
10 14 42
10 15 21
10 18 38
11 12 14
11 13 63
11 14 15
11 15 52
11 17 60
11 18 12
12 13 67
12 14 12
12 16 9
12 17 46
12 18 8
12 19 42
13 14 54
13 15 115
13 19 60
14 15 62
14 16 9
14 19 38
15 17 70
16 17 43
16 18 9
16 19 46
17 18 51
17 19 88
18 19 37
