10 45 31 2 3
0.764824 0.587584 83
0.298749 0.864311 30
0.000581163 0.911399 0
0.421114 0.487531 60
0.710646 0.0163068 114
0.822905 0.9486 82
0.32124 0.570132 47
0.12185 0.0809409 84
0.408996 0.0271432 97
0.376823 0.792674 39
0 1 54
0 2 83
0 3 36
0 4 57
0 5 37
0 6 44
0 7 82
0 8 66
0 9 44
1 2 30
1 3 40
1 4 94
1 5 53
1 6 30
1 7 80
1 8 84
1 9 11
2 3 60
2 4 114
2 5 82
2 6 47
2 7 84
2 8 97
2 9 39
3 4 55
3 5 61
3 6 13
3 7 50
3 8 46
3 9 31
4 5 94
4 6 68
4 7 59
4 8 30
4 9 85
5 6 63
5 7 112
5 8 101
5 9 47
6 7 53
6 8 55
6 9 23
7 8 29
7 9 76
8 9 77
0 1 54
0 2 83
0 3 36
0 5 37
0 7 82
0 8 66
1 2 30
1 4 94
1 5 53
1 6 30
1 7 80
1 9 11
2 3 60
2 4 114
2 9 39
3 4 55
3 5 61
3 7 50
3 8 46
4 6 68
4 7 59
4 8 30
4 9 85
5 7 112
5 9 47
6 7 53
6 8 55
7 8 29
7 9 76
8 6 55
8 9 77
