0.425756 0.224711 0.742
0.877383 0.465287 0.82
0.338385 0.892693 0.418
0.612131 0.2678 0.778
0.908601 0.197995 0.934
0.509889 0.951185 0.514
0.855974 0.995967 0.724
0.425118 0.0724975 0.826
0.62161 0.770168 0.598
0.330124 0.668599 0.49
0.129537 0.0195764 0.82
0.70046 0.248987 0.826
0.919079 0.432949 0.85
0.158214 0.611069 0.472
0.0969076 0.883861 0.304
0.745222 0.48422 0.748
0.0436117 0.456598 0.556
0.0289976 0.276796 0.664
0.964103 0.335992 0.904
0.601171 0.0246871 0.898
0.519043 0.38211 0.694
0.148464 0.271 0.67
0.048801 0.777327 0.364
0.433202 0.278417 0.718
0.214396 0.706661 0.43
0.286243 0.678535 0.466
0.504864 0.941761 0.508
0.593161 0.694606 0.604
0.871069 0.0124904 1
0.956002 0.726812 0.802
0.0256063 0.37547 0.604
0.188242 0.672715 0.442
0.450811 0.487276 0.616
0.576935 0.686689 0.598
0.359468 0.52284 0.568
0.356761 0.4709 0.592
0.742677 0.494011 0.742
0.76677 0.725112 0.694
0.569441 0.05379 0.874
0.893351 0.907011 0.742
0.362615 0.637054 0.514
0.491671 0.0698887 0.844
0.374102 0.85736 0.442
0.709364 0.402872 0.76
0.945832 0.371868 0.886
0.903887 0.189516 0.934
0.864525 0.793469 0.736
0.355631 0.362089 0.652
0.645187 0.823038 0.604
0.0709968 0.967395 0.25
