0.263524 0.0609158 0.746324
0.372003 0.388612 0.371324
0.285341 0.160097 0.636029
0.728962 0.18149 0.768382
0.273476 0.0812006 0.724265
0.970126 0.149245 1
0.660572 0.114306 0.768382
0.0553672 0.831354 0.768382
0.0562686 0.497358 0.613971
0.0697192 0.948199 0.856618
0.28788 0.275282 0.514706
0.453998 0.359111 0.426471
0.878228 0.415391 0.801471
0.745499 0.0472755 0.889706
0.473253 0.905449 0.713235
0.739582 0.442106 0.647059
0.572215 0.788853 0.636029
0.735715 0.456414 0.636029
0.383297 0.498784 0.25
0.0929772 0.399363 0.591912
0.9636 0.163578 0.988971
0.244368 0.994426 0.8125
0.869959 0.360548 0.8125
0.870289 0.334375 0.8125
0.274163 0.350061 0.448529
0.0043401 0.550439 0.669118
0.805302 0.688659 0.757353
0.403464 0.832183 0.613971
0.238905 0.491265 0.404412
0.316522 0.388776 0.393382
0.112337 0.634071 0.580882
0.140756 0.74848 0.636029
0.95774 0.765318 0.944853
0.296139 0.853743 0.658088
0.297169 0.263006 0.525735
0.770553 0.482093 0.680147
0.0961956 0.572592 0.580882
0.235701 0.842985 0.658088
0.908733 0.296274 0.867647
0.749449 0.0308809 0.900735
0.880734 0.919057 0.966912
0.718508 0.458028 0.625
0.842606 0.248514 0.823529
0.862521 0.121684 0.922794
0.0624662 0.254246 0.691176
0.898023 0.823881 0.922794
0.676897 0.110242 0.790441
0.841819 0.995576 1
0.217244 0.3725 0.481618
0.464562 0.145955 0.647059
