0.660552 0.911115
0.790775 0.137715

0.660552 0.911115
0.377238 0.378749

0.660552 0.911115
0.525212 0.466622

0.660552 0.911115
0.392192 0.971258

0.660552 0.911115
0.237454 0.593099

0.660552 0.911115
0.314976 0.768701

0.660552 0.911115
0.955545 0.669112

0.660552 0.911115
0.361093 0.601299

0.660552 0.911115
0.41604 0.980362

0.660552 0.911115
0.453931 0.980816

0.660552 0.911115
0.696395 0.416776

0.660552 0.911115
0.334404 0.455897

0.660552 0.911115
0.786152 0.318837

0.660552 0.911115
0.911183 0.45868

0.660552 0.911115
0.606939 0.932638

0.660552 0.911115
0.149602 0.832194

0.660552 0.911115
0.766294 0.669391

0.660552 0.911115
0.141998 0.20375

0.660552 0.911115
0.647009 0.420747

0.660552 0.911115
0.976229 0.181024

0.660552 0.911115
0.967739 0.459681

0.660552 0.911115
0.46913 0.564243

0.660552 0.911115
0.182131 0.307834

0.660552 0.911115
0.159705 0.716067

0.660552 0.911115
0.727194 0.0706605

0.660552 0.911115
0.112131 0.934628

0.660552 0.911115
0.493483 0.667296

0.790775 0.137715
0.0447468 0.77735

0.790775 0.137715
0.525212 0.466622

0.790775 0.137715
0.392192 0.971258

0.790775 0.137715
0.361093 0.601299

0.790775 0.137715
0.122564 0.355164

0.790775 0.137715
0.916884 0.356557

0.790775 0.137715
0.0200094 0.813643

0.790775 0.137715
0.762768 0.423156

0.790775 0.137715
0.453931 0.980816

0.790775 0.137715
0.696395 0.416776

0.790775 0.137715
0.0606782 0.444684

0.790775 0.137715
0.911183 0.45868

0.790775 0.137715
0.149602 0.832194

0.790775 0.137715
0.450977 0.812782

0.790775 0.137715
0.719172 0.386494

0.790775 0.137715
0.34205 0.982336

0.790775 0.137715
0.766294 0.669391

0.790775 0.137715
0.141998 0.20375

0.790775 0.137715
0.0927588 0.963116

0.790775 0.137715
0.189441 0.691696

0.790775 0.137715
0.0996728 0.282388

0.790775 0.137715
0.0692581 0.99563

0.790775 0.137715
0.581721 0.14739

0.790775 0.137715
0.647009 0.420747

0.790775 0.137715
0.0487341 0.692687

0.790775 0.137715
0.267642 0.412741

0.790775 0.137715
0.159705 0.716067

0.790775 0.137715
0.551445 0.746047

0.790775 0.137715
0.0128752 0.924966

0.790775 0.137715
0.623113 0.631514

0.790775 0.137715
0.240743 0.8735

0.790775 0.137715
0.112131 0.934628

0.377238 0.378749
0.392192 0.971258

0.377238 0.378749
0.863874 0.952133

0.377238 0.378749
0.811733 0.964183

0.377238 0.378749
0.41604 0.980362

0.377238 0.378749
0.916884 0.356557

0.377238 0.378749
0.0200094 0.813643

0.377238 0.378749
0.954722 0.196602

0.377238 0.378749
0.696395 0.416776

0.377238 0.378749
0.665257 0.207147

0.377238 0.378749
0.556471 0.742392

0.377238 0.378749
0.793183 0.744386

0.377238 0.378749
0.0606782 0.444684

0.377238 0.378749
0.911183 0.45868

0.377238 0.378749
0.939412 0.567549

0.377238 0.378749
0.606939 0.932638

0.377238 0.378749
0.719172 0.386494

0.377238 0.378749
0.766294 0.669391

0.377238 0.378749
0.0692581 0.99563

0.377238 0.378749
0.581721 0.14739

0.377238 0.378749
0.502385 0.166507

0.377238 0.378749
0.957725 0.124823

0.377238 0.378749
0.0487341 0.692687

0.377238 0.378749
0.332126 0.666504

0.377238 0.378749
0.801478 0.660474

0.377238 0.378749
0.254577 0.538222

0.377238 0.378749
0.617834 0.358171

0.377238 0.378749
0.551445 0.746047

0.377238 0.378749
0.0128752 0.924966

0.377238 0.378749
0.814881 0.273317

0.377238 0.378749
0.623113 0.631514

0.377238 0.378749
0.559664 0.883693

0.377238 0.378749
0.493483 0.667296

0.377238 0.378749
0.565876 0.923277

0.0447468 0.77735
0.0468496 0.0628757

0.0447468 0.77735
0.525212 0.466622

0.0447468 0.77735
0.361093 0.601299

0.0447468 0.77735
0.122564 0.355164

0.0447468 0.77735
0.0200094 0.813643

0.0447468 0.77735
0.762768 0.423156

0.0447468 0.77735
0.453931 0.980816

0.0447468 0.77735
0.696395 0.416776

0.0447468 0.77735
0.334404 0.455897

0.0447468 0.77735
0.479704 0.636569

0.0447468 0.77735
0.939412 0.567549

0.0447468 0.77735
0.805206 0.925629

0.0447468 0.77735
0.450977 0.812782

0.0447468 0.77735
0.719172 0.386494

0.0447468 0.77735
0.34205 0.982336

0.0447468 0.77735
0.839401 0.815473

0.0447468 0.77735
0.327023 0.0615032

0.0447468 0.77735
0.0927588 0.963116

0.0447468 0.77735
0.701598 0.816047

0.0447468 0.77735
0.581721 0.14739

0.0447468 0.77735
0.167376 0.26934

0.0447468 0.77735
0.521322 0.0512796

0.0447468 0.77735
0.200985 0.556085

0.0447468 0.77735
0.330108 0.412716

0.0447468 0.77735
0.617834 0.358171

0.0447468 0.77735
0.551445 0.746047

0.0447468 0.77735
0.0503982 0.45425

0.0447468 0.77735
0.106656 0.199022

0.0447468 0.77735
0.69257 0.558575

0.0447468 0.77735
0.930344 0.353453

0.0468496 0.0628757
0.525212 0.466622

0.0468496 0.0628757
0.392192 0.971258

0.0468496 0.0628757
0.811733 0.964183

0.0468496 0.0628757
0.122911 0.58452

0.0468496 0.0628757
0.762768 0.423156

0.0468496 0.0628757
0.334404 0.455897

0.0468496 0.0628757
0.786152 0.318837

0.0468496 0.0628757
0.262314 0.829531

0.0468496 0.0628757
0.606939 0.932638

0.0468496 0.0628757
0.450977 0.812782

0.0468496 0.0628757
0.327023 0.0615032

0.0468496 0.0628757
0.0692581 0.99563

0.0468496 0.0628757
0.701598 0.816047

0.0468496 0.0628757
0.167376 0.26934

0.0468496 0.0628757
0.267642 0.412741

0.0468496 0.0628757
0.200985 0.556085

0.0468496 0.0628757
0.330108 0.412716

0.0468496 0.0628757
0.617834 0.358171

0.0468496 0.0628757
0.106656 0.199022

0.0468496 0.0628757
0.69257 0.558575

0.0468496 0.0628757
0.444777 0.574874

0.0468496 0.0628757
0.493483 0.667296

0.0468496 0.0628757
0.565876 0.923277

0.525212 0.466622
0.863874 0.952133

0.525212 0.466622
0.811733 0.964183

0.525212 0.466622
0.361093 0.601299

0.525212 0.466622
0.41604 0.980362

0.525212 0.466622
0.462719 0.98686

0.525212 0.466622
0.916884 0.356557

0.525212 0.466622
0.122911 0.58452

0.525212 0.466622
0.696395 0.416776

0.525212 0.466622
0.334404 0.455897

0.525212 0.466622
0.891369 0.574192

0.525212 0.466622
0.752107 0.376187

0.525212 0.466622
0.479704 0.636569

0.525212 0.466622
0.911183 0.45868

0.525212 0.466622
0.805206 0.925629

0.525212 0.466622
0.606939 0.932638

0.525212 0.466622
0.34205 0.982336

0.525212 0.466622
0.98873 0.557007

0.525212 0.466622
0.710885 0.688436

0.525212 0.466622
0.167376 0.26934

0.525212 0.466622
0.647009 0.420747

0.525212 0.466622
0.976229 0.181024

0.525212 0.466622
0.310593 0.7233

0.525212 0.466622
0.0487341 0.692687

0.525212 0.466622
0.200985 0.556085

0.525212 0.466622
0.182131 0.307834

0.525212 0.466622
0.254577 0.538222

0.525212 0.466622
0.623113 0.631514

0.525212 0.466622
0.727194 0.0706605

0.525212 0.466622
0.493483 0.667296

0.525212 0.466622
0.00298717 0.449951

0.525212 0.466622
0.283311 0.901353

0.392192 0.971258
0.863874 0.952133

0.392192 0.971258
0.41604 0.980362

0.392192 0.971258
0.916884 0.356557

0.392192 0.971258
0.122911 0.58452

0.392192 0.971258
0.0200094 0.813643

0.392192 0.971258
0.762768 0.423156

0.392192 0.971258
0.453931 0.980816

0.392192 0.971258
0.334404 0.455897

0.392192 0.971258
0.793183 0.744386

0.392192 0.971258
0.752107 0.376187

0.392192 0.971258
0.939412 0.567549

0.392192 0.971258
0.766294 0.669391

0.392192 0.971258
0.141998 0.20375

0.392192 0.971258
0.948942 0.0596945

0.392192 0.971258
0.0996728 0.282388

0.392192 0.971258
0.0692581 0.99563

0.392192 0.971258
0.701598 0.816047

0.392192 0.971258
0.710885 0.688436

0.392192 0.971258
0.581721 0.14739

0.392192 0.971258
0.502385 0.166507

0.392192 0.971258
0.167376 0.26934

0.392192 0.971258
0.302943 0.213685

0.392192 0.971258
0.976229 0.181024

0.392192 0.971258
0.200985 0.556085

0.392192 0.971258
0.330108 0.412716

0.392192 0.971258
0.254577 0.538222

0.392192 0.971258
0.727194 0.0706605

0.392192 0.971258
0.559664 0.883693

0.392192 0.971258
0.930344 0.353453

0.863874 0.952133
0.41604 0.980362

0.863874 0.952133
0.462719 0.98686

0.863874 0.952133
0.453931 0.980816

0.863874 0.952133
0.954722 0.196602

0.863874 0.952133
0.556471 0.742392

0.863874 0.952133
0.793183 0.744386

0.863874 0.952133
0.786152 0.318837

0.863874 0.952133
0.752107 0.376187

0.863874 0.952133
0.479704 0.636569

0.863874 0.952133
0.0927588 0.963116

0.863874 0.952133
0.98873 0.557007

0.863874 0.952133
0.0692581 0.99563

0.863874 0.952133
0.552017 0.0869338

0.863874 0.952133
0.710885 0.688436

0.863874 0.952133
0.976229 0.181024

0.863874 0.952133
0.310593 0.7233

0.863874 0.952133
0.200985 0.556085

0.863874 0.952133
0.159705 0.716067

0.863874 0.952133
0.254577 0.538222

0.863874 0.952133
0.551445 0.746047

0.863874 0.952133
0.814881 0.273317

0.863874 0.952133
0.0503982 0.45425

0.863874 0.952133
0.106656 0.199022

0.863874 0.952133
0.112131 0.934628

0.863874 0.952133
0.283311 0.901353

0.863874 0.952133
0.565876 0.923277

0.237454 0.593099
0.811733 0.964183

0.237454 0.593099
0.122564 0.355164

0.237454 0.593099
0.453931 0.980816

0.237454 0.593099
0.954722 0.196602

0.237454 0.593099
0.793183 0.744386

0.237454 0.593099
0.891369 0.574192

0.237454 0.593099
0.786152 0.318837

0.237454 0.593099
0.752107 0.376187

0.237454 0.593099
0.4143 0.178565

0.237454 0.593099
0.939412 0.567549

0.237454 0.593099
0.606939 0.932638

0.237454 0.593099
0.766294 0.669391

0.237454 0.593099
0.327023 0.0615032

0.237454 0.593099
0.948942 0.0596945

0.237454 0.593099
0.98873 0.557007

0.237454 0.593099
0.0692581 0.99563

0.237454 0.593099
0.552017 0.0869338

0.237454 0.593099
0.302943 0.213685

0.237454 0.593099
0.976229 0.181024

0.237454 0.593099
0.801478 0.660474

0.237454 0.593099
0.159705 0.716067

0.237454 0.593099
0.254577 0.538222

0.237454 0.593099
0.551445 0.746047

0.237454 0.593099
0.619202 0.174991

0.237454 0.593099
0.112131 0.934628

0.237454 0.593099
0.565876 0.923277

0.314976 0.768701
0.811733 0.964183

0.314976 0.768701
0.955545 0.669112

0.314976 0.768701
0.462719 0.98686

0.314976 0.768701
0.762768 0.423156

0.314976 0.768701
0.954722 0.196602

0.314976 0.768701
0.334404 0.455897

0.314976 0.768701
0.793183 0.744386

0.314976 0.768701
0.786152 0.318837

0.314976 0.768701
0.0606782 0.444684

0.314976 0.768701
0.479704 0.636569

0.314976 0.768701
0.939412 0.567549

0.314976 0.768701
0.450977 0.812782

0.314976 0.768701
0.839401 0.815473

0.314976 0.768701
0.327023 0.0615032

0.314976 0.768701
0.141998 0.20375

0.314976 0.768701
0.98873 0.557007

0.314976 0.768701
0.701598 0.816047

0.314976 0.768701
0.302943 0.213685

0.314976 0.768701
0.976229 0.181024

0.314976 0.768701
0.0487341 0.692687

0.314976 0.768701
0.491293 0.237445

0.314976 0.768701
0.200985 0.556085

0.314976 0.768701
0.946311 0.431763

0.314976 0.768701
0.551445 0.746047

0.314976 0.768701
0.0128752 0.924966

0.314976 0.768701
0.814881 0.273317

0.314976 0.768701
0.727194 0.0706605

0.314976 0.768701
0.559664 0.883693

0.314976 0.768701
0.0503982 0.45425

0.314976 0.768701
0.444777 0.574874

0.314976 0.768701
0.930344 0.353453

0.314976 0.768701
0.493483 0.667296

0.314976 0.768701
0.565876 0.923277

0.811733 0.964183
0.955545 0.669112

0.811733 0.964183
0.916884 0.356557

0.811733 0.964183
0.762768 0.423156

0.811733 0.964183
0.696395 0.416776

0.811733 0.964183
0.334404 0.455897

0.811733 0.964183
0.793183 0.744386

0.811733 0.964183
0.4143 0.178565

0.811733 0.964183
0.939412 0.567549

0.811733 0.964183
0.805206 0.925629

0.811733 0.964183
0.149602 0.832194

0.811733 0.964183
0.450977 0.812782

0.811733 0.964183
0.719172 0.386494

0.811733 0.964183
0.766294 0.669391

0.811733 0.964183
0.327023 0.0615032

0.811733 0.964183
0.0927588 0.963116

0.811733 0.964183
0.581721 0.14739

0.811733 0.964183
0.502385 0.166507

0.811733 0.964183
0.967739 0.459681

0.811733 0.964183
0.267642 0.412741

0.811733 0.964183
0.182131 0.307834

0.811733 0.964183
0.551445 0.746047

0.811733 0.964183
0.80194 0.595683

0.811733 0.964183
0.0503982 0.45425

0.811733 0.964183
0.106656 0.199022

0.811733 0.964183
0.444777 0.574874

0.811733 0.964183
0.493483 0.667296

0.811733 0.964183
0.00298717 0.449951

0.811733 0.964183
0.283311 0.901353

0.955545 0.669112
0.41604 0.980362

0.955545 0.669112
0.762768 0.423156

0.955545 0.669112
0.453931 0.980816

0.955545 0.669112
0.954722 0.196602

0.955545 0.669112
0.334404 0.455897

0.955545 0.669112
0.891369 0.574192

0.955545 0.669112
0.0606782 0.444684

0.955545 0.669112
0.479704 0.636569

0.955545 0.669112
0.4143 0.178565

0.955545 0.669112
0.149602 0.832194

0.955545 0.669112
0.450977 0.812782

0.955545 0.669112
0.719172 0.386494

0.955545 0.669112
0.839401 0.815473

0.955545 0.669112
0.766294 0.669391

0.955545 0.669112
0.98873 0.557007

0.955545 0.669112
0.552017 0.0869338

0.955545 0.669112
0.167376 0.26934

0.955545 0.669112
0.647009 0.420747

0.955545 0.669112
0.976229 0.181024

0.955545 0.669112
0.957725 0.124823

0.955545 0.669112
0.267642 0.412741

0.955545 0.669112
0.200985 0.556085

0.955545 0.669112
0.332126 0.666504

0.955545 0.669112
0.814881 0.273317

0.955545 0.669112
0.106656 0.199022

0.955545 0.669112
0.444777 0.574874

0.955545 0.669112
0.112131 0.934628

0.955545 0.669112
0.00298717 0.449951

0.955545 0.669112
0.283311 0.901353

0.361093 0.601299
0.253021 0.352224

0.361093 0.601299
0.41604 0.980362

0.361093 0.601299
0.462719 0.98686

0.361093 0.601299
0.916884 0.356557

0.361093 0.601299
0.0200094 0.813643

0.361093 0.601299
0.954722 0.196602

0.361093 0.601299
0.0606782 0.444684

0.361093 0.601299
0.752107 0.376187

0.361093 0.601299
0.479704 0.636569

0.361093 0.601299
0.4143 0.178565

0.361093 0.601299
0.939412 0.567549

0.361093 0.601299
0.839401 0.815473

0.361093 0.601299
0.327023 0.0615032

0.361093 0.601299
0.502385 0.166507

0.361093 0.601299
0.167376 0.26934

0.361093 0.601299
0.0487341 0.692687

0.361093 0.601299
0.491293 0.237445

0.361093 0.601299
0.182131 0.307834

0.361093 0.601299
0.972357 0.760488

0.361093 0.601299
0.814881 0.273317

0.361093 0.601299
0.559664 0.883693

0.361093 0.601299
0.930344 0.353453

0.253021 0.352224
0.462719 0.98686

0.253021 0.352224
0.916884 0.356557

0.253021 0.352224
0.122911 0.58452

0.253021 0.352224
0.696395 0.416776

0.253021 0.352224
0.334404 0.455897

0.253021 0.352224
0.891369 0.574192

0.253021 0.352224
0.4143 0.178565

0.253021 0.352224
0.606939 0.932638

0.253021 0.352224
0.450977 0.812782

0.253021 0.352224
0.719172 0.386494

0.253021 0.352224
0.766294 0.669391

0.253021 0.352224
0.141998 0.20375

0.253021 0.352224
0.0927588 0.963116

0.253021 0.352224
0.0692581 0.99563

0.253021 0.352224
0.552017 0.0869338

0.253021 0.352224
0.710885 0.688436

0.253021 0.352224
0.581721 0.14739

0.253021 0.352224
0.302943 0.213685

0.253021 0.352224
0.133975 0.157948

0.253021 0.352224
0.647009 0.420747

0.253021 0.352224
0.521322 0.0512796

0.253021 0.352224
0.159705 0.716067

0.253021 0.352224
0.80194 0.595683

0.253021 0.352224
0.727194 0.0706605

0.253021 0.352224
0.565876 0.923277

0.41604 0.980362
0.462719 0.98686

0.41604 0.980362
0.916884 0.356557

0.41604 0.980362
0.762768 0.423156

0.41604 0.980362
0.453931 0.980816

0.41604 0.980362
0.954722 0.196602

0.41604 0.980362
0.696395 0.416776

0.41604 0.980362
0.665257 0.207147

0.41604 0.980362
0.334404 0.455897

0.41604 0.980362
0.793183 0.744386

0.41604 0.980362
0.0606782 0.444684

0.41604 0.980362
0.939412 0.567549

0.41604 0.980362
0.805206 0.925629

0.41604 0.980362
0.719172 0.386494

0.41604 0.980362
0.34205 0.982336

0.41604 0.980362
0.766294 0.669391

0.41604 0.980362
0.189441 0.691696

0.41604 0.980362
0.647009 0.420747

0.41604 0.980362
0.957725 0.124823

0.41604 0.980362
0.521322 0.0512796

0.41604 0.980362
0.967739 0.459681

0.41604 0.980362
0.267642 0.412741

0.41604 0.980362
0.814881 0.273317

0.41604 0.980362
0.619202 0.174991

0.41604 0.980362
0.80194 0.595683

0.41604 0.980362
0.106656 0.199022

0.41604 0.980362
0.493483 0.667296

0.122564 0.355164
0.462719 0.98686

0.122564 0.355164
0.122911 0.58452

0.122564 0.355164
0.453931 0.980816

0.122564 0.355164
0.556471 0.742392

0.122564 0.355164
0.0606782 0.444684

0.122564 0.355164
0.149602 0.832194

0.122564 0.355164
0.327023 0.0615032

0.122564 0.355164
0.189441 0.691696

0.122564 0.355164
0.552017 0.0869338

0.122564 0.355164
0.581721 0.14739

0.122564 0.355164
0.502385 0.166507

0.122564 0.355164
0.302943 0.213685

0.122564 0.355164
0.647009 0.420747

0.122564 0.355164
0.957725 0.124823

0.122564 0.355164
0.491293 0.237445

0.122564 0.355164
0.801478 0.660474

0.122564 0.355164
0.946311 0.431763

0.122564 0.355164
0.159705 0.716067

0.122564 0.355164
0.617834 0.358171

0.122564 0.355164
0.972357 0.760488

0.122564 0.355164
0.551445 0.746047

0.122564 0.355164
0.106656 0.199022

0.122564 0.355164
0.493483 0.667296

0.122564 0.355164
0.565876 0.923277

0.462719 0.98686
0.4143 0.178565

0.462719 0.98686
0.939412 0.567549

0.462719 0.98686
0.606939 0.932638

0.462719 0.98686
0.34205 0.982336

0.462719 0.98686
0.0927588 0.963116

0.462719 0.98686
0.710885 0.688436

0.462719 0.98686
0.167376 0.26934

0.462719 0.98686
0.957725 0.124823

0.462719 0.98686
0.967739 0.459681

0.462719 0.98686
0.0487341 0.692687

0.462719 0.98686
0.491293 0.237445

0.462719 0.98686
0.0128752 0.924966

0.462719 0.98686
0.814881 0.273317

0.462719 0.98686
0.240743 0.8735

0.462719 0.98686
0.930344 0.353453

0.462719 0.98686
0.112131 0.934628

0.462719 0.98686
0.493483 0.667296

0.462719 0.98686
0.00298717 0.449951

0.916884 0.356557
0.786152 0.318837

0.916884 0.356557
0.766294 0.669391

0.916884 0.356557
0.141998 0.20375

0.916884 0.356557
0.948942 0.0596945

0.916884 0.356557
0.167376 0.26934

0.916884 0.356557
0.302943 0.213685

0.916884 0.356557
0.310593 0.7233

0.916884 0.356557
0.521322 0.0512796

0.916884 0.356557
0.801478 0.660474

0.916884 0.356557
0.46913 0.564243

0.916884 0.356557
0.972357 0.760488

0.916884 0.356557
0.240743 0.8735

0.916884 0.356557
0.727194 0.0706605

0.916884 0.356557
0.559664 0.883693

0.916884 0.356557
0.106656 0.199022

0.916884 0.356557
0.69257 0.558575

0.916884 0.356557
0.444777 0.574874

0.916884 0.356557
0.00298717 0.449951

0.916884 0.356557
0.565876 0.923277

0.122911 0.58452
0.665257 0.207147

0.122911 0.58452
0.556471 0.742392

0.122911 0.58452
0.891369 0.574192

0.122911 0.58452
0.606939 0.932638

0.122911 0.58452
0.34205 0.982336

0.122911 0.58452
0.839401 0.815473

0.122911 0.58452
0.302943 0.213685

0.122911 0.58452
0.647009 0.420747

0.122911 0.58452
0.491293 0.237445

0.122911 0.58452
0.254577 0.538222

0.122911 0.58452
0.972357 0.760488

0.122911 0.58452
0.623113 0.631514

0.122911 0.58452
0.559664 0.883693

0.122911 0.58452
0.930344 0.353453

0.0200094 0.813643
0.762768 0.423156

0.0200094 0.813643
0.0606782 0.444684

0.0200094 0.813643
0.752107 0.376187

0.0200094 0.813643
0.479704 0.636569

0.0200094 0.813643
0.719172 0.386494

0.0200094 0.813643
0.839401 0.815473

0.0200094 0.813643
0.766294 0.669391

0.0200094 0.813643
0.141998 0.20375

0.0200094 0.813643
0.701598 0.816047

0.0200094 0.813643
0.581721 0.14739

0.0200094 0.813643
0.167376 0.26934

0.0200094 0.813643
0.133975 0.157948

0.0200094 0.813643
0.957725 0.124823

0.0200094 0.813643
0.491293 0.237445

0.0200094 0.813643
0.182131 0.307834

0.0200094 0.813643
0.159705 0.716067

0.0200094 0.813643
0.623113 0.631514

0.0200094 0.813643
0.106656 0.199022

0.0200094 0.813643
0.444777 0.574874

0.0200094 0.813643
0.930344 0.353453

0.0200094 0.813643
0.00298717 0.449951

0.0200094 0.813643
0.565876 0.923277

0.762768 0.423156
0.665257 0.207147

0.762768 0.423156
0.556471 0.742392

0.762768 0.423156
0.793183 0.744386

0.762768 0.423156
0.0606782 0.444684

0.762768 0.423156
0.752107 0.376187

0.762768 0.423156
0.4143 0.178565

0.762768 0.423156
0.262314 0.829531

0.762768 0.423156
0.911183 0.45868

0.762768 0.423156
0.939412 0.567549

0.762768 0.423156
0.805206 0.925629

0.762768 0.423156
0.149602 0.832194

0.762768 0.423156
0.839401 0.815473

0.762768 0.423156
0.647009 0.420747

0.762768 0.423156
0.310593 0.7233

0.762768 0.423156
0.267642 0.412741

0.762768 0.423156
0.491293 0.237445

0.762768 0.423156
0.46913 0.564243

0.762768 0.423156
0.254577 0.538222

0.762768 0.423156
0.619202 0.174991

0.762768 0.423156
0.623113 0.631514

0.762768 0.423156
0.80194 0.595683

0.762768 0.423156
0.727194 0.0706605

0.762768 0.423156
0.69257 0.558575

0.762768 0.423156
0.493483 0.667296

0.762768 0.423156
0.283311 0.901353

0.453931 0.980816
0.954722 0.196602

0.453931 0.980816
0.665257 0.207147

0.453931 0.980816
0.556471 0.742392

0.453931 0.980816
0.334404 0.455897

0.453931 0.980816
0.891369 0.574192

0.453931 0.980816
0.786152 0.318837

0.453931 0.980816
0.149602 0.832194

0.453931 0.980816
0.766294 0.669391

0.453931 0.980816
0.0927588 0.963116

0.453931 0.980816
0.98873 0.557007

0.453931 0.980816
0.701598 0.816047

0.453931 0.980816
0.710885 0.688436

0.453931 0.980816
0.167376 0.26934

0.453931 0.980816
0.200985 0.556085

0.453931 0.980816
0.330108 0.412716

0.453931 0.980816
0.254577 0.538222

0.453931 0.980816
0.617834 0.358171

0.453931 0.980816
0.972357 0.760488

0.453931 0.980816
0.551445 0.746047

0.453931 0.980816
0.0128752 0.924966

0.453931 0.980816
0.814881 0.273317

0.453931 0.980816
0.106656 0.199022

0.453931 0.980816
0.00298717 0.449951

0.453931 0.980816
0.565876 0.923277

0.954722 0.196602
0.0606782 0.444684

0.954722 0.196602
0.479704 0.636569

0.954722 0.196602
0.939412 0.567549

0.954722 0.196602
0.719172 0.386494

0.954722 0.196602
0.141998 0.20375

0.954722 0.196602
0.189441 0.691696

0.954722 0.196602
0.948942 0.0596945

0.954722 0.196602
0.98873 0.557007

0.954722 0.196602
0.701598 0.816047

0.954722 0.196602
0.710885 0.688436

0.954722 0.196602
0.133975 0.157948

0.954722 0.196602
0.976229 0.181024

0.954722 0.196602
0.330108 0.412716

0.954722 0.196602
0.46913 0.564243

0.954722 0.196602
0.182131 0.307834

0.954722 0.196602
0.159705 0.716067

0.954722 0.196602
0.972357 0.760488

0.954722 0.196602
0.559664 0.883693

0.954722 0.196602
0.112131 0.934628

0.954722 0.196602
0.493483 0.667296

0.954722 0.196602
0.00298717 0.449951

0.954722 0.196602
0.565876 0.923277

0.696395 0.416776
0.334404 0.455897

0.696395 0.416776
0.793183 0.744386

0.696395 0.416776
0.4143 0.178565

0.696395 0.416776
0.805206 0.925629

0.696395 0.416776
0.766294 0.669391

0.696395 0.416776
0.327023 0.0615032

0.696395 0.416776
0.141998 0.20375

0.696395 0.416776
0.189441 0.691696

0.696395 0.416776
0.701598 0.816047

0.696395 0.416776
0.710885 0.688436

0.696395 0.416776
0.581721 0.14739

0.696395 0.416776
0.502385 0.166507

0.696395 0.416776
0.133975 0.157948

0.696395 0.416776
0.310593 0.7233

0.696395 0.416776
0.521322 0.0512796

0.696395 0.416776
0.0487341 0.692687

0.696395 0.416776
0.267642 0.412741

0.696395 0.416776
0.200985 0.556085

0.696395 0.416776
0.330108 0.412716

0.696395 0.416776
0.254577 0.538222

0.696395 0.416776
0.623113 0.631514

0.696395 0.416776
0.240743 0.8735

0.696395 0.416776
0.112131 0.934628

0.696395 0.416776
0.283311 0.901353

0.665257 0.207147
0.786152 0.318837

0.665257 0.207147
0.4143 0.178565

0.665257 0.207147
0.719172 0.386494

0.665257 0.207147
0.839401 0.815473

0.665257 0.207147
0.766294 0.669391

0.665257 0.207147
0.0927588 0.963116

0.665257 0.207147
0.0692581 0.99563

0.665257 0.207147
0.581721 0.14739

0.665257 0.207147
0.976229 0.181024

0.665257 0.207147
0.957725 0.124823

0.665257 0.207147
0.521322 0.0512796

0.665257 0.207147
0.0487341 0.692687

0.665257 0.207147
0.491293 0.237445

0.665257 0.207147
0.946311 0.431763

0.665257 0.207147
0.182131 0.307834

0.665257 0.207147
0.972357 0.760488

0.665257 0.207147
0.112131 0.934628

0.556471 0.742392
0.891369 0.574192

0.556471 0.742392
0.479704 0.636569

0.556471 0.742392
0.939412 0.567549

0.556471 0.742392
0.149602 0.832194

0.556471 0.742392
0.839401 0.815473

0.556471 0.742392
0.766294 0.669391

0.556471 0.742392
0.327023 0.0615032

0.556471 0.742392
0.0996728 0.282388

0.556471 0.742392
0.98873 0.557007

0.556471 0.742392
0.581721 0.14739

0.556471 0.742392
0.502385 0.166507

0.556471 0.742392
0.167376 0.26934

0.556471 0.742392
0.133975 0.157948

0.556471 0.742392
0.647009 0.420747

0.556471 0.742392
0.976229 0.181024

0.556471 0.742392
0.310593 0.7233

0.556471 0.742392
0.0487341 0.692687

0.556471 0.742392
0.332126 0.666504

0.556471 0.742392
0.182131 0.307834

0.556471 0.742392
0.254577 0.538222

0.556471 0.742392
0.551445 0.746047

0.556471 0.742392
0.619202 0.174991

0.556471 0.742392
0.240743 0.8735

0.556471 0.742392
0.0503982 0.45425

0.556471 0.742392
0.106656 0.199022

0.556471 0.742392
0.444777 0.574874

0.556471 0.742392
0.112131 0.934628

0.556471 0.742392
0.283311 0.901353

0.334404 0.455897
0.891369 0.574192

0.334404 0.455897
0.4143 0.178565

0.334404 0.455897
0.911183 0.45868

0.334404 0.455897
0.939412 0.567549

0.334404 0.455897
0.805206 0.925629

0.334404 0.455897
0.0927588 0.963116

0.334404 0.455897
0.701598 0.816047

0.334404 0.455897
0.552017 0.0869338

0.334404 0.455897
0.710885 0.688436

0.334404 0.455897
0.581721 0.14739

0.334404 0.455897
0.167376 0.26934

0.334404 0.455897
0.0487341 0.692687

0.334404 0.455897
0.332126 0.666504

0.334404 0.455897
0.182131 0.307834

0.334404 0.455897
0.0128752 0.924966

0.334404 0.455897
0.814881 0.273317

0.334404 0.455897
0.69257 0.558575

0.334404 0.455897
0.444777 0.574874

0.334404 0.455897
0.493483 0.667296

0.793183 0.744386
0.891369 0.574192

0.793183 0.744386
0.479704 0.636569

0.793183 0.744386
0.911183 0.45868

0.793183 0.744386
0.606939 0.932638

0.793183 0.744386
0.450977 0.812782

0.793183 0.744386
0.766294 0.669391

0.793183 0.744386
0.189441 0.691696

0.793183 0.744386
0.98873 0.557007

0.793183 0.744386
0.581721 0.14739

0.793183 0.744386
0.167376 0.26934

0.793183 0.744386
0.133975 0.157948

0.793183 0.744386
0.957725 0.124823

0.793183 0.744386
0.521322 0.0512796

0.793183 0.744386
0.0487341 0.692687

0.793183 0.744386
0.946311 0.431763

0.793183 0.744386
0.46913 0.564243

0.793183 0.744386
0.159705 0.716067

0.793183 0.744386
0.551445 0.746047

0.793183 0.744386
0.727194 0.0706605

0.793183 0.744386
0.559664 0.883693

0.793183 0.744386
0.0503982 0.45425

0.793183 0.744386
0.444777 0.574874

0.793183 0.744386
0.283311 0.901353

0.891369 0.574192
0.752107 0.376187

0.891369 0.574192
0.4143 0.178565

0.891369 0.574192
0.805206 0.925629

0.891369 0.574192
0.149602 0.832194

0.891369 0.574192
0.327023 0.0615032

0.891369 0.574192
0.0996728 0.282388

0.891369 0.574192
0.98873 0.557007

0.891369 0.574192
0.0692581 0.99563

0.891369 0.574192
0.552017 0.0869338

0.891369 0.574192
0.581721 0.14739

0.891369 0.574192
0.133975 0.157948

0.891369 0.574192
0.647009 0.420747

0.891369 0.574192
0.491293 0.237445

0.891369 0.574192
0.46913 0.564243

0.891369 0.574192
0.182131 0.307834

0.891369 0.574192
0.159705 0.716067

0.891369 0.574192
0.254577 0.538222

0.891369 0.574192
0.617834 0.358171

0.891369 0.574192
0.972357 0.760488

0.891369 0.574192
0.623113 0.631514

0.891369 0.574192
0.240743 0.8735

0.891369 0.574192
0.80194 0.595683

0.891369 0.574192
0.69257 0.558575

0.891369 0.574192
0.00298717 0.449951

0.786152 0.318837
0.752107 0.376187

0.786152 0.318837
0.911183 0.45868

0.786152 0.318837
0.149602 0.832194

0.786152 0.318837
0.839401 0.815473

0.786152 0.318837
0.327023 0.0615032

0.786152 0.318837
0.141998 0.20375

0.786152 0.318837
0.189441 0.691696

0.786152 0.318837
0.133975 0.157948

0.786152 0.318837
0.521322 0.0512796

0.786152 0.318837
0.0487341 0.692687

0.786152 0.318837
0.491293 0.237445

0.786152 0.318837
0.801478 0.660474

0.786152 0.318837
0.814881 0.273317

0.786152 0.318837
0.240743 0.8735

0.786152 0.318837
0.444777 0.574874

0.786152 0.318837
0.112131 0.934628

0.0606782 0.444684
0.805206 0.925629

0.0606782 0.444684
0.450977 0.812782

0.0606782 0.444684
0.839401 0.815473

0.0606782 0.444684
0.552017 0.0869338

0.0606782 0.444684
0.710885 0.688436

0.0606782 0.444684
0.502385 0.166507

0.0606782 0.444684
0.133975 0.157948

0.0606782 0.444684
0.647009 0.420747

0.0606782 0.444684
0.976229 0.181024

0.0606782 0.444684
0.310593 0.7233

0.0606782 0.444684
0.200985 0.556085

0.0606782 0.444684
0.801478 0.660474

0.0606782 0.444684
0.617834 0.358171

0.0606782 0.444684
0.551445 0.746047

0.0606782 0.444684
0.0128752 0.924966

0.0606782 0.444684
0.623113 0.631514

0.0606782 0.444684
0.727194 0.0706605

0.0606782 0.444684
0.0503982 0.45425

0.0606782 0.444684
0.106656 0.199022

0.0606782 0.444684
0.444777 0.574874

0.0606782 0.444684
0.112131 0.934628

0.752107 0.376187
0.479704 0.636569

0.752107 0.376187
0.4143 0.178565

0.752107 0.376187
0.939412 0.567549

0.752107 0.376187
0.149602 0.832194

0.752107 0.376187
0.0996728 0.282388

0.752107 0.376187
0.98873 0.557007

0.752107 0.376187
0.701598 0.816047

0.752107 0.376187
0.710885 0.688436

0.752107 0.376187
0.502385 0.166507

0.752107 0.376187
0.967739 0.459681

0.752107 0.376187
0.267642 0.412741

0.752107 0.376187
0.491293 0.237445

0.752107 0.376187
0.332126 0.666504

0.752107 0.376187
0.330108 0.412716

0.752107 0.376187
0.0128752 0.924966

0.752107 0.376187
0.814881 0.273317

0.752107 0.376187
0.80194 0.595683

0.752107 0.376187
0.727194 0.0706605

0.752107 0.376187
0.493483 0.667296

0.479704 0.636569
0.262314 0.829531

0.479704 0.636569
0.719172 0.386494

0.479704 0.636569
0.327023 0.0615032

0.479704 0.636569
0.189441 0.691696

0.479704 0.636569
0.0692581 0.99563

0.479704 0.636569
0.701598 0.816047

0.479704 0.636569
0.710885 0.688436

0.479704 0.636569
0.581721 0.14739

0.479704 0.636569
0.302943 0.213685

0.479704 0.636569
0.647009 0.420747

0.479704 0.636569
0.310593 0.7233

0.479704 0.636569
0.521322 0.0512796

0.479704 0.636569
0.200985 0.556085

0.479704 0.636569
0.0128752 0.924966

0.479704 0.636569
0.80194 0.595683

0.479704 0.636569
0.727194 0.0706605

0.479704 0.636569
0.559664 0.883693

0.479704 0.636569
0.69257 0.558575

0.479704 0.636569
0.493483 0.667296

0.479704 0.636569
0.283311 0.901353

0.4143 0.178565
0.450977 0.812782

0.4143 0.178565
0.719172 0.386494

0.4143 0.178565
0.839401 0.815473

0.4143 0.178565
0.948942 0.0596945

0.4143 0.178565
0.0692581 0.99563

0.4143 0.178565
0.701598 0.816047

0.4143 0.178565
0.552017 0.0869338

0.4143 0.178565
0.133975 0.157948

0.4143 0.178565
0.647009 0.420747

0.4143 0.178565
0.521322 0.0512796

0.4143 0.178565
0.967739 0.459681

0.4143 0.178565
0.200985 0.556085

0.4143 0.178565
0.332126 0.666504

0.4143 0.178565
0.46913 0.564243

0.4143 0.178565
0.814881 0.273317

0.4143 0.178565
0.80194 0.595683

0.4143 0.178565
0.69257 0.558575

0.4143 0.178565
0.493483 0.667296

0.4143 0.178565
0.00298717 0.449951

0.262314 0.829531
0.939412 0.567549

0.262314 0.829531
0.805206 0.925629

0.262314 0.829531
0.34205 0.982336

0.262314 0.829531
0.766294 0.669391

0.262314 0.829531
0.0927588 0.963116

0.262314 0.829531
0.189441 0.691696

0.262314 0.829531
0.710885 0.688436

0.262314 0.829531
0.302943 0.213685

0.262314 0.829531
0.957725 0.124823

0.262314 0.829531
0.521322 0.0512796

0.262314 0.829531
0.967739 0.459681

0.262314 0.829531
0.0487341 0.692687

0.262314 0.829531
0.200985 0.556085

0.262314 0.829531
0.332126 0.666504

0.262314 0.829531
0.330108 0.412716

0.262314 0.829531
0.182131 0.307834

0.262314 0.829531
0.617834 0.358171

0.262314 0.829531
0.623113 0.631514

0.262314 0.829531
0.240743 0.8735

0.262314 0.829531
0.559664 0.883693

0.262314 0.829531
0.0503982 0.45425

0.262314 0.829531
0.930344 0.353453

0.262314 0.829531
0.493483 0.667296

0.911183 0.45868
0.34205 0.982336

0.911183 0.45868
0.766294 0.669391

0.911183 0.45868
0.98873 0.557007

0.911183 0.45868
0.0692581 0.99563

0.911183 0.45868
0.701598 0.816047

0.911183 0.45868
0.710885 0.688436

0.911183 0.45868
0.957725 0.124823

0.911183 0.45868
0.330108 0.412716

0.911183 0.45868
0.801478 0.660474

0.911183 0.45868
0.182131 0.307834

0.911183 0.45868
0.0128752 0.924966

0.911183 0.45868
0.623113 0.631514

0.911183 0.45868
0.240743 0.8735

0.911183 0.45868
0.80194 0.595683

0.911183 0.45868
0.0503982 0.45425

0.911183 0.45868
0.106656 0.199022

0.911183 0.45868
0.444777 0.574874

0.911183 0.45868
0.00298717 0.449951

0.939412 0.567549
0.805206 0.925629

0.939412 0.567549
0.149602 0.832194

0.939412 0.567549
0.839401 0.815473

0.939412 0.567549
0.0996728 0.282388

0.939412 0.567549
0.0692581 0.99563

0.939412 0.567549
0.701598 0.816047

0.939412 0.567549
0.957725 0.124823

0.939412 0.567549
0.967739 0.459681

0.939412 0.567549
0.0487341 0.692687

0.939412 0.567549
0.332126 0.666504

0.939412 0.567549
0.330108 0.412716

0.939412 0.567549
0.946311 0.431763

0.939412 0.567549
0.159705 0.716067

0.939412 0.567549
0.240743 0.8735

0.939412 0.567549
0.0503982 0.45425

0.939412 0.567549
0.444777 0.574874

0.939412 0.567549
0.283311 0.901353

0.805206 0.925629
0.141998 0.20375

0.805206 0.925629
0.189441 0.691696

0.805206 0.925629
0.948942 0.0596945

0.805206 0.925629
0.0692581 0.99563

0.805206 0.925629
0.701598 0.816047

0.805206 0.925629
0.167376 0.26934

0.805206 0.925629
0.302943 0.213685

0.805206 0.925629
0.133975 0.157948

0.805206 0.925629
0.976229 0.181024

0.805206 0.925629
0.310593 0.7233

0.805206 0.925629
0.967739 0.459681

0.805206 0.925629
0.0487341 0.692687

0.805206 0.925629
0.491293 0.237445

0.805206 0.925629
0.200985 0.556085

0.805206 0.925629
0.330108 0.412716

0.805206 0.925629
0.801478 0.660474

0.805206 0.925629
0.159705 0.716067

0.805206 0.925629
0.617834 0.358171

0.805206 0.925629
0.623113 0.631514

0.805206 0.925629
0.0503982 0.45425

0.805206 0.925629
0.283311 0.901353

0.606939 0.932638
0.450977 0.812782

0.606939 0.932638
0.189441 0.691696

0.606939 0.932638
0.0996728 0.282388

0.606939 0.932638
0.0692581 0.99563

0.606939 0.932638
0.552017 0.0869338

0.606939 0.932638
0.502385 0.166507

0.606939 0.932638
0.302943 0.213685

0.606939 0.932638
0.0487341 0.692687

0.606939 0.932638
0.267642 0.412741

0.606939 0.932638
0.491293 0.237445

0.606939 0.932638
0.200985 0.556085

0.606939 0.932638
0.46913 0.564243

0.606939 0.932638
0.551445 0.746047

0.606939 0.932638
0.0128752 0.924966

0.606939 0.932638
0.814881 0.273317

0.606939 0.932638
0.623113 0.631514

0.606939 0.932638
0.444777 0.574874

0.606939 0.932638
0.930344 0.353453

0.606939 0.932638
0.112131 0.934628

0.606939 0.932638
0.00298717 0.449951

0.149602 0.832194
0.450977 0.812782

0.149602 0.832194
0.719172 0.386494

0.149602 0.832194
0.839401 0.815473

0.149602 0.832194
0.0927588 0.963116

0.149602 0.832194
0.98873 0.557007

0.149602 0.832194
0.502385 0.166507

0.149602 0.832194
0.302943 0.213685

0.149602 0.832194
0.976229 0.181024

0.149602 0.832194
0.0487341 0.692687

0.149602 0.832194
0.491293 0.237445

0.149602 0.832194
0.200985 0.556085

0.149602 0.832194
0.330108 0.412716

0.149602 0.832194
0.801478 0.660474

0.149602 0.832194
0.946311 0.431763

0.149602 0.832194
0.159705 0.716067

0.149602 0.832194
0.0128752 0.924966

0.149602 0.832194
0.623113 0.631514

0.149602 0.832194
0.69257 0.558575

0.149602 0.832194
0.930344 0.353453

0.149602 0.832194
0.00298717 0.449951

0.149602 0.832194
0.565876 0.923277

0.450977 0.812782
0.34205 0.982336

0.450977 0.812782
0.839401 0.815473

0.450977 0.812782
0.0927588 0.963116

0.450977 0.812782
0.0996728 0.282388

0.450977 0.812782
0.710885 0.688436

0.450977 0.812782
0.647009 0.420747

0.450977 0.812782
0.521322 0.0512796

0.450977 0.812782
0.967739 0.459681

0.450977 0.812782
0.200985 0.556085

0.450977 0.812782
0.972357 0.760488

0.450977 0.812782
0.551445 0.746047

0.450977 0.812782
0.0128752 0.924966

0.450977 0.812782
0.619202 0.174991

0.450977 0.812782
0.623113 0.631514

0.450977 0.812782
0.240743 0.8735

0.450977 0.812782
0.727194 0.0706605

0.450977 0.812782
0.559664 0.883693

0.450977 0.812782
0.69257 0.558575

0.450977 0.812782
0.444777 0.574874

0.450977 0.812782
0.00298717 0.449951

0.719172 0.386494
0.34205 0.982336

0.719172 0.386494
0.189441 0.691696

0.719172 0.386494
0.948942 0.0596945

0.719172 0.386494
0.552017 0.0869338

0.719172 0.386494
0.581721 0.14739

0.719172 0.386494
0.167376 0.26934

0.719172 0.386494
0.133975 0.157948

0.719172 0.386494
0.967739 0.459681

0.719172 0.386494
0.0487341 0.692687

0.719172 0.386494
0.491293 0.237445

0.719172 0.386494
0.200985 0.556085

0.719172 0.386494
0.330108 0.412716

0.719172 0.386494
0.159705 0.716067

0.719172 0.386494
0.814881 0.273317

0.719172 0.386494
0.623113 0.631514

0.719172 0.386494
0.80194 0.595683

0.719172 0.386494
0.559664 0.883693

0.719172 0.386494
0.0503982 0.45425

0.719172 0.386494
0.112131 0.934628

0.719172 0.386494
0.283311 0.901353

0.34205 0.982336
0.327023 0.0615032

0.34205 0.982336
0.0996728 0.282388

0.34205 0.982336
0.98873 0.557007

0.34205 0.982336
0.710885 0.688436

0.34205 0.982336
0.133975 0.157948

0.34205 0.982336
0.946311 0.431763

0.34205 0.982336
0.182131 0.307834

0.34205 0.982336
0.972357 0.760488

0.34205 0.982336
0.814881 0.273317

0.34205 0.982336
0.623113 0.631514

0.34205 0.982336
0.727194 0.0706605

0.34205 0.982336
0.0503982 0.45425

0.34205 0.982336
0.444777 0.574874

0.839401 0.815473
0.141998 0.20375

0.839401 0.815473
0.189441 0.691696

0.839401 0.815473
0.948942 0.0596945

0.839401 0.815473
0.98873 0.557007

0.839401 0.815473
0.0692581 0.99563

0.839401 0.815473
0.647009 0.420747

0.839401 0.815473
0.976229 0.181024

0.839401 0.815473
0.967739 0.459681

0.839401 0.815473
0.267642 0.412741

0.839401 0.815473
0.491293 0.237445

0.839401 0.815473
0.330108 0.412716

0.839401 0.815473
0.619202 0.174991

0.839401 0.815473
0.80194 0.595683

0.839401 0.815473
0.69257 0.558575

0.839401 0.815473
0.930344 0.353453

0.839401 0.815473
0.112131 0.934628

0.839401 0.815473
0.00298717 0.449951

0.766294 0.669391
0.327023 0.0615032

0.766294 0.669391
0.948942 0.0596945

0.766294 0.669391
0.710885 0.688436

0.766294 0.669391
0.581721 0.14739

0.766294 0.669391
0.167376 0.26934

0.766294 0.669391
0.302943 0.213685

0.766294 0.669391
0.976229 0.181024

0.766294 0.669391
0.957725 0.124823

0.766294 0.669391
0.182131 0.307834

0.766294 0.669391
0.159705 0.716067

0.766294 0.669391
0.254577 0.538222

0.766294 0.669391
0.0128752 0.924966

0.766294 0.669391
0.559664 0.883693

0.766294 0.669391
0.106656 0.199022

0.766294 0.669391
0.69257 0.558575

0.766294 0.669391
0.930344 0.353453

0.766294 0.669391
0.493483 0.667296

0.327023 0.0615032
0.948942 0.0596945

0.327023 0.0615032
0.98873 0.557007

0.327023 0.0615032
0.552017 0.0869338

0.327023 0.0615032
0.710885 0.688436

0.327023 0.0615032
0.133975 0.157948

0.327023 0.0615032
0.957725 0.124823

0.327023 0.0615032
0.521322 0.0512796

0.327023 0.0615032
0.267642 0.412741

0.327023 0.0615032
0.330108 0.412716

0.327023 0.0615032
0.946311 0.431763

0.327023 0.0615032
0.159705 0.716067

0.327023 0.0615032
0.254577 0.538222

0.327023 0.0615032
0.0128752 0.924966

0.327023 0.0615032
0.623113 0.631514

0.327023 0.0615032
0.106656 0.199022

0.327023 0.0615032
0.69257 0.558575

0.327023 0.0615032
0.930344 0.353453

0.327023 0.0615032
0.00298717 0.449951

0.141998 0.20375
0.0927588 0.963116

0.141998 0.20375
0.948942 0.0596945

0.141998 0.20375
0.98873 0.557007

0.141998 0.20375
0.552017 0.0869338

0.141998 0.20375
0.581721 0.14739

0.141998 0.20375
0.167376 0.26934

0.141998 0.20375
0.302943 0.213685

0.141998 0.20375
0.647009 0.420747

0.141998 0.20375
0.310593 0.7233

0.141998 0.20375
0.957725 0.124823

0.141998 0.20375
0.200985 0.556085

0.141998 0.20375
0.330108 0.412716

0.141998 0.20375
0.801478 0.660474

0.141998 0.20375
0.46913 0.564243

0.141998 0.20375
0.814881 0.273317

0.141998 0.20375
0.619202 0.174991

0.141998 0.20375
0.240743 0.8735

0.141998 0.20375
0.80194 0.595683

0.141998 0.20375
0.0503982 0.45425

0.141998 0.20375
0.69257 0.558575

0.141998 0.20375
0.444777 0.574874

0.141998 0.20375
0.493483 0.667296

0.141998 0.20375
0.00298717 0.449951

0.141998 0.20375
0.283311 0.901353

0.141998 0.20375
0.565876 0.923277

0.0927588 0.963116
0.948942 0.0596945

0.0927588 0.963116
0.701598 0.816047

0.0927588 0.963116
0.302943 0.213685

0.0927588 0.963116
0.521322 0.0512796

0.0927588 0.963116
0.491293 0.237445

0.0927588 0.963116
0.200985 0.556085

0.0927588 0.963116
0.946311 0.431763

0.0927588 0.963116
0.254577 0.538222

0.0927588 0.963116
0.551445 0.746047

0.0927588 0.963116
0.619202 0.174991

0.0927588 0.963116
0.727194 0.0706605

0.0927588 0.963116
0.559664 0.883693

0.0927588 0.963116
0.283311 0.901353

0.189441 0.691696
0.0996728 0.282388

0.189441 0.691696
0.701598 0.816047

0.189441 0.691696
0.302943 0.213685

0.189441 0.691696
0.976229 0.181024

0.189441 0.691696
0.310593 0.7233

0.189441 0.691696
0.957725 0.124823

0.189441 0.691696
0.521322 0.0512796

0.189441 0.691696
0.46913 0.564243

0.189441 0.691696
0.182131 0.307834

0.189441 0.691696
0.254577 0.538222

0.189441 0.691696
0.972357 0.760488

0.189441 0.691696
0.551445 0.746047

0.189441 0.691696
0.559664 0.883693

0.189441 0.691696
0.106656 0.199022

0.189441 0.691696
0.69257 0.558575

0.189441 0.691696
0.112131 0.934628

0.189441 0.691696
0.283311 0.901353

0.189441 0.691696
0.565876 0.923277

0.948942 0.0596945
0.502385 0.166507

0.948942 0.0596945
0.302943 0.213685

0.948942 0.0596945
0.200985 0.556085

0.948942 0.0596945
0.332126 0.666504

0.948942 0.0596945
0.330108 0.412716

0.948942 0.0596945
0.801478 0.660474

0.948942 0.0596945
0.946311 0.431763

0.948942 0.0596945
0.46913 0.564243

0.948942 0.0596945
0.551445 0.746047

0.948942 0.0596945
0.814881 0.273317

0.948942 0.0596945
0.240743 0.8735

0.948942 0.0596945
0.80194 0.595683

0.948942 0.0596945
0.112131 0.934628

0.0996728 0.282388
0.710885 0.688436

0.0996728 0.282388
0.581721 0.14739

0.0996728 0.282388
0.302943 0.213685

0.0996728 0.282388
0.521322 0.0512796

0.0996728 0.282388
0.491293 0.237445

0.0996728 0.282388
0.182131 0.307834

0.0996728 0.282388
0.254577 0.538222

0.0996728 0.282388
0.617834 0.358171

0.0996728 0.282388
0.972357 0.760488

0.0996728 0.282388
0.619202 0.174991

0.0996728 0.282388
0.106656 0.199022

0.0996728 0.282388
0.444777 0.574874

0.0996728 0.282388
0.930344 0.353453

0.0996728 0.282388
0.00298717 0.449951

0.98873 0.557007
0.133975 0.157948

0.98873 0.557007
0.976229 0.181024

0.98873 0.557007
0.310593 0.7233

0.98873 0.557007
0.521322 0.0512796

0.98873 0.557007
0.0487341 0.692687

0.98873 0.557007
0.491293 0.237445

0.98873 0.557007
0.332126 0.666504

0.98873 0.557007
0.159705 0.716067

0.98873 0.557007
0.972357 0.760488

0.98873 0.557007
0.727194 0.0706605

0.98873 0.557007
0.444777 0.574874

0.98873 0.557007
0.565876 0.923277

0.0692581 0.99563
0.502385 0.166507

0.0692581 0.99563
0.967739 0.459681

0.0692581 0.99563
0.0487341 0.692687

0.0692581 0.99563
0.46913 0.564243

0.0692581 0.99563
0.254577 0.538222

0.0692581 0.99563
0.972357 0.760488

0.0692581 0.99563
0.240743 0.8735

0.0692581 0.99563
0.727194 0.0706605

0.0692581 0.99563
0.559664 0.883693

0.0692581 0.99563
0.106656 0.199022

0.0692581 0.99563
0.69257 0.558575

0.0692581 0.99563
0.00298717 0.449951

0.0692581 0.99563
0.565876 0.923277

0.701598 0.816047
0.581721 0.14739

0.701598 0.816047
0.167376 0.26934

0.701598 0.816047
0.133975 0.157948

0.701598 0.816047
0.647009 0.420747

0.701598 0.816047
0.310593 0.7233

0.701598 0.816047
0.521322 0.0512796

0.701598 0.816047
0.267642 0.412741

0.701598 0.816047
0.491293 0.237445

0.701598 0.816047
0.200985 0.556085

0.701598 0.816047
0.182131 0.307834

0.701598 0.816047
0.254577 0.538222

0.701598 0.816047
0.551445 0.746047

0.701598 0.816047
0.80194 0.595683

0.701598 0.816047
0.0503982 0.45425

0.701598 0.816047
0.565876 0.923277

0.552017 0.0869338
0.502385 0.166507

0.552017 0.0869338
0.302943 0.213685

0.552017 0.0869338
0.647009 0.420747

0.552017 0.0869338
0.957725 0.124823

0.552017 0.0869338
0.491293 0.237445

0.552017 0.0869338
0.946311 0.431763

0.552017 0.0869338
0.551445 0.746047

0.552017 0.0869338
0.0128752 0.924966

0.552017 0.0869338
0.814881 0.273317

0.552017 0.0869338
0.619202 0.174991

0.552017 0.0869338
0.623113 0.631514

0.552017 0.0869338
0.559664 0.883693

0.552017 0.0869338
0.0503982 0.45425

0.552017 0.0869338
0.106656 0.199022

0.552017 0.0869338
0.930344 0.353453

0.552017 0.0869338
0.283311 0.901353

0.710885 0.688436
0.581721 0.14739

0.710885 0.688436
0.133975 0.157948

0.710885 0.688436
0.957725 0.124823

0.710885 0.688436
0.0487341 0.692687

0.710885 0.688436
0.200985 0.556085

0.710885 0.688436
0.254577 0.538222

0.710885 0.688436
0.617834 0.358171

0.710885 0.688436
0.972357 0.760488

0.710885 0.688436
0.565876 0.923277

0.581721 0.14739
0.502385 0.166507

0.581721 0.14739
0.976229 0.181024

0.581721 0.14739
0.957725 0.124823

0.581721 0.14739
0.521322 0.0512796

0.581721 0.14739
0.946311 0.431763

0.581721 0.14739
0.46913 0.564243

0.581721 0.14739
0.254577 0.538222

0.581721 0.14739
0.814881 0.273317

0.581721 0.14739
0.619202 0.174991

0.581721 0.14739
0.623113 0.631514

0.581721 0.14739
0.80194 0.595683

0.581721 0.14739
0.559664 0.883693

0.581721 0.14739
0.106656 0.199022

0.581721 0.14739
0.69257 0.558575

0.581721 0.14739
0.930344 0.353453

0.502385 0.166507
0.167376 0.26934

0.502385 0.166507
0.310593 0.7233

0.502385 0.166507
0.0487341 0.692687

0.502385 0.166507
0.332126 0.666504

0.502385 0.166507
0.46913 0.564243

0.502385 0.166507
0.159705 0.716067

0.502385 0.166507
0.617834 0.358171

0.502385 0.166507
0.972357 0.760488

0.502385 0.166507
0.551445 0.746047

0.502385 0.166507
0.0128752 0.924966

0.502385 0.166507
0.240743 0.8735

0.502385 0.166507
0.80194 0.595683

0.502385 0.166507
0.0503982 0.45425

0.502385 0.166507
0.444777 0.574874

0.167376 0.26934
0.302943 0.213685

0.167376 0.26934
0.976229 0.181024

0.167376 0.26934
0.200985 0.556085

0.167376 0.26934
0.46913 0.564243

0.167376 0.26934
0.159705 0.716067

0.167376 0.26934
0.254577 0.538222

0.167376 0.26934
0.551445 0.746047

0.167376 0.26934
0.0128752 0.924966

0.167376 0.26934
0.80194 0.595683

0.167376 0.26934
0.559664 0.883693

0.167376 0.26934
0.0503982 0.45425

0.167376 0.26934
0.69257 0.558575

0.167376 0.26934
0.444777 0.574874

0.167376 0.26934
0.112131 0.934628

0.167376 0.26934
0.565876 0.923277

0.302943 0.213685
0.647009 0.420747

0.302943 0.213685
0.946311 0.431763

0.302943 0.213685
0.551445 0.746047

0.302943 0.213685
0.0128752 0.924966

0.302943 0.213685
0.619202 0.174991

0.302943 0.213685
0.80194 0.595683

0.302943 0.213685
0.727194 0.0706605

0.302943 0.213685
0.559664 0.883693

0.302943 0.213685
0.0503982 0.45425

0.302943 0.213685
0.930344 0.353453

0.302943 0.213685
0.112131 0.934628

0.302943 0.213685
0.493483 0.667296

0.302943 0.213685
0.283311 0.901353

0.133975 0.157948
0.310593 0.7233

0.133975 0.157948
0.521322 0.0512796

0.133975 0.157948
0.267642 0.412741

0.133975 0.157948
0.200985 0.556085

0.133975 0.157948
0.330108 0.412716

0.133975 0.157948
0.46913 0.564243

0.133975 0.157948
0.182131 0.307834

0.133975 0.157948
0.254577 0.538222

0.133975 0.157948
0.106656 0.199022

0.133975 0.157948
0.930344 0.353453

0.647009 0.420747
0.182131 0.307834

0.647009 0.420747
0.159705 0.716067

0.647009 0.420747
0.617834 0.358171

0.647009 0.420747
0.814881 0.273317

0.647009 0.420747
0.619202 0.174991

0.647009 0.420747
0.623113 0.631514

0.647009 0.420747
0.559664 0.883693

0.647009 0.420747
0.444777 0.574874

0.647009 0.420747
0.112131 0.934628

0.647009 0.420747
0.493483 0.667296

0.976229 0.181024
0.521322 0.0512796

0.976229 0.181024
0.159705 0.716067

0.976229 0.181024
0.254577 0.538222

0.976229 0.181024
0.617834 0.358171

0.976229 0.181024
0.0128752 0.924966

0.976229 0.181024
0.814881 0.273317

0.976229 0.181024
0.240743 0.8735

0.976229 0.181024
0.80194 0.595683

0.976229 0.181024
0.106656 0.199022

0.976229 0.181024
0.112131 0.934628

0.976229 0.181024
0.493483 0.667296

0.976229 0.181024
0.00298717 0.449951

0.976229 0.181024
0.283311 0.901353

0.310593 0.7233
0.957725 0.124823

0.310593 0.7233
0.332126 0.666504

0.310593 0.7233
0.946311 0.431763

0.310593 0.7233
0.182131 0.307834

0.310593 0.7233
0.159705 0.716067

0.310593 0.7233
0.623113 0.631514

0.310593 0.7233
0.0503982 0.45425

0.957725 0.124823
0.521322 0.0512796

0.957725 0.124823
0.267642 0.412741

0.957725 0.124823
0.946311 0.431763

0.957725 0.124823
0.617834 0.358171

0.957725 0.124823
0.814881 0.273317

0.957725 0.124823
0.623113 0.631514

0.957725 0.124823
0.240743 0.8735

0.957725 0.124823
0.80194 0.595683

0.957725 0.124823
0.69257 0.558575

0.957725 0.124823
0.930344 0.353453

0.957725 0.124823
0.112131 0.934628

0.957725 0.124823
0.565876 0.923277

0.521322 0.0512796
0.967739 0.459681

0.521322 0.0512796
0.0487341 0.692687

0.521322 0.0512796
0.267642 0.412741

0.521322 0.0512796
0.330108 0.412716

0.521322 0.0512796
0.972357 0.760488

0.521322 0.0512796
0.623113 0.631514

0.521322 0.0512796
0.80194 0.595683

0.521322 0.0512796
0.727194 0.0706605

0.521322 0.0512796
0.559664 0.883693

0.521322 0.0512796
0.112131 0.934628

0.521322 0.0512796
0.00298717 0.449951

0.967739 0.459681
0.332126 0.666504

0.967739 0.459681
0.330108 0.412716

0.967739 0.459681
0.801478 0.660474

0.967739 0.459681
0.946311 0.431763

0.967739 0.459681
0.254577 0.538222

0.967739 0.459681
0.623113 0.631514

0.967739 0.459681
0.727194 0.0706605

0.967739 0.459681
0.930344 0.353453

0.967739 0.459681
0.493483 0.667296

0.967739 0.459681
0.00298717 0.449951

0.967739 0.459681
0.283311 0.901353

0.967739 0.459681
0.565876 0.923277

0.0487341 0.692687
0.267642 0.412741

0.0487341 0.692687
0.801478 0.660474

0.0487341 0.692687
0.46913 0.564243

0.0487341 0.692687
0.182131 0.307834

0.0487341 0.692687
0.159705 0.716067

0.0487341 0.692687
0.619202 0.174991

0.0487341 0.692687
0.240743 0.8735

0.0487341 0.692687
0.727194 0.0706605

0.0487341 0.692687
0.559664 0.883693

0.0487341 0.692687
0.106656 0.199022

0.267642 0.412741
0.491293 0.237445

0.267642 0.412741
0.332126 0.666504

0.267642 0.412741
0.330108 0.412716

0.267642 0.412741
0.801478 0.660474

0.267642 0.412741
0.946311 0.431763

0.267642 0.412741
0.159705 0.716067

0.267642 0.412741
0.623113 0.631514

0.267642 0.412741
0.106656 0.199022

0.267642 0.412741
0.444777 0.574874

0.267642 0.412741
0.112131 0.934628

0.491293 0.237445
0.200985 0.556085

0.491293 0.237445
0.159705 0.716067

0.491293 0.237445
0.0128752 0.924966

0.491293 0.237445
0.814881 0.273317

0.491293 0.237445
0.619202 0.174991

0.491293 0.237445
0.80194 0.595683

0.491293 0.237445
0.444777 0.574874

0.491293 0.237445
0.930344 0.353453

0.491293 0.237445
0.283311 0.901353

0.200985 0.556085
0.946311 0.431763

0.200985 0.556085
0.46913 0.564243

0.200985 0.556085
0.182131 0.307834

0.200985 0.556085
0.551445 0.746047

0.200985 0.556085
0.0128752 0.924966

0.200985 0.556085
0.619202 0.174991

0.200985 0.556085
0.69257 0.558575

0.200985 0.556085
0.112131 0.934628

0.332126 0.666504
0.46913 0.564243

0.332126 0.666504
0.159705 0.716067

0.332126 0.666504
0.619202 0.174991

0.332126 0.666504
0.623113 0.631514

0.332126 0.666504
0.0503982 0.45425

0.332126 0.666504
0.444777 0.574874

0.332126 0.666504
0.112131 0.934628

0.332126 0.666504
0.00298717 0.449951

0.330108 0.412716
0.946311 0.431763

0.330108 0.412716
0.254577 0.538222

0.330108 0.412716
0.972357 0.760488

0.330108 0.412716
0.551445 0.746047

0.330108 0.412716
0.0128752 0.924966

0.330108 0.412716
0.80194 0.595683

0.330108 0.412716
0.727194 0.0706605

0.330108 0.412716
0.106656 0.199022

0.330108 0.412716
0.930344 0.353453

0.330108 0.412716
0.112131 0.934628

0.330108 0.412716
0.00298717 0.449951

0.801478 0.660474
0.559664 0.883693

0.801478 0.660474
0.444777 0.574874

0.801478 0.660474
0.930344 0.353453

0.801478 0.660474
0.493483 0.667296

0.946311 0.431763
0.619202 0.174991

0.946311 0.431763
0.240743 0.8735

0.946311 0.431763
0.559664 0.883693

0.946311 0.431763
0.69257 0.558575

0.946311 0.431763
0.444777 0.574874

0.946311 0.431763
0.930344 0.353453

0.946311 0.431763
0.112131 0.934628

0.46913 0.564243
0.182131 0.307834

0.46913 0.564243
0.159705 0.716067

0.46913 0.564243
0.623113 0.631514

0.46913 0.564243
0.80194 0.595683

0.46913 0.564243
0.727194 0.0706605

0.46913 0.564243
0.444777 0.574874

0.46913 0.564243
0.00298717 0.449951

0.46913 0.564243
0.565876 0.923277

0.182131 0.307834
0.551445 0.746047

0.182131 0.307834
0.814881 0.273317

0.182131 0.307834
0.623113 0.631514

0.182131 0.307834
0.80194 0.595683

0.182131 0.307834
0.0503982 0.45425

0.182131 0.307834
0.106656 0.199022

0.182131 0.307834
0.69257 0.558575

0.182131 0.307834
0.930344 0.353453

0.182131 0.307834
0.00298717 0.449951

0.159705 0.716067
0.617834 0.358171

0.159705 0.716067
0.972357 0.760488

0.159705 0.716067
0.619202 0.174991

0.159705 0.716067
0.240743 0.8735

0.159705 0.716067
0.80194 0.595683

0.159705 0.716067
0.727194 0.0706605

0.159705 0.716067
0.0503982 0.45425

0.159705 0.716067
0.112131 0.934628

0.159705 0.716067
0.283311 0.901353

0.254577 0.538222
0.727194 0.0706605

0.254577 0.538222
0.0503982 0.45425

0.254577 0.538222
0.69257 0.558575

0.254577 0.538222
0.112131 0.934628

0.254577 0.538222
0.00298717 0.449951

0.254577 0.538222
0.565876 0.923277

0.617834 0.358171
0.814881 0.273317

0.617834 0.358171
0.623113 0.631514

0.617834 0.358171
0.559664 0.883693

0.617834 0.358171
0.283311 0.901353

0.972357 0.760488
0.551445 0.746047

0.972357 0.760488
0.0503982 0.45425

0.972357 0.760488
0.283311 0.901353

0.972357 0.760488
0.565876 0.923277

0.551445 0.746047
0.619202 0.174991

0.551445 0.746047
0.0503982 0.45425

0.551445 0.746047
0.69257 0.558575

0.551445 0.746047
0.112131 0.934628

0.551445 0.746047
0.565876 0.923277

0.0128752 0.924966
0.623113 0.631514

0.0128752 0.924966
0.559664 0.883693

0.0128752 0.924966
0.112131 0.934628

0.0128752 0.924966
0.493483 0.667296

0.0128752 0.924966
0.565876 0.923277

0.814881 0.273317
0.106656 0.199022

0.814881 0.273317
0.930344 0.353453

0.814881 0.273317
0.112131 0.934628

0.814881 0.273317
0.493483 0.667296

0.814881 0.273317
0.283311 0.901353

0.814881 0.273317
0.565876 0.923277

0.619202 0.174991
0.80194 0.595683

0.619202 0.174991
0.444777 0.574874

0.623113 0.631514
0.240743 0.8735

0.623113 0.631514
0.106656 0.199022

0.623113 0.631514
0.69257 0.558575

0.623113 0.631514
0.444777 0.574874

0.623113 0.631514
0.930344 0.353453

0.623113 0.631514
0.00298717 0.449951

0.623113 0.631514
0.283311 0.901353

0.240743 0.8735
0.80194 0.595683

0.240743 0.8735
0.69257 0.558575

0.240743 0.8735
0.444777 0.574874

0.240743 0.8735
0.283311 0.901353

0.240743 0.8735
0.565876 0.923277

0.80194 0.595683
0.0503982 0.45425

0.80194 0.595683
0.106656 0.199022

0.80194 0.595683
0.69257 0.558575

0.80194 0.595683
0.283311 0.901353

0.80194 0.595683
0.565876 0.923277

0.727194 0.0706605
0.559664 0.883693

0.727194 0.0706605
0.0503982 0.45425

0.727194 0.0706605
0.69257 0.558575

0.727194 0.0706605
0.444777 0.574874

0.559664 0.883693
0.106656 0.199022

0.559664 0.883693
0.69257 0.558575

0.559664 0.883693
0.112131 0.934628

0.559664 0.883693
0.283311 0.901353

0.106656 0.199022
0.69257 0.558575

0.106656 0.199022
0.444777 0.574874

0.106656 0.199022
0.00298717 0.449951

0.106656 0.199022
0.565876 0.923277

0.69257 0.558575
0.444777 0.574874

0.69257 0.558575
0.283311 0.901353

0.444777 0.574874
0.930344 0.353453

0.444777 0.574874
0.493483 0.667296

0.930344 0.353453
0.493483 0.667296

0.930344 0.353453
0.565876 0.923277

0.00298717 0.449951
0.283311 0.901353

0.00298717 0.449951
0.565876 0.923277

