0.47834 0.719519 0.53125
0.17427 0.0934401 0.789062
0.0715296 0.995735 0.25
0.98455 0.498309 0.859375
0.940224 0.0662303 1
0.908773 0.277115 0.90625
0.849109 0.310616 0.859375
0.416251 0.276154 0.71875
0.861527 0.972358 0.71875
0.840299 0.534053 0.765625
0.05364 0.790268 0.367188
0.460168 0.313256 0.71875
0.256091 0.636058 0.484375
0.815217 0.00794282 0.976562
0.665755 0.101532 0.882812
0.813076 0.826829 0.695312
0.88772 0.23377 0.90625
0.223182 0.500259 0.554688
0.317066 0.240266 0.71875
0.598488 0.689338 0.601562
0.711471 0.393324 0.765625
0.400518 0.692534 0.507812
0.79459 0.608851 0.742188
0.226495 0.660102 0.460938
0.79995 0.843641 0.695312
0.338476 0.447238 0.601562
0.621052 0.421305 0.71875
0.754279 0.669124 0.695312
0.520995 0.869452 0.53125
0.646199 0.98755 0.578125
0.782105 0.197331 0.882812
0.403185 0.766775 0.484375
0.413804 0.197354 0.765625
0.943649 0.395015 0.859375
0.384172 0.766178 0.484375
0.627304 0.759211 0.601562
0.232555 0.211069 0.71875
0.793439 0.807509 0.695312
0.259901 0.00474872 0.835938
0.555925 0.845153 0.554688
0.122119 0.0672297 0.789062
0.668961 0.304092 0.789062
0.506683 0.682868 0.554688
0.452376 0.822383 0.484375
0.898011 0.395573 0.859375
0.100312 0.67617 0.4375
0.721637 0.809794 0.648438
0.85538 0.609533 0.765625
0.804139 0.17082 0.90625
0.0660214 0.886746 0.320312
0.000679575 0.868554 0.34375
0.222647 0.449641 0.578125
0.453576 0.717245 0.53125
0.000465929 0.651171 0.460938
0.553909 0.742293 0.578125
0.314399 0.902675 0.414062
0.306819 0.960634 0.390625
0.742945 0.392098 0.789062
0.279049 0.888358 0.390625
0.555898 0.204056 0.789062
0.0240631 0.654134 0.460938
0.300647 0.533249 0.554688
0.620366 0.664029 0.625
0.738647 0.851017 0.648438
0.293443 0.859555 0.414062
0.426149 0.625487 0.554688
0.288562 0.12744 0.765625
0.619621 0.664951 0.625
0.480227 0.262851 0.742188
0.0657563 0.603158 0.484375
0.853268 0.0415809 0.976562
0.289044 0.401978 0.625
0.178391 0.459806 0.578125
0.1058 0.761695 0.390625
0.235179 0.101948 0.789062
0.767945 0.99275 0.648438
0.750017 0.420362 0.765625
0.719881 0.749611 0.648438
0.778621 0.548119 0.742188
0.938501 0.779481 0.765625
0.186643 0.601226 0.484375
0.108563 0.644242 0.460938
0.336574 0.830223 0.4375
0.2126 0.0518314 0.8125
0.499931 0.607092 0.578125
0.704136 0.640366 0.671875
0.215553 0.82958 0.367188
0.157028 0.248069 0.695312
0.55468 0.703082 0.578125
0.413899 0.547989 0.578125
0.800829 0.329119 0.835938
0.345746 0.859876 0.4375
0.832087 0.774725 0.71875
0.184573 0.54886 0.53125
0.586056 0.285208 0.765625
0.851445 0.0318827 0.976562
0.0349009 0.612733 0.484375
0.835757 0.674576 0.742188
0.0312488 0.913715 0.296875
0.272472 0.660876 0.484375
