0.247895 0.156147 0.02
0.5472 0.187391 0.02
0.237458 0.333765 0.02
0.563415 0.690342 0.02
0.772292 0.461783 0.02
0.197811 0.736302 0.02
0.644769 0.396696 0.02
0.836976 0.573736 0.02
0.329508 0.723643 0.02
0.736611 0.524547 0.02
0.955271 0.541585 0.02
0.733319 0.0990692 0.02
0.866078 0.740928 0.02
0.80489 0.173687 0.02
0.167821 0.238096 0.02
0.692015 0.735605 0.02
0.923989 0.685453 0.02
0.256868 0.337712 0.02
0.115516 0.359177 0.02
0.696517 0.316843 0.02
0.05524 0.628379 0.02
0.769385 0.0630494 0.02
0.560895 0.166204 0.02
0.664951 0.808868 0.02
0.508033 0.23198 0.02
0.419747 0.994326 0.02
0.677946 0.173973 0.02
0.797887 0.581626 0.02
0.448387 0.619492 0.02
0.41311 0.248616 0.02
0.992231 0.898852 0.02
0.985187 0.204432 0.02
0.938489 0.565238 0.02
0.468447 0.686377 0.02
0.285495 0.221457 0.02
0.351953 0.820161 0.02
0.927196 0.12442 0.02
0.0444754 0.487127 0.02
0.427742 0.00386124 0.02
0.281082 0.814696 0.02
0.641972 0.630604 0.02
0.267148 0.376747 0.02
0.931951 0.719954 0.02
0.632908 0.23604 0.02
0.395741 0.7417 0.02
0.222376 0.488465 0.02
0.127606 0.755727 0.02
0.936474 0.036739 0.02
0.316321 0.0261299 0.02
0.298714 0.486439 0.02
