0.561451 0.100459 0.380435
0.914312 0.727505 0.869565
0.0611381 0.536629 0.902174
0.390878 0.0950993 0.478261
0.989247 0.372596 0.641304
0.359881 0.2867 0.608696
0.605606 0.0489744 0.315217
0.676394 0.00715801 0.25
0.922203 0.470303 0.673913
0.777308 0.902089 1
0.354385 0.676153 0.869565
0.224723 0.199202 0.641304
0.852651 0.266077 0.51087
0.354671 0.801848 0.934783
0.293885 0.387972 0.673913
0.411941 0.699492 0.869565
0.559813 0.270567 0.478261
0.711673 0.357202 0.543478
0.224903 0.596774 0.869565
0.1824 0.1095 0.673913
