0.114574 0.857224 0.806818
0.0621329 0.0834174 0.840909
0.119209 0.209683 0.693182
0.649629 0.992231 0.897727
0.781531 0.730807 0.761364
0.629599 0.632492 0.556818
0.346701 0.781341 0.613636
0.142094 0.419337 0.568182
0.110475 0.790152 0.75
0.179312 0.957968 0.863636
0.0677766 0.462886 0.647727
0.729403 0.115054 0.795455
0.44295 0.795388 0.625
0.899358 0.913354 1
0.586575 0.602261 0.5
0.294784 0.720701 0.568182
0.110731 0.455172 0.590909
0.47643 0.74865 0.568182
0.904575 0.0460087 0.988636
0.721313 0.92813 0.875
0.127561 0.119419 0.761364
0.877537 0.590856 0.795455
0.571455 0.734269 0.602273
0.603785 0.728352 0.613636
0.364725 0.867793 0.704545
0.849887 0.779234 0.852273
0.72262 0.232075 0.693182
0.239106 0.122401 0.693182
0.774101 0.909323 0.897727
0.999273 0.622083 0.931818
0.40776 0.944944 0.784091
0.397432 0.318969 0.420455
0.0435483 0.840118 0.840909
0.951497 0.183851 0.943182
0.643133 0.695239 0.613636
0.980809 0.601406 0.909091
0.567311 0.420906 0.431818
0.282179 0.60241 0.465909
0.150598 0.149837 0.727273
0.0203059 0.673785 0.75
0.45406 0.228333 0.534091
0.639318 0.024388 0.818182
0.255269 0.953922 0.829545
0.414283 0.471404 0.25
0.811757 0.804581 0.840909
0.717919 0.0518132 0.840909
0.184562 0.271931 0.590909
0.00546667 0.314699 0.75
0.833845 0.198252 0.818182
0.960877 0.117109 0.988636
