0.737932 0.355781
0.913418 0.595934

0.737932 0.355781
0.647261 0.327515

0.647261 0.327515
0.420048 0.357865

0.0792571 0.302148
0.349718 0.615062

0.0792571 0.302148
0.420048 0.357865

0.0335222 0.894347
0.0571847 0.587115

0.0335222 0.894347
0.381903 0.897994

0.381903 0.897994
0.413643 0.962506

0.707319 0.746467
0.349718 0.615062

0.707319 0.746467
0.413643 0.962506

0.940173 0.051225
0.913418 0.595934

0.940173 0.051225
0.495504 0.131424

0.0571847 0.587115
0.0934574 0.0451785

0.45271 0.212037
0.495504 0.131424

0.45271 0.212037
0.0934574 0.0451785

