0.536428 0.626956 0.582661
0.225702 0.422449 0.806452
0.825464 0.212853 0.727823
0.887758 0.921327 0.304435
0.338139 0.958196 0.618952
0.157301 0.108362 0.969758
0.373769 0.750585 0.631048
0.376935 0.00960405 0.939516
0.61712 0.37307 0.673387
0.0623394 0.99186 0.788306
0.63216 0.496791 0.606855
0.411374 0.507639 0.685484
0.379545 0.0200474 0.933468
0.639382 0.74237 0.491935
0.850225 0.876458 0.340726
0.958551 0.825449 0.346774
0.557143 0.549439 0.606855
0.893538 0.401391 0.606855
0.482034 0.276988 0.764113
0.91173 0.702974 0.425403
0.897475 0.650477 0.455645
0.0933023 0.794691 0.782258
0.4412 0.462747 0.691532
0.232262 0.957415 0.685484
0.526261 0.761544 0.540323
0.898217 0.926188 0.298387
0.907276 0.323925 0.655242
0.41835 0.0279275 0.915323
0.319084 0.680035 0.673387
0.87083 0.552859 0.516129
0.281114 0.90031 0.66129
0.347796 0.561589 0.697581
0.648654 0.492307 0.600806
0.414233 0.89661 0.582661
0.721942 0.124111 0.794355
0.892368 0.415257 0.600806
0.841626 0.98827 0.316532
0.124473 0.396078 0.866935
0.693499 0.623565 0.522177
0.923088 0.656316 0.449597
0.0176923 0.898497 0.818548
0.752773 0.219771 0.733871
0.375138 0.751681 0.625
0.400064 0.097559 0.885081
0.276006 0.384858 0.800403
0.831322 0.494538 0.558468
0.37346 0.125445 0.879032
0.621318 0.482717 0.612903
0.942859 0.203667 0.727823
0.186371 0.897644 0.715726
0.889637 0.404055 0.606855
0.937108 0.778426 0.377016
0.510968 0.16339 0.818548
0.0250902 0.858334 0.818548
0.546957 0.00283973 0.897177
0.636984 0.525753 0.58871
0.959788 0.843806 0.340726
0.414538 0.864719 0.582661
0.318271 0.483313 0.739919
0.169884 0.862844 0.727823
0.20973 0.512287 0.782258
0.162343 0.479332 0.818548
0.0389981 0.154412 1
0.822336 0.710404 0.4375
0.134745 0.813899 0.758065
0.23287 0.669879 0.727823
0.205997 0.127942 0.939516
0.473965 0.279636 0.770161
0.420431 0.237246 0.806452
0.264585 0.980671 0.667339
0.549489 0.585849 0.594758
0.951323 0.989582 0.25
0.534517 0.872993 0.510081
0.217361 0.451089 0.800403
0.351381 0.23959 0.830645
0.652454 0.724514 0.491935
0.815 0.328077 0.66129
0.733282 0.0116399 0.854839
0.408624 0.557463 0.667339
0.319544 0.819677 0.643145
0.460771 0.0233563 0.903226
0.672279 0.435899 0.625
0.0640515 0.863164 0.794355
0.330945 0.174475 0.866935
0.456459 0.348526 0.739919
0.825489 0.887606 0.346774
0.775414 0.842496 0.389113
0.335078 0.126451 0.891129
0.410501 0.779655 0.600806
0.657877 0.657884 0.516129
0.223261 0.146722 0.921371
0.91829 0.457726 0.570565
0.555353 0.614275 0.582661
0.86233 0.256364 0.697581
0.335969 0.52379 0.715726
0.281239 0.413442 0.782258
0.884052 0.571063 0.504032
0.809848 0.293551 0.679435
0.412252 0.932706 0.576613
0.69456 0.936225 0.407258
