0.413968 0.06487 0.960526
0.297378 0.958854 0.710526
0.89981 0.0865913 0.842105
0.0125648 0.482094 0.973684
0.0438108 0.682578 0.907895
0.170353 0.711738 0.822368
0.9782 0.164767 0.789474
0.215408 0.229411 0.960526
0.827775 0.901588 0.368421
0.492093 0.0586846 0.940789
0.509027 0.490451 0.703947
0.941308 0.692709 0.440789
0.987647 0.214934 0.756579
0.245452 0.628246 0.796053
0.427718 0.51368 0.730263
0.554149 0.0236562 0.940789
0.611692 0.717597 0.552632
0.954563 0.307627 0.690789
0.0741512 0.459246 0.947368
0.764986 0.59213 0.546053
0.588381 0.153378 0.855263
0.561616 0.568599 0.644737
0.83467 0.602794 0.519737
0.326684 0.595169 0.756579
0.293735 0.52075 0.802632
0.0490257 0.552951 0.934211
0.682185 0.687667 0.532895
0.96294 0.629974 0.480263
0.890667 0.196993 0.769737
0.494764 0.95308 0.578947
0.748178 0.191982 0.796053
0.83378 0.974562 0.355263
0.440995 0.864314 0.618421
0.171076 0.621361 0.842105
0.993423 0.981492 0.25
0.884089 0.972894 0.322368
0.589468 0.640287 0.598684
0.115874 0.878756 0.828947
0.499217 0.0745749 0.927632
0.251983 0.439077 0.855263
0.340485 0.103389 0.967105
0.720934 0.215603 0.782895
0.00884093 0.495497 0.973684
0.0873903 0.747643 0.868421
0.576766 0.915548 0.526316
0.247665 0.847649 0.75
0.513742 0.229232 0.835526
0.38788 0.797378 0.664474
0.463655 0.53787 0.703947
0.585735 0.929693 0.519737
0.564414 0.575879 0.638158
0.869651 0.217897 0.756579
0.278337 0.893582 0.723684
0.770789 0.787028 0.447368
0.401525 0.228013 0.881579
0.146772 0.581827 0.868421
0.554141 0.414002 0.723684
0.133239 0.31195 0.967105
0.480751 0.705914 0.631579
0.580983 0.913106 0.526316
0.271686 0.611738 0.782895
0.409294 0.453628 0.769737
0.129084 0.232394 1
0.0266909 0.960451 0.888158
0.557469 0.580022 0.638158
0.292936 0.791472 0.730263
0.905179 0.556073 0.532895
0.590486 0.16099 0.848684
0.768365 0.817276 0.434211
0.642918 0.204895 0.809211
0.746317 0.639947 0.526316
0.433055 0.773517 0.644737
0.423994 0.92885 0.625
0.566979 0.0754242 0.907895
0.938801 0.95718 0.289474
0.82282 0.589474 0.532895
0.421902 0.514934 0.736842
0.79971 0.713709 0.467105
0.323371 0.141183 0.953947
0.154382 0.970797 0.802632
0.178849 0.968454 0.782895
0.194113 0.580811 0.835526
0.0543595 0.748625 0.888158
0.18125 0.721165 0.809211
0.988425 0.722043 0.421053
0.464421 0.69822 0.644737
0.751141 0.421717 0.651316
0.459665 0.287558 0.828947
0.930038 0.0383991 0.875
0.245437 0.927046 0.743421
0.788787 0.19154 0.789474
0.989021 0.325169 0.684211
0.984239 0.422865 0.618421
0.0506593 0.879556 0.875
0.918229 0.393566 0.638158
0.611456 0.0473233 0.914474
0.449409 0.517785 0.717105
0.914046 0.0815627 0.842105
0.19019 0.348595 0.921053
0.699764 0.667908 0.532895
