0.683796 0.862527
0.643192 0.607485

0.683796 0.862527
0.128033 0.121053

0.683796 0.862527
0.24858 0.0642619

0.683796 0.862527
0.0457213 0.342899

0.683796 0.862527
0.649946 0.525704

0.683796 0.862527
0.821688 0.66728

0.683796 0.862527
0.405584 0.801477

0.683796 0.862527
0.341405 0.438584

0.683796 0.862527
0.322018 0.0818357

0.683796 0.862527
0.879137 0.297658

0.683796 0.862527
0.729145 0.518299

0.683796 0.862527
0.431336 0.504628

0.683796 0.862527
0.324584 0.934572

0.683796 0.862527
0.736107 0.254184

0.683796 0.862527
0.924106 0.648534

0.683796 0.862527
0.853335 0.614154

0.683796 0.862527
0.207858 0.89

0.683796 0.862527
0.513611 0.350173

0.683796 0.862527
0.875143 0.516897

