0.103846 0.828258 0.858108
0.108625 0.620965 0.736486
0.309657 0.435332 0.493243
0.133531 0.150675 0.736486
0.643511 0.920765 0.777027
0.542628 0.406372 0.25
0.443553 0.88433 0.736486
0.999823 0.969282 0.97973
0.840675 0.165527 0.635135
0.607137 0.793492 0.655405
0.60183 0.00718948 0.655405
0.276053 0.267874 0.554054
0.510913 0.643404 0.493243
0.578602 0.0621283 0.594595
0.40175 0.16131 0.533784
0.889405 0.0732129 0.736486
0.548324 0.882607 0.736486
0.506177 0.632913 0.472973
0.28379 0.719756 0.655405
0.15092 0.483199 0.655405
0.558058 0.288245 0.371622
0.436122 0.949584 0.817568
0.334931 0.286067 0.493243
0.863373 0.0449257 0.736486
0.775673 0.571917 0.533784
0.450766 0.725759 0.594595
0.977081 0.998947 1
0.82188 0.107054 0.655405
0.343544 0.435742 0.452703
0.0227551 0.313182 0.777027
0.127601 0.493515 0.675676
0.565193 0.913141 0.756757
0.508415 0.689374 0.533784
0.588301 0.989635 0.837838
0.342679 0.6149 0.533784
0.621758 0.632686 0.493243
0.422861 0.395729 0.371622
0.518348 0.780987 0.635135
0.829896 0.95526 0.878378
0.740709 0.342482 0.452703
0.992933 0.853276 0.898649
0.342955 0.256456 0.493243
0.0618453 0.183958 0.777027
0.254406 0.328829 0.554054
0.583388 0.932196 0.777027
0.407749 0.916942 0.777027
0.711019 0.719677 0.614865
0.524485 0.0109157 0.655405
0.857822 0.994035 0.918919
0.39922 0.848394 0.716216
