0.814943 0.483924
0.479945 0.494844

0.814943 0.483924
0.275355 0.111726

0.814943 0.483924
0.0978743 0.889555

0.814943 0.483924
0.689952 0.130472

0.814943 0.483924
0.359696 0.372971

0.814943 0.483924
0.287897 0.849767

0.814943 0.483924
0.110105 0.556769

0.814943 0.483924
0.25911 0.13099

0.814943 0.483924
0.47815 0.021756

0.814943 0.483924
0.35149 0.0931488

0.814943 0.483924
0.850923 0.744699

0.814943 0.483924
0.327542 0.0430731

0.814943 0.483924
0.902623 0.510287

0.814943 0.483924
0.16833 0.210518

0.814943 0.483924
0.976468 0.747842

0.814943 0.483924
0.134865 0.97982

0.814943 0.483924
0.194204 0.725278

0.814943 0.483924
0.146587 0.531776

0.814943 0.483924
0.283699 0.0121602

0.814943 0.483924
0.219664 0.991383

0.814943 0.483924
0.153128 0.0643977

0.814943 0.483924
0.530151 0.543328

0.814943 0.483924
0.440662 0.799599

0.875349 0.575898
0.493156 0.673102

0.875349 0.575898
0.511913 0.500985

0.875349 0.575898
0.311251 0.417154

0.875349 0.575898
0.363413 0.624916

0.875349 0.575898
0.625975 0.589623

0.875349 0.575898
0.689952 0.130472

0.875349 0.575898
0.359696 0.372971

0.875349 0.575898
0.287897 0.849767

0.875349 0.575898
0.110105 0.556769

0.875349 0.575898
0.47815 0.021756

0.875349 0.575898
0.35149 0.0931488

0.875349 0.575898
0.386041 0.727679

0.875349 0.575898
0.327542 0.0430731

0.875349 0.575898
0.902623 0.510287

0.875349 0.575898
0.734619 0.867445

0.875349 0.575898
0.177693 0.851164

0.875349 0.575898
0.914934 0.047529

0.875349 0.575898
0.492575 0.605029

0.875349 0.575898
0.351194 0.326877

0.875349 0.575898
0.146587 0.531776

0.875349 0.575898
0.283699 0.0121602

0.875349 0.575898
0.367432 0.769871

0.875349 0.575898
0.219664 0.991383

0.875349 0.575898
0.636767 0.975844

0.875349 0.575898
0.153128 0.0643977

0.479945 0.494844
0.275355 0.111726

0.479945 0.494844
0.0978743 0.889555

0.479945 0.494844
0.511913 0.500985

0.479945 0.494844
0.446576 0.294905

0.479945 0.494844
0.311251 0.417154

0.479945 0.494844
0.568159 0.518176

0.479945 0.494844
0.359696 0.372971

0.479945 0.494844
0.110105 0.556769

0.479945 0.494844
0.47815 0.021756

0.479945 0.494844
0.35149 0.0931488

0.479945 0.494844
0.850923 0.744699

0.479945 0.494844
0.386041 0.727679

0.479945 0.494844
0.0407985 0.513019

0.479945 0.494844
0.327542 0.0430731

0.479945 0.494844
0.902623 0.510287

0.479945 0.494844
0.16833 0.210518

0.479945 0.494844
0.948289 0.51946

0.479945 0.494844
0.914934 0.047529

0.479945 0.494844
0.492575 0.605029

0.479945 0.494844
0.134865 0.97982

0.479945 0.494844
0.283699 0.0121602

0.479945 0.494844
0.367432 0.769871

0.479945 0.494844
0.636767 0.975844

0.479945 0.494844
0.386006 0.0820136

0.493156 0.673102
0.275355 0.111726

0.493156 0.673102
0.295071 0.479129

0.493156 0.673102
0.363413 0.624916

0.493156 0.673102
0.568159 0.518176

0.493156 0.673102
0.359696 0.372971

0.493156 0.673102
0.110105 0.556769

0.493156 0.673102
0.25911 0.13099

0.493156 0.673102
0.95813 0.133438

0.493156 0.673102
0.850923 0.744699

0.493156 0.673102
0.386041 0.727679

0.493156 0.673102
0.0407985 0.513019

0.493156 0.673102
0.327542 0.0430731

0.493156 0.673102
0.902623 0.510287

0.493156 0.673102
0.862503 0.271304

0.493156 0.673102
0.976468 0.747842

0.493156 0.673102
0.948289 0.51946

0.493156 0.673102
0.194204 0.725278

0.493156 0.673102
0.146587 0.531776

0.493156 0.673102
0.283699 0.0121602

0.493156 0.673102
0.114033 0.0450973

0.493156 0.673102
0.219664 0.991383

0.493156 0.673102
0.636767 0.975844

0.493156 0.673102
0.530151 0.543328

0.275355 0.111726
0.295071 0.479129

0.275355 0.111726
0.0978743 0.889555

0.275355 0.111726
0.848508 0.580136

0.275355 0.111726
0.363413 0.624916

0.275355 0.111726
0.568159 0.518176

0.275355 0.111726
0.359696 0.372971

0.275355 0.111726
0.287897 0.849767

0.275355 0.111726
0.110105 0.556769

0.275355 0.111726
0.47815 0.021756

0.275355 0.111726
0.850923 0.744699

0.275355 0.111726
0.386041 0.727679

0.275355 0.111726
0.0407985 0.513019

0.275355 0.111726
0.734619 0.867445

0.275355 0.111726
0.177693 0.851164

0.275355 0.111726
0.16833 0.210518

0.275355 0.111726
0.976468 0.747842

0.275355 0.111726
0.948289 0.51946

0.275355 0.111726
0.914934 0.047529

0.275355 0.111726
0.492575 0.605029

0.275355 0.111726
0.194204 0.725278

0.275355 0.111726
0.351194 0.326877

0.275355 0.111726
0.146587 0.531776

0.275355 0.111726
0.283699 0.0121602

0.275355 0.111726
0.114033 0.0450973

0.275355 0.111726
0.367432 0.769871

0.275355 0.111726
0.636767 0.975844

0.275355 0.111726
0.440662 0.799599

0.295071 0.479129
0.0978743 0.889555

0.295071 0.479129
0.848508 0.580136

0.295071 0.479129
0.689952 0.130472

0.295071 0.479129
0.25911 0.13099

0.295071 0.479129
0.95813 0.133438

0.295071 0.479129
0.47815 0.021756

0.295071 0.479129
0.850923 0.744699

0.295071 0.479129
0.386041 0.727679

0.295071 0.479129
0.902623 0.510287

0.295071 0.479129
0.734619 0.867445

0.295071 0.479129
0.914934 0.047529

0.295071 0.479129
0.492575 0.605029

0.295071 0.479129
0.146587 0.531776

0.295071 0.479129
0.114033 0.0450973

0.295071 0.479129
0.219664 0.991383

0.295071 0.479129
0.153128 0.0643977

0.295071 0.479129
0.530151 0.543328

0.295071 0.479129
0.440662 0.799599

0.295071 0.479129
0.386006 0.0820136

0.0978743 0.889555
0.446576 0.294905

0.0978743 0.889555
0.848508 0.580136

0.0978743 0.889555
0.363413 0.624916

0.0978743 0.889555
0.625975 0.589623

0.0978743 0.889555
0.689952 0.130472

0.0978743 0.889555
0.359696 0.372971

0.0978743 0.889555
0.25911 0.13099

0.0978743 0.889555
0.47815 0.021756

0.0978743 0.889555
0.386041 0.727679

0.0978743 0.889555
0.0407985 0.513019

0.0978743 0.889555
0.327542 0.0430731

0.0978743 0.889555
0.902623 0.510287

0.0978743 0.889555
0.734619 0.867445

0.0978743 0.889555
0.862503 0.271304

0.0978743 0.889555
0.177693 0.851164

0.0978743 0.889555
0.16833 0.210518

0.0978743 0.889555
0.332689 0.619847

0.0978743 0.889555
0.194204 0.725278

0.0978743 0.889555
0.146587 0.531776

0.0978743 0.889555
0.114033 0.0450973

0.0978743 0.889555
0.367432 0.769871

0.0978743 0.889555
0.219664 0.991383

0.0978743 0.889555
0.153128 0.0643977

0.0978743 0.889555
0.440662 0.799599

0.0978743 0.889555
0.386006 0.0820136

0.511913 0.500985
0.848508 0.580136

0.511913 0.500985
0.311251 0.417154

0.511913 0.500985
0.363413 0.624916

0.511913 0.500985
0.625975 0.589623

0.511913 0.500985
0.25911 0.13099

0.511913 0.500985
0.47815 0.021756

0.511913 0.500985
0.850923 0.744699

0.511913 0.500985
0.734619 0.867445

0.511913 0.500985
0.862503 0.271304

0.511913 0.500985
0.976468 0.747842

0.511913 0.500985
0.914934 0.047529

0.511913 0.500985
0.134865 0.97982

0.511913 0.500985
0.194204 0.725278

0.511913 0.500985
0.351194 0.326877

0.511913 0.500985
0.283699 0.0121602

0.511913 0.500985
0.367432 0.769871

0.511913 0.500985
0.636767 0.975844

0.511913 0.500985
0.153128 0.0643977

0.511913 0.500985
0.530151 0.543328

0.511913 0.500985
0.440662 0.799599

0.511913 0.500985
0.386006 0.0820136

0.446576 0.294905
0.848508 0.580136

0.446576 0.294905
0.363413 0.624916

0.446576 0.294905
0.625975 0.589623

0.446576 0.294905
0.689952 0.130472

0.446576 0.294905
0.359696 0.372971

0.446576 0.294905
0.287897 0.849767

0.446576 0.294905
0.110105 0.556769

0.446576 0.294905
0.850923 0.744699

0.446576 0.294905
0.386041 0.727679

0.446576 0.294905
0.822678 0.583431

0.446576 0.294905
0.902623 0.510287

0.446576 0.294905
0.734619 0.867445

0.446576 0.294905
0.16833 0.210518

0.446576 0.294905
0.948289 0.51946

0.446576 0.294905
0.332689 0.619847

0.446576 0.294905
0.134865 0.97982

0.446576 0.294905
0.351194 0.326877

0.446576 0.294905
0.367432 0.769871

0.446576 0.294905
0.440662 0.799599

0.446576 0.294905
0.386006 0.0820136

0.848508 0.580136
0.311251 0.417154

0.848508 0.580136
0.625975 0.589623

0.848508 0.580136
0.568159 0.518176

0.848508 0.580136
0.689952 0.130472

0.848508 0.580136
0.95813 0.133438

0.848508 0.580136
0.47815 0.021756

0.848508 0.580136
0.850923 0.744699

0.848508 0.580136
0.386041 0.727679

0.848508 0.580136
0.0407985 0.513019

0.848508 0.580136
0.327542 0.0430731

0.848508 0.580136
0.734619 0.867445

0.848508 0.580136
0.862503 0.271304

0.848508 0.580136
0.948289 0.51946

0.848508 0.580136
0.914934 0.047529

0.848508 0.580136
0.351194 0.326877

0.848508 0.580136
0.146587 0.531776

0.848508 0.580136
0.283699 0.0121602

0.848508 0.580136
0.219664 0.991383

0.848508 0.580136
0.636767 0.975844

0.848508 0.580136
0.153128 0.0643977

0.848508 0.580136
0.386006 0.0820136

0.311251 0.417154
0.363413 0.624916

0.311251 0.417154
0.625975 0.589623

0.311251 0.417154
0.568159 0.518176

0.311251 0.417154
0.359696 0.372971

0.311251 0.417154
0.110105 0.556769

0.311251 0.417154
0.47815 0.021756

0.311251 0.417154
0.35149 0.0931488

0.311251 0.417154
0.386041 0.727679

0.311251 0.417154
0.822678 0.583431

0.311251 0.417154
0.327542 0.0430731

0.311251 0.417154
0.902623 0.510287

0.311251 0.417154
0.862503 0.271304

0.311251 0.417154
0.177693 0.851164

0.311251 0.417154
0.332689 0.619847

0.311251 0.417154
0.194204 0.725278

0.311251 0.417154
0.351194 0.326877

0.311251 0.417154
0.283699 0.0121602

0.311251 0.417154
0.114033 0.0450973

0.311251 0.417154
0.219664 0.991383

0.311251 0.417154
0.636767 0.975844

0.311251 0.417154
0.153128 0.0643977

0.311251 0.417154
0.530151 0.543328

0.311251 0.417154
0.386006 0.0820136

0.363413 0.624916
0.110105 0.556769

0.363413 0.624916
0.25911 0.13099

0.363413 0.624916
0.95813 0.133438

0.363413 0.624916
0.850923 0.744699

0.363413 0.624916
0.902623 0.510287

0.363413 0.624916
0.734619 0.867445

0.363413 0.624916
0.862503 0.271304

0.363413 0.624916
0.16833 0.210518

0.363413 0.624916
0.976468 0.747842

0.363413 0.624916
0.948289 0.51946

0.363413 0.624916
0.332689 0.619847

0.363413 0.624916
0.134865 0.97982

0.363413 0.624916
0.194204 0.725278

0.363413 0.624916
0.146587 0.531776

0.363413 0.624916
0.114033 0.0450973

0.363413 0.624916
0.367432 0.769871

0.363413 0.624916
0.386006 0.0820136

0.625975 0.589623
0.568159 0.518176

0.625975 0.589623
0.689952 0.130472

0.625975 0.589623
0.359696 0.372971

0.625975 0.589623
0.110105 0.556769

0.625975 0.589623
0.95813 0.133438

0.625975 0.589623
0.35149 0.0931488

0.625975 0.589623
0.850923 0.744699

0.625975 0.589623
0.386041 0.727679

0.625975 0.589623
0.177693 0.851164

0.625975 0.589623
0.16833 0.210518

0.625975 0.589623
0.914934 0.047529

0.625975 0.589623
0.134865 0.97982

0.625975 0.589623
0.194204 0.725278

0.625975 0.589623
0.351194 0.326877

0.625975 0.589623
0.283699 0.0121602

0.625975 0.589623
0.114033 0.0450973

0.625975 0.589623
0.367432 0.769871

0.625975 0.589623
0.636767 0.975844

0.625975 0.589623
0.153128 0.0643977

0.568159 0.518176
0.689952 0.130472

0.568159 0.518176
0.359696 0.372971

0.568159 0.518176
0.110105 0.556769

0.568159 0.518176
0.47815 0.021756

0.568159 0.518176
0.386041 0.727679

0.568159 0.518176
0.0407985 0.513019

0.568159 0.518176
0.902623 0.510287

0.568159 0.518176
0.734619 0.867445

0.568159 0.518176
0.862503 0.271304

0.568159 0.518176
0.177693 0.851164

0.568159 0.518176
0.16833 0.210518

0.568159 0.518176
0.948289 0.51946

0.568159 0.518176
0.492575 0.605029

0.568159 0.518176
0.194204 0.725278

0.568159 0.518176
0.351194 0.326877

0.568159 0.518176
0.283699 0.0121602

0.568159 0.518176
0.219664 0.991383

0.568159 0.518176
0.386006 0.0820136

0.689952 0.130472
0.287897 0.849767

0.689952 0.130472
0.110105 0.556769

0.689952 0.130472
0.95813 0.133438

0.689952 0.130472
0.47815 0.021756

0.689952 0.130472
0.850923 0.744699

0.689952 0.130472
0.327542 0.0430731

0.689952 0.130472
0.902623 0.510287

0.689952 0.130472
0.734619 0.867445

0.689952 0.130472
0.862503 0.271304

0.689952 0.130472
0.177693 0.851164

0.689952 0.130472
0.16833 0.210518

0.689952 0.130472
0.332689 0.619847

0.689952 0.130472
0.914934 0.047529

0.689952 0.130472
0.134865 0.97982

0.689952 0.130472
0.194204 0.725278

0.689952 0.130472
0.351194 0.326877

0.689952 0.130472
0.114033 0.0450973

0.689952 0.130472
0.219664 0.991383

0.689952 0.130472
0.636767 0.975844

0.689952 0.130472
0.530151 0.543328

0.689952 0.130472
0.440662 0.799599

0.689952 0.130472
0.386006 0.0820136

0.359696 0.372971
0.287897 0.849767

0.359696 0.372971
0.110105 0.556769

0.359696 0.372971
0.25911 0.13099

0.359696 0.372971
0.95813 0.133438

0.359696 0.372971
0.35149 0.0931488

0.359696 0.372971
0.850923 0.744699

0.359696 0.372971
0.822678 0.583431

0.359696 0.372971
0.902623 0.510287

0.359696 0.372971
0.734619 0.867445

0.359696 0.372971
0.16833 0.210518

0.359696 0.372971
0.976468 0.747842

0.359696 0.372971
0.948289 0.51946

0.359696 0.372971
0.492575 0.605029

0.359696 0.372971
0.134865 0.97982

0.359696 0.372971
0.146587 0.531776

0.359696 0.372971
0.219664 0.991383

0.359696 0.372971
0.440662 0.799599

0.359696 0.372971
0.386006 0.0820136

0.287897 0.849767
0.110105 0.556769

0.287897 0.849767
0.25911 0.13099

0.287897 0.849767
0.95813 0.133438

0.287897 0.849767
0.850923 0.744699

0.287897 0.849767
0.0407985 0.513019

0.287897 0.849767
0.327542 0.0430731

0.287897 0.849767
0.902623 0.510287

0.287897 0.849767
0.134865 0.97982

0.287897 0.849767
0.194204 0.725278

0.287897 0.849767
0.219664 0.991383

0.110105 0.556769
0.47815 0.021756

0.110105 0.556769
0.850923 0.744699

0.110105 0.556769
0.386041 0.727679

0.110105 0.556769
0.327542 0.0430731

0.110105 0.556769
0.902623 0.510287

0.110105 0.556769
0.177693 0.851164

0.110105 0.556769
0.948289 0.51946

0.110105 0.556769
0.332689 0.619847

0.110105 0.556769
0.134865 0.97982

0.110105 0.556769
0.146587 0.531776

0.110105 0.556769
0.283699 0.0121602

0.110105 0.556769
0.114033 0.0450973

0.110105 0.556769
0.367432 0.769871

0.110105 0.556769
0.219664 0.991383

0.110105 0.556769
0.386006 0.0820136

0.25911 0.13099
0.35149 0.0931488

0.25911 0.13099
0.850923 0.744699

0.25911 0.13099
0.0407985 0.513019

0.25911 0.13099
0.734619 0.867445

0.25911 0.13099
0.862503 0.271304

0.25911 0.13099
0.16833 0.210518

0.25911 0.13099
0.976468 0.747842

0.25911 0.13099
0.332689 0.619847

0.25911 0.13099
0.134865 0.97982

0.25911 0.13099
0.194204 0.725278

0.25911 0.13099
0.146587 0.531776

0.25911 0.13099
0.283699 0.0121602

0.25911 0.13099
0.219664 0.991383

0.25911 0.13099
0.530151 0.543328

0.25911 0.13099
0.440662 0.799599

0.25911 0.13099
0.386006 0.0820136

0.95813 0.133438
0.47815 0.021756

0.95813 0.133438
0.386041 0.727679

0.95813 0.133438
0.0407985 0.513019

0.95813 0.133438
0.822678 0.583431

0.95813 0.133438
0.327542 0.0430731

0.95813 0.133438
0.734619 0.867445

0.95813 0.133438
0.16833 0.210518

0.95813 0.133438
0.976468 0.747842

0.95813 0.133438
0.948289 0.51946

0.95813 0.133438
0.914934 0.047529

0.95813 0.133438
0.194204 0.725278

0.95813 0.133438
0.283699 0.0121602

0.95813 0.133438
0.367432 0.769871

0.95813 0.133438
0.440662 0.799599

0.47815 0.021756
0.35149 0.0931488

0.47815 0.021756
0.386041 0.727679

0.47815 0.021756
0.0407985 0.513019

0.47815 0.021756
0.327542 0.0430731

0.47815 0.021756
0.902623 0.510287

0.47815 0.021756
0.862503 0.271304

0.47815 0.021756
0.177693 0.851164

0.47815 0.021756
0.16833 0.210518

0.47815 0.021756
0.976468 0.747842

0.47815 0.021756
0.948289 0.51946

0.47815 0.021756
0.332689 0.619847

0.47815 0.021756
0.914934 0.047529

0.47815 0.021756
0.492575 0.605029

0.47815 0.021756
0.134865 0.97982

0.47815 0.021756
0.194204 0.725278

0.47815 0.021756
0.283699 0.0121602

0.47815 0.021756
0.636767 0.975844

0.47815 0.021756
0.440662 0.799599

0.47815 0.021756
0.386006 0.0820136

0.35149 0.0931488
0.850923 0.744699

0.35149 0.0931488
0.0407985 0.513019

0.35149 0.0931488
0.822678 0.583431

0.35149 0.0931488
0.327542 0.0430731

0.35149 0.0931488
0.902623 0.510287

0.35149 0.0931488
0.948289 0.51946

0.35149 0.0931488
0.134865 0.97982

0.35149 0.0931488
0.219664 0.991383

0.35149 0.0931488
0.530151 0.543328

0.35149 0.0931488
0.440662 0.799599

0.850923 0.744699
0.902623 0.510287

0.850923 0.744699
0.862503 0.271304

0.850923 0.744699
0.177693 0.851164

0.850923 0.744699
0.16833 0.210518

0.850923 0.744699
0.492575 0.605029

0.850923 0.744699
0.194204 0.725278

0.850923 0.744699
0.146587 0.531776

0.850923 0.744699
0.114033 0.0450973

0.850923 0.744699
0.367432 0.769871

0.850923 0.744699
0.219664 0.991383

0.850923 0.744699
0.153128 0.0643977

0.850923 0.744699
0.530151 0.543328

0.386041 0.727679
0.822678 0.583431

0.386041 0.727679
0.734619 0.867445

0.386041 0.727679
0.177693 0.851164

0.386041 0.727679
0.948289 0.51946

0.386041 0.727679
0.332689 0.619847

0.386041 0.727679
0.134865 0.97982

0.386041 0.727679
0.194204 0.725278

0.386041 0.727679
0.351194 0.326877

0.386041 0.727679
0.283699 0.0121602

0.386041 0.727679
0.440662 0.799599

0.0407985 0.513019
0.822678 0.583431

0.0407985 0.513019
0.327542 0.0430731

0.0407985 0.513019
0.902623 0.510287

0.0407985 0.513019
0.862503 0.271304

0.0407985 0.513019
0.16833 0.210518

0.0407985 0.513019
0.948289 0.51946

0.0407985 0.513019
0.332689 0.619847

0.0407985 0.513019
0.914934 0.047529

0.0407985 0.513019
0.351194 0.326877

0.0407985 0.513019
0.146587 0.531776

0.0407985 0.513019
0.283699 0.0121602

0.0407985 0.513019
0.114033 0.0450973

0.0407985 0.513019
0.440662 0.799599

0.822678 0.583431
0.734619 0.867445

0.822678 0.583431
0.177693 0.851164

0.822678 0.583431
0.16833 0.210518

0.822678 0.583431
0.976468 0.747842

0.822678 0.583431
0.948289 0.51946

0.822678 0.583431
0.332689 0.619847

0.822678 0.583431
0.914934 0.047529

0.822678 0.583431
0.492575 0.605029

0.822678 0.583431
0.194204 0.725278

0.822678 0.583431
0.351194 0.326877

0.822678 0.583431
0.146587 0.531776

0.822678 0.583431
0.283699 0.0121602

0.822678 0.583431
0.636767 0.975844

0.822678 0.583431
0.530151 0.543328

0.327542 0.0430731
0.902623 0.510287

0.327542 0.0430731
0.734619 0.867445

0.327542 0.0430731
0.16833 0.210518

0.327542 0.0430731
0.976468 0.747842

0.327542 0.0430731
0.914934 0.047529

0.327542 0.0430731
0.194204 0.725278

0.327542 0.0430731
0.146587 0.531776

0.327542 0.0430731
0.283699 0.0121602

0.327542 0.0430731
0.367432 0.769871

0.327542 0.0430731
0.636767 0.975844

0.327542 0.0430731
0.530151 0.543328

0.902623 0.510287
0.862503 0.271304

0.902623 0.510287
0.177693 0.851164

0.902623 0.510287
0.16833 0.210518

0.902623 0.510287
0.976468 0.747842

0.902623 0.510287
0.332689 0.619847

0.902623 0.510287
0.914934 0.047529

0.902623 0.510287
0.194204 0.725278

0.902623 0.510287
0.114033 0.0450973

0.902623 0.510287
0.367432 0.769871

0.902623 0.510287
0.530151 0.543328

0.902623 0.510287
0.440662 0.799599

0.734619 0.867445
0.177693 0.851164

0.734619 0.867445
0.16833 0.210518

0.734619 0.867445
0.332689 0.619847

0.734619 0.867445
0.914934 0.047529

0.734619 0.867445
0.134865 0.97982

0.734619 0.867445
0.194204 0.725278

0.734619 0.867445
0.146587 0.531776

0.734619 0.867445
0.367432 0.769871

0.734619 0.867445
0.153128 0.0643977

0.734619 0.867445
0.440662 0.799599

0.862503 0.271304
0.177693 0.851164

0.862503 0.271304
0.16833 0.210518

0.862503 0.271304
0.976468 0.747842

0.862503 0.271304
0.332689 0.619847

0.862503 0.271304
0.146587 0.531776

0.862503 0.271304
0.636767 0.975844

0.862503 0.271304
0.153128 0.0643977

0.862503 0.271304
0.530151 0.543328

0.862503 0.271304
0.440662 0.799599

0.862503 0.271304
0.386006 0.0820136

0.177693 0.851164
0.948289 0.51946

0.177693 0.851164
0.332689 0.619847

0.177693 0.851164
0.914934 0.047529

0.177693 0.851164
0.492575 0.605029

0.177693 0.851164
0.134865 0.97982

0.177693 0.851164
0.351194 0.326877

0.177693 0.851164
0.146587 0.531776

0.177693 0.851164
0.283699 0.0121602

0.177693 0.851164
0.114033 0.0450973

0.177693 0.851164
0.367432 0.769871

0.177693 0.851164
0.219664 0.991383

0.177693 0.851164
0.153128 0.0643977

0.16833 0.210518
0.948289 0.51946

0.16833 0.210518
0.914934 0.047529

0.16833 0.210518
0.492575 0.605029

0.16833 0.210518
0.134865 0.97982

0.16833 0.210518
0.194204 0.725278

0.16833 0.210518
0.146587 0.531776

0.16833 0.210518
0.283699 0.0121602

0.16833 0.210518
0.114033 0.0450973

0.16833 0.210518
0.219664 0.991383

0.16833 0.210518
0.153128 0.0643977

0.16833 0.210518
0.386006 0.0820136

0.976468 0.747842
0.948289 0.51946

0.976468 0.747842
0.134865 0.97982

0.976468 0.747842
0.194204 0.725278

0.976468 0.747842
0.351194 0.326877

0.976468 0.747842
0.146587 0.531776

0.976468 0.747842
0.367432 0.769871

0.976468 0.747842
0.636767 0.975844

0.976468 0.747842
0.530151 0.543328

0.976468 0.747842
0.440662 0.799599

0.976468 0.747842
0.386006 0.0820136

0.948289 0.51946
0.332689 0.619847

0.948289 0.51946
0.134865 0.97982

0.948289 0.51946
0.351194 0.326877

0.948289 0.51946
0.146587 0.531776

0.948289 0.51946
0.283699 0.0121602

0.948289 0.51946
0.636767 0.975844

0.948289 0.51946
0.153128 0.0643977

0.332689 0.619847
0.194204 0.725278

0.332689 0.619847
0.146587 0.531776

0.332689 0.619847
0.283699 0.0121602

0.332689 0.619847
0.367432 0.769871

0.332689 0.619847
0.636767 0.975844

0.914934 0.047529
0.134865 0.97982

0.914934 0.047529
0.114033 0.0450973

0.914934 0.047529
0.367432 0.769871

0.914934 0.047529
0.153128 0.0643977

0.492575 0.605029
0.146587 0.531776

0.492575 0.605029
0.114033 0.0450973

0.492575 0.605029
0.219664 0.991383

0.492575 0.605029
0.153128 0.0643977

0.492575 0.605029
0.530151 0.543328

0.492575 0.605029
0.440662 0.799599

0.492575 0.605029
0.386006 0.0820136

0.134865 0.97982
0.110105 0.556769

0.134865 0.97982
0.146587 0.531776

0.134865 0.97982
0.283699 0.0121602

0.134865 0.97982
0.636767 0.975844

0.134865 0.97982
0.530151 0.543328

0.134865 0.97982
0.386006 0.0820136

0.194204 0.725278
0.351194 0.326877

0.194204 0.725278
0.283699 0.0121602

0.194204 0.725278
0.367432 0.769871

0.194204 0.725278
0.530151 0.543328

0.351194 0.326877
0.146587 0.531776

0.351194 0.326877
0.283699 0.0121602

0.351194 0.326877
0.367432 0.769871

0.351194 0.326877
0.219664 0.991383

0.351194 0.326877
0.440662 0.799599

0.146587 0.531776
0.283699 0.0121602

0.146587 0.531776
0.530151 0.543328

0.146587 0.531776
0.440662 0.799599

0.283699 0.0121602
0.114033 0.0450973

0.283699 0.0121602
0.636767 0.975844

0.114033 0.0450973
0.367432 0.769871

0.114033 0.0450973
0.219664 0.991383

0.114033 0.0450973
0.636767 0.975844

0.114033 0.0450973
0.440662 0.799599

0.367432 0.769871
0.219664 0.991383

0.367432 0.769871
0.153128 0.0643977

0.367432 0.769871
0.530151 0.543328

0.367432 0.769871
0.440662 0.799599

0.367432 0.769871
0.386006 0.0820136

0.219664 0.991383
0.636767 0.975844

0.219664 0.991383
0.153128 0.0643977

0.219664 0.991383
0.386006 0.0820136

0.636767 0.975844
0.153128 0.0643977

0.636767 0.975844
0.530151 0.543328

0.153128 0.0643977
0.440662 0.799599

0.153128 0.0643977
0.386006 0.0820136

0.530151 0.543328
0.386006 0.0820136

