0.282463 0.11148 0
0.694671 0.545413 0
0.438185 0.0672062 0
0.162988 0.0419679 0
0.56611 0.798451 0
0.545495 0.719902 0
0.973175 0.967106 0
0.526012 0.970673 0
0.655409 0.103432 0
0.252096 0.507928 0
0.377827 0.77155 0
0.980101 0.858906 0
0.43273 0.996081 0
0.444392 0.390622 0
0.130375 0.108984 0
0.926419 0.305395 0
0.853818 0.947533 0
0.857501 0.235985 0
0.744164 0.282699 0
0.595201 0.772898 0
0.120749 0.57174 0
0.432993 0.000148552 0
0.150298 0.264409 0
0.0176684 0.354535 0
0.0480811 0.826908 0
0.751221 0.669922 0
0.764438 0.184813 0
0.625813 0.575103 0
0.497997 0.952696 0
0.98832 0.247776 0
0.383197 0.821478 0
0.0902422 0.542718 0
0.338702 0.423288 0
0.484432 0.337493 0
0.677918 0.130124 0
0.492717 0.64992 0
0.321159 0.915106 0
0.389462 0.0832342 0
0.870205 0.796911 0
0.0601346 0.98518 0
0.912165 0.778355 0
0.856578 0.785364 0
0.119649 0.314456 0
0.62397 0.304986 0
0.175613 0.741577 0
0.664866 0.0752082 0
0.690714 0.911751 0
0.621413 0.643549 0
0.255462 0.855846 0
0.866038 0.961526 0
