0.709493 0.353105
0.828094 0.14123

0.709493 0.353105
0.647514 0.544791

0.154858 0.306454
0.256196 0.235033

0.154858 0.306454
0.0789668 0.553405

0.256196 0.235033
0.373777 0.218063

0.673155 0.239211
0.811387 0.048868

0.673155 0.239211
0.983705 0.177961

0.508194 0.846629
0.513308 0.82344

0.508194 0.846629
0.480793 0.963513

0.811387 0.048868
0.90215 0.372336

0.781388 0.77791
0.513308 0.82344

0.781388 0.77791
0.967411 0.828874

0.545499 0.351466
0.825327 0.735207

0.545499 0.351466
0.593423 0.365942

0.632212 0.303482
0.983705 0.177961

0.632212 0.303482
0.647514 0.544791

0.967411 0.828874
0.825327 0.735207

0.373777 0.218063
0.593423 0.365942

0.828094 0.14123
0.90215 0.372336

0.480793 0.963513
0.0789668 0.553405

