0.191536 0.754349
0.0634728 0.619554

0.191536 0.754349
0.335438 0.848348

0.57526 0.366111
0.360192 0.192193

0.57526 0.366111
0.95394 0.290173

0.360192 0.192193
0.282627 0.484784

0.471021 0.58599
0.681815 0.548528

0.281047 0.680662
0.372197 0.978287

0.281047 0.680662
0.273826 0.486585

0.640099 0.251317
0.494382 0.136858

0.640099 0.251317
0.303374 0.0850051

0.969767 0.522034
0.95394 0.290173

0.969767 0.522034
0.681815 0.548528

0.494382 0.136858
0.298893 0.0299992

0.438702 0.456391
0.32086 0.535763

0.438702 0.456391
0.648821 0.316637

0.282627 0.484784
0.32086 0.535763

0.298893 0.0299992
0.303374 0.0850051

0.0634728 0.619554
0.273826 0.486585

0.372197 0.978287
0.335438 0.848348

0.648821 0.316637
0.471021 0.58599

