0.0759765 0.91003 0.02
0.0814752 0.0543354 0.02
0.375962 0.206882 0.02
0.901756 0.753795 0.02
0.0408579 0.509426 0.02
0.854348 0.567019 0.02
0.671344 0.539057 0.02
0.405962 0.705623 0.02
0.950146 0.378131 0.02
0.337109 0.150377 0.02
0.98331 0.438525 0.02
0.513445 0.427918 0.02
0.468266 0.453795 0.02
0.33769 0.360024 0.02
0.960636 0.454783 0.02
0.321529 0.756892 0.02
0.241721 0.87459 0.02
0.5977 0.673279 0.02
0.764204 0.36696 0.02
0.61077 0.0402595 0.02
0.543073 0.595196 0.02
0.738781 0.431494 0.02
0.512139 0.242591 0.02
0.677479 0.0810026 0.02
0.557978 0.464002 0.02
0.0875563 0.634768 0.02
0.642896 0.676409 0.02
0.583388 0.126387 0.02
0.888198 0.459411 0.02
0.569831 0.846448 0.02
0.530098 0.922604 0.02
0.318562 0.789094 0.02
0.378346 0.140313 0.02
0.147163 0.727641 0.02
0.204434 0.963127 0.02
0.884246 0.92181 0.02
0.293573 0.105837 0.02
0.0700795 0.890206 0.02
0.993767 0.114563 0.02
0.700323 0.380412 0.02
0.453853 0.31403 0.02
0.925853 0.594607 0.02
0.428023 0.147041 0.02
0.560387 0.518186 0.02
0.569875 0.348604 0.02
0.611807 0.195348 0.02
0.816387 0.21099 0.02
0.940046 0.60143 0.02
0.915925 0.770429 0.02
0.829981 0.540984 0.02
0.376972 0.280605 0.02
0.397772 0.729539 0.02
0.990661 0.590546 0.02
0.926557 0.157456 0.02
0.23546 0.059824 0.02
0.994761 0.760558 0.02
0.0703576 0.173434 0.02
0.286302 0.933817 0.02
0.483543 0.390307 0.02
0.451295 0.732399 0.02
0.296242 0.231117 0.02
0.0133386 0.712699 0.02
0.440235 0.765757 0.02
0.335066 0.480579 0.02
0.889346 0.358349 0.02
0.349486 0.273575 0.02
0.972173 0.722829 0.02
0.0950669 0.285125 0.02
0.947927 0.00360314 0.02
0.861567 0.627937 0.02
0.832728 0.539283 0.02
0.98627 0.306459 0.02
0.0406664 0.731065 0.02
0.964344 0.873992 0.02
0.353544 0.867986 0.02
0.476646 0.273907 0.02
0.449222 0.888968 0.02
0.38159 0.178464 0.02
0.946873 0.512825 0.02
0.528149 0.348705 0.02
0.446861 0.160891 0.02
0.635669 0.533041 0.02
0.627828 0.21539 0.02
0.839343 0.450728 0.02
0.633304 0.149694 0.02
0.25728 0.693071 0.02
0.631095 0.689184 0.02
0.0367189 0.853041 0.02
0.197505 0.379087 0.02
0.853495 0.524136 0.02
0.962672 0.910797 0.02
0.0972322 0.829633 0.02
0.551932 0.501707 0.02
0.351429 0.169392 0.02
0.827603 0.300759 0.02
0.245309 0.909147 0.02
0.125025 0.0995829 0.02
0.735086 0.0719008 0.02
0.369304 0.991622 0.02
