0.312428 0.455258
0.52225 0.388198

0.312428 0.455258
0.192458 0.326185

0.52225 0.388198
0.540123 0.532284

0.924247 0.0633095
0.903275 0.00966712

0.924247 0.0633095
0.81399 0.172803

0.607134 0.0716204
0.404181 0.118135

0.607134 0.0716204
0.660954 0.203155

0.907853 0.00545307
0.97561 0.142154

0.907853 0.00545307
0.70974 0.0404777

0.903275 0.00966712
0.783609 0.00103932

0.513082 0.166474
0.449309 0.252118

0.513082 0.166474
0.460164 0.25563

0.281959 0.152229
0.21798 0.182463

0.281959 0.152229
0.192458 0.326185

0.701043 0.518579
0.659072 0.600708

0.701043 0.518579
0.761823 0.417203

0.26928 0.733539
0.15021 0.689967

0.26928 0.733539
0.382296 0.716636

0.81399 0.172803
0.97561 0.142154

0.15021 0.689967
0.180736 0.681527

0.812896 0.668829
0.953654 0.68189

0.812896 0.668829
0.681025 0.668197

0.382296 0.716636
0.268865 0.640877

0.633004 0.268762
0.761823 0.417203

0.633004 0.268762
0.792474 0.249658

0.21798 0.182463
0.301051 0.150877

0.268865 0.640877
0.180736 0.681527

0.307163 0.153401
0.397672 0.124247

0.307163 0.153401
0.301051 0.150877

0.404181 0.118135
0.538939 0.16819

0.115359 0.728764
0.238219 0.834245

0.115359 0.728764
0.0856174 0.943792

0.953654 0.68189
0.898123 0.66418

0.226893 0.829926
0.238219 0.834245

0.226893 0.829926
0.095518 0.990382

0.449309 0.252118
0.397672 0.124247

0.500399 0.116302
0.460164 0.25563

0.500399 0.116302
0.538939 0.16819

0.659072 0.600708
0.540123 0.532284

0.660954 0.203155
0.792474 0.249658

0.898123 0.66418
0.799186 0.833615

0.607314 0.815553
0.544484 0.957375

0.607314 0.815553
0.574785 0.688575

0.681025 0.668197
0.799186 0.833615

0.70974 0.0404777
0.783609 0.00103932

0.095518 0.990382
0.0856174 0.943792

0.180191 0.0639187
0.176868 0.151508

0.180191 0.0639187
0.067114 0.060008

0.176868 0.151508
0.067114 0.060008

0.544484 0.957375
0.574785 0.688575

