0.676842 0.0827478 0.729167
0.714712 0.49796 0.541667
0.555957 0.132937 0.625
0.618734 0.440949 0.4375
0.373663 0.340648 0.416667
0.982271 0.127496 0.9375
0.817739 0.540275 0.645833
0.484465 0.414136 0.333333
0.0982385 0.931171 0.833333
0.612197 0.210141 0.583333
0.661999 0.394357 0.5
0.164564 0.565194 0.541667
0.646048 0.555838 0.479167
0.963077 0.605255 0.8125
0.990997 0.0291355 1
0.205779 0.694658 0.583333
0.671653 0.138594 0.6875
0.841695 0.63189 0.708333
0.262382 0.621441 0.479167
0.011397 0.456028 0.6875
0.0763593 0.654865 0.666667
0.512573 0.74752 0.541667
0.6114 0.359805 0.479167
0.973734 0.545958 0.8125
0.260829 0.860227 0.6875
0.720954 0.526243 0.5625
0.540857 0.706574 0.5
0.989373 0.264023 0.875
0.915063 0.252577 0.8125
0.0922108 0.379883 0.625
0.965705 0.630131 0.833333
0.947551 0.351673 0.8125
0.658202 0.441622 0.479167
0.25429 0.643996 0.5
0.269267 0.408927 0.4375
0.966351 0.330661 0.833333
0.786382 0.0712007 0.8125
0.478678 0.394741 0.354167
0.733399 0.164305 0.708333
0.832543 0.267816 0.729167
0.691334 0.825792 0.6875
0.227336 0.578886 0.479167
0.168021 0.839999 0.708333
0.854205 0.80582 0.8125
0.243025 0.2376 0.583333
0.00519545 0.731629 0.770833
0.0437548 0.928477 0.875
0.567489 0.888703 0.6875
0.171985 0.847901 0.708333
0.402619 0.267838 0.479167
0.235789 0.42938 0.458333
0.25912 0.883715 0.708333
0.0155388 0.384509 0.6875
0.333868 0.49765 0.354167
0.772097 0.21278 0.708333
0.469277 0.840972 0.625
0.0470766 0.83847 0.791667
0.954534 0.825111 0.895833
0.249273 0.54183 0.458333
0.0266989 0.0239313 0.895833
0.433664 0.482102 0.25
0.285288 0.745209 0.5625
0.414326 0.627936 0.395833
0.526662 0.813838 0.604167
0.71487 0.569419 0.5625
0.158054 0.115651 0.729167
0.0305322 0.765939 0.770833
0.534156 0.21708 0.541667
0.862825 0.154971 0.8125
0.831342 0.00318495 0.895833
0.896092 0.48654 0.729167
0.0955314 0.615306 0.625
0.20385 0.629993 0.541667
0.812072 0.694787 0.708333
0.451581 0.224935 0.520833
0.923712 0.606723 0.770833
0.587956 0.0986058 0.6875
0.465289 0.036339 0.708333
0.0069966 0.668373 0.729167
0.973714 0.504577 0.8125
0.0520116 0.378915 0.666667
0.261947 0.0580703 0.729167
0.789906 0.605754 0.645833
0.949179 0.212918 0.854167
0.218378 0.213575 0.604167
0.0375929 0.956194 0.895833
0.548178 0.237245 0.541667
0.932961 0.377724 0.791667
0.567676 0.287923 0.5
0.125988 0.679068 0.625
0.142134 0.588596 0.583333
0.779893 0.636073 0.645833
0.607328 0.818733 0.645833
0.0874931 0.570747 0.625
0.3819 0.178319 0.5625
0.542799 0.734561 0.541667
0.46045 0.323076 0.416667
0.871953 0.978106 0.9375
0.0427942 0.890636 0.833333
0.497343 0.985981 0.770833
