0.688221 0.277968 0.625
0.407768 0.318868 0.49569
0.440951 0.988564 0.909483
0.695974 0.627972 0.780172
0.28271 0.661932 0.676724
0.181815 0.00178756 0.25
0.623616 0.657301 0.767241
0.3767 0.0736731 0.37931
0.958689 0.860905 1
0.915325 0.114849 0.728448
0.461374 0.374686 0.547414
0.614963 0.389521 0.625
0.55572 0.207869 0.521552
0.0352195 0.562668 0.625
0.178937 0.527791 0.586207
0.293247 0.641908 0.663793
0.157043 0.0511645 0.288793
0.306381 0.0506838 0.340517
0.582137 0.748891 0.793103
0.49263 0.225309 0.49569
