0.0920033 0.686442 0.625
0.622704 0.247689 0.602941
0.110364 0.69663 0.625
0.941427 0.482848 0.823529
0.274618 0.0988501 0.404412
0.159749 0.766255 0.669118
0.720295 0.81276 0.845588
0.900777 0.211928 0.757353
0.597324 0.621947 0.713235
0.298452 0.877961 0.757353
0.862029 0.483252 0.779412
0.782342 0.48714 0.757353
0.838301 0.420569 0.757353
0.273869 0.254556 0.448529
0.101901 0.515027 0.536765
0.495091 0.953176 0.845588
0.363543 0.84671 0.757353
0.0970144 0.422616 0.492647
0.144578 0.0805356 0.338235
0.556878 0.640948 0.713235
0.645525 0.0562503 0.602941
0.107447 0.240032 0.382353
0.845358 0.961745 0.955882
0.0231228 0.701098 0.625
0.682061 0.458261 0.691176
0.867156 0.51061 0.801471
0.551082 0.851581 0.801471
0.160528 0.951922 0.779412
0.681913 0.765517 0.801471
0.245484 0.173902 0.404412
0.593314 0.282836 0.602941
0.9594 0.865063 0.955882
0.10218 0.0180477 0.294118
0.499871 0.362622 0.580882
0.496977 0.892984 0.801471
0.94697 0.976355 1
0.270622 0.604609 0.602941
0.357306 0.506558 0.580882
0.0434244 0.215512 0.360294
0.638339 0.202135 0.602941
0.362036 0.33313 0.514706
0.0788785 0.142623 0.338235
0.398035 0.967954 0.823529
0.584143 0.367498 0.625
0.618973 0.313465 0.625
0.456021 0.0186627 0.492647
0.0146255 0.00560917 0.25
0.613858 0.107008 0.580882
0.546399 0.863698 0.801471
0.401886 0.65067 0.669118
0.4867 0.548968 0.647059
0.58593 0.486116 0.669118
0.583832 0.929047 0.845588
0.259721 0.952858 0.779412
0.667367 0.767639 0.801471
0.501651 0.302618 0.558824
0.859665 0.123623 0.713235
0.674682 0.1311 0.625
0.608991 0.562639 0.691176
0.0886372 0.391007 0.470588
0.65126 0.867943 0.845588
0.270076 0.229204 0.426471
0.0730745 0.755627 0.669118
0.639633 0.736175 0.779412
0.994311 0.507209 0.867647
0.683784 0.175218 0.625
0.759393 0.953447 0.911765
0.686058 0.657822 0.757353
0.258126 0.0593057 0.382353
0.975991 0.36239 0.823529
0.454275 0.726796 0.713235
0.00969555 0.973556 0.779412
0.153827 0.659467 0.625
0.366833 0.935186 0.801471
0.320027 0.799354 0.713235
0.38791 0.155932 0.470588
0.370021 0.906165 0.779412
0.501233 0.999021 0.867647
0.19246 0.472194 0.514706
0.324339 0.532536 0.580882
0.219935 0.521499 0.558824
0.700537 0.155375 0.647059
0.0546482 0.194778 0.360294
0.682878 0.0344097 0.625
0.574486 0.486815 0.647059
0.909026 0.834548 0.911765
0.310983 0.969202 0.801471
0.585619 0.669783 0.735294
0.396094 0.929858 0.801471
0.96692 0.712736 0.911765
0.715183 0.670127 0.779412
0.980709 0.0110764 0.779412
0.863625 0.47395 0.779412
0.714366 0.760822 0.823529
0.458252 0.864389 0.779412
0.858232 0.924627 0.933824
0.0242834 0.0429534 0.272059
0.755238 0.325667 0.691176
0.49351 0.903788 0.801471
0.580617 0.47603 0.647059
