0.0549307 0.883947 0.916667
0.402125 0.252867 0.583333
0.977404 0.606425 0.666667
0.727657 0.606637 0.416667
0.989541 0.221882 0.75
0.82288 0.997286 0.791667
0.318906 0.312838 0.583333
0.542272 0.986934 0.75
0.248649 0.696672 0.666667
0.284763 0.540594 0.583333
0.755423 0.149145 0.666667
0.955958 0.834763 0.75
0.992383 0.555734 0.666667
0.400562 0.346792 0.5
0.95519 0.933799 0.833333
0.105536 0.484512 0.75
0.665689 0.759405 0.5
0.991548 0.370032 0.708333
0.912532 0.451066 0.583333
0.85936 0.0370577 0.833333
0.568187 0.0191784 0.75
0.618058 0.185213 0.583333
0.803452 0.917563 0.708333
0.292975 0.629842 0.583333
0.793722 0.572549 0.458333
0.469671 0.388372 0.416667
0.0618919 0.482267 0.791667
0.350162 0.299452 0.583333
0.754376 0.209075 0.625
0.195524 0.45498 0.666667
0.174493 0.612774 0.708333
0.642678 0.0951528 0.708333
0.95137 0.035956 0.875
0.642254 0.495315 0.291667
0.612114 0.0643203 0.708333
0.385753 0.542956 0.458333
0.628823 0.22277 0.541667
0.678535 0.372307 0.416667
0.917268 0.843974 0.75
0.900481 0.825527 0.708333
0.329487 0.195676 0.666667
0.588792 0.517577 0.25
0.776769 0.971576 0.75
0.484855 0.16587 0.625
0.748373 0.314337 0.5
0.893333 0.303675 0.625
0.338139 0.559177 0.5
0.0386195 0.0607556 1
0.893712 0.494096 0.583333
0.75763 0.853117 0.625
