0.50036 0.0893603
0.220071 0.154456

0.50036 0.0893603
0.491864 0.034576

0.636411 0.0586412
0.491864 0.034576

0.636411 0.0586412
0.69152 0.0611757

0.681281 0.053694
0.69152 0.0611757

0.681281 0.053694
0.69152 0.0611757

0.89304 0.017982
0.69152 0.0611757

0.89304 0.017982
0.788885 0.0579725

0.84533 0.188687
0.788885 0.0579725

0.84533 0.188687
0.785078 0.327241

0.816299 0.291146
0.785078 0.327241

0.816299 0.291146
0.844393 0.400346

0.73958 0.655139
0.844393 0.400346

0.73958 0.655139
0.99356 0.75912

0.99356 0.75912
0.969578 0.752419

0.897108 0.775511
0.969578 0.752419

0.864357 0.616315
0.897108 0.775511

0.864357 0.616315
0.996087 0.697613

0.96496 0.800367
0.996087 0.697613

0.96496 0.800367
0.985071 0.946691

0.729018 0.765018
0.985071 0.946691

0.729018 0.765018
0.771899 0.853838

0.695037 0.871267
0.771899 0.853838

0.695037 0.871267
0.771899 0.853838

0.695037 0.871267
0.771899 0.853838

0.640836 0.912565
0.695037 0.871267

0.640836 0.912565
0.422758 0.858269

0.422758 0.858269
0.498868 0.804891

0.449425 0.838901
0.498868 0.804891

0.449425 0.838901
0.541899 0.963381

0.449425 0.838901
0.541899 0.963381

0.449425 0.838901
0.360676 0.792262

0.360676 0.792262
0.359757 0.865353

0.304872 0.888743
0.359757 0.865353

0.304872 0.888743
0.114145 0.853984

0.00681067 0.699958
0.114145 0.853984

0.00681067 0.699958
0.0522714 0.517706

0.0522714 0.517706
0.0608666 0.54143

0.154154 0.62861
0.0608666 0.54143

0.154154 0.62861
0.190003 0.751483

0.154154 0.62861
0.190003 0.751483

0.154154 0.62861
0.32173 0.722288

0.388291 0.657226
0.32173 0.722288

0.388291 0.657226
0.198879 0.58192

0.229125 0.529224
0.198879 0.58192

0.229125 0.529224
0.348678 0.559915

0.468989 0.493365
0.348678 0.559915

0.437121 0.437651
0.468989 0.493365

0.437121 0.437651
0.468989 0.493365

0.530937 0.484232
0.468989 0.493365

0.557981 0.563984
0.530937 0.484232

0.564678 0.468237
0.557981 0.563984

0.564678 0.468237
0.634612 0.531421

0.564678 0.468237
0.634612 0.531421

0.564678 0.468237
0.593885 0.383159

0.855717 0.497739
0.593885 0.383159

0.855717 0.497739
0.916307 0.488448

0.567737 0.2677
0.916307 0.488448

0.567737 0.2677
0.364202 0.326294

0.250287 0.372869
0.364202 0.326294

0.250287 0.372869
0.0832046 0.363489

0.0832046 0.363489
0.208616 0.257367

0.326634 0.218134
0.208616 0.257367

0.326634 0.218134
0.0266227 0.10126

0.124189 0.0583557
0.0266227 0.10126

0.124189 0.0583557
0.277168 0.00301287

0.255877 0.109927
0.277168 0.00301287

0.255877 0.109927
0.220071 0.154456

