0.387968 0.411712
0.34299 0.385996

0.387968 0.411712
0.410887 0.393575

0.643933 0.652138
0.849817 0.792985

0.643933 0.652138
0.969186 0.839481

0.278088 0.840822
0.34378 0.945766

0.278088 0.840822
0.521447 0.552457

0.34378 0.945766
0.294615 0.917552

0.332432 0.925108
0.418019 0.891355

0.332432 0.925108
0.0722277 0.905362

0.344324 0.473501
0.410887 0.393575

0.344324 0.473501
0.389846 0.727254

0.0860069 0.573542
0.161098 0.827842

0.0860069 0.573542
0.268861 0.370858

0.137991 0.239918
0.102292 0.381725

0.137991 0.239918
0.360593 0.0283119

0.84211 0.866719
0.849817 0.792985

0.84211 0.866719
0.880017 0.807205

0.294615 0.917552
0.418019 0.891355

0.34299 0.385996
0.521447 0.552457

0.161098 0.827842
0.0585689 0.756461

0.268861 0.370858
0.102292 0.381725

0.468951 0.103223
0.498157 0.0349358

0.468951 0.103223
0.871889 0.3584

0.707637 0.214692
0.665495 0.136238

0.707637 0.214692
0.871889 0.3584

0.39335 0.801175
0.389846 0.727254

0.39335 0.801175
0.517484 0.920864

0.665495 0.136238
0.995874 0.369371

0.0722277 0.905362
0.0585689 0.756461

0.360593 0.0283119
0.270862 0.0565369

0.880017 0.807205
0.517484 0.920864

0.23892 0.0789658
0.270862 0.0565369

0.23892 0.0789658
0.498157 0.0349358

0.969186 0.839481
0.995874 0.369371

