0.283769 0.112786 0.2
0.264612 0.115354 0.2
0.725561 0.354582 0.2
0.371814 0.604155 0.2
0.180255 0.624917 0.2
0.134813 0.582836 0.2
0.828735 0.222457 0.2
0.166087 0.144696 0.2
0.963363 0.0570779 0.2
0.947046 0.32553 0.2
0.753725 0.292259 0.2
0.654671 0.105662 0.2
0.129474 0.696629 0.2
0.508971 0.623081 0.2
0.831937 0.168804 0.2
0.26168 0.210969 0.2
0.945389 0.400088 0.2
0.500208 0.759664 0.2
0.565401 0.649987 0.2
0.242026 0.0950866 0.2
0.90402 0.356226 0.2
0.755874 0.349821 0.2
0.473882 0.167654 0.2
0.488915 0.683721 0.2
0.0304069 0.711422 0.2
0.715367 0.28133 0.2
0.914301 0.135339 0.2
0.400782 0.422918 0.2
0.237234 0.837617 0.2
0.457129 0.254853 0.2
0.129554 0.837764 0.2
0.341802 0.128032 0.2
0.34184 0.852934 0.2
0.928393 0.445071 0.2
0.439666 0.694185 0.2
0.459257 0.227854 0.2
0.872982 0.527964 0.2
0.388127 0.133384 0.2
0.975823 0.698454 0.2
0.911886 0.203522 0.2
0.650941 0.628513 0.2
0.354886 0.0229823 0.2
0.470633 0.386128 0.2
0.656767 0.476774 0.2
0.236088 0.223896 0.2
0.599907 0.237688 0.2
0.760978 0.108604 0.2
0.984208 0.0828973 0.2
0.693747 0.0709599 0.2
0.936885 0.442199 0.2
0.461852 0.62454 0.2
0.774299 0.253845 0.2
0.090077 0.726259 0.2
0.873098 0.837878 0.2
0.616053 0.403769 0.2
0.465461 0.296914 0.2
0.324851 0.597311 0.2
0.882457 0.331443 0.2
0.164518 0.201677 0.2
0.748897 0.502325 0.2
0.616305 0.600857 0.2
0.407626 0.40153 0.2
0.88316 0.0940666 0.2
0.285956 0.539725 0.2
