0.992777 0.210151 0.04
0.281056 0.222568 0.04
0.157811 0.725507 0.04
0.195825 0.298836 0.04
0.113005 0.222745 0.04
0.625562 0.309506 0.04
0.977879 0.330488 0.04
0.652116 0.293358 0.04
0.950222 0.5666 0.04
0.22177 0.0652633 0.04
0.752801 0.849263 0.04
0.53583 0.839499 0.04
0.797818 0.460969 0.04
0.824117 0.34379 0.04
0.359453 0.810168 0.04
0.27839 0.533179 0.04
0.580639 0.362799 0.04
0.965273 0.770464 0.04
0.850093 0.596378 0.04
0.0729391 0.410249 0.04
0.0546639 0.435087 0.04
0.588702 0.0551741 0.04
0.0159713 0.438566 0.04
0.659993 0.627118 0.04
0.70617 0.737106 0.04
0.156701 0.914607 0.04
0.616274 0.207697 0.04
0.17756 0.824487 0.04
0.646582 0.285911 0.04
0.770635 0.673216 0.04
0.899124 0.550096 0.04
0.952638 0.869297 0.04
0.941895 0.825208 0.04
0.818039 0.053689 0.04
0.679451 0.362326 0.04
0.30501 0.994735 0.04
0.195174 0.501925 0.04
0.00558909 0.303412 0.04
0.356055 0.995412 0.04
0.448907 0.222944 0.04
0.0651273 0.185003 0.04
0.39827 0.692928 0.04
0.442743 0.332969 0.04
0.423254 0.201716 0.04
0.719443 0.86872 0.04
0.679499 0.714032 0.04
0.249054 0.730707 0.04
