0.156636 0.979396
0.0573933 0.473245

0.156636 0.979396
0.671499 0.904578

0.295184 0.860746
0.423976 0.672868

0.295184 0.860746
0.316955 0.935102

0.959289 0.0257057
0.493938 0.277113

0.959289 0.0257057
0.943128 0.285041

0.75969 0.065351
0.36248 0.321571

0.75969 0.065351
0.493938 0.277113

0.368311 0.494006
0.785406 0.0554921

0.368311 0.494006
0.198542 0.907717

0.423976 0.672868
0.962228 0.521807

0.36248 0.321571
0.962228 0.521807

0.316955 0.935102
0.671499 0.904578

0.0573933 0.473245
0.198542 0.907717

0.943128 0.285041
0.785406 0.0554921

