0.342741 0.503121 0.04
0.672168 0.230594 0.04
0.153712 0.931081 0.04
0.286415 0.349086 0.04
0.349558 0.536745 0.04
0.152971 0.89505 0.04
0.185905 0.203157 0.04
0.885684 0.582096 0.04
0.434967 0.892217 0.04
0.436496 0.138151 0.04
0.408352 0.049752 0.04
0.0229465 0.745677 0.04
0.84315 0.934912 0.04
0.182912 0.801991 0.04
0.544404 0.533758 0.04
0.198287 0.510952 0.04
0.775982 0.257936 0.04
0.556514 0.604131 0.04
0.214567 0.176238 0.04
0.000806579 0.531897 0.04
0.707447 0.604063 0.04
0.231907 0.424935 0.04
0.709986 0.795112 0.04
0.437923 0.683351 0.04
0.520145 0.202349 0.04
0.408721 0.0154128 0.04
0.905798 0.0768589 0.04
0.180079 0.587748 0.04
0.151507 0.894497 0.04
0.509082 0.575827 0.04
0.00344301 0.122199 0.04
0.939502 0.659575 0.04
0.766517 0.779018 0.04
0.497301 0.0316474 0.04
0.447687 0.148402 0.04
0.419708 0.838012 0.04
0.0436253 0.143924 0.04
0.754827 0.66896 0.04
0.705284 0.703911 0.04
0.956983 0.905415 0.04
0.0715561 0.658109 0.04
0.695469 0.311088 0.04
0.380829 0.886468 0.04
0.37272 0.386267 0.04
0.178311 0.661622 0.04
0.833873 0.194213 0.04
0.536599 0.722073 0.04
0.785955 0.609278 0.04
0.81644 0.0510998 0.04
0.440774 0.954257 0.04
0.178353 0.102509 0.04
0.061914 0.313655 0.04
0.919686 0.907821 0.04
0.898948 0.0370719 0.04
0.953161 0.57315 0.04
0.760863 0.0223076 0.04
0.812336 0.549338 0.04
0.0445311 0.585467 0.04
0.269533 0.45266 0.04
0.618706 0.136091 0.04
0.372922 0.35946 0.04
0.442479 0.318279 0.04
0.226826 0.21237 0.04
0.7291 0.637456 0.04
0.148425 0.00381672 0.04
0.944792 0.486772 0.04
0.592033 0.0914905 0.04
0.195972 0.688942 0.04
0.0427653 0.464374 0.04
0.659952 0.248259 0.04
0.160656 0.342366 0.04
0.269223 0.0489775 0.04
0.444327 0.120242 0.04
0.936819 0.0131554 0.04
0.389877 0.239801 0.04
0.673324 0.147411 0.04
0.643271 0.302689 0.04
0.285469 0.632311 0.04
0.302884 0.3788 0.04
0.14713 0.126395 0.04
0.524166 0.37818 0.04
0.990055 0.671999 0.04
0.873917 0.942873 0.04
0.343529 0.573707 0.04
0.311877 0.883125 0.04
0.282904 0.0733106 0.04
0.678397 0.591359 0.04
0.260037 0.791334 0.04
0.27556 0.503885 0.04
0.128968 0.751886 0.04
0.914835 0.796633 0.04
0.691229 0.130707 0.04
0.330297 0.959111 0.04
0.0432072 0.308979 0.04
0.867121 0.304966 0.04
0.270838 0.21929 0.04
0.64113 0.00922839 0.04
0.174163 0.814006 0.04
0.0257775 0.381485 0.04
0.585332 0.085119 0.04
0.149004 0.726653 0.04
0.156727 0.762955 0.04
0.094365 0.608447 0.04
0.902065 0.759737 0.04
0.773889 0.496381 0.04
0.714013 0.245564 0.04
0.707106 0.231013 0.04
0.577242 0.934154 0.04
0.0985978 0.182637 0.04
0.0317346 0.0862364 0.04
0.359961 0.327669 0.04
0.135572 0.882824 0.04
0.170156 0.268245 0.04
0.140212 0.0466523 0.04
0.0955566 0.826582 0.04
0.266651 0.587466 0.04
0.325559 0.919464 0.04
0.924602 0.765489 0.04
0.826029 0.0735935 0.04
0.371602 0.972703 0.04
0.323604 0.373906 0.04
0.224473 0.69395 0.04
0.516187 0.453181 0.04
0.360155 0.227016 0.04
0.506872 0.0158132 0.04
0.633107 0.760066 0.04
0.538317 0.400348 0.04
0.258147 0.545257 0.04
0.08471 0.906614 0.04
0.350403 0.676479 0.04
0.269387 0.79148 0.04
0.193013 0.83661 0.04
0.236641 0.365296 0.04
0.595262 0.223853 0.04
0.88481 0.760146 0.04
0.615481 0.0717677 0.04
0.313748 0.1717 0.04
0.881085 0.249342 0.04
0.682708 0.234804 0.04
0.227948 0.521475 0.04
0.370378 0.991786 0.04
0.776749 0.301946 0.04
0.329903 0.743637 0.04
0.529863 0.856216 0.04
0.573607 0.474258 0.04
0.932003 0.780045 0.04
0.301148 0.802545 0.04
0.256603 0.428325 0.04
0.302939 0.255438 0.04
0.0214215 0.777337 0.04
0.450751 0.818184 0.04
0.828328 0.40072 0.04
0.951568 0.947553 0.04
0.962256 0.587633 0.04
0.162073 0.607654 0.04
0.632041 0.662911 0.04
0.459238 0.0764213 0.04
0.723756 0.794434 0.04
0.0175009 0.425419 0.04
0.457206 0.425455 0.04
0.682322 0.711769 0.04
0.0570134 0.577985 0.04
0.316503 0.777374 0.04
0.700035 0.0610485 0.04
0.943529 0.67891 0.04
0.728488 0.282763 0.04
0.232605 0.547002 0.04
0.508973 0.529974 0.04
0.136337 0.677514 0.04
0.0761453 0.940388 0.04
0.607349 0.619233 0.04
0.266938 0.621385 0.04
0.394535 0.985921 0.04
0.545529 0.470362 0.04
0.00460677 0.669995 0.04
0.208127 0.286189 0.04
0.867764 0.93813 0.04
0.690936 0.396602 0.04
0.168254 0.824634 0.04
0.36652 0.651295 0.04
0.91163 0.345459 0.04
0.541136 0.22132 0.04
0.354357 0.0160958 0.04
0.855958 0.736133 0.04
0.648924 0.435386 0.04
0.659247 0.983268 0.04
0.955319 0.768981 0.04
0.846438 0.0865815 0.04
0.791183 0.589412 0.04
0.204407 0.690937 0.04
0.480885 0.943906 0.04
0.582994 0.85487 0.04
0.39797 0.409355 0.04
0.437508 0.764735 0.04
0.22128 0.893119 0.04
0.662055 0.861062 0.04
0.894618 0.883769 0.04
0.605262 0.568453 0.04
