0.243075 0.64116 0.48622
0.199271 0.126044 0.76378
0.799475 0.978701 0.704724
0.250525 0.0570371 0.811024
0.551178 0.109814 0.852362
0.706835 0.54117 0.728346
0.832509 0.123747 0.94685
0.272764 0.845472 0.415354
0.617512 0.9131 0.598425
0.533297 0.831266 0.562992
0.0308386 0.250012 0.681102
0.265652 0.449216 0.59252
0.619686 0.645944 0.651575
0.077436 0.964217 0.279528
0.997786 0.262137 0.964567
0.604698 0.911204 0.59252
0.395077 0.880275 0.474409
0.539968 0.694666 0.598425
0.777702 0.854754 0.698819
0.615071 0.47405 0.71063
0.253406 0.516466 0.557087
0.320613 0.693169 0.492126
0.646678 0.2054 0.834646
0.605731 0.272308 0.793307
0.924206 0.44177 0.870079
0.617144 0.191469 0.834646
0.301347 0.699364 0.480315
0.355385 0.266403 0.716535
0.483838 0.376046 0.698819
0.124537 0.919432 0.314961
0.911046 0.434822 0.864173
0.375651 0.396032 0.651575
0.581261 0.220251 0.805118
0.126346 0.755301 0.397638
0.1669 0.318884 0.651575
0.632034 0.983352 0.604331
0.784776 0.694909 0.728346
0.959966 0.120736 1
0.280539 0.227402 0.722441
0.592634 0.366771 0.746063
0.0288567 0.982736 0.25
0.604042 0.7621 0.616142
0.522298 0.807525 0.557087
0.433199 0.213094 0.76378
0.0712509 0.894546 0.309055
0.480553 0.408134 0.681102
0.0924376 0.499163 0.53937
0.898592 0.956303 0.76378
0.824636 0.387573 0.834646
0.856658 0.646853 0.775591
0.594716 0.692608 0.627953
0.652537 0.159395 0.858268
0.472658 0.456043 0.65748
0.258147 0.702142 0.462598
0.270114 0.422021 0.610236
0.0495488 0.596848 0.480315
0.919571 0.951085 0.775591
0.505936 0.36404 0.71063
0.130547 0.845892 0.350394
0.532187 0.310599 0.746063
0.882219 0.102405 0.976378
0.254176 0.429817 0.604331
0.0905007 0.169833 0.734252
0.94266 0.812889 0.799213
0.7663 0.953361 0.687008
0.245289 0.0940362 0.787402
0.0894434 0.280631 0.663386
0.813099 0.163837 0.917323
0.995376 0.318792 0.940945
0.426119 0.257337 0.740157
0.197136 0.315261 0.65748
0.413211 0.0817824 0.82874
0.365243 0.457058 0.616142
0.661782 0.875246 0.627953
0.808981 0.400099 0.822835
0.174102 0.465191 0.568898
0.342861 0.807378 0.462598
0.171821 0.30401 0.65748
0.295637 0.695225 0.480315
0.108035 0.222766 0.698819
0.189775 0.0387209 0.816929
0.803333 0.217019 0.893701
0.427205 0.561018 0.59252
0.96739 0.215126 0.964567
0.386337 0.341011 0.681102
0.205251 0.397042 0.610236
0.356998 0.86379 0.456693
0.425759 0.284938 0.722441
0.177779 0.568807 0.509843
0.559913 0.621377 0.627953
0.442824 0.826318 0.509843
0.259559 0.133874 0.769685
0.780169 0.888768 0.698819
0.173041 0.351453 0.633858
0.500741 0.86053 0.53937
0.110942 0.43432 0.574803
0.350589 0.549897 0.568898
0.22999 0.162689 0.746063
0.625941 0.694135 0.639764
0.662196 0.843338 0.633858
