0.140035 0.327347
0.0558956 0.214257

0.140035 0.327347
0.250464 0.308124

0.490191 0.168866
0.284918 0.0511015

0.490191 0.168866
0.441615 0.118705

0.583465 0.0764456
0.486098 0.101612

0.583465 0.0764456
0.609633 0.115315

0.871896 0.751597
0.730285 0.664863

0.871896 0.751597
0.783676 0.694018

0.209011 0.375804
0.255039 0.387406

0.209011 0.375804
0.102304 0.440555

0.954556 0.90539
0.968517 0.963355

0.954556 0.90539
0.832594 0.96192

0.162672 0.661342
0.0329885 0.696049

0.162672 0.661342
0.251915 0.731899

0.449315 0.200224
0.387538 0.197832

0.449315 0.200224
0.477272 0.238371

0.776055 0.117832
0.855548 0.0433785

0.776055 0.117832
0.893771 0.102385

0.680475 0.379497
0.614651 0.320723

0.680475 0.379497
0.740122 0.372065

0.392191 0.732
0.274905 0.688219

0.392191 0.732
0.435089 0.744783

0.284918 0.0511015
0.441615 0.118705

0.855548 0.0433785
0.686679 0.158174

0.387538 0.197832
0.406511 0.311183

0.686679 0.158174
0.676072 0.237048

0.473596 0.35329
0.425718 0.462773

0.473596 0.35329
0.366753 0.358607

0.87989 0.649875
0.87166 0.819105

0.87989 0.649875
0.81772 0.583232

0.634405 0.758509
0.796576 0.859064

0.634405 0.758509
0.588797 0.688659

0.486098 0.101612
0.41376 0.207069

0.592322 0.643332
0.648763 0.499341

0.592322 0.643332
0.546264 0.597477

0.0558956 0.214257
0.157402 0.065206

0.456759 0.34945
0.366753 0.358607

0.456759 0.34945
0.532529 0.465699

0.968517 0.963355
0.742718 0.944402

0.721219 0.696039
0.730285 0.664863

0.721219 0.696039
0.783676 0.694018

0.329629 0.465661
0.204861 0.487425

0.329629 0.465661
0.345418 0.450095

0.68681 0.127526
0.623335 0.226191

0.68681 0.127526
0.609633 0.115315

0.163041 0.210499
0.250464 0.308124

0.163041 0.210499
0.157402 0.065206

0.62252 0.532581
0.677955 0.334127

0.62252 0.532581
0.648763 0.499341

0.558766 0.836911
0.540694 0.78806

0.558766 0.836911
0.52562 0.804884

0.965847 0.124128
0.900653 0.29369

0.965847 0.124128
0.728599 0.28608

0.895263 0.446176
0.945185 0.489038

0.895263 0.446176
0.740122 0.372065

0.0183857 0.621236
0.102304 0.440555

0.0183857 0.621236
0.0386836 0.583099

0.963105 0.136458
0.900653 0.29369

0.963105 0.136458
0.893771 0.102385

0.324133 0.918611
0.274905 0.688219

0.324133 0.918611
0.209543 0.673905

0.677955 0.334127
0.77277 0.259138

0.87166 0.819105
0.796576 0.859064

0.540694 0.78806
0.455382 0.744172

0.501667 0.897032
0.455382 0.744172

0.501667 0.897032
0.52562 0.804884

0.614651 0.320723
0.676072 0.237048

0.255039 0.387406
0.204861 0.487425

0.399593 0.554321
0.435694 0.569294

0.399593 0.554321
0.419247 0.562034

0.81772 0.583232
0.903137 0.425343

0.77277 0.259138
0.728599 0.28608

0.435694 0.569294
0.419247 0.562034

0.152109 0.76411
0.191178 0.768003

0.152109 0.76411
0.211447 0.844635

0.637356 0.542752
0.532529 0.465699

0.637356 0.542752
0.546264 0.597477

0.191178 0.768003
0.209543 0.673905

0.0203911 0.662709
0.0329885 0.696049

0.0203911 0.662709
0.145851 0.504965

0.425718 0.462773
0.339773 0.432071

0.018714 0.394654
0.0210174 0.437569

0.018714 0.394654
0.0589099 0.458999

0.127976 0.995691
0.257719 0.782666

0.127976 0.995691
0.251131 0.9573

0.57136 0.23276
0.623335 0.226191

0.57136 0.23276
0.553901 0.261438

0.435089 0.744783
0.588797 0.688659

0.339773 0.432071
0.345418 0.450095

0.477272 0.238371
0.41376 0.207069

0.406511 0.311183
0.489829 0.354456

0.0386836 0.583099
0.0210174 0.437569

0.903137 0.425343
0.945185 0.489038

0.631917 0.939028
0.742718 0.944402

0.631917 0.939028
0.832594 0.96192

0.553901 0.261438
0.489829 0.354456

0.211447 0.844635
0.251131 0.9573

0.251915 0.731899
0.257719 0.782666

0.0589099 0.458999
0.145851 0.504965

