0.296528 0.886274 0
0.113782 0.0248817 0
0.425424 0.973037 0
0.131227 0.063225 0
0.369949 0.749171 0
0.795848 0.61582 0
0.838316 0.872002 0
0.190297 0.887269 0
0.134217 0.0364337 0
0.839668 0.0391915 0
0.817079 0.730391 0
0.24857 0.0231281 0
0.448272 0.100421 0
0.756334 0.283783 0
0.435851 0.784705 0
0.9921 0.340761 0
0.923369 0.817491 0
0.226271 0.970574 0
0.564168 0.730922 0
0.976759 0.709437 0
0.779529 0.200987 0
0.116778 0.131928 0
0.801772 0.20435 0
0.284373 0.81896 0
0.417193 0.944293 0
0.7105 0.815376 0
0.983486 0.623365 0
0.545236 0.31845 0
0.299897 0.716317 0
0.22906 0.0618117 0
0.887869 0.0929999 0
0.738499 0.0139176 0
0.426775 0.655986 0
0.590154 0.796455 0
0.477633 0.281035 0
0.392574 0.214164 0
0.0628328 0.572008 0
0.573259 0.669335 0
0.376808 0.25847 0
0.373154 0.740268 0
0.794946 0.0576926 0
0.683599 0.231248 0
0.677483 0.0153513 0
0.508588 0.988912 0
0.154092 0.145817 0
0.333877 0.817208 0
0.676602 0.180788 0
0.21481 0.149858 0
0.924822 0.174334 0
0.162284 0.766054 0
0.340254 0.745102 0
0.757513 0.987057 0
0.459305 0.973168 0
0.404175 0.86544 0
0.167907 0.0949118 0
0.498199 0.604528 0
0.784896 0.592927 0
0.895931 0.344865 0
0.876784 0.0841048 0
0.229195 0.400272 0
0.278236 0.797968 0
0.955553 0.144114 0
0.393664 0.99565 0
0.906382 0.352755 0
0.990396 0.702802 0
0.239261 0.0653858 0
0.733836 0.601358 0
0.891028 0.0634802 0
0.995602 0.615545 0
0.684988 0.467012 0
0.251553 0.440681 0
0.394868 0.248007 0
0.552665 0.657709 0
0.972453 0.939255 0
0.592966 0.762951 0
0.980405 0.313273 0
0.290226 0.59869 0
0.65968 0.894152 0
0.0936 0.616261 0
0.755242 0.513761 0
0.795815 0.410605 0
0.781673 0.407049 0
0.4291 0.360009 0
0.0224834 0.564413 0
0.401981 0.0899954 0
0.0031322 0.892568 0
0.41205 0.560904 0
0.562963 0.295776 0
0.809203 0.745435 0
0.615119 0.265965 0
0.952454 0.469618 0
0.197761 0.43901 0
0.908214 0.0568546 0
0.717239 0.38079 0
0.648632 0.19279 0
0.88328 0.628644 0
0.51315 0.733829 0
0.933694 0.200051 0
0.221544 0.764034 0
0.888545 0.79946 0
