0.158716 0.273049
0.2841 0.260331

0.2841 0.260331
0.15267 0.314561

0.2841 0.260331
0.15267 0.314561

0.158716 0.273049
0.0759218 0.245531

0.0759218 0.245531
0.0770541 0.266127

0.0759218 0.245531
0.0770541 0.266127

0.512112 0.686517
0.742801 0.417603

0.512112 0.686517
0.742801 0.417603

0.512112 0.686517
0.504424 0.622408

0.504424 0.622408
0.587486 0.63783

0.504424 0.622408
0.587486 0.63783

0.878816 0.622715
0.764416 0.652047

0.878816 0.622715
0.764416 0.652047

0.878816 0.622715
0.810717 0.667096

0.878816 0.622715
0.810717 0.667096

0.654982 0.0992986
0.717832 0.203546

0.654982 0.0992986
0.717832 0.203546

0.654982 0.0992986
0.454991 0.0132524

0.654982 0.0992986
0.454991 0.0132524

0.432076 0.0683993
0.480673 0.196378

0.432076 0.0683993
0.480673 0.196378

0.432076 0.0683993
0.610056 0.132684

0.432076 0.0683993
0.610056 0.132684

0.322771 0.958231
0.184142 0.90345

0.184142 0.90345
0.139388 0.897154

0.184142 0.90345
0.139388 0.897154

0.322771 0.958231
0.184142 0.90345

0.322771 0.958231
0.184142 0.90345

0.717832 0.203546
0.681997 0.230202

0.717832 0.203546
0.681997 0.230202

0.0346893 0.97907
0.130497 0.819067

0.0346893 0.97907
0.130497 0.819067

0.0346893 0.97907
0.111213 0.80376

0.0346893 0.97907
0.111213 0.80376

0.804877 0.0304172
0.686672 0.221293

0.804877 0.0304172
0.686672 0.221293

0.804877 0.0304172
0.789858 0.0860595

0.789858 0.0860595
0.811257 0.0845018

0.789858 0.0860595
0.811257 0.0845018

0.636593 0.64349
0.704573 0.640567

0.636593 0.64349
0.704573 0.640567

0.636593 0.64349
0.708544 0.656172

0.636593 0.64349
0.708544 0.656172

0.139388 0.897154
0.182763 0.793589

0.139388 0.897154
0.182763 0.793589

0.269102 0.121993
0.287096 0.125366

0.287096 0.125366
0.282503 0.238063

0.287096 0.125366
0.282503 0.238063

0.269102 0.121993
0.257123 0.0583188

0.269102 0.121993
0.257123 0.0583188

0.487527 0.270685
0.480673 0.196378

0.487527 0.270685
0.480673 0.196378

0.487527 0.270685
0.536513 0.224109

0.487527 0.270685
0.536513 0.224109

0.0356358 0.027681
0.0759218 0.245531

0.0356358 0.027681
0.0759218 0.245531

0.0356358 0.027681
0.154909 0.617681

0.0356358 0.027681
0.154909 0.617681

0.619226 0.418085
0.64901 0.570172

0.64901 0.570172
0.704573 0.640567

0.64901 0.570172
0.704573 0.640567

0.619226 0.418085
0.506176 0.491365

0.506176 0.491365
0.154909 0.617681

0.506176 0.491365
0.154909 0.617681

0.804437 0.165416
0.818155 0.167002

0.818155 0.167002
0.971386 0.157352

0.818155 0.167002
0.971386 0.157352

0.804437 0.165416
0.984887 0.399296

0.804437 0.165416
0.984887 0.399296

0.764416 0.652047
0.708544 0.656172

0.764416 0.652047
0.708544 0.656172

0.757584 0.287725
0.738802 0.245614

0.757584 0.287725
0.738802 0.245614

0.757584 0.287725
0.737774 0.251545

0.757584 0.287725
0.737774 0.251545

0.326341 0.403244
0.405224 0.422307

0.326341 0.403244
0.405224 0.422307

0.326341 0.403244
0.642529 0.954286

0.326341 0.403244
0.642529 0.954286

0.130497 0.819067
0.0605575 0.827074

0.130497 0.819067
0.0605575 0.827074

0.764006 0.420101
0.819035 0.511322

0.764006 0.420101
0.819035 0.511322

0.764006 0.420101
0.920322 0.618588

0.764006 0.420101
0.920322 0.618588

0.928349 0.383734
0.840919 0.307193

0.928349 0.383734
0.840919 0.307193

0.928349 0.383734
0.97237 0.191375

0.928349 0.383734
0.97237 0.191375

0.819035 0.511322
0.708291 0.52462

0.819035 0.511322
0.708291 0.52462

0.810717 0.667096
0.863652 0.75316

0.810717 0.667096
0.863652 0.75316

0.0759218 0.245531
0.338136 0.399817

0.0759218 0.245531
0.338136 0.399817

0.971386 0.157352
0.818155 0.167002

0.971386 0.157352
0.818155 0.167002

0.0605575 0.827074
0.162391 0.861255

0.0605575 0.827074
0.162391 0.861255

0.504424 0.622408
0.587486 0.63783

0.504424 0.622408
0.587486 0.63783

0.504424 0.622408
0.512112 0.686517

0.512112 0.686517
0.500359 0.871933

0.512112 0.686517
0.500359 0.871933

0.786143 0.162597
0.76272 0.246784

0.786143 0.162597
0.76272 0.246784

0.786143 0.162597
0.738802 0.245614

0.786143 0.162597
0.738802 0.245614

0.13706 0.532153
0.0310592 0.624017

0.13706 0.532153
0.0310592 0.624017

0.13706 0.532153
0.231893 0.548192

0.13706 0.532153
0.231893 0.548192

0.742801 0.417603
0.86099 0.485915

0.742801 0.417603
0.86099 0.485915

0.2841 0.260331
0.405224 0.422307

0.2841 0.260331
0.405224 0.422307

0.2841 0.260331
0.0770541 0.266127

0.2841 0.260331
0.0770541 0.266127

0.600076 0.500939
0.506176 0.491365

0.600076 0.500939
0.506176 0.491365

0.600076 0.500939
0.658152 0.507675

0.600076 0.500939
0.658152 0.507675

0.282503 0.238063
0.0495866 0.0107799

0.282503 0.238063
0.0495866 0.0107799

0.863652 0.75316
0.783276 0.860329

0.783276 0.860329
0.77062 0.823054

0.77062 0.823054
0.640761 0.853351

0.77062 0.823054
0.640761 0.853351

0.988786 0.591587
0.941583 0.464949

0.988786 0.591587
0.941583 0.464949

0.988786 0.591587
0.920322 0.618588

0.988786 0.591587
0.920322 0.618588

0.506176 0.491365
0.338136 0.399817

0.338136 0.399817
0.326231 0.443747

0.338136 0.399817
0.326231 0.443747

0.195727 0.723819
0.0310592 0.624017

0.195727 0.723819
0.0310592 0.624017

0.195727 0.723819
0.182763 0.793589

0.182763 0.793589
0.194157 0.783035

0.182763 0.793589
0.194157 0.783035

0.283262 0.0619542
0.325776 0.00642262

0.325776 0.00642262
0.287096 0.125366

0.325776 0.00642262
0.287096 0.125366

0.283262 0.0619542
0.325776 0.00642262

0.283262 0.0619542
0.325776 0.00642262

0.642529 0.954286
0.736613 0.732125

0.642529 0.954286
0.736613 0.732125

0.818155 0.167002
0.789858 0.0860595

0.818155 0.167002
0.789858 0.0860595

0.338136 0.399817
0.274467 0.417351

0.338136 0.399817
0.274467 0.417351

0.840919 0.307193
0.76272 0.246784

0.840919 0.307193
0.76272 0.246784

0.871118 0.928495
0.832286 0.90779

0.871118 0.928495
0.832286 0.90779

0.871118 0.928495
0.832286 0.90779

0.832286 0.90779
0.856916 0.943584

0.832286 0.90779
0.856916 0.943584

0.184142 0.90345
0.251019 0.738605

0.184142 0.90345
0.251019 0.738605

0.941583 0.464949
0.984181 0.684452

0.941583 0.464949
0.984181 0.684452

0.658152 0.507675
0.64901 0.570172

0.658152 0.507675
0.64901 0.570172

0.935465 0.798634
0.77062 0.823054

0.935465 0.798634
0.77062 0.823054

0.935465 0.798634
0.863652 0.75316

0.863652 0.75316
0.708544 0.656172

0.708544 0.656172
0.64901 0.570172

0.708544 0.656172
0.64901 0.570172

0.686672 0.221293
0.610056 0.132684

0.686672 0.221293
0.610056 0.132684

0.97237 0.191375
0.704573 0.640567

0.704573 0.640567
0.528125 0.985041

0.704573 0.640567
0.528125 0.985041

0.653119 0.467717
0.64901 0.570172

0.64901 0.570172
0.687363 0.56268

0.64901 0.570172
0.687363 0.56268

0.653119 0.467717
0.577824 0.351576

0.653119 0.467717
0.577824 0.351576

0.274467 0.417351
0.326231 0.443747

0.274467 0.417351
0.326231 0.443747

0.672959 0.321982
0.577824 0.351576

0.672959 0.321982
0.577824 0.351576

0.672959 0.321982
0.737774 0.251545

0.672959 0.321982
0.737774 0.251545

0.77062 0.823054
0.823497 0.872563

0.77062 0.823054
0.823497 0.872563

0.194157 0.783035
0.182763 0.793589

0.194157 0.783035
0.182763 0.793589

0.984887 0.399296
0.86099 0.485915

0.984887 0.399296
0.86099 0.485915

0.823497 0.872563
0.231893 0.548192

0.823497 0.872563
0.231893 0.548192

0.640761 0.853351
0.736613 0.732125

0.640761 0.853351
0.736613 0.732125

0.528125 0.985041
0.25604 0.919817

0.528125 0.985041
0.25604 0.919817

0.708291 0.52462
0.64901 0.570172

0.64901 0.570172
0.687363 0.56268

0.64901 0.570172
0.687363 0.56268

0.789858 0.0860595
0.811257 0.0845018

0.789858 0.0860595
0.811257 0.0845018

0.832286 0.90779
0.823497 0.872563

0.823497 0.872563
0.783276 0.860329

0.823497 0.872563
0.783276 0.860329

0.111213 0.80376
0.251019 0.738605

0.111213 0.80376
0.251019 0.738605

0.536513 0.224109
0.686672 0.221293

0.686672 0.221293
0.681997 0.230202

0.686672 0.221293
0.681997 0.230202

0.162391 0.861255
0.25604 0.919817

0.162391 0.861255
0.25604 0.919817

0.15267 0.314561
0.0495866 0.0107799

0.15267 0.314561
0.0495866 0.0107799

0.257123 0.0583188
0.287096 0.125366

0.257123 0.0583188
0.287096 0.125366

0.856916 0.943584
0.935465 0.798634

0.935465 0.798634
0.984181 0.684452

0.935465 0.798634
0.984181 0.684452

0.783276 0.860329
0.77062 0.823054

0.77062 0.823054
0.500359 0.871933

0.77062 0.823054
0.500359 0.871933

0.454991 0.0132524
0.325776 0.00642262

0.454991 0.0132524
0.325776 0.00642262

