0.443019 0.978899 0.2
0.559946 0.230549 0.2
0.18825 0.304639 0.2
0.801544 0.0994834 0.2
0.551153 0.971162 0.2
0.319272 0.721735 0.2
0.304751 0.3756 0.2
0.707702 0.840864 0.2
0.357295 0.873789 0.2
0.843569 0.303581 0.2
0.291465 0.436482 0.2
0.471186 0.855758 0.2
0.604183 0.818785 0.2
0.546304 0.864361 0.2
0.0905024 0.681832 0.2
0.970095 0.829162 0.2
0.764652 0.457491 0.2
0.88515 0.500975 0.2
0.0583397 0.641494 0.2
0.111288 0.730731 0.2
0.825172 0.262001 0.2
0.735602 0.622686 0.2
0.967326 0.735757 0.2
0.579043 0.925152 0.2
0.245816 0.586634 0.2
0.120188 0.966595 0.2
0.900367 0.916241 0.2
0.433942 0.779796 0.2
0.970874 0.894572 0.2
0.50143 0.885612 0.2
0.918712 0.391963 0.2
0.0657791 0.089487 0.2
0.206451 0.407758 0.2
0.716804 0.940975 0.2
0.858072 0.100756 0.2
0.680067 0.328958 0.2
0.66875 0.341735 0.2
0.469693 0.784188 0.2
0.697214 0.762823 0.2
