0.43792 0.586475
0.36642 0.523597

0.43792 0.586475
0.123304 0.177129

0.0487653 0.853298
0.0379357 0.70539

0.0487653 0.853298
0.186895 0.838343

0.0379357 0.70539
0.113568 0.261686

0.704127 0.868944
0.652679 0.780147

0.704127 0.868944
0.96516 0.879955

0.708101 0.624363
0.555397 0.817625

0.708101 0.624363
0.595618 0.658033

0.113568 0.261686
0.36642 0.523597

0.921751 0.128666
0.894831 0.407441

0.921751 0.128666
0.645521 0.301695

0.894831 0.407441
0.915929 0.70221

0.194075 0.570675
0.123304 0.177129

0.194075 0.570675
0.186895 0.838343

0.652679 0.780147
0.555397 0.817625

0.915929 0.70221
0.96516 0.879955

0.645521 0.301695
0.84304 0.343532

0.735079 0.546461
0.595618 0.658033

0.735079 0.546461
0.84304 0.343532

