0.167593 0.0188506
0.131835 0.218422

0.167593 0.0188506
0.119208 0.102764

0.223779 0.480884
0.143854 0.528075

0.223779 0.480884
0.240633 0.415929

0.722896 0.0288765
0.783669 0.106341

0.722896 0.0288765
0.707134 0.226739

0.131835 0.218422
0.218241 0.206519

0.589382 0.35632
0.877376 0.374179

0.589382 0.35632
0.853484 0.589687

0.00125616 0.597883
0.153455 0.570025

0.00125616 0.597883
0.143854 0.528075

0.153455 0.570025
0.103708 0.638321

0.468026 0.353006
0.420156 0.482029

0.468026 0.353006
0.508929 0.544063

0.330406 0.54055
0.310101 0.524247

0.330406 0.54055
0.240633 0.415929

0.350442 0.223655
0.436858 0.160328

0.350442 0.223655
0.5197 0.273064

0.930543 0.922561
0.909691 0.946427

0.930543 0.922561
0.784913 0.972189

0.41421 0.14351
0.5197 0.273064

0.41421 0.14351
0.390783 0.0646915

0.474239 0.158446
0.436858 0.160328

0.474239 0.158446
0.325276 0.160893

0.55784 0.954317
0.909691 0.946427

0.55784 0.954317
0.784913 0.972189

0.887909 0.680611
0.572073 0.721456

0.887909 0.680611
0.6943 0.617173

0.114249 0.987922
0.328057 0.75123

0.114249 0.987922
0.0596196 0.944641

0.328057 0.75123
0.103708 0.638321

0.907427 0.253652
0.92025 0.353753

0.907427 0.253652
0.987681 0.243005

0.572073 0.721456
0.480182 0.866229

0.844997 0.15501
0.707134 0.226739

0.844997 0.15501
0.878299 0.0978542

0.6943 0.617173
0.658215 0.568152

0.119208 0.102764
0.390783 0.0646915

0.310101 0.524247
0.401224 0.487085

0.809139 0.445291
0.877376 0.374179

0.809139 0.445291
0.824397 0.598708

0.92025 0.353753
0.987681 0.243005

0.783669 0.106341
0.841551 0.118913

0.480182 0.866229
0.0596196 0.944641

0.218241 0.206519
0.325276 0.160893

0.420156 0.482029
0.401224 0.487085

0.841551 0.118913
0.878299 0.0978542

0.853484 0.589687
0.824397 0.598708

0.508929 0.544063
0.658215 0.568152

