0.914253 0.532496
0.955608 0.578471

0.914253 0.532496
0.446758 0.940971

0.914253 0.532496
0.782108 0.96786

0.914253 0.532496
0.000365618 0.0773631

0.3928 0.995442
0.8387 0.495585

0.3928 0.995442
0.804594 0.183096

0.3928 0.995442
0.000365618 0.0773631

0.3928 0.995442
0.0782007 0.44793

0.997126 0.939903
0.118133 0.958631

0.997126 0.939903
0.453636 0.91506

0.997126 0.939903
0.782108 0.96786

0.997126 0.939903
0.378131 0.330296

0.551767 0.503935
0.185469 0.386833

0.551767 0.503935
0.955608 0.578471

0.551767 0.503935
0.446758 0.940971

0.551767 0.503935
0.528571 0.253495

0.551767 0.503935
0.180952 0.528841

0.551767 0.503935
0.000365618 0.0773631

0.118133 0.958631
0.185469 0.386833

0.118133 0.958631
0.8387 0.495585

0.118133 0.958631
0.180952 0.528841

0.118133 0.958631
0.0782007 0.44793

0.301679 0.592584
0.955608 0.578471

0.301679 0.592584
0.8387 0.495585

0.301679 0.592584
0.528571 0.253495

0.301679 0.592584
0.782108 0.96786

0.301679 0.592584
0.378131 0.330296

0.301679 0.592584
0.804594 0.183096

0.301679 0.592584
0.180952 0.528841

0.301679 0.592584
0.0782007 0.44793

0.185469 0.386833
0.597403 0.111761

0.185469 0.386833
0.782108 0.96786

0.185469 0.386833
0.378131 0.330296

0.185469 0.386833
0.804594 0.183096

0.185469 0.386833
0.180952 0.528841

0.955608 0.578471
0.0782007 0.44793

0.446758 0.940971
0.8387 0.495585

0.446758 0.940971
0.528571 0.253495

0.446758 0.940971
0.877707 0.747451

0.446758 0.940971
0.782108 0.96786

0.446758 0.940971
0.000365618 0.0773631

0.8387 0.495585
0.453636 0.91506

0.8387 0.495585
0.804594 0.183096

0.8387 0.495585
0.180952 0.528841

0.597403 0.111761
0.877707 0.747451

0.597403 0.111761
0.782108 0.96786

0.597403 0.111761
0.378131 0.330296

0.597403 0.111761
0.000365618 0.0773631

0.597403 0.111761
0.0782007 0.44793

0.453636 0.91506
0.528571 0.253495

0.453636 0.91506
0.877707 0.747451

0.453636 0.91506
0.378131 0.330296

0.453636 0.91506
0.180952 0.528841

0.528571 0.253495
0.782108 0.96786

0.877707 0.747451
0.804594 0.183096

0.877707 0.747451
0.0782007 0.44793

0.804594 0.183096
0.000365618 0.0773631

