0.584496 0.68857 0.04
0.741615 0.733422 0.04
0.95177 0.265306 0.04
0.567171 0.316775 0.04
0.69048 0.537549 0.04
0.0501956 0.353872 0.04
0.224244 0.536143 0.04
0.696974 0.0232507 0.04
0.3095 0.297868 0.04
0.615705 0.757542 0.04
0.143279 0.28975 0.04
0.0513197 0.611175 0.04
0.784004 0.714334 0.04
0.679597 0.859816 0.04
0.331398 0.549485 0.04
0.24162 0.241203 0.04
0.157276 0.570684 0.04
0.0520542 0.124092 0.04
0.313437 0.0446535 0.04
0.555022 0.869414 0.04
0.299483 0.32489 0.04
0.148789 0.932599 0.04
0.245777 0.765191 0.04
0.811318 0.336098 0.04
0.794474 0.48748 0.04
0.358257 0.502004 0.04
0.179004 0.422622 0.04
0.33265 0.52217 0.04
0.951848 0.688638 0.04
0.537826 0.456572 0.04
0.412705 0.718781 0.04
0.848435 0.0055711 0.04
0.330995 0.103601 0.04
0.806566 0.463512 0.04
0.833984 0.423433 0.04
0.360413 0.285176 0.04
0.531156 0.733716 0.04
0.248111 0.524132 0.04
0.961873 0.47539 0.04
0.01038 0.598632 0.04
0.84332 0.929706 0.04
0.947181 0.369652 0.04
0.620194 0.341229 0.04
0.419415 0.796576 0.04
0.751767 0.801867 0.04
0.660656 0.0692612 0.04
0.347067 0.690965 0.04
0.366597 0.492695 0.04
0.806177 0.227392 0.04
0.616501 0.389818 0.04
0.0444125 0.0795289 0.04
0.121044 0.325083 0.04
0.264706 0.276622 0.04
0.344001 0.699661 0.04
0.314552 0.855344 0.04
0.685001 0.610793 0.04
0.4568 0.722676 0.04
0.770162 0.221288 0.04
0.424351 0.65155 0.04
0.894797 0.836676 0.04
0.745445 0.368568 0.04
0.780018 0.409002 0.04
0.206491 0.225238 0.04
0.50872 0.615057 0.04
0.725201 0.974679 0.04
0.004684 0.562946 0.04
0.144904 0.725982 0.04
0.368093 0.269325 0.04
0.728866 0.975623 0.04
0.918141 0.25395 0.04
0.98739 0.168375 0.04
0.675186 0.126278 0.04
0.429383 0.298136 0.04
0.720522 0.578254 0.04
0.623235 0.761063 0.04
0.634543 0.886782 0.04
0.97391 0.901177 0.04
0.639279 0.826327 0.04
0.564987 0.556021 0.04
0.212837 0.79596 0.04
0.768068 0.380788 0.04
0.312361 0.0407624 0.04
0.714986 0.273288 0.04
0.0290762 0.544026 0.04
0.385835 0.265315 0.04
0.735836 0.0932149 0.04
0.574675 0.375255 0.04
0.219918 0.535007 0.04
0.777006 0.834946 0.04
0.450814 0.934096 0.04
0.156923 0.785352 0.04
0.966074 0.936131 0.04
0.77394 0.862544 0.04
0.95864 0.629551 0.04
0.622371 0.716471 0.04
0.305836 0.401925 0.04
0.956972 0.749179 0.04
0.0150229 0.00599761 0.04
0.594579 0.536828 0.04
0.313281 0.999093 0.04
