0.812063 0.0879949
0.741619 0.185969

0.812063 0.0879949
0.858814 0.186747

0.500341 0.396234
0.525115 0.376238

0.500341 0.396234
0.599524 0.4022

0.977691 0.0152629
0.86483 0.136194

0.977691 0.0152629
0.97124 0.44887

0.350248 0.696739
0.156164 0.771989

0.350248 0.696739
0.376602 0.705521

0.911912 0.425874
0.783918 0.745756

0.911912 0.425874
0.635839 0.502887

0.782717 0.670704
0.783918 0.745756

0.782717 0.670704
0.97124 0.44887

0.632819 0.00704329
0.490248 0.136187

0.632819 0.00704329
0.662962 0.164756

0.86483 0.136194
0.752416 0.0158619

0.909386 0.442089
0.806723 0.204019

0.909386 0.442089
0.858814 0.186747

0.0895049 0.0806011
0.219974 0.0790234

0.0895049 0.0806011
0.0754808 0.00114455

0.92798 0.876202
0.913138 0.767207

0.92798 0.876202
0.907335 0.572163

0.557555 0.671162
0.693479 0.762124

0.557555 0.671162
0.635839 0.502887

0.219021 0.578589
0.409205 0.548543

0.219021 0.578589
0.156164 0.771989

0.409205 0.548543
0.391932 0.511717

0.365158 0.0568635
0.219974 0.0790234

0.365158 0.0568635
0.403841 0.183723

0.0592392 0.822394
0.0511221 0.831991

0.0592392 0.822394
0.296076 0.956624

0.150023 0.139084
0.303485 0.217141

0.150023 0.139084
0.0568226 0.044855

0.205071 0.401493
0.148715 0.407759

0.205071 0.401493
0.033733 0.373991

0.148715 0.407759
0.033733 0.373991

0.913138 0.767207
0.907335 0.572163

0.303485 0.217141
0.221219 0.394969

0.693479 0.762124
0.455338 0.973668

0.598718 0.17807
0.752416 0.0158619

0.598718 0.17807
0.662962 0.164756

0.221219 0.394969
0.272229 0.517438

0.741619 0.185969
0.806723 0.204019

0.0511221 0.831991
0.0405245 0.897525

0.376602 0.705521
0.312303 0.69507

0.0754808 0.00114455
0.0568226 0.044855

0.455338 0.973668
0.296076 0.956624

0.525115 0.376238
0.599524 0.4022

0.312303 0.69507
0.0405245 0.897525

0.490248 0.136187
0.403841 0.183723

0.272229 0.517438
0.391932 0.511717

