0.408627 0.763794
0.280733 0.785591

0.408627 0.763794
0.441674 0.869442

0.787452 0.472794
0.784216 0.304218

0.787452 0.472794
0.692767 0.405748

0.280733 0.785591
0.0284802 0.904176

0.351603 0.946042
0.441674 0.869442

0.351603 0.946042
0.329357 0.831071

0.766112 0.737224
0.653583 0.869575

0.766112 0.737224
0.562534 0.682787

0.614328 0.866399
0.562534 0.682787

0.614328 0.866399
0.67716 0.951293

0.323034 0.455254
0.335365 0.380689

0.323034 0.455254
0.00717721 0.589841

0.719659 0.283121
0.67813 0.258709

0.719659 0.283121
0.784216 0.304218

0.836478 0.315294
0.870923 0.432829

0.836478 0.315294
0.864667 0.27073

0.635027 0.158228
0.566486 0.130662

0.635027 0.158228
0.436313 0.130085

0.157681 0.298495
0.0532634 0.30248

0.157681 0.298495
0.00751705 0.13456

0.0307793 0.631331
0.221529 0.746001

0.0307793 0.631331
0.0532634 0.30248

0.695318 0.366384
0.529894 0.359522

0.695318 0.366384
0.819365 0.566567

0.870923 0.432829
0.945832 0.350686

0.261853 0.0452242
0.414371 0.105792

0.261853 0.0452242
0.262334 0.22876

0.53796 0.821534
0.535126 0.916318

0.53796 0.821534
0.582507 0.950158

0.414371 0.105792
0.496575 0.111894

0.566486 0.130662
0.529261 0.211868

0.195963 0.835015
0.329357 0.831071

0.195963 0.835015
0.054833 0.78344

0.535126 0.916318
0.67716 0.951293

0.67813 0.258709
0.529894 0.359522

0.945832 0.350686
0.902976 0.359348

0.0284802 0.904176
0.054833 0.78344

0.221529 0.746001
0.215449 0.767004

0.496575 0.111894
0.436313 0.130085

0.335365 0.380689
0.455367 0.212433

0.902976 0.359348
0.798929 0.434558

0.219525 0.280017
0.103397 0.109261

0.219525 0.280017
0.262334 0.22876

0.653583 0.869575
0.582507 0.950158

0.819365 0.566567
0.692767 0.405748

0.215449 0.767004
0.00717721 0.589841

0.00751705 0.13456
0.103397 0.109261

0.529261 0.211868
0.455367 0.212433

0.798929 0.434558
0.864667 0.27073

