0.386431 0.919183
0.410216 0.878346

0.386431 0.919183
0.463325 0.951966

0.799355 0.327368
0.782163 0.337721

0.799355 0.327368
0.812438 0.419331

0.401272 0.158559
0.425401 0.26826

0.401272 0.158559
0.430339 0.0511425

0.192625 0.084283
0.193798 0.017786

0.192625 0.084283
0.246244 0.123163

0.772068 0.228737
0.836356 0.139759

0.772068 0.228737
0.8554 0.03956

0.483144 0.361251
0.504075 0.346939

0.483144 0.361251
0.480544 0.36274

0.995535 0.693864
0.850248 0.59469

0.995535 0.693864
0.931665 0.732795

0.66939 0.514584
0.667554 0.529641

0.66939 0.514584
0.635017 0.5867

0.434407 0.152631
0.485649 0.108082

0.434407 0.152631
0.456415 0.0965185

0.519933 0.804734
0.628062 0.636858

0.519933 0.804734
0.607624 0.873565

0.132846 0.844066
0.210178 0.996887

0.132846 0.844066
0.260001 0.93022

0.632915 0.0337421
0.832808 0.0590111

0.632915 0.0337421
0.561022 0.0771473

0.437194 0.943794
0.463325 0.951966

0.437194 0.943794
0.3202 0.900718

0.425401 0.26826
0.324045 0.26268

0.479339 0.154396
0.561022 0.0771473

0.479339 0.154396
0.456415 0.0965185

0.293338 0.434992
0.122726 0.552041

0.293338 0.434992
0.244773 0.387877

0.211824 0.137184
0.227477 0.180004

0.211824 0.137184
0.185008 0.248044

0.597718 0.13485
0.516608 0.1294

0.597718 0.13485
0.543001 0.101803

0.600148 0.946413
0.667871 0.995204

0.600148 0.946413
0.547915 0.870393

0.152616 0.611193
0.111181 0.485006

0.152616 0.611193
0.0519818 0.517719

0.0818744 0.653663
0.038588 0.760628

0.0818744 0.653663
0.0231314 0.669159

0.775603 0.646472
0.739028 0.685673

0.775603 0.646472
0.781674 0.600966

0.90035 0.0076317
0.896335 0.0868992

0.90035 0.0076317
0.901393 0.00503899

0.182521 0.496065
0.23033 0.442791

0.182521 0.496065
0.204142 0.498614

0.210178 0.996887
0.176753 0.937308

0.850248 0.59469
0.793228 0.559125

0.479245 0.259248
0.446242 0.292305

0.479245 0.259248
0.467978 0.236141

0.583337 0.00631522
0.832808 0.0590111

0.583337 0.00631522
0.655864 0.0689076

0.421849 0.989836
0.515898 0.965537

0.421849 0.989836
0.410216 0.878346

0.407403 0.659973
0.438092 0.618471

0.407403 0.659973
0.506483 0.727608

0.358403 0.0429607
0.331198 0.0284247

0.358403 0.0429607
0.394443 0.0608699

0.111391 0.204302
0.188097 0.286884

0.111391 0.204302
0.0638908 0.127772

0.631525 0.222264
0.763739 0.22249

0.631525 0.222264
0.654567 0.294815

0.193798 0.017786
0.0275955 0.0822405

0.430339 0.0511425
0.348568 0.0537004

0.902621 0.443278
0.920266 0.477471

0.902621 0.443278
0.911203 0.393931

0.111181 0.485006
0.135093 0.560171

0.667871 0.995204
0.724076 0.887732

0.896335 0.0868992
0.823157 0.151995

0.628062 0.636858
0.487626 0.605169

0.425326 0.976803
0.377443 0.973601

0.425326 0.976803
0.479817 0.951761

0.622644 0.146555
0.570367 0.182277

0.622644 0.146555
0.543001 0.101803

0.868795 0.938266
0.930353 0.895322

0.868795 0.938266
0.848595 0.964302

0.104354 0.47835
0.0867671 0.358105

0.104354 0.47835
0.235887 0.500212

0.438092 0.618471
0.511175 0.515264

0.493279 0.446723
0.406685 0.489882

0.493279 0.446723
0.440429 0.535592

0.753082 0.66428
0.66054 0.792821

0.753082 0.66428
0.714659 0.705461

0.970375 0.579468
0.941105 0.365662

0.970375 0.579468
0.727254 0.490224

0.515898 0.965537
0.494689 0.973954

0.374605 0.0102041
0.348568 0.0537004

0.374605 0.0102041
0.394443 0.0608699

0.511175 0.515264
0.466541 0.557394

0.66054 0.792821
0.806952 0.743954

0.747816 0.85709
0.942425 0.826682

0.747816 0.85709
0.834039 0.999851

0.539898 0.504862
0.466541 0.557394

0.539898 0.504862
0.487626 0.605169

0.793228 0.559125
0.727254 0.490224

0.753953 0.179304
0.719066 0.18153

0.753953 0.179304
0.875221 0.156513

0.466122 0.225104
0.467978 0.236141

0.466122 0.225104
0.452506 0.25413

0.19704 0.193408
0.227477 0.180004

0.19704 0.193408
0.0650884 0.224634

0.705649 0.331725
0.782163 0.337721

0.705649 0.331725
0.654567 0.294815

0.901393 0.00503899
0.747815 0.0506147

0.504075 0.346939
0.556849 0.435871

0.246244 0.123163
0.219479 0.147182

0.513783 0.885379
0.527961 0.786402

0.513783 0.885379
0.607624 0.873565

0.913406 0.857751
0.930353 0.895322

0.913406 0.857751
0.877181 0.846897

0.332531 0.422753
0.327485 0.309883

0.332531 0.422753
0.23033 0.442791

0.0867671 0.358105
0.0464135 0.255366

0.527961 0.786402
0.547915 0.870393

0.655864 0.0689076
0.626064 0.134364

0.719066 0.18153
0.869441 0.0604042

0.920266 0.477471
0.98141 0.415724

0.98141 0.415724
0.9955 0.484511

0.446242 0.292305
0.479315 0.392733

0.0464135 0.255366
0.0616651 0.283296

0.911203 0.393931
0.855154 0.379131

0.806952 0.743954
0.726975 0.915898

0.942425 0.826682
0.989397 0.644645

0.675029 0.79159
0.724076 0.887732

0.675029 0.79159
0.714659 0.705461

0.194779 0.364691
0.235887 0.500212

0.194779 0.364691
0.195949 0.295433

0.626064 0.134364
0.823157 0.151995

0.377443 0.973601
0.260001 0.93022

0.224958 0.406155
0.122726 0.552041

0.224958 0.406155
0.244773 0.387877

0.321892 0.663793
0.313268 0.69451

0.321892 0.663793
0.340265 0.773483

0.763739 0.22249
0.945352 0.335057

0.247683 0.505508
0.313676 0.634125

0.247683 0.505508
0.204142 0.498614

0.479315 0.392733
0.406703 0.482678

0.478317 0.939299
0.479817 0.951761

0.478317 0.939299
0.494689 0.973954

0.31092 0.309656
0.387788 0.397059

0.31092 0.309656
0.365853 0.239672

0.387788 0.397059
0.406685 0.489882

0.0455416 0.840842
0.00350637 0.979264

0.0455416 0.840842
0.0231314 0.669159

0.344347 0.721035
0.386741 0.643375

0.344347 0.721035
0.333708 0.763432

0.480544 0.36274
0.556849 0.435871

0.516608 0.1294
0.548064 0.179608

0.834039 0.999851
0.848595 0.964302

0.327485 0.309883
0.253636 0.284356

0.0422505 0.781977
0.00350637 0.979264

0.0422505 0.781977
0.038588 0.760628

0.313268 0.69451
0.386741 0.643375

0.989397 0.644645
0.931665 0.732795

0.0616651 0.283296
0.0645385 0.19256

0.238127 0.807044
0.340265 0.773483

0.238127 0.807044
0.304609 0.739314

0.0650884 0.224634
0.03632 0.0978559

0.333708 0.763432
0.390888 0.778335

0.292182 0.0263532
0.331198 0.0284247

0.292182 0.0263532
0.485649 0.108082

0.91812 0.149304
0.875221 0.156513

0.91812 0.149304
0.975041 0.263854

0.667554 0.529641
0.628041 0.530931

0.3202 0.900718
0.304924 0.969189

0.390888 0.778335
0.506483 0.727608

0.570367 0.182277
0.548064 0.179608

0.869441 0.0604042
0.99652 0.312133

0.941105 0.365662
0.9955 0.484511

0.747815 0.0506147
0.791849 0.0357545

0.176753 0.937308
0.319325 0.887849

0.781539 0.492977
0.838818 0.382704

0.781539 0.492977
0.844039 0.443895

0.452506 0.25413
0.365853 0.239672

0.304924 0.969189
0.35954 0.911403

0.253636 0.284356
0.188097 0.286884

0.726975 0.915898
0.877181 0.846897

0.812438 0.419331
0.844039 0.443895

0.0519818 0.517719
0.135093 0.560171

0.628041 0.530931
0.635017 0.5867

0.219479 0.147182
0.214694 0.227724

0.836356 0.139759
0.791849 0.0357545

0.8554 0.03956
0.975041 0.263854

0.319325 0.887849
0.35954 0.911403

0.739028 0.685673
0.733276 0.651116

0.324045 0.26268
0.249675 0.24832

0.249675 0.24832
0.195949 0.295433

0.838818 0.382704
0.855154 0.379131

0.440429 0.535592
0.406703 0.482678

0.03632 0.0978559
0.0645385 0.19256

0.781674 0.600966
0.767081 0.663452

0.733276 0.651116
0.767081 0.663452

0.99652 0.312133
0.945352 0.335057

0.304609 0.739314
0.328116 0.784943

0.0638908 0.127772
0.0275955 0.0822405

0.313676 0.634125
0.328116 0.784943

0.214694 0.227724
0.185008 0.248044

