0.287247 0.797757 0.04
0.633101 0.754751 0.04
0.754372 0.834699 0.04
0.645095 0.329147 0.04
0.952621 0.874693 0.04
0.000284556 0.456171 0.04
0.980041 0.255731 0.04
0.463966 0.86884 0.04
0.360622 0.316726 0.04
0.972319 0.639738 0.04
0.200159 0.92088 0.04
0.437227 0.724841 0.04
0.290729 0.63138 0.04
0.664443 0.769325 0.04
0.199932 0.45712 0.04
0.887661 0.571708 0.04
0.382297 0.60867 0.04
0.202762 0.244705 0.04
0.110479 0.572105 0.04
0.145563 0.435612 0.04
0.847263 0.146573 0.04
0.215893 0.504534 0.04
0.567572 0.478951 0.04
0.0426693 0.770207 0.04
0.563345 0.145324 0.04
0.789568 0.238566 0.04
0.846349 0.410576 0.04
0.930286 0.869051 0.04
0.816666 0.51668 0.04
0.947423 0.204125 0.04
0.845354 0.582145 0.04
0.849227 0.357877 0.04
0.797066 0.484113 0.04
0.0535227 0.894954 0.04
0.905931 0.225576 0.04
0.588713 0.0992983 0.04
0.345997 0.251895 0.04
0.330652 0.677849 0.04
0.778683 0.0109324 0.04
0.96667 0.725216 0.04
0.511132 0.651436 0.04
0.199671 0.566507 0.04
0.648629 0.393301 0.04
0.0902653 0.648473 0.04
0.270683 0.482413 0.04
0.824226 0.451809 0.04
0.148356 0.245458 0.04
0.576997 0.433916 0.04
0.762262 0.902348 0.04
0.0385983 0.550131 0.04
0.819747 0.500017 0.04
0.838225 0.316063 0.04
0.780692 0.29614 0.04
0.565771 0.258412 0.04
0.480046 0.896411 0.04
0.926291 0.270669 0.04
0.477625 0.520818 0.04
0.314991 0.658202 0.04
0.250151 0.946733 0.04
0.455172 0.53924 0.04
0.732665 0.174514 0.04
0.924826 0.0134387 0.04
0.969375 0.540098 0.04
0.724375 0.850124 0.04
0.982939 0.918121 0.04
0.360759 0.751295 0.04
0.0507523 0.687698 0.04
0.913044 0.799574 0.04
0.846989 0.499662 0.04
0.454673 0.155726 0.04
0.742451 0.61944 0.04
0.369762 0.259962 0.04
0.36296 0.32937 0.04
0.811284 0.732377 0.04
0.320129 0.909716 0.04
0.52841 0.588944 0.04
0.270258 0.977023 0.04
0.308449 0.947805 0.04
0.742374 0.823811 0.04
0.720899 0.10093 0.04
0.982288 0.9321 0.04
0.0575224 0.105651 0.04
0.429629 0.672252 0.04
0.166844 0.70292 0.04
0.485125 0.0453308 0.04
0.469787 0.754031 0.04
0.0112737 0.301461 0.04
0.740085 0.622083 0.04
0.0702846 0.908282 0.04
0.679452 0.362717 0.04
0.120983 0.883953 0.04
0.128961 0.784341 0.04
0.00839178 0.0343957 0.04
0.497677 0.0678539 0.04
0.719871 0.00692664 0.04
0.135125 0.0787346 0.04
0.660869 0.162941 0.04
0.767336 0.738997 0.04
0.0767239 0.76052 0.04
