0.31209 0.338323
0.661042 0.143418

0.31209 0.338323
0.25042 0.652589

0.31209 0.338323
0.72765 0.250539

0.31209 0.338323
0.432885 0.579529

0.31209 0.338323
0.784318 0.0559238

0.31209 0.338323
0.848193 0.778259

0.31209 0.338323
0.891934 0.625162

0.31209 0.338323
0.986065 0.866869

0.31209 0.338323
0.743338 0.210336

0.31209 0.338323
0.634454 0.0109972

0.31209 0.338323
0.61711 0.314605

0.31209 0.338323
0.618138 0.72699

0.31209 0.338323
0.256967 0.920182

0.31209 0.338323
0.731645 0.48363

0.31209 0.338323
0.740301 0.601699

0.31209 0.338323
0.582617 0.843426

0.31209 0.338323
0.68913 0.400403

