0.494049 0.0346208 0.702055
0.815575 0.200064 0.743151
0.0998996 0.254941 0.640411
0.999288 0.90665 1
0.164497 0.0295154 0.763699
0.687789 0.876786 0.753425
0.937249 0.0668776 0.917808
0.0696343 0.271791 0.660959
0.189936 0.445504 0.486301
0.0458854 0.630661 0.671233
0.379519 0.603924 0.40411
0.857737 0.47563 0.702055
0.293112 0.683244 0.506849
0.751566 0.349822 0.609589
0.722971 0.171816 0.681507
0.00955117 0.333577 0.691781
0.257227 0.164329 0.599315
0.269381 0.442009 0.40411
0.681184 0.309456 0.558219
0.419039 0.463269 0.25
