0.714409 0.693002
0.732802 0.663925

0.714409 0.693002
0.72963 0.689604

0.929668 0.234748
0.877863 0.191022

0.929668 0.234748
0.929527 0.375088

0.168328 0.380291
0.177299 0.351278

0.168328 0.380291
0.1325 0.35569

0.482748 0.34016
0.514632 0.371519

0.482748 0.34016
0.540123 0.387357

0.569595 0.822329
0.580402 0.819161

0.569595 0.822329
0.625679 0.843966

0.44855 0.737875
0.345912 0.692141

0.44855 0.737875
0.492367 0.709824

0.580402 0.819161
0.625679 0.843966

0.345912 0.692141
0.332546 0.751232

0.38613 0.000612431
0.415785 0.0517551

0.38613 0.000612431
0.360851 0.01838

0.514632 0.371519
0.540123 0.387357

0.0159779 0.856479
0.00994576 0.754203

0.0159779 0.856479
0.00273918 0.773753

0.415785 0.0517551
0.360851 0.01838

0.177299 0.351278
0.109568 0.380725

0.230311 0.06435
0.250349 0.0589271

0.230311 0.06435
0.171689 0.073844

0.877863 0.191022
0.977124 0.220416

0.732802 0.663925
0.72963 0.689604

0.250349 0.0589271
0.171689 0.073844

0.109568 0.380725
0.1325 0.35569

0.655192 0.129089
0.663237 0.104115

0.655192 0.129089
0.661265 0.108837

0.977124 0.220416
0.929527 0.375088

0.332546 0.751232
0.492367 0.709824

0.00994576 0.754203
0.00273918 0.773753

0.942187 0.735386
0.949524 0.835006

0.942187 0.735386
0.885508 0.791063

0.663237 0.104115
0.661265 0.108837

0.949524 0.835006
0.885508 0.791063

