0.898795 0.726247 0.972222
0.44832 0.727767 0.75
0.240605 0.190075 0.388889
0.167481 0.84332 0.777778
0.855231 0.605902 0.916667
0.225916 0.138144 0.388889
0.69628 0.00395114 0.694444
0.663731 0.236999 0.694444
0.967218 0.707773 1
0.403504 0.199341 0.5
0.493378 0.984463 0.944444
0.941752 0.177144 0.861111
0.641014 0.227659 0.666667
0.115829 0.910979 0.805556
0.9918 0.615652 1
0.89067 0.233173 0.833333
0.557454 0.454821 0.666667
0.601358 0.452742 0.694444
0.262616 0.544749 0.583333
0.0481123 0.108679 0.25
