0.142494 0.969947 0.02
0.0899471 0.369394 0.02
0.314641 0.264111 0.02
0.489937 0.165776 0.02
0.00303769 0.915266 0.02
0.21256 0.520231 0.02
0.894639 0.467908 0.02
0.699215 0.439769 0.02
0.0574246 0.853261 0.02
0.833302 0.324387 0.02
0.203299 0.438691 0.02
0.602099 0.188743 0.02
0.652102 0.447253 0.02
0.324835 0.948687 0.02
0.451702 0.794204 0.02
0.0514943 0.948861 0.02
0.638398 0.489782 0.02
0.606919 0.889052 0.02
0.996903 0.0574702 0.02
0.620228 0.40813 0.02
0.40549 0.600167 0.02
0.866327 0.742501 0.02
0.166034 0.121772 0.02
0.894824 0.257284 0.02
0.188596 0.261104 0.02
0.589438 0.456274 0.02
0.193867 0.47043 0.02
0.87077 0.436408 0.02
0.828427 0.389328 0.02
0.85439 0.464541 0.02
0.962636 0.538363 0.02
0.457315 0.313015 0.02
0.571669 0.872579 0.02
0.326733 0.581404 0.02
0.152631 0.907236 0.02
0.138005 0.457014 0.02
0.531278 0.873992 0.02
0.0248872 0.854785 0.02
0.694262 0.887081 0.02
0.495993 0.126067 0.02
0.735978 0.826065 0.02
0.959574 0.0770307 0.02
0.501149 0.74782 0.02
0.709101 0.0408086 0.02
0.0296836 0.0802555 0.02
0.11509 0.840528 0.02
0.246429 0.415865 0.02
0.643648 0.221435 0.02
