0.00170087 0.558258
0.133461 0.247259

0.00170087 0.558258
0.402998 0.875933

0.820367 0.326039
0.546219 0.181952

0.820367 0.326039
0.838418 0.582655

0.133461 0.247259
0.271784 0.633961

0.820635 0.123041
0.887284 0.49164

0.820635 0.123041
0.938989 0.386673

0.402998 0.875933
0.316627 0.879134

0.316627 0.879134
0.123336 0.682755

0.929953 0.737182
0.450973 0.638786

0.929953 0.737182
0.622151 0.354066

0.537759 0.694664
0.887284 0.49164

0.537759 0.694664
0.838418 0.582655

0.450973 0.638786
0.271784 0.633961

0.0208045 0.178258
0.453659 0.102914

0.0208045 0.178258
0.082615 0.569919

0.453659 0.102914
0.082615 0.569919

0.622151 0.354066
0.938989 0.386673

0.546219 0.181952
0.364587 0.185282

0.364587 0.185282
0.123336 0.682755

