0.897901 0.726918 0.05
0.940256 0.790998 0.05
0.616505 0.245526 0.05
0.210143 0.0891233 0.05
0.741331 0.973672 0.05
0.517338 0.691744 0.05
0.609813 0.603744 0.05
0.686799 0.131461 0.05
0.958297 0.40632 0.05
0.125331 0.381162 0.05
0.987009 0.380731 0.05
0.02218 0.900985 0.05
0.00841861 0.57177 0.05
0.178879 0.125109 0.05
0.305871 0.284481 0.05
0.687605 0.0665813 0.05
0.130396 0.224111 0.05
0.033229 0.411713 0.05
0.770417 0.308951 0.05
0.274395 0.452092 0.05
0.216573 0.667564 0.05
0.192121 0.759277 0.05
0.382075 0.496186 0.05
0.428632 0.765498 0.05
0.283544 0.0623707 0.05
0.265159 0.183861 0.05
0.0992584 0.519634 0.05
0.853372 0.802662 0.05
0.0236088 0.478308 0.05
0.826889 0.086345 0.05
0.446153 0.884433 0.05
0.829323 0.281798 0.05
0.355136 0.439722 0.05
0.608366 0.461427 0.05
0.316827 0.769032 0.05
0.648543 0.805746 0.05
0.892596 0.486542 0.05
0.176416 0.870188 0.05
0.887388 0.814095 0.05
0.756776 0.681821 0.05
0.20358 0.0697697 0.05
0.505372 0.434158 0.05
0.121233 0.31604 0.05
0.140663 0.821679 0.05
0.988637 0.554601 0.05
0.0177923 0.428135 0.05
0.491212 0.71225 0.05
0.919673 0.941809 0.05
0.205777 0.80616 0.05
0.270812 0.3663 0.05
