0.202461 0.0283495 0.1
0.174751 0.882903 0.1
0.897035 0.166954 0.1
0.0166088 0.489307 0.1
0.0964779 0.365479 0.1
0.699693 0.349743 0.1
0.250826 0.872237 0.1
0.527915 0.229792 0.1
0.0374752 0.625924 0.1
0.800028 0.392007 0.1
0.893496 0.503434 0.1
0.724025 0.368096 0.1
0.734986 0.00408003 0.1
0.22305 0.529077 0.1
0.836566 0.160851 0.1
0.492796 0.518527 0.1
0.402832 0.346269 0.1
0.205139 0.329952 0.1
0.0266763 0.848875 0.1
0.456326 0.0945636 0.1
0.37794 0.952548 0.1
0.236912 0.183006 0.1
0.551299 0.777615 0.1
0.305338 0.618633 0.1
0.179455 0.856032 0.1
0.4777 0.25972 0.1
0.134228 0.882988 0.1
0.577351 0.634486 0.1
0.780644 0.13265 0.1
0.604178 0.64825 0.1
0.0321928 0.0238478 0.1
0.416648 0.149738 0.1
0.120619 0.581211 0.1
0.829197 0.223154 0.1
0.952168 0.203557 0.1
0.306526 0.403978 0.1
0.999321 0.690123 0.1
0.95597 0.185809 0.1
0.613795 0.93053 0.1
0.834219 0.499698 0.1
