0.850198 0.549241 0
0.887428 0.850815 0
0.309077 0.39869 0
0.722834 0.12609 0
0.585335 0.364653 0
0.286768 0.203936 0
0.432066 0.0776848 0
0.141645 0.927999 0
0.259939 0.407733 0
0.792878 0.441862 0
0.523362 0.132949 0
0.449214 0.0409959 0
0.0171256 0.0302545 0
0.239233 0.682624 0
0.615634 0.24781 0
0.0342409 0.687494 0
0.301688 0.544288 0
0.0790257 0.656375 0
0.702077 0.740602 0
0.567648 0.497137 0
0.624465 0.755995 0
0.316694 0.502972 0
0.349205 0.628566 0
0.750393 0.583682 0
0.896845 0.655627 0
0.583406 0.870568 0
0.129703 0.828712 0
0.556162 0.0116704 0
0.414936 0.86104 0
0.00967193 0.907119 0
0.715683 0.477571 0
0.21104 0.221231 0
0.644668 0.464163 0
0.865364 0.179842 0
0.660638 0.23663 0
0.431012 0.606671 0
0.211005 0.166071 0
0.51473 0.0951151 0
0.660156 0.633587 0
0.526458 0.413527 0
0.327859 0.304799 0
0.917755 0.996784 0
0.369884 0.0124979 0
0.984393 0.37434 0
0.107365 0.0190122 0
0.230273 0.694064 0
0.331456 0.534819 0
0.331692 0.360547 0
0.985588 0.767057 0
0.888588 0.783686 0
0.157404 0.70635 0
0.959434 0.712863 0
0.812666 0.304358 0
0.126771 0.348769 0
0.128029 0.203982 0
0.511872 0.285522 0
0.369874 0.885632 0
0.00431129 0.933363 0
0.0615673 0.41924 0
0.434155 0.823361 0
0.394272 0.00436474 0
0.854919 0.442739 0
0.42203 0.461696 0
0.718727 0.653842 0
0.638131 0.231662 0
0.809481 0.733854 0
0.156654 0.252247 0
0.51132 0.686689 0
0.517163 0.678871 0
0.808065 0.723674 0
0.836911 0.395974 0
0.207711 0.541997 0
0.541277 0.587184 0
0.00755533 0.614287 0
0.114969 0.410528 0
0.2474 0.392945 0
0.3175 0.0497583 0
0.3359 0.901994 0
0.959145 0.658939 0
0.0300694 0.0874352 0
0.522698 0.447171 0
0.443952 0.150795 0
0.632479 0.199385 0
0.493731 0.117599 0
0.112004 0.589341 0
0.0920787 0.187974 0
0.381395 0.634791 0
0.889918 0.819507 0
0.427 0.122514 0
0.748608 0.779341 0
0.0294294 0.221177 0
0.609609 0.546767 0
0.0191641 0.0734633 0
0.108219 0.697425 0
0.388458 0.568352 0
0.481332 0.643021 0
0.307747 0.4074 0
0.73283 0.699179 0
0.181239 0.715336 0
0.65649 0.747061 0
