0.723695 0.758793
0.0412202 0.23759

0.723695 0.758793
0.499395 0.227114

0.723695 0.758793
0.626639 0.0982981

0.723695 0.758793
0.21782 0.0455998

0.723695 0.758793
0.939256 0.170123

0.723695 0.758793
0.59422 0.228494

0.723695 0.758793
0.551777 0.118198

0.723695 0.758793
0.703545 0.667731

0.723695 0.758793
0.912706 0.797943

0.723695 0.758793
0.204747 0.315061

0.723695 0.758793
0.230612 0.16268

0.723695 0.758793
0.0935178 0.893921

0.723695 0.758793
0.638816 0.072884

0.723695 0.758793
0.575342 0.992448

0.723695 0.758793
0.418443 0.603939

0.723695 0.758793
0.779571 0.434169

0.723695 0.758793
0.905193 0.293337

0.723695 0.758793
0.944701 0.398868

0.723695 0.758793
0.861508 0.423522

0.723695 0.758793
0.63633 0.610881

0.723695 0.758793
0.884552 0.267699

0.723695 0.758793
0.44036 0.642363

0.723695 0.758793
0.894146 0.671147

0.723695 0.758793
0.843077 0.0965642

0.723695 0.758793
0.820025 0.991018

0.723695 0.758793
0.0445362 0.0486963

0.723695 0.758793
0.63517 0.769782

0.723695 0.758793
0.25083 0.347397

0.723695 0.758793
0.616939 0.0510324

0.723695 0.758793
0.0418997 0.150996

0.723695 0.758793
0.219872 0.804515

0.723695 0.758793
0.505043 0.617954

0.723695 0.758793
0.659925 0.946131

0.723695 0.758793
0.0732341 0.629825

0.723695 0.758793
0.396899 0.0927102

0.723695 0.758793
0.0405195 0.577722

0.723695 0.758793
0.777804 0.694166

0.256913 0.641869
0.436433 0.707807

0.256913 0.641869
0.52511 0.177393

0.256913 0.641869
0.673192 0.147985

0.256913 0.641869
0.104783 0.47073

0.256913 0.641869
0.626639 0.0982981

0.256913 0.641869
0.0367362 0.256619

0.256913 0.641869
0.551777 0.118198

0.256913 0.641869
0.453807 0.365065

0.256913 0.641869
0.625643 0.552396

0.256913 0.641869
0.441824 0.295745

0.256913 0.641869
0.303342 0.708992

0.256913 0.641869
0.81546 0.0974186

0.256913 0.641869
0.418443 0.603939

0.256913 0.641869
0.26668 0.0393494

0.256913 0.641869
0.63633 0.610881

0.256913 0.641869
0.778389 0.26732

0.256913 0.641869
0.44036 0.642363

0.256913 0.641869
0.894146 0.671147

0.256913 0.641869
0.338981 0.451547

0.256913 0.641869
0.63517 0.769782

0.256913 0.641869
0.616939 0.0510324

0.256913 0.641869
0.769705 0.563058

0.256913 0.641869
0.33506 0.431643

0.256913 0.641869
0.245979 0.880405

0.256913 0.641869
0.611061 0.504355

0.256913 0.641869
0.396899 0.0927102

0.256913 0.641869
0.337467 0.53819

0.256913 0.641869
0.777804 0.694166

0.825541 0.102155
0.436433 0.707807

0.825541 0.102155
0.499395 0.227114

0.825541 0.102155
0.090375 0.659853

0.825541 0.102155
0.419791 0.126984

0.825541 0.102155
0.0935178 0.893921

0.825541 0.102155
0.625643 0.552396

0.825541 0.102155
0.981331 0.633545

0.825541 0.102155
0.441824 0.295745

0.825541 0.102155
0.303342 0.708992

0.825541 0.102155
0.337604 0.418504

0.825541 0.102155
0.536908 0.245783

0.825541 0.102155
0.835371 0.684431

0.825541 0.102155
0.996013 0.211244

0.825541 0.102155
0.81989 0.466728

0.825541 0.102155
0.25083 0.347397

0.825541 0.102155
0.144808 0.104756

0.825541 0.102155
0.505043 0.617954

0.825541 0.102155
0.659925 0.946131

0.825541 0.102155
0.33506 0.431643

0.825541 0.102155
0.245979 0.880405

0.825541 0.102155
0.611061 0.504355

0.825541 0.102155
0.239182 0.965472

0.825541 0.102155
0.512828 0.0595145

0.825541 0.102155
0.663178 0.984265

0.0412202 0.23759
0.963515 0.142689

0.0412202 0.23759
0.499395 0.227114

0.0412202 0.23759
0.561159 0.840586

0.0412202 0.23759
0.104783 0.47073

0.0412202 0.23759
0.930294 0.626659

0.0412202 0.23759
0.21782 0.0455998

0.0412202 0.23759
0.204747 0.315061

0.0412202 0.23759
0.230612 0.16268

0.0412202 0.23759
0.635143 0.0367209

0.0412202 0.23759
0.0850792 0.993112

0.0412202 0.23759
0.575342 0.992448

0.0412202 0.23759
0.576187 0.862417

0.0412202 0.23759
0.786053 0.279153

0.0412202 0.23759
0.779571 0.434169

0.0412202 0.23759
0.649587 0.133119

0.0412202 0.23759
0.0492984 0.0169003

0.0412202 0.23759
0.207793 0.732743

0.0412202 0.23759
0.337604 0.418504

0.0412202 0.23759
0.26668 0.0393494

0.0412202 0.23759
0.536908 0.245783

0.0412202 0.23759
0.44036 0.642363

0.0412202 0.23759
0.843077 0.0965642

0.0412202 0.23759
0.820025 0.991018

0.0412202 0.23759
0.996013 0.211244

0.0412202 0.23759
0.63517 0.769782

0.0412202 0.23759
0.840836 0.948035

0.0412202 0.23759
0.25083 0.347397

0.0412202 0.23759
0.616939 0.0510324

0.0412202 0.23759
0.219872 0.804515

0.0412202 0.23759
0.33506 0.431643

0.0412202 0.23759
0.611061 0.504355

0.0412202 0.23759
0.166121 0.447313

0.0412202 0.23759
0.777804 0.694166

0.0412202 0.23759
0.663178 0.984265

0.963515 0.142689
0.436433 0.707807

0.963515 0.142689
0.52511 0.177393

0.963515 0.142689
0.673192 0.147985

0.963515 0.142689
0.419791 0.126984

0.963515 0.142689
0.59422 0.228494

0.963515 0.142689
0.551777 0.118198

0.963515 0.142689
0.204747 0.315061

0.963515 0.142689
0.230612 0.16268

0.963515 0.142689
0.638816 0.072884

0.963515 0.142689
0.441824 0.295745

0.963515 0.142689
0.285332 0.392469

0.963515 0.142689
0.418443 0.603939

0.963515 0.142689
0.710421 0.735933

0.963515 0.142689
0.905193 0.293337

0.963515 0.142689
0.196758 0.154865

0.963515 0.142689
0.989875 0.322674

0.963515 0.142689
0.0492984 0.0169003

0.963515 0.142689
0.861508 0.423522

0.963515 0.142689
0.778389 0.26732

0.963515 0.142689
0.0379585 0.309801

0.963515 0.142689
0.894146 0.671147

0.963515 0.142689
0.0445362 0.0486963

0.963515 0.142689
0.81989 0.466728

0.963515 0.142689
0.25083 0.347397

0.963515 0.142689
0.0418997 0.150996

0.963515 0.142689
0.769705 0.563058

0.963515 0.142689
0.33506 0.431643

0.963515 0.142689
0.799665 0.760568

0.963515 0.142689
0.611061 0.504355

0.436433 0.707807
0.561159 0.840586

0.436433 0.707807
0.104783 0.47073

0.436433 0.707807
0.703545 0.667731

0.436433 0.707807
0.912706 0.797943

0.436433 0.707807
0.7208 0.234531

0.436433 0.707807
0.0935178 0.893921

0.436433 0.707807
0.0850792 0.993112

0.436433 0.707807
0.638816 0.072884

0.436433 0.707807
0.575342 0.992448

0.436433 0.707807
0.285332 0.392469

0.436433 0.707807
0.81546 0.0974186

0.436433 0.707807
0.418443 0.603939

0.436433 0.707807
0.786053 0.279153

0.436433 0.707807
0.649587 0.133119

0.436433 0.707807
0.196758 0.154865

0.436433 0.707807
0.989875 0.322674

0.436433 0.707807
0.207793 0.732743

0.436433 0.707807
0.337604 0.418504

0.436433 0.707807
0.26668 0.0393494

0.436433 0.707807
0.861508 0.423522

0.436433 0.707807
0.778389 0.26732

0.436433 0.707807
0.843077 0.0965642

0.436433 0.707807
0.996013 0.211244

0.436433 0.707807
0.0418997 0.150996

0.436433 0.707807
0.219872 0.804515

0.436433 0.707807
0.0700871 0.571047

0.436433 0.707807
0.769705 0.563058

0.436433 0.707807
0.659925 0.946131

0.436433 0.707807
0.396899 0.0927102

0.436433 0.707807
0.337467 0.53819

0.436433 0.707807
0.512828 0.0595145

0.499395 0.227114
0.673192 0.147985

0.499395 0.227114
0.0648728 0.630048

0.499395 0.227114
0.930294 0.626659

0.499395 0.227114
0.0367362 0.256619

0.499395 0.227114
0.551777 0.118198

0.499395 0.227114
0.703545 0.667731

0.499395 0.227114
0.453807 0.365065

0.499395 0.227114
0.7208 0.234531

0.499395 0.227114
0.204747 0.315061

0.499395 0.227114
0.575342 0.992448

0.499395 0.227114
0.441824 0.295745

0.499395 0.227114
0.81546 0.0974186

0.499395 0.227114
0.710421 0.735933

0.499395 0.227114
0.786053 0.279153

0.499395 0.227114
0.196758 0.154865

0.499395 0.227114
0.337604 0.418504

0.499395 0.227114
0.26668 0.0393494

0.499395 0.227114
0.496401 0.128546

0.499395 0.227114
0.63633 0.610881

0.499395 0.227114
0.44036 0.642363

0.499395 0.227114
0.894146 0.671147

0.499395 0.227114
0.820025 0.991018

0.499395 0.227114
0.996013 0.211244

0.499395 0.227114
0.338981 0.451547

0.499395 0.227114
0.81989 0.466728

0.499395 0.227114
0.0418997 0.150996

0.499395 0.227114
0.659925 0.946131

0.499395 0.227114
0.33506 0.431643

0.499395 0.227114
0.799665 0.760568

0.499395 0.227114
0.396899 0.0927102

0.499395 0.227114
0.239182 0.965472

0.52511 0.177393
0.0648728 0.630048

0.52511 0.177393
0.104783 0.47073

0.52511 0.177393
0.0367362 0.256619

0.52511 0.177393
0.21782 0.0455998

0.52511 0.177393
0.59422 0.228494

0.52511 0.177393
0.912706 0.797943

0.52511 0.177393
0.635143 0.0367209

0.52511 0.177393
0.659898 0.304453

0.52511 0.177393
0.285332 0.392469

0.52511 0.177393
0.303342 0.708992

0.52511 0.177393
0.418443 0.603939

0.52511 0.177393
0.905193 0.293337

0.52511 0.177393
0.196758 0.154865

0.52511 0.177393
0.207793 0.732743

0.52511 0.177393
0.26668 0.0393494

0.52511 0.177393
0.944701 0.398868

0.52511 0.177393
0.536908 0.245783

0.52511 0.177393
0.63633 0.610881

0.52511 0.177393
0.778389 0.26732

0.52511 0.177393
0.884552 0.267699

0.52511 0.177393
0.44036 0.642363

0.52511 0.177393
0.843077 0.0965642

0.52511 0.177393
0.63517 0.769782

0.52511 0.177393
0.144808 0.104756

0.52511 0.177393
0.611061 0.504355

0.52511 0.177393
0.396899 0.0927102

0.52511 0.177393
0.663178 0.984265

0.561159 0.840586
0.673192 0.147985

0.561159 0.840586
0.104783 0.47073

0.561159 0.840586
0.419791 0.126984

0.561159 0.840586
0.21782 0.0455998

0.561159 0.840586
0.551777 0.118198

0.561159 0.840586
0.7208 0.234531

0.561159 0.840586
0.0935178 0.893921

0.561159 0.840586
0.625643 0.552396

0.561159 0.840586
0.981331 0.633545

0.561159 0.840586
0.303342 0.708992

0.561159 0.840586
0.786053 0.279153

0.561159 0.840586
0.905193 0.293337

0.561159 0.840586
0.778389 0.26732

0.561159 0.840586
0.616939 0.0510324

0.561159 0.840586
0.505043 0.617954

0.561159 0.840586
0.769705 0.563058

0.561159 0.840586
0.33506 0.431643

0.561159 0.840586
0.0405195 0.577722

0.561159 0.840586
0.663178 0.984265

0.673192 0.147985
0.090375 0.659853

0.673192 0.147985
0.0367362 0.256619

0.673192 0.147985
0.59422 0.228494

0.673192 0.147985
0.233755 0.163341

0.673192 0.147985
0.453807 0.365065

0.673192 0.147985
0.7208 0.234531

0.673192 0.147985
0.981331 0.633545

0.673192 0.147985
0.73302 0.0687969

0.673192 0.147985
0.285332 0.392469

0.673192 0.147985
0.303342 0.708992

0.673192 0.147985
0.81546 0.0974186

0.673192 0.147985
0.196758 0.154865

0.673192 0.147985
0.0492984 0.0169003

0.673192 0.147985
0.778389 0.26732

0.673192 0.147985
0.996013 0.211244

0.673192 0.147985
0.0445362 0.0486963

0.673192 0.147985
0.317971 0.744501

0.673192 0.147985
0.0418997 0.150996

0.673192 0.147985
0.219872 0.804515

0.673192 0.147985
0.799665 0.760568

0.673192 0.147985
0.777804 0.694166

0.673192 0.147985
0.663178 0.984265

0.0648728 0.630048
0.419791 0.126984

0.0648728 0.630048
0.21782 0.0455998

0.0648728 0.630048
0.703545 0.667731

0.0648728 0.630048
0.453807 0.365065

0.0648728 0.630048
0.575342 0.992448

0.0648728 0.630048
0.659898 0.304453

0.0648728 0.630048
0.73302 0.0687969

0.0648728 0.630048
0.285332 0.392469

0.0648728 0.630048
0.303342 0.708992

0.0648728 0.630048
0.710421 0.735933

0.0648728 0.630048
0.905193 0.293337

0.0648728 0.630048
0.649587 0.133119

0.0648728 0.630048
0.196758 0.154865

0.0648728 0.630048
0.337604 0.418504

0.0648728 0.630048
0.496401 0.128546

0.0648728 0.630048
0.861508 0.423522

0.0648728 0.630048
0.884552 0.267699

0.0648728 0.630048
0.0379585 0.309801

0.0648728 0.630048
0.820025 0.991018

0.0648728 0.630048
0.81989 0.466728

0.0648728 0.630048
0.840836 0.948035

0.0648728 0.630048
0.317971 0.744501

0.0648728 0.630048
0.898852 0.967513

0.0648728 0.630048
0.0418997 0.150996

0.0648728 0.630048
0.505043 0.617954

0.0648728 0.630048
0.769705 0.563058

0.0648728 0.630048
0.245979 0.880405

0.0648728 0.630048
0.0732341 0.629825

0.0648728 0.630048
0.777804 0.694166

0.0648728 0.630048
0.512828 0.0595145

0.104783 0.47073
0.626639 0.0982981

0.104783 0.47073
0.090375 0.659853

0.104783 0.47073
0.21782 0.0455998

0.104783 0.47073
0.939256 0.170123

0.104783 0.47073
0.7208 0.234531

0.104783 0.47073
0.0935178 0.893921

0.104783 0.47073
0.625643 0.552396

0.104783 0.47073
0.441824 0.295745

0.104783 0.47073
0.285332 0.392469

0.104783 0.47073
0.461842 0.993605

0.104783 0.47073
0.786053 0.279153

0.104783 0.47073
0.779571 0.434169

0.104783 0.47073
0.0492984 0.0169003

0.104783 0.47073
0.337604 0.418504

0.104783 0.47073
0.0310789 0.38361

0.104783 0.47073
0.861508 0.423522

0.104783 0.47073
0.63633 0.610881

0.104783 0.47073
0.894146 0.671147

0.104783 0.47073
0.820025 0.991018

0.104783 0.47073
0.338981 0.451547

0.104783 0.47073
0.25083 0.347397

0.104783 0.47073
0.769705 0.563058

0.104783 0.47073
0.0732341 0.629825

0.104783 0.47073
0.544714 0.224586

0.104783 0.47073
0.0405195 0.577722

0.626639 0.0982981
0.939256 0.170123

0.626639 0.0982981
0.230612 0.16268

0.626639 0.0982981
0.638816 0.072884

0.626639 0.0982981
0.575342 0.992448

0.626639 0.0982981
0.659898 0.304453

0.626639 0.0982981
0.576187 0.862417

0.626639 0.0982981
0.441824 0.295745

0.626639 0.0982981
0.649587 0.133119

0.626639 0.0982981
0.0492984 0.0169003

0.626639 0.0982981
0.207793 0.732743

0.626639 0.0982981
0.337604 0.418504

0.626639 0.0982981
0.944701 0.398868

0.626639 0.0982981
0.840836 0.948035

0.626639 0.0982981
0.0418997 0.150996

0.626639 0.0982981
0.144808 0.104756

0.626639 0.0982981
0.659925 0.946131

0.626639 0.0982981
0.33506 0.431643

0.626639 0.0982981
0.544714 0.224586

0.626639 0.0982981
0.396899 0.0927102

0.626639 0.0982981
0.337467 0.53819

0.626639 0.0982981
0.0405195 0.577722

0.626639 0.0982981
0.166121 0.447313

0.090375 0.659853
0.59422 0.228494

0.090375 0.659853
0.551777 0.118198

0.090375 0.659853
0.233755 0.163341

0.090375 0.659853
0.912706 0.797943

0.090375 0.659853
0.7208 0.234531

0.090375 0.659853
0.0850792 0.993112

0.090375 0.659853
0.981331 0.633545

0.090375 0.659853
0.576187 0.862417

0.090375 0.659853
0.73302 0.0687969

0.090375 0.659853
0.81546 0.0974186

0.090375 0.659853
0.710421 0.735933

0.090375 0.659853
0.461842 0.993605

0.090375 0.659853
0.905193 0.293337

0.090375 0.659853
0.196758 0.154865

0.090375 0.659853
0.536908 0.245783

0.090375 0.659853
0.0379585 0.309801

0.090375 0.659853
0.840836 0.948035

0.090375 0.659853
0.317971 0.744501

0.090375 0.659853
0.144808 0.104756

0.090375 0.659853
0.219872 0.804515

0.090375 0.659853
0.505043 0.617954

0.090375 0.659853
0.0700871 0.571047

0.090375 0.659853
0.769705 0.563058

0.090375 0.659853
0.245979 0.880405

0.090375 0.659853
0.611061 0.504355

0.090375 0.659853
0.396899 0.0927102

0.090375 0.659853
0.777804 0.694166

0.090375 0.659853
0.663178 0.984265

0.419791 0.126984
0.703545 0.667731

0.419791 0.126984
0.635143 0.0367209

0.419791 0.126984
0.0935178 0.893921

0.419791 0.126984
0.981331 0.633545

0.419791 0.126984
0.576187 0.862417

0.419791 0.126984
0.441824 0.295745

0.419791 0.126984
0.418443 0.603939

0.419791 0.126984
0.461842 0.993605

0.419791 0.126984
0.786053 0.279153

0.419791 0.126984
0.779571 0.434169

0.419791 0.126984
0.905193 0.293337

0.419791 0.126984
0.649587 0.133119

0.419791 0.126984
0.196758 0.154865

0.419791 0.126984
0.337604 0.418504

0.419791 0.126984
0.0310789 0.38361

0.419791 0.126984
0.496401 0.128546

0.419791 0.126984
0.820025 0.991018

0.419791 0.126984
0.0418997 0.150996

0.419791 0.126984
0.219872 0.804515

0.419791 0.126984
0.505043 0.617954

0.419791 0.126984
0.769705 0.563058

0.419791 0.126984
0.659925 0.946131

0.419791 0.126984
0.396899 0.0927102

0.419791 0.126984
0.166121 0.447313

0.419791 0.126984
0.663178 0.984265

0.930294 0.626659
0.703545 0.667731

0.930294 0.626659
0.453807 0.365065

0.930294 0.626659
0.7208 0.234531

0.930294 0.626659
0.230612 0.16268

0.930294 0.626659
0.981331 0.633545

0.930294 0.626659
0.659898 0.304453

0.930294 0.626659
0.418443 0.603939

0.930294 0.626659
0.710421 0.735933

0.930294 0.626659
0.461842 0.993605

0.930294 0.626659
0.196758 0.154865

0.930294 0.626659
0.337604 0.418504

0.930294 0.626659
0.944701 0.398868

0.930294 0.626659
0.536908 0.245783

0.930294 0.626659
0.778389 0.26732

0.930294 0.626659
0.843077 0.0965642

0.930294 0.626659
0.820025 0.991018

0.930294 0.626659
0.338981 0.451547

0.930294 0.626659
0.63517 0.769782

0.930294 0.626659
0.317971 0.744501

0.930294 0.626659
0.25083 0.347397

0.930294 0.626659
0.219872 0.804515

0.930294 0.626659
0.33506 0.431643

0.930294 0.626659
0.0405195 0.577722

0.930294 0.626659
0.166121 0.447313

0.930294 0.626659
0.777804 0.694166

0.930294 0.626659
0.663178 0.984265

0.0367362 0.256619
0.59422 0.228494

0.0367362 0.256619
0.453807 0.365065

0.0367362 0.256619
0.204747 0.315061

0.0367362 0.256619
0.575342 0.992448

0.0367362 0.256619
0.303342 0.708992

0.0367362 0.256619
0.461842 0.993605

0.0367362 0.256619
0.786053 0.279153

0.0367362 0.256619
0.779571 0.434169

0.0367362 0.256619
0.905193 0.293337

0.0367362 0.256619
0.196758 0.154865

0.0367362 0.256619
0.944701 0.398868

0.0367362 0.256619
0.843077 0.0965642

0.0367362 0.256619
0.820025 0.991018

0.0367362 0.256619
0.840836 0.948035

0.0367362 0.256619
0.25083 0.347397

0.0367362 0.256619
0.898852 0.967513

0.0367362 0.256619
0.219872 0.804515

0.0367362 0.256619
0.505043 0.617954

0.0367362 0.256619
0.33506 0.431643

0.0367362 0.256619
0.245979 0.880405

0.0367362 0.256619
0.0732341 0.629825

0.0367362 0.256619
0.337467 0.53819

0.0367362 0.256619
0.166121 0.447313

0.21782 0.0455998
0.939256 0.170123

0.21782 0.0455998
0.551777 0.118198

0.21782 0.0455998
0.912706 0.797943

0.21782 0.0455998
0.0935178 0.893921

0.21782 0.0455998
0.576187 0.862417

0.21782 0.0455998
0.73302 0.0687969

0.21782 0.0455998
0.285332 0.392469

0.21782 0.0455998
0.418443 0.603939

0.21782 0.0455998
0.779571 0.434169

0.21782 0.0455998
0.905193 0.293337

0.21782 0.0455998
0.207793 0.732743

0.21782 0.0455998
0.26668 0.0393494

0.21782 0.0455998
0.778389 0.26732

0.21782 0.0455998
0.884552 0.267699

0.21782 0.0455998
0.820025 0.991018

0.21782 0.0455998
0.0445362 0.0486963

0.21782 0.0455998
0.898852 0.967513

0.21782 0.0455998
0.0418997 0.150996

0.21782 0.0455998
0.659925 0.946131

0.21782 0.0455998
0.33506 0.431643

0.21782 0.0455998
0.799665 0.760568

0.21782 0.0455998
0.337467 0.53819

0.21782 0.0455998
0.0405195 0.577722

0.21782 0.0455998
0.777804 0.694166

0.21782 0.0455998
0.512828 0.0595145

0.939256 0.170123
0.233755 0.163341

0.939256 0.170123
0.204747 0.315061

0.939256 0.170123
0.638816 0.072884

0.939256 0.170123
0.575342 0.992448

0.939256 0.170123
0.461842 0.993605

0.939256 0.170123
0.786053 0.279153

0.939256 0.170123
0.944701 0.398868

0.939256 0.170123
0.861508 0.423522

0.939256 0.170123
0.44036 0.642363

0.939256 0.170123
0.338981 0.451547

0.939256 0.170123
0.63517 0.769782

0.939256 0.170123
0.81989 0.466728

0.939256 0.170123
0.317971 0.744501

0.939256 0.170123
0.25083 0.347397

0.939256 0.170123
0.0418997 0.150996

0.939256 0.170123
0.505043 0.617954

0.939256 0.170123
0.0700871 0.571047

0.939256 0.170123
0.245979 0.880405

0.939256 0.170123
0.799665 0.760568

0.939256 0.170123
0.0405195 0.577722

0.59422 0.228494
0.233755 0.163341

0.59422 0.228494
0.703545 0.667731

0.59422 0.228494
0.453807 0.365065

0.59422 0.228494
0.7208 0.234531

0.59422 0.228494
0.0935178 0.893921

0.59422 0.228494
0.981331 0.633545

0.59422 0.228494
0.303342 0.708992

0.59422 0.228494
0.418443 0.603939

0.59422 0.228494
0.461842 0.993605

0.59422 0.228494
0.905193 0.293337

0.59422 0.228494
0.196758 0.154865

0.59422 0.228494
0.0492984 0.0169003

0.59422 0.228494
0.337604 0.418504

0.59422 0.228494
0.0310789 0.38361

0.59422 0.228494
0.26668 0.0393494

0.59422 0.228494
0.884552 0.267699

0.59422 0.228494
0.44036 0.642363

0.59422 0.228494
0.0379585 0.309801

0.59422 0.228494
0.338981 0.451547

0.59422 0.228494
0.317971 0.744501

0.59422 0.228494
0.0418997 0.150996

0.59422 0.228494
0.219872 0.804515

0.59422 0.228494
0.0700871 0.571047

0.59422 0.228494
0.33506 0.431643

0.59422 0.228494
0.245979 0.880405

0.59422 0.228494
0.799665 0.760568

0.59422 0.228494
0.544714 0.224586

0.59422 0.228494
0.337467 0.53819

0.59422 0.228494
0.0405195 0.577722

0.551777 0.118198
0.703545 0.667731

0.551777 0.118198
0.453807 0.365065

0.551777 0.118198
0.204747 0.315061

0.551777 0.118198
0.625643 0.552396

0.551777 0.118198
0.0850792 0.993112

0.551777 0.118198
0.576187 0.862417

0.551777 0.118198
0.73302 0.0687969

0.551777 0.118198
0.710421 0.735933

0.551777 0.118198
0.649587 0.133119

0.551777 0.118198
0.196758 0.154865

0.551777 0.118198
0.207793 0.732743

0.551777 0.118198
0.63633 0.610881

0.551777 0.118198
0.778389 0.26732

0.551777 0.118198
0.996013 0.211244

0.551777 0.118198
0.898852 0.967513

0.551777 0.118198
0.616939 0.0510324

0.551777 0.118198
0.505043 0.617954

0.551777 0.118198
0.799665 0.760568

0.551777 0.118198
0.611061 0.504355

0.551777 0.118198
0.0405195 0.577722

0.551777 0.118198
0.512828 0.0595145

0.233755 0.163341
0.204747 0.315061

0.233755 0.163341
0.625643 0.552396

0.233755 0.163341
0.981331 0.633545

0.233755 0.163341
0.576187 0.862417

0.233755 0.163341
0.461842 0.993605

0.233755 0.163341
0.0492984 0.0169003

0.233755 0.163341
0.944701 0.398868

0.233755 0.163341
0.861508 0.423522

0.233755 0.163341
0.884552 0.267699

0.233755 0.163341
0.835371 0.684431

0.233755 0.163341
0.616939 0.0510324

0.233755 0.163341
0.144808 0.104756

0.233755 0.163341
0.0732341 0.629825

0.233755 0.163341
0.663178 0.984265

0.703545 0.667731
0.912706 0.797943

0.703545 0.667731
0.204747 0.315061

0.703545 0.667731
0.230612 0.16268

0.703545 0.667731
0.635143 0.0367209

0.703545 0.667731
0.0935178 0.893921

0.703545 0.667731
0.625643 0.552396

0.703545 0.667731
0.0850792 0.993112

0.703545 0.667731
0.73302 0.0687969

0.703545 0.667731
0.779571 0.434169

0.703545 0.667731
0.905193 0.293337

0.703545 0.667731
0.337604 0.418504

0.703545 0.667731
0.496401 0.128546

0.703545 0.667731
0.63633 0.610881

0.703545 0.667731
0.0379585 0.309801

0.703545 0.667731
0.835371 0.684431

0.703545 0.667731
0.996013 0.211244

0.703545 0.667731
0.338981 0.451547

0.703545 0.667731
0.81989 0.466728

0.703545 0.667731
0.317971 0.744501

0.703545 0.667731
0.25083 0.347397

0.703545 0.667731
0.898852 0.967513

0.703545 0.667731
0.616939 0.0510324

0.703545 0.667731
0.0418997 0.150996

0.703545 0.667731
0.144808 0.104756

0.703545 0.667731
0.505043 0.617954

0.703545 0.667731
0.769705 0.563058

0.703545 0.667731
0.33506 0.431643

0.703545 0.667731
0.245979 0.880405

0.703545 0.667731
0.0732341 0.629825

0.703545 0.667731
0.799665 0.760568

0.703545 0.667731
0.544714 0.224586

0.703545 0.667731
0.611061 0.504355

0.703545 0.667731
0.239182 0.965472

0.703545 0.667731
0.0405195 0.577722

0.703545 0.667731
0.166121 0.447313

0.703545 0.667731
0.663178 0.984265

0.912706 0.797943
0.204747 0.315061

0.912706 0.797943
0.0935178 0.893921

0.912706 0.797943
0.625643 0.552396

0.912706 0.797943
0.638816 0.072884

0.912706 0.797943
0.575342 0.992448

0.912706 0.797943
0.441824 0.295745

0.912706 0.797943
0.989875 0.322674

0.912706 0.797943
0.496401 0.128546

0.912706 0.797943
0.884552 0.267699

0.912706 0.797943
0.44036 0.642363

0.912706 0.797943
0.0445362 0.0486963

0.912706 0.797943
0.338981 0.451547

0.912706 0.797943
0.63517 0.769782

0.912706 0.797943
0.81989 0.466728

0.912706 0.797943
0.840836 0.948035

0.912706 0.797943
0.505043 0.617954

0.912706 0.797943
0.0700871 0.571047

0.912706 0.797943
0.799665 0.760568

0.912706 0.797943
0.544714 0.224586

0.912706 0.797943
0.396899 0.0927102

0.453807 0.365065
0.204747 0.315061

0.453807 0.365065
0.230612 0.16268

0.453807 0.365065
0.0935178 0.893921

0.453807 0.365065
0.0850792 0.993112

0.453807 0.365065
0.981331 0.633545

0.453807 0.365065
0.303342 0.708992

0.453807 0.365065
0.418443 0.603939

0.453807 0.365065
0.710421 0.735933

0.453807 0.365065
0.989875 0.322674

0.453807 0.365065
0.0492984 0.0169003

0.453807 0.365065
0.207793 0.732743

0.453807 0.365065
0.337604 0.418504

0.453807 0.365065
0.944701 0.398868

0.453807 0.365065
0.536908 0.245783

0.453807 0.365065
0.778389 0.26732

0.453807 0.365065
0.338981 0.451547

0.453807 0.365065
0.81989 0.466728

0.453807 0.365065
0.799665 0.760568

0.453807 0.365065
0.544714 0.224586

0.453807 0.365065
0.239182 0.965472

0.453807 0.365065
0.663178 0.984265

0.7208 0.234531
0.204747 0.315061

0.7208 0.234531
0.230612 0.16268

0.7208 0.234531
0.638816 0.072884

0.7208 0.234531
0.576187 0.862417

0.7208 0.234531
0.418443 0.603939

0.7208 0.234531
0.786053 0.279153

0.7208 0.234531
0.905193 0.293337

0.7208 0.234531
0.649587 0.133119

0.7208 0.234531
0.207793 0.732743

0.7208 0.234531
0.944701 0.398868

0.7208 0.234531
0.884552 0.267699

0.7208 0.234531
0.894146 0.671147

0.7208 0.234531
0.840836 0.948035

0.7208 0.234531
0.25083 0.347397

0.7208 0.234531
0.219872 0.804515

0.7208 0.234531
0.505043 0.617954

0.7208 0.234531
0.0700871 0.571047

0.7208 0.234531
0.769705 0.563058

0.7208 0.234531
0.33506 0.431643

0.7208 0.234531
0.611061 0.504355

0.7208 0.234531
0.239182 0.965472

0.7208 0.234531
0.166121 0.447313

0.7208 0.234531
0.663178 0.984265

0.204747 0.315061
0.625643 0.552396

0.204747 0.315061
0.638816 0.072884

0.204747 0.315061
0.981331 0.633545

0.204747 0.315061
0.659898 0.304453

0.204747 0.315061
0.73302 0.0687969

0.204747 0.315061
0.418443 0.603939

0.204747 0.315061
0.710421 0.735933

0.204747 0.315061
0.0492984 0.0169003

0.204747 0.315061
0.26668 0.0393494

0.204747 0.315061
0.0379585 0.309801

0.204747 0.315061
0.0700871 0.571047

0.204747 0.315061
0.33506 0.431643

0.204747 0.315061
0.245979 0.880405

0.204747 0.315061
0.544714 0.224586

0.204747 0.315061
0.611061 0.504355

0.204747 0.315061
0.337467 0.53819

0.204747 0.315061
0.777804 0.694166

0.204747 0.315061
0.512828 0.0595145

0.230612 0.16268
0.649587 0.133119

0.230612 0.16268
0.944701 0.398868

0.230612 0.16268
0.536908 0.245783

0.230612 0.16268
0.496401 0.128546

0.230612 0.16268
0.884552 0.267699

0.230612 0.16268
0.0379585 0.309801

0.230612 0.16268
0.894146 0.671147

0.230612 0.16268
0.835371 0.684431

0.230612 0.16268
0.996013 0.211244

0.230612 0.16268
0.63517 0.769782

0.230612 0.16268
0.317971 0.744501

0.230612 0.16268
0.0418997 0.150996

0.230612 0.16268
0.144808 0.104756

0.230612 0.16268
0.219872 0.804515

0.230612 0.16268
0.505043 0.617954

0.230612 0.16268
0.33506 0.431643

0.230612 0.16268
0.799665 0.760568

0.230612 0.16268
0.166121 0.447313

0.635143 0.0367209
0.638816 0.072884

0.635143 0.0367209
0.659898 0.304453

0.635143 0.0367209
0.441824 0.295745

0.635143 0.0367209
0.285332 0.392469

0.635143 0.0367209
0.303342 0.708992

0.635143 0.0367209
0.81546 0.0974186

0.635143 0.0367209
0.710421 0.735933

0.635143 0.0367209
0.461842 0.993605

0.635143 0.0367209
0.786053 0.279153

0.635143 0.0367209
0.196758 0.154865

0.635143 0.0367209
0.536908 0.245783

0.635143 0.0367209
0.496401 0.128546

0.635143 0.0367209
0.63633 0.610881

0.635143 0.0367209
0.778389 0.26732

0.635143 0.0367209
0.44036 0.642363

0.635143 0.0367209
0.835371 0.684431

0.635143 0.0367209
0.996013 0.211244

0.635143 0.0367209
0.0445362 0.0486963

0.635143 0.0367209
0.25083 0.347397

0.635143 0.0367209
0.505043 0.617954

0.635143 0.0367209
0.0700871 0.571047

0.635143 0.0367209
0.544714 0.224586

0.635143 0.0367209
0.337467 0.53819

0.0935178 0.893921
0.625643 0.552396

0.0935178 0.893921
0.575342 0.992448

0.0935178 0.893921
0.441824 0.295745

0.0935178 0.893921
0.303342 0.708992

0.0935178 0.893921
0.786053 0.279153

0.0935178 0.893921
0.196758 0.154865

0.0935178 0.893921
0.989875 0.322674

0.0935178 0.893921
0.207793 0.732743

0.0935178 0.893921
0.44036 0.642363

0.0935178 0.893921
0.0379585 0.309801

0.0935178 0.893921
0.843077 0.0965642

0.0935178 0.893921
0.820025 0.991018

0.0935178 0.893921
0.835371 0.684431

0.0935178 0.893921
0.81989 0.466728

0.0935178 0.893921
0.840836 0.948035

0.0935178 0.893921
0.898852 0.967513

0.0935178 0.893921
0.33506 0.431643

0.0935178 0.893921
0.0732341 0.629825

0.0935178 0.893921
0.544714 0.224586

0.0935178 0.893921
0.337467 0.53819

0.0935178 0.893921
0.512828 0.0595145

0.625643 0.552396
0.0850792 0.993112

0.625643 0.552396
0.638816 0.072884

0.625643 0.552396
0.575342 0.992448

0.625643 0.552396
0.710421 0.735933

0.625643 0.552396
0.649587 0.133119

0.625643 0.552396
0.0310789 0.38361

0.625643 0.552396
0.26668 0.0393494

0.625643 0.552396
0.861508 0.423522

0.625643 0.552396
0.63633 0.610881

0.625643 0.552396
0.44036 0.642363

0.625643 0.552396
0.0379585 0.309801

0.625643 0.552396
0.894146 0.671147

0.625643 0.552396
0.81989 0.466728

0.625643 0.552396
0.25083 0.347397

0.625643 0.552396
0.898852 0.967513

0.625643 0.552396
0.144808 0.104756

0.625643 0.552396
0.769705 0.563058

0.625643 0.552396
0.659925 0.946131

0.625643 0.552396
0.33506 0.431643

0.625643 0.552396
0.799665 0.760568

0.625643 0.552396
0.239182 0.965472

0.625643 0.552396
0.512828 0.0595145

0.0850792 0.993112
0.981331 0.633545

0.0850792 0.993112
0.575342 0.992448

0.0850792 0.993112
0.576187 0.862417

0.0850792 0.993112
0.710421 0.735933

0.0850792 0.993112
0.779571 0.434169

0.0850792 0.993112
0.337604 0.418504

0.0850792 0.993112
0.26668 0.0393494

0.0850792 0.993112
0.536908 0.245783

0.0850792 0.993112
0.861508 0.423522

0.0850792 0.993112
0.63633 0.610881

0.0850792 0.993112
0.778389 0.26732

0.0850792 0.993112
0.884552 0.267699

0.0850792 0.993112
0.894146 0.671147

0.0850792 0.993112
0.835371 0.684431

0.0850792 0.993112
0.996013 0.211244

0.0850792 0.993112
0.840836 0.948035

0.0850792 0.993112
0.898852 0.967513

0.0850792 0.993112
0.219872 0.804515

0.0850792 0.993112
0.505043 0.617954

0.0850792 0.993112
0.33506 0.431643

0.0850792 0.993112
0.512828 0.0595145

0.638816 0.072884
0.441824 0.295745

0.638816 0.072884
0.461842 0.993605

0.638816 0.072884
0.779571 0.434169

0.638816 0.072884
0.905193 0.293337

0.638816 0.072884
0.207793 0.732743

0.638816 0.072884
0.843077 0.0965642

0.638816 0.072884
0.820025 0.991018

0.638816 0.072884
0.996013 0.211244

0.638816 0.072884
0.81989 0.466728

0.638816 0.072884
0.840836 0.948035

0.638816 0.072884
0.144808 0.104756

0.638816 0.072884
0.769705 0.563058

0.638816 0.072884
0.33506 0.431643

0.638816 0.072884
0.245979 0.880405

0.638816 0.072884
0.799665 0.760568

0.638816 0.072884
0.544714 0.224586

0.638816 0.072884
0.611061 0.504355

0.638816 0.072884
0.396899 0.0927102

0.638816 0.072884
0.239182 0.965472

0.638816 0.072884
0.166121 0.447313

0.638816 0.072884
0.777804 0.694166

0.638816 0.072884
0.663178 0.984265

0.981331 0.633545
0.441824 0.295745

0.981331 0.633545
0.73302 0.0687969

0.981331 0.633545
0.710421 0.735933

0.981331 0.633545
0.786053 0.279153

0.981331 0.633545
0.779571 0.434169

0.981331 0.633545
0.207793 0.732743

0.981331 0.633545
0.337604 0.418504

0.981331 0.633545
0.0310789 0.38361

0.981331 0.633545
0.496401 0.128546

0.981331 0.633545
0.861508 0.423522

0.981331 0.633545
0.884552 0.267699

0.981331 0.633545
0.0379585 0.309801

0.981331 0.633545
0.843077 0.0965642

0.981331 0.633545
0.820025 0.991018

0.981331 0.633545
0.0445362 0.0486963

0.981331 0.633545
0.338981 0.451547

0.981331 0.633545
0.63517 0.769782

0.981331 0.633545
0.81989 0.466728

0.981331 0.633545
0.25083 0.347397

0.981331 0.633545
0.0418997 0.150996

0.981331 0.633545
0.659925 0.946131

0.981331 0.633545
0.337467 0.53819

0.575342 0.992448
0.418443 0.603939

0.575342 0.992448
0.779571 0.434169

0.575342 0.992448
0.337604 0.418504

0.575342 0.992448
0.63633 0.610881

0.575342 0.992448
0.820025 0.991018

0.575342 0.992448
0.835371 0.684431

0.575342 0.992448
0.338981 0.451547

0.575342 0.992448
0.840836 0.948035

0.575342 0.992448
0.317971 0.744501

0.575342 0.992448
0.25083 0.347397

0.575342 0.992448
0.0700871 0.571047

0.575342 0.992448
0.396899 0.0927102

0.659898 0.304453
0.418443 0.603939

0.659898 0.304453
0.779571 0.434169

0.659898 0.304453
0.905193 0.293337

0.659898 0.304453
0.0492984 0.0169003

0.659898 0.304453
0.0379585 0.309801

0.659898 0.304453
0.0445362 0.0486963

0.659898 0.304453
0.63517 0.769782

0.659898 0.304453
0.317971 0.744501

0.659898 0.304453
0.505043 0.617954

0.659898 0.304453
0.245979 0.880405

0.659898 0.304453
0.396899 0.0927102

0.659898 0.304453
0.239182 0.965472

0.659898 0.304453
0.777804 0.694166

0.576187 0.862417
0.81546 0.0974186

0.576187 0.862417
0.710421 0.735933

0.576187 0.862417
0.461842 0.993605

0.576187 0.862417
0.786053 0.279153

0.576187 0.862417
0.905193 0.293337

0.576187 0.862417
0.196758 0.154865

0.576187 0.862417
0.207793 0.732743

0.576187 0.862417
0.0310789 0.38361

0.576187 0.862417
0.944701 0.398868

0.576187 0.862417
0.884552 0.267699

0.576187 0.862417
0.0379585 0.309801

0.576187 0.862417
0.835371 0.684431

0.576187 0.862417
0.0445362 0.0486963

0.576187 0.862417
0.505043 0.617954

0.576187 0.862417
0.769705 0.563058

0.576187 0.862417
0.659925 0.946131

0.576187 0.862417
0.33506 0.431643

0.576187 0.862417
0.245979 0.880405

0.576187 0.862417
0.799665 0.760568

0.576187 0.862417
0.544714 0.224586

0.576187 0.862417
0.239182 0.965472

0.576187 0.862417
0.777804 0.694166

0.576187 0.862417
0.663178 0.984265

0.441824 0.295745
0.418443 0.603939

0.441824 0.295745
0.710421 0.735933

0.441824 0.295745
0.461842 0.993605

0.441824 0.295745
0.196758 0.154865

0.441824 0.295745
0.989875 0.322674

0.441824 0.295745
0.207793 0.732743

0.441824 0.295745
0.0310789 0.38361

0.441824 0.295745
0.884552 0.267699

0.441824 0.295745
0.44036 0.642363

0.441824 0.295745
0.0379585 0.309801

0.441824 0.295745
0.996013 0.211244

0.441824 0.295745
0.81989 0.466728

0.441824 0.295745
0.25083 0.347397

0.441824 0.295745
0.144808 0.104756

0.441824 0.295745
0.239182 0.965472

0.441824 0.295745
0.512828 0.0595145

0.73302 0.0687969
0.81546 0.0974186

0.73302 0.0687969
0.944701 0.398868

0.73302 0.0687969
0.496401 0.128546

0.73302 0.0687969
0.820025 0.991018

0.73302 0.0687969
0.996013 0.211244

0.73302 0.0687969
0.0445362 0.0486963

0.73302 0.0687969
0.63517 0.769782

0.73302 0.0687969
0.81989 0.466728

0.73302 0.0687969
0.317971 0.744501

0.73302 0.0687969
0.25083 0.347397

0.73302 0.0687969
0.616939 0.0510324

0.73302 0.0687969
0.0418997 0.150996

0.73302 0.0687969
0.219872 0.804515

0.73302 0.0687969
0.0700871 0.571047

0.73302 0.0687969
0.769705 0.563058

0.73302 0.0687969
0.33506 0.431643

0.73302 0.0687969
0.799665 0.760568

0.73302 0.0687969
0.396899 0.0927102

0.73302 0.0687969
0.337467 0.53819

0.73302 0.0687969
0.239182 0.965472

0.73302 0.0687969
0.0405195 0.577722

0.73302 0.0687969
0.166121 0.447313

0.73302 0.0687969
0.777804 0.694166

0.73302 0.0687969
0.512828 0.0595145

0.73302 0.0687969
0.663178 0.984265

0.285332 0.392469
0.418443 0.603939

0.285332 0.392469
0.461842 0.993605

0.285332 0.392469
0.786053 0.279153

0.285332 0.392469
0.649587 0.133119

0.285332 0.392469
0.337604 0.418504

0.285332 0.392469
0.944701 0.398868

0.285332 0.392469
0.861508 0.423522

0.285332 0.392469
0.63633 0.610881

0.285332 0.392469
0.44036 0.642363

0.285332 0.392469
0.894146 0.671147

0.285332 0.392469
0.843077 0.0965642

0.285332 0.392469
0.338981 0.451547

0.285332 0.392469
0.840836 0.948035

0.285332 0.392469
0.25083 0.347397

0.285332 0.392469
0.0418997 0.150996

0.285332 0.392469
0.144808 0.104756

0.285332 0.392469
0.505043 0.617954

0.285332 0.392469
0.0700871 0.571047

0.285332 0.392469
0.769705 0.563058

0.285332 0.392469
0.611061 0.504355

0.303342 0.708992
0.81546 0.0974186

0.303342 0.708992
0.337604 0.418504

0.303342 0.708992
0.496401 0.128546

0.303342 0.708992
0.894146 0.671147

0.303342 0.708992
0.843077 0.0965642

0.303342 0.708992
0.820025 0.991018

0.303342 0.708992
0.835371 0.684431

0.303342 0.708992
0.0445362 0.0486963

0.303342 0.708992
0.840836 0.948035

0.303342 0.708992
0.898852 0.967513

0.303342 0.708992
0.616939 0.0510324

0.303342 0.708992
0.505043 0.617954

0.303342 0.708992
0.659925 0.946131

0.303342 0.708992
0.611061 0.504355

0.303342 0.708992
0.239182 0.965472

0.303342 0.708992
0.0405195 0.577722

0.303342 0.708992
0.512828 0.0595145

0.303342 0.708992
0.663178 0.984265

0.81546 0.0974186
0.786053 0.279153

0.81546 0.0974186
0.649587 0.133119

0.81546 0.0974186
0.196758 0.154865

0.81546 0.0974186
0.337604 0.418504

0.81546 0.0974186
0.536908 0.245783

0.81546 0.0974186
0.63633 0.610881

0.81546 0.0974186
0.884552 0.267699

0.81546 0.0974186
0.44036 0.642363

0.81546 0.0974186
0.0445362 0.0486963

0.81546 0.0974186
0.338981 0.451547

0.81546 0.0974186
0.81989 0.466728

0.81546 0.0974186
0.544714 0.224586

0.81546 0.0974186
0.777804 0.694166

0.418443 0.603939
0.461842 0.993605

0.418443 0.603939
0.905193 0.293337

0.418443 0.603939
0.196758 0.154865

0.418443 0.603939
0.989875 0.322674

0.418443 0.603939
0.337604 0.418504

0.418443 0.603939
0.0310789 0.38361

0.418443 0.603939
0.536908 0.245783

0.418443 0.603939
0.996013 0.211244

0.418443 0.603939
0.338981 0.451547

0.418443 0.603939
0.63517 0.769782

0.418443 0.603939
0.0418997 0.150996

0.418443 0.603939
0.144808 0.104756

0.418443 0.603939
0.0700871 0.571047

0.418443 0.603939
0.337467 0.53819

0.418443 0.603939
0.0405195 0.577722

0.418443 0.603939
0.166121 0.447313

0.418443 0.603939
0.512828 0.0595145

0.710421 0.735933
0.786053 0.279153

0.710421 0.735933
0.905193 0.293337

0.710421 0.735933
0.649587 0.133119

0.710421 0.735933
0.496401 0.128546

0.710421 0.735933
0.63633 0.610881

0.710421 0.735933
0.884552 0.267699

0.710421 0.735933
0.44036 0.642363

0.710421 0.735933
0.894146 0.671147

0.710421 0.735933
0.843077 0.0965642

0.710421 0.735933
0.835371 0.684431

0.710421 0.735933
0.0445362 0.0486963

0.710421 0.735933
0.81989 0.466728

0.710421 0.735933
0.840836 0.948035

0.710421 0.735933
0.317971 0.744501

0.710421 0.735933
0.616939 0.0510324

0.710421 0.735933
0.0700871 0.571047

0.710421 0.735933
0.769705 0.563058

0.710421 0.735933
0.33506 0.431643

0.710421 0.735933
0.245979 0.880405

0.710421 0.735933
0.611061 0.504355

0.710421 0.735933
0.512828 0.0595145

0.461842 0.993605
0.786053 0.279153

0.461842 0.993605
0.779571 0.434169

0.461842 0.993605
0.944701 0.398868

0.461842 0.993605
0.63633 0.610881

0.461842 0.993605
0.843077 0.0965642

0.461842 0.993605
0.820025 0.991018

0.461842 0.993605
0.0445362 0.0486963

0.461842 0.993605
0.338981 0.451547

0.461842 0.993605
0.63517 0.769782

0.461842 0.993605
0.317971 0.744501

0.461842 0.993605
0.25083 0.347397

0.461842 0.993605
0.898852 0.967513

0.461842 0.993605
0.0418997 0.150996

0.461842 0.993605
0.144808 0.104756

0.461842 0.993605
0.245979 0.880405

0.461842 0.993605
0.396899 0.0927102

0.461842 0.993605
0.777804 0.694166

0.786053 0.279153
0.649587 0.133119

0.786053 0.279153
0.196758 0.154865

0.786053 0.279153
0.337604 0.418504

0.786053 0.279153
0.861508 0.423522

0.786053 0.279153
0.778389 0.26732

0.786053 0.279153
0.44036 0.642363

0.786053 0.279153
0.894146 0.671147

0.786053 0.279153
0.996013 0.211244

0.786053 0.279153
0.338981 0.451547

0.786053 0.279153
0.317971 0.744501

0.786053 0.279153
0.505043 0.617954

0.786053 0.279153
0.0700871 0.571047

0.786053 0.279153
0.544714 0.224586

0.786053 0.279153
0.337467 0.53819

0.786053 0.279153
0.0405195 0.577722

0.779571 0.434169
0.196758 0.154865

0.779571 0.434169
0.0310789 0.38361

0.779571 0.434169
0.884552 0.267699

0.779571 0.434169
0.44036 0.642363

0.779571 0.434169
0.0379585 0.309801

0.779571 0.434169
0.820025 0.991018

0.779571 0.434169
0.0445362 0.0486963

0.779571 0.434169
0.338981 0.451547

0.779571 0.434169
0.317971 0.744501

0.779571 0.434169
0.616939 0.0510324

0.779571 0.434169
0.219872 0.804515

0.779571 0.434169
0.769705 0.563058

0.779571 0.434169
0.396899 0.0927102

0.779571 0.434169
0.166121 0.447313

0.779571 0.434169
0.512828 0.0595145

0.905193 0.293337
0.649587 0.133119

0.905193 0.293337
0.989875 0.322674

0.905193 0.293337
0.0492984 0.0169003

0.905193 0.293337
0.207793 0.732743

0.905193 0.293337
0.0310789 0.38361

0.905193 0.293337
0.944701 0.398868

0.905193 0.293337
0.536908 0.245783

0.905193 0.293337
0.861508 0.423522

0.905193 0.293337
0.820025 0.991018

0.905193 0.293337
0.0445362 0.0486963

0.905193 0.293337
0.25083 0.347397

0.905193 0.293337
0.144808 0.104756

0.905193 0.293337
0.799665 0.760568

0.905193 0.293337
0.544714 0.224586

0.905193 0.293337
0.512828 0.0595145

0.905193 0.293337
0.663178 0.984265

0.649587 0.133119
0.0492984 0.0169003

0.649587 0.133119
0.207793 0.732743

0.649587 0.133119
0.496401 0.128546

0.649587 0.133119
0.861508 0.423522

0.649587 0.133119
0.778389 0.26732

0.649587 0.133119
0.44036 0.642363

0.649587 0.133119
0.996013 0.211244

0.649587 0.133119
0.0445362 0.0486963

0.649587 0.133119
0.63517 0.769782

0.649587 0.133119
0.81989 0.466728

0.649587 0.133119
0.317971 0.744501

0.649587 0.133119
0.25083 0.347397

0.649587 0.133119
0.219872 0.804515

0.196758 0.154865
0.26668 0.0393494

0.196758 0.154865
0.944701 0.398868

0.196758 0.154865
0.63633 0.610881

0.196758 0.154865
0.884552 0.267699

0.196758 0.154865
0.0379585 0.309801

0.196758 0.154865
0.894146 0.671147

0.196758 0.154865
0.820025 0.991018

0.196758 0.154865
0.835371 0.684431

0.196758 0.154865
0.996013 0.211244

0.196758 0.154865
0.81989 0.466728

0.196758 0.154865
0.317971 0.744501

0.196758 0.154865
0.616939 0.0510324

0.196758 0.154865
0.144808 0.104756

0.196758 0.154865
0.219872 0.804515

0.196758 0.154865
0.659925 0.946131

0.196758 0.154865
0.245979 0.880405

0.196758 0.154865
0.0732341 0.629825

0.196758 0.154865
0.337467 0.53819

0.196758 0.154865
0.166121 0.447313

0.196758 0.154865
0.777804 0.694166

0.989875 0.322674
0.0310789 0.38361

0.989875 0.322674
0.0379585 0.309801

0.989875 0.322674
0.63517 0.769782

0.989875 0.322674
0.317971 0.744501

0.989875 0.322674
0.219872 0.804515

0.989875 0.322674
0.505043 0.617954

0.989875 0.322674
0.0700871 0.571047

0.989875 0.322674
0.659925 0.946131

0.989875 0.322674
0.245979 0.880405

0.0492984 0.0169003
0.207793 0.732743

0.0492984 0.0169003
0.861508 0.423522

0.0492984 0.0169003
0.884552 0.267699

0.0492984 0.0169003
0.44036 0.642363

0.0492984 0.0169003
0.0379585 0.309801

0.0492984 0.0169003
0.843077 0.0965642

0.0492984 0.0169003
0.996013 0.211244

0.0492984 0.0169003
0.63517 0.769782

0.0492984 0.0169003
0.840836 0.948035

0.0492984 0.0169003
0.0418997 0.150996

0.0492984 0.0169003
0.505043 0.617954

0.0492984 0.0169003
0.799665 0.760568

0.0492984 0.0169003
0.396899 0.0927102

0.0492984 0.0169003
0.0405195 0.577722

0.0492984 0.0169003
0.166121 0.447313

0.0492984 0.0169003
0.777804 0.694166

0.207793 0.732743
0.337604 0.418504

0.207793 0.732743
0.0310789 0.38361

0.207793 0.732743
0.26668 0.0393494

0.207793 0.732743
0.861508 0.423522

0.207793 0.732743
0.0379585 0.309801

0.207793 0.732743
0.894146 0.671147

0.207793 0.732743
0.835371 0.684431

0.207793 0.732743
0.338981 0.451547

0.207793 0.732743
0.0418997 0.150996

0.207793 0.732743
0.219872 0.804515

0.207793 0.732743
0.769705 0.563058

0.207793 0.732743
0.799665 0.760568

0.207793 0.732743
0.544714 0.224586

0.207793 0.732743
0.166121 0.447313

0.207793 0.732743
0.512828 0.0595145

0.337604 0.418504
0.63633 0.610881

0.337604 0.418504
0.884552 0.267699

0.337604 0.418504
0.0379585 0.309801

0.337604 0.418504
0.835371 0.684431

0.337604 0.418504
0.0445362 0.0486963

0.337604 0.418504
0.25083 0.347397

0.337604 0.418504
0.616939 0.0510324

0.337604 0.418504
0.33506 0.431643

0.337604 0.418504
0.245979 0.880405

0.337604 0.418504
0.0732341 0.629825

0.337604 0.418504
0.799665 0.760568

0.337604 0.418504
0.777804 0.694166

0.337604 0.418504
0.512828 0.0595145

0.0310789 0.38361
0.26668 0.0393494

0.0310789 0.38361
0.496401 0.128546

0.0310789 0.38361
0.861508 0.423522

0.0310789 0.38361
0.894146 0.671147

0.0310789 0.38361
0.996013 0.211244

0.0310789 0.38361
0.63517 0.769782

0.0310789 0.38361
0.317971 0.744501

0.0310789 0.38361
0.0418997 0.150996

0.0310789 0.38361
0.505043 0.617954

0.0310789 0.38361
0.659925 0.946131

0.0310789 0.38361
0.799665 0.760568

0.0310789 0.38361
0.611061 0.504355

0.0310789 0.38361
0.396899 0.0927102

0.0310789 0.38361
0.337467 0.53819

0.26668 0.0393494
0.536908 0.245783

0.26668 0.0393494
0.63633 0.610881

0.26668 0.0393494
0.894146 0.671147

0.26668 0.0393494
0.996013 0.211244

0.26668 0.0393494
0.0445362 0.0486963

0.26668 0.0393494
0.63517 0.769782

0.26668 0.0393494
0.81989 0.466728

0.26668 0.0393494
0.840836 0.948035

0.26668 0.0393494
0.25083 0.347397

0.26668 0.0393494
0.769705 0.563058

0.26668 0.0393494
0.544714 0.224586

0.26668 0.0393494
0.611061 0.504355

0.26668 0.0393494
0.166121 0.447313

0.26668 0.0393494
0.777804 0.694166

0.26668 0.0393494
0.663178 0.984265

0.944701 0.398868
0.496401 0.128546

0.944701 0.398868
0.861508 0.423522

0.944701 0.398868
0.778389 0.26732

0.944701 0.398868
0.0379585 0.309801

0.944701 0.398868
0.843077 0.0965642

0.944701 0.398868
0.835371 0.684431

0.944701 0.398868
0.0445362 0.0486963

0.944701 0.398868
0.25083 0.347397

0.944701 0.398868
0.898852 0.967513

0.944701 0.398868
0.144808 0.104756

0.944701 0.398868
0.505043 0.617954

0.944701 0.398868
0.769705 0.563058

0.944701 0.398868
0.33506 0.431643

0.944701 0.398868
0.245979 0.880405

0.944701 0.398868
0.0732341 0.629825

0.944701 0.398868
0.239182 0.965472

0.944701 0.398868
0.777804 0.694166

0.944701 0.398868
0.512828 0.0595145

0.536908 0.245783
0.496401 0.128546

0.536908 0.245783
0.861508 0.423522

0.536908 0.245783
0.0379585 0.309801

0.536908 0.245783
0.835371 0.684431

0.536908 0.245783
0.996013 0.211244

0.536908 0.245783
0.840836 0.948035

0.536908 0.245783
0.0418997 0.150996

0.536908 0.245783
0.544714 0.224586

0.536908 0.245783
0.611061 0.504355

0.536908 0.245783
0.337467 0.53819

0.536908 0.245783
0.0405195 0.577722

0.536908 0.245783
0.166121 0.447313

0.496401 0.128546
0.81989 0.466728

0.496401 0.128546
0.840836 0.948035

0.496401 0.128546
0.898852 0.967513

0.496401 0.128546
0.0418997 0.150996

0.496401 0.128546
0.505043 0.617954

0.496401 0.128546
0.0700871 0.571047

0.496401 0.128546
0.769705 0.563058

0.496401 0.128546
0.245979 0.880405

0.496401 0.128546
0.544714 0.224586

0.496401 0.128546
0.396899 0.0927102

0.496401 0.128546
0.239182 0.965472

0.496401 0.128546
0.166121 0.447313

0.496401 0.128546
0.512828 0.0595145

0.496401 0.128546
0.663178 0.984265

0.861508 0.423522
0.996013 0.211244

0.861508 0.423522
0.0445362 0.0486963

0.861508 0.423522
0.81989 0.466728

0.861508 0.423522
0.0418997 0.150996

0.861508 0.423522
0.505043 0.617954

0.861508 0.423522
0.659925 0.946131

0.861508 0.423522
0.239182 0.965472

0.861508 0.423522
0.512828 0.0595145

0.63633 0.610881
0.894146 0.671147

0.63633 0.610881
0.835371 0.684431

0.63633 0.610881
0.63517 0.769782

0.63633 0.610881
0.317971 0.744501

0.63633 0.610881
0.898852 0.967513

0.63633 0.610881
0.0418997 0.150996

0.63633 0.610881
0.219872 0.804515

0.63633 0.610881
0.769705 0.563058

0.63633 0.610881
0.33506 0.431643

0.63633 0.610881
0.0405195 0.577722

0.778389 0.26732
0.884552 0.267699

0.778389 0.26732
0.44036 0.642363

0.778389 0.26732
0.0379585 0.309801

0.778389 0.26732
0.81989 0.466728

0.778389 0.26732
0.840836 0.948035

0.778389 0.26732
0.898852 0.967513

0.778389 0.26732
0.0418997 0.150996

0.778389 0.26732
0.219872 0.804515

0.778389 0.26732
0.0732341 0.629825

0.778389 0.26732
0.799665 0.760568

0.778389 0.26732
0.611061 0.504355

0.778389 0.26732
0.396899 0.0927102

0.778389 0.26732
0.337467 0.53819

0.778389 0.26732
0.0405195 0.577722

0.778389 0.26732
0.166121 0.447313

0.884552 0.267699
0.894146 0.671147

0.884552 0.267699
0.843077 0.0965642

0.884552 0.267699
0.996013 0.211244

0.884552 0.267699
0.338981 0.451547

0.884552 0.267699
0.317971 0.744501

0.884552 0.267699
0.25083 0.347397

0.884552 0.267699
0.0418997 0.150996

0.884552 0.267699
0.144808 0.104756

0.884552 0.267699
0.0700871 0.571047

0.884552 0.267699
0.245979 0.880405

0.884552 0.267699
0.799665 0.760568

0.884552 0.267699
0.337467 0.53819

0.884552 0.267699
0.777804 0.694166

0.44036 0.642363
0.338981 0.451547

0.44036 0.642363
0.81989 0.466728

0.44036 0.642363
0.840836 0.948035

0.44036 0.642363
0.25083 0.347397

0.44036 0.642363
0.219872 0.804515

0.44036 0.642363
0.659925 0.946131

0.44036 0.642363
0.245979 0.880405

0.44036 0.642363
0.799665 0.760568

0.44036 0.642363
0.544714 0.224586

0.44036 0.642363
0.611061 0.504355

0.44036 0.642363
0.396899 0.0927102

0.44036 0.642363
0.337467 0.53819

0.44036 0.642363
0.166121 0.447313

0.0379585 0.309801
0.894146 0.671147

0.0379585 0.309801
0.835371 0.684431

0.0379585 0.309801
0.63517 0.769782

0.0379585 0.309801
0.144808 0.104756

0.0379585 0.309801
0.219872 0.804515

0.0379585 0.309801
0.33506 0.431643

0.0379585 0.309801
0.245979 0.880405

0.0379585 0.309801
0.777804 0.694166

0.894146 0.671147
0.820025 0.991018

0.894146 0.671147
0.338981 0.451547

0.894146 0.671147
0.63517 0.769782

0.894146 0.671147
0.81989 0.466728

0.894146 0.671147
0.317971 0.744501

0.894146 0.671147
0.616939 0.0510324

0.894146 0.671147
0.144808 0.104756

0.894146 0.671147
0.0732341 0.629825

0.894146 0.671147
0.166121 0.447313

0.894146 0.671147
0.663178 0.984265

0.843077 0.0965642
0.820025 0.991018

0.843077 0.0965642
0.996013 0.211244

0.843077 0.0965642
0.0445362 0.0486963

0.843077 0.0965642
0.338981 0.451547

0.843077 0.0965642
0.81989 0.466728

0.843077 0.0965642
0.25083 0.347397

0.843077 0.0965642
0.0418997 0.150996

0.843077 0.0965642
0.219872 0.804515

0.843077 0.0965642
0.505043 0.617954

0.843077 0.0965642
0.659925 0.946131

0.843077 0.0965642
0.544714 0.224586

0.843077 0.0965642
0.166121 0.447313

0.820025 0.991018
0.25083 0.347397

0.820025 0.991018
0.616939 0.0510324

0.820025 0.991018
0.144808 0.104756

0.820025 0.991018
0.659925 0.946131

0.820025 0.991018
0.0732341 0.629825

0.820025 0.991018
0.396899 0.0927102

0.820025 0.991018
0.337467 0.53819

0.835371 0.684431
0.840836 0.948035

0.835371 0.684431
0.898852 0.967513

0.835371 0.684431
0.144808 0.104756

0.835371 0.684431
0.505043 0.617954

0.835371 0.684431
0.769705 0.563058

0.835371 0.684431
0.659925 0.946131

0.835371 0.684431
0.33506 0.431643

0.835371 0.684431
0.245979 0.880405

0.835371 0.684431
0.0405195 0.577722

0.996013 0.211244
0.338981 0.451547

0.996013 0.211244
0.81989 0.466728

0.996013 0.211244
0.840836 0.948035

0.996013 0.211244
0.505043 0.617954

0.996013 0.211244
0.33506 0.431643

0.996013 0.211244
0.512828 0.0595145

0.996013 0.211244
0.663178 0.984265

0.0445362 0.0486963
0.317971 0.744501

0.0445362 0.0486963
0.505043 0.617954

0.0445362 0.0486963
0.0700871 0.571047

0.0445362 0.0486963
0.0732341 0.629825

0.0445362 0.0486963
0.544714 0.224586

0.0445362 0.0486963
0.611061 0.504355

0.0445362 0.0486963
0.166121 0.447313

0.338981 0.451547
0.81989 0.466728

0.338981 0.451547
0.25083 0.347397

0.338981 0.451547
0.0700871 0.571047

0.338981 0.451547
0.33506 0.431643

0.338981 0.451547
0.245979 0.880405

0.338981 0.451547
0.396899 0.0927102

0.338981 0.451547
0.0405195 0.577722

0.338981 0.451547
0.663178 0.984265

0.63517 0.769782
0.81989 0.466728

0.63517 0.769782
0.25083 0.347397

0.63517 0.769782
0.898852 0.967513

0.63517 0.769782
0.505043 0.617954

0.63517 0.769782
0.659925 0.946131

0.63517 0.769782
0.0732341 0.629825

0.63517 0.769782
0.396899 0.0927102

0.63517 0.769782
0.337467 0.53819

0.63517 0.769782
0.777804 0.694166

0.81989 0.466728
0.840836 0.948035

0.81989 0.466728
0.25083 0.347397

0.81989 0.466728
0.0418997 0.150996

0.81989 0.466728
0.659925 0.946131

0.81989 0.466728
0.33506 0.431643

0.81989 0.466728
0.166121 0.447313

0.840836 0.948035
0.317971 0.744501

0.840836 0.948035
0.0418997 0.150996

0.840836 0.948035
0.33506 0.431643

0.840836 0.948035
0.0732341 0.629825

0.840836 0.948035
0.799665 0.760568

0.840836 0.948035
0.544714 0.224586

0.840836 0.948035
0.239182 0.965472

0.840836 0.948035
0.166121 0.447313

0.840836 0.948035
0.512828 0.0595145

0.317971 0.744501
0.0418997 0.150996

0.317971 0.744501
0.144808 0.104756

0.317971 0.744501
0.659925 0.946131

0.317971 0.744501
0.0732341 0.629825

0.317971 0.744501
0.544714 0.224586

0.317971 0.744501
0.611061 0.504355

0.317971 0.744501
0.396899 0.0927102

0.317971 0.744501
0.0405195 0.577722

0.317971 0.744501
0.777804 0.694166

0.317971 0.744501
0.512828 0.0595145

0.25083 0.347397
0.0418997 0.150996

0.25083 0.347397
0.0700871 0.571047

0.25083 0.347397
0.769705 0.563058

0.25083 0.347397
0.659925 0.946131

0.25083 0.347397
0.239182 0.965472

0.898852 0.967513
0.0418997 0.150996

0.898852 0.967513
0.0700871 0.571047

0.898852 0.967513
0.245979 0.880405

0.898852 0.967513
0.611061 0.504355

0.898852 0.967513
0.396899 0.0927102

0.898852 0.967513
0.239182 0.965472

0.898852 0.967513
0.166121 0.447313

0.898852 0.967513
0.663178 0.984265

0.616939 0.0510324
0.659925 0.946131

0.616939 0.0510324
0.245979 0.880405

0.616939 0.0510324
0.0732341 0.629825

0.616939 0.0510324
0.799665 0.760568

0.616939 0.0510324
0.544714 0.224586

0.616939 0.0510324
0.337467 0.53819

0.616939 0.0510324
0.239182 0.965472

0.616939 0.0510324
0.0405195 0.577722

0.616939 0.0510324
0.166121 0.447313

0.0418997 0.150996
0.144808 0.104756

0.0418997 0.150996
0.337467 0.53819

0.0418997 0.150996
0.239182 0.965472

0.0418997 0.150996
0.777804 0.694166

0.0418997 0.150996
0.663178 0.984265

0.144808 0.104756
0.769705 0.563058

0.144808 0.104756
0.799665 0.760568

0.144808 0.104756
0.544714 0.224586

0.144808 0.104756
0.396899 0.0927102

0.144808 0.104756
0.337467 0.53819

0.144808 0.104756
0.166121 0.447313

0.144808 0.104756
0.663178 0.984265

0.219872 0.804515
0.0700871 0.571047

0.219872 0.804515
0.659925 0.946131

0.219872 0.804515
0.0405195 0.577722

0.505043 0.617954
0.769705 0.563058

0.505043 0.617954
0.659925 0.946131

0.505043 0.617954
0.799665 0.760568

0.505043 0.617954
0.544714 0.224586

0.505043 0.617954
0.611061 0.504355

0.505043 0.617954
0.166121 0.447313

0.505043 0.617954
0.777804 0.694166

0.0700871 0.571047
0.769705 0.563058

0.0700871 0.571047
0.33506 0.431643

0.0700871 0.571047
0.396899 0.0927102

0.0700871 0.571047
0.239182 0.965472

0.0700871 0.571047
0.0405195 0.577722

0.0700871 0.571047
0.166121 0.447313

0.0700871 0.571047
0.512828 0.0595145

0.0700871 0.571047
0.663178 0.984265

0.769705 0.563058
0.33506 0.431643

0.769705 0.563058
0.396899 0.0927102

0.769705 0.563058
0.239182 0.965472

0.769705 0.563058
0.512828 0.0595145

0.659925 0.946131
0.245979 0.880405

0.659925 0.946131
0.0732341 0.629825

0.659925 0.946131
0.611061 0.504355

0.659925 0.946131
0.0405195 0.577722

0.659925 0.946131
0.777804 0.694166

0.33506 0.431643
0.0732341 0.629825

0.33506 0.431643
0.777804 0.694166

0.33506 0.431643
0.512828 0.0595145

0.245979 0.880405
0.0732341 0.629825

0.245979 0.880405
0.799665 0.760568

0.245979 0.880405
0.337467 0.53819

0.245979 0.880405
0.512828 0.0595145

0.0732341 0.629825
0.799665 0.760568

0.0732341 0.629825
0.544714 0.224586

0.0732341 0.629825
0.0405195 0.577722

0.799665 0.760568
0.544714 0.224586

0.799665 0.760568
0.611061 0.504355

0.799665 0.760568
0.239182 0.965472

0.799665 0.760568
0.0405195 0.577722

0.799665 0.760568
0.512828 0.0595145

0.799665 0.760568
0.663178 0.984265

0.544714 0.224586
0.512828 0.0595145

0.544714 0.224586
0.663178 0.984265

0.611061 0.504355
0.512828 0.0595145

0.396899 0.0927102
0.21782 0.0455998

0.396899 0.0927102
0.166121 0.447313

0.337467 0.53819
0.239182 0.965472

0.337467 0.53819
0.166121 0.447313

0.337467 0.53819
0.512828 0.0595145

0.0405195 0.577722
0.166121 0.447313

0.0405195 0.577722
0.512828 0.0595145

