0.124665 0.132829 0.25
0.555351 0.820059 0.852941
0.957579 0.51858 0.926471
0.715092 0.094432 0.691176
0.597163 0.79673 0.852941
0.660597 0.723217 0.838235
0.717298 0.963599 1
0.908625 0.50641 0.882353
0.167659 0.562559 0.573529
0.34104 0.818467 0.779412
0.674217 0.540983 0.75
0.17758 0.500074 0.529412
0.213351 0.588942 0.588235
0.649341 0.0276033 0.647059
0.350787 0.575839 0.617647
0.629916 0.759252 0.838235
0.781815 0.713666 0.897059
0.702263 0.453557 0.735294
0.925304 0.502328 0.897059
0.759467 0.873821 0.970588
