0.384978 0.792448 0.618852
0.477768 0.832312 0.557377
0.268772 0.525304 0.754098
0.669052 0.694408 0.508197
0.910906 0.359562 0.643443
0.490471 0.897874 0.545082
0.892487 0.301283 0.680328
0.654405 0.455468 0.631148
0.465137 0.0055387 0.92623
0.698666 0.756604 0.459016
0.621539 0.256534 0.741803
0.950878 0.994922 0.25
0.422597 0.309094 0.778689
0.486302 0.279559 0.778689
0.295399 0.688295 0.692623
0.699163 0.224516 0.754098
0.633492 0.296782 0.717213
0.0342002 0.351495 0.938525
0.406043 0.0215033 0.938525
0.628323 0.190084 0.778689
0.227171 0.468765 0.803279
0.705527 0.312953 0.692623
0.632875 0.619216 0.557377
0.505576 0.458928 0.680328
0.834914 0.850678 0.360656
0.374762 0.0262447 0.938525
0.75898 0.478237 0.594262
0.141824 0.0892003 1
0.756509 0.983084 0.372951
0.301882 0.28811 0.840164
0.734954 0.227509 0.741803
0.672224 0.953095 0.422131
0.754137 0.766443 0.434426
0.766507 0.708362 0.459016
0.129738 0.466933 0.852459
0.0659478 0.832857 0.803279
0.0379732 0.597729 0.864754
0.358278 0.6254 0.680328
0.299891 0.827605 0.668033
0.390905 0.558405 0.692623
0.4847 0.855274 0.545082
0.838502 0.0287514 0.852459
0.344655 0.093983 0.913934
0.469362 0.855321 0.557377
0.502972 0.731803 0.569672
0.782345 0.868549 0.385246
0.448695 0.829017 0.569672
0.551546 0.72546 0.545082
0.75704 0.455551 0.606557
0.298001 0.378224 0.803279
