0.410428 0.970113 0.753571
0.245815 0.894077 0.732143
0.987617 0.460517 0.807143
0.323445 0.0321329 0.775
0.799271 0.235546 0.7
0.130594 0.217456 0.721429
0.125597 0.305345 0.678571
0.196265 0.0959553 0.775
0.522625 0.125376 0.657143
0.249264 0.531431 0.485714
0.338348 0.747977 0.55
0.466581 0.910861 0.689286
0.458933 0.0616013 0.721429
0.470083 0.504157 0.25
0.854968 0.0121658 0.914286
0.157553 0.866235 0.764286
0.613764 0.827157 0.625
0.829267 0.442885 0.635714
0.571904 0.572011 0.378571
0.225123 0.203621 0.667857
0.0557536 0.889288 0.860714
0.716692 0.287223 0.603571
0.00194392 0.0189371 0.967857
0.284266 0.327202 0.528571
0.15632 0.396858 0.603571
0.757531 0.335997 0.603571
0.630614 0.287016 0.539286
0.620592 0.545962 0.421429
0.499518 0.60266 0.357143
0.79657 0.140675 0.775
0.763886 0.880601 0.764286
0.417059 0.724475 0.496429
0.86158 0.0426683 0.903571
0.905748 0.368743 0.742857
0.0864471 0.601014 0.678571
0.3669 0.145425 0.646429
0.480551 0.147114 0.635714
0.988895 0.349541 0.828571
0.253381 0.692685 0.560714
0.700911 0.156639 0.7
0.219286 0.890282 0.742857
0.855666 0.0527465 0.882143
0.355846 0.982165 0.775
0.402013 0.894829 0.678571
0.0807971 0.932593 0.871429
0.416548 0.775165 0.55
0.835352 0.0474443 0.871429
0.614992 0.534362 0.410714
0.27321 0.100189 0.732143
0.700748 0.105428 0.742857
0.634451 0.61978 0.464286
0.665093 0.122459 0.710714
0.450178 0.984629 0.764286
0.0231165 0.492274 0.732143
0.0503307 0.339026 0.732143
0.406435 0.607396 0.378571
0.461924 0.327066 0.442857
0.759433 0.833972 0.721429
0.299171 0.86688 0.678571
0.119522 0.15948 0.775
0.531875 0.039128 0.753571
0.793705 0.682952 0.646429
0.769426 0.964996 0.839286
0.276517 0.554773 0.464286
0.946859 0.555362 0.764286
0.697901 0.861366 0.7
0.30564 0.175668 0.646429
0.803075 0.258533 0.689286
0.962075 0.00752073 1
0.654052 0.383461 0.485714
0.245868 0.377199 0.528571
0.190861 0.525792 0.55
0.100083 0.402895 0.657143
0.643165 0.015748 0.807143
0.846481 0.47129 0.657143
0.160648 0.953174 0.839286
0.352019 0.838388 0.625
0.190071 0.688037 0.603571
0.596101 0.382852 0.432143
0.808405 0.646567 0.646429
0.412183 0.382266 0.389286
0.559779 0.680936 0.464286
0.343498 0.326695 0.485714
0.304752 0.770595 0.582143
0.456551 0.483052 0.282143
0.122481 0.605919 0.635714
0.210622 0.119545 0.742857
0.767034 0.7457 0.657143
0.675154 0.906339 0.732143
0.748584 0.832393 0.710714
0.479736 0.156216 0.625
0.0137678 0.0373871 0.946429
0.795761 0.532005 0.603571
0.184002 0.559445 0.560714
0.214874 0.0972776 0.764286
0.548276 0.335626 0.453571
0.398095 0.0168687 0.775
0.480803 0.811454 0.582143
0.953302 0.0750135 0.946429
0.218053 0.17643 0.689286
0.78137 0.414081 0.592857
0.399214 0.0653887 0.721429
0.556514 0.956497 0.742857
0.524908 0.280332 0.496429
0.46519 0.23052 0.539286
0.69514 0.927896 0.764286
0.0474953 0.56941 0.710714
0.820688 0.7413 0.7
0.0938224 0.752424 0.732143
0.992085 0.92733 0.967857
0.850723 0.544829 0.657143
0.00281797 0.513551 0.753571
0.291065 0.116463 0.710714
0.957742 0.15673 0.892857
0.777779 0.762442 0.678571
0.850553 0.379295 0.678571
0.402588 0.545848 0.335714
0.262886 0.284536 0.571429
0.0628951 0.801859 0.785714
0.383179 0.243805 0.539286
0.00495519 0.796519 0.839286
0.543509 0.0556701 0.732143
0.528121 0.518993 0.314286
0.552289 0.439186 0.357143
0.00557425 0.457545 0.753571
0.219813 0.631185 0.55
0.148955 0.54173 0.592857
0.120247 0.614946 0.646429
0.162715 0.665723 0.625
0.800543 0.245046 0.7
0.414722 0.250044 0.528571
0.424862 0.678063 0.442857
0.0798408 0.71946 0.732143
0.023332 0.963234 0.935714
0.691073 0.660349 0.539286
0.732173 0.183262 0.689286
0.0603363 0.0528356 0.903571
0.528905 0.457302 0.335714
0.138879 0.987794 0.882143
0.647718 0.696672 0.528571
0.286829 0.582824 0.464286
0.419757 0.57411 0.346429
0.550826 0.182638 0.603571
0.709287 0.0405346 0.807143
0.571868 0.351881 0.442857
0.194409 0.0126012 0.85
0.658596 0.013527 0.817857
0.720713 0.287006 0.603571
0.423932 0.471693 0.314286
0.918658 0.87093 0.871429
0.0321415 0.408255 0.732143
0.946139 0.391335 0.775
0.590902 0.556287 0.389286
0.808659 0.996707 0.892857
0.247806 0.208292 0.646429
0.331667 0.55736 0.410714
0.51097 0.689781 0.453571
0.714906 0.713951 0.592857
0.552445 0.222293 0.560714
0.785974 0.371599 0.614286
0.75924 0.358387 0.592857
0.778253 0.669687 0.625
0.158848 0.519437 0.582143
0.086693 0.326442 0.7
0.100446 0.737212 0.721429
0.645632 0.911529 0.721429
0.355277 0.488538 0.378571
0.881372 0.386382 0.710714
0.749776 0.376957 0.582143
0.869347 0.704974 0.732143
0.706158 0.185037 0.678571
0.879164 0.867879 0.839286
0.553177 0.697499 0.475
0.883285 0.879626 0.85
0.016126 0.499319 0.732143
0.670121 0.184493 0.657143
0.287598 0.72698 0.560714
0.65342 0.0377603 0.785714
0.767971 0.674588 0.614286
0.590221 0.264231 0.539286
0.231376 0.228242 0.635714
0.455483 0.369601 0.4
0.0161541 0.568887 0.742857
0.474853 0.475417 0.282143
0.537412 0.517885 0.325
0.000539548 0.292287 0.807143
0.152063 0.487235 0.592857
0.065656 0.918233 0.871429
0.878341 0.225136 0.775
0.539223 0.339547 0.442857
0.487126 0.0649688 0.721429
0.206657 0.014422 0.85
0.736449 0.727285 0.625
0.782412 0.183514 0.732143
0.672814 0.417768 0.485714
0.22903 0.674871 0.571429
0.312176 0.280087 0.539286
0.714219 0.362121 0.55
0.620583 0.223213 0.592857
0.591885 0.598402 0.410714
