0.609318 0.485945
0.547128 0.431514

0.609318 0.485945
0.560948 0.581967

0.771601 0.577659
0.854837 0.603852

0.771601 0.577659
0.977991 0.334154

0.888412 0.230454
0.673397 0.0478908

0.888412 0.230454
0.799065 0.0309519

0.357595 0.0580699
0.263083 0.0836969

0.357595 0.0580699
0.0213594 0.284528

0.557565 0.822439
0.431202 0.955063

0.557565 0.822439
0.561684 0.83282

0.794761 0.337964
0.666065 0.514727

0.794761 0.337964
0.854837 0.603852

0.243049 0.454777
0.0916875 0.073476

0.243049 0.454777
0.233727 0.68332

0.263847 0.331932
0.0916875 0.073476

0.263847 0.331932
0.341633 0.300643

0.377348 0.76455
0.561684 0.83282

0.377348 0.76455
0.544132 0.808813

0.147622 0.558206
0.369441 0.7925

0.147622 0.558206
0.233727 0.68332

0.830534 0.0105279
0.857697 0.0389767

0.830534 0.0105279
0.799065 0.0309519

0.353558 0.745616
0.369441 0.7925

0.353558 0.745616
0.0416249 0.882054

0.666065 0.514727
0.560948 0.581967

0.173204 0.897547
0.146685 0.92829

0.173204 0.897547
0.0416249 0.882054

0.431202 0.955063
0.146685 0.92829

0.0892151 0.456353
0.119009 0.441135

0.0892151 0.456353
0.0213594 0.284528

0.547128 0.431514
0.47657 0.475674

0.263083 0.0836969
0.374586 0.0228897

0.119009 0.441135
0.512987 0.286618

0.532609 0.00917663
0.374586 0.0228897

0.532609 0.00917663
0.673397 0.0478908

0.922749 0.124726
0.929707 0.279448

0.922749 0.124726
0.857697 0.0389767

0.341633 0.300643
0.420005 0.310005

0.755165 0.723931
0.673274 0.695819

0.755165 0.723931
0.792237 0.764011

0.525112 0.515185
0.456671 0.536346

0.525112 0.515185
0.47657 0.475674

0.929707 0.279448
0.977991 0.334154

0.93941 0.861884
0.673274 0.695819

0.93941 0.861884
0.854356 0.891309

0.456671 0.536346
0.544132 0.808813

0.854356 0.891309
0.837083 0.997848

0.420005 0.310005
0.512987 0.286618

0.837083 0.997848
0.952493 0.872826

0.952493 0.872826
0.792237 0.764011

