0.113514 0.746697
0.132294 0.837437

0.320589 0.844166
0.132294 0.837437

0.320589 0.844166
0.522055 0.87774

0.522055 0.87774
0.674144 0.974883

0.822247 0.991021
0.674144 0.974883

0.822247 0.991021
0.851666 0.905693

0.795477 0.824502
0.851666 0.905693

0.917907 0.693877
0.795477 0.824502

0.917907 0.693877
0.908015 0.600008

0.894773 0.509529
0.908015 0.600008

0.894773 0.509529
0.985867 0.398295

0.985867 0.398295
0.989101 0.262895

0.989101 0.262895
0.920029 0.263255

0.920029 0.263255
0.924955 0.120303

0.891041 0.102259
0.924955 0.120303

0.891041 0.102259
0.820187 0.144416

0.745225 0.164907
0.820187 0.144416

0.699266 0.192714
0.745225 0.164907

0.699266 0.192714
0.656398 0.199094

0.656398 0.199094
0.724236 0.493579

0.727006 0.523168
0.724236 0.493579

0.727551 0.530623
0.727006 0.523168

0.727551 0.530623
0.638995 0.563654

0.569555 0.750721
0.638995 0.563654

0.393419 0.766312
0.569555 0.750721

0.30876 0.611157
0.393419 0.766312

0.30876 0.611157
0.22866 0.489582

0.344992 0.211412
0.22866 0.489582

0.279246 0.139524
0.344992 0.211412

0.279246 0.139524
0.249133 0.124835

0.249133 0.124835
0.239775 0.115547

0.109201 0.240625
0.239775 0.115547

0.109201 0.240625
0.104813 0.357877

0.104813 0.357877
0.147676 0.688083

0.113514 0.746697
0.147676 0.688083

