0.962877 0.346542
0.537922 0.914808

0.962877 0.346542
0.0943661 0.994387

0.962877 0.346542
0.262829 0.695218

0.962877 0.346542
0.643182 0.366186

0.962877 0.346542
0.888348 0.188246

0.962877 0.346542
0.836306 0.325658

0.962877 0.346542
0.230086 0.971946

0.962877 0.346542
0.726952 0.631153

0.962877 0.346542
0.0368903 0.068163

0.962877 0.346542
0.601195 0.36915

0.962877 0.346542
0.00832864 0.284431

0.537922 0.914808
0.643182 0.366186

0.537922 0.914808
0.289921 0.033762

0.537922 0.914808
0.726952 0.631153

0.537922 0.914808
0.986281 0.606551

0.537922 0.914808
0.0368903 0.068163

0.537922 0.914808
0.2451 0.540107

0.0943661 0.994387
0.416737 0.0313458

0.0943661 0.994387
0.888348 0.188246

0.0943661 0.994387
0.2451 0.540107

0.416737 0.0313458
0.262829 0.695218

0.416737 0.0313458
0.888348 0.188246

0.416737 0.0313458
0.836306 0.325658

0.416737 0.0313458
0.334033 0.404845

0.416737 0.0313458
0.0792798 0.366697

0.416737 0.0313458
0.289921 0.033762

0.416737 0.0313458
0.726952 0.631153

0.262829 0.695218
0.643182 0.366186

0.262829 0.695218
0.334033 0.404845

0.262829 0.695218
0.230086 0.971946

0.262829 0.695218
0.289921 0.033762

0.262829 0.695218
0.986281 0.606551

0.262829 0.695218
0.601195 0.36915

0.262829 0.695218
0.2451 0.540107

0.262829 0.695218
0.423915 0.898336

0.262829 0.695218
0.00832864 0.284431

0.643182 0.366186
0.888348 0.188246

0.643182 0.366186
0.836306 0.325658

0.643182 0.366186
0.334033 0.404845

0.643182 0.366186
0.12495 0.105512

0.643182 0.366186
0.230086 0.971946

0.643182 0.366186
0.0792798 0.366697

0.643182 0.366186
0.726952 0.631153

0.643182 0.366186
0.0368903 0.068163

0.643182 0.366186
0.601195 0.36915

0.643182 0.366186
0.423915 0.898336

0.643182 0.366186
0.00832864 0.284431

0.888348 0.188246
0.334033 0.404845

0.888348 0.188246
0.12495 0.105512

0.888348 0.188246
0.230086 0.971946

0.888348 0.188246
0.0792798 0.366697

0.888348 0.188246
0.726952 0.631153

0.888348 0.188246
0.0368903 0.068163

0.888348 0.188246
0.423915 0.898336

0.888348 0.188246
0.00832864 0.284431

0.836306 0.325658
0.334033 0.404845

0.836306 0.325658
0.12495 0.105512

0.836306 0.325658
0.289921 0.033762

0.836306 0.325658
0.2451 0.540107

0.836306 0.325658
0.00832864 0.284431

0.334033 0.404845
0.888348 0.188246

0.334033 0.404845
0.0792798 0.366697

0.334033 0.404845
0.726952 0.631153

0.334033 0.404845
0.986281 0.606551

0.334033 0.404845
0.0368903 0.068163

0.334033 0.404845
0.423915 0.898336

0.334033 0.404845
0.00832864 0.284431

0.12495 0.105512
0.289921 0.033762

0.12495 0.105512
0.986281 0.606551

0.12495 0.105512
0.423915 0.898336

0.230086 0.971946
0.0792798 0.366697

0.230086 0.971946
0.986281 0.606551

0.230086 0.971946
0.601195 0.36915

0.230086 0.971946
0.2451 0.540107

0.230086 0.971946
0.00832864 0.284431

0.0792798 0.366697
0.289921 0.033762

0.0792798 0.366697
0.726952 0.631153

0.0792798 0.366697
0.986281 0.606551

0.0792798 0.366697
0.601195 0.36915

0.289921 0.033762
0.986281 0.606551

0.289921 0.033762
0.0368903 0.068163

0.289921 0.033762
0.423915 0.898336

0.289921 0.033762
0.00832864 0.284431

0.726952 0.631153
0.986281 0.606551

0.726952 0.631153
0.2451 0.540107

0.726952 0.631153
0.00832864 0.284431

0.986281 0.606551
0.601195 0.36915

0.986281 0.606551
0.00832864 0.284431

0.0368903 0.068163
0.423915 0.898336

0.0368903 0.068163
0.00832864 0.284431

0.601195 0.36915
0.2451 0.540107

0.601195 0.36915
0.423915 0.898336

0.601195 0.36915
0.00832864 0.284431

0.2451 0.540107
0.423915 0.898336

0.423915 0.898336
0.00832864 0.284431

