0.59846 0.372046 0.653846
0.963389 0.00234 0.803846
0.125557 0.643803 0.625
0.0745499 0.116331 0.325
0.519106 0.310564 0.596154
0.455851 0.95057 0.855769
0.881644 0.226479 0.769231
0.057666 0.521941 0.55
0.894265 0.865765 0.965385
0.115628 0.916732 0.780769
0.184434 0.278701 0.440385
0.848743 0.99723 1
0.150738 0.545246 0.573077
0.903921 0.316641 0.798077
0.571539 0.231109 0.601923
0.431708 0.640151 0.688462
0.753891 0.0751931 0.682692
0.865981 0.564392 0.844231
0.712817 0.687265 0.815385
0.0407469 0.0614738 0.290385
0.171112 0.435522 0.515385
0.40433 0.199682 0.503846
0.107308 0.164059 0.359615
0.963119 0.460071 0.861538
0.538577 0.993379 0.896154
0.542657 0.947118 0.873077
0.823079 0.93712 0.965385
0.264254 0.536033 0.590385
0.266391 0.761718 0.711538
0.619093 0.996923 0.925
0.222222 0.96806 0.821154
0.624673 0.771389 0.815385
0.395744 0.0707448 0.480769
0.514263 0.537161 0.676923
0.676191 0.143334 0.642308
0.0429192 0.321788 0.434615
0.924302 0.657835 0.901923
0.57821 0.854298 0.838462
0.316366 0.648783 0.659615
0.84714 0.146095 0.740385
0.436864 0.827899 0.786538
0.447422 0.191168 0.526923
0.551012 0.554771 0.694231
0.740273 0.749304 0.85
0.71307 0.701945 0.821154
0.199755 0.439982 0.526923
0.324338 0.447987 0.561538
0.185713 0.734595 0.682692
0.0704091 0.893516 0.763462
0.131093 0.473414 0.526923
0.962377 0.578481 0.890385
0.294548 0.129042 0.428846
0.396368 0.0551249 0.475
0.63952 0.39827 0.682692
0.323085 0.736411 0.711538
0.109025 0.949988 0.798077
0.597218 0.421886 0.665385
0.345481 0.372771 0.538462
0.0473192 0.169404 0.348077
0.384555 0.729478 0.723077
0.0502372 0.0412622 0.284615
0.203286 0.120485 0.382692
0.304416 0.294779 0.492308
0.100533 0.706103 0.659615
0.222963 0.793225 0.723077
0.929012 0.623664 0.890385
0.0060715 0.00571001 0.25
0.873815 0.535795 0.838462
0.812577 0.760317 0.884615
0.402979 0.795184 0.757692
0.667652 0.455459 0.711538
0.58908 0.775583 0.809615
0.396389 0.180333 0.498077
0.734507 0.785398 0.867308
0.485791 0.0524069 0.526923
0.416005 0.398729 0.578846
0.171774 0.278053 0.434615
0.671477 0.569371 0.751923
0.714684 0.0986282 0.659615
0.520118 0.506295 0.665385
0.693986 0.596661 0.775
0.506136 0.960765 0.873077
0.030537 0.0765076 0.290385
0.688752 0.50887 0.740385
0.545685 0.926517 0.867308
0.300553 0.160825 0.440385
0.991323 0.599964 0.913462
0.779289 0.800154 0.890385
0.386646 0.538862 0.630769
0.250532 0.999144 0.838462
0.660574 0.248439 0.653846
0.292011 0.91833 0.803846
0.731425 0.817302 0.878846
0.0919539 0.935802 0.786538
0.807257 0.0991539 0.717308
0.609411 0.908379 0.878846
0.956513 0.535245 0.878846
0.536976 0.963538 0.884615
0.0516955 0.288834 0.417308
0.308315 0.641506 0.653846
