0.222423 0.668119
0.122046 0.78694

0.222423 0.668119
0.703139 0.997806

0.872699 0.754789
0.52948 0.725612

0.872699 0.754789
0.338854 0.614723

0.197643 0.0898896
0.00975123 0.244518

0.197643 0.0898896
0.518263 0.215079

0.611327 0.239334
0.0285767 0.619746

0.611327 0.239334
0.518263 0.215079

0.0285767 0.619746
0.074853 0.527575

0.0889385 0.292071
0.074853 0.527575

0.0889385 0.292071
0.973683 0.40398

0.205575 0.71461
0.493906 0.49935

0.205575 0.71461
0.122046 0.78694

0.52948 0.725612
0.703139 0.997806

0.00975123 0.244518
0.811188 0.122757

0.493906 0.49935
0.338854 0.614723

0.811188 0.122757
0.96151 0.771114

0.96151 0.771114
0.492139 0.851269

0.630475 0.829749
0.492139 0.851269

0.630475 0.829749
0.973683 0.40398

