0.924462 0.013426 0.94
0.513047 0.1385 0.68
0.0687817 0.77662 0.75
0.808967 0.639395 0.55
0.955655 0.0940417 0.89
0.580741 0.269624 0.55
0.537235 0.227791 0.59
0.0208934 0.78217 0.79
0.519762 0.568243 0.25
0.789277 0.258804 0.66
0.766986 0.72898 0.54
0.12538 0.578232 0.64
0.960927 0.624722 0.69
0.102031 0.05394 0.91
0.927904 0.59938 0.66
0.412415 0.242839 0.59
0.328225 0.124172 0.73
0.827756 0.808509 0.64
0.233914 0.772466 0.6
0.585047 0.259161 0.57
0.771221 0.861135 0.64
0.174221 0.503131 0.6
0.717763 0.501373 0.46
0.48687 0.830893 0.51
0.806312 0.625229 0.54
0.194181 0.37596 0.63
0.940142 0.80325 0.73
0.580913 0.517765 0.33
0.460634 0.932523 0.62
0.0235573 0.00703104 1
0.112072 0.903139 0.78
0.854674 0.191719 0.75
0.525478 0.140246 0.68
0.730734 0.66096 0.48
0.435207 0.639841 0.36
0.691215 0.811505 0.55
0.222897 0.0946039 0.81
0.843031 0.763578 0.63
0.48065 0.313908 0.51
0.419089 0.420089 0.43
0.251423 0.896112 0.67
0.388294 0.0165931 0.82
0.713877 0.01307 0.84
0.152385 0.415536 0.65
0.372833 0.24743 0.6
0.532064 0.835509 0.52
0.904241 0.160627 0.81
0.63982 0.648518 0.39
0.0225126 0.260726 0.83
0.0906293 0.586897 0.68
