0.890581 0.447138 0.8125
0.586227 0.0918991 0.5625
0.93663 0.0504273 0.8125
0.697415 0.999821 1
0.748306 0.221241 0.6875
0.747417 0.309923 0.6875
0.225404 0.0326323 0.375
0.461029 0.617935 0.6875
0.634532 0.822346 0.875
0.173852 0.536029 0.5625
0.762277 0.366632 0.75
0.0539058 0.211359 0.375
0.251881 0.901136 0.8125
0.157756 0.889672 0.8125
0.395732 0.843416 0.8125
0.85375 0.489484 0.8125
0.0526759 0.873371 0.75
0.175117 0.734536 0.6875
0.40651 0.893815 0.8125
0.627741 0.371978 0.6875
0.485298 0.992654 0.875
0.878028 0.703603 0.9375
0.255232 0.796352 0.75
0.0589933 0.339671 0.4375
0.338691 0.746495 0.75
0.481608 0.367688 0.5625
0.347653 0.896974 0.8125
0.71971 0.299627 0.6875
0.197691 0.52271 0.5625
0.112458 0.0594522 0.3125
0.636219 0.0966734 0.625
0.263883 0.817803 0.75
0.379034 0.102351 0.4375
0.506641 0.865336 0.8125
0.241539 0.361036 0.5
0.799169 0.772497 0.875
0.462379 0.579067 0.6875
0.819465 0.477994 0.8125
0.833661 0.0793484 0.75
0.0541114 0.0453849 0.25
0.632262 0.831026 0.875
0.236152 0.755836 0.6875
0.285047 0.756667 0.6875
0.0937594 0.717887 0.6875
0.247856 0.63114 0.625
0.216965 0.856041 0.75
0.373601 0.594496 0.625
0.0898009 0.30377 0.4375
0.31919 0.100978 0.4375
0.461158 0.435828 0.625
