0.942643 0.350113 0.472222
0.211482 0.566026 0.916667
0.121857 0.378389 0.916667
0.994493 0.0198496 0.25
0.51516 0.963816 0.972222
0.0584137 0.465816 0.972222
0.678463 0.0872599 0.472222
0.301191 0.102255 0.722222
0.580022 0.120424 0.555556
0.0665292 0.124468 0.888889
0.697138 0.332133 0.555556
0.845504 0.889548 0.861111
0.687899 0.574396 0.694444
0.819622 0.61288 0.666667
0.769217 0.162113 0.444444
0.0914847 0.616838 1
0.810465 0.473755 0.583333
0.615769 0.933064 0.944444
0.843185 0.458645 0.583333
0.342223 0.903984 1
