0.0321388 0.829837
0.0842234 0.946112

0.0842234 0.946112
0.0550566 0.999757

0.333399 0.98971
0.0550566 0.999757

0.37802 0.851064
0.333399 0.98971

0.221115 0.681593
0.37802 0.851064

0.221115 0.681593
0.191621 0.697659

0.303293 0.673891
0.191621 0.697659

0.303293 0.673891
0.232905 0.657145

0.24196 0.544951
0.232905 0.657145

0.240471 0.470663
0.24196 0.544951

0.240471 0.470663
0.250416 0.397677

0.270788 0.355306
0.250416 0.397677

0.270788 0.355306
0.248821 0.267311

0.248821 0.267311
0.226776 0.172205

0.226776 0.172205
0.228474 0.0676551

0.463174 0.017839
0.228474 0.0676551

0.463174 0.017839
0.502611 0.0445032

0.621427 0.0453468
0.502611 0.0445032

0.621427 0.0453468
0.758975 0.00487815

0.758975 0.00487815
0.757183 0.0349472

0.757183 0.0349472
0.87015 0.0340009

0.93339 0.1986
0.87015 0.0340009

0.891072 0.242627
0.93339 0.1986

0.891072 0.242627
0.814205 0.338674

0.735185 0.305896
0.814205 0.338674

0.819639 0.420903
0.735185 0.305896

0.819639 0.420903
0.811746 0.450296

0.78915 0.643731
0.811746 0.450296

0.78915 0.643731
0.801161 0.634162

0.78915 0.643731
0.801161 0.634162

0.78915 0.643731
0.768414 0.662611

0.911761 0.807781
0.768414 0.662611

0.911761 0.807781
0.85882 0.880073

0.740612 0.995355
0.85882 0.880073

0.872945 0.92349
0.740612 0.995355

0.872945 0.92349
0.930251 0.857105

0.930251 0.857105
0.909472 0.747329

0.886566 0.783867
0.909472 0.747329

0.886566 0.783867
0.888516 0.760228

0.886566 0.783867
0.888516 0.760228

0.886566 0.783867
0.951652 0.551919

0.951652 0.551919
0.811746 0.450296

0.811746 0.450296
0.71553 0.291458

0.753721 0.274971
0.71553 0.291458

0.753721 0.274971
0.71553 0.291458

0.71553 0.291458
0.535234 0.259614

0.426739 0.269792
0.535234 0.259614

0.446285 0.242468
0.426739 0.269792

0.446285 0.242468
0.426739 0.269792

0.606414 0.361486
0.426739 0.269792

0.606414 0.361486
0.580207 0.311381

0.526017 0.330514
0.580207 0.311381

0.526017 0.330514
0.39196 0.370409

0.330321 0.423637
0.39196 0.370409

0.330321 0.423637
0.145822 0.542007

0.00143812 0.52896
0.145822 0.542007

0.0866238 0.533644
0.00143812 0.52896

0.0866238 0.533644
0.0511784 0.598567

0.0977338 0.61894
0.0511784 0.598567

0.0977338 0.61894
0.0263871 0.621496

0.0321388 0.829837
0.0263871 0.621496

0.0321388 0.829837
0.108103 0.939423

0.0321388 0.829837
0.108103 0.939423

