0.656195 0.898938 0.7
0.399561 0.890027 0.665385
0.362803 0.96656 0.757692
0.146438 0.863337 0.792308
0.118169 0.725846 0.734615
0.159315 0.789835 0.723077
0.515478 0.663245 0.388462
0.711246 0.442542 0.526923
0.588378 0.406679 0.446154
0.846961 0.000711238 1
0.626824 0.26609 0.607692
0.331445 0.827946 0.630769
0.992626 0.349299 0.873077
0.295392 0.639197 0.503846
0.902017 0.692552 0.757692
0.492227 0.542455 0.25
0.965774 0.508173 0.792308
0.969219 0.773395 0.861538
0.822167 0.00176788 0.976923
0.820865 0.0288454 0.953846
