0.052443 0.512963
0.0686216 0.803208

0.052443 0.512963
0.282239 0.449028

0.65811 0.363356
0.99176 0.321963

0.65811 0.363356
0.558663 0.0974697

0.024021 0.858915
0.14126 0.994299

0.024021 0.858915
0.199286 0.924798

0.0531481 0.244462
0.192024 0.114676

0.0531481 0.244462
0.297603 0.246446

0.565273 0.4142
0.558663 0.0974697

0.565273 0.4142
0.832087 0.0836423

0.14455 0.571485
0.00498238 0.631895

0.14455 0.571485
0.282239 0.449028

0.99176 0.321963
0.771883 0.821739

0.743586 0.84672
0.771883 0.821739

0.743586 0.84672
0.716636 0.0152221

0.00498238 0.631895
0.0686216 0.803208

0.192024 0.114676
0.832087 0.0836423

0.14126 0.994299
0.199286 0.924798

0.716636 0.0152221
0.297603 0.246446

