0.929498 0.493875
0.954891 0.317038

0.929498 0.493875
0.651819 0.454257

0.954891 0.317038
0.885483 0.372796

0.162834 0.674386
0.0937146 0.911821

0.162834 0.674386
0.045979 0.815291

0.847024 0.165134
0.512281 0.0450682

0.847024 0.165134
0.813004 0.0344749

0.226315 0.1076
0.688547 0.350699

0.226315 0.1076
0.512281 0.0450682

0.119726 0.993122
0.170082 0.89524

0.119726 0.993122
0.0937146 0.911821

0.465392 0.979261
0.383104 0.757623

0.465392 0.979261
0.638433 0.833349

0.170082 0.89524
0.045979 0.815291

0.688547 0.350699
0.651819 0.454257

0.699434 0.816974
0.638433 0.833349

0.699434 0.816974
0.503433 0.833323

0.383104 0.757623
0.503433 0.833323

0.885483 0.372796
0.813004 0.0344749

