0.743095 0.979582
0.673589 0.878875

0.743095 0.979582
0.680018 0.855729

0.673589 0.878875
0.695602 0.870183

0.26766 0.153213
0.317681 0.112597

0.26766 0.153213
0.204403 0.167499

0.527061 0.431398
0.567457 0.356858

0.527061 0.431398
0.515447 0.415591

0.0613338 0.74233
0.0172008 0.756688

0.0613338 0.74233
0.0102272 0.651896

0.732619 0.314428
0.729988 0.300172

0.732619 0.314428
0.722868 0.203821

0.0674644 0.470192
0.0102272 0.651896

0.0674644 0.470192
0.124861 0.516162

0.9832 0.228925
0.990578 0.304348

0.9832 0.228925
0.953271 0.151159

0.66495 0.653375
0.708758 0.639594

0.66495 0.653375
0.687647 0.648542

0.990578 0.304348
0.953271 0.151159

0.19645 0.225168
0.184024 0.280916

0.19645 0.225168
0.0710625 0.224765

0.574 0.0238478
0.560852 0.0777178

0.574 0.0238478
0.510272 0.0443009

0.0172008 0.756688
0.0937883 0.821597

0.40505 0.776556
0.465614 0.711298

0.40505 0.776556
0.302569 0.799116

0.341498 0.245828
0.204403 0.167499

0.341498 0.245828
0.366539 0.106229

0.437399 0.133177
0.534897 0.268242

0.437399 0.133177
0.366539 0.106229

0.606144 0.760139
0.552587 0.798606

0.606144 0.760139
0.590717 0.695637

0.247063 0.986521
0.276004 0.832356

0.247063 0.986521
0.390826 0.948254

0.279829 0.972415
0.362303 0.87465

0.279829 0.972415
0.390826 0.948254

0.695602 0.870183
0.773083 0.969134

0.0895457 0.189998
0.0344105 0.0495277

0.0895457 0.189998
0.113889 0.0952711

0.848994 0.139214
0.908698 0.193125

0.848994 0.139214
0.920038 0.0105474

0.557211 0.351802
0.534897 0.268242

0.557211 0.351802
0.567457 0.356858

0.729988 0.300172
0.720109 0.27098

0.885214 0.0248467
0.748527 0.047421

0.885214 0.0248467
0.920038 0.0105474

0.854685 0.751351
0.785677 0.679315

0.854685 0.751351
0.83171 0.712528

0.816934 0.498208
0.724203 0.489823

0.816934 0.498208
0.765345 0.602519

0.465614 0.711298
0.450672 0.869504

0.708758 0.639594
0.687647 0.648542

0.184024 0.280916
0.2462 0.258625

0.317681 0.112597
0.234641 0.0242918

0.102829 0.0269412
0.234928 0.0297224

0.102829 0.0269412
0.0344105 0.0495277

0.0710625 0.224765
0.113889 0.0952711

0.196307 0.650728
0.0969938 0.559028

0.196307 0.650728
0.219843 0.754589

0.348232 0.440779
0.396709 0.515744

0.348232 0.440779
0.300468 0.405129

0.396709 0.515744
0.551004 0.495139

0.551004 0.495139
0.515447 0.415591

0.234928 0.0297224
0.234641 0.0242918

0.302569 0.799116
0.219843 0.754589

0.561336 0.162695
0.560852 0.0777178

0.561336 0.162695
0.448714 0.0500998

0.773083 0.969134
0.779045 0.793722

0.748527 0.047421
0.669561 0.112226

0.680018 0.855729
0.631237 0.841692

0.631237 0.841692
0.552587 0.798606

0.276004 0.832356
0.159227 0.884238

0.878431 0.310748
0.908698 0.193125

0.878431 0.310748
0.731618 0.135524

0.450672 0.869504
0.483885 0.946086

0.785677 0.679315
0.83171 0.712528

0.951155 0.814136
0.915893 0.84892

0.951155 0.814136
0.986495 0.752909

0.0969938 0.559028
0.124861 0.516162

0.483885 0.946086
0.362303 0.87465

0.724203 0.489823
0.765345 0.602519

0.510272 0.0443009
0.448714 0.0500998

0.915893 0.84892
0.935283 0.79469

0.590717 0.695637
0.685608 0.724728

0.282696 0.337041
0.2462 0.258625

0.282696 0.337041
0.300468 0.405129

0.669561 0.112226
0.731618 0.135524

0.986495 0.752909
0.935283 0.79469

0.0937883 0.821597
0.0315941 0.914441

0.142241 0.848458
0.159227 0.884238

0.142241 0.848458
0.163542 0.943383

0.755052 0.784681
0.685608 0.724728

0.755052 0.784681
0.779045 0.793722

0.0315941 0.914441
0.163542 0.943383

0.720109 0.27098
0.722868 0.203821

