0.000911197 0.303777
0.644621 0.660762

0.000911197 0.303777
0.863795 0.61698

0.000911197 0.303777
0.175582 0.339103

0.000911197 0.303777
0.579538 0.0731076

0.000911197 0.303777
0.0879515 0.943594

0.000911197 0.303777
0.274015 0.691245

0.644621 0.660762
0.299612 0.396353

0.644621 0.660762
0.0879515 0.943594

0.644621 0.660762
0.664512 0.652975

0.863795 0.61698
0.175582 0.339103

0.863795 0.61698
0.579538 0.0731076

0.863795 0.61698
0.299612 0.396353

0.863795 0.61698
0.0879515 0.943594

0.863795 0.61698
0.04901 0.374871

0.863795 0.61698
0.274015 0.691245

0.863795 0.61698
0.664512 0.652975

0.175582 0.339103
0.579538 0.0731076

0.175582 0.339103
0.0879515 0.943594

0.175582 0.339103
0.04901 0.374871

0.175582 0.339103
0.274015 0.691245

0.175582 0.339103
0.664512 0.652975

0.579538 0.0731076
0.0879515 0.943594

0.579538 0.0731076
0.04901 0.374871

0.579538 0.0731076
0.274015 0.691245

0.579538 0.0731076
0.664512 0.652975

0.299612 0.396353
0.04901 0.374871

0.299612 0.396353
0.664512 0.652975

0.0879515 0.943594
0.04901 0.374871

0.0879515 0.943594
0.664512 0.652975

0.04901 0.374871
0.274015 0.691245

0.274015 0.691245
0.664512 0.652975

