0.903082 0.0442564
0.6398 0.0943366

0.6398 0.0943366
0.499841 0.110477

0.903082 0.0442564
0.642086 0.337336

0.642086 0.337336
0.633002 0.382946

0.633002 0.382946
0.52995 0.476032

0.191513 0.486458
0.0890186 0.104177

0.191513 0.486458
0.0636479 0.800509

0.334846 0.877882
0.0636479 0.800509

0.334846 0.877882
0.563859 0.847613

0.978853 0.970407
0.881324 0.65674

0.978853 0.970407
0.563859 0.847613

0.0890186 0.104177
0.499841 0.110477

0.881324 0.65674
0.785935 0.450169

0.785935 0.450169
0.52995 0.476032

