0.202012 0.687153 0.765625
0.893815 0.466513 0.601562
0.933227 0.977493 0.964844
0.21221 0.282373 0.753906
0.856053 0.280188 0.636719
0.708181 0.217491 0.589844
0.257617 0.738148 0.742188
0.0955352 0.317305 0.859375
0.233695 0.0127406 0.941406
0.668058 0.798105 0.636719
0.609847 0.534797 0.320312
0.264873 0.152447 0.789062
0.371718 0.593007 0.542969
0.184366 0.249111 0.800781
0.397178 0.526982 0.484375
0.287505 0.440997 0.601562
0.377291 0.511981 0.507812
0.106193 0.598749 0.835938
0.182238 0.246424 0.800781
0.719784 0.607044 0.460938
0.734503 0.435156 0.425781
0.174977 0.136433 0.882812
0.542008 0.781612 0.613281
0.774036 0.153309 0.683594
0.0107653 0.555283 0.929688
0.180732 0.641899 0.765625
0.374791 0.61616 0.554688
0.0557988 0.164898 0.976562
0.0659823 0.119902 0.988281
0.192592 0.0563139 0.929688
0.295973 0.428738 0.601562
0.143639 0.314531 0.8125
0.380673 0.706256 0.613281
0.693452 0.448027 0.378906
0.426463 0.0498787 0.789062
0.185573 0.860889 0.90625
0.589916 0.478012 0.25
0.0625056 0.727448 0.929688
0.551112 0.63143 0.4375
0.575497 0.619338 0.414062
0.739533 0.996434 0.882812
0.111061 0.643424 0.847656
0.165276 0.43045 0.753906
0.550183 0.423914 0.332031
0.473905 0.248475 0.554688
0.927423 0.509604 0.648438
0.325743 0.617549 0.601562
0.358394 0.757737 0.671875
0.0763809 0.861722 1
0.652042 0.609498 0.425781
