0.599069 0.109579 0.743151
0.959005 0.0806558 0.866438
0.165911 0.246239 0.84589
0.0772252 0.761276 0.84589
0.132666 0.0547379 1
0.298819 0.754706 0.630137
0.404507 0.680198 0.506849
0.860541 0.265415 0.660959
0.634372 0.590476 0.25
0.333201 0.000620516 0.928082
0.695793 0.416515 0.434932
0.0283804 0.315994 0.938356
0.285173 0.625823 0.609589
0.715852 0.820733 0.496575
0.891912 0.1491 0.773973
0.563719 0.247766 0.609589
0.770366 0.996739 0.691781
0.891286 0.933228 0.691781
0.741013 0.202639 0.660959
0.199871 0.489921 0.712329
