0.502013 0.142498 0.08
0.612788 0.621794 0.08
0.9996 0.619335 0.08
0.844508 0.00428317 0.08
0.593295 0.96839 0.08
0.00496191 0.718087 0.08
0.94917 0.573172 0.08
0.436026 0.499208 0.08
0.32294 0.579272 0.08
0.812086 0.0863523 0.08
0.185231 0.690088 0.08
0.521367 0.0960048 0.08
0.341523 0.232396 0.08
0.0335064 0.641227 0.08
0.962352 0.565973 0.08
0.616632 0.0264028 0.08
0.422828 0.500317 0.08
0.582825 0.425902 0.08
0.87488 0.836516 0.08
0.280889 0.819147 0.08
0.924357 0.543128 0.08
0.200029 0.869548 0.08
0.916483 0.662611 0.08
0.841104 0.0722198 0.08
0.215135 0.817159 0.08
0.777235 0.857771 0.08
0.44589 0.731483 0.08
0.00908303 0.441629 0.08
0.293437 0.00204636 0.08
0.742805 0.361515 0.08
0.975107 0.388291 0.08
0.105283 0.0562168 0.08
0.375487 0.327625 0.08
0.787906 0.16792 0.08
0.0754359 0.271295 0.08
0.581031 0.0731599 0.08
0.256739 0.801517 0.08
0.426572 0.887156 0.08
0.831991 0.0175157 0.08
0.430808 0.227331 0.08
0.268313 0.297867 0.08
0.523587 0.740179 0.08
0.238769 0.535634 0.08
0.150158 0.999433 0.08
0.998698 0.864745 0.08
0.512896 0.0870302 0.08
0.0542766 0.169053 0.08
0.453397 0.303597 0.08
