0.408612 0.394535 0.426471
0.488048 0.346393 0.382353
0.687997 0.572039 0.470588
0.433498 0.605231 0.426471
0.425239 0.0902098 0.691176
0.612818 0.253217 0.514706
0.799797 0.623459 0.602941
0.850308 0.00777441 0.867647
0.0384438 0.671223 0.823529
0.394673 0.254718 0.514706
0.454012 0.330279 0.426471
0.792934 0.0022154 0.867647
0.73665 0.946292 0.823529
0.00159664 0.641882 0.867647
0.374936 0.182119 0.602941
0.767684 0.439413 0.514706
0.280755 0.513619 0.514706
0.507745 0.76385 0.558824
0.679193 0.371579 0.470588
0.560475 0.506301 0.294118
0.43512 0.467318 0.338235
0.3052 0.952895 0.823529
0.225255 0.0838271 0.779412
0.923472 0.49331 0.691176
0.11846 0.371161 0.735294
0.505226 0.88949 0.691176
0.788508 0.806647 0.735294
0.527253 0.472715 0.25
0.561417 0.559867 0.338235
0.388354 0.101354 0.691176
0.378556 0.925386 0.779412
0.0569515 0.166217 0.867647
0.2614 0.201427 0.647059
0.255299 0.285949 0.602941
0.136809 0.358993 0.691176
0.599404 0.976018 0.823529
0.375333 0.900898 0.735294
0.529467 0.369939 0.382353
0.534829 0.663551 0.470588
0.0888457 0.498801 0.735294
0.302852 0.17781 0.647059
0.0619894 0.513702 0.779412
0.0714263 0.375275 0.779412
0.483158 0.574061 0.382353
0.41606 0.307757 0.470588
0.0683061 0.830372 0.911765
0.00442521 0.544031 0.823529
0.229916 0.55561 0.602941
0.805376 0.602015 0.602941
0.847309 0.912267 0.867647
0.778553 0.806293 0.691176
0.802314 0.790388 0.735294
0.909911 0.415857 0.691176
0.771525 0.0759089 0.779412
0.659875 0.140076 0.647059
0.310059 0.226146 0.602941
0.659989 0.292207 0.514706
0.918379 0.895927 0.867647
0.974715 0.735733 0.823529
0.73527 0.341394 0.514706
0.826026 0.735172 0.691176
0.888062 0.576358 0.647059
0.178617 0.936918 0.911765
0.0267057 0.0762009 0.955882
0.888499 0.487021 0.647059
0.719805 0.723875 0.602941
0.577549 0.597954 0.382353
0.357809 0.959875 0.823529
0.194491 0.650778 0.647059
0.161442 0.348318 0.691176
0.155865 0.905684 0.867647
0.899764 0.567598 0.691176
0.671282 0.469491 0.426471
0.648 0.843349 0.691176
0.582966 0.654942 0.470588
0.755181 0.449719 0.514706
0.317416 0.634378 0.558824
0.331081 0.541132 0.470588
0.543774 0.272554 0.470588
0.08804 0.739005 0.823529
0.962554 0.90223 0.911765
0.73919 0.250804 0.602941
0.112895 0.485231 0.691176
0.152568 0.723761 0.735294
0.612369 0.939427 0.779412
0.00209445 0.893837 1
0.47967 0.951575 0.779412
0.435514 0.381462 0.382353
0.657634 0.865038 0.691176
0.613748 0.328839 0.426471
0.295127 0.981784 0.867647
0.28354 0.916185 0.823529
0.127581 0.742529 0.779412
0.762281 0.613566 0.558824
0.832657 0.246721 0.647059
0.414331 0.45124 0.382353
0.124701 0.730728 0.779412
0.892058 0.979841 0.955882
0.513468 0.910103 0.735294
0.823357 0.869863 0.779412
