0.527943 0.911608 0.689655
0.388645 0.765531 0.534483
0.77555 0.675571 0.612069
0.83612 0.450729 0.715517
0.312776 0.745165 0.586207
0.819751 0.542755 0.663793
0.465292 0.76519 0.508621
0.996019 0.485371 0.896552
0.506159 0.576971 0.25
0.405272 0.385834 0.534483
0.706407 0.448267 0.560345
0.575833 0.86325 0.637931
0.355155 0.0989961 0.896552
0.377056 0.281256 0.663793
0.362457 0.982727 0.818966
0.898957 0.93023 0.922414
0.390073 0.158027 0.818966
0.626177 0.921183 0.715517
0.284123 0.758543 0.612069
0.780303 0.0564058 1
