0.2003 0.390839
0.00621468 0.34637

0.045063 0.482707
0.00621468 0.34637

0.045063 0.482707
0.125358 0.471783

0.0852827 0.487722
0.125358 0.471783

0.0852827 0.487722
0.0605987 0.558347

0.000436152 0.633686
0.0605987 0.558347

0.139968 0.711139
0.000436152 0.633686

0.152903 0.696509
0.139968 0.711139

0.152903 0.696509
0.264451 0.776731

0.153017 0.924736
0.264451 0.776731

0.180237 0.94099
0.153017 0.924736

0.180237 0.94099
0.298451 0.971922

0.298451 0.971922
0.556433 0.980432

0.612722 0.95436
0.556433 0.980432

0.612722 0.95436
0.603253 0.833143

0.603253 0.833143
0.640009 0.777018

0.640009 0.777018
0.578464 0.753904

0.581849 0.714444
0.578464 0.753904

0.48623 0.773388
0.581849 0.714444

0.48623 0.773388
0.473819 0.78073

0.473819 0.78073
0.457058 0.755713

0.457058 0.755713
0.426918 0.767317

0.35253 0.721595
0.426918 0.767317

0.328134 0.713323
0.35253 0.721595

0.328134 0.713323
0.317127 0.605634

0.317127 0.605634
0.378085 0.621761

0.484385 0.617211
0.378085 0.621761

0.484385 0.617211
0.380896 0.478995

0.226619 0.488122
0.380896 0.478995

0.226619 0.488122
0.268719 0.390452

0.345607 0.321289
0.268719 0.390452

0.400483 0.350499
0.345607 0.321289

0.400483 0.350499
0.41581 0.338525

0.463739 0.373903
0.41581 0.338525

0.425073 0.31885
0.463739 0.373903

0.425073 0.31885
0.428542 0.288897

0.527507 0.223514
0.428542 0.288897

0.546561 0.275023
0.527507 0.223514

0.546561 0.275023
0.70586 0.395758

0.70586 0.395758
0.720229 0.418688

0.746722 0.464783
0.720229 0.418688

0.752041 0.467572
0.746722 0.464783

0.752041 0.467572
0.643392 0.552361

0.64274 0.655917
0.643392 0.552361

0.64675 0.688938
0.64274 0.655917

0.64675 0.688938
0.787713 0.751597

0.756018 0.861921
0.787713 0.751597

0.756018 0.861921
0.914692 0.921334

0.914692 0.921334
0.946007 0.929729

0.981527 0.912592
0.946007 0.929729

0.981527 0.912592
0.872789 0.830176

0.938449 0.783404
0.872789 0.830176

0.938449 0.783404
0.922365 0.738188

0.922365 0.738188
0.910018 0.629546

0.948118 0.502774
0.910018 0.629546

0.911162 0.357826
0.948118 0.502774

0.911162 0.357826
0.966773 0.22486

0.966773 0.22486
0.955863 0.217877

0.910339 0.328464
0.955863 0.217877

0.866697 0.338918
0.910339 0.328464

0.866697 0.338918
0.793823 0.413018

0.774022 0.379224
0.793823 0.413018

0.740251 0.337866
0.774022 0.379224

0.740251 0.337866
0.888479 0.0921526

0.888479 0.0921526
0.899006 0.053547

0.774381 0.0754788
0.899006 0.053547

0.774381 0.0754788
0.6759 0.0895835

0.62285 0.0982056
0.6759 0.0895835

0.569142 0.100216
0.62285 0.0982056

0.569142 0.100216
0.499104 0.0576484

0.504648 0.022787
0.499104 0.0576484

0.504648 0.022787
0.488755 0.051614

0.437154 0.0243649
0.488755 0.051614

0.437154 0.0243649
0.334595 0.190175

0.205516 0.186766
0.334595 0.190175

0.205516 0.186766
0.241311 0.104305

0.241311 0.104305
0.222259 0.0559168

0.222259 0.0559168
0.0527366 0.0819761

0.0344573 0.0986467
0.0527366 0.0819761

0.0344573 0.0986467
0.0849118 0.134547

0.0803107 0.192764
0.0849118 0.134547

0.104804 0.288861
0.0803107 0.192764

0.104804 0.288861
0.2003 0.390839

