0.715295 0.252739
0.375221 0.171161

0.715295 0.252739
0.0117667 0.913445

0.715295 0.252739
0.037227 0.701868

0.715295 0.252739
0.475889 0.232998

0.715295 0.252739
0.346854 0.187485

0.715295 0.252739
0.458143 0.75424

0.715295 0.252739
0.0540325 0.793362

0.715295 0.252739
0.420959 0.672036

0.715295 0.252739
0.941352 0.455758

0.715295 0.252739
0.585481 0.70095

0.715295 0.252739
0.120276 0.930245

0.924051 0.165949
0.0117667 0.913445

0.924051 0.165949
0.530977 0.990348

0.924051 0.165949
0.346854 0.187485

0.924051 0.165949
0.832683 0.497469

0.924051 0.165949
0.933636 0.370355

0.924051 0.165949
0.458143 0.75424

0.924051 0.165949
0.752414 0.870843

0.375221 0.171161
0.0117667 0.913445

0.375221 0.171161
0.037227 0.701868

0.375221 0.171161
0.475889 0.232998

0.375221 0.171161
0.530977 0.990348

0.375221 0.171161
0.738112 0.157243

0.375221 0.171161
0.458143 0.75424

0.228518 0.729599
0.0117667 0.913445

0.228518 0.729599
0.475889 0.232998

0.228518 0.729599
0.738112 0.157243

0.228518 0.729599
0.458143 0.75424

0.228518 0.729599
0.420959 0.672036

0.228518 0.729599
0.941352 0.455758

0.228518 0.729599
0.752414 0.870843

0.0117667 0.913445
0.346854 0.187485

0.0117667 0.913445
0.933636 0.370355

0.0117667 0.913445
0.941352 0.455758

0.0117667 0.913445
0.752414 0.870843

0.0117667 0.913445
0.585481 0.70095

0.0117667 0.913445
0.120276 0.930245

0.037227 0.701868
0.346854 0.187485

0.037227 0.701868
0.832683 0.497469

0.037227 0.701868
0.637598 0.968664

0.037227 0.701868
0.933636 0.370355

0.037227 0.701868
0.420959 0.672036

0.037227 0.701868
0.941352 0.455758

0.475889 0.232998
0.346854 0.187485

0.475889 0.232998
0.933636 0.370355

0.475889 0.232998
0.0540325 0.793362

0.475889 0.232998
0.420959 0.672036

0.475889 0.232998
0.941352 0.455758

0.475889 0.232998
0.752414 0.870843

0.475889 0.232998
0.585481 0.70095

0.475889 0.232998
0.120276 0.930245

0.530977 0.990348
0.346854 0.187485

0.530977 0.990348
0.832683 0.497469

0.530977 0.990348
0.738112 0.157243

0.530977 0.990348
0.637598 0.968664

0.530977 0.990348
0.458143 0.75424

0.530977 0.990348
0.941352 0.455758

0.530977 0.990348
0.585481 0.70095

0.346854 0.187485
0.637598 0.968664

0.346854 0.187485
0.458143 0.75424

0.346854 0.187485
0.0540325 0.793362

0.346854 0.187485
0.941352 0.455758

0.346854 0.187485
0.752414 0.870843

0.346854 0.187485
0.585481 0.70095

0.832683 0.497469
0.738112 0.157243

0.832683 0.497469
0.637598 0.968664

0.832683 0.497469
0.933636 0.370355

0.832683 0.497469
0.752414 0.870843

0.738112 0.157243
0.637598 0.968664

0.738112 0.157243
0.0540325 0.793362

0.738112 0.157243
0.941352 0.455758

0.738112 0.157243
0.752414 0.870843

0.738112 0.157243
0.585481 0.70095

0.738112 0.157243
0.120276 0.930245

0.637598 0.968664
0.458143 0.75424

0.637598 0.968664
0.0540325 0.793362

0.637598 0.968664
0.420959 0.672036

0.637598 0.968664
0.585481 0.70095

0.637598 0.968664
0.120276 0.930245

0.933636 0.370355
0.458143 0.75424

0.933636 0.370355
0.0540325 0.793362

0.933636 0.370355
0.941352 0.455758

0.933636 0.370355
0.752414 0.870843

0.458143 0.75424
0.941352 0.455758

0.458143 0.75424
0.585481 0.70095

0.458143 0.75424
0.120276 0.930245

0.0540325 0.793362
0.420959 0.672036

0.420959 0.672036
0.752414 0.870843

0.420959 0.672036
0.585481 0.70095

0.420959 0.672036
0.120276 0.930245

0.941352 0.455758
0.752414 0.870843

0.941352 0.455758
0.585481 0.70095

0.752414 0.870843
0.585481 0.70095

0.752414 0.870843
0.120276 0.930245

0.585481 0.70095
0.120276 0.930245

