0.327918 0.904276
0.351441 0.848184

0.327918 0.904276
0.392282 0.824399

0.756732 0.342644
0.749321 0.198493

0.756732 0.342644
0.736738 0.560285

0.504661 0.262809
0.581884 0.149697

0.504661 0.262809
0.367604 0.197556

0.629605 0.460609
0.60411 0.340016

0.629605 0.460609
0.480231 0.5214

0.106496 0.733123
0.168729 0.75918

0.106496 0.733123
0.17193 0.520739

0.510642 0.474475
0.654533 0.500442

0.896244 0.383595
0.654533 0.500442

0.896244 0.383595
0.60411 0.340016

0.489354 0.825437
0.487539 0.901003

0.489354 0.825437
0.511581 0.773136

0.630654 0.880761
0.611146 0.805842

0.630654 0.880761
0.586139 0.843243

0.0986949 0.513167
0.00443838 0.23644

0.0986949 0.513167
0.136557 0.40891

0.351441 0.848184
0.164621 0.939828

0.611146 0.805842
0.951014 0.978216

0.487539 0.901003
0.530909 0.747281

0.188767 0.247334
0.327516 0.305449

0.188767 0.247334
0.287885 0.177356

0.26368 0.177997
0.287885 0.177356

0.26368 0.177997
0.176009 0.0727427

0.951014 0.978216
0.66193 0.729109

0.00443838 0.23644
0.17193 0.520739

0.749321 0.198493
0.819676 0.279531

0.392282 0.824399
0.393241 0.998063

0.650041 0.0479497
0.819676 0.279531

0.650041 0.0479497
0.581884 0.149697

0.611269 0.602003
0.480231 0.5214

0.611269 0.602003
0.736738 0.560285

0.393241 0.998063
0.164621 0.939828

0.162253 0.693247
0.175347 0.561973

0.162253 0.693247
0.168729 0.75918

0.175347 0.561973
0.342544 0.468055

0.29531 0.146074
0.38314 0.125005

0.29531 0.146074
0.176009 0.0727427

0.586139 0.843243
0.917099 0.902694

0.327516 0.305449
0.329002 0.361579

0.732659 0.736915
0.917099 0.902694

0.732659 0.736915
0.66193 0.729109

0.38314 0.125005
0.42809 0.223294

0.272444 0.369362
0.510642 0.474475

0.272444 0.369362
0.136557 0.40891

0.530909 0.747281
0.511581 0.773136

0.367604 0.197556
0.42809 0.223294

0.342544 0.468055
0.329002 0.361579

