0.187166 0.331561
0.945942 0.525211

0.187166 0.331561
0.0510866 0.419657

0.187166 0.331561
0.991065 0.330717

0.187166 0.331561
0.401214 0.142877

0.187166 0.331561
0.975104 0.899357

0.187166 0.331561
0.909835 0.171285

0.187166 0.331561
0.94995 0.435369

0.294867 0.73211
0.945942 0.525211

0.294867 0.73211
0.0510866 0.419657

0.294867 0.73211
0.401214 0.142877

0.294867 0.73211
0.909835 0.171285

0.294867 0.73211
0.900596 0.0837659

0.294867 0.73211
0.94995 0.435369

0.373432 0.192045
0.945942 0.525211

0.373432 0.192045
0.719232 0.244237

0.373432 0.192045
0.975104 0.899357

0.373432 0.192045
0.900596 0.0837659

0.373432 0.192045
0.719105 0.287465

0.217111 0.884738
0.945942 0.525211

0.217111 0.884738
0.401214 0.142877

0.217111 0.884738
0.975104 0.899357

0.217111 0.884738
0.900596 0.0837659

0.217111 0.884738
0.623806 0.456445

0.217111 0.884738
0.94995 0.435369

0.217111 0.884738
0.719105 0.287465

0.217111 0.884738
0.391069 0.493709

0.217111 0.884738
0.414787 0.245871

0.945942 0.525211
0.0510866 0.419657

0.945942 0.525211
0.0586837 0.71951

0.0510866 0.419657
0.991065 0.330717

0.0510866 0.419657
0.00206345 0.00302047

0.0510866 0.419657
0.391069 0.493709

0.0510866 0.419657
0.414787 0.245871

0.991065 0.330717
0.414787 0.245871

0.401214 0.142877
0.975104 0.899357

0.401214 0.142877
0.900596 0.0837659

0.719232 0.244237
0.623806 0.456445

0.719232 0.244237
0.94995 0.435369

0.719232 0.244237
0.0570547 0.0475697

0.719232 0.244237
0.00206345 0.00302047

0.719232 0.244237
0.0586837 0.71951

0.975104 0.899357
0.900596 0.0837659

0.975104 0.899357
0.94995 0.435369

0.975104 0.899357
0.719105 0.287465

0.909835 0.171285
0.623806 0.456445

0.909835 0.171285
0.94995 0.435369

0.909835 0.171285
0.00206345 0.00302047

0.900596 0.0837659
0.414787 0.245871

0.623806 0.456445
0.719105 0.287465

0.0570547 0.0475697
0.719105 0.287465

0.0570547 0.0475697
0.391069 0.493709

0.0570547 0.0475697
0.414787 0.245871

0.00206345 0.00302047
0.719105 0.287465

0.00206345 0.00302047
0.0586837 0.71951

0.719105 0.287465
0.0586837 0.71951

0.719105 0.287465
0.391069 0.493709

0.0586837 0.71951
0.414787 0.245871

