0.754342 0.84487
0.114422 0.747092

0.754342 0.84487
0.715845 0.580476

0.754342 0.84487
0.466529 0.333427

0.754342 0.84487
0.0146485 0.522501

0.754342 0.84487
0.893329 0.684573

0.754342 0.84487
0.574726 0.276115

0.754342 0.84487
0.616584 0.341736

0.754342 0.84487
0.955413 0.574609

0.754342 0.84487
0.399739 0.243392

0.754342 0.84487
0.943204 0.345373

0.754342 0.84487
0.636454 0.517258

0.754342 0.84487
0.62863 0.00517326

0.754342 0.84487
0.155801 0.264653

0.754342 0.84487
0.0619774 0.923376

0.754342 0.84487
0.366431 0.62724

0.574877 0.771624
0.114422 0.747092

0.574877 0.771624
0.984033 0.739983

0.574877 0.771624
0.715845 0.580476

0.574877 0.771624
0.0803113 0.720814

0.574877 0.771624
0.280567 0.3068

0.574877 0.771624
0.0146485 0.522501

0.574877 0.771624
0.440903 0.676187

0.574877 0.771624
0.708137 0.736109

0.574877 0.771624
0.283053 0.892631

0.574877 0.771624
0.024218 0.238011

0.574877 0.771624
0.562239 0.833845

0.574877 0.771624
0.358534 0.0917619

0.574877 0.771624
0.62863 0.00517326

0.574877 0.771624
0.783469 0.535454

0.574877 0.771624
0.0469161 0.758189

0.927874 0.315263
0.692764 0.312821

0.927874 0.315263
0.687139 0.61666

0.927874 0.315263
0.715845 0.580476

0.927874 0.315263
0.0803113 0.720814

0.927874 0.315263
0.226018 0.329007

0.927874 0.315263
0.280567 0.3068

0.927874 0.315263
0.20822 0.00317407

0.927874 0.315263
0.893329 0.684573

0.927874 0.315263
0.708137 0.736109

0.927874 0.315263
0.531075 0.947724

0.927874 0.315263
0.955413 0.574609

0.927874 0.315263
0.024218 0.238011

0.927874 0.315263
0.399739 0.243392

0.927874 0.315263
0.275568 0.798457

0.927874 0.315263
0.562239 0.833845

0.927874 0.315263
0.358534 0.0917619

0.927874 0.315263
0.636454 0.517258

0.927874 0.315263
0.918311 0.385309

0.927874 0.315263
0.965268 0.662763

0.927874 0.315263
0.155801 0.264653

0.927874 0.315263
0.0619774 0.923376

0.927874 0.315263
0.366431 0.62724

0.0725207 0.106089
0.692764 0.312821

0.0725207 0.106089
0.114422 0.747092

0.0725207 0.106089
0.984033 0.739983

0.0725207 0.106089
0.715845 0.580476

0.0725207 0.106089
0.0339546 0.13022

0.0725207 0.106089
0.0803113 0.720814

0.0725207 0.106089
0.280567 0.3068

0.0725207 0.106089
0.466529 0.333427

0.0725207 0.106089
0.823883 0.816179

0.0725207 0.106089
0.0146485 0.522501

0.0725207 0.106089
0.574726 0.276115

0.0725207 0.106089
0.440903 0.676187

0.0725207 0.106089
0.399739 0.243392

0.0725207 0.106089
0.977197 0.123841

0.0725207 0.106089
0.155801 0.264653

0.0725207 0.106089
0.783469 0.535454

0.0725207 0.106089
0.0469161 0.758189

0.692764 0.312821
0.0339546 0.13022

0.692764 0.312821
0.226018 0.329007

0.692764 0.312821
0.893329 0.684573

0.692764 0.312821
0.574726 0.276115

0.692764 0.312821
0.616584 0.341736

0.692764 0.312821
0.531075 0.947724

0.692764 0.312821
0.283053 0.892631

0.692764 0.312821
0.562239 0.833845

0.692764 0.312821
0.62863 0.00517326

0.692764 0.312821
0.155801 0.264653

0.692764 0.312821
0.366431 0.62724

0.580623 0.531685
0.687139 0.61666

0.580623 0.531685
0.0339546 0.13022

0.580623 0.531685
0.0146485 0.522501

0.580623 0.531685
0.893329 0.684573

0.580623 0.531685
0.574726 0.276115

0.580623 0.531685
0.440903 0.676187

0.580623 0.531685
0.275568 0.798457

0.580623 0.531685
0.562239 0.833845

0.580623 0.531685
0.995025 0.925091

0.580623 0.531685
0.62863 0.00517326

0.580623 0.531685
0.155801 0.264653

0.580623 0.531685
0.760419 0.423634

0.580623 0.531685
0.0469161 0.758189

0.412709 0.789524
0.114422 0.747092

0.412709 0.789524
0.715845 0.580476

0.412709 0.789524
0.0803113 0.720814

0.412709 0.789524
0.466529 0.333427

0.412709 0.789524
0.283053 0.892631

0.412709 0.789524
0.493734 0.175763

0.412709 0.789524
0.977197 0.123841

0.412709 0.789524
0.636454 0.517258

0.412709 0.789524
0.62863 0.00517326

0.412709 0.789524
0.760419 0.423634

0.114422 0.747092
0.715845 0.580476

0.114422 0.747092
0.574726 0.276115

0.114422 0.747092
0.616584 0.341736

0.114422 0.747092
0.024218 0.238011

0.114422 0.747092
0.399739 0.243392

0.114422 0.747092
0.995025 0.925091

0.114422 0.747092
0.636454 0.517258

0.114422 0.747092
0.965268 0.662763

0.114422 0.747092
0.783469 0.535454

0.114422 0.747092
0.0619774 0.923376

0.984033 0.739983
0.715845 0.580476

0.984033 0.739983
0.0803113 0.720814

0.984033 0.739983
0.280567 0.3068

0.984033 0.739983
0.893329 0.684573

0.984033 0.739983
0.616584 0.341736

0.984033 0.739983
0.176853 0.537804

0.984033 0.739983
0.493734 0.175763

0.984033 0.739983
0.275568 0.798457

0.984033 0.739983
0.977197 0.123841

0.984033 0.739983
0.358534 0.0917619

0.984033 0.739983
0.760419 0.423634

0.984033 0.739983
0.0469161 0.758189

0.687139 0.61666
0.466529 0.333427

0.687139 0.61666
0.00577299 0.758775

0.687139 0.61666
0.145508 0.167054

0.687139 0.61666
0.616584 0.341736

0.687139 0.61666
0.531075 0.947724

0.687139 0.61666
0.283053 0.892631

0.687139 0.61666
0.024218 0.238011

0.687139 0.61666
0.275568 0.798457

0.687139 0.61666
0.562239 0.833845

0.687139 0.61666
0.358534 0.0917619

0.687139 0.61666
0.0619774 0.923376

0.687139 0.61666
0.0469161 0.758189

0.715845 0.580476
0.0803113 0.720814

0.715845 0.580476
0.226018 0.329007

0.715845 0.580476
0.280567 0.3068

0.715845 0.580476
0.918311 0.385309

0.715845 0.580476
0.783469 0.535454

0.715845 0.580476
0.0619774 0.923376

0.0339546 0.13022
0.0803113 0.720814

0.0339546 0.13022
0.226018 0.329007

0.0339546 0.13022
0.280567 0.3068

0.0339546 0.13022
0.0146485 0.522501

0.0339546 0.13022
0.20822 0.00317407

0.0339546 0.13022
0.893329 0.684573

0.0339546 0.13022
0.145508 0.167054

0.0339546 0.13022
0.176853 0.537804

0.0339546 0.13022
0.024218 0.238011

0.0339546 0.13022
0.399739 0.243392

0.0339546 0.13022
0.977197 0.123841

0.0339546 0.13022
0.155801 0.264653

0.0339546 0.13022
0.783469 0.535454

0.0803113 0.720814
0.823883 0.816179

0.0803113 0.720814
0.708137 0.736109

0.0803113 0.720814
0.024218 0.238011

0.0803113 0.720814
0.275568 0.798457

0.0803113 0.720814
0.965268 0.662763

0.0803113 0.720814
0.783469 0.535454

0.226018 0.329007
0.0146485 0.522501

0.226018 0.329007
0.574726 0.276115

0.226018 0.329007
0.145508 0.167054

0.226018 0.329007
0.176853 0.537804

0.226018 0.329007
0.024218 0.238011

0.226018 0.329007
0.562239 0.833845

0.226018 0.329007
0.995025 0.925091

0.226018 0.329007
0.358534 0.0917619

0.226018 0.329007
0.62863 0.00517326

0.226018 0.329007
0.155801 0.264653

0.226018 0.329007
0.0619774 0.923376

0.226018 0.329007
0.366431 0.62724

0.280567 0.3068
0.466529 0.333427

0.280567 0.3068
0.823883 0.816179

0.280567 0.3068
0.0146485 0.522501

0.280567 0.3068
0.20822 0.00317407

0.280567 0.3068
0.00577299 0.758775

0.280567 0.3068
0.145508 0.167054

0.280567 0.3068
0.708137 0.736109

0.280567 0.3068
0.283053 0.892631

0.280567 0.3068
0.493734 0.175763

0.280567 0.3068
0.918311 0.385309

0.280567 0.3068
0.155801 0.264653

0.280567 0.3068
0.760419 0.423634

0.280567 0.3068
0.783469 0.535454

0.280567 0.3068
0.0619774 0.923376

0.466529 0.333427
0.823883 0.816179

0.466529 0.333427
0.20822 0.00317407

0.466529 0.333427
0.893329 0.684573

0.466529 0.333427
0.616584 0.341736

0.466529 0.333427
0.955413 0.574609

0.466529 0.333427
0.024218 0.238011

0.466529 0.333427
0.977197 0.123841

0.466529 0.333427
0.358534 0.0917619

0.466529 0.333427
0.918311 0.385309

0.466529 0.333427
0.62863 0.00517326

0.823883 0.816179
0.0146485 0.522501

0.823883 0.816179
0.20822 0.00317407

0.823883 0.816179
0.00577299 0.758775

0.823883 0.816179
0.493734 0.175763

0.823883 0.816179
0.024218 0.238011

0.823883 0.816179
0.399739 0.243392

0.823883 0.816179
0.918311 0.385309

0.823883 0.816179
0.62863 0.00517326

0.823883 0.816179
0.965268 0.662763

0.823883 0.816179
0.760419 0.423634

0.823883 0.816179
0.0619774 0.923376

0.0146485 0.522501
0.708137 0.736109

0.0146485 0.522501
0.531075 0.947724

0.0146485 0.522501
0.283053 0.892631

0.0146485 0.522501
0.024218 0.238011

0.0146485 0.522501
0.399739 0.243392

0.0146485 0.522501
0.943204 0.345373

0.0146485 0.522501
0.562239 0.833845

0.0146485 0.522501
0.62863 0.00517326

0.0146485 0.522501
0.965268 0.662763

0.0146485 0.522501
0.155801 0.264653

0.0146485 0.522501
0.0619774 0.923376

0.20822 0.00317407
0.00577299 0.758775

0.20822 0.00317407
0.616584 0.341736

0.20822 0.00317407
0.531075 0.947724

0.20822 0.00317407
0.399739 0.243392

0.20822 0.00317407
0.977197 0.123841

0.20822 0.00317407
0.62863 0.00517326

0.20822 0.00317407
0.155801 0.264653

0.20822 0.00317407
0.366431 0.62724

0.20822 0.00317407
0.0469161 0.758189

0.893329 0.684573
0.00577299 0.758775

0.893329 0.684573
0.283053 0.892631

0.893329 0.684573
0.562239 0.833845

0.893329 0.684573
0.358534 0.0917619

0.893329 0.684573
0.965268 0.662763

0.893329 0.684573
0.760419 0.423634

0.893329 0.684573
0.0469161 0.758189

0.00577299 0.758775
0.531075 0.947724

0.00577299 0.758775
0.176853 0.537804

0.00577299 0.758775
0.943204 0.345373

0.00577299 0.758775
0.995025 0.925091

0.00577299 0.758775
0.358534 0.0917619

0.00577299 0.758775
0.636454 0.517258

0.00577299 0.758775
0.155801 0.264653

0.00577299 0.758775
0.760419 0.423634

0.574726 0.276115
0.145508 0.167054

0.574726 0.276115
0.616584 0.341736

0.574726 0.276115
0.440903 0.676187

0.574726 0.276115
0.708137 0.736109

0.574726 0.276115
0.531075 0.947724

0.574726 0.276115
0.176853 0.537804

0.574726 0.276115
0.399739 0.243392

0.574726 0.276115
0.977197 0.123841

0.574726 0.276115
0.562239 0.833845

0.574726 0.276115
0.358534 0.0917619

0.574726 0.276115
0.62863 0.00517326

0.574726 0.276115
0.366431 0.62724

0.574726 0.276115
0.0469161 0.758189

0.145508 0.167054
0.176853 0.537804

0.145508 0.167054
0.827247 0.309623

0.145508 0.167054
0.977197 0.123841

0.145508 0.167054
0.358534 0.0917619

0.145508 0.167054
0.965268 0.662763

0.145508 0.167054
0.366431 0.62724

0.145508 0.167054
0.0469161 0.758189

0.616584 0.341736
0.955413 0.574609

0.616584 0.341736
0.918311 0.385309

0.616584 0.341736
0.0619774 0.923376

0.440903 0.676187
0.176853 0.537804

0.440903 0.676187
0.493734 0.175763

0.440903 0.676187
0.955413 0.574609

0.440903 0.676187
0.827247 0.309623

0.440903 0.676187
0.358534 0.0917619

0.440903 0.676187
0.155801 0.264653

0.708137 0.736109
0.493734 0.175763

0.708137 0.736109
0.399739 0.243392

0.708137 0.736109
0.827247 0.309623

0.708137 0.736109
0.275568 0.798457

0.708137 0.736109
0.977197 0.123841

0.708137 0.736109
0.965268 0.662763

0.708137 0.736109
0.760419 0.423634

0.708137 0.736109
0.366431 0.62724

0.531075 0.947724
0.827247 0.309623

0.531075 0.947724
0.943204 0.345373

0.531075 0.947724
0.918311 0.385309

0.531075 0.947724
0.0619774 0.923376

0.531075 0.947724
0.0469161 0.758189

0.283053 0.892631
0.176853 0.537804

0.283053 0.892631
0.399739 0.243392

0.283053 0.892631
0.943204 0.345373

0.283053 0.892631
0.358534 0.0917619

0.176853 0.537804
0.024218 0.238011

0.176853 0.537804
0.827247 0.309623

0.176853 0.537804
0.943204 0.345373

0.176853 0.537804
0.358534 0.0917619

0.176853 0.537804
0.62863 0.00517326

0.176853 0.537804
0.965268 0.662763

0.176853 0.537804
0.155801 0.264653

0.176853 0.537804
0.760419 0.423634

0.176853 0.537804
0.366431 0.62724

0.493734 0.175763
0.955413 0.574609

0.493734 0.175763
0.024218 0.238011

0.493734 0.175763
0.399739 0.243392

0.493734 0.175763
0.275568 0.798457

0.493734 0.175763
0.562239 0.833845

0.493734 0.175763
0.636454 0.517258

0.493734 0.175763
0.965268 0.662763

0.493734 0.175763
0.155801 0.264653

0.493734 0.175763
0.783469 0.535454

0.493734 0.175763
0.0469161 0.758189

0.955413 0.574609
0.827247 0.309623

0.955413 0.574609
0.977197 0.123841

0.955413 0.574609
0.995025 0.925091

0.955413 0.574609
0.62863 0.00517326

0.955413 0.574609
0.965268 0.662763

0.955413 0.574609
0.783469 0.535454

0.955413 0.574609
0.0619774 0.923376

0.024218 0.238011
0.943204 0.345373

0.024218 0.238011
0.62863 0.00517326

0.024218 0.238011
0.155801 0.264653

0.024218 0.238011
0.0469161 0.758189

0.399739 0.243392
0.562239 0.833845

0.399739 0.243392
0.918311 0.385309

0.399739 0.243392
0.155801 0.264653

0.827247 0.309623
0.275568 0.798457

0.827247 0.309623
0.977197 0.123841

0.827247 0.309623
0.995025 0.925091

0.827247 0.309623
0.636454 0.517258

0.827247 0.309623
0.62863 0.00517326

0.827247 0.309623
0.760419 0.423634

0.827247 0.309623
0.783469 0.535454

0.943204 0.345373
0.995025 0.925091

0.943204 0.345373
0.760419 0.423634

0.943204 0.345373
0.783469 0.535454

0.275568 0.798457
0.977197 0.123841

0.275568 0.798457
0.562239 0.833845

0.275568 0.798457
0.995025 0.925091

0.275568 0.798457
0.965268 0.662763

0.275568 0.798457
0.760419 0.423634

0.275568 0.798457
0.0469161 0.758189

0.977197 0.123841
0.995025 0.925091

0.977197 0.123841
0.358534 0.0917619

0.977197 0.123841
0.760419 0.423634

0.977197 0.123841
0.783469 0.535454

0.977197 0.123841
0.366431 0.62724

0.977197 0.123841
0.0469161 0.758189

0.562239 0.833845
0.358534 0.0917619

0.562239 0.833845
0.636454 0.517258

0.562239 0.833845
0.965268 0.662763

0.562239 0.833845
0.0619774 0.923376

0.995025 0.925091
0.62863 0.00517326

0.995025 0.925091
0.0469161 0.758189

0.358534 0.0917619
0.965268 0.662763

0.358534 0.0917619
0.155801 0.264653

0.358534 0.0917619
0.366431 0.62724

0.636454 0.517258
0.965268 0.662763

0.636454 0.517258
0.366431 0.62724

0.918311 0.385309
0.783469 0.535454

0.62863 0.00517326
0.965268 0.662763

0.62863 0.00517326
0.155801 0.264653

0.62863 0.00517326
0.783469 0.535454

0.965268 0.662763
0.0619774 0.923376

0.965268 0.662763
0.366431 0.62724

0.965268 0.662763
0.0469161 0.758189

0.155801 0.264653
0.760419 0.423634

0.155801 0.264653
0.366431 0.62724

0.783469 0.535454
0.366431 0.62724

0.0619774 0.923376
0.366431 0.62724

0.0619774 0.923376
0.0469161 0.758189

