0.501779 0.725409 0.738095
0.320473 0.547166 0.738095
0.536993 0.822892 0.77381
0.935436 0.85101 0.714286
0.813308 0.849728 0.72619
0.523939 0.256594 0.547619
0.432324 0.529972 0.678571
0.700776 0.734538 0.678571
0.320847 0.791965 0.833333
0.843084 0.299442 0.416667
0.341239 0.795279 0.821429
0.0807432 0.750858 0.916667
0.0268672 0.171005 0.821429
0.134869 0.0428555 0.75
0.631175 0.713355 0.690476
0.15349 0.819061 0.916667
0.398139 0.634247 0.738095
0.28658 0.649767 0.785714
0.555233 0.362999 0.559524
0.74218 0.0158936 0.392857
0.20364 0.602282 0.809524
0.510799 0.338022 0.571429
0.161254 0.493422 0.797619
0.254883 0.245871 0.690476
0.114408 0.202469 0.77381
0.0952266 0.447123 0.821429
0.591537 0.836632 0.761905
0.413373 0.862185 0.833333
0.124721 0.272389 0.77381
0.490797 0.931946 0.845238
0.63454 0.586389 0.619048
0.192532 0.602107 0.821429
0.212344 0.77886 0.869048
0.538869 0.664128 0.690476
0.288907 0.96236 0.928571
0.410644 0.720273 0.761905
0.265531 0.600929 0.785714
0.976356 0.0634658 0.25
0.783226 0.860184 0.738095
0.573929 0.809588 0.75
0.957681 0.199966 0.333333
0.590263 0.584415 0.630952
0.192338 0.275775 0.738095
0.0238509 0.881102 1
0.979069 0.21075 0.333333
0.371695 0.701003 0.77381
0.12554 0.886398 0.952381
0.312619 0.872699 0.869048
0.63676 0.761676 0.714286
0.223569 0.56524 0.785714
