0.355315 0.808831 0
0.86723 0.605795 0
0.457483 0.747484 0
0.458277 0.101989 0
0.371765 0.371284 0
0.541978 0.0560005 0
0.322405 0.262739 0
0.996894 0.549989 0
0.358991 0.131102 0
0.403319 0.156016 0
0.804172 0.322801 0
0.160704 0.0745865 0
0.35106 0.546161 0
0.943532 0.363823 0
0.745319 0.32871 0
0.640126 0.117165 0
0.930904 0.188516 0
0.873695 0.708465 0
0.740914 0.382052 0
0.980795 0.996744 0
0.96329 0.412931 0
0.163645 0.308004 0
0.773193 0.389276 0
0.564177 0.0706695 0
0.160511 0.00209974 0
0.501908 0.590473 0
0.417763 0.122115 0
0.510891 0.0994191 0
0.169457 0.0210375 0
0.815605 0.492125 0
0.909137 0.125356 0
0.0246254 0.350767 0
0.523705 0.57228 0
0.932708 0.391827 0
0.540894 0.67794 0
0.247878 0.477531 0
0.906203 0.676749 0
0.22293 0.801384 0
0.956482 0.497634 0
0.686571 0.0867988 0
0.294584 0.723618 0
0.980855 0.323953 0
0.807993 0.284268 0
0.237006 0.688885 0
0.946798 0.347183 0
0.263639 0.361337 0
0.259541 0.763655 0
0.108422 0.639386 0
0.0792094 0.419423 0
0.492601 0.0359627 0
0.0746368 0.354147 0
0.921982 0.302557 0
0.329504 0.440361 0
0.113017 0.309356 0
0.290768 0.546026 0
0.31528 0.978679 0
0.710769 0.172135 0
0.779331 0.378741 0
0.3457 0.593942 0
0.839372 0.74873 0
0.780692 0.328884 0
0.622076 0.625775 0
0.0466653 0.858266 0
0.390124 0.946419 0
0.790693 0.385066 0
0.655109 0.163865 0
0.688554 0.548199 0
0.160525 0.14594 0
0.1028 0.393972 0
0.393707 0.72578 0
0.529194 0.679519 0
0.219305 0.81357 0
0.145814 0.441494 0
0.522192 0.322545 0
0.489612 0.861741 0
0.684311 0.62093 0
0.160071 0.0410984 0
0.523218 0.865105 0
0.718029 0.832363 0
0.600218 0.105986 0
0.579658 0.0312416 0
0.682492 0.275156 0
0.729347 0.549362 0
0.0941217 0.684427 0
0.990906 0.0442935 0
0.297646 0.265348 0
0.20532 0.68261 0
0.648342 0.664466 0
0.200438 0.404028 0
0.0637224 0.164292 0
0.577629 0.204712 0
0.979524 0.49998 0
0.0480617 0.51977 0
0.283144 0.654868 0
0.347187 0.168507 0
0.122539 0.0409177 0
0.233627 0.838753 0
0.968024 0.468064 0
0.317564 0.359527 0
0.606094 0.707813 0
