0.612835 0.858706 0.725
0.0433978 0.676453 0.925
0.754529 0.717387 0.65
0.792644 0.915825 0.875
0.401155 0.972172 0.8875
0.381037 0.535913 0.475
0.125975 0.646261 0.8125
0.104398 0.578479 0.8125
0.00303438 0.236273 1
0.584273 0.658012 0.475
0.516251 0.96079 0.85
0.242523 0.0258505 0.9375
0.292694 0.60278 0.6
0.362733 0.00869705 0.8875
0.594644 0.0946941 0.7375
0.690676 0.813853 0.7
0.894627 0.829723 0.8625
0.567637 0.426012 0.325
0.0028664 0.69527 0.9875
0.0371913 0.479433 0.8875
0.443611 0.114731 0.725
0.562524 0.971975 0.8625
0.671325 0.199395 0.6375
0.0515299 0.628524 0.9
0.890834 0.183624 0.8125
0.251241 0.898582 0.8875
0.435984 0.896857 0.7875
0.547037 0.480062 0.25
0.534631 0.550271 0.3375
0.709253 0.14627 0.7125
0.573812 0.473428 0.2875
0.856084 0.84992 0.85
0.906622 0.37683 0.7125
0.660062 0.767878 0.6375
0.856592 0.831203 0.8375
0.0449596 0.384662 0.8875
0.205952 0.00927783 0.975
0.297567 0.364813 0.5875
0.358569 0.393842 0.5125
0.466654 0.952564 0.85
0.249968 0.903426 0.9
0.368727 0.519953 0.475
0.311181 0.719416 0.675
0.918821 0.591861 0.7375
0.332879 0.533209 0.525
0.976109 0.631278 0.8125
0.897996 0.472951 0.6875
0.461724 0.77398 0.6375
0.564743 0.999211 0.9
0.391173 0.856912 0.7625
