0.335274 0.0311893
0.235565 0.966076

0.335274 0.0311893
0.0700728 0.0670473

0.335274 0.0311893
0.854309 0.670288

0.335274 0.0311893
0.480223 0.753322

0.335274 0.0311893
0.751163 0.480158

0.335274 0.0311893
0.790263 0.594576

0.335274 0.0311893
0.791811 0.933042

0.335274 0.0311893
0.474696 0.0550006

0.335274 0.0311893
0.417954 0.941104

0.63547 0.456266
0.235565 0.966076

0.63547 0.456266
0.854309 0.670288

0.63547 0.456266
0.852308 0.24512

0.63547 0.456266
0.480223 0.753322

0.63547 0.456266
0.883352 0.926921

0.63547 0.456266
0.790263 0.594576

0.63547 0.456266
0.543201 0.848157

0.63547 0.456266
0.791811 0.933042

0.63547 0.456266
0.0967782 0.0194392

0.63547 0.456266
0.474696 0.0550006

0.63547 0.456266
0.532694 0.382597

0.235565 0.966076
0.0700728 0.0670473

0.235565 0.966076
0.480223 0.753322

0.235565 0.966076
0.883352 0.926921

0.235565 0.966076
0.295331 0.028187

0.235565 0.966076
0.751163 0.480158

0.235565 0.966076
0.543201 0.848157

0.235565 0.966076
0.0849122 0.144628

0.235565 0.966076
0.791811 0.933042

0.235565 0.966076
0.0967782 0.0194392

0.235565 0.966076
0.532694 0.382597

0.235565 0.966076
0.384209 0.0794366

0.0700728 0.0670473
0.854309 0.670288

0.0700728 0.0670473
0.852308 0.24512

0.0700728 0.0670473
0.883352 0.926921

0.0700728 0.0670473
0.751163 0.480158

0.0700728 0.0670473
0.790263 0.594576

0.0700728 0.0670473
0.543201 0.848157

0.0700728 0.0670473
0.0849122 0.144628

0.0700728 0.0670473
0.791811 0.933042

0.0700728 0.0670473
0.0967782 0.0194392

0.0700728 0.0670473
0.474696 0.0550006

0.0700728 0.0670473
0.532694 0.382597

0.0700728 0.0670473
0.417954 0.941104

0.0700728 0.0670473
0.384209 0.0794366

0.854309 0.670288
0.852308 0.24512

0.854309 0.670288
0.883352 0.926921

0.854309 0.670288
0.295331 0.028187

0.854309 0.670288
0.751163 0.480158

0.854309 0.670288
0.790263 0.594576

0.854309 0.670288
0.791811 0.933042

0.854309 0.670288
0.474696 0.0550006

0.854309 0.670288
0.532694 0.382597

0.854309 0.670288
0.417954 0.941104

0.854309 0.670288
0.384209 0.0794366

0.852308 0.24512
0.480223 0.753322

0.852308 0.24512
0.295331 0.028187

0.852308 0.24512
0.751163 0.480158

0.852308 0.24512
0.543201 0.848157

0.852308 0.24512
0.0967782 0.0194392

0.852308 0.24512
0.474696 0.0550006

0.852308 0.24512
0.532694 0.382597

0.852308 0.24512
0.910373 0.436096

0.852308 0.24512
0.384209 0.0794366

0.480223 0.753322
0.295331 0.028187

0.480223 0.753322
0.751163 0.480158

0.480223 0.753322
0.790263 0.594576

0.480223 0.753322
0.0849122 0.144628

0.480223 0.753322
0.0967782 0.0194392

0.480223 0.753322
0.474696 0.0550006

0.480223 0.753322
0.417954 0.941104

0.480223 0.753322
0.910373 0.436096

0.480223 0.753322
0.384209 0.0794366

0.883352 0.926921
0.295331 0.028187

0.883352 0.926921
0.751163 0.480158

0.883352 0.926921
0.790263 0.594576

0.883352 0.926921
0.543201 0.848157

0.883352 0.926921
0.0849122 0.144628

0.883352 0.926921
0.791811 0.933042

0.883352 0.926921
0.0967782 0.0194392

0.883352 0.926921
0.474696 0.0550006

0.883352 0.926921
0.417954 0.941104

0.883352 0.926921
0.910373 0.436096

0.883352 0.926921
0.384209 0.0794366

0.295331 0.028187
0.751163 0.480158

0.295331 0.028187
0.790263 0.594576

0.295331 0.028187
0.543201 0.848157

0.295331 0.028187
0.0849122 0.144628

0.295331 0.028187
0.791811 0.933042

0.295331 0.028187
0.0967782 0.0194392

0.295331 0.028187
0.474696 0.0550006

0.295331 0.028187
0.910373 0.436096

0.295331 0.028187
0.384209 0.0794366

0.751163 0.480158
0.790263 0.594576

0.751163 0.480158
0.543201 0.848157

0.751163 0.480158
0.0849122 0.144628

0.751163 0.480158
0.791811 0.933042

0.751163 0.480158
0.0967782 0.0194392

0.751163 0.480158
0.532694 0.382597

0.751163 0.480158
0.417954 0.941104

0.751163 0.480158
0.910373 0.436096

0.751163 0.480158
0.384209 0.0794366

0.790263 0.594576
0.543201 0.848157

0.790263 0.594576
0.417954 0.941104

0.790263 0.594576
0.910373 0.436096

0.543201 0.848157
0.0849122 0.144628

0.543201 0.848157
0.791811 0.933042

0.543201 0.848157
0.0967782 0.0194392

0.543201 0.848157
0.532694 0.382597

0.543201 0.848157
0.417954 0.941104

0.0849122 0.144628
0.791811 0.933042

0.0849122 0.144628
0.474696 0.0550006

0.0849122 0.144628
0.532694 0.382597

0.0849122 0.144628
0.417954 0.941104

0.791811 0.933042
0.0967782 0.0194392

0.791811 0.933042
0.474696 0.0550006

0.791811 0.933042
0.532694 0.382597

0.791811 0.933042
0.417954 0.941104

0.791811 0.933042
0.384209 0.0794366

0.0967782 0.0194392
0.474696 0.0550006

0.0967782 0.0194392
0.532694 0.382597

0.0967782 0.0194392
0.417954 0.941104

0.0967782 0.0194392
0.384209 0.0794366

0.474696 0.0550006
0.532694 0.382597

0.474696 0.0550006
0.417954 0.941104

0.474696 0.0550006
0.910373 0.436096

0.474696 0.0550006
0.384209 0.0794366

0.532694 0.382597
0.791811 0.933042

0.532694 0.382597
0.417954 0.941104

0.532694 0.382597
0.910373 0.436096

0.532694 0.382597
0.384209 0.0794366

0.417954 0.941104
0.910373 0.436096

0.417954 0.941104
0.384209 0.0794366

0.910373 0.436096
0.384209 0.0794366

