0.515419 0.342763 0.2
0.475936 0.221926 0.2
0.499455 0.159185 0.2
0.736997 0.0559712 0.2
0.806315 0.035788 0.2
0.728448 0.17638 0.2
0.727091 0.16145 0.2
0.87352 0.0832242 0.2
0.860719 0.222049 0.2
0.917614 0.216853 0.2
0.891236 0.22803 0.2
0.91089 0.226531 0.2
0.87068 0.199946 0.2
0.744625 0.211518 0.2
0.712666 0.32822 0.2
0.721739 0.353817 0.2
0.648274 0.408138 0.2
0.721739 0.353817 0.2
0.712666 0.32822 0.2
0.832157 0.425637 0.2
0.76108 0.558728 0.2
0.587028 0.484666 0.2
0.607734 0.595331 0.2
0.63794 0.637548 0.2
0.742392 0.870067 0.2
0.874474 0.842421 0.2
0.737287 0.791044 0.2
0.74048 0.712019 0.2
0.63794 0.637548 0.2
0.607734 0.595331 0.2
0.493246 0.509048 0.2
0.488981 0.44284 0.2
0.449201 0.533181 0.2
0.458311 0.75978 0.2
0.542518 0.732534 0.2
0.458311 0.75978 0.2
0.438016 0.71067 0.2
0.481558 0.596189 0.2
0.464399 0.579736 0.2
0.449201 0.533181 0.2
0.42698 0.632097 0.2
0.386858 0.581028 0.2
0.217764 0.609185 0.2
0.238103 0.589762 0.2
0.198031 0.636408 0.2
0.327265 0.709236 0.2
0.291428 0.697445 0.2
0.206749 0.744352 0.2
0.240892 0.833799 0.2
0.314916 0.99089 0.2
0.138213 0.994256 0.2
0.0813276 0.850516 0.2
0.00504189 0.844008 0.2
0.006981 0.750453 0.2
0.136995 0.60907 0.2
0.103259 0.535288 0.2
0.0292844 0.505954 0.2
0.103259 0.535288 0.2
0.0683325 0.426491 0.2
0.0431489 0.142649 0.2
0.0340077 0.0542092 0.2
0.101939 0.0447943 0.2
0.341996 0.415441 0.2
0.38831 0.422176 0.2
