0.0017182 0.515357
0.525304 0.789545

0.0017182 0.515357
0.651521 0.631764

0.0017182 0.515357
0.0879055 0.736115

0.0017182 0.515357
0.277141 0.4248

0.0017182 0.515357
0.790576 0.377986

0.0017182 0.515357
0.369556 0.66362

0.0017182 0.515357
0.384324 0.791364

0.0017182 0.515357
0.148847 0.11555

0.0017182 0.515357
0.705072 0.801214

0.0017182 0.515357
0.680295 0.204606

0.0017182 0.515357
0.723259 0.348748

0.0017182 0.515357
0.619991 0.00724312

0.0017182 0.515357
0.0171389 0.431852

0.0017182 0.515357
0.859093 0.512906

0.0017182 0.515357
0.0905954 0.352741

0.0017182 0.515357
0.703399 0.848218

0.0017182 0.515357
0.65418 0.599911

0.0017182 0.515357
0.507727 0.222442

0.0017182 0.515357
0.558966 0.874748

0.0017182 0.515357
0.368101 0.0483432

0.0017182 0.515357
0.846354 0.408674

0.525304 0.789545
0.262591 0.352924

0.525304 0.789545
0.0688949 0.954307

0.525304 0.789545
0.0879055 0.736115

0.525304 0.789545
0.362469 0.73351

0.525304 0.789545
0.790576 0.377986

0.525304 0.789545
0.688523 0.214518

0.525304 0.789545
0.0143859 0.588826

0.525304 0.789545
0.148847 0.11555

0.525304 0.789545
0.158953 0.91595

0.525304 0.789545
0.632277 0.606707

0.525304 0.789545
0.723259 0.348748

0.525304 0.789545
0.993724 0.0273209

0.525304 0.789545
0.0171389 0.431852

0.525304 0.789545
0.113806 0.255189

0.525304 0.789545
0.859093 0.512906

0.525304 0.789545
0.0905954 0.352741

0.525304 0.789545
0.703399 0.848218

0.525304 0.789545
0.507727 0.222442

0.525304 0.789545
0.338878 0.388192

0.525304 0.789545
0.598242 0.0241092

0.525304 0.789545
0.0333557 0.256356

0.525304 0.789545
0.0472278 0.659764

0.525304 0.789545
0.435704 0.335076

0.525304 0.789545
0.211347 0.299648

0.525304 0.789545
0.298439 0.483716

0.632722 0.0721509
0.0688949 0.954307

0.632722 0.0721509
0.362469 0.73351

0.632722 0.0721509
0.790576 0.377986

0.632722 0.0721509
0.0143859 0.588826

0.632722 0.0721509
0.369556 0.66362

0.632722 0.0721509
0.148847 0.11555

0.632722 0.0721509
0.613426 0.232496

0.632722 0.0721509
0.705072 0.801214

0.632722 0.0721509
0.632277 0.606707

0.632722 0.0721509
0.680295 0.204606

0.632722 0.0721509
0.588962 0.0787572

0.632722 0.0721509
0.0171389 0.431852

0.632722 0.0721509
0.0997096 0.771016

0.632722 0.0721509
0.859093 0.512906

0.632722 0.0721509
0.437478 0.83053

0.632722 0.0721509
0.0905954 0.352741

0.632722 0.0721509
0.703399 0.848218

0.632722 0.0721509
0.65418 0.599911

0.632722 0.0721509
0.507727 0.222442

0.632722 0.0721509
0.558966 0.874748

0.632722 0.0721509
0.850197 0.305969

0.632722 0.0721509
0.0333557 0.256356

0.632722 0.0721509
0.0472278 0.659764

0.632722 0.0721509
0.368101 0.0483432

0.632722 0.0721509
0.211347 0.299648

0.262591 0.352924
0.790576 0.377986

0.262591 0.352924
0.148847 0.11555

0.262591 0.352924
0.158953 0.91595

0.262591 0.352924
0.705072 0.801214

0.262591 0.352924
0.632277 0.606707

0.262591 0.352924
0.723259 0.348748

0.262591 0.352924
0.993724 0.0273209

0.262591 0.352924
0.619991 0.00724312

0.262591 0.352924
0.588962 0.0787572

0.262591 0.352924
0.0171389 0.431852

0.262591 0.352924
0.0997096 0.771016

0.262591 0.352924
0.859093 0.512906

0.262591 0.352924
0.507727 0.222442

0.262591 0.352924
0.558966 0.874748

0.262591 0.352924
0.850197 0.305969

0.262591 0.352924
0.538983 0.583216

0.262591 0.352924
0.435704 0.335076

0.262591 0.352924
0.191969 0.618864

0.262591 0.352924
0.368101 0.0483432

0.262591 0.352924
0.419656 0.76678

0.262591 0.352924
0.211347 0.299648

0.262591 0.352924
0.846354 0.408674

0.262591 0.352924
0.298439 0.483716

0.262591 0.352924
0.481982 0.423524

0.0688949 0.954307
0.0879055 0.736115

0.0688949 0.954307
0.362469 0.73351

0.0688949 0.954307
0.688523 0.214518

0.0688949 0.954307
0.0143859 0.588826

0.0688949 0.954307
0.369556 0.66362

0.0688949 0.954307
0.384324 0.791364

0.0688949 0.954307
0.148847 0.11555

0.0688949 0.954307
0.158953 0.91595

0.0688949 0.954307
0.613426 0.232496

0.0688949 0.954307
0.632277 0.606707

0.0688949 0.954307
0.723259 0.348748

0.0688949 0.954307
0.993724 0.0273209

0.0688949 0.954307
0.619991 0.00724312

0.0688949 0.954307
0.588962 0.0787572

0.0688949 0.954307
0.767615 0.245751

0.0688949 0.954307
0.859093 0.512906

0.0688949 0.954307
0.703399 0.848218

0.0688949 0.954307
0.65418 0.599911

0.0688949 0.954307
0.507727 0.222442

0.0688949 0.954307
0.558966 0.874748

0.0688949 0.954307
0.850197 0.305969

0.0688949 0.954307
0.338878 0.388192

0.0688949 0.954307
0.598242 0.0241092

0.0688949 0.954307
0.0472278 0.659764

0.0688949 0.954307
0.368101 0.0483432

0.0688949 0.954307
0.211347 0.299648

0.651521 0.631764
0.0879055 0.736115

0.651521 0.631764
0.277141 0.4248

0.651521 0.631764
0.362469 0.73351

0.651521 0.631764
0.688523 0.214518

0.651521 0.631764
0.384324 0.791364

0.651521 0.631764
0.632277 0.606707

0.651521 0.631764
0.723259 0.348748

0.651521 0.631764
0.993724 0.0273209

0.651521 0.631764
0.619991 0.00724312

0.651521 0.631764
0.588962 0.0787572

0.651521 0.631764
0.0171389 0.431852

0.651521 0.631764
0.113806 0.255189

0.651521 0.631764
0.767615 0.245751

0.651521 0.631764
0.859093 0.512906

0.651521 0.631764
0.437478 0.83053

0.651521 0.631764
0.850197 0.305969

0.651521 0.631764
0.338878 0.388192

0.651521 0.631764
0.0472278 0.659764

0.651521 0.631764
0.538983 0.583216

0.651521 0.631764
0.191969 0.618864

0.651521 0.631764
0.368101 0.0483432

0.651521 0.631764
0.419656 0.76678

0.651521 0.631764
0.211347 0.299648

0.651521 0.631764
0.298439 0.483716

0.651521 0.631764
0.481982 0.423524

0.0879055 0.736115
0.362469 0.73351

0.0879055 0.736115
0.688523 0.214518

0.0879055 0.736115
0.0143859 0.588826

0.0879055 0.736115
0.369556 0.66362

0.0879055 0.736115
0.705072 0.801214

0.0879055 0.736115
0.632277 0.606707

0.0879055 0.736115
0.680295 0.204606

0.0879055 0.736115
0.723259 0.348748

0.0879055 0.736115
0.588962 0.0787572

0.0879055 0.736115
0.084072 0.36829

0.0879055 0.736115
0.859093 0.512906

0.0879055 0.736115
0.0905954 0.352741

0.0879055 0.736115
0.507727 0.222442

0.0879055 0.736115
0.558966 0.874748

0.0879055 0.736115
0.850197 0.305969

0.0879055 0.736115
0.0333557 0.256356

0.0879055 0.736115
0.435704 0.335076

0.0879055 0.736115
0.191969 0.618864

0.0879055 0.736115
0.368101 0.0483432

0.0879055 0.736115
0.419656 0.76678

0.0879055 0.736115
0.298439 0.483716

0.0879055 0.736115
0.481982 0.423524

0.277141 0.4248
0.688523 0.214518

0.277141 0.4248
0.384324 0.791364

0.277141 0.4248
0.158953 0.91595

0.277141 0.4248
0.613426 0.232496

0.277141 0.4248
0.705072 0.801214

0.277141 0.4248
0.113806 0.255189

0.277141 0.4248
0.0997096 0.771016

0.277141 0.4248
0.084072 0.36829

0.277141 0.4248
0.767615 0.245751

0.277141 0.4248
0.437478 0.83053

0.277141 0.4248
0.0905954 0.352741

0.277141 0.4248
0.703399 0.848218

0.277141 0.4248
0.65418 0.599911

0.277141 0.4248
0.507727 0.222442

0.277141 0.4248
0.558966 0.874748

0.277141 0.4248
0.850197 0.305969

0.277141 0.4248
0.338878 0.388192

0.277141 0.4248
0.538983 0.583216

0.277141 0.4248
0.419656 0.76678

0.277141 0.4248
0.211347 0.299648

0.277141 0.4248
0.846354 0.408674

0.277141 0.4248
0.481982 0.423524

0.362469 0.73351
0.790576 0.377986

0.362469 0.73351
0.0143859 0.588826

0.362469 0.73351
0.369556 0.66362

0.362469 0.73351
0.384324 0.791364

0.362469 0.73351
0.148847 0.11555

0.362469 0.73351
0.993724 0.0273209

0.362469 0.73351
0.619991 0.00724312

0.362469 0.73351
0.0171389 0.431852

0.362469 0.73351
0.0997096 0.771016

0.362469 0.73351
0.084072 0.36829

0.362469 0.73351
0.859093 0.512906

0.362469 0.73351
0.437478 0.83053

0.362469 0.73351
0.0905954 0.352741

0.362469 0.73351
0.703399 0.848218

0.362469 0.73351
0.65418 0.599911

0.362469 0.73351
0.507727 0.222442

0.362469 0.73351
0.558966 0.874748

0.362469 0.73351
0.338878 0.388192

0.362469 0.73351
0.598242 0.0241092

0.362469 0.73351
0.0333557 0.256356

0.362469 0.73351
0.538983 0.583216

0.362469 0.73351
0.435704 0.335076

0.362469 0.73351
0.419656 0.76678

0.362469 0.73351
0.211347 0.299648

0.362469 0.73351
0.846354 0.408674

0.790576 0.377986
0.688523 0.214518

0.790576 0.377986
0.158953 0.91595

0.790576 0.377986
0.705072 0.801214

0.790576 0.377986
0.680295 0.204606

0.790576 0.377986
0.723259 0.348748

0.790576 0.377986
0.619991 0.00724312

0.790576 0.377986
0.113806 0.255189

0.790576 0.377986
0.0997096 0.771016

0.790576 0.377986
0.084072 0.36829

0.790576 0.377986
0.859093 0.512906

0.790576 0.377986
0.703399 0.848218

0.790576 0.377986
0.65418 0.599911

0.790576 0.377986
0.507727 0.222442

0.790576 0.377986
0.850197 0.305969

0.790576 0.377986
0.0472278 0.659764

0.790576 0.377986
0.538983 0.583216

0.790576 0.377986
0.191969 0.618864

0.790576 0.377986
0.368101 0.0483432

0.790576 0.377986
0.419656 0.76678

0.790576 0.377986
0.846354 0.408674

0.790576 0.377986
0.298439 0.483716

0.688523 0.214518
0.0143859 0.588826

0.688523 0.214518
0.148847 0.11555

0.688523 0.214518
0.619991 0.00724312

0.688523 0.214518
0.0171389 0.431852

0.688523 0.214518
0.113806 0.255189

0.688523 0.214518
0.0997096 0.771016

0.688523 0.214518
0.084072 0.36829

0.688523 0.214518
0.767615 0.245751

0.688523 0.214518
0.859093 0.512906

0.688523 0.214518
0.437478 0.83053

0.688523 0.214518
0.65418 0.599911

0.688523 0.214518
0.850197 0.305969

0.688523 0.214518
0.338878 0.388192

0.688523 0.214518
0.0472278 0.659764

0.688523 0.214518
0.435704 0.335076

0.688523 0.214518
0.298439 0.483716

0.0143859 0.588826
0.632277 0.606707

0.0143859 0.588826
0.680295 0.204606

0.0143859 0.588826
0.723259 0.348748

0.0143859 0.588826
0.993724 0.0273209

0.0143859 0.588826
0.588962 0.0787572

0.0143859 0.588826
0.0171389 0.431852

0.0143859 0.588826
0.437478 0.83053

0.0143859 0.588826
0.703399 0.848218

0.0143859 0.588826
0.65418 0.599911

0.0143859 0.588826
0.507727 0.222442

0.0143859 0.588826
0.558966 0.874748

0.0143859 0.588826
0.338878 0.388192

0.0143859 0.588826
0.598242 0.0241092

0.0143859 0.588826
0.0472278 0.659764

0.0143859 0.588826
0.191969 0.618864

0.0143859 0.588826
0.419656 0.76678

0.0143859 0.588826
0.211347 0.299648

0.0143859 0.588826
0.481982 0.423524

0.369556 0.66362
0.384324 0.791364

0.369556 0.66362
0.723259 0.348748

0.369556 0.66362
0.0171389 0.431852

0.369556 0.66362
0.113806 0.255189

0.369556 0.66362
0.767615 0.245751

0.369556 0.66362
0.0905954 0.352741

0.369556 0.66362
0.65418 0.599911

0.369556 0.66362
0.507727 0.222442

0.369556 0.66362
0.850197 0.305969

0.369556 0.66362
0.598242 0.0241092

0.369556 0.66362
0.0333557 0.256356

0.369556 0.66362
0.419656 0.76678

0.369556 0.66362
0.298439 0.483716

0.369556 0.66362
0.481982 0.423524

0.384324 0.791364
0.148847 0.11555

0.384324 0.791364
0.632277 0.606707

0.384324 0.791364
0.680295 0.204606

0.384324 0.791364
0.723259 0.348748

0.384324 0.791364
0.993724 0.0273209

0.384324 0.791364
0.767615 0.245751

0.384324 0.791364
0.507727 0.222442

0.384324 0.791364
0.558966 0.874748

0.384324 0.791364
0.598242 0.0241092

0.384324 0.791364
0.538983 0.583216

0.384324 0.791364
0.435704 0.335076

0.384324 0.791364
0.368101 0.0483432

0.384324 0.791364
0.419656 0.76678

0.384324 0.791364
0.211347 0.299648

0.384324 0.791364
0.846354 0.408674

0.384324 0.791364
0.481982 0.423524

0.148847 0.11555
0.158953 0.91595

0.148847 0.11555
0.632277 0.606707

0.148847 0.11555
0.723259 0.348748

0.148847 0.11555
0.619991 0.00724312

0.148847 0.11555
0.588962 0.0787572

0.148847 0.11555
0.113806 0.255189

0.148847 0.11555
0.0997096 0.771016

0.148847 0.11555
0.859093 0.512906

0.148847 0.11555
0.65418 0.599911

0.148847 0.11555
0.850197 0.305969

0.148847 0.11555
0.598242 0.0241092

0.148847 0.11555
0.0333557 0.256356

0.148847 0.11555
0.538983 0.583216

0.148847 0.11555
0.435704 0.335076

0.148847 0.11555
0.211347 0.299648

0.148847 0.11555
0.846354 0.408674

0.158953 0.91595
0.613426 0.232496

0.158953 0.91595
0.705072 0.801214

0.158953 0.91595
0.588962 0.0787572

0.158953 0.91595
0.0997096 0.771016

0.158953 0.91595
0.084072 0.36829

0.158953 0.91595
0.0905954 0.352741

0.158953 0.91595
0.65418 0.599911

0.158953 0.91595
0.507727 0.222442

0.158953 0.91595
0.558966 0.874748

0.158953 0.91595
0.850197 0.305969

0.158953 0.91595
0.338878 0.388192

0.158953 0.91595
0.598242 0.0241092

0.158953 0.91595
0.0333557 0.256356

0.158953 0.91595
0.538983 0.583216

0.158953 0.91595
0.435704 0.335076

0.158953 0.91595
0.191969 0.618864

0.158953 0.91595
0.368101 0.0483432

0.158953 0.91595
0.419656 0.76678

0.158953 0.91595
0.846354 0.408674

0.613426 0.232496
0.705072 0.801214

0.613426 0.232496
0.723259 0.348748

0.613426 0.232496
0.993724 0.0273209

0.613426 0.232496
0.113806 0.255189

0.613426 0.232496
0.084072 0.36829

0.613426 0.232496
0.859093 0.512906

0.613426 0.232496
0.437478 0.83053

0.613426 0.232496
0.0905954 0.352741

0.613426 0.232496
0.703399 0.848218

0.613426 0.232496
0.850197 0.305969

0.613426 0.232496
0.338878 0.388192

0.613426 0.232496
0.368101 0.0483432

0.613426 0.232496
0.419656 0.76678

0.613426 0.232496
0.211347 0.299648

0.613426 0.232496
0.298439 0.483716

0.705072 0.801214
0.0171389 0.431852

0.705072 0.801214
0.113806 0.255189

0.705072 0.801214
0.084072 0.36829

0.705072 0.801214
0.767615 0.245751

0.705072 0.801214
0.859093 0.512906

0.705072 0.801214
0.0905954 0.352741

0.705072 0.801214
0.703399 0.848218

0.705072 0.801214
0.65418 0.599911

0.705072 0.801214
0.507727 0.222442

0.705072 0.801214
0.850197 0.305969

0.705072 0.801214
0.338878 0.388192

0.705072 0.801214
0.0333557 0.256356

0.705072 0.801214
0.0472278 0.659764

0.705072 0.801214
0.435704 0.335076

0.705072 0.801214
0.368101 0.0483432

0.705072 0.801214
0.419656 0.76678

0.705072 0.801214
0.298439 0.483716

0.632277 0.606707
0.723259 0.348748

0.632277 0.606707
0.619991 0.00724312

0.632277 0.606707
0.0171389 0.431852

0.632277 0.606707
0.0997096 0.771016

0.632277 0.606707
0.767615 0.245751

0.632277 0.606707
0.859093 0.512906

0.632277 0.606707
0.437478 0.83053

0.632277 0.606707
0.0905954 0.352741

0.632277 0.606707
0.703399 0.848218

0.632277 0.606707
0.558966 0.874748

0.632277 0.606707
0.0333557 0.256356

0.632277 0.606707
0.435704 0.335076

0.632277 0.606707
0.846354 0.408674

0.632277 0.606707
0.481982 0.423524

0.680295 0.204606
0.723259 0.348748

0.680295 0.204606
0.993724 0.0273209

0.680295 0.204606
0.619991 0.00724312

0.680295 0.204606
0.0171389 0.431852

0.680295 0.204606
0.113806 0.255189

0.680295 0.204606
0.437478 0.83053

0.680295 0.204606
0.850197 0.305969

0.680295 0.204606
0.598242 0.0241092

0.680295 0.204606
0.538983 0.583216

0.680295 0.204606
0.419656 0.76678

0.680295 0.204606
0.211347 0.299648

0.680295 0.204606
0.846354 0.408674

0.680295 0.204606
0.298439 0.483716

0.680295 0.204606
0.481982 0.423524

0.723259 0.348748
0.993724 0.0273209

0.723259 0.348748
0.619991 0.00724312

0.723259 0.348748
0.0171389 0.431852

0.723259 0.348748
0.084072 0.36829

0.723259 0.348748
0.767615 0.245751

0.723259 0.348748
0.859093 0.512906

0.723259 0.348748
0.507727 0.222442

0.723259 0.348748
0.850197 0.305969

0.723259 0.348748
0.368101 0.0483432

0.723259 0.348748
0.846354 0.408674

0.723259 0.348748
0.481982 0.423524

0.993724 0.0273209
0.0997096 0.771016

0.993724 0.0273209
0.859093 0.512906

0.993724 0.0273209
0.437478 0.83053

0.993724 0.0273209
0.0905954 0.352741

0.993724 0.0273209
0.507727 0.222442

0.993724 0.0273209
0.558966 0.874748

0.993724 0.0273209
0.850197 0.305969

0.993724 0.0273209
0.598242 0.0241092

0.993724 0.0273209
0.0472278 0.659764

0.993724 0.0273209
0.538983 0.583216

0.993724 0.0273209
0.435704 0.335076

0.993724 0.0273209
0.419656 0.76678

0.993724 0.0273209
0.846354 0.408674

0.993724 0.0273209
0.298439 0.483716

0.993724 0.0273209
0.481982 0.423524

0.619991 0.00724312
0.588962 0.0787572

0.619991 0.00724312
0.113806 0.255189

0.619991 0.00724312
0.084072 0.36829

0.619991 0.00724312
0.859093 0.512906

0.619991 0.00724312
0.437478 0.83053

0.619991 0.00724312
0.0905954 0.352741

0.619991 0.00724312
0.703399 0.848218

0.619991 0.00724312
0.65418 0.599911

0.619991 0.00724312
0.507727 0.222442

0.619991 0.00724312
0.558966 0.874748

0.619991 0.00724312
0.850197 0.305969

0.619991 0.00724312
0.338878 0.388192

0.619991 0.00724312
0.598242 0.0241092

0.619991 0.00724312
0.0333557 0.256356

0.619991 0.00724312
0.0472278 0.659764

0.619991 0.00724312
0.435704 0.335076

0.619991 0.00724312
0.191969 0.618864

0.619991 0.00724312
0.211347 0.299648

0.619991 0.00724312
0.298439 0.483716

0.619991 0.00724312
0.481982 0.423524

0.588962 0.0787572
0.113806 0.255189

0.588962 0.0787572
0.0997096 0.771016

0.588962 0.0787572
0.767615 0.245751

0.588962 0.0787572
0.0905954 0.352741

0.588962 0.0787572
0.703399 0.848218

0.588962 0.0787572
0.507727 0.222442

0.588962 0.0787572
0.558966 0.874748

0.588962 0.0787572
0.0333557 0.256356

0.588962 0.0787572
0.435704 0.335076

0.588962 0.0787572
0.368101 0.0483432

0.588962 0.0787572
0.419656 0.76678

0.588962 0.0787572
0.211347 0.299648

0.588962 0.0787572
0.846354 0.408674

0.588962 0.0787572
0.481982 0.423524

0.0171389 0.431852
0.113806 0.255189

0.0171389 0.431852
0.084072 0.36829

0.0171389 0.431852
0.859093 0.512906

0.0171389 0.431852
0.437478 0.83053

0.0171389 0.431852
0.703399 0.848218

0.0171389 0.431852
0.507727 0.222442

0.0171389 0.431852
0.558966 0.874748

0.0171389 0.431852
0.598242 0.0241092

0.0171389 0.431852
0.0333557 0.256356

0.0171389 0.431852
0.0472278 0.659764

0.0171389 0.431852
0.435704 0.335076

0.0171389 0.431852
0.298439 0.483716

0.0171389 0.431852
0.481982 0.423524

0.113806 0.255189
0.0997096 0.771016

0.113806 0.255189
0.084072 0.36829

0.113806 0.255189
0.703399 0.848218

0.113806 0.255189
0.65418 0.599911

0.113806 0.255189
0.507727 0.222442

0.113806 0.255189
0.558966 0.874748

0.113806 0.255189
0.598242 0.0241092

0.113806 0.255189
0.538983 0.583216

0.113806 0.255189
0.191969 0.618864

0.113806 0.255189
0.419656 0.76678

0.113806 0.255189
0.211347 0.299648

0.113806 0.255189
0.298439 0.483716

0.0997096 0.771016
0.767615 0.245751

0.0997096 0.771016
0.859093 0.512906

0.0997096 0.771016
0.703399 0.848218

0.0997096 0.771016
0.65418 0.599911

0.0997096 0.771016
0.507727 0.222442

0.0997096 0.771016
0.419656 0.76678

0.0997096 0.771016
0.846354 0.408674

0.0997096 0.771016
0.298439 0.483716

0.0997096 0.771016
0.481982 0.423524

0.084072 0.36829
0.859093 0.512906

0.084072 0.36829
0.0905954 0.352741

0.084072 0.36829
0.65418 0.599911

0.084072 0.36829
0.850197 0.305969

0.084072 0.36829
0.538983 0.583216

0.084072 0.36829
0.435704 0.335076

0.084072 0.36829
0.419656 0.76678

0.084072 0.36829
0.211347 0.299648

0.767615 0.245751
0.859093 0.512906

0.767615 0.245751
0.437478 0.83053

0.767615 0.245751
0.0905954 0.352741

0.767615 0.245751
0.703399 0.848218

0.767615 0.245751
0.507727 0.222442

0.767615 0.245751
0.850197 0.305969

0.767615 0.245751
0.338878 0.388192

0.767615 0.245751
0.598242 0.0241092

0.767615 0.245751
0.538983 0.583216

0.767615 0.245751
0.419656 0.76678

0.767615 0.245751
0.298439 0.483716

0.859093 0.512906
0.437478 0.83053

0.859093 0.512906
0.65418 0.599911

0.859093 0.512906
0.338878 0.388192

0.859093 0.512906
0.0472278 0.659764

0.859093 0.512906
0.435704 0.335076

0.859093 0.512906
0.191969 0.618864

0.859093 0.512906
0.211347 0.299648

0.859093 0.512906
0.298439 0.483716

0.859093 0.512906
0.481982 0.423524

0.437478 0.83053
0.703399 0.848218

0.437478 0.83053
0.65418 0.599911

0.437478 0.83053
0.507727 0.222442

0.437478 0.83053
0.850197 0.305969

0.437478 0.83053
0.338878 0.388192

0.437478 0.83053
0.598242 0.0241092

0.437478 0.83053
0.0333557 0.256356

0.437478 0.83053
0.191969 0.618864

0.437478 0.83053
0.368101 0.0483432

0.437478 0.83053
0.419656 0.76678

0.437478 0.83053
0.846354 0.408674

0.437478 0.83053
0.298439 0.483716

0.437478 0.83053
0.481982 0.423524

0.0905954 0.352741
0.703399 0.848218

0.0905954 0.352741
0.507727 0.222442

0.0905954 0.352741
0.558966 0.874748

0.0905954 0.352741
0.338878 0.388192

0.0905954 0.352741
0.598242 0.0241092

0.0905954 0.352741
0.538983 0.583216

0.0905954 0.352741
0.435704 0.335076

0.0905954 0.352741
0.846354 0.408674

0.0905954 0.352741
0.298439 0.483716

0.703399 0.848218
0.65418 0.599911

0.703399 0.848218
0.558966 0.874748

0.703399 0.848218
0.850197 0.305969

0.703399 0.848218
0.338878 0.388192

0.703399 0.848218
0.598242 0.0241092

0.703399 0.848218
0.0333557 0.256356

0.703399 0.848218
0.0472278 0.659764

0.703399 0.848218
0.435704 0.335076

0.703399 0.848218
0.368101 0.0483432

0.703399 0.848218
0.211347 0.299648

0.703399 0.848218
0.481982 0.423524

0.65418 0.599911
0.507727 0.222442

0.65418 0.599911
0.850197 0.305969

0.65418 0.599911
0.0333557 0.256356

0.65418 0.599911
0.0472278 0.659764

0.65418 0.599911
0.538983 0.583216

0.65418 0.599911
0.435704 0.335076

0.65418 0.599911
0.191969 0.618864

0.65418 0.599911
0.368101 0.0483432

0.65418 0.599911
0.419656 0.76678

0.65418 0.599911
0.211347 0.299648

0.65418 0.599911
0.846354 0.408674

0.65418 0.599911
0.481982 0.423524

0.507727 0.222442
0.338878 0.388192

0.507727 0.222442
0.538983 0.583216

0.507727 0.222442
0.191969 0.618864

0.507727 0.222442
0.419656 0.76678

0.507727 0.222442
0.298439 0.483716

0.558966 0.874748
0.850197 0.305969

0.558966 0.874748
0.0333557 0.256356

0.558966 0.874748
0.0472278 0.659764

0.558966 0.874748
0.435704 0.335076

0.558966 0.874748
0.368101 0.0483432

0.558966 0.874748
0.211347 0.299648

0.558966 0.874748
0.298439 0.483716

0.850197 0.305969
0.338878 0.388192

0.850197 0.305969
0.598242 0.0241092

0.850197 0.305969
0.0472278 0.659764

0.850197 0.305969
0.368101 0.0483432

0.850197 0.305969
0.419656 0.76678

0.850197 0.305969
0.211347 0.299648

0.850197 0.305969
0.846354 0.408674

0.338878 0.388192
0.435704 0.335076

0.338878 0.388192
0.191969 0.618864

0.338878 0.388192
0.419656 0.76678

0.338878 0.388192
0.211347 0.299648

0.598242 0.0241092
0.538983 0.583216

0.598242 0.0241092
0.435704 0.335076

0.598242 0.0241092
0.368101 0.0483432

0.598242 0.0241092
0.846354 0.408674

0.0333557 0.256356
0.538983 0.583216

0.0333557 0.256356
0.435704 0.335076

0.0333557 0.256356
0.191969 0.618864

0.0333557 0.256356
0.419656 0.76678

0.0472278 0.659764
0.538983 0.583216

0.0472278 0.659764
0.298439 0.483716

0.538983 0.583216
0.368101 0.0483432

0.538983 0.583216
0.419656 0.76678

0.538983 0.583216
0.211347 0.299648

0.538983 0.583216
0.846354 0.408674

0.435704 0.335076
0.191969 0.618864

0.435704 0.335076
0.211347 0.299648

0.435704 0.335076
0.846354 0.408674

0.191969 0.618864
0.211347 0.299648

0.191969 0.618864
0.846354 0.408674

0.191969 0.618864
0.298439 0.483716

0.191969 0.618864
0.481982 0.423524

0.368101 0.0483432
0.481982 0.423524

0.419656 0.76678
0.211347 0.299648

0.419656 0.76678
0.846354 0.408674

0.419656 0.76678
0.298439 0.483716

0.419656 0.76678
0.481982 0.423524

0.211347 0.299648
0.298439 0.483716

0.211347 0.299648
0.481982 0.423524

