0.106885 0.248151
0.0305161 0.137028

0.106885 0.248151
0.180258 0.124401

0.430639 0.725293
0.352277 0.638249

0.430639 0.725293
0.420894 0.645633

0.726455 0.185966
0.691099 0.0536745

0.726455 0.185966
0.661079 0.273645

0.511428 0.772773
0.58882 0.793262

0.511428 0.772773
0.518385 0.924558

0.787234 0.403164
0.742905 0.379018

0.787234 0.403164
0.805689 0.4533

0.250443 0.0946569
0.180258 0.124401

0.250443 0.0946569
0.15565 0.115997

0.240523 0.207656
0.0787873 0.261034

0.240523 0.207656
0.187948 0.171123

0.602604 0.601482
0.694523 0.622531

0.602604 0.601482
0.609741 0.558285

0.757858 0.762122
0.855251 0.649878

0.757858 0.762122
0.717264 0.570495

0.850262 0.729488
0.694523 0.622531

0.850262 0.729488
0.742028 0.712326

0.0300876 0.213348
0.018696 0.374453

0.0300876 0.213348
0.177332 0.290468

0.277842 0.558842
0.371139 0.564567

0.277842 0.558842
0.239438 0.458505

0.956747 0.13241
0.984745 0.381203

0.956747 0.13241
0.913187 0.0909315

0.275173 0.881801
0.136198 0.733021

0.275173 0.881801
0.143403 0.945345

0.334754 0.92459
0.350574 0.829023

0.334754 0.92459
0.0947153 0.72115

0.136198 0.733021
0.18662 0.540337

0.46984 0.420155
0.334932 0.401379

0.46984 0.420155
0.658078 0.359986

0.018696 0.374453
0.0600072 0.436504

0.165107 0.530203
0.285823 0.596054

0.165107 0.530203
0.208909 0.392912

0.69695 0.11863
0.790873 0.0248029

0.69695 0.11863
0.664447 0.248631

0.772663 0.082871
0.998457 0.00208972

0.772663 0.082871
0.794045 0.0888842

0.998457 0.00208972
0.984745 0.381203

0.51953 0.581894
0.726826 0.554075

0.51953 0.581894
0.351684 0.948651

0.115865 0.384774
0.0774316 0.412972

0.115865 0.384774
0.133231 0.415668

0.254998 0.908137
0.383539 0.769507

0.254998 0.908137
0.421089 0.697183

0.595695 0.0636834
0.691099 0.0536745

0.595695 0.0636834
0.481933 0.269307

0.726826 0.554075
0.742812 0.600755

0.201557 0.0908652
0.187948 0.171123

0.201557 0.0908652
0.109101 0.0607131

0.446646 0.0132269
0.471028 0.127118

0.446646 0.0132269
0.422101 0.114715

0.471028 0.127118
0.377846 0.144313

0.855251 0.649878
0.744854 0.789247

0.371139 0.564567
0.459739 0.622376

0.0787873 0.261034
0.208909 0.392912

0.742905 0.379018
0.658078 0.359986

0.790873 0.0248029
0.783458 0.0473286

0.459739 0.622376
0.463882 0.599824

0.805689 0.4533
0.854311 0.382526

0.463882 0.599824
0.415689 0.339655

0.0774316 0.412972
0.0600072 0.436504

0.334932 0.401379
0.285823 0.596054

0.851582 0.605602
0.85552 0.674944

0.851582 0.605602
0.997529 0.931141

0.235978 0.0125281
0.369134 0.136249

0.235978 0.0125281
0.0305161 0.137028

0.742028 0.712326
0.808801 0.53807

0.85552 0.674944
0.717264 0.570495

0.0597822 0.098399
0.109101 0.0607131

0.0597822 0.098399
0.15565 0.115997

0.744854 0.789247
0.58882 0.793262

0.609741 0.558285
0.780854 0.76602

0.18662 0.540337
0.2386 0.598478

0.383539 0.769507
0.351684 0.948651

0.742812 0.600755
0.808801 0.53807

0.422101 0.114715
0.472819 0.0761527

0.997529 0.931141
0.780854 0.76602

0.373959 0.748437
0.420894 0.645633

0.373959 0.748437
0.350574 0.829023

0.369134 0.136249
0.472819 0.0761527

0.415689 0.339655
0.239438 0.458505

0.352277 0.638249
0.449465 0.881174

0.449465 0.881174
0.421089 0.697183

0.783458 0.0473286
0.794045 0.0888842

0.464528 0.105564
0.481933 0.269307

0.464528 0.105564
0.388649 0.13562

0.661079 0.273645
0.74354 0.185031

0.2386 0.598478
0.0947153 0.72115

0.133231 0.415668
0.177332 0.290468

0.74354 0.185031
0.913187 0.0909315

0.377846 0.144313
0.388649 0.13562

0.143403 0.945345
0.518385 0.924558

0.854311 0.382526
0.664447 0.248631

