0.264463 0.217197 0.614286
0.519022 0.971939 0.742857
0.729404 0.17963 0.742857
0.68829 0.230431 0.678571
0.185818 0.944502 0.764286
0.359622 0.742555 0.507143
0.305734 0.902938 0.678571
0.57373 0.191128 0.635714
0.624321 0.542697 0.464286
0.183607 0.206306 0.678571
0.0464671 0.613778 0.657143
0.225997 0.818172 0.635714
0.0236373 0.230385 0.785714
0.174102 0.0188534 0.85
0.0599836 0.965996 0.871429
0.174281 0.133083 0.742857
0.213368 0.372805 0.528571
0.221707 0.292928 0.571429
0.166698 0.179635 0.7
0.363173 0.320557 0.464286
0.677938 0.796034 0.657143
0.728812 0.186932 0.742857
0.308647 0.305761 0.507143
0.0192712 0.3352 0.721429
0.0910648 0.22447 0.721429
0.527644 0.693112 0.464286
0.927268 0.85485 0.892857
0.570526 0.322691 0.507143
0.429558 0.336608 0.442857
0.456579 0.283822 0.507143
0.478734 0.280887 0.507143
0.84399 0.231757 0.785714
0.0260518 0.460185 0.678571
0.388594 0.571638 0.314286
0.460728 0.999007 0.764286
0.150944 0.679297 0.592857
0.0309552 0.164033 0.807143
0.568638 0.971563 0.764286
0.123657 0.616404 0.592857
0.218652 0.252766 0.614286
0.873012 0.683988 0.764286
0.0406303 0.464379 0.657143
0.871254 0.308854 0.785714
0.0429489 0.277656 0.742857
0.325195 0.608451 0.4
0.494175 0.411987 0.378571
0.0659841 0.322299 0.678571
0.590835 0.195449 0.635714
0.692618 0.0215332 0.85
0.459547 0.895406 0.657143
0.802226 0.972167 0.892857
0.726505 0.495306 0.571429
0.757274 0.729573 0.678571
0.86556 0.689921 0.764286
0.495341 0.221722 0.571429
0.938402 0.819361 0.892857
0.276345 0.661723 0.464286
0.659941 0.258104 0.635714
0.806825 0.0973459 0.85
0.620905 0.00838173 0.828571
0.0153037 0.780671 0.764286
0.716103 0.591374 0.571429
0.478752 0.776925 0.528571
0.966814 0.0814139 1
0.532325 0.159949 0.657143
0.654127 0.551998 0.507143
0.461735 0.266958 0.528571
0.198165 0.550362 0.485714
0.424569 0.518868 0.25
0.27938 0.677391 0.485714
0.787038 0.0901308 0.85
0.0953256 0.504471 0.592857
0.0245139 0.0867609 0.871429
0.145773 0.679201 0.592857
0.00795854 0.661864 0.721429
0.0280332 0.22546 0.785714
0.103382 0.779797 0.7
0.982145 0.280146 0.892857
0.899912 0.388067 0.785714
0.864276 0.62843 0.742857
0.0695611 0.573349 0.635714
0.340343 0.794763 0.55
0.19286 0.144671 0.721429
0.453429 0.742134 0.485714
0.852987 0.702322 0.742857
0.169774 0.964795 0.807143
0.400681 0.959744 0.721429
0.375263 0.332829 0.464286
0.0497778 0.820446 0.764286
0.856776 0.608184 0.721429
0.220182 0.440968 0.485714
0.314526 0.536796 0.378571
0.984844 0.546272 0.85
0.076897 0.718137 0.678571
0.036507 0.214164 0.785714
0.768539 0.30008 0.678571
0.532065 0.67086 0.442857
0.650362 0.933057 0.764286
0.211927 0.275926 0.592857
0.635335 0.406305 0.507143
