0.772709 0.996339
0.71415 0.75057

0.772709 0.996339
0.119782 0.0277686

0.944438 0.17113
0.711577 0.167935

0.944438 0.17113
0.742156 0.0158694

0.722924 0.00882312
0.736215 0.40633

0.722924 0.00882312
0.742156 0.0158694

0.719882 0.635456
0.796889 0.268007

0.719882 0.635456
0.835769 0.643535

0.71415 0.75057
0.92853 0.5941

0.107174 0.839829
0.161809 0.259457

0.107174 0.839829
0.263806 0.499914

0.161809 0.259457
0.192984 0.275165

0.416155 0.449918
0.548278 0.00231857

0.416155 0.449918
0.351772 0.49591

0.796889 0.268007
0.711577 0.167935

0.548278 0.00231857
0.736215 0.40633

0.351772 0.49591
0.192984 0.275165

0.119782 0.0277686
0.528624 0.891811

0.92853 0.5941
0.835769 0.643535

0.263806 0.499914
0.528624 0.891811

