0.684757 0.274503 0.476974
0.653904 0.565004 0.476974
0.121506 0.669119 0.703947
0.967917 0.899916 0.930921
0.216381 0.595603 0.585526
0.395084 0.215057 0.457237
0.587146 0.620831 0.486842
0.919313 0.616286 0.723684
0.495198 0.397414 0.25
0.310602 0.510126 0.467105
0.0347774 0.94809 0.960526
0.987408 0.761967 0.851974
0.896015 0.548164 0.674342
0.580645 0.108094 0.546053
0.607952 0.956806 0.8125
0.309879 0.65854 0.565789
0.918954 0.813075 0.832237
0.877744 0.622047 0.684211
0.343134 0.509887 0.4375
0.977179 0.709857 0.8125
0.525251 0.946709 0.792763
0.971614 0.986764 1
0.441737 0.844315 0.694079
0.059593 0.59418 0.723684
0.0461364 0.573236 0.723684
0.399543 0.504418 0.388158
0.572562 0.21244 0.447368
0.51091 0.284125 0.358553
0.517289 0.933709 0.782895
0.181503 0.0142546 0.743421
0.113555 0.318686 0.634868
0.395752 0.671171 0.536184
0.772215 0.00142512 0.723684
0.0659011 0.272202 0.694079
0.60929 0.412692 0.368421
0.90831 0.7299 0.773026
0.684217 0.193392 0.526316
0.540598 0.636674 0.486842
0.929991 0.811653 0.842105
0.915103 0.282217 0.684211
0.392041 0.654787 0.526316
0.15849 0.706139 0.703947
0.183205 0.521073 0.585526
0.524357 0.00468045 0.634868
0.25678 0.248504 0.526316
0.466956 0.950287 0.792763
0.12817 0.632356 0.684211
0.887574 0.822622 0.822368
0.161697 0.411208 0.575658
0.885665 0.489435 0.644737
