0.792571 0.0954368
0.652164 0.668305

0.792571 0.0954368
0.968995 0.72218

0.792571 0.0954368
0.991071 0.154593

0.792571 0.0954368
0.0793346 0.572904

0.792571 0.0954368
0.972207 0.0689483

0.792571 0.0954368
0.260978 0.116621

0.792571 0.0954368
0.29292 0.618781

0.792571 0.0954368
0.625419 0.042649

0.792571 0.0954368
0.608119 0.596581

0.792571 0.0954368
0.357929 0.00456055

0.792571 0.0954368
0.215603 0.372662

0.792571 0.0954368
0.814669 0.145223

0.792571 0.0954368
0.846017 0.0198638

0.792571 0.0954368
0.180432 0.0842892

0.792571 0.0954368
0.211174 0.724066

0.792571 0.0954368
0.994557 0.7109

0.652164 0.668305
0.991071 0.154593

0.652164 0.668305
0.972207 0.0689483

0.652164 0.668305
0.260978 0.116621

0.652164 0.668305
0.29292 0.618781

0.652164 0.668305
0.625419 0.042649

0.652164 0.668305
0.608119 0.596581

0.652164 0.668305
0.357929 0.00456055

0.652164 0.668305
0.424082 0.879718

0.652164 0.668305
0.846017 0.0198638

0.652164 0.668305
0.615405 0.94559

0.652164 0.668305
0.744182 0.809729

0.652164 0.668305
0.211174 0.724066

0.968995 0.72218
0.991071 0.154593

0.968995 0.72218
0.0793346 0.572904

0.968995 0.72218
0.972207 0.0689483

0.968995 0.72218
0.260978 0.116621

0.968995 0.72218
0.625419 0.042649

0.968995 0.72218
0.608119 0.596581

0.968995 0.72218
0.215603 0.372662

0.968995 0.72218
0.424082 0.879718

0.968995 0.72218
0.846017 0.0198638

0.968995 0.72218
0.615405 0.94559

0.968995 0.72218
0.744182 0.809729

0.968995 0.72218
0.211174 0.724066

0.968995 0.72218
0.994557 0.7109

0.991071 0.154593
0.0793346 0.572904

0.991071 0.154593
0.972207 0.0689483

0.991071 0.154593
0.260978 0.116621

0.991071 0.154593
0.29292 0.618781

0.991071 0.154593
0.608119 0.596581

0.991071 0.154593
0.215603 0.372662

0.991071 0.154593
0.424082 0.879718

0.991071 0.154593
0.846017 0.0198638

0.991071 0.154593
0.744182 0.809729

0.991071 0.154593
0.211174 0.724066

0.0793346 0.572904
0.972207 0.0689483

0.0793346 0.572904
0.260978 0.116621

0.0793346 0.572904
0.29292 0.618781

0.0793346 0.572904
0.608119 0.596581

0.0793346 0.572904
0.357929 0.00456055

0.0793346 0.572904
0.215603 0.372662

0.0793346 0.572904
0.424082 0.879718

0.0793346 0.572904
0.814669 0.145223

0.0793346 0.572904
0.846017 0.0198638

0.0793346 0.572904
0.615405 0.94559

0.0793346 0.572904
0.180432 0.0842892

0.972207 0.0689483
0.260978 0.116621

0.972207 0.0689483
0.625419 0.042649

0.972207 0.0689483
0.357929 0.00456055

0.972207 0.0689483
0.424082 0.879718

0.972207 0.0689483
0.814669 0.145223

0.972207 0.0689483
0.180432 0.0842892

0.972207 0.0689483
0.211174 0.724066

0.260978 0.116621
0.357929 0.00456055

0.260978 0.116621
0.424082 0.879718

0.260978 0.116621
0.615405 0.94559

0.260978 0.116621
0.180432 0.0842892

0.260978 0.116621
0.211174 0.724066

0.29292 0.618781
0.625419 0.042649

0.29292 0.618781
0.357929 0.00456055

0.29292 0.618781
0.424082 0.879718

0.29292 0.618781
0.814669 0.145223

0.29292 0.618781
0.846017 0.0198638

0.29292 0.618781
0.744182 0.809729

0.29292 0.618781
0.211174 0.724066

0.29292 0.618781
0.994557 0.7109

0.625419 0.042649
0.608119 0.596581

0.625419 0.042649
0.357929 0.00456055

0.625419 0.042649
0.215603 0.372662

0.625419 0.042649
0.424082 0.879718

0.625419 0.042649
0.846017 0.0198638

0.625419 0.042649
0.615405 0.94559

0.625419 0.042649
0.180432 0.0842892

0.625419 0.042649
0.744182 0.809729

0.625419 0.042649
0.211174 0.724066

0.625419 0.042649
0.994557 0.7109

0.608119 0.596581
0.357929 0.00456055

0.608119 0.596581
0.215603 0.372662

0.608119 0.596581
0.424082 0.879718

0.608119 0.596581
0.814669 0.145223

0.608119 0.596581
0.846017 0.0198638

0.608119 0.596581
0.615405 0.94559

0.608119 0.596581
0.180432 0.0842892

0.608119 0.596581
0.744182 0.809729

0.608119 0.596581
0.211174 0.724066

0.608119 0.596581
0.994557 0.7109

0.357929 0.00456055
0.215603 0.372662

0.357929 0.00456055
0.424082 0.879718

0.357929 0.00456055
0.846017 0.0198638

0.357929 0.00456055
0.211174 0.724066

0.215603 0.372662
0.424082 0.879718

0.215603 0.372662
0.814669 0.145223

0.215603 0.372662
0.615405 0.94559

0.215603 0.372662
0.180432 0.0842892

0.215603 0.372662
0.211174 0.724066

0.424082 0.879718
0.814669 0.145223

0.424082 0.879718
0.846017 0.0198638

0.424082 0.879718
0.615405 0.94559

0.424082 0.879718
0.180432 0.0842892

0.424082 0.879718
0.744182 0.809729

0.424082 0.879718
0.994557 0.7109

0.814669 0.145223
0.846017 0.0198638

0.814669 0.145223
0.180432 0.0842892

0.814669 0.145223
0.744182 0.809729

0.814669 0.145223
0.211174 0.724066

0.814669 0.145223
0.994557 0.7109

0.846017 0.0198638
0.615405 0.94559

0.846017 0.0198638
0.744182 0.809729

0.615405 0.94559
0.180432 0.0842892

0.615405 0.94559
0.744182 0.809729

0.615405 0.94559
0.211174 0.724066

0.615405 0.94559
0.994557 0.7109

0.180432 0.0842892
0.744182 0.809729

0.180432 0.0842892
0.994557 0.7109

0.744182 0.809729
0.211174 0.724066

0.744182 0.809729
0.994557 0.7109

0.211174 0.724066
0.994557 0.7109

