0.138487 0.593567 0.1
0.111945 0.421805 0.1
0.64859 0.618142 0.1
0.377398 0.22425 0.1
0.94033 0.716531 0.1
0.171554 0.798148 0.1
0.781607 0.206094 0.1
0.61192 0.0915002 0.1
0.352947 0.565638 0.1
0.913565 0.334831 0.1
0.500039 0.0573347 0.1
0.0854121 0.25722 0.1
0.689746 0.261117 0.1
0.945437 0.883586 0.1
0.987607 0.501121 0.1
0.460481 0.914441 0.1
0.274229 0.171769 0.1
0.675375 0.808454 0.1
0.527938 0.640667 0.1
0.367151 0.883989 0.1
0.122635 0.976654 0.1
0.265419 0.153041 0.1
0.0995506 0.357506 0.1
0.552357 0.487114 0.1
0.0640905 0.321982 0.1
0.278391 0.539646 0.1
0.698258 0.4389 0.1
0.75214 0.127216 0.1
0.0897758 0.134124 0.1
0.128744 0.406206 0.1
0.244994 0.256262 0.1
0.262954 0.597536 0.1
0.679876 0.312127 0.1
0.0445848 0.682545 0.1
0.201005 0.33346 0.1
0.866739 0.531889 0.1
0.0280856 0.209882 0.1
0.309065 0.86269 0.1
0.0849059 0.971129 0.1
0.776415 0.411056 0.1
0.259172 0.71664 0.1
0.485517 0.485231 0.1
0.602822 0.965631 0.1
0.061407 0.819773 0.1
