0.898284 0.934945
0.847986 0.804237

0.898284 0.934945
0.817294 0.350846

0.898284 0.934945
0.174284 0.588263

0.898284 0.934945
0.306377 0.293273

0.898284 0.934945
0.658007 0.106373

0.898284 0.934945
0.67812 0.74007

0.898284 0.934945
0.785914 0.518753

0.898284 0.934945
0.166937 0.521817

0.898284 0.934945
0.541342 0.770853

0.898284 0.934945
0.388172 0.0520261

0.898284 0.934945
0.319202 0.923995

0.898284 0.934945
0.225587 0.516226

0.898284 0.934945
0.0508733 0.805756

0.898284 0.934945
0.219691 0.882645

0.898284 0.934945
0.346465 0.550829

0.898284 0.934945
0.430672 0.045313

0.898284 0.934945
0.113175 0.318155

0.898284 0.934945
0.321489 0.963254

0.898284 0.934945
0.202026 0.322683

0.898284 0.934945
0.117987 0.380834

0.898284 0.934945
0.633932 0.0937874

0.898284 0.934945
0.375189 0.141208

0.898284 0.934945
0.831128 0.683998

0.898284 0.934945
0.115116 0.265312

0.898284 0.934945
0.69984 0.940685

0.847986 0.804237
0.751699 0.707864

0.847986 0.804237
0.288489 0.949332

0.847986 0.804237
0.817294 0.350846

0.847986 0.804237
0.174284 0.588263

0.847986 0.804237
0.68944 0.213115

0.847986 0.804237
0.306377 0.293273

0.847986 0.804237
0.444573 0.912386

0.847986 0.804237
0.658007 0.106373

0.847986 0.804237
0.67812 0.74007

0.847986 0.804237
0.75225 0.168482

0.847986 0.804237
0.757782 0.509186

0.847986 0.804237
0.175317 0.377439

0.847986 0.804237
0.388172 0.0520261

0.847986 0.804237
0.319202 0.923995

0.847986 0.804237
0.225587 0.516226

0.847986 0.804237
0.0508733 0.805756

0.847986 0.804237
0.346465 0.550829

0.847986 0.804237
0.930359 0.491527

0.847986 0.804237
0.321489 0.963254

0.847986 0.804237
0.117987 0.380834

0.847986 0.804237
0.633932 0.0937874

0.847986 0.804237
0.115116 0.265312

0.847986 0.804237
0.635667 0.141795

0.751699 0.707864
0.288489 0.949332

0.751699 0.707864
0.174284 0.588263

0.751699 0.707864
0.68944 0.213115

0.751699 0.707864
0.407022 0.34181

0.751699 0.707864
0.160888 0.170248

0.751699 0.707864
0.658007 0.106373

0.751699 0.707864
0.785914 0.518753

0.751699 0.707864
0.757782 0.509186

0.751699 0.707864
0.28313 0.585194

0.751699 0.707864
0.175317 0.377439

0.751699 0.707864
0.091035 0.357401

0.751699 0.707864
0.388172 0.0520261

0.751699 0.707864
0.225587 0.516226

0.751699 0.707864
0.842566 0.627347

0.751699 0.707864
0.219691 0.882645

0.751699 0.707864
0.477793 0.524947

0.751699 0.707864
0.930359 0.491527

0.751699 0.707864
0.113175 0.318155

0.751699 0.707864
0.8456 0.278185

0.751699 0.707864
0.179995 0.0193596

0.751699 0.707864
0.117987 0.380834

0.751699 0.707864
0.831128 0.683998

0.751699 0.707864
0.635667 0.141795

0.60214 0.00164998
0.288489 0.949332

0.60214 0.00164998
0.160888 0.170248

0.60214 0.00164998
0.658007 0.106373

0.60214 0.00164998
0.67812 0.74007

0.60214 0.00164998
0.75225 0.168482

0.60214 0.00164998
0.365077 0.852345

0.60214 0.00164998
0.757782 0.509186

0.60214 0.00164998
0.541342 0.770853

0.60214 0.00164998
0.28313 0.585194

0.60214 0.00164998
0.175317 0.377439

0.60214 0.00164998
0.091035 0.357401

0.60214 0.00164998
0.822322 0.149947

0.60214 0.00164998
0.423867 0.783792

0.60214 0.00164998
0.319202 0.923995

0.60214 0.00164998
0.225587 0.516226

0.60214 0.00164998
0.0508733 0.805756

0.60214 0.00164998
0.842566 0.627347

0.60214 0.00164998
0.346465 0.550829

0.60214 0.00164998
0.430672 0.045313

0.60214 0.00164998
0.477793 0.524947

0.60214 0.00164998
0.8456 0.278185

0.60214 0.00164998
0.202026 0.322683

0.60214 0.00164998
0.375189 0.141208

0.60214 0.00164998
0.831128 0.683998

0.60214 0.00164998
0.115116 0.265312

0.60214 0.00164998
0.69984 0.940685

0.60214 0.00164998
0.872165 0.0452755

0.288489 0.949332
0.174284 0.588263

0.288489 0.949332
0.68944 0.213115

0.288489 0.949332
0.449118 0.169675

0.288489 0.949332
0.75225 0.168482

0.288489 0.949332
0.166937 0.521817

0.288489 0.949332
0.365077 0.852345

0.288489 0.949332
0.757782 0.509186

0.288489 0.949332
0.822322 0.149947

0.288489 0.949332
0.423867 0.783792

0.288489 0.949332
0.388172 0.0520261

0.288489 0.949332
0.0508733 0.805756

0.288489 0.949332
0.8456 0.278185

0.288489 0.949332
0.202026 0.322683

0.288489 0.949332
0.633932 0.0937874

0.288489 0.949332
0.375189 0.141208

0.288489 0.949332
0.831128 0.683998

0.288489 0.949332
0.69984 0.940685

0.288489 0.949332
0.635667 0.141795

0.817294 0.350846
0.174284 0.588263

0.817294 0.350846
0.68944 0.213115

0.817294 0.350846
0.306377 0.293273

0.817294 0.350846
0.407022 0.34181

0.817294 0.350846
0.160888 0.170248

0.817294 0.350846
0.658007 0.106373

0.817294 0.350846
0.785914 0.518753

0.817294 0.350846
0.365077 0.852345

0.817294 0.350846
0.541342 0.770853

0.817294 0.350846
0.28313 0.585194

0.817294 0.350846
0.423867 0.783792

0.817294 0.350846
0.388172 0.0520261

0.817294 0.350846
0.10769 0.606649

0.817294 0.350846
0.346465 0.550829

0.817294 0.350846
0.477793 0.524947

0.817294 0.350846
0.930359 0.491527

0.817294 0.350846
0.8456 0.278185

0.817294 0.350846
0.321489 0.963254

0.817294 0.350846
0.633932 0.0937874

0.817294 0.350846
0.635667 0.141795

0.174284 0.588263
0.68944 0.213115

0.174284 0.588263
0.306377 0.293273

0.174284 0.588263
0.407022 0.34181

0.174284 0.588263
0.444573 0.912386

0.174284 0.588263
0.67812 0.74007

0.174284 0.588263
0.785914 0.518753

0.174284 0.588263
0.75225 0.168482

0.174284 0.588263
0.166937 0.521817

0.174284 0.588263
0.28313 0.585194

0.174284 0.588263
0.091035 0.357401

0.174284 0.588263
0.822322 0.149947

0.174284 0.588263
0.319202 0.923995

0.174284 0.588263
0.10769 0.606649

0.174284 0.588263
0.346465 0.550829

0.174284 0.588263
0.430672 0.045313

0.174284 0.588263
0.477793 0.524947

0.174284 0.588263
0.113175 0.318155

0.174284 0.588263
0.8456 0.278185

0.174284 0.588263
0.321489 0.963254

0.174284 0.588263
0.202026 0.322683

0.174284 0.588263
0.117987 0.380834

0.174284 0.588263
0.831128 0.683998

0.174284 0.588263
0.115116 0.265312

0.174284 0.588263
0.69984 0.940685

0.68944 0.213115
0.407022 0.34181

0.68944 0.213115
0.444573 0.912386

0.68944 0.213115
0.160888 0.170248

0.68944 0.213115
0.658007 0.106373

0.68944 0.213115
0.75225 0.168482

0.68944 0.213115
0.166937 0.521817

0.68944 0.213115
0.757782 0.509186

0.68944 0.213115
0.541342 0.770853

0.68944 0.213115
0.175317 0.377439

0.68944 0.213115
0.822322 0.149947

0.68944 0.213115
0.423867 0.783792

0.68944 0.213115
0.219691 0.882645

0.68944 0.213115
0.346465 0.550829

0.68944 0.213115
0.430672 0.045313

0.68944 0.213115
0.477793 0.524947

0.68944 0.213115
0.8456 0.278185

0.68944 0.213115
0.179995 0.0193596

0.68944 0.213115
0.321489 0.963254

0.68944 0.213115
0.117987 0.380834

0.68944 0.213115
0.831128 0.683998

0.68944 0.213115
0.115116 0.265312

0.68944 0.213115
0.69984 0.940685

0.68944 0.213115
0.635667 0.141795

0.68944 0.213115
0.872165 0.0452755

0.306377 0.293273
0.444573 0.912386

0.306377 0.293273
0.449118 0.169675

0.306377 0.293273
0.67812 0.74007

0.306377 0.293273
0.785914 0.518753

0.306377 0.293273
0.75225 0.168482

0.306377 0.293273
0.166937 0.521817

0.306377 0.293273
0.757782 0.509186

0.306377 0.293273
0.541342 0.770853

0.306377 0.293273
0.822322 0.149947

0.306377 0.293273
0.388172 0.0520261

0.306377 0.293273
0.319202 0.923995

0.306377 0.293273
0.225587 0.516226

0.306377 0.293273
0.0508733 0.805756

0.306377 0.293273
0.219691 0.882645

0.306377 0.293273
0.930359 0.491527

0.306377 0.293273
0.113175 0.318155

0.306377 0.293273
0.8456 0.278185

0.306377 0.293273
0.321489 0.963254

0.306377 0.293273
0.202026 0.322683

0.306377 0.293273
0.117987 0.380834

0.306377 0.293273
0.375189 0.141208

0.306377 0.293273
0.115116 0.265312

0.306377 0.293273
0.872165 0.0452755

0.407022 0.34181
0.160888 0.170248

0.407022 0.34181
0.67812 0.74007

0.407022 0.34181
0.785914 0.518753

0.407022 0.34181
0.166937 0.521817

0.407022 0.34181
0.541342 0.770853

0.407022 0.34181
0.28313 0.585194

0.407022 0.34181
0.822322 0.149947

0.407022 0.34181
0.423867 0.783792

0.407022 0.34181
0.225587 0.516226

0.407022 0.34181
0.10769 0.606649

0.407022 0.34181
0.219691 0.882645

0.407022 0.34181
0.346465 0.550829

0.407022 0.34181
0.477793 0.524947

0.407022 0.34181
0.930359 0.491527

0.407022 0.34181
0.113175 0.318155

0.407022 0.34181
0.321489 0.963254

0.407022 0.34181
0.633932 0.0937874

0.407022 0.34181
0.69984 0.940685

0.407022 0.34181
0.635667 0.141795

0.444573 0.912386
0.160888 0.170248

0.444573 0.912386
0.449118 0.169675

0.444573 0.912386
0.75225 0.168482

0.444573 0.912386
0.541342 0.770853

0.444573 0.912386
0.175317 0.377439

0.444573 0.912386
0.423867 0.783792

0.444573 0.912386
0.225587 0.516226

0.444573 0.912386
0.10769 0.606649

0.444573 0.912386
0.346465 0.550829

0.444573 0.912386
0.430672 0.045313

0.444573 0.912386
0.113175 0.318155

0.444573 0.912386
0.179995 0.0193596

0.444573 0.912386
0.202026 0.322683

0.444573 0.912386
0.117987 0.380834

0.444573 0.912386
0.633932 0.0937874

0.444573 0.912386
0.115116 0.265312

0.444573 0.912386
0.69984 0.940685

0.444573 0.912386
0.635667 0.141795

0.160888 0.170248
0.449118 0.169675

0.160888 0.170248
0.785914 0.518753

0.160888 0.170248
0.166937 0.521817

0.160888 0.170248
0.365077 0.852345

0.160888 0.170248
0.757782 0.509186

0.160888 0.170248
0.541342 0.770853

0.160888 0.170248
0.28313 0.585194

0.160888 0.170248
0.175317 0.377439

0.160888 0.170248
0.423867 0.783792

0.160888 0.170248
0.319202 0.923995

0.160888 0.170248
0.842566 0.627347

0.160888 0.170248
0.219691 0.882645

0.160888 0.170248
0.346465 0.550829

0.160888 0.170248
0.113175 0.318155

0.160888 0.170248
0.321489 0.963254

0.160888 0.170248
0.115116 0.265312

0.160888 0.170248
0.69984 0.940685

0.658007 0.106373
0.67812 0.74007

0.658007 0.106373
0.75225 0.168482

0.658007 0.106373
0.166937 0.521817

0.658007 0.106373
0.365077 0.852345

0.658007 0.106373
0.541342 0.770853

0.658007 0.106373
0.28313 0.585194

0.658007 0.106373
0.175317 0.377439

0.658007 0.106373
0.822322 0.149947

0.658007 0.106373
0.319202 0.923995

0.658007 0.106373
0.225587 0.516226

0.658007 0.106373
0.10769 0.606649

0.658007 0.106373
0.0508733 0.805756

0.658007 0.106373
0.842566 0.627347

0.658007 0.106373
0.219691 0.882645

0.658007 0.106373
0.346465 0.550829

0.658007 0.106373
0.430672 0.045313

0.658007 0.106373
0.113175 0.318155

0.658007 0.106373
0.179995 0.0193596

0.658007 0.106373
0.321489 0.963254

0.658007 0.106373
0.117987 0.380834

0.658007 0.106373
0.633932 0.0937874

0.658007 0.106373
0.115116 0.265312

0.658007 0.106373
0.635667 0.141795

0.658007 0.106373
0.872165 0.0452755

0.449118 0.169675
0.75225 0.168482

0.449118 0.169675
0.166937 0.521817

0.449118 0.169675
0.365077 0.852345

0.449118 0.169675
0.757782 0.509186

0.449118 0.169675
0.541342 0.770853

0.449118 0.169675
0.091035 0.357401

0.449118 0.169675
0.822322 0.149947

0.449118 0.169675
0.423867 0.783792

0.449118 0.169675
0.388172 0.0520261

0.449118 0.169675
0.10769 0.606649

0.449118 0.169675
0.0508733 0.805756

0.449118 0.169675
0.842566 0.627347

0.449118 0.169675
0.219691 0.882645

0.449118 0.169675
0.346465 0.550829

0.449118 0.169675
0.430672 0.045313

0.449118 0.169675
0.113175 0.318155

0.449118 0.169675
0.117987 0.380834

0.449118 0.169675
0.375189 0.141208

0.449118 0.169675
0.831128 0.683998

0.449118 0.169675
0.115116 0.265312

0.449118 0.169675
0.872165 0.0452755

0.67812 0.74007
0.365077 0.852345

0.67812 0.74007
0.822322 0.149947

0.67812 0.74007
0.388172 0.0520261

0.67812 0.74007
0.319202 0.923995

0.67812 0.74007
0.225587 0.516226

0.67812 0.74007
0.10769 0.606649

0.67812 0.74007
0.842566 0.627347

0.67812 0.74007
0.430672 0.045313

0.67812 0.74007
0.113175 0.318155

0.67812 0.74007
0.179995 0.0193596

0.67812 0.74007
0.321489 0.963254

0.67812 0.74007
0.117987 0.380834

0.67812 0.74007
0.831128 0.683998

0.67812 0.74007
0.635667 0.141795

0.785914 0.518753
0.75225 0.168482

0.785914 0.518753
0.365077 0.852345

0.785914 0.518753
0.757782 0.509186

0.785914 0.518753
0.28313 0.585194

0.785914 0.518753
0.175317 0.377439

0.785914 0.518753
0.091035 0.357401

0.785914 0.518753
0.822322 0.149947

0.785914 0.518753
0.423867 0.783792

0.785914 0.518753
0.388172 0.0520261

0.785914 0.518753
0.10769 0.606649

0.785914 0.518753
0.219691 0.882645

0.785914 0.518753
0.346465 0.550829

0.785914 0.518753
0.430672 0.045313

0.785914 0.518753
0.930359 0.491527

0.785914 0.518753
0.113175 0.318155

0.785914 0.518753
0.8456 0.278185

0.785914 0.518753
0.321489 0.963254

0.785914 0.518753
0.202026 0.322683

0.785914 0.518753
0.117987 0.380834

0.785914 0.518753
0.633932 0.0937874

0.785914 0.518753
0.115116 0.265312

0.785914 0.518753
0.69984 0.940685

0.785914 0.518753
0.635667 0.141795

0.75225 0.168482
0.166937 0.521817

0.75225 0.168482
0.757782 0.509186

0.75225 0.168482
0.091035 0.357401

0.75225 0.168482
0.423867 0.783792

0.75225 0.168482
0.388172 0.0520261

0.75225 0.168482
0.10769 0.606649

0.75225 0.168482
0.0508733 0.805756

0.75225 0.168482
0.842566 0.627347

0.75225 0.168482
0.346465 0.550829

0.75225 0.168482
0.430672 0.045313

0.75225 0.168482
0.477793 0.524947

0.75225 0.168482
0.8456 0.278185

0.75225 0.168482
0.117987 0.380834

0.75225 0.168482
0.633932 0.0937874

0.75225 0.168482
0.375189 0.141208

0.75225 0.168482
0.831128 0.683998

0.75225 0.168482
0.115116 0.265312

0.166937 0.521817
0.757782 0.509186

0.166937 0.521817
0.28313 0.585194

0.166937 0.521817
0.091035 0.357401

0.166937 0.521817
0.423867 0.783792

0.166937 0.521817
0.388172 0.0520261

0.166937 0.521817
0.319202 0.923995

0.166937 0.521817
0.225587 0.516226

0.166937 0.521817
0.430672 0.045313

0.166937 0.521817
0.831128 0.683998

0.166937 0.521817
0.69984 0.940685

0.166937 0.521817
0.635667 0.141795

0.365077 0.852345
0.28313 0.585194

0.365077 0.852345
0.175317 0.377439

0.365077 0.852345
0.091035 0.357401

0.365077 0.852345
0.822322 0.149947

0.365077 0.852345
0.423867 0.783792

0.365077 0.852345
0.388172 0.0520261

0.365077 0.852345
0.319202 0.923995

0.365077 0.852345
0.225587 0.516226

0.365077 0.852345
0.10769 0.606649

0.365077 0.852345
0.219691 0.882645

0.365077 0.852345
0.346465 0.550829

0.365077 0.852345
0.430672 0.045313

0.365077 0.852345
0.477793 0.524947

0.365077 0.852345
0.113175 0.318155

0.365077 0.852345
0.179995 0.0193596

0.365077 0.852345
0.321489 0.963254

0.365077 0.852345
0.117987 0.380834

0.365077 0.852345
0.375189 0.141208

0.365077 0.852345
0.115116 0.265312

0.365077 0.852345
0.635667 0.141795

0.365077 0.852345
0.872165 0.0452755

0.757782 0.509186
0.28313 0.585194

0.757782 0.509186
0.175317 0.377439

0.757782 0.509186
0.091035 0.357401

0.757782 0.509186
0.388172 0.0520261

0.757782 0.509186
0.319202 0.923995

0.757782 0.509186
0.0508733 0.805756

0.757782 0.509186
0.930359 0.491527

0.757782 0.509186
0.8456 0.278185

0.757782 0.509186
0.179995 0.0193596

0.757782 0.509186
0.117987 0.380834

0.757782 0.509186
0.633932 0.0937874

0.757782 0.509186
0.375189 0.141208

0.757782 0.509186
0.831128 0.683998

0.757782 0.509186
0.115116 0.265312

0.541342 0.770853
0.175317 0.377439

0.541342 0.770853
0.822322 0.149947

0.541342 0.770853
0.388172 0.0520261

0.541342 0.770853
0.319202 0.923995

0.541342 0.770853
0.10769 0.606649

0.541342 0.770853
0.0508733 0.805756

0.541342 0.770853
0.219691 0.882645

0.541342 0.770853
0.346465 0.550829

0.541342 0.770853
0.430672 0.045313

0.541342 0.770853
0.930359 0.491527

0.541342 0.770853
0.113175 0.318155

0.541342 0.770853
0.179995 0.0193596

0.541342 0.770853
0.202026 0.322683

0.541342 0.770853
0.117987 0.380834

0.541342 0.770853
0.633932 0.0937874

0.541342 0.770853
0.375189 0.141208

0.541342 0.770853
0.831128 0.683998

0.541342 0.770853
0.635667 0.141795

0.28313 0.585194
0.822322 0.149947

0.28313 0.585194
0.423867 0.783792

0.28313 0.585194
0.319202 0.923995

0.28313 0.585194
0.225587 0.516226

0.28313 0.585194
0.10769 0.606649

0.28313 0.585194
0.346465 0.550829

0.28313 0.585194
0.430672 0.045313

0.28313 0.585194
0.930359 0.491527

0.28313 0.585194
0.8456 0.278185

0.28313 0.585194
0.179995 0.0193596

0.28313 0.585194
0.202026 0.322683

0.28313 0.585194
0.633932 0.0937874

0.28313 0.585194
0.375189 0.141208

0.28313 0.585194
0.115116 0.265312

0.28313 0.585194
0.69984 0.940685

0.28313 0.585194
0.872165 0.0452755

0.175317 0.377439
0.822322 0.149947

0.175317 0.377439
0.319202 0.923995

0.175317 0.377439
0.0508733 0.805756

0.175317 0.377439
0.219691 0.882645

0.175317 0.377439
0.430672 0.045313

0.175317 0.377439
0.930359 0.491527

0.175317 0.377439
0.8456 0.278185

0.175317 0.377439
0.633932 0.0937874

0.175317 0.377439
0.831128 0.683998

0.175317 0.377439
0.115116 0.265312

0.175317 0.377439
0.635667 0.141795

0.091035 0.357401
0.822322 0.149947

0.091035 0.357401
0.423867 0.783792

0.091035 0.357401
0.388172 0.0520261

0.091035 0.357401
0.319202 0.923995

0.091035 0.357401
0.225587 0.516226

0.091035 0.357401
0.10769 0.606649

0.091035 0.357401
0.842566 0.627347

0.091035 0.357401
0.430672 0.045313

0.091035 0.357401
0.477793 0.524947

0.091035 0.357401
0.930359 0.491527

0.091035 0.357401
0.202026 0.322683

0.091035 0.357401
0.635667 0.141795

0.822322 0.149947
0.388172 0.0520261

0.822322 0.149947
0.10769 0.606649

0.822322 0.149947
0.842566 0.627347

0.822322 0.149947
0.346465 0.550829

0.822322 0.149947
0.930359 0.491527

0.822322 0.149947
0.113175 0.318155

0.822322 0.149947
0.8456 0.278185

0.822322 0.149947
0.179995 0.0193596

0.822322 0.149947
0.321489 0.963254

0.822322 0.149947
0.117987 0.380834

0.822322 0.149947
0.375189 0.141208

0.822322 0.149947
0.115116 0.265312

0.822322 0.149947
0.69984 0.940685

0.822322 0.149947
0.872165 0.0452755

0.423867 0.783792
0.225587 0.516226

0.423867 0.783792
0.10769 0.606649

0.423867 0.783792
0.0508733 0.805756

0.423867 0.783792
0.842566 0.627347

0.423867 0.783792
0.219691 0.882645

0.423867 0.783792
0.477793 0.524947

0.423867 0.783792
0.113175 0.318155

0.423867 0.783792
0.202026 0.322683

0.423867 0.783792
0.633932 0.0937874

0.388172 0.0520261
0.225587 0.516226

0.388172 0.0520261
0.0508733 0.805756

0.388172 0.0520261
0.842566 0.627347

0.388172 0.0520261
0.430672 0.045313

0.388172 0.0520261
0.477793 0.524947

0.388172 0.0520261
0.930359 0.491527

0.388172 0.0520261
0.113175 0.318155

0.388172 0.0520261
0.8456 0.278185

0.388172 0.0520261
0.179995 0.0193596

0.388172 0.0520261
0.321489 0.963254

0.388172 0.0520261
0.633932 0.0937874

0.388172 0.0520261
0.831128 0.683998

0.388172 0.0520261
0.115116 0.265312

0.388172 0.0520261
0.872165 0.0452755

0.319202 0.923995
0.219691 0.882645

0.319202 0.923995
0.430672 0.045313

0.319202 0.923995
0.477793 0.524947

0.319202 0.923995
0.930359 0.491527

0.319202 0.923995
0.113175 0.318155

0.319202 0.923995
0.202026 0.322683

0.319202 0.923995
0.115116 0.265312

0.319202 0.923995
0.69984 0.940685

0.319202 0.923995
0.635667 0.141795

0.319202 0.923995
0.872165 0.0452755

0.225587 0.516226
0.10769 0.606649

0.225587 0.516226
0.0508733 0.805756

0.225587 0.516226
0.219691 0.882645

0.225587 0.516226
0.930359 0.491527

0.225587 0.516226
0.113175 0.318155

0.225587 0.516226
0.179995 0.0193596

0.225587 0.516226
0.321489 0.963254

0.225587 0.516226
0.633932 0.0937874

0.225587 0.516226
0.831128 0.683998

0.225587 0.516226
0.872165 0.0452755

0.10769 0.606649
0.0508733 0.805756

0.10769 0.606649
0.113175 0.318155

0.10769 0.606649
0.321489 0.963254

0.10769 0.606649
0.202026 0.322683

0.10769 0.606649
0.117987 0.380834

0.10769 0.606649
0.375189 0.141208

0.10769 0.606649
0.831128 0.683998

0.10769 0.606649
0.635667 0.141795

0.0508733 0.805756
0.842566 0.627347

0.0508733 0.805756
0.346465 0.550829

0.0508733 0.805756
0.113175 0.318155

0.0508733 0.805756
0.321489 0.963254

0.0508733 0.805756
0.202026 0.322683

0.0508733 0.805756
0.831128 0.683998

0.0508733 0.805756
0.115116 0.265312

0.0508733 0.805756
0.69984 0.940685

0.842566 0.627347
0.346465 0.550829

0.842566 0.627347
0.430672 0.045313

0.842566 0.627347
0.477793 0.524947

0.842566 0.627347
0.930359 0.491527

0.842566 0.627347
0.8456 0.278185

0.842566 0.627347
0.321489 0.963254

0.842566 0.627347
0.375189 0.141208

0.842566 0.627347
0.69984 0.940685

0.219691 0.882645
0.346465 0.550829

0.219691 0.882645
0.430672 0.045313

0.219691 0.882645
0.179995 0.0193596

0.219691 0.882645
0.202026 0.322683

0.219691 0.882645
0.633932 0.0937874

0.219691 0.882645
0.115116 0.265312

0.219691 0.882645
0.635667 0.141795

0.346465 0.550829
0.430672 0.045313

0.346465 0.550829
0.477793 0.524947

0.346465 0.550829
0.930359 0.491527

0.346465 0.550829
0.113175 0.318155

0.346465 0.550829
0.8456 0.278185

0.346465 0.550829
0.179995 0.0193596

0.346465 0.550829
0.831128 0.683998

0.346465 0.550829
0.69984 0.940685

0.430672 0.045313
0.477793 0.524947

0.430672 0.045313
0.113175 0.318155

0.430672 0.045313
0.8456 0.278185

0.430672 0.045313
0.321489 0.963254

0.430672 0.045313
0.831128 0.683998

0.430672 0.045313
0.115116 0.265312

0.430672 0.045313
0.69984 0.940685

0.477793 0.524947
0.113175 0.318155

0.477793 0.524947
0.179995 0.0193596

0.477793 0.524947
0.321489 0.963254

0.477793 0.524947
0.375189 0.141208

0.477793 0.524947
0.831128 0.683998

0.477793 0.524947
0.115116 0.265312

0.477793 0.524947
0.635667 0.141795

0.930359 0.491527
0.8456 0.278185

0.930359 0.491527
0.321489 0.963254

0.930359 0.491527
0.117987 0.380834

0.930359 0.491527
0.831128 0.683998

0.930359 0.491527
0.69984 0.940685

0.113175 0.318155
0.375189 0.141208

0.113175 0.318155
0.69984 0.940685

0.113175 0.318155
0.635667 0.141795

0.113175 0.318155
0.872165 0.0452755

0.8456 0.278185
0.179995 0.0193596

0.8456 0.278185
0.69984 0.940685

0.8456 0.278185
0.872165 0.0452755

0.179995 0.0193596
0.321489 0.963254

0.179995 0.0193596
0.202026 0.322683

0.179995 0.0193596
0.633932 0.0937874

0.179995 0.0193596
0.831128 0.683998

0.179995 0.0193596
0.635667 0.141795

0.321489 0.963254
0.117987 0.380834

0.321489 0.963254
0.633932 0.0937874

0.321489 0.963254
0.375189 0.141208

0.321489 0.963254
0.831128 0.683998

0.321489 0.963254
0.115116 0.265312

0.321489 0.963254
0.69984 0.940685

0.321489 0.963254
0.872165 0.0452755

0.202026 0.322683
0.633932 0.0937874

0.202026 0.322683
0.375189 0.141208

0.202026 0.322683
0.115116 0.265312

0.202026 0.322683
0.635667 0.141795

0.117987 0.380834
0.633932 0.0937874

0.117987 0.380834
0.831128 0.683998

0.117987 0.380834
0.69984 0.940685

0.633932 0.0937874
0.375189 0.141208

0.375189 0.141208
0.831128 0.683998

0.375189 0.141208
0.635667 0.141795

0.831128 0.683998
0.115116 0.265312

0.831128 0.683998
0.69984 0.940685

0.831128 0.683998
0.872165 0.0452755

0.115116 0.265312
0.635667 0.141795

0.69984 0.940685
0.635667 0.141795

0.69984 0.940685
0.872165 0.0452755

