0.685931 0.435712
0.757232 0.597879

0.685931 0.435712
0.55499 0.313889

0.847524 0.908817
0.757232 0.597879

0.847524 0.908817
0.59035 0.70519

0.864992 0.0267272
0.923978 0.425889

0.864992 0.0267272
0.990882 0.192013

0.0101414 0.641174
0.0521229 0.800096

0.0101414 0.641174
0.215057 0.769652

0.40057 0.175761
0.620763 0.0126234

0.40057 0.175761
0.682016 0.224439

0.169004 0.979324
0.204741 0.692932

0.169004 0.979324
0.344834 0.946444

0.0907526 0.326689
0.101952 0.379247

0.0907526 0.326689
0.215788 0.219038

0.041388 0.193951
0.0444401 0.373283

0.041388 0.193951
0.256633 0.09034

0.923978 0.425889
0.990882 0.192013

0.740563 0.46429
0.774451 0.457857

0.740563 0.46429
0.55499 0.313889

0.620763 0.0126234
0.773682 0.036506

0.45648 0.708332
0.0537238 0.73943

0.45648 0.708332
0.106609 0.892579

0.0813857 0.605048
0.15996 0.585927

0.0813857 0.605048
0.299066 0.643789

0.843142 0.730085
0.965274 0.811472

0.843142 0.730085
0.836361 0.827029

0.609239 0.323601
0.639691 0.473099

0.609239 0.323601
0.691385 0.314297

0.15996 0.585927
0.0537238 0.73943

0.279077 0.955201
0.299066 0.643789

0.279077 0.955201
0.0521229 0.800096

0.639691 0.473099
0.601125 0.339418

0.312361 0.0474286
0.161695 0.130144

0.312361 0.0474286
0.472159 0.215906

0.0444401 0.373283
0.101952 0.379247

0.691385 0.314297
0.601125 0.339418

0.35275 0.882567
0.204741 0.692932

0.35275 0.882567
0.106609 0.892579

0.256633 0.09034
0.600824 0.0917819

0.773682 0.036506
0.682016 0.224439

0.59035 0.70519
0.765399 0.73534

0.774451 0.457857
0.876431 0.690384

0.765399 0.73534
0.836361 0.827029

0.161695 0.130144
0.0853443 0.0293513

0.965274 0.811472
0.876431 0.690384

0.339517 0.284411
0.124072 0.44055

0.339517 0.284411
0.600824 0.0917819

0.124072 0.44055
0.215788 0.219038

0.472159 0.215906
0.0853443 0.0293513

0.344834 0.946444
0.215057 0.769652

