0.0481661 0.18474
0.134132 0.29088

0.0481661 0.18474
0.0375611 0.154253

0.503726 0.0844942
0.482289 0.0244412

0.503726 0.0844942
0.587052 0.0538059

0.323211 0.744069
0.346519 0.811573

0.323211 0.744069
0.33148 0.718399

0.860216 0.512139
0.926207 0.546053

0.860216 0.512139
0.868257 0.638683

0.373801 0.544721
0.402425 0.52427

0.373801 0.544721
0.357919 0.561451

0.878586 0.936266
0.942082 0.881347

0.878586 0.936266
0.847222 0.914095

0.443939 0.352293
0.44557 0.406618

0.443939 0.352293
0.479429 0.416768

0.739827 0.124527
0.713367 0.0628052

0.739827 0.124527
0.807623 0.00086903

0.970582 0.958242
0.983878 0.880449

0.970582 0.958242
0.870067 0.967563

0.234055 0.858335
0.286051 0.872669

0.234055 0.858335
0.173457 0.936872

0.915736 0.664001
0.908131 0.649278

0.915736 0.664001
0.868257 0.638683

0.403723 0.369827
0.363832 0.349465

0.403723 0.369827
0.389046 0.380858

0.511844 0.460951
0.515921 0.477344

0.511844 0.460951
0.471646 0.49478

0.298938 0.0289607
0.325945 0.0845916

0.298938 0.0289607
0.241181 0.0209797

0.694607 0.911335
0.725001 0.925075

0.694607 0.911335
0.707484 0.886201

0.917428 0.736012
0.898589 0.764383

0.917428 0.736012
0.908553 0.75321

0.286051 0.872669
0.245043 0.806364

0.0861108 0.11144
0.00265104 0.120862

0.0861108 0.11144
0.0905816 0.132756

0.644765 0.465397
0.607181 0.550685

0.644765 0.465397
0.626582 0.370977

0.896626 0.142057
0.878349 0.123966

0.896626 0.142057
0.944604 0.183036

0.44557 0.406618
0.447992 0.447632

0.475994 0.714316
0.479442 0.753239

0.475994 0.714316
0.496472 0.675713

0.55677 0.208057
0.411152 0.199155

0.55677 0.208057
0.400185 0.177396

0.195962 0.474255
0.105784 0.397272

0.195962 0.474255
0.243689 0.559833

0.346519 0.811573
0.296047 0.79471

0.764234 0.165977
0.798731 0.0791374

0.764234 0.165977
0.731034 0.153129

0.550019 0.800749
0.578373 0.84387

0.550019 0.800749
0.541424 0.754788

0.476909 0.462865
0.447992 0.447632

0.476909 0.462865
0.471646 0.49478

0.668423 0.0407444
0.713367 0.0628052

0.668423 0.0407444
0.648905 0.0898399

0.124891 0.46775
0.0254587 0.53036

0.124891 0.46775
0.0399564 0.479313

0.344719 0.603782
0.32894 0.547388

0.344719 0.603782
0.3965 0.570911

0.152249 0.0321719
0.124543 0.0904984

0.152249 0.0321719
0.241181 0.0209797

0.745829 0.94785
0.753467 0.901983

0.745829 0.94785
0.725001 0.925075

0.363832 0.349465
0.316169 0.377212

0.613752 0.971187
0.57466 0.948411

0.613752 0.971187
0.575729 0.877173

0.096994 0.679931
0.0671319 0.753681

0.096994 0.679931
0.0802088 0.662356

0.607181 0.550685
0.704331 0.520689

0.124543 0.0904984
0.153682 0.0790767

0.942082 0.881347
0.965375 0.85524

0.926207 0.546053
0.93557 0.553686

0.365949 0.46944
0.388241 0.428376

0.365949 0.46944
0.40255 0.465613

0.173457 0.936872
0.220688 0.963198

0.798731 0.0791374
0.807623 0.00086903

0.102779 0.777487
0.0832409 0.842766

0.102779 0.777487
0.00427618 0.832618

0.00871166 0.884489
0.0497882 0.891513

0.00871166 0.884489
0.00427618 0.832618

0.32894 0.547388
0.304126 0.540787

0.758794 0.661306
0.815236 0.71927

0.758794 0.661306
0.819859 0.729872

0.3965 0.570911
0.402425 0.52427

0.347204 0.728401
0.33148 0.718399

0.347204 0.728401
0.412642 0.703367

0.57466 0.948411
0.575729 0.877173

0.998185 0.115377
0.966181 0.238737

0.998185 0.115377
0.995045 0.174202

0.320444 0.533146
0.352611 0.52913

0.320444 0.533146
0.304126 0.540787

0.860857 0.47645
0.863144 0.429964

0.860857 0.47645
0.826799 0.474961

0.940044 0.342059
0.885542 0.330661

0.940044 0.342059
0.951446 0.523269

0.352611 0.52913
0.357919 0.561451

0.161025 0.366309
0.13018 0.413854

0.161025 0.366309
0.134132 0.29088

0.245043 0.806364
0.296047 0.79471

0.325412 0.929322
0.346305 0.9132

0.325412 0.929322
0.351844 0.852747

0.0671319 0.753681
0.0798093 0.834043

0.479442 0.753239
0.482093 0.752812

0.778746 0.264226
0.827231 0.30146

0.778746 0.264226
0.765234 0.296342

0.614805 0.381204
0.629678 0.332407

0.614805 0.381204
0.673453 0.378205

0.479429 0.416768
0.485269 0.471922

0.0497882 0.891513
0.0909935 0.992766

0.731034 0.153129
0.681358 0.2217

0.764515 0.772707
0.730576 0.735072

0.764515 0.772707
0.819859 0.729872

0.0909935 0.992766
0.220688 0.963198

0.908131 0.649278
0.874794 0.678559

0.778956 0.396473
0.721112 0.345143

0.778956 0.396473
0.757284 0.478651

0.513989 0.564525
0.47702 0.562163

0.513989 0.564525
0.585281 0.570656

0.945564 0.792847
0.978969 0.800505

0.945564 0.792847
0.898589 0.764383

0.827231 0.30146
0.85435 0.351198

0.515921 0.477344
0.521967 0.465443

0.389046 0.380858
0.29353 0.323206

0.0610157 0.85269
0.0776993 0.855541

0.0610157 0.85269
0.0798093 0.834043

0.13018 0.413854
0.105784 0.397272

0.847222 0.914095
0.870067 0.967563

0.346305 0.9132
0.351844 0.852747

0.482289 0.0244412
0.411165 0.00807485

0.930318 0.696174
0.93401 0.717644

0.930318 0.696174
0.996382 0.688183

0.042385 0.0612349
0.00265104 0.120862

0.042385 0.0612349
0.0375611 0.154253

0.878349 0.123966
0.846162 0.131157

0.485269 0.471922
0.521967 0.465443

0.841157 0.69033
0.815236 0.71927

0.841157 0.69033
0.874794 0.678559

0.701727 0.309067
0.765234 0.296342

0.701727 0.309067
0.721112 0.345143

0.978969 0.800505
0.908553 0.75321

0.153682 0.0790767
0.0905816 0.132756

0.47702 0.562163
0.501478 0.604488

0.85435 0.351198
0.905259 0.381817

0.657081 0.0999805
0.587052 0.0538059

0.657081 0.0999805
0.648905 0.0898399

0.325945 0.0845916
0.3381 0.214318

0.760247 0.503291
0.723269 0.555602

0.760247 0.503291
0.757284 0.478651

0.865675 0.342832
0.941019 0.396341

0.865675 0.342832
0.885542 0.330661

0.316169 0.377212
0.29353 0.323206

0.431387 0.440685
0.388241 0.428376

0.431387 0.440685
0.40255 0.465613

0.629678 0.332407
0.615675 0.26138

0.585281 0.570656
0.501478 0.604488

0.965375 0.85524
0.983878 0.880449

0.966181 0.238737
0.995045 0.174202

0.704331 0.520689
0.723269 0.555602

0.413587 0.903362
0.440068 0.97181

0.413587 0.903362
0.46715 0.849112

0.663192 0.256791
0.651704 0.268946

0.663192 0.256791
0.650115 0.228372

0.0776993 0.855541
0.0832409 0.842766

0.863144 0.429964
0.826799 0.474961

0.648027 0.215147
0.651704 0.268946

0.648027 0.215147
0.681358 0.2217

0.915256 0.184745
0.867637 0.207719

0.915256 0.184745
0.944604 0.183036

0.941019 0.396341
0.905259 0.381817

0.0187321 0.399617
0.0399564 0.479313

0.0187321 0.399617
0.075142 0.472088

0.578373 0.84387
0.672858 0.803007

0.482093 0.752812
0.541424 0.754788

0.867637 0.207719
0.878458 0.240259

0.178698 0.589135
0.165466 0.697323

0.178698 0.589135
0.121827 0.626724

0.243879 0.697115
0.165466 0.697323

0.243879 0.697115
0.1744 0.593533

0.672858 0.803007
0.709035 0.788363

0.512369 0.374174
0.49656 0.310955

0.512369 0.374174
0.557068 0.35488

0.243689 0.559833
0.1744 0.593533

0.93557 0.553686
0.951446 0.523269

0.673453 0.378205
0.626582 0.370977

0.93401 0.717644
0.996382 0.688183

0.371873 0.062636
0.3381 0.214318

0.371873 0.062636
0.411165 0.00807485

0.714984 0.841926
0.753467 0.901983

0.714984 0.841926
0.707484 0.886201

0.650115 0.228372
0.615675 0.26138

0.411152 0.199155
0.400185 0.177396

0.440068 0.97181
0.46715 0.849112

0.412642 0.703367
0.496472 0.675713

0.730576 0.735072
0.709035 0.788363

0.0254587 0.53036
0.075142 0.472088

0.0802088 0.662356
0.121827 0.626724

0.49656 0.310955
0.557068 0.35488

0.816394 0.202222
0.878458 0.240259

0.816394 0.202222
0.846162 0.131157

