0.281966 0.450166 0.755814
0.026593 0.441494 0.883721
0.632908 0.808031 0.476744
0.764297 0.842672 0.395349
0.232906 0.828443 0.697674
0.421929 0.474898 0.686047
0.631907 0.0804578 0.802326
0.0400285 0.0934037 1
0.406925 0.401519 0.72093
0.492203 0.493833 0.645349
0.757172 0.911757 0.389535
0.917065 0.856861 0.325581
0.987664 0.962958 0.25
0.66282 0.0372963 0.819767
0.215554 0.978695 0.697674
0.875183 0.370221 0.598837
0.78184 0.245535 0.686047
0.82137 0.504483 0.534884
0.00541017 0.249089 0.953488
0.696321 0.813064 0.44186
0.64712 0.859182 0.459302
0.880311 0.935731 0.313953
0.0699436 0.344752 0.895349
0.346422 0.497495 0.709302
0.381277 0.145314 0.843023
0.630568 0.468225 0.604651
0.449417 0.388178 0.709302
0.498137 0.269438 0.744186
0.227103 0.415399 0.796512
0.186019 0.745542 0.732558
0.38749 0.646897 0.645349
0.431763 0.535577 0.656977
0.907242 0.0641729 0.773256
0.83105 0.126146 0.744186
0.947764 0.636154 0.44186
0.871171 0.302467 0.639535
0.267141 0.742126 0.686047
0.666868 0.336294 0.656977
0.20319 0.68586 0.732558
0.758109 0.367678 0.622093
0.949937 0.717068 0.395349
0.195684 0.00479571 0.97093
0.904814 0.797203 0.360465
0.432174 0.617442 0.627907
0.945156 0.599747 0.465116
0.0467961 0.205988 0.953488
0.28027 0.943741 0.662791
0.537186 0.624013 0.575581
0.861916 0.209554 0.69186
0.148998 0.737503 0.755814
