0.864635 0.427666 0.1
0.862798 0.463729 0.1
0.875255 0.470565 0.1
0.851508 0.448443 0.1
0.964025 0.256618 0.1
0.786875 0.193897 0.1
0.66466 0.298535 0.1
0.568006 0.112728 0.1
0.548474 0.120239 0.1
0.438577 0.467288 0.1
0.309715 0.343138 0.1
0.222082 0.335631 0.1
0.179468 0.326774 0.1
0.0995131 0.345035 0.1
0.185654 0.362371 0.1
0.283017 0.455494 0.1
0.193733 0.433716 0.1
0.226666 0.381928 0.1
0.200348 0.206206 0.1
0.25586 0.240028 0.1
0.249591 0.199271 0.1
0.0904313 0.169581 0.1
0.0864198 0.183002 0.1
0.0904313 0.169581 0.1
0.0864198 0.183002 0.1
0.0803178 0.0448686 0.1
0.0914808 0.144736 0.1
0.089633 0.0543101 0.1
0.251064 0.00603773 0.1
0.200404 0.040655 0.1
0.243637 0.123951 0.1
0.278327 0.182748 0.1
0.25586 0.240028 0.1
0.227646 0.298081 0.1
0.194291 0.495907 0.1
0.126302 0.480281 0.1
0.193733 0.433716 0.1
0.0269532 0.5247 0.1
0.212103 0.59131 0.1
0.195994 0.63659 0.1
0.161925 0.677138 0.1
0.151577 0.747014 0.1
0.201204 0.835769 0.1
0.335986 0.896072 0.1
0.414583 0.986262 0.1
0.383181 0.838419 0.1
0.432502 0.865341 0.1
0.297113 0.899291 0.1
0.322687 0.900244 0.1
0.297113 0.899291 0.1
0.322687 0.900244 0.1
0.225485 0.86473 0.1
0.037493 0.915074 0.1
0.0427237 0.924929 0.1
0.037493 0.915074 0.1
0.0883347 0.921728 0.1
0.17905 0.867564 0.1
0.0429577 0.747374 0.1
0.0568839 0.778401 0.1
0.0205894 0.767958 0.1
0.0568839 0.778401 0.1
0.0429577 0.747374 0.1
0.134348 0.712087 0.1
0.186331 0.625101 0.1
0.339988 0.634631 0.1
0.340087 0.599403 0.1
0.309715 0.343138 0.1
0.318056 0.267432 0.1
0.367975 0.276436 0.1
0.424953 0.16863 0.1
0.545611 0.0658911 0.1
0.62995 0.118158 0.1
0.573026 0.123616 0.1
0.520086 0.12251 0.1
0.546151 0.099895 0.1
0.5068 0.107557 0.1
0.546151 0.099895 0.1
0.384024 0.0588128 0.1
0.332513 0.0441461 0.1
0.303404 0.0208636 0.1
0.496867 0.131167 0.1
0.565776 0.0990387 0.1
0.72806 0.0817229 0.1
0.686642 0.049953 0.1
0.824061 0.0624408 0.1
0.863073 0.119162 0.1
0.786875 0.193897 0.1
0.734898 0.193389 0.1
0.624138 0.282254 0.1
0.638866 0.433014 0.1
0.640217 0.428183 0.1
0.413605 0.396285 0.1
0.439139 0.471942 0.1
0.592455 0.473518 0.1
0.59796 0.476907 0.1
0.574808 0.58771 0.1
0.588441 0.629264 0.1
0.59691 0.639025 0.1
0.439537 0.668364 0.1
0.530533 0.904303 0.1
0.676218 0.930195 0.1
0.68204 0.936643 0.1
0.817291 0.950715 0.1
0.906259 0.997715 0.1
0.817291 0.950715 0.1
0.834906 0.924176 0.1
0.856271 0.79088 0.1
0.964416 0.804917 0.1
0.856271 0.79088 0.1
0.834906 0.924176 0.1
0.765187 0.866472 0.1
0.603819 0.848782 0.1
0.648221 0.846973 0.1
0.603819 0.848782 0.1
0.58345 0.79411 0.1
0.603819 0.848782 0.1
0.618839 0.841962 0.1
0.556762 0.823346 0.1
0.524734 0.71035 0.1
0.549149 0.667326 0.1
0.588441 0.629264 0.1
0.62806 0.622688 0.1
0.734787 0.658092 0.1
0.730268 0.622839 0.1
0.734787 0.658092 0.1
0.63721 0.650647 0.1
0.726544 0.599213 0.1
0.763789 0.540831 0.1
0.794881 0.518352 0.1
0.896113 0.527603 0.1
0.970972 0.572 0.1
0.849516 0.509187 0.1
