0.169011 0.286472 0.71875
0.102489 0.419484 0.742188
0.389809 0.49281 0.414062
0.364245 0.214842 0.578125
0.237753 0.837416 0.8125
0.734655 0.894471 0.8125
0.938388 0.796622 0.882812
0.204043 0.891209 0.882812
0.844721 0.485199 0.625
0.696967 0.623855 0.53125
0.965525 0.528566 0.765625
0.804771 0.944489 0.90625
0.201608 0.938179 0.929688
0.89457 0.188774 0.789062
0.18615 0.694524 0.742188
0.0355823 0.46951 0.8125
0.504257 0.784586 0.648438
0.836786 0.421125 0.625
0.301866 0.750663 0.671875
0.144852 0.456016 0.695312
0.225474 0.240222 0.671875
0.356009 0.75706 0.648438
0.523603 0.454861 0.25
0.696801 0.151347 0.648438
0.791662 0.480775 0.554688
0.988056 0.850052 0.953125
0.964703 0.257749 0.8125
0.444502 0.556472 0.390625
0.20128 0.0973864 0.8125
0.467737 0.241302 0.507812
0.764652 0.816005 0.765625
0.341285 0.769584 0.671875
0.837661 0.271664 0.671875
0.0419297 0.163313 0.90625
0.539789 0.835721 0.695312
0.258891 0.0196476 0.835938
0.699705 0.139087 0.671875
0.364855 0.669773 0.554688
0.889995 0.0688019 0.882812
0.375069 0.555229 0.460938
0.656237 0.65656 0.53125
0.987463 0.127631 0.90625
0.145118 0.0785101 0.882812
0.802942 0.619257 0.625
0.458751 0.239021 0.507812
0.895525 0.963914 1
0.188067 0.240947 0.71875
0.884862 0.0565374 0.882812
0.115865 0.754015 0.835938
0.167942 0.648295 0.71875
0.949771 0.445428 0.742188
0.861786 0.0281881 0.882812
0.937906 0.0155063 0.953125
0.581147 0.918584 0.789062
0.796053 0.774734 0.742188
0.665957 0.330336 0.460938
0.722077 0.245033 0.578125
0.59533 0.414917 0.34375
0.910825 0.884595 0.929688
0.0850978 0.821649 0.929688
0.755729 0.939463 0.882812
0.610658 0.713247 0.578125
0.285918 0.754038 0.695312
0.211979 0.501385 0.625
0.487946 0.404007 0.320312
0.538457 0.194587 0.554688
0.513725 0.215476 0.53125
0.703965 0.693755 0.601562
0.207696 0.811516 0.8125
0.304434 0.336886 0.53125
0.266619 0.971847 0.929688
0.378901 0.194887 0.601562
0.0321587 0.239135 0.882812
0.582788 0.343036 0.390625
0.299777 0.860268 0.789062
0.540186 0.195819 0.554688
0.0877415 0.604461 0.789062
0.581101 0.420421 0.320312
0.140081 0.520115 0.695312
0.500111 0.954149 0.835938
0.271591 0.687699 0.648438
0.310936 0.0258008 0.8125
0.248339 0.522349 0.578125
0.897702 0.610916 0.71875
0.0916926 0.829064 0.929688
0.374313 0.151704 0.648438
0.945292 0.579396 0.765625
0.650003 0.96129 0.859375
0.194824 0.537337 0.648438
0.169798 0.340197 0.695312
0.286773 0.425731 0.53125
0.800907 0.365227 0.601562
0.623428 0.453624 0.367188
0.937743 0.69795 0.8125
0.584838 0.859762 0.71875
0.353519 0.896384 0.8125
0.791598 0.215187 0.671875
0.435674 0.985702 0.882812
0.253633 0.283007 0.625
0.210238 0.0814414 0.8125
