0.448732 0.0923443 0.723684
0.308049 0.459645 0.605263
0.29947 0.278308 0.684211
0.0726408 0.638698 0.842105
0.00300979 0.341445 0.921053
0.125983 0.363464 0.802632
0.871985 0.868507 0.644737
0.759566 0.565533 0.368421
0.877913 0.549184 0.447368
0.708441 0.902698 0.644737
0.371367 0.681498 0.605263
0.214096 0.0755599 0.881579
0.665018 0.509304 0.25
0.0880084 0.997888 1
0.599041 0.912177 0.644737
0.0644332 0.547153 0.842105
0.535816 0.00600263 0.763158
0.66921 0.566487 0.289474
0.442277 0.916716 0.723684
0.785762 0.558281 0.368421
