0.37548 0.889118
0.238381 0.502622

0.37548 0.889118
0.181579 0.271912

0.37548 0.889118
0.989903 0.970145

0.37548 0.889118
0.111134 0.258794

0.37548 0.889118
0.804784 0.175826

0.37548 0.889118
0.748583 0.367653

0.37548 0.889118
0.93601 0.607317

0.37548 0.889118
0.538945 0.931997

0.37548 0.889118
0.191011 0.33583

0.37548 0.889118
0.875069 0.190851

0.37548 0.889118
0.527045 0.750045

0.37548 0.889118
0.854113 0.281008

0.238381 0.502622
0.0768829 0.516312

0.238381 0.502622
0.181579 0.271912

0.238381 0.502622
0.894832 0.780244

0.238381 0.502622
0.111134 0.258794

0.238381 0.502622
0.804784 0.175826

0.238381 0.502622
0.0402442 0.56624

0.238381 0.502622
0.439789 0.535931

0.238381 0.502622
0.445055 0.419485

0.238381 0.502622
0.222847 0.712643

0.238381 0.502622
0.971159 0.112543

0.238381 0.502622
0.2193 0.697436

0.238381 0.502622
0.527045 0.750045

0.238381 0.502622
0.400716 0.300089

0.238381 0.502622
0.655149 0.33539

0.238381 0.502622
0.777611 0.124735

0.0768829 0.516312
0.804784 0.175826

0.0768829 0.516312
0.0402442 0.56624

0.0768829 0.516312
0.329239 0.736279

0.0768829 0.516312
0.261525 0.228228

0.0768829 0.516312
0.445055 0.419485

0.0768829 0.516312
0.76317 0.388658

0.0768829 0.516312
0.116274 0.149871

0.0768829 0.516312
0.222847 0.712643

0.0768829 0.516312
0.93601 0.607317

0.0768829 0.516312
0.671148 0.324961

0.0768829 0.516312
0.875069 0.190851

0.0768829 0.516312
0.490616 0.916483

0.0768829 0.516312
0.527045 0.750045

0.0768829 0.516312
0.155802 0.200035

0.0768829 0.516312
0.655149 0.33539

0.181579 0.271912
0.0979935 0.746203

0.181579 0.271912
0.804784 0.175826

0.181579 0.271912
0.329239 0.736279

0.181579 0.271912
0.445055 0.419485

0.181579 0.271912
0.993892 0.381144

0.181579 0.271912
0.222847 0.712643

0.181579 0.271912
0.93601 0.607317

0.181579 0.271912
0.643013 0.927231

0.181579 0.271912
0.792156 0.054302

0.181579 0.271912
0.191011 0.33583

0.181579 0.271912
0.359725 0.0744402

0.181579 0.271912
0.0119697 0.0612837

0.181579 0.271912
0.490616 0.916483

0.181579 0.271912
0.527045 0.750045

0.181579 0.271912
0.652209 0.21453

0.894832 0.780244
0.0979935 0.746203

0.894832 0.780244
0.732634 0.307074

0.894832 0.780244
0.261525 0.228228

0.894832 0.780244
0.445055 0.419485

0.894832 0.780244
0.343813 0.868124

0.894832 0.780244
0.76317 0.388658

0.894832 0.780244
0.993892 0.381144

0.894832 0.780244
0.222847 0.712643

0.894832 0.780244
0.971159 0.112543

0.894832 0.780244
0.93601 0.607317

0.894832 0.780244
0.538945 0.931997

0.894832 0.780244
0.684375 0.630106

0.894832 0.780244
0.0592565 0.671792

0.894832 0.780244
0.400716 0.300089

0.894832 0.780244
0.854113 0.281008

0.894832 0.780244
0.655149 0.33539

0.894832 0.780244
0.652209 0.21453

0.989903 0.970145
0.0979935 0.746203

0.989903 0.970145
0.804784 0.175826

0.989903 0.970145
0.0402442 0.56624

0.989903 0.970145
0.732634 0.307074

0.989903 0.970145
0.329239 0.736279

0.989903 0.970145
0.439789 0.535931

0.989903 0.970145
0.445055 0.419485

0.989903 0.970145
0.116274 0.149871

0.989903 0.970145
0.993892 0.381144

0.989903 0.970145
0.881626 0.296338

0.989903 0.970145
0.538945 0.931997

0.989903 0.970145
0.684375 0.630106

0.989903 0.970145
0.480045 0.935817

0.989903 0.970145
0.0119697 0.0612837

0.989903 0.970145
0.527045 0.750045

0.989903 0.970145
0.400716 0.300089

0.989903 0.970145
0.652209 0.21453

0.989903 0.970145
0.139841 0.0813822

0.0979935 0.746203
0.111134 0.258794

0.0979935 0.746203
0.0402442 0.56624

0.0979935 0.746203
0.881626 0.296338

0.0979935 0.746203
0.643013 0.927231

0.0979935 0.746203
0.2193 0.697436

0.0979935 0.746203
0.538945 0.931997

0.0979935 0.746203
0.792156 0.054302

0.0979935 0.746203
0.0592565 0.671792

0.0979935 0.746203
0.854113 0.281008

0.111134 0.258794
0.748583 0.367653

0.111134 0.258794
0.445055 0.419485

0.111134 0.258794
0.993892 0.381144

0.111134 0.258794
0.881626 0.296338

0.111134 0.258794
0.359725 0.0744402

0.111134 0.258794
0.777611 0.124735

0.111134 0.258794
0.105211 0.193511

0.111134 0.258794
0.33305 0.518327

0.804784 0.175826
0.971575 0.558985

0.804784 0.175826
0.732634 0.307074

0.804784 0.175826
0.329239 0.736279

0.804784 0.175826
0.27166 0.0286563

0.804784 0.175826
0.748583 0.367653

0.804784 0.175826
0.993892 0.381144

0.804784 0.175826
0.643013 0.927231

0.804784 0.175826
0.671148 0.324961

0.804784 0.175826
0.875069 0.190851

0.804784 0.175826
0.400716 0.300089

0.804784 0.175826
0.854113 0.281008

0.971575 0.558985
0.329239 0.736279

0.971575 0.558985
0.261525 0.228228

0.971575 0.558985
0.748583 0.367653

0.971575 0.558985
0.445055 0.419485

0.971575 0.558985
0.881626 0.296338

0.971575 0.558985
0.191011 0.33583

0.971575 0.558985
0.684375 0.630106

0.971575 0.558985
0.155802 0.200035

0.971575 0.558985
0.400716 0.300089

0.971575 0.558985
0.854113 0.281008

0.971575 0.558985
0.105211 0.193511

0.0402442 0.56624
0.732634 0.307074

0.0402442 0.56624
0.329239 0.736279

0.0402442 0.56624
0.27166 0.0286563

0.0402442 0.56624
0.748583 0.367653

0.0402442 0.56624
0.445055 0.419485

0.0402442 0.56624
0.993892 0.381144

0.0402442 0.56624
0.93601 0.607317

0.0402442 0.56624
0.684375 0.630106

0.0402442 0.56624
0.0119697 0.0612837

0.0402442 0.56624
0.0592565 0.671792

0.0402442 0.56624
0.400716 0.300089

0.732634 0.307074
0.27166 0.0286563

0.732634 0.307074
0.439789 0.535931

0.732634 0.307074
0.343813 0.868124

0.732634 0.307074
0.993892 0.381144

0.732634 0.307074
0.881626 0.296338

0.732634 0.307074
0.792156 0.054302

0.732634 0.307074
0.0119697 0.0612837

0.732634 0.307074
0.490616 0.916483

0.732634 0.307074
0.854113 0.281008

0.732634 0.307074
0.105211 0.193511

0.639673 0.933737
0.329239 0.736279

0.639673 0.933737
0.439789 0.535931

0.639673 0.933737
0.343813 0.868124

0.639673 0.933737
0.222847 0.712643

0.639673 0.933737
0.93601 0.607317

0.639673 0.933737
0.643013 0.927231

0.639673 0.933737
0.671148 0.324961

0.639673 0.933737
0.875069 0.190851

0.639673 0.933737
0.490616 0.916483

0.639673 0.933737
0.527045 0.750045

0.639673 0.933737
0.777611 0.124735

0.639673 0.933737
0.139841 0.0813822

0.329239 0.736279
0.445055 0.419485

0.329239 0.736279
0.76317 0.388658

0.329239 0.736279
0.971159 0.112543

0.329239 0.736279
0.191011 0.33583

0.329239 0.736279
0.0119697 0.0612837

0.329239 0.736279
0.0592565 0.671792

0.261525 0.228228
0.343813 0.868124

0.261525 0.228228
0.971159 0.112543

0.261525 0.228228
0.93601 0.607317

0.261525 0.228228
0.671148 0.324961

0.261525 0.228228
0.792156 0.054302

0.261525 0.228228
0.155802 0.200035

0.261525 0.228228
0.400716 0.300089

0.261525 0.228228
0.139841 0.0813822

0.27166 0.0286563
0.748583 0.367653

0.27166 0.0286563
0.439789 0.535931

0.27166 0.0286563
0.76317 0.388658

0.27166 0.0286563
0.116274 0.149871

0.27166 0.0286563
0.881626 0.296338

0.27166 0.0286563
0.2193 0.697436

0.27166 0.0286563
0.538945 0.931997

0.27166 0.0286563
0.684375 0.630106

0.27166 0.0286563
0.777611 0.124735

0.27166 0.0286563
0.105211 0.193511

0.27166 0.0286563
0.652209 0.21453

0.748583 0.367653
0.343813 0.868124

0.748583 0.367653
0.76317 0.388658

0.748583 0.367653
0.881626 0.296338

0.748583 0.367653
0.971159 0.112543

0.748583 0.367653
0.93601 0.607317

0.748583 0.367653
0.792156 0.054302

0.748583 0.367653
0.191011 0.33583

0.748583 0.367653
0.155802 0.200035

0.748583 0.367653
0.400716 0.300089

0.748583 0.367653
0.655149 0.33539

0.748583 0.367653
0.777611 0.124735

0.748583 0.367653
0.105211 0.193511

0.439789 0.535931
0.881626 0.296338

0.439789 0.535931
0.971159 0.112543

0.439789 0.535931
0.191011 0.33583

0.439789 0.535931
0.875069 0.190851

0.439789 0.535931
0.0592565 0.671792

0.439789 0.535931
0.400716 0.300089

0.439789 0.535931
0.854113 0.281008

0.439789 0.535931
0.33305 0.518327

0.445055 0.419485
0.993892 0.381144

0.445055 0.419485
0.191011 0.33583

0.445055 0.419485
0.359725 0.0744402

0.445055 0.419485
0.875069 0.190851

0.445055 0.419485
0.490616 0.916483

0.445055 0.419485
0.0592565 0.671792

0.445055 0.419485
0.155802 0.200035

0.445055 0.419485
0.105211 0.193511

0.343813 0.868124
0.116274 0.149871

0.343813 0.868124
0.643013 0.927231

0.343813 0.868124
0.792156 0.054302

0.343813 0.868124
0.527045 0.750045

0.343813 0.868124
0.155802 0.200035

0.343813 0.868124
0.652209 0.21453

0.343813 0.868124
0.139841 0.0813822

0.76317 0.388658
0.971159 0.112543

0.76317 0.388658
0.93601 0.607317

0.76317 0.388658
0.2193 0.697436

0.76317 0.388658
0.0592565 0.671792

0.76317 0.388658
0.854113 0.281008

0.76317 0.388658
0.655149 0.33539

0.76317 0.388658
0.652209 0.21453

0.76317 0.388658
0.139841 0.0813822

0.116274 0.149871
0.2193 0.697436

0.116274 0.149871
0.671148 0.324961

0.116274 0.149871
0.792156 0.054302

0.116274 0.149871
0.684375 0.630106

0.116274 0.149871
0.0592565 0.671792

0.116274 0.149871
0.777611 0.124735

0.116274 0.149871
0.652209 0.21453

0.116274 0.149871
0.33305 0.518327

0.116274 0.149871
0.139841 0.0813822

0.993892 0.381144
0.222847 0.712643

0.993892 0.381144
0.881626 0.296338

0.993892 0.381144
0.671148 0.324961

0.993892 0.381144
0.875069 0.190851

0.993892 0.381144
0.777611 0.124735

0.993892 0.381144
0.33305 0.518327

0.993892 0.381144
0.139841 0.0813822

0.222847 0.712643
0.2193 0.697436

0.222847 0.712643
0.671148 0.324961

0.222847 0.712643
0.359725 0.0744402

0.222847 0.712643
0.0119697 0.0612837

0.222847 0.712643
0.652209 0.21453

0.222847 0.712643
0.33305 0.518327

0.222847 0.712643
0.139841 0.0813822

0.881626 0.296338
0.2193 0.697436

0.881626 0.296338
0.671148 0.324961

0.881626 0.296338
0.191011 0.33583

0.881626 0.296338
0.854113 0.281008

0.881626 0.296338
0.105211 0.193511

0.881626 0.296338
0.652209 0.21453

0.881626 0.296338
0.139841 0.0813822

0.971159 0.112543
0.93601 0.607317

0.971159 0.112543
0.2193 0.697436

0.971159 0.112543
0.671148 0.324961

0.971159 0.112543
0.792156 0.054302

0.971159 0.112543
0.191011 0.33583

0.971159 0.112543
0.875069 0.190851

0.971159 0.112543
0.0592565 0.671792

0.971159 0.112543
0.155802 0.200035

0.971159 0.112543
0.139841 0.0813822

0.93601 0.607317
0.643013 0.927231

0.93601 0.607317
0.671148 0.324961

0.93601 0.607317
0.792156 0.054302

0.93601 0.607317
0.0592565 0.671792

0.93601 0.607317
0.155802 0.200035

0.93601 0.607317
0.400716 0.300089

0.93601 0.607317
0.33305 0.518327

0.93601 0.607317
0.139841 0.0813822

0.643013 0.927231
0.671148 0.324961

0.643013 0.927231
0.538945 0.931997

0.643013 0.927231
0.875069 0.190851

0.643013 0.927231
0.0119697 0.0612837

0.643013 0.927231
0.527045 0.750045

0.643013 0.927231
0.854113 0.281008

0.2193 0.697436
0.538945 0.931997

0.2193 0.697436
0.792156 0.054302

0.2193 0.697436
0.191011 0.33583

0.2193 0.697436
0.684375 0.630106

0.2193 0.697436
0.359725 0.0744402

0.2193 0.697436
0.875069 0.190851

0.2193 0.697436
0.490616 0.916483

0.2193 0.697436
0.0592565 0.671792

0.2193 0.697436
0.155802 0.200035

0.2193 0.697436
0.854113 0.281008

0.2193 0.697436
0.105211 0.193511

0.2193 0.697436
0.652209 0.21453

0.671148 0.324961
0.792156 0.054302

0.671148 0.324961
0.875069 0.190851

0.671148 0.324961
0.490616 0.916483

0.671148 0.324961
0.0592565 0.671792

0.671148 0.324961
0.155802 0.200035

0.671148 0.324961
0.400716 0.300089

0.671148 0.324961
0.655149 0.33539

0.671148 0.324961
0.777611 0.124735

0.671148 0.324961
0.105211 0.193511

0.671148 0.324961
0.652209 0.21453

0.538945 0.931997
0.684375 0.630106

0.538945 0.931997
0.359725 0.0744402

0.538945 0.931997
0.480045 0.935817

0.538945 0.931997
0.527045 0.750045

0.538945 0.931997
0.155802 0.200035

0.792156 0.054302
0.875069 0.190851

0.792156 0.054302
0.527045 0.750045

0.792156 0.054302
0.655149 0.33539

0.792156 0.054302
0.777611 0.124735

0.792156 0.054302
0.33305 0.518327

0.191011 0.33583
0.875069 0.190851

0.191011 0.33583
0.480045 0.935817

0.191011 0.33583
0.0592565 0.671792

0.191011 0.33583
0.105211 0.193511

0.191011 0.33583
0.652209 0.21453

0.191011 0.33583
0.139841 0.0813822

0.684375 0.630106
0.0119697 0.0612837

0.684375 0.630106
0.527045 0.750045

0.684375 0.630106
0.0592565 0.671792

0.684375 0.630106
0.400716 0.300089

0.684375 0.630106
0.854113 0.281008

0.684375 0.630106
0.777611 0.124735

0.684375 0.630106
0.33305 0.518327

0.359725 0.0744402
0.0119697 0.0612837

0.359725 0.0744402
0.490616 0.916483

0.359725 0.0744402
0.854113 0.281008

0.359725 0.0744402
0.655149 0.33539

0.359725 0.0744402
0.33305 0.518327

0.875069 0.190851
0.0119697 0.0612837

0.875069 0.190851
0.527045 0.750045

0.875069 0.190851
0.400716 0.300089

0.480045 0.935817
0.490616 0.916483

0.480045 0.935817
0.527045 0.750045

0.480045 0.935817
0.155802 0.200035

0.480045 0.935817
0.655149 0.33539

0.480045 0.935817
0.777611 0.124735

0.0119697 0.0612837
0.155802 0.200035

0.0119697 0.0612837
0.854113 0.281008

0.0119697 0.0612837
0.105211 0.193511

0.490616 0.916483
0.527045 0.750045

0.490616 0.916483
0.854113 0.281008

0.490616 0.916483
0.655149 0.33539

0.490616 0.916483
0.777611 0.124735

0.490616 0.916483
0.139841 0.0813822

0.527045 0.750045
0.155802 0.200035

0.527045 0.750045
0.777611 0.124735

0.527045 0.750045
0.105211 0.193511

0.527045 0.750045
0.652209 0.21453

0.527045 0.750045
0.139841 0.0813822

0.0592565 0.671792
0.400716 0.300089

0.0592565 0.671792
0.854113 0.281008

0.0592565 0.671792
0.33305 0.518327

0.155802 0.200035
0.105211 0.193511

0.155802 0.200035
0.139841 0.0813822

0.400716 0.300089
0.105211 0.193511

0.854113 0.281008
0.777611 0.124735

0.854113 0.281008
0.105211 0.193511

0.854113 0.281008
0.139841 0.0813822

0.777611 0.124735
0.139841 0.0813822

0.105211 0.193511
0.33305 0.518327

0.652209 0.21453
0.139841 0.0813822

