0.323423 0.941666
0.55972 0.826734

0.323423 0.941666
0.334718 0.887177

0.455817 0.0584594
0.33376 0.231157

0.455817 0.0584594
0.210517 0.0313517

0.538838 0.481614
0.457828 0.409993

0.538838 0.481614
0.44631 0.494756

0.686468 0.638637
0.798071 0.583163

0.686468 0.638637
0.859107 0.825667

0.204478 0.0449767
0.142345 0.219197

0.204478 0.0449767
0.142977 0.0615636

0.770291 0.0611955
0.909653 0.111017

0.770291 0.0611955
0.60307 0.0498893

0.909653 0.111017
0.990906 0.0679032

0.551233 0.174095
0.569961 0.192803

0.551233 0.174095
0.515867 0.291303

0.754893 0.249105
0.830852 0.0580625

0.754893 0.249105
0.776686 0.37563

0.677871 0.19223
0.646516 0.295963

0.677871 0.19223
0.702175 0.209733

0.858828 0.320252
0.755074 0.378083

0.858828 0.320252
0.917593 0.462848

0.0918052 0.816729
0.0902527 0.984953

0.0918052 0.816729
0.158121 0.638568

0.479253 0.348997
0.460529 0.390233

0.479253 0.348997
0.506711 0.396631

0.178377 0.364129
0.0689416 0.50935

0.178377 0.364129
0.113062 0.308713

0.457828 0.409993
0.460529 0.390233

0.650514 0.0290166
0.60307 0.0498893

0.650514 0.0290166
0.768617 0.0270496

0.226432 0.574322
0.275036 0.55375

0.226432 0.574322
0.489479 0.631693

0.990906 0.0679032
0.99146 0.207619

0.465157 0.834886
0.327681 0.873954

0.465157 0.834886
0.55972 0.826734

0.803755 0.150047
0.99146 0.207619

0.803755 0.150047
0.768617 0.0270496

0.496972 0.584263
0.562628 0.510961

0.496972 0.584263
0.576744 0.67477

0.55154 0.101766
0.475965 0.185381

0.55154 0.101766
0.54933 0.101661

0.0768242 0.721934
0.0394276 0.657809

0.0768242 0.721934
0.151809 0.6425

0.127136 0.524431
0.0950869 0.34336

0.127136 0.524431
0.280249 0.650095

0.798071 0.583163
0.875979 0.481206

0.619793 0.689609
0.715577 0.687645

0.619793 0.689609
0.576744 0.67477

0.562628 0.510961
0.44631 0.494756

0.993914 0.83455
0.859107 0.825667

0.993914 0.83455
0.970956 0.833461

0.569961 0.192803
0.54933 0.101661

0.962567 0.427985
0.959201 0.325874

0.962567 0.427985
0.818101 0.212926

0.959201 0.325874
0.883145 0.247049

0.466705 0.864163
0.715577 0.687645

0.466705 0.864163
0.334718 0.887177

0.0902527 0.984953
0.17603 0.907131

0.142345 0.219197
0.0189513 0.319631

0.158121 0.638568
0.151809 0.6425

0.830852 0.0580625
0.535037 0.122892

0.327681 0.873954
0.17603 0.907131

0.0394276 0.657809
0.0689416 0.50935

0.463523 0.523041
0.506711 0.396631

0.463523 0.523041
0.397982 0.599935

0.33376 0.231157
0.245263 0.252602

0.0950869 0.34336
0.0199454 0.539505

0.0189513 0.319631
0.192161 0.123651

0.646516 0.295963
0.515867 0.291303

0.535037 0.122892
0.371071 0.111548

0.875979 0.481206
0.636216 0.436909

0.450834 0.22901
0.404626 0.257735

0.450834 0.22901
0.284461 0.234533

0.475965 0.185381
0.371071 0.111548

0.702175 0.209733
0.917593 0.462848

0.776686 0.37563
0.755074 0.378083

0.210517 0.0313517
0.149278 0.150384

0.192161 0.123651
0.149278 0.150384

0.220991 0.452008
0.367736 0.309159

0.220991 0.452008
0.0199454 0.539505

0.0313288 0.0128769
0.0449748 0.0114885

0.0313288 0.0128769
0.0501429 0.0773154

0.974306 0.857116
0.989465 0.710797

0.974306 0.857116
0.878812 0.885024

0.336321 0.0924938
0.0501429 0.0773154

0.336321 0.0924938
0.404626 0.257735

0.636216 0.436909
0.81332 0.580694

0.0449748 0.0114885
0.142977 0.0615636

0.275036 0.55375
0.489479 0.631693

0.818101 0.212926
0.883145 0.247049

0.989465 0.710797
0.847185 0.862

0.402339 0.285545
0.367736 0.309159

0.402339 0.285545
0.284461 0.234533

0.878812 0.885024
0.970956 0.833461

0.113062 0.308713
0.245263 0.252602

0.847185 0.862
0.81332 0.580694

0.280249 0.650095
0.397982 0.599935

