0.554778 0.0114218
0.792406 0.0882859

0.554778 0.0114218
0.362055 0.137874

0.189374 0.0705286
0.160753 0.210746

0.189374 0.0705286
0.138024 0.00762062

0.178339 0.827443
0.0974451 0.969924

0.178339 0.827443
0.234203 0.838602

0.160753 0.210746
0.30328 0.167962

0.723595 0.686454
0.62784 0.561821

0.723595 0.686454
0.845652 0.563442

0.296751 0.335129
0.314858 0.394495

0.296751 0.335129
0.305463 0.30235

0.0338415 0.346695
0.0787755 0.359347

0.0338415 0.346695
0.155633 0.49038

0.792406 0.0882859
0.847355 0.243327

0.619911 0.80696
0.589078 0.841348

0.619911 0.80696
0.678413 0.972073

0.855167 0.527853
0.975205 0.633631

0.855167 0.527853
0.94879 0.446006

0.376924 0.700827
0.335449 0.628355

0.376924 0.700827
0.442416 0.711167

0.254249 0.454957
0.350882 0.428215

0.254249 0.454957
0.314577 0.607406

0.394485 0.542999
0.339674 0.493616

0.394485 0.542999
0.328736 0.578946

0.289078 0.0115287
0.457552 0.0209701

0.289078 0.0115287
0.287077 0.0802348

0.335449 0.628355
0.25755 0.580623

0.369618 0.919607
0.469482 0.790049

0.369618 0.919607
0.331241 0.801695

0.111536 0.761844
0.198398 0.877891

0.111536 0.761844
0.0613968 0.774598

0.436722 0.325692
0.476558 0.257509

0.436722 0.325692
0.305463 0.30235

0.339674 0.493616
0.446004 0.537959

0.328736 0.578946
0.314577 0.607406

0.362055 0.137874
0.287077 0.0802348

0.320197 0.209513
0.227282 0.179578

0.320197 0.209513
0.0562465 0.206447

0.446004 0.537959
0.491705 0.565337

0.442416 0.711167
0.582926 0.651249

0.561487 0.235809
0.476558 0.257509

0.561487 0.235809
0.483683 0.311352

0.823248 0.63468
0.917664 0.652433

0.823248 0.63468
0.806275 0.674329

0.62784 0.561821
0.69428 0.490987

0.619413 0.249116
0.608355 0.140472

0.619413 0.249116
0.672435 0.30341

0.491705 0.565337
0.582926 0.651249

0.0974451 0.969924
0.10479 0.973687

0.314858 0.394495
0.331761 0.410424

0.176538 0.682886
0.19852 0.569289

0.176538 0.682886
0.130907 0.603128

0.457552 0.0209701
0.608355 0.140472

0.85179 0.88664
0.97944 0.999934

0.85179 0.88664
0.829069 0.80244

0.96841 0.288831
0.741053 0.236365

0.96841 0.288831
0.965614 0.20838

0.0787755 0.359347
0.155633 0.49038

0.917664 0.652433
0.859167 0.752555

0.30328 0.167962
0.227282 0.179578

0.939162 0.840427
0.936548 0.753786

0.939162 0.840427
0.952043 0.905865

0.97944 0.999934
0.783474 0.929112

0.672435 0.30341
0.780577 0.298866

0.469482 0.790049
0.536371 0.781394

0.10479 0.973687
0.198398 0.877891

0.936548 0.753786
0.859167 0.752555

0.741053 0.236365
0.82384 0.341271

0.574589 0.810955
0.546953 0.776364

0.574589 0.810955
0.536371 0.781394

0.981583 0.366988
0.901822 0.36319

0.981583 0.366988
0.987954 0.453686

0.829069 0.80244
0.952043 0.905865

0.845652 0.563442
0.754664 0.454144

0.483683 0.311352
0.526883 0.392194

0.0692382 0.73433
0.0620566 0.827374

0.0692382 0.73433
0.035449 0.654498

0.700426 0.38468
0.780577 0.298866

0.700426 0.38468
0.754664 0.454144

0.19852 0.569289
0.25755 0.580623

0.0620566 0.827374
0.0953554 0.612766

0.234203 0.838602
0.331241 0.801695

0.0953554 0.612766
0.0613968 0.774598

0.526883 0.392194
0.69428 0.490987

0.901822 0.36319
0.821998 0.361252

0.350882 0.428215
0.331761 0.410424

0.821998 0.361252
0.82384 0.341271

0.546953 0.776364
0.589078 0.841348

0.806275 0.674329
0.975205 0.633631

0.035449 0.654498
0.130907 0.603128

0.965614 0.20838
0.831957 0.256675

0.783474 0.929112
0.677779 0.928137

0.138024 0.00762062
0.0061279 0.118959

0.0562465 0.206447
0.0061279 0.118959

0.677779 0.928137
0.678413 0.972073

0.94879 0.446006
0.987954 0.453686

0.847355 0.243327
0.831957 0.256675

