0.864635 0.427666 0.1
0.862798 0.463729 0.1
0.935446 0.562359 0.1
0.97242 0.486711 0.1
0.95239 0.33441 0.1
0.913921 0.34162 0.1
0.95239 0.33441 0.1
0.930859 0.169475 0.1
0.848841 0.205602 0.1
0.679249 0.232582 0.1
0.4805 0.452047 0.1
0.624138 0.282254 0.1
0.734898 0.193389 0.1
0.877515 0.0479873 0.1
0.62995 0.118158 0.1
0.573026 0.123616 0.1
0.520086 0.12251 0.1
0.546151 0.099895 0.1
0.568006 0.112728 0.1
0.548474 0.120239 0.1
0.488831 0.128144 0.1
0.496867 0.131167 0.1
0.384024 0.0588128 0.1
0.243637 0.123951 0.1
0.278327 0.182748 0.1
0.489909 0.157885 0.1
0.424953 0.16863 0.1
0.367975 0.276436 0.1
0.413605 0.396285 0.1
0.226666 0.381928 0.1
0.0262712 0.393869 0.1
0.040751 0.221177 0.1
0.0914808 0.144736 0.1
0.162735 0.126217 0.1
0.223193 0.0187387 0.1
0.565776 0.0990387 0.1
0.72806 0.0817229 0.1
0.706077 0.372069 0.1
0.763789 0.540831 0.1
0.638866 0.433014 0.1
0.475708 0.341025 0.1
0.283017 0.455494 0.1
0.185654 0.362371 0.1
0.222082 0.335631 0.1
0.194291 0.495907 0.1
0.126302 0.480281 0.1
0.193733 0.433716 0.1
0.0269532 0.5247 0.1
0.0441233 0.643327 0.1
0.0429577 0.747374 0.1
0.0568839 0.778401 0.1
0.240516 0.806832 0.1
0.235202 0.786325 0.1
0.244547 0.778454 0.1
0.432502 0.865341 0.1
0.383181 0.838419 0.1
0.442988 0.899459 0.1
0.335986 0.896072 0.1
0.201204 0.835769 0.1
0.0883347 0.921728 0.1
0.037493 0.915074 0.1
0.0883347 0.921728 0.1
0.17905 0.867564 0.1
0.225485 0.86473 0.1
0.134348 0.712087 0.1
0.25088 0.752515 0.1
0.249323 0.73409 0.1
0.449876 0.583249 0.1
0.391205 0.543259 0.1
0.339988 0.634631 0.1
0.340087 0.599403 0.1
0.486016 0.561777 0.1
0.59796 0.476907 0.1
0.592455 0.473518 0.1
0.56548 0.621388 0.1
0.59691 0.639025 0.1
0.588441 0.629264 0.1
0.549149 0.667326 0.1
0.401374 0.721928 0.1
0.556762 0.823346 0.1
0.543907 0.800124 0.1
0.648591 0.780198 0.1
0.648221 0.846973 0.1
0.603819 0.848782 0.1
0.58345 0.79411 0.1
0.603819 0.848782 0.1
0.618839 0.841962 0.1
0.603819 0.848782 0.1
0.543368 0.989004 0.1
0.676218 0.930195 0.1
0.68204 0.936643 0.1
0.765187 0.866472 0.1
0.901069 0.941087 0.1
0.856271 0.79088 0.1
0.901069 0.941087 0.1
0.856271 0.79088 0.1
0.964416 0.804917 0.1
0.730268 0.622839 0.1
0.734787 0.658092 0.1
0.63721 0.650647 0.1
0.726544 0.599213 0.1
0.763789 0.540831 0.1
0.849516 0.509187 0.1
