0.259493 0.500672
0.0397854 0.958956

0.259493 0.500672
0.0136019 0.393569

0.259493 0.500672
0.951708 0.228785

0.259493 0.500672
0.100625 0.0154705

0.259493 0.500672
0.204885 0.568476

0.259493 0.500672
0.788579 0.920486

0.259493 0.500672
0.536003 0.28085

0.259493 0.500672
0.015761 0.385768

0.259493 0.500672
0.0506045 0.138761

0.259493 0.500672
0.989853 0.253522

0.259493 0.500672
0.0277666 0.681582

0.259493 0.500672
0.266498 0.915652

0.259493 0.500672
0.533794 0.163864

0.259493 0.500672
0.41355 0.252428

0.259493 0.500672
0.857807 0.903137

0.259493 0.500672
0.243243 0.899138

0.259493 0.500672
0.0327977 0.0625272

0.259493 0.500672
0.207422 0.743101

0.0397854 0.958956
0.966831 0.891036

0.0397854 0.958956
0.820159 0.012885

0.0397854 0.958956
0.57321 0.255063

0.0397854 0.958956
0.697865 0.741556

0.0397854 0.958956
0.666067 0.774829

0.0397854 0.958956
0.342716 0.691173

0.0397854 0.958956
0.0120211 0.394027

0.0397854 0.958956
0.33621 0.314724

0.0397854 0.958956
0.554439 0.18957

0.0397854 0.958956
0.015761 0.385768

0.0397854 0.958956
0.0506045 0.138761

0.0397854 0.958956
0.931194 0.799069

0.0397854 0.958956
0.0277666 0.681582

0.0397854 0.958956
0.705042 0.748705

0.0397854 0.958956
0.621567 0.15897

0.0397854 0.958956
0.243243 0.899138

0.0397854 0.958956
0.892301 0.562646

0.0397854 0.958956
0.658007 0.427505

0.0397854 0.958956
0.792649 0.633629

0.0397854 0.958956
0.547931 0.962514

0.0397854 0.958956
0.207422 0.743101

0.0397854 0.958956
0.197431 0.691079

0.0397854 0.958956
0.183925 0.0231565

0.0397854 0.958956
0.278442 0.385603

0.0397854 0.958956
0.456179 0.39241

0.0397854 0.958956
0.523411 0.137438

0.0397854 0.958956
0.0945528 0.185594

0.0397854 0.958956
0.206227 0.340317

0.0397854 0.958956
0.708124 0.236415

0.0397854 0.958956
0.716741 0.0810276

0.966831 0.891036
0.176787 0.302793

0.966831 0.891036
0.0656415 0.176473

0.966831 0.891036
0.820159 0.012885

0.966831 0.891036
0.951708 0.228785

0.966831 0.891036
0.699037 0.622237

0.966831 0.891036
0.215279 0.0295401

0.966831 0.891036
0.342716 0.691173

0.966831 0.891036
0.348845 0.764071

0.966831 0.891036
0.0120211 0.394027

0.966831 0.891036
0.499255 0.444365

0.966831 0.891036
0.787586 0.363443

0.966831 0.891036
0.989853 0.253522

0.966831 0.891036
0.451288 0.0605966

0.966831 0.891036
0.638985 0.287143

0.966831 0.891036
0.534251 0.64662

0.966831 0.891036
0.621567 0.15897

0.966831 0.891036
0.658007 0.427505

0.966831 0.891036
0.792649 0.633629

0.966831 0.891036
0.207422 0.743101

0.966831 0.891036
0.197431 0.691079

0.966831 0.891036
0.0945528 0.185594

0.966831 0.891036
0.123649 0.272051

0.966831 0.891036
0.273871 0.788001

0.966831 0.891036
0.646791 0.589429

0.966831 0.891036
0.116608 0.297045

0.447002 0.960761
0.873982 0.567737

0.447002 0.960761
0.820159 0.012885

0.447002 0.960761
0.699037 0.622237

0.447002 0.960761
0.611224 0.90324

0.447002 0.960761
0.697865 0.741556

0.447002 0.960761
0.342716 0.691173

0.447002 0.960761
0.348845 0.764071

0.447002 0.960761
0.33621 0.314724

0.447002 0.960761
0.499255 0.444365

0.447002 0.960761
0.015761 0.385768

0.447002 0.960761
0.3026 0.800162

0.447002 0.960761
0.0506045 0.138761

0.447002 0.960761
0.931194 0.799069

0.447002 0.960761
0.509802 0.736796

0.447002 0.960761
0.976897 0.627602

0.447002 0.960761
0.266498 0.915652

0.447002 0.960761
0.451288 0.0605966

0.447002 0.960761
0.638985 0.287143

0.447002 0.960761
0.533794 0.163864

0.447002 0.960761
0.673577 0.456201

0.447002 0.960761
0.453434 0.641747

0.447002 0.960761
0.243243 0.899138

0.447002 0.960761
0.263463 0.130233

0.447002 0.960761
0.687178 0.911984

0.447002 0.960761
0.892301 0.562646

0.447002 0.960761
0.278442 0.385603

0.447002 0.960761
0.206227 0.340317

0.447002 0.960761
0.273871 0.788001

0.176787 0.302793
0.699965 0.161472

0.176787 0.302793
0.777654 0.637557

0.176787 0.302793
0.0656415 0.176473

0.176787 0.302793
0.873982 0.567737

0.176787 0.302793
0.924451 0.777539

0.176787 0.302793
0.399894 0.745944

0.176787 0.302793
0.699037 0.622237

0.176787 0.302793
0.516185 0.607035

0.176787 0.302793
0.215279 0.0295401

0.176787 0.302793
0.666067 0.774829

0.176787 0.302793
0.348845 0.764071

0.176787 0.302793
0.0120211 0.394027

0.176787 0.302793
0.788579 0.920486

0.176787 0.302793
0.0292639 0.0433344

0.176787 0.302793
0.536003 0.28085

0.176787 0.302793
0.578253 0.332406

0.176787 0.302793
0.533794 0.163864

0.176787 0.302793
0.178333 0.410936

0.176787 0.302793
0.534251 0.64662

0.176787 0.302793
0.780471 0.346584

0.176787 0.302793
0.726826 0.926164

0.176787 0.302793
0.857807 0.903137

0.176787 0.302793
0.673577 0.456201

0.176787 0.302793
0.40673 0.688144

0.176787 0.302793
0.243243 0.899138

0.176787 0.302793
0.687178 0.911984

0.176787 0.302793
0.892301 0.562646

0.176787 0.302793
0.792649 0.633629

0.176787 0.302793
0.207422 0.743101

0.176787 0.302793
0.456179 0.39241

0.176787 0.302793
0.708124 0.236415

0.176787 0.302793
0.504108 0.20326

0.100196 0.468539
0.777654 0.637557

0.100196 0.468539
0.106154 0.842783

0.100196 0.468539
0.820159 0.012885

0.100196 0.468539
0.227807 0.24156

0.100196 0.468539
0.699037 0.622237

0.100196 0.468539
0.516185 0.607035

0.100196 0.468539
0.611224 0.90324

0.100196 0.468539
0.666067 0.774829

0.100196 0.468539
0.231045 0.0312973

0.100196 0.468539
0.208946 0.992496

0.100196 0.468539
0.785149 0.236515

0.100196 0.468539
0.499255 0.444365

0.100196 0.468539
0.787586 0.363443

0.100196 0.468539
0.578253 0.332406

0.100196 0.468539
0.266498 0.915652

0.100196 0.468539
0.451288 0.0605966

0.100196 0.468539
0.638985 0.287143

0.100196 0.468539
0.533794 0.163864

0.100196 0.468539
0.673577 0.456201

0.100196 0.468539
0.453434 0.641747

0.100196 0.468539
0.263463 0.130233

0.100196 0.468539
0.687178 0.911984

0.100196 0.468539
0.892301 0.562646

0.100196 0.468539
0.0327977 0.0625272

0.100196 0.468539
0.197431 0.691079

0.100196 0.468539
0.456179 0.39241

0.100196 0.468539
0.206227 0.340317

0.100196 0.468539
0.708124 0.236415

0.100196 0.468539
0.716741 0.0810276

0.100196 0.468539
0.116608 0.297045

0.100196 0.468539
0.0218987 0.860718

0.100196 0.468539
0.981427 0.863893

0.100196 0.468539
0.107572 0.495977

0.699965 0.161472
0.106154 0.842783

0.699965 0.161472
0.0136019 0.393569

0.699965 0.161472
0.399894 0.745944

0.699965 0.161472
0.697865 0.741556

0.699965 0.161472
0.204885 0.568476

0.699965 0.161472
0.785149 0.236515

0.699965 0.161472
0.788579 0.920486

0.699965 0.161472
0.2352 0.524428

0.699965 0.161472
0.015761 0.385768

0.699965 0.161472
0.578253 0.332406

0.699965 0.161472
0.638985 0.287143

0.699965 0.161472
0.533794 0.163864

0.699965 0.161472
0.705042 0.748705

0.699965 0.161472
0.857807 0.903137

0.699965 0.161472
0.453434 0.641747

0.699965 0.161472
0.263463 0.130233

0.699965 0.161472
0.0327977 0.0625272

0.699965 0.161472
0.792649 0.633629

0.699965 0.161472
0.547931 0.962514

0.699965 0.161472
0.523411 0.137438

0.699965 0.161472
0.206227 0.340317

0.699965 0.161472
0.981427 0.863893

0.777654 0.637557
0.924451 0.777539

0.777654 0.637557
0.929781 0.271132

0.777654 0.637557
0.204885 0.568476

0.777654 0.637557
0.536003 0.28085

0.777654 0.637557
0.554439 0.18957

0.777654 0.637557
0.3026 0.800162

0.777654 0.637557
0.787586 0.363443

0.777654 0.637557
0.0506045 0.138761

0.777654 0.637557
0.41355 0.252428

0.777654 0.637557
0.0327977 0.0625272

0.777654 0.637557
0.278442 0.385603

0.777654 0.637557
0.0945528 0.185594

0.777654 0.637557
0.123649 0.272051

0.777654 0.637557
0.708124 0.236415

0.777654 0.637557
0.0218987 0.860718

0.777654 0.637557
0.107572 0.495977

0.0656415 0.176473
0.873982 0.567737

0.0656415 0.176473
0.820159 0.012885

0.0656415 0.176473
0.227807 0.24156

0.0656415 0.176473
0.529096 0.962703

0.0656415 0.176473
0.348845 0.764071

0.0656415 0.176473
0.536003 0.28085

0.0656415 0.176473
0.0506045 0.138761

0.0656415 0.176473
0.578253 0.332406

0.0656415 0.176473
0.509802 0.736796

0.0656415 0.176473
0.989853 0.253522

0.0656415 0.176473
0.266498 0.915652

0.0656415 0.176473
0.638985 0.287143

0.0656415 0.176473
0.453434 0.641747

0.0656415 0.176473
0.892301 0.562646

0.0656415 0.176473
0.207422 0.743101

0.0656415 0.176473
0.183925 0.0231565

0.0656415 0.176473
0.456179 0.39241

0.0656415 0.176473
0.523411 0.137438

0.0656415 0.176473
0.273871 0.788001

0.0656415 0.176473
0.716741 0.0810276

0.0656415 0.176473
0.504108 0.20326

0.0656415 0.176473
0.0218987 0.860718

0.873982 0.567737
0.399894 0.745944

0.873982 0.567737
0.699037 0.622237

0.873982 0.567737
0.215279 0.0295401

0.873982 0.567737
0.100625 0.0154705

0.873982 0.567737
0.342716 0.691173

0.873982 0.567737
0.204885 0.568476

0.873982 0.567737
0.33621 0.314724

0.873982 0.567737
0.536003 0.28085

0.873982 0.567737
0.2352 0.524428

0.873982 0.567737
0.554439 0.18957

0.873982 0.567737
0.797756 0.973941

0.873982 0.567737
0.3026 0.800162

0.873982 0.567737
0.0506045 0.138761

0.873982 0.567737
0.578253 0.332406

0.873982 0.567737
0.931194 0.799069

0.873982 0.567737
0.509802 0.736796

0.873982 0.567737
0.533794 0.163864

0.873982 0.567737
0.705042 0.748705

0.873982 0.567737
0.621567 0.15897

0.873982 0.567737
0.243243 0.899138

0.873982 0.567737
0.892301 0.562646

0.873982 0.567737
0.547931 0.962514

0.873982 0.567737
0.278442 0.385603

0.873982 0.567737
0.206227 0.340317

0.873982 0.567737
0.504108 0.20326

0.106154 0.842783
0.924451 0.777539

0.106154 0.842783
0.820159 0.012885

0.106154 0.842783
0.516185 0.607035

0.106154 0.842783
0.342716 0.691173

0.106154 0.842783
0.929781 0.271132

0.106154 0.842783
0.348845 0.764071

0.106154 0.842783
0.204885 0.568476

0.106154 0.842783
0.208946 0.992496

0.106154 0.842783
0.536003 0.28085

0.106154 0.842783
0.499255 0.444365

0.106154 0.842783
0.554439 0.18957

0.106154 0.842783
0.3026 0.800162

0.106154 0.842783
0.0506045 0.138761

0.106154 0.842783
0.451288 0.0605966

0.106154 0.842783
0.533794 0.163864

0.106154 0.842783
0.726826 0.926164

0.106154 0.842783
0.621567 0.15897

0.106154 0.842783
0.40673 0.688144

0.106154 0.842783
0.792649 0.633629

0.106154 0.842783
0.207422 0.743101

0.106154 0.842783
0.278442 0.385603

0.106154 0.842783
0.523411 0.137438

0.106154 0.842783
0.981427 0.863893

0.924451 0.777539
0.0136019 0.393569

0.924451 0.777539
0.399894 0.745944

0.924451 0.777539
0.951708 0.228785

0.924451 0.777539
0.215279 0.0295401

0.924451 0.777539
0.529096 0.962703

0.924451 0.777539
0.231045 0.0312973

0.924451 0.777539
0.100625 0.0154705

0.924451 0.777539
0.342716 0.691173

0.924451 0.777539
0.0120211 0.394027

0.924451 0.777539
0.33621 0.314724

0.924451 0.777539
0.554439 0.18957

0.924451 0.777539
0.797756 0.973941

0.924451 0.777539
0.787586 0.363443

0.924451 0.777539
0.0506045 0.138761

0.924451 0.777539
0.784179 0.150861

0.924451 0.777539
0.0479737 0.868698

0.924451 0.777539
0.931194 0.799069

0.924451 0.777539
0.451288 0.0605966

0.924451 0.777539
0.638985 0.287143

0.924451 0.777539
0.726826 0.926164

0.924451 0.777539
0.453434 0.641747

0.924451 0.777539
0.243243 0.899138

0.924451 0.777539
0.658007 0.427505

0.924451 0.777539
0.792649 0.633629

0.924451 0.777539
0.547931 0.962514

0.924451 0.777539
0.206227 0.340317

0.924451 0.777539
0.708124 0.236415

0.924451 0.777539
0.504108 0.20326

0.0136019 0.393569
0.399894 0.745944

0.0136019 0.393569
0.100625 0.0154705

0.0136019 0.393569
0.348845 0.764071

0.0136019 0.393569
0.785149 0.236515

0.0136019 0.393569
0.0292639 0.0433344

0.0136019 0.393569
0.2352 0.524428

0.0136019 0.393569
0.554439 0.18957

0.0136019 0.393569
0.784179 0.150861

0.0136019 0.393569
0.0479737 0.868698

0.0136019 0.393569
0.989853 0.253522

0.0136019 0.393569
0.0277666 0.681582

0.0136019 0.393569
0.266498 0.915652

0.0136019 0.393569
0.638985 0.287143

0.0136019 0.393569
0.533794 0.163864

0.0136019 0.393569
0.534251 0.64662

0.0136019 0.393569
0.780471 0.346584

0.0136019 0.393569
0.41355 0.252428

0.0136019 0.393569
0.453434 0.641747

0.0136019 0.393569
0.40673 0.688144

0.0136019 0.393569
0.243243 0.899138

0.0136019 0.393569
0.0327977 0.0625272

0.0136019 0.393569
0.547931 0.962514

0.0136019 0.393569
0.207422 0.743101

0.0136019 0.393569
0.183925 0.0231565

0.0136019 0.393569
0.456179 0.39241

0.0136019 0.393569
0.0945528 0.185594

0.0136019 0.393569
0.123649 0.272051

0.0136019 0.393569
0.206227 0.340317

0.0136019 0.393569
0.646791 0.589429

0.0136019 0.393569
0.116608 0.297045

0.820159 0.012885
0.57321 0.255063

0.820159 0.012885
0.215279 0.0295401

0.820159 0.012885
0.529096 0.962703

0.820159 0.012885
0.348845 0.764071

0.820159 0.012885
0.208946 0.992496

0.820159 0.012885
0.785149 0.236515

0.820159 0.012885
0.788579 0.920486

0.820159 0.012885
0.2352 0.524428

0.820159 0.012885
0.554439 0.18957

0.820159 0.012885
0.976897 0.627602

0.820159 0.012885
0.87083 0.459106

0.820159 0.012885
0.266498 0.915652

0.820159 0.012885
0.451288 0.0605966

0.820159 0.012885
0.705042 0.748705

0.820159 0.012885
0.780471 0.346584

0.820159 0.012885
0.40673 0.688144

0.820159 0.012885
0.243243 0.899138

0.820159 0.012885
0.263463 0.130233

0.820159 0.012885
0.547931 0.962514

0.820159 0.012885
0.207422 0.743101

0.820159 0.012885
0.197431 0.691079

0.820159 0.012885
0.183925 0.0231565

0.820159 0.012885
0.0945528 0.185594

0.820159 0.012885
0.273871 0.788001

0.820159 0.012885
0.716741 0.0810276

0.820159 0.012885
0.116608 0.297045

0.045027 0.480804
0.697865 0.741556

0.045027 0.480804
0.788579 0.920486

0.045027 0.480804
0.33621 0.314724

0.045027 0.480804
0.499255 0.444365

0.045027 0.480804
0.554439 0.18957

0.045027 0.480804
0.015761 0.385768

0.045027 0.480804
0.0506045 0.138761

0.045027 0.480804
0.0479737 0.868698

0.045027 0.480804
0.989853 0.253522

0.045027 0.480804
0.859684 0.0480671

0.045027 0.480804
0.266498 0.915652

0.045027 0.480804
0.451288 0.0605966

0.045027 0.480804
0.534251 0.64662

0.045027 0.480804
0.726826 0.926164

0.045027 0.480804
0.673577 0.456201

0.045027 0.480804
0.243243 0.899138

0.045027 0.480804
0.687178 0.911984

0.045027 0.480804
0.0327977 0.0625272

0.045027 0.480804
0.792649 0.633629

0.045027 0.480804
0.197431 0.691079

0.045027 0.480804
0.278442 0.385603

0.045027 0.480804
0.123649 0.272051

0.045027 0.480804
0.107572 0.495977

0.227807 0.24156
0.516185 0.607035

0.227807 0.24156
0.697865 0.741556

0.227807 0.24156
0.231045 0.0312973

0.227807 0.24156
0.204885 0.568476

0.227807 0.24156
0.0120211 0.394027

0.227807 0.24156
0.2352 0.524428

0.227807 0.24156
0.509802 0.736796

0.227807 0.24156
0.859684 0.0480671

0.227807 0.24156
0.0277666 0.681582

0.227807 0.24156
0.533794 0.163864

0.227807 0.24156
0.178333 0.410936

0.227807 0.24156
0.453434 0.641747

0.227807 0.24156
0.472736 0.58567

0.227807 0.24156
0.263463 0.130233

0.227807 0.24156
0.792649 0.633629

0.227807 0.24156
0.547931 0.962514

0.227807 0.24156
0.183925 0.0231565

0.227807 0.24156
0.504108 0.20326

0.227807 0.24156
0.116608 0.297045

0.227807 0.24156
0.821005 0.398837

0.399894 0.745944
0.529096 0.962703

0.399894 0.745944
0.666067 0.774829

0.399894 0.745944
0.231045 0.0312973

0.399894 0.745944
0.342716 0.691173

0.399894 0.745944
0.929781 0.271132

0.399894 0.745944
0.348845 0.764071

0.399894 0.745944
0.208946 0.992496

0.399894 0.745944
0.788579 0.920486

0.399894 0.745944
0.536003 0.28085

0.399894 0.745944
0.797756 0.973941

0.399894 0.745944
0.578253 0.332406

0.399894 0.745944
0.784179 0.150861

0.399894 0.745944
0.931194 0.799069

0.399894 0.745944
0.989853 0.253522

0.399894 0.745944
0.0277666 0.681582

0.399894 0.745944
0.638985 0.287143

0.399894 0.745944
0.533794 0.163864

0.399894 0.745944
0.534251 0.64662

0.399894 0.745944
0.780471 0.346584

0.399894 0.745944
0.726826 0.926164

0.399894 0.745944
0.0327977 0.0625272

0.399894 0.745944
0.792649 0.633629

0.399894 0.745944
0.547931 0.962514

0.399894 0.745944
0.0945528 0.185594

0.399894 0.745944
0.646791 0.589429

0.399894 0.745944
0.716741 0.0810276

0.399894 0.745944
0.107572 0.495977

0.951708 0.228785
0.699037 0.622237

0.951708 0.228785
0.697865 0.741556

0.951708 0.228785
0.208946 0.992496

0.951708 0.228785
0.785149 0.236515

0.951708 0.228785
0.788579 0.920486

0.951708 0.228785
0.499255 0.444365

0.951708 0.228785
0.554439 0.18957

0.951708 0.228785
0.797756 0.973941

0.951708 0.228785
0.3026 0.800162

0.951708 0.228785
0.787586 0.363443

0.951708 0.228785
0.0506045 0.138761

0.951708 0.228785
0.784179 0.150861

0.951708 0.228785
0.0479737 0.868698

0.951708 0.228785
0.451288 0.0605966

0.951708 0.228785
0.638985 0.287143

0.951708 0.228785
0.533794 0.163864

0.951708 0.228785
0.705042 0.748705

0.951708 0.228785
0.780471 0.346584

0.951708 0.228785
0.726826 0.926164

0.951708 0.228785
0.673577 0.456201

0.951708 0.228785
0.263463 0.130233

0.951708 0.228785
0.687178 0.911984

0.951708 0.228785
0.892301 0.562646

0.951708 0.228785
0.658007 0.427505

0.951708 0.228785
0.207422 0.743101

0.951708 0.228785
0.183925 0.0231565

0.951708 0.228785
0.278442 0.385603

0.951708 0.228785
0.456179 0.39241

0.951708 0.228785
0.206227 0.340317

0.951708 0.228785
0.981427 0.863893

0.951708 0.228785
0.107572 0.495977

0.699037 0.622237
0.697865 0.741556

0.699037 0.622237
0.666067 0.774829

0.699037 0.622237
0.100625 0.0154705

0.699037 0.622237
0.348845 0.764071

0.699037 0.622237
0.0120211 0.394027

0.699037 0.622237
0.536003 0.28085

0.699037 0.622237
0.2352 0.524428

0.699037 0.622237
0.554439 0.18957

0.699037 0.622237
0.797756 0.973941

0.699037 0.622237
0.787586 0.363443

0.699037 0.622237
0.578253 0.332406

0.699037 0.622237
0.784179 0.150861

0.699037 0.622237
0.0479737 0.868698

0.699037 0.622237
0.509802 0.736796

0.699037 0.622237
0.976897 0.627602

0.699037 0.622237
0.266498 0.915652

0.699037 0.622237
0.451288 0.0605966

0.699037 0.622237
0.638985 0.287143

0.699037 0.622237
0.534251 0.64662

0.699037 0.622237
0.780471 0.346584

0.699037 0.622237
0.726826 0.926164

0.699037 0.622237
0.243243 0.899138

0.699037 0.622237
0.263463 0.130233

0.699037 0.622237
0.687178 0.911984

0.699037 0.622237
0.892301 0.562646

0.699037 0.622237
0.183925 0.0231565

0.699037 0.622237
0.278442 0.385603

0.699037 0.622237
0.708124 0.236415

0.699037 0.622237
0.504108 0.20326

0.699037 0.622237
0.821005 0.398837

0.699037 0.622237
0.0218987 0.860718

0.699037 0.622237
0.981427 0.863893

0.699037 0.622237
0.107572 0.495977

0.516185 0.607035
0.57321 0.255063

0.516185 0.607035
0.611224 0.90324

0.516185 0.607035
0.231045 0.0312973

0.516185 0.607035
0.100625 0.0154705

0.516185 0.607035
0.342716 0.691173

0.516185 0.607035
0.0120211 0.394027

0.516185 0.607035
0.554439 0.18957

0.516185 0.607035
0.797756 0.973941

0.516185 0.607035
0.0506045 0.138761

0.516185 0.607035
0.931194 0.799069

0.516185 0.607035
0.509802 0.736796

0.516185 0.607035
0.0277666 0.681582

0.516185 0.607035
0.638985 0.287143

0.516185 0.607035
0.533794 0.163864

0.516185 0.607035
0.621567 0.15897

0.516185 0.607035
0.243243 0.899138

0.516185 0.607035
0.547931 0.962514

0.516185 0.607035
0.197431 0.691079

0.516185 0.607035
0.708124 0.236415

0.516185 0.607035
0.273871 0.788001

0.516185 0.607035
0.504108 0.20326

0.516185 0.607035
0.116608 0.297045

0.516185 0.607035
0.821005 0.398837

0.516185 0.607035
0.0218987 0.860718

0.516185 0.607035
0.107572 0.495977

0.57321 0.255063
0.697865 0.741556

0.57321 0.255063
0.231045 0.0312973

0.57321 0.255063
0.208946 0.992496

0.57321 0.255063
0.0120211 0.394027

0.57321 0.255063
0.2352 0.524428

0.57321 0.255063
0.499255 0.444365

0.57321 0.255063
0.554439 0.18957

0.57321 0.255063
0.015761 0.385768

0.57321 0.255063
0.787586 0.363443

0.57321 0.255063
0.509802 0.736796

0.57321 0.255063
0.859684 0.0480671

0.57321 0.255063
0.0277666 0.681582

0.57321 0.255063
0.534251 0.64662

0.57321 0.255063
0.780471 0.346584

0.57321 0.255063
0.726826 0.926164

0.57321 0.255063
0.673577 0.456201

0.57321 0.255063
0.621567 0.15897

0.57321 0.255063
0.453434 0.641747

0.57321 0.255063
0.892301 0.562646

0.57321 0.255063
0.0327977 0.0625272

0.57321 0.255063
0.658007 0.427505

0.57321 0.255063
0.547931 0.962514

0.57321 0.255063
0.207422 0.743101

0.57321 0.255063
0.197431 0.691079

0.57321 0.255063
0.523411 0.137438

0.57321 0.255063
0.0945528 0.185594

0.57321 0.255063
0.107572 0.495977

0.611224 0.90324
0.215279 0.0295401

0.611224 0.90324
0.666067 0.774829

0.611224 0.90324
0.231045 0.0312973

0.611224 0.90324
0.342716 0.691173

0.611224 0.90324
0.929781 0.271132

0.611224 0.90324
0.208946 0.992496

0.611224 0.90324
0.0120211 0.394027

0.611224 0.90324
0.788579 0.920486

0.611224 0.90324
0.536003 0.28085

0.611224 0.90324
0.797756 0.973941

0.611224 0.90324
0.3026 0.800162

0.611224 0.90324
0.578253 0.332406

0.611224 0.90324
0.931194 0.799069

0.611224 0.90324
0.976897 0.627602

0.611224 0.90324
0.0277666 0.681582

0.611224 0.90324
0.638985 0.287143

0.611224 0.90324
0.705042 0.748705

0.611224 0.90324
0.41355 0.252428

0.611224 0.90324
0.857807 0.903137

0.611224 0.90324
0.621567 0.15897

0.611224 0.90324
0.892301 0.562646

0.611224 0.90324
0.547931 0.962514

0.611224 0.90324
0.183925 0.0231565

0.611224 0.90324
0.523411 0.137438

0.611224 0.90324
0.821005 0.398837

0.611224 0.90324
0.981427 0.863893

0.215279 0.0295401
0.100625 0.0154705

0.215279 0.0295401
0.204885 0.568476

0.215279 0.0295401
0.208946 0.992496

0.215279 0.0295401
0.0292639 0.0433344

0.215279 0.0295401
0.499255 0.444365

0.215279 0.0295401
0.797756 0.973941

0.215279 0.0295401
0.3026 0.800162

0.215279 0.0295401
0.0506045 0.138761

0.215279 0.0295401
0.509802 0.736796

0.215279 0.0295401
0.989853 0.253522

0.215279 0.0295401
0.859684 0.0480671

0.215279 0.0295401
0.266498 0.915652

0.215279 0.0295401
0.178333 0.410936

0.215279 0.0295401
0.705042 0.748705

0.215279 0.0295401
0.621567 0.15897

0.215279 0.0295401
0.453434 0.641747

0.215279 0.0295401
0.892301 0.562646

0.215279 0.0295401
0.547931 0.962514

0.215279 0.0295401
0.197431 0.691079

0.215279 0.0295401
0.183925 0.0231565

0.215279 0.0295401
0.456179 0.39241

0.215279 0.0295401
0.708124 0.236415

0.215279 0.0295401
0.273871 0.788001

0.215279 0.0295401
0.646791 0.589429

0.215279 0.0295401
0.0218987 0.860718

0.529096 0.962703
0.100625 0.0154705

0.529096 0.962703
0.33621 0.314724

0.529096 0.962703
0.536003 0.28085

0.529096 0.962703
0.2352 0.524428

0.529096 0.962703
0.554439 0.18957

0.529096 0.962703
0.787586 0.363443

0.529096 0.962703
0.931194 0.799069

0.529096 0.962703
0.989853 0.253522

0.529096 0.962703
0.0277666 0.681582

0.529096 0.962703
0.451288 0.0605966

0.529096 0.962703
0.705042 0.748705

0.529096 0.962703
0.263463 0.130233

0.529096 0.962703
0.892301 0.562646

0.529096 0.962703
0.197431 0.691079

0.529096 0.962703
0.278442 0.385603

0.529096 0.962703
0.523411 0.137438

0.529096 0.962703
0.206227 0.340317

0.529096 0.962703
0.646791 0.589429

0.529096 0.962703
0.716741 0.0810276

0.529096 0.962703
0.821005 0.398837

0.529096 0.962703
0.0218987 0.860718

0.529096 0.962703
0.981427 0.863893

0.697865 0.741556
0.100625 0.0154705

0.697865 0.741556
0.342716 0.691173

0.697865 0.741556
0.204885 0.568476

0.697865 0.741556
0.208946 0.992496

0.697865 0.741556
0.785149 0.236515

0.697865 0.741556
0.0120211 0.394027

0.697865 0.741556
0.788579 0.920486

0.697865 0.741556
0.33621 0.314724

0.697865 0.741556
0.0292639 0.0433344

0.697865 0.741556
0.015761 0.385768

0.697865 0.741556
0.931194 0.799069

0.697865 0.741556
0.976897 0.627602

0.697865 0.741556
0.0277666 0.681582

0.697865 0.741556
0.266498 0.915652

0.697865 0.741556
0.178333 0.410936

0.697865 0.741556
0.705042 0.748705

0.697865 0.741556
0.780471 0.346584

0.697865 0.741556
0.857807 0.903137

0.697865 0.741556
0.472736 0.58567

0.697865 0.741556
0.263463 0.130233

0.697865 0.741556
0.547931 0.962514

0.697865 0.741556
0.183925 0.0231565

0.697865 0.741556
0.123649 0.272051

0.697865 0.741556
0.504108 0.20326

0.666067 0.774829
0.231045 0.0312973

0.666067 0.774829
0.342716 0.691173

0.666067 0.774829
0.0292639 0.0433344

0.666067 0.774829
0.536003 0.28085

0.666067 0.774829
0.554439 0.18957

0.666067 0.774829
0.797756 0.973941

0.666067 0.774829
0.015761 0.385768

0.666067 0.774829
0.3026 0.800162

0.666067 0.774829
0.976897 0.627602

0.666067 0.774829
0.451288 0.0605966

0.666067 0.774829
0.780471 0.346584

0.666067 0.774829
0.726826 0.926164

0.666067 0.774829
0.621567 0.15897

0.666067 0.774829
0.472736 0.58567

0.666067 0.774829
0.263463 0.130233

0.666067 0.774829
0.892301 0.562646

0.666067 0.774829
0.547931 0.962514

0.666067 0.774829
0.207422 0.743101

0.666067 0.774829
0.123649 0.272051

0.666067 0.774829
0.206227 0.340317

0.666067 0.774829
0.0218987 0.860718

0.231045 0.0312973
0.100625 0.0154705

0.231045 0.0312973
0.208946 0.992496

0.231045 0.0312973
0.785149 0.236515

0.231045 0.0312973
0.0120211 0.394027

0.231045 0.0312973
0.33621 0.314724

0.231045 0.0312973
0.2352 0.524428

0.231045 0.0312973
0.554439 0.18957

0.231045 0.0312973
0.3026 0.800162

0.231045 0.0312973
0.787586 0.363443

0.231045 0.0312973
0.0506045 0.138761

0.231045 0.0312973
0.931194 0.799069

0.231045 0.0312973
0.0277666 0.681582

0.231045 0.0312973
0.451288 0.0605966

0.231045 0.0312973
0.638985 0.287143

0.231045 0.0312973
0.533794 0.163864

0.231045 0.0312973
0.178333 0.410936

0.231045 0.0312973
0.534251 0.64662

0.231045 0.0312973
0.780471 0.346584

0.231045 0.0312973
0.41355 0.252428

0.231045 0.0312973
0.0945528 0.185594

0.231045 0.0312973
0.504108 0.20326

0.100625 0.0154705
0.342716 0.691173

0.100625 0.0154705
0.785149 0.236515

0.100625 0.0154705
0.0120211 0.394027

0.100625 0.0154705
0.0479737 0.868698

0.100625 0.0154705
0.509802 0.736796

0.100625 0.0154705
0.0277666 0.681582

0.100625 0.0154705
0.266498 0.915652

0.100625 0.0154705
0.533794 0.163864

0.100625 0.0154705
0.178333 0.410936

0.100625 0.0154705
0.705042 0.748705

0.100625 0.0154705
0.534251 0.64662

0.100625 0.0154705
0.726826 0.926164

0.100625 0.0154705
0.673577 0.456201

0.100625 0.0154705
0.453434 0.641747

0.100625 0.0154705
0.243243 0.899138

0.100625 0.0154705
0.658007 0.427505

0.100625 0.0154705
0.792649 0.633629

0.100625 0.0154705
0.207422 0.743101

0.100625 0.0154705
0.197431 0.691079

0.100625 0.0154705
0.278442 0.385603

0.100625 0.0154705
0.0945528 0.185594

0.100625 0.0154705
0.123649 0.272051

0.100625 0.0154705
0.708124 0.236415

0.100625 0.0154705
0.273871 0.788001

0.100625 0.0154705
0.646791 0.589429

0.100625 0.0154705
0.821005 0.398837

0.342716 0.691173
0.929781 0.271132

0.342716 0.691173
0.348845 0.764071

0.342716 0.691173
0.204885 0.568476

0.342716 0.691173
0.0120211 0.394027

0.342716 0.691173
0.797756 0.973941

0.342716 0.691173
0.015761 0.385768

0.342716 0.691173
0.0506045 0.138761

0.342716 0.691173
0.931194 0.799069

0.342716 0.691173
0.509802 0.736796

0.342716 0.691173
0.976897 0.627602

0.342716 0.691173
0.87083 0.459106

0.342716 0.691173
0.266498 0.915652

0.342716 0.691173
0.533794 0.163864

0.342716 0.691173
0.705042 0.748705

0.342716 0.691173
0.857807 0.903137

0.342716 0.691173
0.673577 0.456201

0.342716 0.691173
0.621567 0.15897

0.342716 0.691173
0.453434 0.641747

0.342716 0.691173
0.263463 0.130233

0.342716 0.691173
0.658007 0.427505

0.342716 0.691173
0.207422 0.743101

0.342716 0.691173
0.197431 0.691079

0.342716 0.691173
0.278442 0.385603

0.342716 0.691173
0.646791 0.589429

0.342716 0.691173
0.116608 0.297045

0.342716 0.691173
0.821005 0.398837

0.342716 0.691173
0.0218987 0.860718

0.342716 0.691173
0.981427 0.863893

0.929781 0.271132
0.208946 0.992496

0.929781 0.271132
0.788579 0.920486

0.929781 0.271132
0.33621 0.314724

0.929781 0.271132
0.536003 0.28085

0.929781 0.271132
0.797756 0.973941

0.929781 0.271132
0.787586 0.363443

0.929781 0.271132
0.578253 0.332406

0.929781 0.271132
0.931194 0.799069

0.929781 0.271132
0.989853 0.253522

0.929781 0.271132
0.87083 0.459106

0.929781 0.271132
0.0277666 0.681582

0.929781 0.271132
0.638985 0.287143

0.929781 0.271132
0.534251 0.64662

0.929781 0.271132
0.726826 0.926164

0.929781 0.271132
0.857807 0.903137

0.929781 0.271132
0.892301 0.562646

0.929781 0.271132
0.547931 0.962514

0.929781 0.271132
0.523411 0.137438

0.929781 0.271132
0.0945528 0.185594

0.929781 0.271132
0.123649 0.272051

0.929781 0.271132
0.708124 0.236415

0.929781 0.271132
0.273871 0.788001

0.929781 0.271132
0.116608 0.297045

0.929781 0.271132
0.981427 0.863893

0.348845 0.764071
0.785149 0.236515

0.348845 0.764071
0.015761 0.385768

0.348845 0.764071
0.3026 0.800162

0.348845 0.764071
0.578253 0.332406

0.348845 0.764071
0.784179 0.150861

0.348845 0.764071
0.509802 0.736796

0.348845 0.764071
0.266498 0.915652

0.348845 0.764071
0.178333 0.410936

0.348845 0.764071
0.705042 0.748705

0.348845 0.764071
0.534251 0.64662

0.348845 0.764071
0.857807 0.903137

0.348845 0.764071
0.673577 0.456201

0.348845 0.764071
0.453434 0.641747

0.348845 0.764071
0.263463 0.130233

0.348845 0.764071
0.658007 0.427505

0.348845 0.764071
0.792649 0.633629

0.348845 0.764071
0.456179 0.39241

0.348845 0.764071
0.523411 0.137438

0.348845 0.764071
0.123649 0.272051

0.348845 0.764071
0.273871 0.788001

0.348845 0.764071
0.646791 0.589429

0.348845 0.764071
0.821005 0.398837

0.348845 0.764071
0.981427 0.863893

0.204885 0.568476
0.0292639 0.0433344

0.204885 0.568476
0.536003 0.28085

0.204885 0.568476
0.499255 0.444365

0.204885 0.568476
0.554439 0.18957

0.204885 0.568476
0.787586 0.363443

0.204885 0.568476
0.784179 0.150861

0.204885 0.568476
0.859684 0.0480671

0.204885 0.568476
0.638985 0.287143

0.204885 0.568476
0.533794 0.163864

0.204885 0.568476
0.178333 0.410936

0.204885 0.568476
0.705042 0.748705

0.204885 0.568476
0.534251 0.64662

0.204885 0.568476
0.726826 0.926164

0.204885 0.568476
0.857807 0.903137

0.204885 0.568476
0.207422 0.743101

0.204885 0.568476
0.197431 0.691079

0.204885 0.568476
0.183925 0.0231565

0.204885 0.568476
0.206227 0.340317

0.204885 0.568476
0.708124 0.236415

0.204885 0.568476
0.273871 0.788001

0.204885 0.568476
0.716741 0.0810276

0.204885 0.568476
0.504108 0.20326

0.208946 0.992496
0.785149 0.236515

0.208946 0.992496
0.0120211 0.394027

0.208946 0.992496
0.2352 0.524428

0.208946 0.992496
0.015761 0.385768

0.208946 0.992496
0.787586 0.363443

0.208946 0.992496
0.0506045 0.138761

0.208946 0.992496
0.578253 0.332406

0.208946 0.992496
0.784179 0.150861

0.208946 0.992496
0.859684 0.0480671

0.208946 0.992496
0.0277666 0.681582

0.208946 0.992496
0.451288 0.0605966

0.208946 0.992496
0.780471 0.346584

0.208946 0.992496
0.726826 0.926164

0.208946 0.992496
0.453434 0.641747

0.208946 0.992496
0.0327977 0.0625272

0.208946 0.992496
0.658007 0.427505

0.208946 0.992496
0.792649 0.633629

0.208946 0.992496
0.456179 0.39241

0.208946 0.992496
0.523411 0.137438

0.208946 0.992496
0.0945528 0.185594

0.208946 0.992496
0.123649 0.272051

0.208946 0.992496
0.206227 0.340317

0.208946 0.992496
0.273871 0.788001

0.208946 0.992496
0.116608 0.297045

0.208946 0.992496
0.0218987 0.860718

0.785149 0.236515
0.2352 0.524428

0.785149 0.236515
0.797756 0.973941

0.785149 0.236515
0.0479737 0.868698

0.785149 0.236515
0.989853 0.253522

0.785149 0.236515
0.859684 0.0480671

0.785149 0.236515
0.638985 0.287143

0.785149 0.236515
0.534251 0.64662

0.785149 0.236515
0.472736 0.58567

0.785149 0.236515
0.40673 0.688144

0.785149 0.236515
0.263463 0.130233

0.785149 0.236515
0.792649 0.633629

0.785149 0.236515
0.207422 0.743101

0.785149 0.236515
0.197431 0.691079

0.785149 0.236515
0.523411 0.137438

0.785149 0.236515
0.273871 0.788001

0.785149 0.236515
0.0218987 0.860718

0.0120211 0.394027
0.554439 0.18957

0.0120211 0.394027
0.015761 0.385768

0.0120211 0.394027
0.784179 0.150861

0.0120211 0.394027
0.859684 0.0480671

0.0120211 0.394027
0.0277666 0.681582

0.0120211 0.394027
0.266498 0.915652

0.0120211 0.394027
0.726826 0.926164

0.0120211 0.394027
0.40673 0.688144

0.0120211 0.394027
0.687178 0.911984

0.0120211 0.394027
0.183925 0.0231565

0.0120211 0.394027
0.278442 0.385603

0.0120211 0.394027
0.273871 0.788001

0.0120211 0.394027
0.716741 0.0810276

0.0120211 0.394027
0.821005 0.398837

0.0120211 0.394027
0.981427 0.863893

0.0120211 0.394027
0.107572 0.495977

0.788579 0.920486
0.2352 0.524428

0.788579 0.920486
0.797756 0.973941

0.788579 0.920486
0.787586 0.363443

0.788579 0.920486
0.0506045 0.138761

0.788579 0.920486
0.784179 0.150861

0.788579 0.920486
0.0479737 0.868698

0.788579 0.920486
0.976897 0.627602

0.788579 0.920486
0.638985 0.287143

0.788579 0.920486
0.673577 0.456201

0.788579 0.920486
0.472736 0.58567

0.788579 0.920486
0.243243 0.899138

0.788579 0.920486
0.892301 0.562646

0.788579 0.920486
0.658007 0.427505

0.788579 0.920486
0.547931 0.962514

0.788579 0.920486
0.197431 0.691079

0.788579 0.920486
0.456179 0.39241

0.788579 0.920486
0.646791 0.589429

0.788579 0.920486
0.504108 0.20326

0.33621 0.314724
0.536003 0.28085

0.33621 0.314724
0.2352 0.524428

0.33621 0.314724
0.499255 0.444365

0.33621 0.314724
0.015761 0.385768

0.33621 0.314724
0.578253 0.332406

0.33621 0.314724
0.931194 0.799069

0.33621 0.314724
0.976897 0.627602

0.33621 0.314724
0.87083 0.459106

0.33621 0.314724
0.178333 0.410936

0.33621 0.314724
0.780471 0.346584

0.33621 0.314724
0.726826 0.926164

0.33621 0.314724
0.41355 0.252428

0.33621 0.314724
0.673577 0.456201

0.33621 0.314724
0.621567 0.15897

0.33621 0.314724
0.658007 0.427505

0.33621 0.314724
0.547931 0.962514

0.33621 0.314724
0.123649 0.272051

0.33621 0.314724
0.708124 0.236415

0.33621 0.314724
0.504108 0.20326

0.33621 0.314724
0.116608 0.297045

0.33621 0.314724
0.821005 0.398837

0.33621 0.314724
0.107572 0.495977

0.0292639 0.0433344
0.2352 0.524428

0.0292639 0.0433344
0.015761 0.385768

0.0292639 0.0433344
0.509802 0.736796

0.0292639 0.0433344
0.859684 0.0480671

0.0292639 0.0433344
0.87083 0.459106

0.0292639 0.0433344
0.726826 0.926164

0.0292639 0.0433344
0.673577 0.456201

0.0292639 0.0433344
0.453434 0.641747

0.0292639 0.0433344
0.472736 0.58567

0.0292639 0.0433344
0.0327977 0.0625272

0.0292639 0.0433344
0.197431 0.691079

0.0292639 0.0433344
0.456179 0.39241

0.0292639 0.0433344
0.523411 0.137438

0.0292639 0.0433344
0.0945528 0.185594

0.0292639 0.0433344
0.273871 0.788001

0.0292639 0.0433344
0.646791 0.589429

0.0292639 0.0433344
0.821005 0.398837

0.0292639 0.0433344
0.981427 0.863893

0.536003 0.28085
0.797756 0.973941

0.536003 0.28085
0.3026 0.800162

0.536003 0.28085
0.787586 0.363443

0.536003 0.28085
0.0506045 0.138761

0.536003 0.28085
0.0479737 0.868698

0.536003 0.28085
0.976897 0.627602

0.536003 0.28085
0.266498 0.915652

0.536003 0.28085
0.178333 0.410936

0.536003 0.28085
0.705042 0.748705

0.536003 0.28085
0.673577 0.456201

0.536003 0.28085
0.243243 0.899138

0.536003 0.28085
0.687178 0.911984

0.536003 0.28085
0.0327977 0.0625272

0.536003 0.28085
0.658007 0.427505

0.536003 0.28085
0.197431 0.691079

0.536003 0.28085
0.183925 0.0231565

0.536003 0.28085
0.456179 0.39241

0.536003 0.28085
0.523411 0.137438

0.536003 0.28085
0.0945528 0.185594

0.536003 0.28085
0.123649 0.272051

0.536003 0.28085
0.206227 0.340317

0.536003 0.28085
0.504108 0.20326

0.536003 0.28085
0.821005 0.398837

0.2352 0.524428
0.499255 0.444365

0.2352 0.524428
0.554439 0.18957

0.2352 0.524428
0.931194 0.799069

0.2352 0.524428
0.509802 0.736796

0.2352 0.524428
0.976897 0.627602

0.2352 0.524428
0.859684 0.0480671

0.2352 0.524428
0.533794 0.163864

0.2352 0.524428
0.857807 0.903137

0.2352 0.524428
0.673577 0.456201

0.2352 0.524428
0.40673 0.688144

0.2352 0.524428
0.892301 0.562646

0.2352 0.524428
0.0327977 0.0625272

0.2352 0.524428
0.658007 0.427505

0.2352 0.524428
0.197431 0.691079

0.2352 0.524428
0.523411 0.137438

0.2352 0.524428
0.0945528 0.185594

0.2352 0.524428
0.206227 0.340317

0.2352 0.524428
0.708124 0.236415

0.2352 0.524428
0.716741 0.0810276

0.2352 0.524428
0.116608 0.297045

0.2352 0.524428
0.0218987 0.860718

0.2352 0.524428
0.107572 0.495977

0.499255 0.444365
0.015761 0.385768

0.499255 0.444365
0.0479737 0.868698

0.499255 0.444365
0.931194 0.799069

0.499255 0.444365
0.0277666 0.681582

0.499255 0.444365
0.266498 0.915652

0.499255 0.444365
0.780471 0.346584

0.499255 0.444365
0.857807 0.903137

0.499255 0.444365
0.40673 0.688144

0.499255 0.444365
0.263463 0.130233

0.499255 0.444365
0.687178 0.911984

0.499255 0.444365
0.892301 0.562646

0.499255 0.444365
0.547931 0.962514

0.499255 0.444365
0.183925 0.0231565

0.499255 0.444365
0.504108 0.20326

0.499255 0.444365
0.981427 0.863893

0.554439 0.18957
0.797756 0.973941

0.554439 0.18957
0.015761 0.385768

0.554439 0.18957
0.0479737 0.868698

0.554439 0.18957
0.859684 0.0480671

0.554439 0.18957
0.705042 0.748705

0.554439 0.18957
0.453434 0.641747

0.554439 0.18957
0.472736 0.58567

0.554439 0.18957
0.687178 0.911984

0.554439 0.18957
0.658007 0.427505

0.554439 0.18957
0.278442 0.385603

0.554439 0.18957
0.206227 0.340317

0.554439 0.18957
0.708124 0.236415

0.554439 0.18957
0.646791 0.589429

0.554439 0.18957
0.116608 0.297045

0.554439 0.18957
0.821005 0.398837

0.554439 0.18957
0.0218987 0.860718

0.554439 0.18957
0.107572 0.495977

0.797756 0.973941
0.015761 0.385768

0.797756 0.973941
0.3026 0.800162

0.797756 0.973941
0.87083 0.459106

0.797756 0.973941
0.266498 0.915652

0.797756 0.973941
0.638985 0.287143

0.797756 0.973941
0.41355 0.252428

0.797756 0.973941
0.472736 0.58567

0.797756 0.973941
0.243243 0.899138

0.797756 0.973941
0.792649 0.633629

0.797756 0.973941
0.278442 0.385603

0.797756 0.973941
0.456179 0.39241

0.797756 0.973941
0.523411 0.137438

0.797756 0.973941
0.206227 0.340317

0.015761 0.385768
0.3026 0.800162

0.015761 0.385768
0.0506045 0.138761

0.015761 0.385768
0.0479737 0.868698

0.015761 0.385768
0.931194 0.799069

0.015761 0.385768
0.989853 0.253522

0.015761 0.385768
0.638985 0.287143

0.015761 0.385768
0.705042 0.748705

0.015761 0.385768
0.41355 0.252428

0.015761 0.385768
0.857807 0.903137

0.015761 0.385768
0.453434 0.641747

0.015761 0.385768
0.472736 0.58567

0.015761 0.385768
0.0327977 0.0625272

0.015761 0.385768
0.658007 0.427505

0.015761 0.385768
0.792649 0.633629

0.015761 0.385768
0.456179 0.39241

0.015761 0.385768
0.0945528 0.185594

0.015761 0.385768
0.646791 0.589429

0.015761 0.385768
0.716741 0.0810276

0.015761 0.385768
0.504108 0.20326

0.015761 0.385768
0.0218987 0.860718

0.015761 0.385768
0.981427 0.863893

0.3026 0.800162
0.0506045 0.138761

0.3026 0.800162
0.578253 0.332406

0.3026 0.800162
0.931194 0.799069

0.3026 0.800162
0.638985 0.287143

0.3026 0.800162
0.533794 0.163864

0.3026 0.800162
0.178333 0.410936

0.3026 0.800162
0.780471 0.346584

0.3026 0.800162
0.857807 0.903137

0.3026 0.800162
0.673577 0.456201

0.3026 0.800162
0.472736 0.58567

0.3026 0.800162
0.687178 0.911984

0.3026 0.800162
0.123649 0.272051

0.3026 0.800162
0.646791 0.589429

0.3026 0.800162
0.716741 0.0810276

0.3026 0.800162
0.0218987 0.860718

0.3026 0.800162
0.107572 0.495977

0.787586 0.363443
0.509802 0.736796

0.787586 0.363443
0.989853 0.253522

0.787586 0.363443
0.859684 0.0480671

0.787586 0.363443
0.638985 0.287143

0.787586 0.363443
0.533794 0.163864

0.787586 0.363443
0.857807 0.903137

0.787586 0.363443
0.673577 0.456201

0.787586 0.363443
0.453434 0.641747

0.787586 0.363443
0.687178 0.911984

0.787586 0.363443
0.792649 0.633629

0.787586 0.363443
0.547931 0.962514

0.787586 0.363443
0.123649 0.272051

0.787586 0.363443
0.206227 0.340317

0.787586 0.363443
0.708124 0.236415

0.787586 0.363443
0.504108 0.20326

0.787586 0.363443
0.116608 0.297045

0.787586 0.363443
0.821005 0.398837

0.787586 0.363443
0.981427 0.863893

0.787586 0.363443
0.107572 0.495977

0.0506045 0.138761
0.784179 0.150861

0.0506045 0.138761
0.0479737 0.868698

0.0506045 0.138761
0.859684 0.0480671

0.0506045 0.138761
0.87083 0.459106

0.0506045 0.138761
0.0277666 0.681582

0.0506045 0.138761
0.780471 0.346584

0.0506045 0.138761
0.40673 0.688144

0.0506045 0.138761
0.658007 0.427505

0.0506045 0.138761
0.183925 0.0231565

0.0506045 0.138761
0.278442 0.385603

0.0506045 0.138761
0.0945528 0.185594

0.0506045 0.138761
0.206227 0.340317

0.0506045 0.138761
0.708124 0.236415

0.0506045 0.138761
0.646791 0.589429

0.0506045 0.138761
0.116608 0.297045

0.0506045 0.138761
0.821005 0.398837

0.578253 0.332406
0.931194 0.799069

0.578253 0.332406
0.509802 0.736796

0.578253 0.332406
0.266498 0.915652

0.578253 0.332406
0.705042 0.748705

0.578253 0.332406
0.534251 0.64662

0.578253 0.332406
0.673577 0.456201

0.578253 0.332406
0.263463 0.130233

0.578253 0.332406
0.0327977 0.0625272

0.578253 0.332406
0.523411 0.137438

0.578253 0.332406
0.123649 0.272051

0.578253 0.332406
0.206227 0.340317

0.578253 0.332406
0.273871 0.788001

0.578253 0.332406
0.504108 0.20326

0.578253 0.332406
0.821005 0.398837

0.578253 0.332406
0.107572 0.495977

0.784179 0.150861
0.989853 0.253522

0.784179 0.150861
0.976897 0.627602

0.784179 0.150861
0.87083 0.459106

0.784179 0.150861
0.266498 0.915652

0.784179 0.150861
0.638985 0.287143

0.784179 0.150861
0.178333 0.410936

0.784179 0.150861
0.780471 0.346584

0.784179 0.150861
0.726826 0.926164

0.784179 0.150861
0.857807 0.903137

0.784179 0.150861
0.0327977 0.0625272

0.784179 0.150861
0.278442 0.385603

0.784179 0.150861
0.523411 0.137438

0.784179 0.150861
0.116608 0.297045

0.784179 0.150861
0.821005 0.398837

0.784179 0.150861
0.0218987 0.860718

0.784179 0.150861
0.981427 0.863893

0.0479737 0.868698
0.931194 0.799069

0.0479737 0.868698
0.509802 0.736796

0.0479737 0.868698
0.87083 0.459106

0.0479737 0.868698
0.0277666 0.681582

0.0479737 0.868698
0.533794 0.163864

0.0479737 0.868698
0.178333 0.410936

0.0479737 0.868698
0.780471 0.346584

0.0479737 0.868698
0.41355 0.252428

0.0479737 0.868698
0.673577 0.456201

0.0479737 0.868698
0.621567 0.15897

0.0479737 0.868698
0.472736 0.58567

0.0479737 0.868698
0.687178 0.911984

0.0479737 0.868698
0.197431 0.691079

0.0479737 0.868698
0.0945528 0.185594

0.0479737 0.868698
0.708124 0.236415

0.0479737 0.868698
0.646791 0.589429

0.0479737 0.868698
0.504108 0.20326

0.0479737 0.868698
0.116608 0.297045

0.0479737 0.868698
0.821005 0.398837

0.0479737 0.868698
0.107572 0.495977

0.931194 0.799069
0.87083 0.459106

0.931194 0.799069
0.0277666 0.681582

0.931194 0.799069
0.451288 0.0605966

0.931194 0.799069
0.178333 0.410936

0.931194 0.799069
0.705042 0.748705

0.931194 0.799069
0.534251 0.64662

0.931194 0.799069
0.780471 0.346584

0.931194 0.799069
0.726826 0.926164

0.931194 0.799069
0.673577 0.456201

0.931194 0.799069
0.40673 0.688144

0.931194 0.799069
0.183925 0.0231565

0.931194 0.799069
0.0945528 0.185594

0.931194 0.799069
0.273871 0.788001

0.931194 0.799069
0.981427 0.863893

0.509802 0.736796
0.989853 0.253522

0.509802 0.736796
0.976897 0.627602

0.509802 0.736796
0.859684 0.0480671

0.509802 0.736796
0.533794 0.163864

0.509802 0.736796
0.780471 0.346584

0.509802 0.736796
0.892301 0.562646

0.509802 0.736796
0.658007 0.427505

0.509802 0.736796
0.207422 0.743101

0.509802 0.736796
0.456179 0.39241

0.509802 0.736796
0.123649 0.272051

0.509802 0.736796
0.708124 0.236415

0.509802 0.736796
0.116608 0.297045

0.989853 0.253522
0.0277666 0.681582

0.989853 0.253522
0.451288 0.0605966

0.989853 0.253522
0.178333 0.410936

0.989853 0.253522
0.472736 0.58567

0.989853 0.253522
0.243243 0.899138

0.989853 0.253522
0.263463 0.130233

0.989853 0.253522
0.687178 0.911984

0.989853 0.253522
0.0327977 0.0625272

0.989853 0.253522
0.197431 0.691079

0.989853 0.253522
0.523411 0.137438

0.989853 0.253522
0.708124 0.236415

0.989853 0.253522
0.646791 0.589429

0.989853 0.253522
0.821005 0.398837

0.976897 0.627602
0.87083 0.459106

0.976897 0.627602
0.533794 0.163864

0.976897 0.627602
0.705042 0.748705

0.976897 0.627602
0.534251 0.64662

0.976897 0.627602
0.243243 0.899138

0.976897 0.627602
0.687178 0.911984

0.976897 0.627602
0.0327977 0.0625272

0.976897 0.627602
0.456179 0.39241

0.976897 0.627602
0.523411 0.137438

0.976897 0.627602
0.504108 0.20326

0.976897 0.627602
0.107572 0.495977

0.859684 0.0480671
0.638985 0.287143

0.859684 0.0480671
0.726826 0.926164

0.859684 0.0480671
0.673577 0.456201

0.859684 0.0480671
0.621567 0.15897

0.859684 0.0480671
0.453434 0.641747

0.859684 0.0480671
0.472736 0.58567

0.859684 0.0480671
0.40673 0.688144

0.859684 0.0480671
0.263463 0.130233

0.859684 0.0480671
0.687178 0.911984

0.859684 0.0480671
0.792649 0.633629

0.859684 0.0480671
0.547931 0.962514

0.859684 0.0480671
0.278442 0.385603

0.859684 0.0480671
0.123649 0.272051

0.859684 0.0480671
0.206227 0.340317

0.859684 0.0480671
0.504108 0.20326

0.859684 0.0480671
0.821005 0.398837

0.87083 0.459106
0.534251 0.64662

0.87083 0.459106
0.40673 0.688144

0.87083 0.459106
0.0327977 0.0625272

0.87083 0.459106
0.792649 0.633629

0.87083 0.459106
0.183925 0.0231565

0.87083 0.459106
0.0945528 0.185594

0.87083 0.459106
0.123649 0.272051

0.87083 0.459106
0.708124 0.236415

0.87083 0.459106
0.273871 0.788001

0.87083 0.459106
0.0218987 0.860718

0.87083 0.459106
0.107572 0.495977

0.0277666 0.681582
0.451288 0.0605966

0.0277666 0.681582
0.533794 0.163864

0.0277666 0.681582
0.472736 0.58567

0.0277666 0.681582
0.263463 0.130233

0.0277666 0.681582
0.197431 0.691079

0.0277666 0.681582
0.708124 0.236415

0.0277666 0.681582
0.273871 0.788001

0.0277666 0.681582
0.504108 0.20326

0.0277666 0.681582
0.821005 0.398837

0.0277666 0.681582
0.0218987 0.860718

0.0277666 0.681582
0.981427 0.863893

0.0277666 0.681582
0.107572 0.495977

0.266498 0.915652
0.780471 0.346584

0.266498 0.915652
0.40673 0.688144

0.266498 0.915652
0.687178 0.911984

0.266498 0.915652
0.0327977 0.0625272

0.266498 0.915652
0.197431 0.691079

0.266498 0.915652
0.183925 0.0231565

0.266498 0.915652
0.278442 0.385603

0.266498 0.915652
0.0945528 0.185594

0.266498 0.915652
0.107572 0.495977

0.451288 0.0605966
0.533794 0.163864

0.451288 0.0605966
0.705042 0.748705

0.451288 0.0605966
0.534251 0.64662

0.451288 0.0605966
0.726826 0.926164

0.451288 0.0605966
0.621567 0.15897

0.451288 0.0605966
0.40673 0.688144

0.451288 0.0605966
0.687178 0.911984

0.451288 0.0605966
0.0327977 0.0625272

0.451288 0.0605966
0.658007 0.427505

0.451288 0.0605966
0.792649 0.633629

0.451288 0.0605966
0.547931 0.962514

0.451288 0.0605966
0.207422 0.743101

0.451288 0.0605966
0.197431 0.691079

0.451288 0.0605966
0.278442 0.385603

0.451288 0.0605966
0.123649 0.272051

0.451288 0.0605966
0.646791 0.589429

0.451288 0.0605966
0.504108 0.20326

0.451288 0.0605966
0.0218987 0.860718

0.451288 0.0605966
0.107572 0.495977

0.638985 0.287143
0.533794 0.163864

0.638985 0.287143
0.534251 0.64662

0.638985 0.287143
0.780471 0.346584

0.638985 0.287143
0.41355 0.252428

0.638985 0.287143
0.453434 0.641747

0.638985 0.287143
0.40673 0.688144

0.638985 0.287143
0.892301 0.562646

0.638985 0.287143
0.658007 0.427505

0.638985 0.287143
0.197431 0.691079

0.638985 0.287143
0.278442 0.385603

0.638985 0.287143
0.0945528 0.185594

0.638985 0.287143
0.123649 0.272051

0.638985 0.287143
0.504108 0.20326

0.638985 0.287143
0.981427 0.863893

0.533794 0.163864
0.178333 0.410936

0.533794 0.163864
0.534251 0.64662

0.533794 0.163864
0.726826 0.926164

0.533794 0.163864
0.41355 0.252428

0.533794 0.163864
0.472736 0.58567

0.533794 0.163864
0.687178 0.911984

0.533794 0.163864
0.658007 0.427505

0.533794 0.163864
0.207422 0.743101

0.533794 0.163864
0.197431 0.691079

0.533794 0.163864
0.278442 0.385603

0.533794 0.163864
0.456179 0.39241

0.533794 0.163864
0.523411 0.137438

0.533794 0.163864
0.0945528 0.185594

0.533794 0.163864
0.206227 0.340317

0.533794 0.163864
0.116608 0.297045

0.533794 0.163864
0.981427 0.863893

0.533794 0.163864
0.107572 0.495977

0.178333 0.410936
0.780471 0.346584

0.178333 0.410936
0.857807 0.903137

0.178333 0.410936
0.621567 0.15897

0.178333 0.410936
0.40673 0.688144

0.178333 0.410936
0.792649 0.633629

0.178333 0.410936
0.547931 0.962514

0.178333 0.410936
0.456179 0.39241

0.178333 0.410936
0.206227 0.340317

0.178333 0.410936
0.708124 0.236415

0.178333 0.410936
0.504108 0.20326

0.178333 0.410936
0.116608 0.297045

0.705042 0.748705
0.780471 0.346584

0.705042 0.748705
0.726826 0.926164

0.705042 0.748705
0.41355 0.252428

0.705042 0.748705
0.40673 0.688144

0.705042 0.748705
0.243243 0.899138

0.705042 0.748705
0.792649 0.633629

0.705042 0.748705
0.456179 0.39241

0.705042 0.748705
0.0945528 0.185594

0.705042 0.748705
0.206227 0.340317

0.705042 0.748705
0.273871 0.788001

0.705042 0.748705
0.116608 0.297045

0.534251 0.64662
0.726826 0.926164

0.534251 0.64662
0.41355 0.252428

0.534251 0.64662
0.621567 0.15897

0.534251 0.64662
0.472736 0.58567

0.534251 0.64662
0.40673 0.688144

0.534251 0.64662
0.263463 0.130233

0.534251 0.64662
0.687178 0.911984

0.534251 0.64662
0.0327977 0.0625272

0.534251 0.64662
0.792649 0.633629

0.534251 0.64662
0.183925 0.0231565

0.534251 0.64662
0.278442 0.385603

0.534251 0.64662
0.273871 0.788001

0.534251 0.64662
0.646791 0.589429

0.534251 0.64662
0.716741 0.0810276

0.534251 0.64662
0.116608 0.297045

0.534251 0.64662
0.821005 0.398837

0.534251 0.64662
0.107572 0.495977

0.780471 0.346584
0.263463 0.130233

0.780471 0.346584
0.687178 0.911984

0.780471 0.346584
0.658007 0.427505

0.780471 0.346584
0.183925 0.0231565

0.780471 0.346584
0.456179 0.39241

0.780471 0.346584
0.708124 0.236415

0.780471 0.346584
0.273871 0.788001

0.780471 0.346584
0.504108 0.20326

0.780471 0.346584
0.821005 0.398837

0.780471 0.346584
0.107572 0.495977

0.726826 0.926164
0.0327977 0.0625272

0.726826 0.926164
0.658007 0.427505

0.726826 0.926164
0.273871 0.788001

0.726826 0.926164
0.821005 0.398837

0.726826 0.926164
0.107572 0.495977

0.41355 0.252428
0.857807 0.903137

0.41355 0.252428
0.621567 0.15897

0.41355 0.252428
0.453434 0.641747

0.41355 0.252428
0.892301 0.562646

0.41355 0.252428
0.197431 0.691079

0.41355 0.252428
0.278442 0.385603

0.41355 0.252428
0.0945528 0.185594

0.41355 0.252428
0.206227 0.340317

0.857807 0.903137
0.673577 0.456201

0.857807 0.903137
0.453434 0.641747

0.857807 0.903137
0.40673 0.688144

0.857807 0.903137
0.892301 0.562646

0.857807 0.903137
0.658007 0.427505

0.857807 0.903137
0.278442 0.385603

0.857807 0.903137
0.523411 0.137438

0.857807 0.903137
0.708124 0.236415

0.857807 0.903137
0.716741 0.0810276

0.857807 0.903137
0.116608 0.297045

0.673577 0.456201
0.621567 0.15897

0.673577 0.456201
0.40673 0.688144

0.673577 0.456201
0.0327977 0.0625272

0.673577 0.456201
0.658007 0.427505

0.673577 0.456201
0.278442 0.385603

0.673577 0.456201
0.981427 0.863893

0.621567 0.15897
0.453434 0.641747

0.621567 0.15897
0.263463 0.130233

0.621567 0.15897
0.658007 0.427505

0.621567 0.15897
0.547931 0.962514

0.621567 0.15897
0.0945528 0.185594

0.453434 0.641747
0.263463 0.130233

0.453434 0.641747
0.687178 0.911984

0.453434 0.641747
0.658007 0.427505

0.453434 0.641747
0.183925 0.0231565

0.453434 0.641747
0.278442 0.385603

0.453434 0.641747
0.716741 0.0810276

0.453434 0.641747
0.0218987 0.860718

0.472736 0.58567
0.263463 0.130233

0.472736 0.58567
0.892301 0.562646

0.472736 0.58567
0.708124 0.236415

0.472736 0.58567
0.273871 0.788001

0.472736 0.58567
0.716741 0.0810276

0.472736 0.58567
0.0218987 0.860718

0.40673 0.688144
0.687178 0.911984

0.40673 0.688144
0.207422 0.743101

0.40673 0.688144
0.197431 0.691079

0.40673 0.688144
0.456179 0.39241

0.40673 0.688144
0.523411 0.137438

0.40673 0.688144
0.206227 0.340317

0.40673 0.688144
0.273871 0.788001

0.40673 0.688144
0.646791 0.589429

0.40673 0.688144
0.116608 0.297045

0.243243 0.899138
0.263463 0.130233

0.243243 0.899138
0.892301 0.562646

0.243243 0.899138
0.183925 0.0231565

0.243243 0.899138
0.716741 0.0810276

0.243243 0.899138
0.981427 0.863893

0.263463 0.130233
0.207422 0.743101

0.263463 0.130233
0.183925 0.0231565

0.263463 0.130233
0.523411 0.137438

0.263463 0.130233
0.0945528 0.185594

0.263463 0.130233
0.821005 0.398837

0.263463 0.130233
0.0218987 0.860718

0.687178 0.911984
0.0327977 0.0625272

0.687178 0.911984
0.207422 0.743101

0.687178 0.911984
0.278442 0.385603

0.687178 0.911984
0.456179 0.39241

0.687178 0.911984
0.107572 0.495977

0.892301 0.562646
0.658007 0.427505

0.892301 0.562646
0.207422 0.743101

0.892301 0.562646
0.456179 0.39241

0.892301 0.562646
0.523411 0.137438

0.892301 0.562646
0.0945528 0.185594

0.892301 0.562646
0.708124 0.236415

0.892301 0.562646
0.273871 0.788001

0.892301 0.562646
0.716741 0.0810276

0.892301 0.562646
0.0218987 0.860718

0.892301 0.562646
0.981427 0.863893

0.0327977 0.0625272
0.792649 0.633629

0.0327977 0.0625272
0.547931 0.962514

0.0327977 0.0625272
0.207422 0.743101

0.0327977 0.0625272
0.197431 0.691079

0.0327977 0.0625272
0.278442 0.385603

0.0327977 0.0625272
0.0945528 0.185594

0.0327977 0.0625272
0.123649 0.272051

0.0327977 0.0625272
0.708124 0.236415

0.0327977 0.0625272
0.273871 0.788001

0.0327977 0.0625272
0.0218987 0.860718

0.658007 0.427505
0.792649 0.633629

0.658007 0.427505
0.547931 0.962514

0.658007 0.427505
0.0945528 0.185594

0.658007 0.427505
0.123649 0.272051

0.658007 0.427505
0.206227 0.340317

0.658007 0.427505
0.646791 0.589429

0.658007 0.427505
0.504108 0.20326

0.658007 0.427505
0.107572 0.495977

0.792649 0.633629
0.278442 0.385603

0.792649 0.633629
0.0945528 0.185594

0.792649 0.633629
0.708124 0.236415

0.792649 0.633629
0.504108 0.20326

0.547931 0.962514
0.278442 0.385603

0.547931 0.962514
0.273871 0.788001

0.547931 0.962514
0.716741 0.0810276

0.547931 0.962514
0.116608 0.297045

0.547931 0.962514
0.821005 0.398837

0.207422 0.743101
0.523411 0.137438

0.207422 0.743101
0.206227 0.340317

0.207422 0.743101
0.708124 0.236415

0.207422 0.743101
0.646791 0.589429

0.207422 0.743101
0.116608 0.297045

0.207422 0.743101
0.821005 0.398837

0.207422 0.743101
0.0218987 0.860718

0.197431 0.691079
0.278442 0.385603

0.197431 0.691079
0.0945528 0.185594

0.197431 0.691079
0.273871 0.788001

0.197431 0.691079
0.504108 0.20326

0.197431 0.691079
0.116608 0.297045

0.197431 0.691079
0.0218987 0.860718

0.197431 0.691079
0.107572 0.495977

0.183925 0.0231565
0.716741 0.0810276

0.183925 0.0231565
0.116608 0.297045

0.183925 0.0231565
0.0218987 0.860718

0.278442 0.385603
0.123649 0.272051

0.278442 0.385603
0.206227 0.340317

0.278442 0.385603
0.708124 0.236415

0.456179 0.39241
0.0945528 0.185594

0.456179 0.39241
0.206227 0.340317

0.456179 0.39241
0.708124 0.236415

0.456179 0.39241
0.821005 0.398837

0.456179 0.39241
0.0218987 0.860718

0.456179 0.39241
0.981427 0.863893

0.523411 0.137438
0.504108 0.20326

0.0945528 0.185594
0.123649 0.272051

0.0945528 0.185594
0.708124 0.236415

0.0945528 0.185594
0.646791 0.589429

0.0945528 0.185594
0.504108 0.20326

0.0945528 0.185594
0.116608 0.297045

0.123649 0.272051
0.646791 0.589429

0.123649 0.272051
0.716741 0.0810276

0.123649 0.272051
0.504108 0.20326

0.206227 0.340317
0.273871 0.788001

0.708124 0.236415
0.504108 0.20326

0.273871 0.788001
0.0218987 0.860718

0.716741 0.0810276
0.705042 0.748705

0.716741 0.0810276
0.116608 0.297045

0.716741 0.0810276
0.0218987 0.860718

0.504108 0.20326
0.821005 0.398837

0.504108 0.20326
0.981427 0.863893

0.0218987 0.860718
0.107572 0.495977

0.981427 0.863893
0.107572 0.495977

