0.0874002 0.547173 0.02
0.068578 0.0923226 0.02
0.578175 0.58638 0.02
0.906492 0.362766 0.02
0.84862 0.774819 0.02
0.552952 0.115686 0.02
0.115627 0.801001 0.02
0.881224 0.919889 0.02
0.424369 0.0263556 0.02
0.234307 0.826983 0.02
0.376764 0.505941 0.02
0.286753 0.774288 0.02
0.583236 0.685163 0.02
0.0832464 0.107856 0.02
0.299298 0.301719 0.02
0.438031 0.0609684 0.02
0.170899 0.114067 0.02
0.141842 0.808587 0.02
0.159614 0.644084 0.02
0.00970006 0.111697 0.02
0.913465 0.547737 0.02
0.26551 0.833338 0.02
0.969114 0.000123432 0.02
0.0829102 0.589965 0.02
0.458482 0.931819 0.02
0.374049 0.292561 0.02
0.712202 0.991636 0.02
0.703409 0.111234 0.02
0.707585 0.178328 0.02
0.466027 0.994765 0.02
0.267413 0.100547 0.02
0.586401 0.550521 0.02
0.137338 0.805057 0.02
0.228905 0.156093 0.02
0.031175 0.871221 0.02
0.613851 0.484146 0.02
0.662729 0.645418 0.02
0.961292 0.889679 0.02
0.743045 0.0721814 0.02
0.997687 0.371184 0.02
0.0201943 0.718086 0.02
0.185425 0.971101 0.02
0.766855 0.956111 0.02
0.284408 0.621816 0.02
0.741044 0.277823 0.02
0.287796 0.774307 0.02
0.492097 0.433864 0.02
0.704288 0.134885 0.02
0.477838 0.881218 0.02
