0.631568 0.918793
0.0611035 0.364295

0.631568 0.918793
0.65937 0.617045

0.631568 0.918793
0.119046 0.251159

0.631568 0.918793
0.672601 0.147564

0.631568 0.918793
0.732997 0.726042

0.631568 0.918793
0.207784 0.550326

0.631568 0.918793
0.748821 0.137334

0.631568 0.918793
0.28028 0.900542

0.631568 0.918793
0.741773 0.4647

0.631568 0.918793
0.889234 0.577806

0.631568 0.918793
0.584073 0.403833

0.631568 0.918793
0.711481 0.337754

0.631568 0.918793
0.99659 0.96203

0.631568 0.918793
0.0552683 0.995641

0.631568 0.918793
0.758889 0.707766

0.0611035 0.364295
0.568173 0.245043

0.0611035 0.364295
0.672601 0.147564

0.0611035 0.364295
0.732997 0.726042

0.0611035 0.364295
0.363424 0.975358

0.0611035 0.364295
0.207784 0.550326

0.0611035 0.364295
0.28028 0.900542

0.0611035 0.364295
0.741773 0.4647

0.0611035 0.364295
0.711481 0.337754

0.0611035 0.364295
0.99659 0.96203

0.0611035 0.364295
0.0552683 0.995641

0.0611035 0.364295
0.959346 0.753899

0.0611035 0.364295
0.758889 0.707766

0.0611035 0.364295
0.591642 0.13668

0.65937 0.617045
0.568173 0.245043

0.65937 0.617045
0.672601 0.147564

0.65937 0.617045
0.363424 0.975358

0.65937 0.617045
0.207784 0.550326

0.65937 0.617045
0.748821 0.137334

0.65937 0.617045
0.28028 0.900542

0.65937 0.617045
0.889234 0.577806

0.65937 0.617045
0.584073 0.403833

0.65937 0.617045
0.99659 0.96203

0.65937 0.617045
0.0552683 0.995641

0.65937 0.617045
0.959346 0.753899

0.65937 0.617045
0.758889 0.707766

0.65937 0.617045
0.591642 0.13668

0.119046 0.251159
0.568173 0.245043

0.119046 0.251159
0.672601 0.147564

0.119046 0.251159
0.732997 0.726042

0.119046 0.251159
0.363424 0.975358

0.119046 0.251159
0.28028 0.900542

0.119046 0.251159
0.741773 0.4647

0.119046 0.251159
0.889234 0.577806

0.119046 0.251159
0.584073 0.403833

0.119046 0.251159
0.711481 0.337754

0.119046 0.251159
0.99659 0.96203

0.119046 0.251159
0.959346 0.753899

0.119046 0.251159
0.591642 0.13668

0.568173 0.245043
0.672601 0.147564

0.568173 0.245043
0.732997 0.726042

0.568173 0.245043
0.363424 0.975358

0.568173 0.245043
0.207784 0.550326

0.568173 0.245043
0.748821 0.137334

0.568173 0.245043
0.28028 0.900542

0.568173 0.245043
0.741773 0.4647

0.568173 0.245043
0.889234 0.577806

0.568173 0.245043
0.584073 0.403833

0.568173 0.245043
0.711481 0.337754

0.568173 0.245043
0.99659 0.96203

0.568173 0.245043
0.0552683 0.995641

0.568173 0.245043
0.959346 0.753899

0.568173 0.245043
0.758889 0.707766

0.672601 0.147564
0.748821 0.137334

0.672601 0.147564
0.28028 0.900542

0.672601 0.147564
0.889234 0.577806

0.672601 0.147564
0.584073 0.403833

0.672601 0.147564
0.99659 0.96203

0.672601 0.147564
0.0552683 0.995641

0.672601 0.147564
0.959346 0.753899

0.672601 0.147564
0.591642 0.13668

0.732997 0.726042
0.0611035 0.364295

0.732997 0.726042
0.363424 0.975358

0.732997 0.726042
0.207784 0.550326

0.732997 0.726042
0.748821 0.137334

0.732997 0.726042
0.28028 0.900542

0.732997 0.726042
0.584073 0.403833

0.732997 0.726042
0.99659 0.96203

0.732997 0.726042
0.959346 0.753899

0.363424 0.975358
0.207784 0.550326

0.363424 0.975358
0.748821 0.137334

0.363424 0.975358
0.28028 0.900542

0.363424 0.975358
0.584073 0.403833

0.363424 0.975358
0.711481 0.337754

0.363424 0.975358
0.0552683 0.995641

0.363424 0.975358
0.959346 0.753899

0.363424 0.975358
0.591642 0.13668

0.207784 0.550326
0.748821 0.137334

0.207784 0.550326
0.741773 0.4647

0.207784 0.550326
0.889234 0.577806

0.207784 0.550326
0.584073 0.403833

0.207784 0.550326
0.711481 0.337754

0.207784 0.550326
0.0552683 0.995641

0.207784 0.550326
0.959346 0.753899

0.748821 0.137334
0.28028 0.900542

0.748821 0.137334
0.741773 0.4647

0.748821 0.137334
0.889234 0.577806

0.748821 0.137334
0.711481 0.337754

0.748821 0.137334
0.99659 0.96203

0.748821 0.137334
0.758889 0.707766

0.748821 0.137334
0.591642 0.13668

0.28028 0.900542
0.741773 0.4647

0.28028 0.900542
0.584073 0.403833

0.28028 0.900542
0.711481 0.337754

0.28028 0.900542
0.99659 0.96203

0.28028 0.900542
0.959346 0.753899

0.28028 0.900542
0.758889 0.707766

0.28028 0.900542
0.591642 0.13668

0.741773 0.4647
0.584073 0.403833

0.741773 0.4647
0.0552683 0.995641

0.889234 0.577806
0.584073 0.403833

0.889234 0.577806
0.711481 0.337754

0.889234 0.577806
0.99659 0.96203

0.889234 0.577806
0.0552683 0.995641

0.889234 0.577806
0.959346 0.753899

0.889234 0.577806
0.591642 0.13668

0.584073 0.403833
0.711481 0.337754

0.584073 0.403833
0.959346 0.753899

0.711481 0.337754
0.0552683 0.995641

0.711481 0.337754
0.959346 0.753899

0.711481 0.337754
0.758889 0.707766

0.711481 0.337754
0.591642 0.13668

0.99659 0.96203
0.0552683 0.995641

0.99659 0.96203
0.959346 0.753899

0.99659 0.96203
0.591642 0.13668

0.0552683 0.995641
0.959346 0.753899

0.0552683 0.995641
0.758889 0.707766

0.959346 0.753899
0.591642 0.13668

0.758889 0.707766
0.591642 0.13668

