0.0523346 0.311062 0
0.84487 0.456519 0
0.40116 0.963673 0
0.325204 0.437147 0
0.968969 0.184562 0
0.0506109 0.0546409 0
0.53509 0.360457 0
0.667405 0.353449 0
0.567276 0.317821 0
0.703417 0.634568 0
0.92071 0.939926 0
0.634777 0.670839 0
0.316619 0.932415 0
0.791559 0.269023 0
0.382935 0.172309 0
0.856965 0.218901 0
0.453747 0.909738 0
0.970629 0.161596 0
0.225551 0.264184 0
0.156556 0.0645429 0
0.851398 0.816462 0
0.47712 0.233928 0
0.253262 0.549617 0
0.229224 0.105449 0
0.422309 0.421629 0
0.239398 0.105027 0
0.423567 0.778977 0
0.10491 0.485789 0
0.303444 0.85269 0
0.261265 0.502818 0
0.660945 0.539547 0
0.303431 0.621038 0
0.854285 0.854869 0
0.0570884 0.834561 0
0.659559 0.750118 0
0.860337 0.814522 0
0.611569 0.233199 0
0.797781 0.738812 0
0.454062 0.866798 0
0.928264 0.271061 0
0.599627 0.247562 0
0.188191 0.464301 0
0.762053 0.0309858 0
0.350876 0.233639 0
0.418178 0.181622 0
0.0735201 0.895928 0
0.64989 0.0653451 0
0.591196 0.539421 0
0.568957 0.177404 0
0.508535 0.808313 0
0.559019 0.0932934 0
0.915647 0.126441 0
0.371685 0.397829 0
0.504974 0.196128 0
0.257815 0.622464 0
0.220906 0.195516 0
0.126609 0.507508 0
0.323539 0.327129 0
0.523535 0.448917 0
0.000584612 0.429749 0
0.458435 0.575782 0
0.0148726 0.49194 0
0.21568 0.450916 0
0.314469 0.52784 0
0.522744 0.724778 0
0.687231 0.775069 0
0.383301 0.348923 0
0.459222 0.0900485 0
0.649388 0.856541 0
0.752881 0.397899 0
0.367869 0.0582628 0
0.845124 0.51434 0
0.0991767 0.447897 0
0.291623 0.270938 0
0.225843 0.146211 0
0.717933 0.656003 0
0.0864117 0.30504 0
0.0180239 0.0820837 0
0.762535 0.24908 0
0.607469 0.502997 0
0.844076 0.738633 0
0.816251 0.644251 0
0.128318 0.678422 0
0.141034 0.230745 0
0.517168 0.0210052 0
0.955716 0.53505 0
0.418125 0.580443 0
0.632226 0.54048 0
0.0966719 0.0233701 0
0.182198 0.296739 0
0.745592 0.613818 0
0.310817 0.271594 0
0.559278 0.349821 0
0.159213 0.123861 0
0.90773 0.970027 0
0.339023 0.288062 0
0.538449 0.256877 0
0.188706 0.485705 0
0.686932 0.342741 0
0.4472 0.496148 0
0.33397 0.882336 0
0.765605 0.713537 0
0.136276 0.255479 0
0.866389 0.149084 0
0.542771 0.822047 0
0.211242 0.0058337 0
0.903111 0.0246285 0
0.319732 0.904556 0
0.324747 0.106746 0
0.093151 0.355177 0
0.520696 0.686288 0
0.624262 0.324085 0
0.17399 0.414531 0
0.170666 0.661358 0
0.373052 0.0985722 0
0.267122 0.111076 0
0.917292 0.895956 0
0.421333 0.47512 0
0.825552 0.00505191 0
0.253785 0.7044 0
0.317179 0.792175 0
0.405944 0.973432 0
0.458766 0.463427 0
0.820305 0.562851 0
0.423454 0.837177 0
0.817005 0.473618 0
0.697337 0.0165744 0
0.835865 0.875481 0
0.57134 0.951142 0
0.733796 0.539446 0
0.234122 0.278962 0
0.137947 0.195941 0
0.101679 0.391841 0
0.224183 0.743642 0
0.148379 0.599338 0
0.0889954 0.905157 0
0.177153 0.280565 0
0.816097 0.99027 0
0.253545 0.800851 0
0.977313 0.747759 0
0.925003 0.378225 0
0.616438 0.0935793 0
0.485931 0.821323 0
0.594665 0.00800233 0
0.448919 0.578555 0
0.819297 0.644488 0
0.361123 0.466109 0
0.0570359 0.980157 0
0.380897 0.514824 0
0.253308 0.946358 0
0.985984 0.432473 0
0.967501 0.139641 0
0.507636 0.375463 0
0.436242 0.563319 0
0.176708 0.902099 0
0.773685 0.787772 0
0.475932 0.70365 0
0.148064 0.281154 0
0.637178 0.417897 0
0.210843 0.799438 0
0.826137 0.782466 0
0.417519 0.475001 0
0.580619 0.406175 0
0.429441 0.754425 0
0.989053 0.832354 0
0.0490471 0.608075 0
0.0765641 0.885423 0
0.590964 0.300884 0
0.428483 0.8911 0
0.462922 0.142867 0
0.813186 0.962166 0
0.3218 0.592247 0
0.24468 0.975039 0
0.157078 0.458929 0
0.441011 0.385338 0
0.501231 0.533787 0
0.665463 0.0783218 0
0.2034 0.547636 0
0.880923 0.71264 0
0.642764 0.180126 0
0.259025 0.4271 0
0.605275 0.910503 0
0.417446 0.0496917 0
0.975864 0.63061 0
0.984771 0.434371 0
0.536082 0.982525 0
0.0765697 0.573094 0
0.15059 0.242204 0
0.139763 0.308685 0
0.156056 0.683496 0
0.254764 0.927091 0
0.0733071 0.208779 0
0.813985 0.991666 0
0.261818 0.959731 0
0.189927 0.955911 0
0.710105 0.479428 0
0.301784 0.0390266 0
0.366949 0.670331 0
0.649257 0.0342235 0
0.195662 0.417604 0
