0.655071 0.140213
0.76889 0.839053

0.655071 0.140213
0.0208524 0.444988

0.655071 0.140213
0.94117 0.0712178

0.655071 0.140213
0.0604954 0.195185

0.655071 0.140213
0.768242 0.832427

0.859602 0.4323
0.892131 0.671176

0.859602 0.4323
0.94117 0.0712178

0.859602 0.4323
0.0110092 0.0757546

0.859602 0.4323
0.22359 0.377082

0.859602 0.4323
0.0604954 0.195185

0.46042 0.504687
0.135332 0.0229064

0.46042 0.504687
0.270605 0.491893

0.46042 0.504687
0.0604954 0.195185

0.46042 0.504687
0.164502 0.051762

0.76889 0.839053
0.0208524 0.444988

0.76889 0.839053
0.29901 0.80832

0.76889 0.839053
0.91607 0.396602

0.0208524 0.444988
0.0604954 0.195185

0.0208524 0.444988
0.469654 0.96221

0.29901 0.80832
0.861936 0.0837057

0.29901 0.80832
0.771951 0.6969

0.29901 0.80832
0.0604954 0.195185

0.29901 0.80832
0.469654 0.96221

0.29901 0.80832
0.768242 0.832427

0.91607 0.396602
0.861936 0.0837057

0.91607 0.396602
0.892131 0.671176

0.91607 0.396602
0.22359 0.377082

0.861936 0.0837057
0.270605 0.491893

0.861936 0.0837057
0.22359 0.377082

0.861936 0.0837057
0.469654 0.96221

0.861936 0.0837057
0.164502 0.051762

0.892131 0.671176
0.771951 0.6969

0.892131 0.671176
0.0110092 0.0757546

0.892131 0.671176
0.22359 0.377082

0.892131 0.671176
0.164502 0.051762

0.771951 0.6969
0.135332 0.0229064

0.771951 0.6969
0.270605 0.491893

0.771951 0.6969
0.78033 0.910135

0.771951 0.6969
0.768242 0.832427

0.135332 0.0229064
0.270605 0.491893

0.135332 0.0229064
0.0110092 0.0757546

0.135332 0.0229064
0.469654 0.96221

0.270605 0.491893
0.0604954 0.195185

0.270605 0.491893
0.469654 0.96221

0.0110092 0.0757546
0.78033 0.910135

0.0110092 0.0757546
0.22359 0.377082

0.0110092 0.0757546
0.0604954 0.195185

0.78033 0.910135
0.22359 0.377082

0.78033 0.910135
0.0604954 0.195185

0.78033 0.910135
0.469654 0.96221

0.78033 0.910135
0.768242 0.832427

0.22359 0.377082
0.0604954 0.195185

0.22359 0.377082
0.768242 0.832427

0.22359 0.377082
0.164502 0.051762

0.0604954 0.195185
0.768242 0.832427

0.0604954 0.195185
0.164502 0.051762

0.768242 0.832427
0.164502 0.051762

