0.655071 0.140213 0.742188
0.859602 0.4323 0.71875
0.46042 0.504687 0.25
0.76889 0.839053 0.789062
0.0208524 0.444988 0.765625
0.29901 0.80832 0.648438
0.91607 0.396602 0.789062
0.861936 0.0837057 0.929688
0.892131 0.671176 0.789062
0.94117 0.0712178 1
0.771951 0.6969 0.671875
0.135332 0.0229064 0.929688
0.270605 0.491893 0.484375
0.0110092 0.0757546 0.976562
0.78033 0.910135 0.859375
0.22359 0.377082 0.554688
0.0604954 0.195185 0.835938
0.469654 0.96221 0.789062
0.768242 0.832427 0.765625
0.164502 0.051762 0.882812
