0.564444 0.339594
0.434758 0.113727

0.564444 0.339594
0.630242 0.627146

0.706855 0.317101
0.71811 0.0893248

0.706855 0.317101
0.881624 0.112473

0.648622 0.846419
0.61514 0.876239

0.648622 0.846419
0.844735 0.859062

0.335349 0.58027
0.103675 0.860572

0.335349 0.58027
0.196332 0.227427

0.554383 0.82751
0.307356 0.825007

0.554383 0.82751
0.3072 0.532711

0.103675 0.860572
0.619306 0.757164

0.196332 0.227427
0.434758 0.113727

0.77593 0.111597
0.683957 0.247756

0.77593 0.111597
0.818444 0.0633614

0.61514 0.876239
0.630242 0.627146

0.16992 0.96182
0.307356 0.825007

0.16992 0.96182
0.619306 0.757164

0.71811 0.0893248
0.683957 0.247756

0.844735 0.859062
0.3072 0.532711

0.818444 0.0633614
0.881624 0.112473

