0.372382 0.784544
0.390322 0.685507

0.372382 0.784544
0.471009 0.664946

0.231169 0.299597
0.145154 0.119437

0.231169 0.299597
0.417116 0.315709

0.390322 0.685507
0.638448 0.532114

0.0543885 0.689167
0.0555371 0.718345

0.0543885 0.689167
0.209863 0.456358

0.638448 0.532114
0.502106 0.318722

0.471009 0.664946
0.380566 0.818489

0.677872 0.145448
0.807903 0.223145

0.677872 0.145448
0.716592 0.173761

0.807903 0.223145
0.502106 0.318722

0.0555371 0.718345
0.202004 0.54491

0.380566 0.818489
0.529761 0.914426

0.202004 0.54491
0.209863 0.456358

0.145154 0.119437
0.417116 0.315709

0.716592 0.173761
0.978824 0.231159

0.833793 0.46857
0.978824 0.231159

0.833793 0.46857
0.829629 0.742782

0.529761 0.914426
0.829629 0.742782

