0.142582 0.265725
0.0761293 0.519717

0.149396 0.803284
0.0761293 0.519717

0.149396 0.803284
0.550933 0.938331

0.929384 0.798645
0.550933 0.938331

0.87203 0.870381
0.929384 0.798645

0.87203 0.870381
0.796664 0.73687

0.790582 0.747061
0.796664 0.73687

0.790582 0.747061
0.635608 0.720886

0.56794 0.776892
0.635608 0.720886

0.56794 0.776892
0.506363 0.607093

0.501355 0.586635
0.506363 0.607093

0.470195 0.440357
0.501355 0.586635

0.470546 0.376365
0.470195 0.440357

0.470546 0.376365
0.461021 0.323959

0.52784 0.302673
0.461021 0.323959

0.674075 0.330947
0.52784 0.302673

0.674075 0.330947
0.767429 0.401888

0.842118 0.347963
0.767429 0.401888

0.842118 0.347963
0.853373 0.26246

0.949248 0.1266
0.853373 0.26246

0.949248 0.1266
0.737356 0.1834

0.737356 0.1834
0.622154 0.122263

0.748385 0.0581535
0.622154 0.122263

0.748385 0.0581535
0.713017 0.0840043

0.713017 0.0840043
0.432344 0.260505

0.168186 0.401343
0.432344 0.260505

0.168186 0.401343
0.180453 0.0879707

0.142582 0.265725
0.180453 0.0879707

