0.564238 0.306183 0.1
0.585859 0.325609 0.1
0.658817 0.228755 0.1
0.550601 0.34827 0.1
0.576335 0.393397 0.1
0.596437 0.460736 0.1
0.457017 0.457336 0.1
0.515897 0.575384 0.1
0.521923 0.601496 0.1
0.572532 0.832696 0.1
0.583858 0.838286 0.1
0.575858 0.73748 0.1
0.590536 0.687767 0.1
0.598693 0.683454 0.1
0.590536 0.687767 0.1
0.575858 0.73748 0.1
0.644744 0.690177 0.1
0.653386 0.648154 0.1
0.682195 0.543533 0.1
0.61682 0.552478 0.1
0.621777 0.476727 0.1
0.758035 0.394161 0.1
0.709723 0.453495 0.1
0.766345 0.456557 0.1
0.790542 0.347289 0.1
0.698445 0.352238 0.1
0.806728 0.452066 0.1
0.825629 0.464925 0.1
0.913007 0.581801 0.1
0.94279 0.639575 0.1
0.98062 0.830933 0.1
0.986244 0.801752 0.1
0.915356 0.877257 0.1
0.99434 0.954149 0.1
0.843542 0.841645 0.1
0.80797 0.857517 0.1
0.733396 0.881373 0.1
0.80797 0.857517 0.1
0.744793 0.928132 0.1
0.711815 0.905676 0.1
0.842201 0.776106 0.1
0.869124 0.612141 0.1
0.913007 0.581801 0.1
0.935207 0.542814 0.1
0.958999 0.407777 0.1
0.958061 0.328612 0.1
0.946918 0.321732 0.1
0.914394 0.293546 0.1
0.880951 0.229877 0.1
0.851442 0.108284 0.1
0.850189 0.122445 0.1
0.905353 0.134999 0.1
0.892472 0.114297 0.1
0.945045 0.069453 0.1
0.882277 0.0673903 0.1
0.714771 0.00329571 0.1
0.607127 0.0477822 0.1
0.491069 0.0345742 0.1
0.472218 0.219432 0.1
0.428717 0.152996 0.1
0.335083 0.133846 0.1
0.235905 0.218385 0.1
0.116542 0.0986118 0.1
0.199982 0.107964 0.1
0.0808856 0.208175 0.1
0.118724 0.228687 0.1
0.240631 0.468046 0.1
0.317916 0.549816 0.1
0.424572 0.586182 0.1
0.447065 0.62235 0.1
0.461623 0.695803 0.1
0.48179 0.743549 0.1
0.320204 0.70334 0.1
0.206779 0.591535 0.1
0.216411 0.688047 0.1
0.246039 0.824135 0.1
0.222916 0.821833 0.1
0.246039 0.824135 0.1
0.267716 0.961333 0.1
0.217249 0.950203 0.1
0.398853 0.988755 0.1
0.171555 0.975537 0.1
0.169991 0.984833 0.1
0.131403 0.946151 0.1
0.117911 0.880139 0.1
0.0923702 0.880085 0.1
0.113709 0.762732 0.1
0.00143979 0.646658 0.1
0.0181193 0.465508 0.1
0.0556309 0.324916 0.1
0.225436 0.346224 0.1
0.292317 0.435544 0.1
0.319439 0.459936 0.1
0.391832 0.390632 0.1
0.360393 0.40461 0.1
0.287628 0.360597 0.1
0.222775 0.275299 0.1
0.298654 0.28127 0.1
0.536015 0.393529 0.1
0.569738 0.335597 0.1
