0.241868 0.19773 0.08
0.564998 0.160505 0.08
0.509674 0.319002 0.08
0.0332993 0.981722 0.08
0.951057 0.673081 0.08
0.895362 0.802652 0.08
0.15048 0.510664 0.08
0.511426 0.844741 0.08
0.354237 0.296926 0.08
0.877075 0.249659 0.08
0.811249 0.690251 0.08
0.348318 0.508479 0.08
0.493866 0.640777 0.08
0.907403 0.52293 0.08
0.337553 0.369305 0.08
0.572206 0.124341 0.08
0.552494 0.677914 0.08
0.981804 0.173448 0.08
0.366713 0.810986 0.08
0.467301 0.670378 0.08
0.478533 0.95152 0.08
0.912906 0.991093 0.08
0.38195 0.348088 0.08
0.160674 0.0185282 0.08
0.10013 0.134792 0.08
0.933523 0.0311412 0.08
0.206024 0.891196 0.08
0.649348 0.873702 0.08
0.598666 0.0570792 0.08
0.775389 0.916653 0.08
0.944387 0.836292 0.08
0.740153 0.0274967 0.08
0.558856 0.492206 0.08
0.90717 0.24072 0.08
0.767024 0.449977 0.08
0.357454 0.462496 0.08
0.709923 0.396288 0.08
0.817067 0.315635 0.08
0.0803294 0.363537 0.08
0.437462 0.538608 0.08
0.00405937 0.596359 0.08
0.276653 0.380048 0.08
0.291682 0.0434508 0.08
0.409039 0.0463923 0.08
0.538987 0.7865 0.08
0.479625 0.789641 0.08
0.189609 0.563716 0.08
0.642326 0.508195 0.08
