0.146028 0.816574 0.805556
0.860256 0.132099 0.805556
0.73757 0.43202 0.611111
0.556103 0.939189 0.5
0.514616 0.832658 0.555556
0.186158 0.632393 0.805556
0.404739 0.88268 0.611111
0.925782 0.786247 0.361111
0.787954 0.343752 0.666667
0.323909 0.515532 0.75
0.923843 0.932383 0.25
0.56081 0.465727 0.666667
0.552055 0.492409 0.638889
0.203437 0.304533 0.916667
0.452023 0.2473 0.833333
0.486048 0.535798 0.666667
0.383481 0.1417 0.916667
0.342054 0.315817 0.833333
0.331272 0.459553 0.777778
0.033785 0.326224 1
