0.23315 0.374416 0.769231
0.732738 0.0273911 0.913462
0.606219 0.0657301 0.826923
0.407499 0.668844 0.639423
0.475342 0.0912724 0.798077
0.909313 0.753528 0.884615
0.888561 0.855694 0.971154
0.348668 0.347546 0.625
0.812201 0.922269 1
0.753387 0.757651 0.740385
0.860529 0.316705 0.697115
0.790019 0.686363 0.697115
0.581835 0.461061 0.25
0.857358 0.0406187 0.971154
0.400806 0.681806 0.668269
0.922468 0.850476 1
0.210037 0.3857 0.798077
0.611651 0.218279 0.596154
0.614785 0.204622 0.625
0.312654 0.909477 1
