0.937457 0.76491
0.981022 0.776859

0.937457 0.76491
0.967547 0.554191

0.18813 0.467577
0.0477956 0.355467

0.18813 0.467577
0.184614 0.466747

0.0456022 0.995072
0.123704 0.799543

0.0456022 0.995072
0.176465 0.971616

0.123704 0.799543
0.046841 0.944208

0.967749 0.71842
0.981022 0.776859

0.967749 0.71842
0.606294 0.666861

0.0477956 0.355467
0.176465 0.971616

0.483267 0.0565355
0.666291 0.157377

0.483267 0.0565355
0.226848 0.56935

0.666291 0.157377
0.606294 0.666861

0.528857 0.764249
0.046841 0.944208

0.528857 0.764249
0.782995 0.634379

0.967547 0.554191
0.782995 0.634379

0.226848 0.56935
0.184614 0.466747

