0.0653532 0.474387 0.569149
0.406232 0.33207 0.776596
0.741987 0.678069 0.856383
0.240154 0.468652 0.617021
0.810625 0.74095 0.904255
0.182927 0.852508 0.393617
0.339898 0.434955 0.680851
0.362785 0.0352411 0.968085
0.495209 0.74308 0.648936
0.389534 0.907467 0.569149
0.0119014 0.549533 0.505319
0.868599 0.556055 0.984043
0.861149 0.724352 0.952128
0.351459 0.295796 0.776596
0.681667 0.429321 0.888298
0.491605 0.053433 1
0.00139818 0.861036 0.25
0.758856 0.60325 0.888298
0.833359 0.705221 0.920213
0.189297 0.868189 0.393617
