0.836675 0.559523
0.898379 0.839424

0.836675 0.559523
0.732787 0.178911

0.836675 0.559523
0.171952 0.92647

0.836675 0.559523
0.279838 0.897221

0.836675 0.559523
0.368948 0.871671

0.836675 0.559523
0.373172 0.552737

0.836675 0.559523
0.465818 0.680966

0.898379 0.839424
0.849029 0.644613

0.898379 0.839424
0.784808 0.386375

0.898379 0.839424
0.279838 0.897221

0.898379 0.839424
0.368948 0.871671

0.898379 0.839424
0.461979 0.617763

0.898379 0.839424
0.859794 0.192241

0.898379 0.839424
0.465818 0.680966

0.732787 0.178911
0.649988 0.463992

0.732787 0.178911
0.849029 0.644613

0.732787 0.178911
0.784808 0.386375

0.732787 0.178911
0.778572 0.183374

0.732787 0.178911
0.204109 0.342043

0.732787 0.178911
0.829756 0.429393

0.649988 0.463992
0.784808 0.386375

0.649988 0.463992
0.562632 0.911041

0.849029 0.644613
0.171952 0.92647

0.849029 0.644613
0.279838 0.897221

0.849029 0.644613
0.556156 0.282517

0.849029 0.644613
0.368948 0.871671

0.849029 0.644613
0.461979 0.617763

0.849029 0.644613
0.276302 0.423636

0.849029 0.644613
0.204109 0.342043

0.849029 0.644613
0.373172 0.552737

0.784808 0.386375
0.171952 0.92647

0.784808 0.386375
0.478044 0.57611

0.784808 0.386375
0.556156 0.282517

0.784808 0.386375
0.562632 0.911041

0.784808 0.386375
0.778572 0.183374

0.784808 0.386375
0.829756 0.429393

0.171952 0.92647
0.461979 0.617763

0.171952 0.92647
0.204109 0.342043

0.478044 0.57611
0.556156 0.282517

0.478044 0.57611
0.368948 0.871671

0.478044 0.57611
0.373172 0.552737

0.556156 0.282517
0.461979 0.617763

0.556156 0.282517
0.859794 0.192241

0.556156 0.282517
0.465818 0.680966

0.368948 0.871671
0.461979 0.617763

0.368948 0.871671
0.276302 0.423636

0.368948 0.871671
0.829756 0.429393

0.368948 0.871671
0.373172 0.552737

0.562632 0.911041
0.859794 0.192241

0.562632 0.911041
0.778572 0.183374

0.562632 0.911041
0.204109 0.342043

0.461979 0.617763
0.373172 0.552737

0.461979 0.617763
0.465818 0.680966

0.859794 0.192241
0.204109 0.342043

0.859794 0.192241
0.829756 0.429393

0.204109 0.342043
0.465818 0.680966

0.373172 0.552737
0.276302 0.423636

