0.626627 0.558684
0.809964 0.0678183

0.626627 0.558684
0.857723 0.700624

0.691718 0.309567
0.656246 0.193917

0.691718 0.309567
0.635837 0.292636

0.550514 0.00333133
0.809964 0.0678183

0.550514 0.00333133
0.656246 0.193917

0.984106 0.52178
0.411278 0.428783

0.984106 0.52178
0.635837 0.292636

0.0371692 0.742927
0.0108099 0.876122

0.0371692 0.742927
0.478531 0.600907

0.446284 0.669175
0.342365 0.821814

0.446284 0.669175
0.848608 0.754594

0.636574 0.497399
0.822995 0.871467

0.636574 0.497399
0.798974 0.662699

0.822995 0.871467
0.287466 0.672167

0.798974 0.662699
0.857723 0.700624

0.0108099 0.876122
0.411278 0.428783

0.342365 0.821814
0.287466 0.672167

0.478531 0.600907
0.0749974 0.178129

0.0749974 0.178129
0.848608 0.754594

