0.610752 0.255929
0.485408 0.208299

0.610752 0.255929
0.880302 0.538691

0.610752 0.255929
0.597933 0.367131

0.610752 0.255929
0.0961518 0.916257

0.610752 0.255929
0.513811 0.191171

0.610752 0.255929
0.590416 0.244668

0.610752 0.255929
0.493814 0.998691

0.610752 0.255929
0.878084 0.699076

0.610752 0.255929
0.914402 0.975362

0.610752 0.255929
0.431828 0.0997215

0.610752 0.255929
0.386661 0.0531956

0.610752 0.255929
0.920745 0.345121

0.610752 0.255929
0.651602 0.382442

0.485408 0.208299
0.880302 0.538691

0.485408 0.208299
0.597933 0.367131

0.485408 0.208299
0.698427 0.381209

0.485408 0.208299
0.513811 0.191171

0.485408 0.208299
0.369571 0.748311

0.485408 0.208299
0.590416 0.244668

0.485408 0.208299
0.810479 0.0232469

0.485408 0.208299
0.878084 0.699076

0.485408 0.208299
0.431828 0.0997215

0.485408 0.208299
0.386661 0.0531956

0.485408 0.208299
0.920745 0.345121

0.485408 0.208299
0.651602 0.382442

0.880302 0.538691
0.0961518 0.916257

0.880302 0.538691
0.632877 0.132536

0.880302 0.538691
0.698427 0.381209

0.880302 0.538691
0.513811 0.191171

0.880302 0.538691
0.810479 0.0232469

0.880302 0.538691
0.493814 0.998691

0.880302 0.538691
0.878084 0.699076

0.880302 0.538691
0.914402 0.975362

0.880302 0.538691
0.615312 0.134507

0.880302 0.538691
0.386661 0.0531956

0.880302 0.538691
0.920745 0.345121

0.597933 0.367131
0.0961518 0.916257

0.597933 0.367131
0.632877 0.132536

0.597933 0.367131
0.698427 0.381209

0.597933 0.367131
0.513811 0.191171

0.597933 0.367131
0.369571 0.748311

0.597933 0.367131
0.590416 0.244668

0.597933 0.367131
0.493814 0.998691

0.597933 0.367131
0.878084 0.699076

0.597933 0.367131
0.914402 0.975362

0.597933 0.367131
0.431828 0.0997215

0.597933 0.367131
0.615312 0.134507

0.597933 0.367131
0.651602 0.382442

0.0961518 0.916257
0.632877 0.132536

0.0961518 0.916257
0.698427 0.381209

0.0961518 0.916257
0.493814 0.998691

0.0961518 0.916257
0.914402 0.975362

0.0961518 0.916257
0.431828 0.0997215

0.0961518 0.916257
0.386661 0.0531956

0.0961518 0.916257
0.651602 0.382442

0.632877 0.132536
0.698427 0.381209

0.632877 0.132536
0.513811 0.191171

0.632877 0.132536
0.810479 0.0232469

0.632877 0.132536
0.493814 0.998691

0.632877 0.132536
0.914402 0.975362

0.632877 0.132536
0.431828 0.0997215

0.632877 0.132536
0.615312 0.134507

0.632877 0.132536
0.651602 0.382442

0.632877 0.132536
0.510483 0.400133

0.698427 0.381209
0.513811 0.191171

0.698427 0.381209
0.369571 0.748311

0.698427 0.381209
0.590416 0.244668

0.698427 0.381209
0.810479 0.0232469

0.698427 0.381209
0.493814 0.998691

0.698427 0.381209
0.914402 0.975362

0.698427 0.381209
0.431828 0.0997215

0.698427 0.381209
0.386661 0.0531956

0.698427 0.381209
0.920745 0.345121

0.698427 0.381209
0.651602 0.382442

0.698427 0.381209
0.510483 0.400133

0.513811 0.191171
0.369571 0.748311

0.513811 0.191171
0.590416 0.244668

0.513811 0.191171
0.810479 0.0232469

0.513811 0.191171
0.493814 0.998691

0.513811 0.191171
0.878084 0.699076

0.513811 0.191171
0.431828 0.0997215

0.513811 0.191171
0.615312 0.134507

0.513811 0.191171
0.920745 0.345121

0.513811 0.191171
0.651602 0.382442

0.513811 0.191171
0.510483 0.400133

0.369571 0.748311
0.590416 0.244668

0.369571 0.748311
0.493814 0.998691

0.369571 0.748311
0.878084 0.699076

0.369571 0.748311
0.914402 0.975362

0.369571 0.748311
0.431828 0.0997215

0.369571 0.748311
0.615312 0.134507

0.369571 0.748311
0.386661 0.0531956

0.369571 0.748311
0.920745 0.345121

0.369571 0.748311
0.510483 0.400133

0.590416 0.244668
0.810479 0.0232469

0.590416 0.244668
0.878084 0.699076

0.590416 0.244668
0.920745 0.345121

0.590416 0.244668
0.651602 0.382442

0.590416 0.244668
0.510483 0.400133

0.810479 0.0232469
0.878084 0.699076

0.810479 0.0232469
0.914402 0.975362

0.810479 0.0232469
0.431828 0.0997215

0.810479 0.0232469
0.615312 0.134507

0.810479 0.0232469
0.386661 0.0531956

0.493814 0.998691
0.878084 0.699076

0.493814 0.998691
0.914402 0.975362

0.493814 0.998691
0.431828 0.0997215

0.493814 0.998691
0.615312 0.134507

0.493814 0.998691
0.920745 0.345121

0.493814 0.998691
0.510483 0.400133

0.878084 0.699076
0.914402 0.975362

0.878084 0.699076
0.615312 0.134507

0.878084 0.699076
0.920745 0.345121

0.878084 0.699076
0.651602 0.382442

0.878084 0.699076
0.510483 0.400133

0.914402 0.975362
0.431828 0.0997215

0.914402 0.975362
0.615312 0.134507

0.914402 0.975362
0.386661 0.0531956

0.914402 0.975362
0.651602 0.382442

0.914402 0.975362
0.510483 0.400133

0.431828 0.0997215
0.615312 0.134507

0.431828 0.0997215
0.920745 0.345121

0.431828 0.0997215
0.651602 0.382442

0.431828 0.0997215
0.510483 0.400133

0.615312 0.134507
0.369571 0.748311

0.615312 0.134507
0.386661 0.0531956

0.615312 0.134507
0.920745 0.345121

0.615312 0.134507
0.510483 0.400133

0.386661 0.0531956
0.920745 0.345121

0.386661 0.0531956
0.651602 0.382442

0.386661 0.0531956
0.510483 0.400133

0.920745 0.345121
0.651602 0.382442

0.920745 0.345121
0.510483 0.400133

