0.610752 0.255929
0.597933 0.367131

0.610752 0.255929
0.590416 0.244668

0.485408 0.208299
0.431828 0.0997215

0.485408 0.208299
0.386661 0.0531956

0.880302 0.538691
0.878084 0.699076

0.880302 0.538691
0.920745 0.345121

0.597933 0.367131
0.651602 0.382442

0.0961518 0.916257
0.493814 0.998691

0.0961518 0.916257
0.914402 0.975362

0.632877 0.132536
0.810479 0.0232469

0.632877 0.132536
0.615312 0.134507

0.698427 0.381209
0.920745 0.345121

0.698427 0.381209
0.651602 0.382442

0.513811 0.191171
0.590416 0.244668

0.513811 0.191171
0.431828 0.0997215

0.369571 0.748311
0.493814 0.998691

0.369571 0.748311
0.510483 0.400133

0.810479 0.0232469
0.615312 0.134507

0.878084 0.699076
0.914402 0.975362

0.386661 0.0531956
0.510483 0.400133

