0.775643 0.893105 0.06
0.625543 0.942539 0.06
0.830561 0.933562 0.06
0.503917 0.354514 0.06
0.70358 0.303244 0.06
0.811194 0.97101 0.06
0.575848 0.434082 0.06
0.171326 0.858492 0.06
0.376622 0.0170996 0.06
0.0790929 0.00598034 0.06
0.736444 0.299484 0.06
0.240335 0.380052 0.06
0.174203 0.468407 0.06
0.468782 0.977156 0.06
0.0522985 0.486226 0.06
0.686966 0.967294 0.06
0.851004 0.435344 0.06
0.985672 0.434468 0.06
0.957878 0.269042 0.06
0.404102 0.41885 0.06
0.926298 0.327349 0.06
0.0652178 0.996476 0.06
0.371219 0.825764 0.06
0.148637 0.837749 0.06
0.804689 0.666684 0.06
0.837431 0.130477 0.06
0.958077 0.0700467 0.06
0.00053814 0.896644 0.06
0.250254 0.0238186 0.06
0.649007 0.70036 0.06
0.526802 0.955101 0.06
0.973455 0.407458 0.06
0.0411153 0.162498 0.06
0.972131 0.268064 0.06
0.155815 0.916572 0.06
0.439327 0.87871 0.06
0.3858 0.690718 0.06
0.0312616 0.210068 0.06
0.824721 0.00488081 0.06
0.143823 0.144147 0.06
0.661031 0.801199 0.06
0.487024 0.420416 0.06
0.806898 0.623214 0.06
0.877968 0.658238 0.06
0.222873 0.291261 0.06
0.898725 0.951604 0.06
0.508858 0.680533 0.06
0.538808 0.176957 0.06
0.290612 0.770966 0.06
0.410632 0.906289 0.06
0.222572 0.388974 0.06
0.139017 0.216617 0.06
0.531706 0.869144 0.06
0.281032 0.259713 0.06
0.265276 0.929655 0.06
0.546639 0.0695947 0.06
0.794586 0.614174 0.06
0.983437 0.957207 0.06
0.369742 0.106293 0.06
0.461355 0.64509 0.06
0.67407 0.77666 0.06
0.19777 0.66589 0.06
0.897522 0.186928 0.06
0.720935 0.636996 0.06
0.385374 0.0415036 0.06
0.424267 0.126019 0.06
0.405526 0.395316 0.06
0.573843 0.177663 0.06
0.120215 0.152667 0.06
0.303456 0.00868395 0.06
0.962257 0.778243 0.06
0.199768 0.406744 0.06
0.812992 0.57324 0.06
0.905142 0.465632 0.06
0.214175 0.869808 0.06
0.0519966 0.568716 0.06
0.245951 0.0852716 0.06
0.541306 0.921339 0.06
0.303154 0.757192 0.06
0.876065 0.292174 0.06
0.167179 0.882043 0.06
0.472086 0.746097 0.06
0.054132 0.767346 0.06
0.157146 0.894518 0.06
0.0981263 0.875518 0.06
0.649874 0.961161 0.06
0.873904 0.216418 0.06
0.969208 0.139607 0.06
0.766853 0.905811 0.06
0.883037 0.447356 0.06
0.20181 0.0320054 0.06
0.612786 0.372993 0.06
0.664263 0.939186 0.06
0.622671 0.0462593 0.06
0.0726756 0.622704 0.06
0.974132 0.00350658 0.06
0.34406 0.215264 0.06
