0.58243 0.411446
0.567236 0.312494

0.58243 0.411446
0.5707 0.486195

0.102995 0.953737
0.0687968 0.993843

0.102995 0.953737
0.083347 0.949536

0.314088 0.943109
0.440832 0.819316

0.314088 0.943109
0.224923 0.99352

0.0495747 0.928555
0.0687968 0.993843

0.0495747 0.928555
0.083347 0.949536

0.496699 0.72904
0.593495 0.687211

0.496699 0.72904
0.440832 0.819316

0.10013 0.274537
0.107173 0.214765

0.10013 0.274537
0.27825 0.262802

0.369491 0.363422
0.28581 0.23204

0.369491 0.363422
0.407671 0.336456

0.25211 0.696772
0.301043 0.749066

0.25211 0.696772
0.282324 0.661301

0.301043 0.749066
0.25673 0.709205

0.644192 0.900024
0.62603 0.820837

0.644192 0.900024
0.519378 0.867005

0.685322 0.0790441
0.646055 0.0664299

0.685322 0.0790441
0.642025 0.0942313

0.822722 0.701528
0.897685 0.695408

0.822722 0.701528
0.87301 0.766069

0.316628 0.879979
0.315684 0.881648

0.316628 0.879979
0.224923 0.99352

0.28581 0.23204
0.27825 0.262802

0.0395678 0.0181768
0.107173 0.214765

0.0395678 0.0181768
0.0368954 0.0307988

0.282324 0.661301
0.277896 0.655109

0.593495 0.687211
0.622737 0.644873

0.776338 0.314872
0.797871 0.308965

0.776338 0.314872
0.825627 0.342305

0.215882 0.393579
0.304677 0.400164

0.215882 0.393579
0.122398 0.419055

0.667257 0.118248
0.646055 0.0664299

0.667257 0.118248
0.622348 0.101894

0.132916 0.700072
0.0462313 0.646615

0.132916 0.700072
0.136239 0.804335

0.212563 0.54943
0.250375 0.569406

0.212563 0.54943
0.38263 0.560441

0.934744 0.713571
0.897685 0.695408

0.934744 0.713571
0.957954 0.789408

0.737799 0.6565
0.760801 0.613862

0.737799 0.6565
0.78441 0.537838

0.869175 0.818465
0.907527 0.86459

0.869175 0.818465
0.87301 0.766069

0.776316 0.231015
0.848152 0.258495

0.776316 0.231015
0.797871 0.308965

0.652959 0.912415
0.670561 0.827764

0.652959 0.912415
0.678471 0.899509

0.216098 0.654379
0.25673 0.709205

0.216098 0.654379
0.250375 0.569406

0.0141531 0.0987389
0.10121 0.263898

0.0141531 0.0987389
0.0368954 0.0307988

0.760801 0.613862
0.742063 0.636031

0.642025 0.0942313
0.622348 0.101894

0.670561 0.827764
0.678471 0.899509

0.365856 0.959802
0.315684 0.881648

0.365856 0.959802
0.519378 0.867005

0.569438 0.26321
0.478535 0.298542

0.569438 0.26321
0.574997 0.208604

0.980092 0.906798
0.853907 0.952597

0.980092 0.906798
0.957954 0.789408

0.407671 0.336456
0.478535 0.298542

0.62603 0.820837
0.738002 0.775162

0.848152 0.258495
0.930298 0.184067

0.622737 0.644873
0.555682 0.520461

0.0462313 0.646615
0.0710528 0.708833

0.304677 0.400164
0.22842 0.439327

0.591961 0.300171
0.567236 0.312494

0.591961 0.300171
0.706075 0.228864

0.825627 0.342305
0.841805 0.347118

0.907527 0.86459
0.943715 0.921288

0.350098 0.604617
0.38263 0.560441

0.350098 0.604617
0.335498 0.607958

0.707284 0.362266
0.717007 0.345261

0.707284 0.362266
0.706075 0.228864

0.943681 0.419551
0.938921 0.575103

0.943681 0.419551
0.795791 0.374931

0.492207 0.214837
0.574997 0.208604

0.492207 0.214837
0.335897 0.123614

0.945144 0.23678
0.917255 0.271917

0.945144 0.23678
0.930298 0.184067

0.943715 0.921288
0.853907 0.952597

0.917255 0.271917
0.896276 0.345262

0.136239 0.804335
0.0710528 0.708833

0.122398 0.419055
0.22842 0.439327

0.5707 0.486195
0.555682 0.520461

0.717007 0.345261
0.795791 0.374931

0.277896 0.655109
0.335498 0.607958

0.841805 0.347118
0.896276 0.345262

0.818481 0.550654
0.938921 0.575103

0.818481 0.550654
0.78441 0.537838

0.10121 0.263898
0.335897 0.123614

0.738002 0.775162
0.742063 0.636031

