0.924056 0.0938191
0.821695 0.031908

0.561442 0.547638
0.320566 0.578645

0.561442 0.547638
0.414817 0.435301

0.745511 0.600186
0.536511 0.517073

0.745511 0.600186
0.819814 0.623324

0.235243 0.516758
0.115828 0.193185

0.235243 0.516758
0.414817 0.435301

0.558909 0.636116
0.921647 0.796798

0.558909 0.636116
0.536511 0.517073

0.584263 0.899409
0.80236 0.889896

0.584263 0.899409
0.887585 0.890831

0.709061 0.843872
0.80236 0.889896

0.709061 0.843872
0.490999 0.876815

0.325512 0.25028
0.158418 0.21564

0.325512 0.25028
0.320566 0.578645

0.710351 0.412415
0.690656 0.3507

0.710351 0.412415
0.872932 0.373012

0.113346 0.574971
0.287732 0.657967

0.158418 0.21564
0.232096 0.184097

0.96662 0.54983
0.921647 0.796798

0.96662 0.54983
0.887585 0.890831

0.232096 0.184097
0.0957585 0.0352861

0.715917 0.241473
0.762794 0.294306

0.715917 0.241473
0.675219 0.32303

0.969915 0.0878133
0.978448 0.137518

0.762794 0.294306
0.872691 0.391654

0.690656 0.3507
0.375218 0.264065

0.821695 0.031908
0.939996 0.120399

0.821695 0.031908
0.675219 0.32303

0.872932 0.373012
0.939996 0.120399

0.346281 0.580155
0.335411 0.763309

0.346281 0.580155
0.287732 0.657967

0.335411 0.763309
0.349952 0.79398

0.0621256 0.574871
0.392314 0.884615

0.0621256 0.574871
0.275942 0.245682

0.532147 0.0643492
0.36214 0.209386

0.532147 0.0643492
0.655977 0.235456

0.939996 0.120399
0.978448 0.137518

0.0728567 0.756706
0.0984152 0.984341

0.0728567 0.756706
0.0500864 0.669698

0.392314 0.884615
0.349952 0.79398

0.115828 0.193185
0.36214 0.209386

0.490999 0.876815
0.0500864 0.669698

0.961963 0.795857
0.582297 0.924093

0.961963 0.795857
0.819814 0.623324

0.876127 0.626049
0.582297 0.924093

0.876127 0.626049
0.872691 0.391654

0.655977 0.235456
0.375218 0.264065

0.275942 0.245682
0.0957585 0.0352861

0.978448 0.137518
0.969915 0.0878133

0.287732 0.657967
0.0728567 0.756706

