0.300823 0.841395 0.742188
0.91001 0.294498 0.789062
0.427099 0.582141 0.648438
0.394267 0.301629 0.53125
0.989456 0.854475 1
0.0218896 0.210887 0.34375
0.0499887 0.179617 0.320312
0.241791 0.443948 0.53125
0.075481 0.33105 0.414062
0.462729 0.0475042 0.507812
0.567167 0.791572 0.789062
0.0323189 0.650212 0.601562
0.347331 0.737463 0.695312
0.719402 0.317658 0.695312
0.457528 0.906372 0.8125
0.212785 0.53681 0.554688
0.529195 0.436298 0.625
0.804172 0.9768 0.976562
0.404667 0.0329392 0.484375
0.00458756 0.0488181 0.25
0.0635924 0.950826 0.789062
0.301722 0.0349821 0.414062
0.938255 0.235218 0.8125
0.0718718 0.29106 0.390625
0.892719 0.761261 0.90625
0.10278 0.0781873 0.320312
0.649009 0.196713 0.648438
0.399583 0.186193 0.484375
0.351966 0.365257 0.53125
0.80768 0.553028 0.8125
0.405498 0.230706 0.507812
0.0325305 0.509182 0.53125
0.195935 0.931104 0.789062
0.557502 0.14224 0.578125
0.29953 0.908009 0.789062
0.384936 0.938585 0.8125
0.95659 0.705101 0.929688
0.705547 0.788174 0.835938
0.0434259 0.718033 0.648438
0.193145 0.863077 0.742188
0.358051 0.0901056 0.460938
0.48656 0.203964 0.554688
0.748705 0.204927 0.695312
0.258607 0.804323 0.71875
0.664047 0.0157053 0.648438
0.150737 0.903033 0.765625
0.392033 0.781228 0.742188
0.816956 0.689553 0.859375
0.698394 0.261012 0.671875
0.615294 0.325917 0.648438
