0.148247 0.237211 0.06
0.0546416 0.680094 0.06
0.931778 0.639616 0.06
0.817242 0.64767 0.06
0.87407 0.0124564 0.06
0.492514 0.181397 0.06
0.330326 0.0208816 0.06
0.0964076 0.857684 0.06
0.545985 0.594467 0.06
0.750106 0.219632 0.06
0.442453 0.404447 0.06
0.0759363 0.528788 0.06
0.344989 0.00878524 0.06
0.320624 0.272533 0.06
0.687915 0.35939 0.06
0.401904 0.232327 0.06
0.359492 0.15544 0.06
0.0918584 0.072612 0.06
0.0376648 0.576217 0.06
0.640356 0.31447 0.06
0.806581 0.896494 0.06
0.960841 0.289751 0.06
0.232596 0.0162056 0.06
0.398731 0.742754 0.06
0.264823 0.0837392 0.06
0.714054 0.895833 0.06
0.445845 0.308954 0.06
0.0203416 0.957193 0.06
0.318483 0.790373 0.06
0.601102 0.584576 0.06
0.918922 0.709988 0.06
0.480697 0.817742 0.06
0.854716 0.469484 0.06
0.803038 0.733264 0.06
0.0486648 0.253299 0.06
0.104019 0.224309 0.06
0.216208 0.0879154 0.06
0.848406 0.768952 0.06
0.859721 0.692978 0.06
0.182326 0.183327 0.06
0.504574 0.149263 0.06
0.475384 0.103684 0.06
0.600255 0.899449 0.06
0.437982 0.701134 0.06
0.828968 0.703565 0.06
0.811478 0.114923 0.06
0.963014 0.2194 0.06
0.581602 0.5903 0.06
0.830529 0.0687421 0.06
0.713132 0.2094 0.06
0.594041 0.889318 0.06
0.333233 0.951004 0.06
0.538535 0.91384 0.06
0.398888 0.488175 0.06
0.35156 0.749687 0.06
0.820446 0.144335 0.06
0.350676 0.0827187 0.06
0.992381 0.440068 0.06
0.490588 0.740188 0.06
0.273833 0.923028 0.06
0.192996 0.929902 0.06
0.720581 0.780713 0.06
0.345971 0.43453 0.06
0.615386 0.620065 0.06
0.0324253 0.778082 0.06
0.627317 0.842557 0.06
0.936144 0.749245 0.06
0.128257 0.66749 0.06
0.938754 0.361823 0.06
0.900831 0.748792 0.06
0.134528 0.476423 0.06
0.578769 0.246787 0.06
0.0235616 0.895172 0.06
0.975971 0.675848 0.06
0.68352 0.135281 0.06
0.514666 0.108341 0.06
0.923933 0.0277841 0.06
0.687537 0.878123 0.06
0.122962 0.0194437 0.06
0.48079 0.497697 0.06
0.456483 0.123477 0.06
0.233916 0.721048 0.06
0.0766027 0.139308 0.06
0.0989701 0.339299 0.06
0.0733726 0.557335 0.06
0.21553 0.932285 0.06
0.312102 0.542729 0.06
0.86081 0.535065 0.06
0.808501 0.311811 0.06
0.980199 0.281884 0.06
0.770143 0.88101 0.06
0.857926 0.800988 0.06
0.424325 0.662685 0.06
0.457027 0.390094 0.06
0.466376 0.366871 0.06
0.157788 0.516315 0.06
0.181136 0.935483 0.06
0.432938 0.48195 0.06
0.16549 0.730016 0.06
0.875734 0.455899 0.06
0.151504 0.225337 0.06
0.362808 0.31111 0.06
0.0551623 0.624379 0.06
0.167974 0.884102 0.06
0.665668 0.620947 0.06
0.487528 0.607553 0.06
0.823987 0.804069 0.06
0.616298 0.0106625 0.06
0.765135 0.553182 0.06
0.361736 0.922328 0.06
0.466507 0.361519 0.06
0.0623549 0.879129 0.06
0.477517 0.0990084 0.06
0.91895 0.0104012 0.06
0.817837 0.80486 0.06
0.224311 0.671708 0.06
0.744198 0.865417 0.06
0.960779 0.748329 0.06
0.244905 0.870182 0.06
0.989551 0.794696 0.06
0.815474 0.946797 0.06
0.935064 0.368431 0.06
0.774798 0.536305 0.06
0.810959 0.638333 0.06
0.614895 0.68964 0.06
0.416404 0.764488 0.06
0.615897 0.640553 0.06
0.482797 0.901388 0.06
0.210266 0.712812 0.06
0.291162 0.513434 0.06
0.942082 0.110431 0.06
0.423861 0.791954 0.06
0.509007 0.819454 0.06
0.65413 0.218663 0.06
0.49402 0.468022 0.06
0.380274 0.608118 0.06
0.615445 0.224483 0.06
0.29955 0.777424 0.06
0.951705 0.362326 0.06
0.835296 0.569027 0.06
0.157211 0.638437 0.06
0.720704 0.0820804 0.06
0.0330652 0.644598 0.06
0.437365 0.102267 0.06
0.593825 0.638451 0.06
0.828721 0.290268 0.06
0.385332 0.22412 0.06
0.0580879 0.30649 0.06
0.870376 0.218482 0.06
0.36044 0.0892861 0.06
0.12843 0.292834 0.06
0.330778 0.169021 0.06
0.00841448 0.902202 0.06
0.622538 0.858578 0.06
0.207053 0.712079 0.06
0.490255 0.835072 0.06
0.71014 0.553749 0.06
0.719478 0.103285 0.06
0.221944 0.250277 0.06
0.930924 0.580299 0.06
0.54316 0.0501301 0.06
0.978493 0.117399 0.06
0.0930088 0.398123 0.06
0.935627 0.8308 0.06
0.685764 0.30149 0.06
0.149261 0.758866 0.06
0.723334 0.682247 0.06
0.603515 0.184678 0.06
0.186779 0.17901 0.06
0.243833 0.797056 0.06
0.962675 0.752496 0.06
0.276007 0.804919 0.06
0.0891746 0.211293 0.06
0.23028 0.534876 0.06
0.830773 0.162705 0.06
0.578934 0.475711 0.06
0.502729 0.336052 0.06
0.13495 0.69093 0.06
0.706218 0.857971 0.06
0.807264 0.839118 0.06
0.783277 0.703703 0.06
0.373017 0.992656 0.06
0.460726 0.928423 0.06
0.563293 0.717616 0.06
0.0377457 0.251992 0.06
0.890387 0.368019 0.06
0.507031 0.252176 0.06
0.429118 0.381298 0.06
0.322203 0.231029 0.06
0.934459 0.611656 0.06
0.194601 0.683545 0.06
0.983004 0.512652 0.06
0.513305 0.197859 0.06
0.325391 0.972478 0.06
0.261967 0.969236 0.06
0.415923 0.100865 0.06
0.598732 0.110041 0.06
0.466412 0.783868 0.06
0.685625 0.118619 0.06
0.374756 0.841809 0.06
