0.175041 0.81709 0.1
0.177098 0.757399 0.1
0.825378 0.124664 0.1
0.234664 0.59758 0.1
0.525779 0.382544 0.1
0.0876635 0.0629667 0.1
0.771701 0.0819632 0.1
0.731112 0.665686 0.1
0.832299 0.796101 0.1
0.703378 0.43764 0.1
0.287767 0.695261 0.1
0.224651 0.442701 0.1
0.226502 0.0940811 0.1
0.789976 0.548777 0.1
0.627129 0.585508 0.1
0.57417 0.0204151 0.1
0.156094 0.429932 0.1
0.838189 0.208366 0.1
0.548589 0.766626 0.1
0.348284 0.00367189 0.1
0.875128 0.156988 0.1
0.640312 0.682308 0.1
0.610194 0.594259 0.1
0.880377 0.492622 0.1
0.76375 0.782141 0.1
0.822016 0.748746 0.1
0.211735 0.0508681 0.1
0.834137 0.939409 0.1
0.0409296 0.6386 0.1
0.914557 0.231823 0.1
0.302598 0.543912 0.1
0.881615 0.709298 0.1
0.266666 0.447689 0.1
0.377873 0.310038 0.1
0.72122 0.114614 0.1
0.264972 0.159698 0.1
0.917121 0.736836 0.1
0.111643 0.923285 0.1
0.181517 0.463851 0.1
0.70228 0.23103 0.1
0.209569 0.475239 0.1
0.517357 0.572648 0.1
0.854259 0.228475 0.1
0.877357 0.160977 0.1
0.175672 0.275974 0.1
0.474126 0.408031 0.1
0.970885 0.581261 0.1
0.355158 0.0580586 0.1
0.39492 0.376516 0.1
0.994678 0.921605 0.1
