0.908339 0.47428 0.915094
0.560178 0.493619 0.709906
0.785024 0.976127 0.724057
0.320077 0.841328 0.419811
0.782843 0.145798 1
0.599475 0.735049 0.632075
0.603397 0.528184 0.716981
0.167389 0.55265 0.54717
0.0223592 0.454986 0.617925
0.120104 0.242251 0.766509
0.147935 0.168112 0.816038
0.101138 0.11907 0.851415
0.456502 0.965996 0.490566
0.744566 0.382958 0.858491
0.327051 0.903279 0.40566
0.113365 0.967946 0.25
0.186179 0.184966 0.808962
0.0321326 0.754148 0.412736
0.208269 0.233982 0.773585
0.688974 0.135994 0.964623
