0.487369 0.291017 0.522727
0.677845 0.979634 0.863636
0.269188 0.862147 0.931818
0.927251 0.192343 0.386364
0.803902 0.538307 0.590909
0.833327 0.061157 0.25
0.185645 0.384417 0.727273
0.163075 0.424632 0.795455
0.141533 0.412498 0.795455
0.139702 0.858162 1
0.255077 0.853027 0.931818
0.0832743 0.56204 0.863636
0.325752 0.769742 0.863636
0.935009 0.841103 0.795455
0.665053 0.516279 0.590909
0.903788 0.75221 0.727273
0.38081 0.382841 0.659091
0.525326 0.354422 0.522727
0.689826 0.83092 0.795455
0.305984 0.0808918 0.590909
