0.231847 0.797788 0
0.6069 0.540342 0
0.161147 0.35225 0
0.947275 0.468526 0
0.960951 0.323906 0
0.382392 0.517966 0
0.321266 0.246053 0
0.479696 0.864957 0
0.0821491 0.514776 0
0.205274 0.327421 0
0.0794252 0.0996023 0
0.680516 0.698448 0
0.478277 0.98777 0
0.556886 0.195278 0
0.182537 0.758765 0
0.53564 0.390221 0
0.808403 0.807189 0
0.759904 0.481919 0
0.265371 0.291084 0
0.50373 0.95075 0
0.380678 0.866568 0
0.652915 0.713359 0
0.574173 0.542912 0
0.764049 0.331501 0
0.789743 0.695747 0
0.17112 0.134357 0
0.472185 0.342746 0
0.0839869 0.700262 0
0.840654 0.500041 0
0.600239 0.738566 0
0.309748 0.738983 0
0.323853 0.138262 0
0.290917 0.387549 0
0.491757 0.163352 0
0.664552 0.96926 0
0.388141 0.777059 0
0.276103 0.0424149 0
0.25945 0.0243305 0
0.922103 0.748642 0
0.329222 0.713858 0
0.255631 0.87109 0
0.735787 0.287662 0
0.39624 0.33196 0
0.177148 0.407339 0
0.889479 0.678299 0
0.103029 0.900727 0
0.669407 0.863897 0
0.991132 0.321305 0
0.622893 0.540255 0
0.0705934 0.335292 0
0.497631 0.359519 0
0.647044 0.998598 0
0.186966 0.829886 0
0.876546 0.321532 0
0.238741 0.758459 0
0.0755622 0.53604 0
0.199809 0.672853 0
0.819843 0.90436 0
0.38766 0.617138 0
0.0738781 0.288893 0
0.952152 0.722007 0
0.910525 0.827196 0
0.463528 0.76652 0
0.93064 0.742454 0
0.453292 0.795785 0
0.115645 0.16619 0
0.000575676 0.305979 0
0.379819 0.901025 0
0.977491 0.59792 0
0.607853 0.809762 0
0.579417 0.488606 0
0.700764 0.516658 0
0.606467 0.776742 0
0.979072 0.487055 0
0.0422118 0.412809 0
0.928893 0.634957 0
0.117186 0.240461 0
0.886292 0.735345 0
0.699226 0.495409 0
0.862864 0.63393 0
0.240656 0.793106 0
0.0795257 0.306631 0
0.899749 0.828575 0
0.289858 0.168504 0
0.531459 0.190378 0
0.00172036 0.866606 0
0.123717 0.378459 0
0.686634 0.133767 0
0.671134 0.365694 0
0.358911 0.236012 0
0.495944 0.422798 0
0.218705 0.627815 0
0.760878 0.779367 0
0.230766 0.450082 0
0.525557 0.557265 0
0.970189 0.852246 0
0.0133167 0.362745 0
0.455765 0.525178 0
0.387709 0.333139 0
0.64067 0.245044 0
