0.908391 0.742789
0.870924 0.516123

0.908391 0.742789
0.336042 0.718368

0.719126 0.100219
0.836618 0.0522925

0.719126 0.100219
0.225205 0.416581

0.687297 0.681464
0.709297 0.729199

0.687297 0.681464
0.809714 0.755125

0.836618 0.0522925
0.343168 0.333888

0.882133 0.346535
0.709297 0.729199

0.882133 0.346535
0.731836 0.629608

0.169964 0.852678
0.41581 0.956293

0.169964 0.852678
0.225205 0.416581

0.41581 0.956293
0.809714 0.755125

0.396663 0.682204
0.325192 0.80278

0.396663 0.682204
0.688864 0.275355

0.343168 0.333888
0.608961 0.417757

0.608961 0.417757
0.688864 0.275355

0.325192 0.80278
0.336042 0.718368

0.870924 0.516123
0.731836 0.629608

