0.478226 0.781091 0.517857
0.237027 0.253168 0.732143
0.375242 0.128427 0.839286
0.0519201 0.215441 0.758929
0.584231 0.0778003 0.919643
0.182041 0.278782 0.705357
0.949739 0.805382 0.8125
0.996802 0.322663 0.973214
0.161036 0.578266 0.517857
0.8378 0.826262 0.732143
0.483853 0.130484 0.866071
0.672596 0.829656 0.625
0.871194 0.32683 0.892857
0.452469 0.783023 0.491071
0.0879592 0.261806 0.705357
0.870994 0.201179 0.973214
0.617638 0.521495 0.705357
0.579189 0.644736 0.625
0.558855 0.0717474 0.919643
0.99094 0.707283 0.866071
0.800487 0.321277 0.866071
0.726711 0.280443 0.866071
0.952251 0.775618 0.8125
0.244809 0.0428477 0.866071
0.734472 0.767654 0.678571
0.865488 0.873262 0.758929
0.577619 0.898367 0.571429
0.764864 0.0481246 1
0.776507 0.640581 0.732143
0.444271 0.461469 0.651786
0.0724434 0.492632 0.571429
0.237656 0.414 0.625
0.102168 0.210847 0.758929
0.896696 0.386825 0.892857
0.66478 0.82199 0.625
0.0327405 0.653375 0.464286
0.156806 0.0954827 0.839286
0.120608 0.956597 0.25
0.905952 0.632323 0.8125
0.819585 0.663813 0.758929
0.273005 0.637733 0.491071
0.731998 0.906962 0.651786
0.277889 0.954522 0.357143
0.881152 0.660519 0.785714
0.732716 0.744391 0.678571
0.613584 0.798639 0.598214
0.195433 0.363376 0.651786
0.665665 0.303875 0.8125
0.26618 0.500521 0.571429
0.453547 0.887456 0.491071
