0.483246 0.521472
0.60085 0.413026

0.483246 0.521472
0.354878 0.567519

0.990076 0.517622
0.929939 0.355011

0.990076 0.517622
0.854895 0.691

0.561089 0.196804
0.216458 0.0880945

0.561089 0.196804
0.680396 0.0685112

0.768268 0.163336
0.702442 0.315022

0.768268 0.163336
0.730831 0.125614

0.730831 0.125614
0.962668 0.0562136

0.187326 0.881691
0.181245 0.398639

0.187326 0.881691
0.354878 0.567519

0.929939 0.355011
0.835836 0.418849

0.216458 0.0880945
0.375803 0.270003

0.702442 0.315022
0.661315 0.553154

0.941458 0.834058
0.835836 0.418849

0.941458 0.834058
0.60085 0.413026

0.220987 0.661046
0.0925894 0.754119

0.220987 0.661046
0.661315 0.553154

0.181245 0.398639
0.375803 0.270003

0.701321 0.881021
0.854895 0.691

0.701321 0.881021
0.399177 0.955215

0.295202 0.501319
0.0925894 0.754119

0.295202 0.501319
0.399177 0.955215

0.391546 0.0373422
0.962668 0.0562136

0.391546 0.0373422
0.503541 0.0322649

0.503541 0.0322649
0.680396 0.0685112

