0.770641 0.360388
0.0604773 0.971577

0.770641 0.360388
0.798782 0.346395

0.770641 0.360388
0.159165 0.192851

0.770641 0.360388
0.69226 0.389233

0.770641 0.360388
0.463278 0.365494

0.770641 0.360388
0.94422 0.857532

0.770641 0.360388
0.904971 0.67953

0.770641 0.360388
0.916439 0.443887

0.770641 0.360388
0.537674 0.886528

0.770641 0.360388
0.620003 0.786757

0.770641 0.360388
0.081964 0.814643

0.0604773 0.971577
0.798782 0.346395

0.0604773 0.971577
0.50942 0.888641

0.0604773 0.971577
0.159165 0.192851

0.0604773 0.971577
0.69226 0.389233

0.0604773 0.971577
0.463278 0.365494

0.0604773 0.971577
0.916439 0.443887

0.0604773 0.971577
0.537674 0.886528

0.0604773 0.971577
0.470146 0.818807

0.0604773 0.971577
0.772433 0.666555

0.798782 0.346395
0.69411 0.514082

0.798782 0.346395
0.69226 0.389233

0.798782 0.346395
0.463278 0.365494

0.798782 0.346395
0.916439 0.443887

0.798782 0.346395
0.772433 0.666555

0.798782 0.346395
0.32833 0.0726334

0.429238 0.361236
0.50942 0.888641

0.429238 0.361236
0.69411 0.514082

0.429238 0.361236
0.69226 0.389233

0.429238 0.361236
0.463278 0.365494

0.429238 0.361236
0.94422 0.857532

0.429238 0.361236
0.904971 0.67953

0.429238 0.361236
0.428197 0.0803457

0.429238 0.361236
0.916439 0.443887

0.429238 0.361236
0.537674 0.886528

0.429238 0.361236
0.470146 0.818807

0.429238 0.361236
0.081964 0.814643

0.50942 0.888641
0.69226 0.389233

0.50942 0.888641
0.463278 0.365494

0.50942 0.888641
0.94422 0.857532

0.50942 0.888641
0.916439 0.443887

0.50942 0.888641
0.537674 0.886528

0.50942 0.888641
0.470146 0.818807

0.50942 0.888641
0.772433 0.666555

0.50942 0.888641
0.620003 0.786757

0.50942 0.888641
0.081964 0.814643

0.69411 0.514082
0.69226 0.389233

0.69411 0.514082
0.641629 0.841152

0.69411 0.514082
0.428197 0.0803457

0.69411 0.514082
0.537674 0.886528

0.69411 0.514082
0.32833 0.0726334

0.69411 0.514082
0.620003 0.786757

0.159165 0.192851
0.641629 0.841152

0.159165 0.192851
0.916439 0.443887

0.159165 0.192851
0.470146 0.818807

0.159165 0.192851
0.772433 0.666555

0.159165 0.192851
0.620003 0.786757

0.159165 0.192851
0.081964 0.814643

0.69226 0.389233
0.641629 0.841152

0.69226 0.389233
0.94422 0.857532

0.69226 0.389233
0.904971 0.67953

0.69226 0.389233
0.916439 0.443887

0.69226 0.389233
0.537674 0.886528

0.69226 0.389233
0.470146 0.818807

0.69226 0.389233
0.772433 0.666555

0.69226 0.389233
0.081964 0.814643

0.463278 0.365494
0.428197 0.0803457

0.463278 0.365494
0.470146 0.818807

0.463278 0.365494
0.32833 0.0726334

0.641629 0.841152
0.94422 0.857532

0.641629 0.841152
0.904971 0.67953

0.641629 0.841152
0.916439 0.443887

0.641629 0.841152
0.537674 0.886528

0.641629 0.841152
0.772433 0.666555

0.641629 0.841152
0.32833 0.0726334

0.641629 0.841152
0.620003 0.786757

0.641629 0.841152
0.081964 0.814643

0.94422 0.857532
0.32833 0.0726334

0.94422 0.857532
0.620003 0.786757

0.904971 0.67953
0.428197 0.0803457

0.904971 0.67953
0.916439 0.443887

0.904971 0.67953
0.470146 0.818807

0.904971 0.67953
0.32833 0.0726334

0.904971 0.67953
0.620003 0.786757

0.428197 0.0803457
0.537674 0.886528

0.428197 0.0803457
0.470146 0.818807

0.916439 0.443887
0.537674 0.886528

0.916439 0.443887
0.081964 0.814643

0.537674 0.886528
0.32833 0.0726334

0.537674 0.886528
0.620003 0.786757

0.537674 0.886528
0.081964 0.814643

0.470146 0.818807
0.32833 0.0726334

0.470146 0.818807
0.620003 0.786757

0.772433 0.666555
0.620003 0.786757

0.772433 0.666555
0.081964 0.814643

