0.767651 0.529791 0.1
0.788415 0.3608 0.1
0.808696 0.351859 0.1
0.878043 0.135279 0.1
0.894535 0.194273 0.1
0.780675 0.160448 0.1
0.667152 0.169375 0.1
0.548541 0.0140548 0.1
0.589516 0.0715978 0.1
0.378011 0.0289184 0.1
0.325604 0.0895325 0.1
0.413323 0.222099 0.1
0.301738 0.17529 0.1
0.170174 0.172467 0.1
0.0584199 0.144372 0.1
0.170174 0.172467 0.1
0.190484 0.379633 0.1
0.323304 0.323394 0.1
0.301738 0.17529 0.1
0.296554 0.300454 0.1
0.605868 0.421306 0.1
0.563954 0.59235 0.1
0.292233 0.607622 0.1
0.235606 0.5831 0.1
0.143905 0.532708 0.1
0.128921 0.51475 0.1
0.138582 0.636149 0.1
0.17062 0.703374 0.1
0.154851 0.774939 0.1
0.00679025 0.848148 0.1
0.169689 0.926929 0.1
0.254996 0.838071 0.1
0.353478 0.875411 0.1
0.403152 0.886275 0.1
0.574051 0.774499 0.1
0.624683 0.758554 0.1
0.8017 0.870172 0.1
0.890822 0.90217 0.1
0.803516 0.714196 0.1
