0.179518 0.401584 0.2
0.843115 0.498513 0.2
0.591982 0.19833 0.2
0.152389 0.864823 0.2
0.539597 0.0943469 0.2
0.377051 0.847528 0.2
0.646612 0.058 0.2
0.99654 0.15891 0.2
0.768412 0.532061 0.2
0.68242 0.233824 0.2
0.248467 0.275169 0.2
0.721498 0.888929 0.2
0.495821 0.252728 0.2
0.60337 0.330794 0.2
0.280106 0.909202 0.2
0.902144 0.941904 0.2
0.920033 0.75612 0.2
0.361019 0.912383 0.2
0.888412 0.0449952 0.2
0.665841 0.401394 0.2
0.104058 0.558802 0.2
0.913091 0.00732309 0.2
0.743265 0.353124 0.2
0.784861 0.456555 0.2
0.764084 0.269788 0.2
0.692047 0.383603 0.2
0.252217 0.028302 0.2
0.608306 0.866913 0.2
0.389416 0.13201 0.2
0.234909 0.358629 0.2
0.729357 0.262183 0.2
0.459088 0.796718 0.2
0.576651 0.14976 0.2
0.51009 0.986008 0.2
0.247956 0.308418 0.2
0.997447 0.733498 0.2
0.40474 0.38489 0.2
0.216824 0.720256 0.2
0.050202 0.0563719 0.2
0.967179 0.122632 0.2
0.18951 0.195597 0.2
0.783455 0.206362 0.2
0.0548344 0.0522591 0.2
0.199005 0.168542 0.2
0.958639 0.666019 0.2
0.0468876 0.149207 0.2
0.867188 0.0912649 0.2
0.108164 0.974462 0.2
0.799139 0.753502 0.2
0.470176 0.107238 0.2
0.421105 0.195861 0.2
0.856879 0.1491 0.2
0.175278 0.553071 0.2
0.515617 0.339004 0.2
0.141877 0.719022 0.2
0.313888 0.0451692 0.2
0.539162 0.364395 0.2
0.891642 0.888335 0.2
0.386649 0.475717 0.2
0.91914 0.522431 0.2
0.484399 0.677795 0.2
0.253781 0.218129 0.2
0.41418 0.975842 0.2
0.294724 0.286493 0.2
0.480805 0.667216 0.2
0.548586 0.295829 0.2
0.129375 0.928001 0.2
0.830811 0.207534 0.2
0.282948 0.316104 0.2
0.437597 0.150431 0.2
0.131352 0.0389787 0.2
0.576407 0.3765 0.2
0.820652 0.123858 0.2
0.367538 0.406555 0.2
0.182364 0.149234 0.2
0.287479 0.988265 0.2
0.791468 0.777018 0.2
0.900695 0.203075 0.2
0.192482 0.140247 0.2
0.508289 0.737569 0.2
0.00809338 0.164805 0.2
0.715355 0.219618 0.2
0.459632 0.914947 0.2
0.147261 0.523022 0.2
0.930735 0.401844 0.2
0.735145 0.00931539 0.2
0.716008 0.0189648 0.2
0.936951 0.985632 0.2
0.591741 0.229901 0.2
0.517133 0.0217057 0.2
0.0160468 0.16924 0.2
0.800785 0.867147 0.2
