0.378357 0.54812
0.35682 0.434026

0.378357 0.54812
0.51358 0.465581

0.806299 0.792495
0.855679 0.170825

0.806299 0.792495
0.208241 0.739752

0.195016 0.0496906
0.884059 0.345684

0.195016 0.0496906
0.896758 0.106971

0.0990619 0.380578
0.404727 0.987936

0.0990619 0.380578
0.123617 0.649173

0.35682 0.434026
0.409428 0.334195

0.855679 0.170825
0.562264 0.222308

0.817911 0.952722
0.884059 0.345684

0.817911 0.952722
0.930536 0.987758

0.409428 0.334195
0.562264 0.222308

0.672197 0.374261
0.404727 0.987936

0.672197 0.374261
0.896758 0.106971

0.930536 0.987758
0.497128 0.997209

0.51358 0.465581
0.00561301 0.239486

0.123617 0.649173
0.208241 0.739752

0.451573 0.569472
0.497128 0.997209

0.451573 0.569472
0.00561301 0.239486

