0.375554 0.0476636 0.02
0.437919 0.281058 0.02
0.554771 0.928771 0.02
0.384063 0.97029 0.02
0.772366 0.572077 0.02
0.531325 0.239739 0.02
0.907431 0.0716313 0.02
0.291028 0.022885 0.02
0.564915 0.828182 0.02
0.593632 0.24525 0.02
0.305019 0.216196 0.02
0.690301 0.238631 0.02
0.417051 0.334111 0.02
0.134472 0.386647 0.02
0.064524 0.214559 0.02
0.434566 0.520789 0.02
0.707773 0.66234 0.02
0.558325 0.0591878 0.02
0.628862 0.013545 0.02
0.367597 0.777166 0.02
0.955652 0.825436 0.02
0.427866 0.914482 0.02
0.895541 0.265191 0.02
0.367915 0.471811 0.02
0.242712 0.547666 0.02
0.061607 0.514746 0.02
0.342844 0.165455 0.02
0.761929 0.715046 0.02
0.956043 0.866991 0.02
0.0215086 0.827421 0.02
0.671695 0.00142603 0.02
0.553658 0.349343 0.02
0.055105 0.28425 0.02
0.652352 0.327823 0.02
0.443739 0.125967 0.02
0.566344 0.504136 0.02
0.244247 0.906575 0.02
0.565625 0.112698 0.02
0.201875 0.926567 0.02
0.369843 0.80998 0.02
0.808123 0.665543 0.02
0.0468835 0.452742 0.02
0.679142 0.764907 0.02
0.513421 0.784548 0.02
0.381129 0.62136 0.02
0.49995 0.558568 0.02
0.941294 0.843762 0.02
0.896232 0.614811 0.02
0.166459 0.570587 0.02
3.36332e-06 0.12602 0.02
