0.331356 0.315524
0.317714 0.562676

0.331356 0.315524
0.407417 0.337033

0.381456 0.394357
0.407417 0.337033

0.381456 0.394357
0.462265 0.366686

0.486207 0.165314
0.462265 0.366686

0.476518 0.115763
0.486207 0.165314

0.476518 0.115763
0.519871 0.0736153

0.649631 0.106102
0.519871 0.0736153

0.794382 0.104669
0.649631 0.106102

0.899082 0.153059
0.794382 0.104669

0.899082 0.153059
0.79528 0.0860254

0.771586 0.125566
0.79528 0.0860254

0.771586 0.125566
0.751273 0.295996

0.509482 0.412978
0.751273 0.295996

0.509482 0.412978
0.548161 0.588179

0.547935 0.849552
0.548161 0.588179

0.547935 0.849552
0.48331 0.840071

0.384202 0.793436
0.48331 0.840071

0.384202 0.793436
0.321889 0.762485

0.282173 0.576815
0.321889 0.762485

0.17551 0.606278
0.282173 0.576815

0.059898 0.352491
0.17551 0.606278

0.059898 0.352491
0.0996928 0.276287

0.20893 0.0423236
0.0996928 0.276287

0.20893 0.0423236
0.2408 0.106118

0.174094 0.43341
0.2408 0.106118

0.174094 0.43341
0.201465 0.465833

0.201465 0.465833
0.200624 0.659114

0.256046 0.776325
0.200624 0.659114

0.256046 0.776325
0.0288572 0.907804

0.0157958 0.882478
0.0288572 0.907804

0.0157958 0.882478
0.057398 0.820737

0.123826 0.72625
0.057398 0.820737

0.123826 0.72625
0.123025 0.673616

0.0983202 0.69363
0.123025 0.673616

0.0983202 0.69363
0.123025 0.673616

0.153077 0.667368
0.123025 0.673616

0.290339 0.948455
0.153077 0.667368

0.290339 0.948455
0.343226 0.827994

0.384202 0.793436
0.343226 0.827994

0.400819 0.604774
0.384202 0.793436

0.400819 0.604774
0.46242 0.639136

0.46242 0.639136
0.521437 0.639615

0.543385 0.674991
0.521437 0.639615

0.543385 0.674991
0.521437 0.639615

0.649919 0.596511
0.521437 0.639615

0.649919 0.596511
0.840159 0.514947

0.840159 0.514947
0.938151 0.376921

0.919834 0.366104
0.938151 0.376921

0.937579 0.370418
0.919834 0.366104

0.937579 0.370418
0.964128 0.343335

0.937579 0.370418
0.964128 0.343335

0.937579 0.370418
0.939458 0.570949

0.939458 0.570949
0.989416 0.972096

0.953071 0.958929
0.989416 0.972096

0.953071 0.958929
0.845775 0.901683

0.845775 0.901683
0.949415 0.789666

0.949415 0.789666
0.922097 0.775473

0.947348 0.640955
0.922097 0.775473

0.892936 0.647909
0.947348 0.640955

0.892936 0.647909
0.850669 0.485234

0.847861 0.481736
0.850669 0.485234

0.793421 0.510881
0.847861 0.481736

0.793421 0.510881
0.678825 0.472974

0.678825 0.472974
0.49836 0.580597

0.420351 0.461174
0.49836 0.580597

0.381456 0.394357
0.420351 0.461174

0.381456 0.394357
0.321647 0.57625

0.317714 0.562676
0.321647 0.57625

