0.831842 0.0824053
0.716624 0.156297

0.831842 0.0824053
0.923918 0.0807833

0.662489 0.00942948
0.60856 0.132701

0.662489 0.00942948
0.716624 0.156297

0.48554 0.487051
0.685864 0.479497

0.48554 0.487051
0.463064 0.584557

0.497802 0.230405
0.591377 0.231663

0.497802 0.230405
0.150183 0.211936

0.0609943 0.0770205
0.361089 0.0436801

0.0609943 0.0770205
0.264458 0.167555

0.76117 0.70258
0.869823 0.58339

0.76117 0.70258
0.798261 0.774333

0.768151 0.347217
0.803037 0.264645

0.768151 0.347217
0.724641 0.272138

0.84455 0.93281
0.682372 0.922578

0.84455 0.93281
0.455088 0.957343

0.128019 0.483664
0.0260137 0.590336

0.128019 0.483664
0.176509 0.502208

0.363247 0.816971
0.351613 0.91883

0.363247 0.816971
0.0599352 0.930293

0.500942 0.653392
0.570628 0.66983

0.500942 0.653392
0.455088 0.957343

0.869823 0.58339
0.797059 0.51744

0.682372 0.922578
0.768686 0.889109

0.570628 0.66983
0.421504 0.654105

0.0260137 0.590336
0.176509 0.502208

0.421504 0.654105
0.367308 0.553228

0.60856 0.132701
0.663281 0.195965

0.803037 0.264645
0.724641 0.272138

0.685864 0.479497
0.593968 0.328448

0.500563 0.160951
0.534907 0.20223

0.500563 0.160951
0.150183 0.211936

0.34016 0.867046
0.351613 0.91883

0.34016 0.867046
0.279826 0.641631

0.986859 0.228739
0.87462 0.41651

0.986859 0.228739
0.923918 0.0807833

0.797059 0.51744
0.823067 0.587333

0.87462 0.41651
0.823067 0.587333

0.367308 0.553228
0.463064 0.584557

0.861341 0.812545
0.798261 0.774333

0.861341 0.812545
0.847747 0.958499

0.364995 0.0478182
0.416887 0.0409673

0.364995 0.0478182
0.264458 0.167555

0.663281 0.195965
0.534907 0.20223

0.215562 0.599567
0.0702283 0.698366

0.215562 0.599567
0.279826 0.641631

0.416887 0.0409673
0.361089 0.0436801

0.0702283 0.698366
0.0599352 0.930293

0.768686 0.889109
0.847747 0.958499

0.591377 0.231663
0.593968 0.328448

