0.714564 0.673554
0.80405 0.907019

0.714564 0.673554
0.793562 0.738393

0.390057 0.558486
0.0113534 0.874032

0.390057 0.558486
0.299424 0.477282

0.721228 0.075932
0.597466 0.28283

0.721228 0.075932
0.964528 0.00307162

0.597466 0.28283
0.93527 0.38434

0.382394 0.814039
0.645682 0.759256

0.382394 0.814039
0.506867 0.686486

0.106647 0.44889
0.0113534 0.874032

0.106647 0.44889
0.182983 0.608888

0.80405 0.907019
0.793562 0.738393

0.820427 0.568679
0.93527 0.38434

0.820427 0.568679
0.964528 0.00307162

0.299424 0.477282
0.338877 0.443577

0.0104182 0.176247
0.338877 0.443577

0.0104182 0.176247
0.182983 0.608888

0.645682 0.759256
0.506867 0.686486

0.401739 0.726781
0.252791 0.990888

