0.234168 0.00931866
0.415484 0.688612

0.234168 0.00931866
0.999327 0.0304211

0.198605 0.808851
0.246759 0.810558

0.198605 0.808851
0.46594 0.480267

0.887712 0.0855085
0.788991 0.467959

0.887712 0.0855085
0.959517 0.185028

0.735345 0.980266
0.331412 0.667079

0.735345 0.980266
0.092863 0.884763

0.415484 0.688612
0.788991 0.467959

0.0280147 0.784912
0.092863 0.884763

0.0280147 0.784912
0.246759 0.810558

0.999327 0.0304211
0.891542 0.0293995

0.331412 0.667079
0.300957 0.562056

0.300957 0.562056
0.127182 0.644832

0.802379 0.799283
0.538211 0.783129

0.802379 0.799283
0.127182 0.644832

0.717235 0.0884499
0.785171 0.0160201

0.717235 0.0884499
0.891542 0.0293995

0.46594 0.480267
0.538211 0.783129

0.959517 0.185028
0.785171 0.0160201

