0.324933 0.101647 0.1
0.00320261 0.184744 0.1
0.79408 0.671427 0.1
0.00425919 0.452321 0.1
0.219216 0.974014 0.1
0.281445 0.30052 0.1
0.583628 0.300982 0.1
0.433801 0.640861 0.1
0.176753 0.563191 0.1
0.856771 0.577865 0.1
0.606689 0.50623 0.1
0.36275 0.798063 0.1
0.860486 0.208407 0.1
0.00125987 0.716138 0.1
0.325786 0.694871 0.1
0.464488 0.178488 0.1
0.792453 0.545063 0.1
0.233998 0.721249 0.1
0.0042812 0.259269 0.1
0.642782 0.233371 0.1
0.417478 0.957787 0.1
0.8431 0.375724 0.1
0.149403 0.408613 0.1
0.285472 0.573008 0.1
0.319184 0.416031 0.1
0.208056 0.429176 0.1
0.756286 0.373518 0.1
0.615181 0.88863 0.1
0.709991 0.112088 0.1
0.766975 0.667186 0.1
0.903087 0.0358592 0.1
0.771259 0.898456 0.1
0.891967 0.754181 0.1
0.386052 0.470118 0.1
0.435984 0.719391 0.1
0.141131 0.119337 0.1
0.132272 0.895681 0.1
0.751597 0.614863 0.1
0.761397 0.919856 0.1
0.937525 0.815245 0.1
0.926921 0.384307 0.1
0.212027 0.171795 0.1
0.608009 0.722856 0.1
0.565209 0.819492 0.1
0.957939 0.826237 0.1
