0.904907 0.361551
0.935273 0.306043

0.904907 0.361551
0.965074 0.483363

0.953485 0.83464
0.944497 0.878478

0.953485 0.83464
0.89919 0.768087

0.423523 0.0726261
0.364981 0.145931

0.423523 0.0726261
0.413468 0.0325169

0.091144 0.141137
0.0638221 0.264531

0.091144 0.141137
0.0423037 0.187942

0.18777 0.150629
0.216136 0.117401

0.18777 0.150629
0.164573 0.185068

0.246748 0.285126
0.187181 0.480087

0.246748 0.285126
0.299903 0.334752

0.354508 0.667362
0.380539 0.673368

0.354508 0.667362
0.373707 0.625977

0.972126 0.268006
0.883486 0.218233

0.972126 0.268006
0.891169 0.315887

0.138669 0.325718
0.141503 0.254334

0.138669 0.325718
0.113966 0.407626

0.0920639 0.76475
0.154315 0.838569

0.0920639 0.76475
0.0181192 0.783436

0.690506 0.0144085
0.796309 0.0326751

0.690506 0.0144085
0.704769 0.0278427

0.0638221 0.264531
0.0423037 0.187942

0.211119 0.359633
0.109975 0.378727

0.211119 0.359633
0.281794 0.350117

0.777424 0.499874
0.817501 0.447204

0.777424 0.499874
0.854712 0.534205

0.187181 0.480087
0.281794 0.350117

0.0524793 0.602468
0.0954732 0.726448

0.0524793 0.602468
0.241661 0.759072

0.418617 0.0689253
0.269678 0.158994

0.418617 0.0689253
0.35036 0.0681503

0.46387 0.352839
0.566678 0.383916

0.46387 0.352839
0.60007 0.20447

0.539947 0.693888
0.68847 0.623749

0.539947 0.693888
0.561581 0.515403

0.497125 0.747335
0.541191 0.538077

0.497125 0.747335
0.510986 0.756009

0.814857 0.590676
0.937313 0.636793

0.814857 0.590676
0.68847 0.623749

0.269678 0.158994
0.271419 0.0990885

0.684539 0.776494
0.811967 0.891605

0.684539 0.776494
0.705796 0.679167

0.109975 0.378727
0.0939915 0.414413

0.746186 0.420508
0.566678 0.383916

0.746186 0.420508
0.567224 0.436821

0.364981 0.145931
0.426596 0.238028

0.426596 0.238028
0.413468 0.0325169

0.944497 0.878478
0.811967 0.891605

0.817501 0.447204
0.822894 0.284262

0.323717 0.397349
0.299903 0.334752

0.323717 0.397349
0.322096 0.472297

0.562773 0.435251
0.541191 0.538077

0.562773 0.435251
0.561581 0.515403

0.694431 0.200778
0.60007 0.20447

0.694431 0.200778
0.715696 0.187916

0.460618 0.0240362
0.35036 0.0681503

0.460618 0.0240362
0.590923 0.108353

0.407398 0.939515
0.326219 0.984645

0.407398 0.939515
0.499925 0.997141

0.0939915 0.414413
0.0430561 0.439028

0.941414 0.221985
0.958675 0.0378021

0.941414 0.221985
0.976161 0.0548241

0.217426 0.952195
0.260161 0.925252

0.217426 0.952195
0.172235 0.968943

0.710884 0.575566
0.705796 0.679167

0.710884 0.575566
0.567224 0.436821

0.216136 0.117401
0.164573 0.185068

0.0954732 0.726448
0.241661 0.759072

0.398751 0.719318
0.281445 0.776758

0.398751 0.719318
0.392481 0.635248

0.89919 0.768087
0.772984 0.850316

0.281445 0.776758
0.199679 0.912881

0.796309 0.0326751
0.661429 0.0468335

0.661429 0.0468335
0.590923 0.108353

0.271419 0.0990885
0.273402 0.141456

0.260161 0.925252
0.326219 0.984645

0.154315 0.838569
0.0181192 0.783436

0.935273 0.306043
0.976161 0.0548241

0.844622 0.637779
0.827728 0.693039

0.844622 0.637779
0.937313 0.636793

0.958675 0.0378021
0.704769 0.0278427

0.854712 0.534205
0.965074 0.483363

0.827728 0.693039
0.816207 0.709596

0.822894 0.284262
0.891169 0.315887

0.298428 0.250724
0.273402 0.141456

0.298428 0.250724
0.141503 0.254334

0.772984 0.850316
0.816207 0.709596

0.753752 0.293006
0.883486 0.218233

0.753752 0.293006
0.715696 0.187916

0.195521 0.424932
0.197484 0.447842

0.195521 0.424932
0.12086 0.490282

0.510986 0.756009
0.45369 0.924144

0.392481 0.635248
0.380539 0.673368

0.172235 0.968943
0.199679 0.912881

0.322096 0.472297
0.373707 0.625977

0.197484 0.447842
0.0430561 0.439028

0.499925 0.997141
0.509429 0.975162

0.113966 0.407626
0.12086 0.490282

0.509429 0.975162
0.45369 0.924144

