0.0443884 0.372623
0.122282 0.564686

0.0443884 0.372623
0.256619 0.487076

0.0151384 0.580233
0.122282 0.564686

0.0151384 0.580233
0.149494 0.667737

0.571425 0.360671
0.496381 0.0534796

0.571425 0.360671
0.648531 0.162632

0.170047 0.947457
0.336603 0.862437

0.170047 0.947457
0.422523 0.892666

0.451565 0.443071
0.424483 0.433919

0.451565 0.443071
0.377631 0.533763

0.8297 0.873017
0.987825 0.602759

0.8297 0.873017
0.524965 0.980869

0.712969 0.36377
0.825118 0.195808

0.712969 0.36377
0.591268 0.180353

0.868284 0.377249
0.9877 0.497868

0.868284 0.377249
0.853913 0.264092

0.256241 0.85053
0.0992182 0.980135

0.256241 0.85053
0.0233111 0.901614

0.336603 0.862437
0.378766 0.679997

0.496381 0.0534796
0.171138 0.195353

0.717849 0.292847
0.825118 0.195808

0.717849 0.292847
0.887436 0.000362656

0.378766 0.679997
0.554305 0.700607

0.264038 0.124777
0.278052 0.397184

0.264038 0.124777
0.295637 0.391422

0.865795 0.861336
0.871668 0.725107

0.865795 0.861336
0.782944 0.77093

0.987825 0.602759
0.871668 0.725107

0.0582762 0.96861
0.422523 0.892666

0.0582762 0.96861
0.374165 0.95115

0.278052 0.397184
0.295637 0.391422

0.308391 0.427837
0.306838 0.302443

0.308391 0.427837
0.256619 0.487076

0.0992182 0.980135
0.0233111 0.901614

0.937739 0.432881
0.9877 0.497868

0.937739 0.432881
0.866975 0.315811

0.554305 0.700607
0.681068 0.751711

0.681068 0.751711
0.756811 0.730048

0.306838 0.302443
0.383245 0.339723

0.36724 0.0108453
0.171138 0.195353

0.36724 0.0108453
0.452725 0.0116575

0.887436 0.000362656
0.607266 0.071109

0.853913 0.264092
0.866975 0.315811

0.648531 0.162632
0.591268 0.180353

0.374165 0.95115
0.524965 0.980869

0.383245 0.339723
0.424483 0.433919

0.149494 0.667737
0.356924 0.605055

0.452725 0.0116575
0.607266 0.071109

0.356924 0.605055
0.377631 0.533763

0.756811 0.730048
0.782944 0.77093

