0.971012 0.389775 0.02
0.419632 0.181473 0.02
0.840114 0.0167481 0.02
0.848012 0.65899 0.02
0.680523 0.292085 0.02
0.330853 0.325232 0.02
0.509942 0.537559 0.02
0.361738 0.503373 0.02
0.809664 0.159903 0.02
0.0554419 0.510797 0.02
0.845896 0.152932 0.02
0.86694 0.520304 0.02
0.201224 0.416725 0.02
0.627167 0.100845 0.02
0.59009 0.917553 0.02
0.12664 0.854277 0.02
0.501834 0.489671 0.02
0.437508 0.560295 0.02
0.954044 0.659332 0.02
0.377465 0.287841 0.02
0.607858 0.480307 0.02
0.750342 0.332647 0.02
0.913041 0.429729 0.02
0.197681 0.069135 0.02
0.832983 0.13891 0.02
0.125103 0.14868 0.02
0.236929 0.297183 0.02
0.0482468 0.770751 0.02
0.290856 0.161975 0.02
0.857326 0.949534 0.02
0.961186 0.604598 0.02
0.600852 0.328747 0.02
0.524775 0.838571 0.02
0.286628 0.34599 0.02
0.950884 0.206491 0.02
0.256592 0.235385 0.02
0.522181 0.625303 0.02
0.346554 0.136402 0.02
0.284093 0.0924615 0.02
0.417293 0.709453 0.02
0.229313 0.358249 0.02
0.198747 0.675182 0.02
0.77721 0.309885 0.02
0.26128 0.422619 0.02
0.872949 0.430638 0.02
0.842009 0.735682 0.02
0.744103 0.469326 0.02
0.770673 0.727858 0.02
0.00435178 0.854246 0.02
0.956868 0.656126 0.02
