0.771047 0.126215 0.08
0.268973 0.773831 0.08
0.766083 0.360522 0.08
0.582148 0.553261 0.08
0.887471 0.139543 0.08
0.403257 0.966719 0.08
0.577398 0.0562139 0.08
0.750243 0.273444 0.08
0.846868 0.987682 0.08
0.966155 0.566706 0.08
0.537953 0.209019 0.08
0.331564 0.89347 0.08
0.693324 0.476695 0.08
0.849412 0.277181 0.08
0.169329 0.452903 0.08
0.676774 0.368195 0.08
0.326741 0.890918 0.08
0.769223 0.408275 0.08
0.76388 0.145072 0.08
0.124856 0.705435 0.08
0.373251 0.778106 0.08
0.525939 0.401634 0.08
0.248384 0.772856 0.08
0.13857 0.968199 0.08
0.984882 0.504884 0.08
0.197077 0.812396 0.08
0.937221 0.982546 0.08
0.772284 0.273998 0.08
0.919182 0.375555 0.08
0.419992 0.148599 0.08
0.273196 0.333689 0.08
0.341034 0.557026 0.08
0.577678 0.32488 0.08
0.570996 0.264768 0.08
0.818913 0.370469 0.08
0.402956 0.40882 0.08
0.161221 0.528872 0.08
0.642903 0.325509 0.08
0.010601 0.723582 0.08
0.386 0.968663 0.08
0.690948 0.811201 0.08
0.816944 0.452573 0.08
0.236142 0.510274 0.08
0.669518 0.0755803 0.08
0.161075 0.1275 0.08
0.0339006 0.790967 0.08
